['2015-11-02', 13.8, 15.0, 13.8, 15.0]
['2015-11-03', 17.5, 17.5, 15.66, 15.66]
['2015-11-04', 15.0, 15.05, 14.3, 14.31]
['2015-11-05', 14.3, 14.5, 13.99, 14.05]
['2015-11-06', 14.16, 14.2, 14.07, 14.15]
['2015-11-09', 14.19, 14.35, 14.15, 14.25]
['2015-11-10', 14.6, 14.6, 14.22, 14.25]
['2015-11-11', 14.25, 14.38, 14.25, 14.3]
['2015-11-12', 14.3, 14.3, 14.2, 14.26]
['2015-11-13', 14.39, 15.0, 14.16, 14.79]
['2015-11-16', 14.85, 14.85, 14.32, 14.53]
['2015-11-17', 14.59, 14.89, 14.55, 14.75]
['2015-11-18', 14.4, 14.7, 14.25, 14.57]
['2015-11-19', 14.3, 14.7, 14.26, 14.5]
['2015-11-20', 14.35, 14.35, 14.25, 14.27]
['2015-11-23', 14.3, 14.45, 14.3, 14.36]
['2015-11-24', 14.2, 14.45, 14.2, 14.45]
['2015-11-25', 14.45, 14.45, 14.32, 14.32]
['2015-11-27', 14.3, 14.44, 14.3, 14.35]
['2015-11-30', 14.44, 14.45, 14.35, 14.43]
['2015-12-01', 14.35, 14.67, 14.35, 14.53]
['2015-12-02', 14.7, 14.75, 14.4, 14.52]
['2015-12-03', 14.48, 14.75, 14.36, 14.37]
['2015-12-04', 14.37, 14.6, 14.36, 14.4]
['2015-12-07', 14.36, 14.75, 14.36, 14.69]
['2015-12-08', 14.74, 14.75, 14.37, 14.67]
['2015-12-09', 14.55, 14.7, 14.54, 14.68]
['2015-12-10', 14.62, 14.65, 14.55, 14.64]
['2015-12-11', 14.69, 14.69, 14.36, 14.53]
['2015-12-14', 14.5, 14.69, 14.17, 14.21]
['2015-12-15', 14.24, 14.64, 14.18, 14.48]
['2015-12-16', 14.49, 14.75, 14.31, 14.75]
['2015-12-17', 14.74, 14.97, 14.43, 14.64]
['2015-12-18', 14.7, 14.74, 14.31, 14.65]
['2015-12-21', 14.74, 14.74, 14.57, 14.7]
['2015-12-22', 14.6, 14.7, 14.6, 14.69]
['2015-12-23', 14.74, 14.9, 14.7, 14.89]
['2015-12-24', 14.85, 14.96, 14.5, 14.78]
['2015-12-28', 14.83, 14.87, 14.47, 14.52]
['2015-12-29', 14.6, 14.99, 14.6, 14.93]
['2015-12-30', 14.52, 14.84, 14.52, 14.84]
['2015-12-31', 14.87, 15.0, 14.69, 14.98]
['2016-01-04', 14.88, 14.9, 14.6, 14.85]
['2016-01-05', 14.82, 14.85, 14.36, 14.47]
['2016-01-06', 14.26, 14.49, 14.25, 14.49]
['2016-01-07', 14.3, 14.45, 14.3, 14.41]
['2016-01-08', 14.47, 14.47, 14.16, 14.16]
['2016-01-11', 14.15, 14.15, 13.27, 13.98]
['2016-01-12', 14.05, 14.1, 13.85, 14.01]
['2016-01-13', 13.99, 13.99, 13.62, 13.64]
['2016-01-14', 13.79, 13.8, 13.6, 13.79]
['2016-01-15', 13.52, 13.8, 13.52, 13.76]
['2016-01-19', 13.7, 13.7, 12.98, 13.52]
['2016-01-20', 13.37, 13.62, 12.58, 13.46]
['2016-01-21', 13.42, 13.62, 13.38, 13.54]
['2016-01-22', 13.67, 13.67, 13.5, 13.5]
['2016-01-25', 13.45, 13.64, 13.0, 13.37]
['2016-01-26', 13.48, 13.48, 13.09, 13.4]
['2016-01-27', 13.32, 13.43, 13.31, 13.4]
['2016-01-28', 13.47, 13.47, 13.3, 13.36]
['2016-01-29', 13.4, 13.4, 13.3, 13.35]
['2016-02-01', 13.27, 13.35, 13.05, 13.34]
['2016-02-02', 13.23, 13.27, 13.12, 13.22]
['2016-02-03', 13.35, 13.35, 13.16, 13.2]
['2016-02-04', 13.25, 13.3, 12.26, 13.25]
['2016-02-05', 13.29, 13.29, 12.39, 13.12]
['2016-02-08', 13.0, 13.0, 12.34, 12.74]
['2016-02-09', 12.58, 12.7, 12.47, 12.55]
['2016-02-10', 12.55, 12.55, 12.33, 12.42]
['2016-02-11', 12.26, 12.28, 11.68, 11.87]
['2016-02-12', 12.06, 12.72, 12.06, 12.23]
['2016-02-16', 12.4, 12.49, 11.97, 12.15]
['2016-02-17', 12.25, 12.3, 11.78, 11.88]
['2016-02-18', 11.85, 12.41, 11.55, 11.88]
['2016-02-19', 11.87, 12.14, 11.79, 11.89]
['2016-02-22', 11.81, 12.55, 11.81, 11.97]
['2016-02-23', 11.94, 12.55, 11.85, 12.35]
['2016-02-24', 12.27, 12.5, 12.14, 12.47]
['2016-02-25', 12.51, 12.52, 12.44, 12.48]
['2016-02-26', 12.55, 12.75, 11.93, 12.55]
['2016-02-29', 12.62, 13.1, 12.6, 13.01]
['2016-03-01', 13.06, 13.39, 12.51, 13.39]
['2016-03-02', 13.35, 13.35, 12.65, 13.16]
['2016-03-03', 13.13, 13.14, 12.56, 12.65]
['2016-03-04', 12.66, 13.29, 12.6, 13.29]
['2016-03-07', 13.25, 13.25, 12.76, 13.24]
['2016-03-08', 13.08, 13.24, 13.08, 13.21]
['2016-03-09', 13.18, 13.27, 13.18, 13.23]
['2016-03-10', 13.24, 13.46, 13.23, 13.32]
['2016-03-11', 13.23, 13.37, 12.63, 13.32]
['2016-03-14', 13.36, 13.45, 13.24, 13.4]
['2016-03-15', 13.3, 13.5, 13.21, 13.3]
['2016-03-16', 13.34, 13.62, 13.29, 13.5]
['2016-03-17', 13.3, 13.5, 13.24, 13.37]
['2016-03-18', 13.5, 13.71, 13.4, 13.69]
['2016-03-21', 13.59, 14.0, 13.53, 13.96]
['2016-03-22', 13.76, 13.95, 12.89, 13.76]
['2016-03-23', 13.77, 14.0, 13.47, 13.9]
['2016-03-24', 13.9, 13.95, 13.75, 13.94]
['2016-03-28', 13.99, 14.02, 13.8, 13.93]
['2016-03-29', 13.95, 13.95, 13.71, 13.95]
['2016-03-30', 13.94, 13.95, 13.76, 13.92]
['2016-03-31', 13.87, 13.95, 13.81, 13.94]
['2016-04-01', 13.88, 13.95, 13.66, 13.94]
['2016-04-04', 13.94, 13.95, 13.58, 13.89]
['2016-04-05', 13.8, 13.95, 13.62, 13.65]
['2016-04-06', 13.75, 13.95, 13.2, 13.91]
['2016-04-07', 13.9, 13.94, 13.73, 13.82]
['2016-04-08', 13.9, 14.0, 13.8, 13.85]
['2016-04-11', 13.93, 14.0, 13.71, 13.91]
['2016-04-12', 13.84, 14.0, 12.92, 13.9]
['2016-04-13', 13.9, 13.9, 13.13, 13.88]
['2016-04-14', 13.51, 14.0, 13.51, 13.91]
['2016-04-15', 13.97, 14.27, 13.95, 13.99]
['2016-04-18', 14.08, 14.16, 13.84, 14.01]
['2016-04-19', 13.94, 14.22, 13.89, 14.16]
['2016-04-20', 14.15, 14.22, 14.12, 14.19]
['2016-04-21', 13.89, 14.1, 13.89, 14.05]
['2016-04-22', 14.01, 14.21, 13.95, 14.14]
['2016-04-25', 14.16, 14.16, 13.84, 13.84]
['2016-04-26', 13.94, 14.26, 13.87, 14.2]
['2016-04-27', 14.11, 14.3, 14.11, 14.25]
['2016-04-28', 14.28, 14.41, 14.21, 14.36]
['2016-04-29', 14.32, 14.33, 14.15, 14.19]
['2016-05-02', 14.2, 14.34, 14.16, 14.23]
['2016-05-03', 14.15, 14.49, 14.15, 14.4]
['2016-05-04', 14.36, 14.49, 14.21, 14.42]
['2016-05-05', 14.31, 14.46, 14.31, 14.39]
['2016-05-06', 14.3, 14.42, 14.15, 14.21]
['2016-05-09', 14.21, 14.29, 13.94, 14.0]
['2016-05-10', 14.3, 14.43, 14.1, 14.43]
['2016-05-11', 14.48, 14.48, 14.14, 14.29]
['2016-05-12', 14.27, 14.35, 13.76, 14.09]
['2016-05-13', 14.06, 14.18, 14.0, 14.01]
['2016-05-16', 13.98, 14.19, 13.85, 14.18]
['2016-05-17', 14.13, 14.15, 13.88, 13.91]
['2016-05-18', 13.78, 14.0, 13.76, 14.0]
['2016-05-19', 13.91, 14.0, 13.86, 14.0]
['2016-05-20', 14.0, 14.33, 13.93, 14.03]
['2016-05-23', 14.0, 14.12, 13.83, 14.01]
['2016-05-24', 14.04, 14.24, 13.94, 14.1]
['2016-05-25', 14.1, 14.27, 13.98, 14.2]
['2016-05-26', 14.22, 14.3, 13.9, 14.22]
['2016-05-27', 14.24, 14.36, 13.77, 14.27]
['2016-05-31', 14.05, 14.36, 14.05, 14.22]
['2016-06-01', 14.1, 14.38, 14.03, 14.37]
['2016-06-02', 14.22, 14.35, 14.15, 14.31]
['2016-06-03', 14.26, 14.36, 14.2, 14.3]
['2016-06-06', 14.3, 14.4, 14.2, 14.31]
['2016-06-07', 14.3, 14.48, 14.27, 14.35]
['2016-06-08', 14.45, 14.48, 14.27, 14.46]
['2016-06-09', 14.37, 14.45, 14.25, 14.43]
['2016-06-10', 14.4, 14.41, 14.32, 14.37]
['2016-06-13', 14.3, 14.43, 14.12, 14.19]
['2016-06-14', 14.2, 14.32, 14.02, 14.16]
['2016-06-15', 14.22, 14.42, 14.16, 14.39]
['2016-06-16', 14.35, 14.35, 13.99, 14.21]
['2016-06-17', 14.3, 14.37, 13.99, 14.37]
['2016-06-20', 14.35, 14.38, 14.08, 14.24]
['2016-06-21', 14.11, 14.28, 14.06, 14.15]
['2016-06-22', 14.2, 14.36, 14.12, 14.32]
['2016-06-23', 14.27, 14.58, 14.23, 14.54]
['2016-06-24', 14.17, 14.38, 13.75, 13.85]
['2016-06-27', 13.72, 13.89, 13.28, 13.48]
['2016-06-28', 13.55, 13.89, 13.26, 13.8]
['2016-06-29', 13.9, 14.01, 13.68, 13.99]
['2016-06-30', 14.5, 14.5, 13.99, 14.46]
['2016-07-01', 14.39, 14.47, 14.28, 14.45]
['2016-07-05', 14.31, 14.51, 14.14, 14.45]
['2016-07-06', 14.43, 14.62, 14.2, 14.62]
['2016-07-07', 14.4, 14.75, 14.4, 14.59]
['2016-07-08', 14.75, 14.94, 14.42, 14.78]
['2016-07-11', 14.55, 14.9, 14.55, 14.86]
['2016-07-12', 14.9, 15.01, 14.65, 14.98]
['2016-07-13', 15.01, 15.1, 14.78, 15.02]
['2016-07-14', 15.13, 15.4, 14.89, 15.25]
['2016-07-15', 15.32, 15.35, 14.85, 15.23]
['2016-07-18', 15.15, 15.3, 14.87, 14.98]
['2016-07-19', 15.02, 15.1, 14.77, 14.92]
['2016-07-20', 14.92, 14.96, 14.65, 14.78]
['2016-07-21', 14.72, 14.96, 14.43, 14.53]
['2016-07-22', 14.52, 14.68, 14.36, 14.58]
['2016-07-25', 14.59, 14.71, 14.45, 14.53]
['2016-07-26', 14.4, 14.69, 14.37, 14.6]
['2016-07-27', 14.42, 14.8, 14.35, 14.75]
['2016-07-28', 14.5, 14.93, 14.5, 14.92]
['2016-07-29', 14.53, 14.88, 14.25, 14.83]
['2016-08-01', 14.69, 14.87, 14.5, 14.82]
['2016-08-02', 14.64, 14.98, 14.55, 14.59]
['2016-08-03', 14.51, 15.04, 14.46, 15.01]
['2016-08-04', 14.86, 15.07, 14.83, 15.0]
['2016-08-05', 14.82, 15.3, 14.82, 15.26]
['2016-08-08', 15.11, 15.34, 15.11, 15.15]
['2016-08-09', 15.14, 15.31, 15.11, 15.23]
['2016-08-10', 15.16, 15.3, 15.09, 15.14]
['2016-08-11', 15.21, 15.36, 15.06, 15.21]
['2016-08-12', 15.26, 15.29, 14.99, 15.13]
['2016-08-15', 15.27, 15.29, 15.19, 15.28]
['2016-08-16', 15.21, 15.5, 15.21, 15.44]
['2016-08-17', 15.35, 15.5, 15.27, 15.43]
['2016-08-18', 15.47, 15.54, 15.3, 15.47]
['2016-08-19', 15.5, 15.5, 15.31, 15.32]
['2016-08-22', 15.09, 15.48, 15.09, 15.36]
['2016-08-23', 15.29, 15.74, 15.29, 15.45]
['2016-08-24', 15.51, 15.7, 15.49, 15.56]
['2016-08-25', 15.41, 15.67, 15.41, 15.47]
['2016-08-26', 15.45, 15.59, 15.28, 15.41]
['2016-08-29', 15.45, 15.58, 15.42, 15.46]
['2016-08-30', 15.5, 15.59, 15.36, 15.39]
['2016-08-31', 15.6, 15.6, 15.17, 15.41]
['2016-09-01', 15.42, 15.44, 15.24, 15.44]
['2016-09-02', 15.42, 15.51, 15.29, 15.38]
['2016-09-06', 15.31, 15.56, 15.31, 15.39]
['2016-09-07', 15.31, 15.53, 15.3, 15.44]
['2016-09-08', 15.37, 15.46, 15.34, 15.41]
['2016-09-09', 15.17, 15.47, 15.17, 15.3]
['2016-09-12', 15.36, 15.45, 15.1, 15.45]
['2016-09-13', 15.38, 15.4, 15.06, 15.27]
['2016-09-14', 15.25, 15.43, 15.25, 15.32]
['2016-09-15', 15.33, 15.44, 15.25, 15.35]
['2016-09-16', 15.35, 15.38, 14.04, 14.82]
['2016-09-19', 14.98, 15.21, 14.7, 14.85]
['2016-09-20', 14.83, 15.01, 14.67, 15.0]
['2016-09-21', 15.05, 15.1, 14.95, 15.02]
['2016-09-22', 15.13, 15.13, 14.97, 15.06]
['2016-09-23', 15.03, 15.09, 14.97, 15.0]
['2016-09-26', 14.91, 14.98, 14.56, 14.58]
['2016-09-27', 14.72, 14.83, 14.55, 14.77]
['2016-09-28', 14.88, 14.88, 14.55, 14.8]
['2016-09-29', 14.73, 14.88, 14.57, 14.6]
['2016-09-30', 14.7, 15.04, 14.7, 14.98]
['2016-10-03', 14.87, 15.03, 14.87, 15.01]
['2016-10-04', 14.85, 15.02, 14.85, 15.02]
['2016-10-05', 15.0, 15.04, 14.96, 14.96]
['2016-10-06', 14.96, 15.02, 14.95, 14.98]
['2016-10-07', 14.89, 15.03, 14.89, 14.97]
['2016-10-10', 14.95, 15.02, 14.8, 15.0]
['2016-10-11', 15.0, 15.0, 14.65, 14.85]
['2016-10-12', 14.9, 15.0, 14.9, 15.0]
['2016-10-13', 15.0, 15.0, 14.85, 14.9]
['2016-10-14', 15.0, 15.0, 14.9, 14.95]
['2016-10-17', 14.9, 15.1, 14.8, 15.05]
['2016-10-18', 15.1, 15.1, 14.85, 14.95]
['2016-10-19', 15.0, 15.2, 14.95, 15.05]
['2016-10-20', 13.8, 15.1, 13.8, 15.0]
['2016-10-21', 14.95, 15.0, 14.75, 15.0]
['2016-10-24', 15.15, 15.15, 14.7, 15.0]
['2016-10-25', 14.9, 15.1, 14.35, 15.0]
['2016-10-26', 15.05, 15.05, 14.9, 15.0]
['2016-10-27', 15.0, 15.1, 14.88, 15.1]
['2016-10-28', 15.0, 15.15, 14.85, 15.0]
['2016-10-31', 14.4, 15.15, 14.4, 15.05]
['2016-11-01', 15.1, 15.45, 14.65, 14.8]
['2016-11-02', 14.7, 14.7, 14.3, 14.45]
['2016-11-03', 14.5, 14.6, 14.25, 14.3]
['2016-11-04', 14.4, 14.6, 14.3, 14.4]
['2016-11-07', 14.7, 14.75, 14.35, 14.65]
['2016-11-08', 14.65, 14.85, 14.5, 14.8]
['2016-11-09', 14.9, 15.3, 14.8, 15.3]
['2016-11-10', 15.45, 15.9, 15.2, 15.65]
['2016-11-11', 15.75, 15.9, 15.45, 15.5]
['2016-11-14', 15.7, 15.9, 15.6, 15.75]
['2016-11-15', 15.6, 15.8, 15.6, 15.7]
['2016-11-16', 15.7, 16.0, 15.7, 15.9]
['2016-11-17', 16.0, 16.15, 15.75, 15.8]
['2016-11-18', 15.9, 16.05, 15.85, 15.95]
['2016-11-21', 16.05, 16.05, 15.8, 15.9]
['2016-11-22', 16.0, 16.23, 15.95, 16.0]
['2016-11-23', 16.1, 16.3, 16.05, 16.15]
['2016-11-25', 16.15, 16.52, 15.25, 16.5]
['2016-11-28', 16.35, 16.42, 16.05, 16.15]
['2016-11-29', 16.3, 16.3, 15.9, 16.0]
['2016-11-30', 16.15, 16.25, 16.0, 16.1]
['2016-12-01', 16.0, 16.45, 16.0, 16.3]
['2016-12-02', 16.35, 16.45, 16.15, 16.15]
['2016-12-05', 16.1, 16.45, 16.0, 16.25]
['2016-12-06', 16.3, 16.45, 16.2, 16.25]
['2016-12-07', 16.45, 16.55, 16.3, 16.5]
['2016-12-08', 16.55, 17.85, 16.45, 17.0]
['2016-12-09', 17.15, 17.45, 16.6, 16.95]
['2016-12-12', 17.0, 17.07, 16.75, 16.8]
['2016-12-13', 16.95, 17.2, 16.7, 16.85]
['2016-12-14', 16.7, 17.0, 16.7, 16.75]
['2016-12-15', 16.85, 17.1, 16.25, 16.45]
['2016-12-16', 16.4, 17.05, 16.4, 16.95]
['2016-12-19', 16.95, 17.35, 16.55, 17.25]
['2016-12-20', 17.35, 17.9, 17.3, 17.75]
['2016-12-21', 17.95, 18.75, 17.95, 18.55]
['2016-12-22', 18.75, 18.95, 18.5, 18.65]
['2016-12-23', 18.75, 19.1, 18.6, 19.1]
['2016-12-27', 19.2, 19.2, 18.85, 18.95]
['2016-12-28', 19.1, 19.25, 18.89, 19.1]
['2016-12-29', 19.1, 19.1, 18.95, 19.05]
['2016-12-30', 19.1, 19.1, 18.85, 19.0]
['2017-01-03', 19.1, 19.2, 18.75, 18.9]
['2017-01-04', 19.05, 19.15, 19.0, 19.15]
['2017-01-05', 19.1, 19.4, 19.0, 19.3]
['2017-01-06', 19.4, 19.65, 19.35, 19.65]
['2017-01-09', 19.55, 19.75, 19.55, 19.7]
['2017-01-10', 19.7, 19.8, 19.6, 19.75]
['2017-01-11', 19.75, 20.2, 19.7, 20.05]
['2017-01-12', 19.9, 19.95, 19.65, 19.85]
['2017-01-13', 19.95, 20.1, 19.9, 19.95]
['2017-01-17', 19.9, 19.9, 19.4, 19.5]
['2017-01-18', 19.65, 19.65, 19.4, 19.6]
['2017-01-19', 19.5, 19.65, 19.5, 19.55]
['2017-01-20', 19.7, 19.75, 19.0, 19.6]
['2017-01-23', 19.65, 19.65, 19.48, 19.5]
['2017-01-24', 19.5, 19.95, 19.4, 19.8]
['2017-01-25', 19.9, 20.2, 19.75, 20.1]
['2017-01-26', 20.15, 20.15, 20.0, 20.0]
['2017-01-27', 19.75, 20.1, 19.3, 19.7]
['2017-01-30', 19.7, 19.7, 19.0, 19.0]
['2017-01-31', 18.9, 19.17, 18.9, 19.1]
['2017-02-01', 19.15, 19.45, 18.65, 19.05]
['2017-02-02', 18.9, 19.15, 18.9, 19.05]
['2017-02-03', 19.2, 19.55, 19.2, 19.5]
['2017-02-06', 19.35, 19.65, 19.15, 19.45]
['2017-02-07', 19.6, 19.6, 19.1, 19.25]
['2017-02-08', 19.15, 19.5, 18.95, 19.1]
['2017-02-09', 19.05, 19.15, 18.85, 19.05]
['2017-02-10', 19.05, 19.25, 18.85, 19.05]
['2017-02-13', 19.2, 19.64, 19.05, 19.2]
['2017-02-14', 19.1, 19.45, 19.05, 19.35]
['2017-02-15', 19.3, 19.5, 19.1, 19.45]
['2017-02-16', 19.15, 19.65, 19.15, 19.55]
['2017-02-17', 19.55, 19.55, 18.8, 19.2]
['2017-02-21', 19.15, 19.27, 18.85, 19.05]
['2017-02-22', 19.05, 19.35, 18.75, 19.1]
['2017-02-23', 19.05, 19.2, 18.9, 19.0]
['2017-02-24', 18.75, 18.95, 18.1, 18.4]
['2017-02-27', 18.35, 18.6, 17.9, 18.15]
['2017-02-28', 17.85, 18.15, 17.8, 18.0]
['2017-03-01', 18.15, 18.85, 17.48, 18.8]
['2017-03-02', 18.65, 18.85, 18.55, 18.8]
['2017-03-03', 18.5, 18.95, 18.5, 18.9]
['2017-03-06', 18.73, 18.85, 18.65, 18.8]
['2017-03-07', 18.7, 18.75, 18.55, 18.7]
['2017-03-08', 18.85, 18.85, 18.42, 18.55]
['2017-03-09', 18.55, 18.65, 18.25, 18.4]
['2017-03-10', 18.25, 18.45, 18.05, 18.2]
['2017-03-13', 18.15, 18.25, 18.05, 18.1]
['2017-03-14', 17.9, 18.05, 17.85, 18.0]
['2017-03-15', 18.3, 18.38, 18.0, 18.35]
['2017-03-16', 18.35, 18.5, 18.15, 18.25]
['2017-03-17', 18.1, 18.45, 18.1, 18.35]
['2017-03-20', 18.4, 18.4, 18.15, 18.2]
['2017-03-21', 18.3, 18.3, 17.8, 18.0]
['2017-03-22', 17.95, 18.1, 17.85, 18.05]
['2017-03-23', 18.2, 18.3, 18.1, 18.15]
['2017-03-24', 18.2, 18.25, 18.1, 18.2]
['2017-03-27', 18.2, 18.4, 17.95, 18.4]
['2017-03-28', 18.3, 18.5, 18.2, 18.5]
['2017-03-29', 18.45, 18.8, 18.4, 18.75]
['2017-03-30', 18.8, 19.45, 18.75, 19.1]
['2017-03-31', 19.1, 19.2, 18.9, 18.95]
['2017-04-03', 19.0, 19.25, 19.0, 19.1]
['2017-04-04', 19.1, 19.2, 18.95, 19.05]
['2017-04-05', 19.05, 19.1, 18.7, 18.75]
['2017-04-06', 18.7, 19.1, 18.6, 18.85]
['2017-04-07', 18.75, 19.08, 18.7, 18.9]
['2017-04-10', 18.85, 19.1, 18.6, 18.65]
['2017-04-11', 18.6, 18.75, 18.5, 18.55]
['2017-04-12', 18.5, 18.85, 18.5, 18.6]
['2017-04-13', 18.5, 18.5, 18.2, 18.25]
['2017-04-17', 18.3, 18.5, 18.2, 18.5]
['2017-04-18', 18.3, 18.75, 18.25, 18.55]
['2017-04-19', 18.6, 19.0, 18.6, 18.7]
['2017-04-20', 18.75, 18.9, 18.65, 18.7]
['2017-04-21', 18.75, 18.95, 18.7, 18.85]
['2017-04-24', 19.1, 19.4, 19.05, 19.3]
['2017-04-25', 19.2, 19.55, 19.2, 19.45]
['2017-04-26', 19.25, 19.65, 19.25, 19.45]
['2017-04-27', 19.5, 19.55, 19.25, 19.45]
['2017-04-28', 19.35, 19.85, 19.0, 19.6]
['2017-05-01', 18.95, 19.25, 18.7, 19.0]
['2017-05-02', 18.9, 19.0, 18.2, 18.3]
['2017-05-03', 18.15, 18.6, 18.15, 18.6]
['2017-05-04', 18.55, 19.25, 18.5, 19.15]
['2017-05-05', 19.2, 19.35, 18.8, 19.0]
['2017-05-08', 19.05, 19.35, 18.9, 19.05]
['2017-05-09', 19.05, 19.1, 18.6, 18.75]
['2017-05-10', 18.6, 18.6, 18.25, 18.5]
['2017-05-11', 18.4, 18.65, 18.4, 18.55]
['2017-05-12', 18.45, 18.6, 18.29, 18.4]
['2017-05-15', 18.5, 19.2, 18.5, 19.2]
['2017-05-16', 19.1, 19.3, 19.02, 19.25]
['2017-05-17', 18.95, 19.15, 18.6, 18.65]
['2017-05-18', 18.6, 19.1, 18.6, 19.0]
['2017-05-19', 18.9, 19.15, 18.9, 19.05]
['2017-05-22', 19.1, 19.17, 18.55, 19.1]
['2017-05-23', 19.05, 19.45, 18.8, 19.25]
['2017-05-24', 19.15, 19.2, 18.4, 18.75]
['2017-05-25', 18.75, 18.85, 18.3, 18.8]
['2017-05-26', 18.7, 18.95, 18.45, 18.65]
['2017-05-30', 18.65, 18.65, 18.3, 18.45]
['2017-05-31', 18.5, 18.65, 18.2, 18.55]
['2017-06-01', 18.55, 18.8, 18.35, 18.7]
['2017-06-02', 18.7, 19.25, 18.65, 18.65]
['2017-06-05', 18.75, 18.8, 18.45, 18.55]
['2017-06-06', 18.55, 18.55, 18.23, 18.4]
['2017-06-07', 18.5, 18.6, 18.3, 18.3]
['2017-06-08', 18.35, 18.8, 18.35, 18.65]
['2017-06-09', 18.8, 19.45, 18.8, 19.2]
['2017-06-12', 19.25, 19.45, 19.0, 19.35]
['2017-06-13', 19.35, 19.5, 19.15, 19.38]
['2017-06-14', 19.35, 19.4, 19.15, 19.2]
['2017-06-15', 19.05, 19.35, 18.95, 19.2]
['2017-06-16', 19.2, 19.25, 18.8, 18.85]
['2017-06-19', 19.05, 19.1, 18.65, 18.85]
['2017-06-20', 18.75, 18.9, 18.55, 18.65]
['2017-06-21', 18.7, 18.7, 18.27, 18.5]
['2017-06-22', 18.5, 18.8, 18.31, 18.65]
['2017-06-23', 18.7, 18.7, 18.25, 18.6]
['2017-06-26', 18.55, 18.95, 18.35, 18.7]
['2017-06-27', 18.7, 18.9, 18.6, 18.8]
['2017-06-28', 18.9, 19.25, 18.73, 18.95]
['2017-06-29', 19.15, 19.2, 18.8, 19.2]
['2017-06-30', 19.15, 19.15, 18.95, 19.0]
['2017-07-03', 19.0, 19.35, 18.9, 19.25]
['2017-07-05', 19.15, 19.3, 19.0, 19.25]
['2017-07-06', 19.15, 19.3, 18.92, 19.05]
['2017-07-07', 19.05, 19.3, 18.95, 19.3]
['2017-07-10', 19.1, 19.45, 19.0, 19.15]
['2017-07-11', 19.1, 19.2, 18.7, 18.8]
['2017-07-12', 18.8, 19.0, 18.75, 18.85]
['2017-07-13', 18.95, 18.95, 18.4, 18.6]
['2017-07-14', 18.4, 18.55, 18.15, 18.55]
['2017-07-17', 18.55, 18.95, 18.4, 18.8]
['2017-07-18', 18.65, 18.85, 18.48, 18.55]
['2017-07-19', 18.5, 18.7, 18.35, 18.5]
['2017-07-20', 18.6, 18.7, 18.35, 18.5]
['2017-07-21', 18.55, 18.75, 18.4, 18.6]
['2017-07-24', 18.7, 18.75, 18.55, 18.65]
['2017-07-25', 18.75, 18.91, 18.65, 18.85]
['2017-07-26', 18.75, 18.9, 18.58, 18.75]
['2017-07-27', 18.9, 18.95, 18.55, 18.75]
['2017-07-28', 18.5, 18.7, 18.5, 18.65]
['2017-07-31', 18.6, 19.4, 18.6, 19.3]
['2017-08-01', 19.35, 19.6, 19.25, 19.45]
['2017-08-02', 19.4, 19.5, 19.15, 19.25]
['2017-08-03', 19.2, 19.3, 18.85, 18.95]
['2017-08-04', 19.1, 19.35, 19.0, 19.2]
['2017-08-07', 19.1, 19.25, 18.9, 19.05]
['2017-08-08', 18.95, 19.45, 18.95, 19.1]
['2017-08-09', 18.9, 19.05, 18.8, 19.0]
['2017-08-10', 18.85, 18.85, 18.48, 18.6]
['2017-08-11', 18.5, 18.7, 18.2, 18.4]
['2017-08-14', 18.65, 18.75, 18.5, 18.7]
['2017-08-15', 18.8, 18.8, 18.6, 18.7]
['2017-08-16', 18.7, 18.8, 18.65, 18.7]
['2017-08-17', 18.65, 18.77, 18.45, 18.55]
['2017-08-18', 17.75, 17.9, 16.75, 17.2]
['2017-08-21', 17.2, 17.52, 17.1, 17.4]
['2017-08-22', 17.5, 17.6, 17.4, 17.45]
['2017-08-23', 17.3, 17.5, 17.3, 17.5]
['2017-08-24', 17.45, 17.55, 17.38, 17.5]
['2017-08-25', 17.45, 17.55, 17.38, 17.4]
['2017-08-28', 17.4, 17.6, 17.4, 17.5]
['2017-08-29', 17.65, 17.8, 17.35, 17.4]
['2017-08-30', 17.45, 17.8, 17.4, 17.75]
['2017-08-31', 17.8, 18.1, 17.65, 17.95]
['2017-09-01', 17.95, 17.95, 17.3, 17.3]
['2017-09-05', 17.3, 17.45, 16.9, 16.9]
['2017-09-06', 16.95, 17.1, 16.7, 16.95]
['2017-09-07', 16.9, 16.95, 16.6, 16.6]
['2017-09-08', 16.65, 16.95, 16.5, 16.8]
['2017-09-11', 17.0, 17.3, 16.75, 17.15]
['2017-09-12', 17.15, 17.3, 17.05, 17.15]
['2017-09-13', 17.15, 17.6, 16.85, 17.35]
['2017-09-14', 17.25, 17.9, 15.36, 17.7]
['2017-09-15', 17.5, 18.0, 17.2, 17.7]
['2017-09-18', 17.65, 18.1, 17.4, 17.65]
['2017-09-19', 17.65, 17.8, 17.52, 17.6]
['2017-09-20', 17.6, 18.05, 17.55, 17.8]
['2017-09-21', 17.8, 18.1, 17.8, 18.0]
['2017-09-22', 17.95, 18.0, 17.85, 17.9]
['2017-09-25', 17.9, 18.0, 17.8, 17.95]
['2017-09-26', 18.0, 18.2, 17.7, 18.2]
['2017-09-27', 18.15, 18.25, 17.9, 17.95]
['2017-09-28', 17.7, 18.4, 17.6, 18.15]
['2017-09-29', 18.25, 18.25, 17.95, 18.15]
['2017-10-02', 18.25, 18.3, 18.1, 18.3]
['2017-10-03', 18.3, 18.6, 18.25, 18.4]
['2017-10-04', 18.45, 18.6, 18.4, 18.5]
['2017-10-05', 18.5, 19.0, 18.5, 18.8]
['2017-10-06', 18.8, 18.95, 18.4, 18.8]
['2017-10-09', 18.8, 18.8, 18.35, 18.6]
['2017-10-10', 18.65, 18.75, 18.5, 18.75]
['2017-10-11', 18.7, 18.75, 18.42, 18.65]
['2017-10-12', 18.65, 18.75, 18.45, 18.55]
['2017-10-13', 18.5, 18.55, 18.35, 18.45]
['2017-10-16', 18.35, 18.6, 17.9, 18.5]
['2017-10-17', 18.45, 18.5, 18.1, 18.25]
['2017-10-18', 18.2, 18.5, 18.15, 18.2]
['2017-10-19', 18.15, 18.25, 18.05, 18.2]
['2017-10-20', 18.2, 18.2, 15.2, 17.95]
['2017-10-23', 18.0, 18.0, 17.35, 17.5]
['2017-10-24', 17.55, 17.55, 17.4, 17.4]
['2017-10-25', 17.4, 17.55, 17.25, 17.5]
['2017-10-26', 17.5, 17.5, 17.0, 17.45]
['2017-10-27', 16.9, 17.55, 15.85, 17.25]
['2017-10-30', 17.05, 17.15, 16.5, 16.6]
['2017-10-31', 16.65, 16.7, 16.38, 16.45]
['2017-11-01', 16.6, 16.7, 16.25, 16.4]
['2017-11-02', 16.45, 16.7, 16.35, 16.55]
['2017-11-03', 16.6, 16.6, 16.2, 16.45]
['2017-11-06', 16.4, 16.6, 16.3, 16.35]
['2017-11-07', 16.48, 16.48, 15.75, 15.9]
['2017-11-08', 15.85, 16.0, 15.65, 15.9]
['2017-11-09', 15.8, 16.25, 15.8, 16.15]
['2017-11-10', 16.2, 16.7, 16.2, 16.48]
['2017-11-13', 16.35, 16.5, 16.1, 16.4]
['2017-11-14', 16.25, 16.65, 16.25, 16.5]
['2017-11-15', 16.35, 16.7, 16.35, 16.45]
['2017-11-16', 16.5, 17.0, 16.5, 16.65]
['2017-11-17', 16.55, 16.65, 16.4, 16.55]
['2017-11-20', 16.6, 16.75, 16.4, 16.65]
['2017-11-21', 16.8, 16.9, 16.55, 16.6]
['2017-11-22', 16.7, 16.95, 16.55, 16.75]
['2017-11-24', 16.75, 16.85, 16.45, 16.5]
['2017-11-27', 16.55, 16.8, 16.4, 16.5]
['2017-11-28', 16.55, 17.05, 16.4, 16.95]
['2017-11-29', 17.1, 17.7, 17.1, 17.25]
['2017-11-30', 17.2, 17.4, 16.9, 17.2]
['2017-12-01', 17.1, 17.17, 16.3, 16.85]
['2017-12-04', 17.1, 17.25, 16.8, 16.85]
['2017-12-05', 16.95, 17.25, 16.65, 16.75]
['2017-12-06', 16.75, 17.25, 16.75, 16.9]
['2017-12-07', 16.9, 17.25, 16.8, 16.85]
['2017-12-08', 16.95, 16.95, 16.5, 16.6]
['2017-12-11', 16.6, 16.75, 16.45, 16.5]
['2017-12-12', 16.55, 16.9, 16.55, 16.8]
['2017-12-13', 16.75, 16.9, 16.7, 16.85]
['2017-12-14', 16.9, 17.0, 16.4, 16.45]
['2017-12-15', 16.4, 17.4, 16.4, 17.1]
['2017-12-18', 17.2, 18.9, 16.9, 17.15]
['2017-12-19', 17.1, 17.25, 17.1, 17.2]
['2017-12-20', 17.25, 17.4, 17.25, 17.3]
['2017-12-21', 17.35, 17.7, 17.35, 17.55]
['2017-12-22', 17.55, 17.55, 17.25, 17.45]
['2017-12-26', 17.5, 17.8, 17.35, 17.35]
['2017-12-27', 17.5, 17.55, 17.1, 17.35]
['2017-12-28', 17.45, 17.5, 17.25, 17.45]
['2017-12-29', 17.55, 17.75, 17.2, 17.6]
['2018-01-02', 17.65, 17.65, 17.25, 17.4]
['2018-01-03', 17.4, 17.45, 17.15, 17.3]
['2018-01-04', 17.3, 17.9, 17.3, 17.75]
['2018-01-05', 17.75, 18.0, 17.65, 17.95]
['2018-01-08', 17.85, 17.95, 17.6, 17.85]
['2018-01-09', 17.9, 18.3, 17.8, 17.8]
['2018-01-10', 17.8, 18.33, 17.65, 17.85]
['2018-01-11', 17.95, 18.12, 17.85, 18.0]
['2018-01-12', 18.1, 18.15, 17.95, 18.05]
['2018-01-16', 18.05, 18.35, 17.8, 17.8]
['2018-01-17', 17.85, 17.95, 17.75, 17.9]
['2018-01-18', 17.9, 17.95, 17.6, 17.7]
['2018-01-19', 17.65, 17.95, 17.65, 17.75]
['2018-01-22', 17.75, 17.75, 17.4, 17.55]
['2018-01-23', 17.5, 17.8, 17.35, 17.65]
['2018-01-24', 17.7, 17.75, 17.3, 17.3]
['2018-01-25', 17.45, 17.45, 16.85, 16.95]
['2018-01-26', 17.05, 17.15, 16.95, 17.0]
['2018-01-29', 16.85, 17.15, 16.6, 16.75]
['2018-01-30', 16.85, 17.8, 16.6, 17.7]
['2018-01-31', 17.7, 18.05, 17.55, 17.85]
['2018-02-01', 17.8, 18.1, 16.5, 18.05]
['2018-02-02', 18.0, 18.35, 15.9, 17.85]
['2018-02-05', 17.7, 17.85, 17.1, 17.45]
['2018-02-06', 17.15, 17.55, 16.95, 17.35]
['2018-02-07', 17.35, 17.85, 17.12, 17.45]
['2018-02-08', 17.45, 17.45, 16.85, 16.85]
['2018-02-09', 17.05, 17.2, 16.6, 17.05]
['2018-02-12', 17.1, 17.55, 17.04, 17.15]
['2018-02-13', 17.1, 17.3, 16.85, 17.1]
['2018-02-14', 17.1, 17.4, 17.0, 17.3]
['2018-02-15', 17.35, 17.5, 17.25, 17.35]
['2018-02-16', 17.3, 17.7, 17.25, 17.45]
['2018-02-20', 17.45, 17.7, 17.3, 17.45]
['2018-02-21', 17.4, 17.9, 17.25, 17.7]
['2018-02-22', 17.75, 17.75, 17.35, 17.4]
['2018-02-23', 17.5, 17.55, 17.3, 17.5]
['2018-02-26', 17.5, 17.7, 17.0, 17.3]
['2018-02-27', 17.35, 17.62, 17.1, 17.3]
['2018-02-28', 17.4, 17.52, 17.2, 17.3]
['2018-03-01', 17.25, 17.5, 17.2, 17.3]
['2018-03-02', 17.25, 17.75, 17.25, 17.65]
['2018-03-05', 17.55, 17.95, 17.3, 17.85]
['2018-03-06', 17.8, 18.0, 17.55, 17.9]
['2018-03-07', 17.8, 18.0, 17.75, 17.9]
['2018-03-08', 18.0, 18.0, 17.7, 17.95]
['2018-03-09', 18.0, 18.1, 17.84, 18.1]
['2018-03-12', 18.15, 18.15, 17.9, 18.0]
['2018-03-13', 18.1, 18.15, 17.95, 18.1]
['2018-03-14', 18.0, 18.05, 17.8, 17.9]
['2018-03-15', 18.0, 18.0, 17.6, 18.0]
['2018-03-16', 18.0, 18.33, 17.85, 18.25]
['2018-03-19', 18.2, 18.25, 17.9, 18.15]
['2018-03-20', 18.25, 18.25, 18.1, 18.15]
['2018-03-21', 18.2, 18.45, 18.05, 18.3]
['2018-03-22', 18.2, 18.45, 18.1, 18.1]
['2018-03-23', 18.2, 18.2, 17.75, 17.8]
['2018-03-26', 18.0, 18.5, 17.95, 18.45]
['2018-03-27', 18.5, 18.5, 17.95, 18.15]
['2018-03-28', 18.2, 18.45, 17.95, 18.15]
['2018-03-29', 18.3, 18.4, 18.05, 18.1]
['2018-04-02', 18.1, 18.48, 17.7, 17.95]
['2018-04-03', 18.05, 18.35, 17.95, 18.3]
['2018-04-04', 18.2, 18.8, 18.0, 18.75]
['2018-04-05', 18.75, 19.15, 18.65, 18.95]
['2018-04-06', 18.85, 18.95, 18.7, 18.75]
['2018-04-09', 18.8, 19.1, 18.7, 18.85]
['2018-04-10', 19.0, 19.2, 18.85, 19.05]
['2018-04-11', 19.0, 19.0, 18.8, 18.9]
['2018-04-12', 19.0, 19.15, 18.9, 19.0]
['2018-04-13', 19.1, 19.1, 18.8, 18.9]
['2018-04-16', 18.9, 19.2, 18.9, 19.0]
['2018-04-17', 19.05, 19.15, 18.8, 19.0]
['2018-04-18', 19.0, 19.15, 18.85, 19.0]
['2018-04-19', 18.9, 19.2, 18.9, 19.05]
['2018-04-20', 19.0, 19.45, 19.0, 19.25]
['2018-04-23', 19.4, 19.45, 19.2, 19.35]
['2018-04-24', 19.35, 19.7, 19.35, 19.6]
['2018-04-25', 19.6, 19.65, 19.18, 19.2]
['2018-04-26', 19.35, 19.4, 19.05, 19.15]
['2018-04-27', 19.8, 19.95, 19.35, 19.9]
['2018-04-30', 20.0, 20.0, 19.3, 19.3]
['2018-05-01', 19.3, 19.6, 19.1, 19.4]
['2018-05-02', 19.4, 19.7, 19.2, 19.5]
['2018-05-03', 19.5, 19.5, 19.23, 19.4]
['2018-05-04', 19.4, 19.8, 19.3, 19.6]
['2018-05-07', 19.6, 19.65, 19.45, 19.55]
['2018-05-08', 19.5, 19.75, 19.5, 19.65]
['2018-05-09', 19.65, 19.85, 19.6, 19.8]
['2018-05-10', 19.8, 19.98, 19.6, 19.9]
['2018-05-11', 19.95, 20.25, 19.85, 20.1]
['2018-05-14', 20.1, 20.25, 19.9, 20.05]
['2018-05-15', 20.1, 20.4, 20.1, 20.3]
['2018-05-16', 20.3, 20.62, 20.2, 20.6]
['2018-05-17', 20.65, 20.9, 20.45, 20.75]
['2018-05-18', 20.85, 20.85, 20.45, 20.5]
['2018-05-21', 20.55, 20.85, 20.4, 20.85]
['2018-05-22', 20.75, 21.0, 20.65, 20.7]
['2018-05-23', 20.65, 20.9, 20.4, 20.8]
['2018-05-24', 20.8, 20.95, 18.75, 20.7]
['2018-05-25', 20.75, 21.0, 20.75, 21.0]
['2018-05-29', 20.85, 20.92, 20.55, 20.8]
['2018-05-30', 20.95, 21.25, 20.8, 20.95]
['2018-05-31', 21.0, 21.3, 20.65, 21.0]
['2018-06-01', 21.1, 21.5, 21.05, 21.3]
['2018-06-04', 21.4, 21.55, 21.15, 21.4]
['2018-06-05', 21.45, 21.5, 20.95, 21.0]
['2018-06-06', 21.0, 21.3, 20.95, 21.3]
['2018-06-07', 21.3, 21.6, 21.15, 21.3]
['2018-06-08', 21.3, 21.4, 20.3, 20.6]
['2018-06-11', 20.6, 21.35, 20.6, 20.85]
['2018-06-12', 20.85, 20.95, 20.5, 20.75]
['2018-06-13', 20.6, 21.05, 20.6, 20.9]
['2018-06-14', 20.95, 21.0, 20.7, 20.9]
['2018-06-15', 20.8, 21.05, 20.75, 20.9]
['2018-06-18', 20.85, 21.15, 20.65, 21.0]
['2018-06-19', 20.85, 21.25, 20.85, 21.2]
['2018-06-20', 21.2, 21.25, 20.9, 21.1]
['2018-06-21', 21.15, 21.2, 20.0, 20.8]
['2018-06-22', 20.85, 21.15, 20.75, 21.0]
['2018-06-25', 20.85, 20.95, 20.55, 20.6]
['2018-06-26', 20.65, 20.65, 20.4, 20.45]
['2018-06-27', 20.5, 20.5, 19.9, 19.95]
['2018-06-28', 20.0, 20.1, 19.8, 19.95]
['2018-06-29', 20.05, 20.2, 19.55, 19.65]
['2018-07-02', 19.6, 19.85, 19.6, 19.85]
['2018-07-03', 19.85, 19.9, 19.75, 19.8]
['2018-07-05', 19.85, 19.95, 19.65, 19.9]
['2018-07-06', 19.9, 20.15, 19.85, 20.05]
['2018-07-09', 20.1, 20.3, 19.8, 20.2]
['2018-07-10', 20.35, 20.35, 19.75, 19.95]
['2018-07-11', 19.95, 20.2, 19.85, 19.9]
['2018-07-12', 20.0, 20.05, 19.45, 19.9]
['2018-07-13', 19.9, 20.0, 19.45, 19.6]
['2018-07-16', 19.65, 19.75, 19.5, 19.65]
['2018-07-17', 19.65, 19.7, 19.35, 19.5]
['2018-07-18', 19.45, 19.6, 19.4, 19.55]
['2018-07-19', 19.55, 19.65, 19.45, 19.6]
['2018-07-20', 19.55, 19.67, 19.5, 19.65]
['2018-07-23', 19.65, 19.85, 19.5, 19.55]
['2018-07-24', 19.6, 19.6, 19.35, 19.4]
['2018-07-25', 19.45, 19.45, 18.7, 18.95]
['2018-07-26', 19.4, 19.4, 17.38, 18.85]
['2018-07-27', 18.9, 18.9, 18.05, 18.2]
['2018-07-30', 18.15, 18.38, 17.85, 17.95]
['2018-07-31', 18.0, 18.2, 17.8, 17.85]
['2018-08-01', 17.9, 18.05, 17.67, 17.95]
['2018-08-02', 17.95, 18.15, 17.85, 17.85]
['2018-08-03', 17.9, 18.0, 17.5, 17.75]
['2018-08-06', 17.85, 18.0, 17.8, 17.95]
['2018-08-07', 17.95, 18.15, 17.9, 18.1]
['2018-08-08', 18.15, 18.25, 17.9, 18.05]
['2018-08-09', 18.1, 18.3, 17.9, 18.15]
['2018-08-10', 18.05, 18.1, 17.85, 18.08]
['2018-08-13', 18.15, 18.25, 17.95, 17.95]
['2018-08-14', 18.0, 18.2, 17.95, 18.05]
['2018-08-15', 18.05, 18.15, 18.0, 18.1]
['2018-08-16', 18.15, 18.45, 18.1, 18.15]
['2018-08-17', 18.05, 18.3, 18.05, 18.25]
['2018-08-20', 18.3, 18.65, 18.2, 18.6]
['2018-08-21', 18.65, 19.15, 18.65, 18.9]
['2018-08-22', 18.9, 19.2, 18.85, 19.1]
['2018-08-23', 19.15, 19.15, 18.7, 18.8]
['2018-08-24', 18.85, 18.95, 18.65, 18.75]
['2018-08-27', 18.85, 18.9, 18.45, 18.65]
['2018-08-28', 18.7, 18.8, 18.4, 18.45]
['2018-08-29', 18.35, 18.5, 18.25, 18.35]
['2018-08-30', 18.3, 18.35, 17.95, 18.1]
['2018-08-31', 18.1, 18.4, 18.08, 18.25]
['2018-09-04', 18.3, 18.35, 18.05, 18.1]
['2018-09-05', 18.15, 18.15, 17.8, 17.95]
['2018-09-06', 17.9, 18.0, 17.65, 18.0]
['2018-09-07', 17.95, 18.1, 17.85, 18.1]
['2018-09-10', 18.15, 18.15, 17.65, 17.95]
['2018-09-11', 17.95, 18.05, 17.62, 17.85]
['2018-09-12', 17.85, 17.95, 17.65, 17.9]
['2018-09-13', 18.0, 18.0, 17.7, 17.75]
['2018-09-14', 17.75, 18.0, 17.65, 17.85]
['2018-09-17', 17.9, 17.9, 17.65, 17.8]
['2018-09-18', 17.85, 18.0, 17.65, 17.75]
['2018-09-19', 17.7, 17.85, 17.3, 17.45]
['2018-09-20', 17.55, 17.8, 17.35, 17.5]
['2018-09-21', 17.45, 17.8, 17.45, 17.5]
['2018-09-24', 17.45, 17.5, 17.1, 17.3]
['2018-09-25', 17.3, 17.45, 17.0, 17.05]
['2018-09-26', 17.1, 17.17, 16.8, 16.95]
['2018-09-27', 17.0, 17.05, 16.75, 16.8]
['2018-09-28', 16.65, 16.9, 16.55, 16.75]
['2018-10-01', 16.9, 17.19, 16.4, 16.59]
['2018-10-02', 16.55, 16.6, 16.09, 16.13]
['2018-10-03', 16.18, 16.96, 16.01, 16.77]
['2018-10-04', 16.82, 17.21, 16.82, 16.99]
['2018-10-05', 17.05, 17.13, 16.93, 16.98]
['2018-10-08', 17.0, 17.28, 16.92, 17.13]
['2018-10-09', 17.12, 17.51, 16.91, 16.94]
['2018-10-10', 16.93, 17.55, 16.59, 16.64]
['2018-10-11', 16.61, 16.66, 15.85, 15.88]
['2018-10-12', 16.1, 16.1, 15.36, 15.75]
['2018-10-15', 15.73, 15.95, 15.57, 15.91]
['2018-10-16', 15.97, 16.61, 15.77, 15.95]
['2018-10-17', 15.86, 16.23, 15.77, 16.18]
['2018-10-18', 16.21, 16.21, 15.82, 15.83]
['2018-10-19', 15.79, 16.02, 15.5, 15.65]
['2018-10-22', 15.73, 15.94, 15.44, 15.48]
['2018-10-23', 15.36, 15.65, 15.25, 15.5]
['2018-10-24', 15.48, 15.52, 15.22, 15.24]
['2018-10-25', 15.34, 16.22, 15.34, 15.56]
['2018-10-26', 14.93, 15.91, 14.44, 14.55]
['2018-10-29', 14.73, 15.42, 14.56, 15.26]
['2018-10-30', 15.21, 15.58, 15.09, 15.12]
['2018-10-31', 15.25, 15.25, 15.03, 15.07]
['2018-11-01', 15.11, 15.7, 15.11, 15.22]
['2018-11-02', 15.23, 15.42, 15.1, 15.22]
['2018-11-05', 15.25, 15.45, 15.16, 15.23]
['2018-11-06', 15.21, 15.38, 15.06, 15.35]
['2018-11-07', 15.4, 15.43, 15.15, 15.41]
['2018-11-08', 15.35, 15.79, 15.35, 15.79]
['2018-11-09', 15.7, 15.96, 15.48, 15.67]
['2018-11-12', 15.68, 15.84, 15.52, 15.7]
['2018-11-13', 15.7, 16.35, 15.7, 15.98]
['2018-11-14', 16.09, 16.09, 15.34, 15.39]
['2018-11-15', 16.54, 17.87, 16.54, 17.25]
['2018-11-16', 17.2, 17.68, 17.14, 17.36]
['2018-11-19', 17.65, 18.26, 17.5, 18.12]
['2018-11-20', 18.12, 18.17, 17.56, 17.8]
['2018-11-21', 17.75, 18.16, 17.75, 17.97]
['2018-11-23', 17.81, 18.03, 17.81, 17.98]
['2018-11-26', 18.13, 18.54, 18.03, 18.1]
['2018-11-27', 17.96, 18.12, 17.95, 17.99]
['2018-11-28', 18.0, 18.27, 17.86, 17.99]
['2018-11-29', 17.85, 18.13, 17.82, 18.09]
['2018-11-30', 17.97, 18.47, 17.97, 18.41]
['2018-12-03', 18.55, 18.59, 18.28, 18.45]
['2018-12-04', 18.34, 18.4, 17.25, 17.3]
['2018-12-06', 17.1, 17.55, 17.1, 17.48]
['2018-12-07', 17.55, 17.78, 17.34, 17.46]
['2018-12-10', 17.4, 17.57, 17.07, 17.53]
['2018-12-11', 17.56, 17.77, 17.42, 17.43]
['2018-12-12', 17.51, 17.83, 17.48, 17.6]
['2018-12-13', 17.55, 17.74, 16.92, 16.95]
['2018-12-14', 16.92, 17.29, 16.37, 16.57]
['2018-12-17', 16.57, 16.69, 16.26, 16.29]
['2018-12-18', 16.35, 16.45, 16.19, 16.21]
['2018-12-19', 16.18, 16.35, 15.96, 16.04]
['2018-12-20', 15.87, 16.28, 15.86, 15.91]
['2018-12-21', 15.89, 16.08, 15.57, 15.82]
['2018-12-24', 15.63, 16.05, 15.34, 15.71]
['2018-12-26', 15.69, 16.26, 15.41, 16.24]
['2018-12-27', 16.07, 16.21, 15.79, 16.08]
['2018-12-28', 16.08, 16.72, 16.04, 16.54]
['2018-12-31', 16.53, 16.75, 16.34, 16.37]
['2019-01-02', 16.13, 17.03, 15.97, 16.96]
['2019-01-03', 16.85, 17.33, 16.75, 16.99]
['2019-01-04', 17.08, 17.61, 17.02, 17.6]
['2019-01-07', 17.53, 17.84, 16.8, 17.77]
['2019-01-08', 17.82, 18.02, 17.57, 17.99]
['2019-01-09', 17.99, 18.14, 17.85, 17.93]
['2019-01-10', 17.85, 17.94, 17.66, 17.86]
['2019-01-11', 18.0, 18.05, 17.85, 17.99]
['2019-01-14', 17.86, 18.19, 17.86, 17.95]
['2019-01-15', 17.93, 17.97, 17.74, 17.8]
['2019-01-16', 17.87, 18.25, 17.87, 17.99]
['2019-01-17', 17.96, 18.19, 17.84, 17.85]
['2019-01-18', 17.84, 18.37, 17.84, 18.17]
['2019-01-22', 18.14, 18.62, 18.14, 18.36]
['2019-01-23', 18.4, 18.54, 18.27, 18.35]
['2019-01-24', 18.34, 18.5, 18.27, 18.39]
['2019-01-25', 18.9, 18.9, 18.41, 18.43]
['2019-01-28', 18.4, 18.5, 18.23, 18.33]
['2019-01-29', 18.32, 18.63, 18.31, 18.42]
['2019-01-30', 18.42, 18.46, 18.27, 18.34]
['2019-01-31', 18.36, 18.39, 17.95, 18.08]
['2019-02-01', 18.65, 18.65, 17.31, 18.14]
['2019-02-04', 18.29, 18.73, 18.25, 18.61]
['2019-02-05', 18.71, 18.91, 18.55, 18.64]
['2019-02-06', 18.65, 18.95, 18.54, 18.55]
['2019-02-07', 18.68, 18.86, 18.47, 18.55]
['2019-02-08', 18.44, 18.85, 18.31, 18.66]
['2019-02-11', 18.67, 18.71, 18.44, 18.67]
['2019-02-12', 18.75, 18.84, 18.66, 18.71]
['2019-02-13', 18.66, 18.92, 18.66, 18.78]
['2019-02-14', 18.7, 19.18, 18.69, 19.05]
['2019-02-15', 19.15, 19.51, 19.15, 19.34]
['2019-02-19', 19.21, 19.68, 19.21, 19.63]
['2019-02-20', 19.62, 19.73, 19.46, 19.65]
['2019-02-21', 19.66, 19.66, 19.39, 19.45]
['2019-02-22', 19.46, 19.63, 19.44, 19.6]
['2019-02-25', 19.65, 19.79, 19.39, 19.39]
['2019-02-26', 19.35, 19.48, 19.16, 19.16]
['2019-02-27', 19.12, 19.35, 19.04, 19.16]
['2019-02-28', 19.18, 19.46, 19.17, 19.28]
['2019-03-01', 19.37, 19.46, 19.23, 19.28]
['2019-03-04', 19.27, 19.48, 19.19, 19.32]
['2019-03-05', 19.33, 19.44, 19.08, 19.32]
['2019-03-06', 19.33, 19.35, 18.61, 18.61]
['2019-03-07', 18.59, 18.87, 18.41, 18.65]
['2019-03-08', 18.6, 18.96, 18.54, 18.92]
['2019-03-11', 18.93, 19.14, 18.72, 19.09]
['2019-03-12', 19.1, 19.25, 18.88, 18.94]
['2019-03-13', 19.02, 19.14, 18.87, 18.88]
['2019-03-14', 18.9, 19.19, 18.88, 18.91]
['2019-03-15', 18.92, 18.98, 18.8, 18.86]
['2019-03-18', 18.86, 19.23, 18.86, 19.01]
['2019-03-19', 19.04, 19.04, 18.57, 18.65]
['2019-03-20', 18.65, 18.71, 18.06, 18.08]
['2019-03-21', 17.99, 18.0, 17.6, 17.63]
['2019-03-22', 17.55, 17.55, 16.69, 16.84]
['2019-03-25', 16.83, 17.21, 16.8, 17.08]
['2019-03-26', 17.19, 17.68, 17.19, 17.61]
['2019-03-27', 17.58, 17.83, 17.47, 17.69]
['2019-03-28', 17.68, 18.0, 17.68, 17.98]
['2019-03-29', 18.04, 18.09, 17.78, 17.83]
['2019-04-01', 17.87, 18.26, 17.84, 18.0]
['2019-04-02', 17.94, 18.05, 17.89, 18.02]
['2019-04-03', 18.09, 18.21, 18.02, 18.15]
['2019-04-04', 18.16, 18.45, 18.15, 18.4]
['2019-04-05', 18.36, 18.66, 18.25, 18.3]
['2019-04-08', 18.29, 18.54, 18.2, 18.33]
['2019-04-09', 18.26, 18.29, 17.97, 18.0]
['2019-04-10', 18.07, 18.25, 17.91, 18.2]
['2019-04-11', 18.4, 18.4, 18.2, 18.27]
['2019-04-12', 18.38, 18.47, 18.24, 18.4]
['2019-04-15', 18.48, 18.48, 17.95, 18.0]
['2019-04-16', 18.01, 18.2, 17.92, 18.07]
['2019-04-17', 18.11, 18.31, 17.96, 18.24]
['2019-04-18', 18.18, 18.31, 18.07, 18.12]
['2019-04-22', 18.04, 18.1, 17.68, 17.71]
['2019-04-23', 17.74, 18.29, 17.71, 18.19]
['2019-04-24', 18.17, 18.44, 18.14, 18.38]
['2019-04-25', 18.37, 18.39, 17.98, 18.03]
['2019-04-26', 17.14, 17.76, 16.26, 17.7]
['2019-04-29', 16.71, 18.01, 16.71, 18.0]
['2019-04-30', 17.92, 18.05, 17.4, 17.44]
['2019-05-01', 17.45, 17.63, 17.23, 17.26]
['2019-05-02', 17.29, 17.57, 17.29, 17.38]
['2019-05-03', 17.39, 17.46, 17.34, 17.44]
['2019-05-06', 17.29, 17.71, 17.22, 17.68]
['2019-05-07', 17.51, 17.63, 17.38, 17.42]
['2019-05-08', 17.38, 17.69, 17.26, 17.49]
['2019-05-09', 17.41, 17.61, 17.25, 17.55]
['2019-05-10', 17.5, 17.74, 17.42, 17.61]
['2019-05-13', 17.44, 17.49, 17.32, 17.34]
['2019-05-14', 17.32, 17.61, 17.27, 17.48]
['2019-05-15', 17.36, 17.53, 17.13, 17.41]
['2019-05-16', 17.44, 17.87, 17.44, 17.76]
['2019-05-17', 17.63, 17.82, 17.57, 17.58]
['2019-05-20', 17.49, 17.78, 17.46, 17.5]
['2019-05-21', 17.51, 17.71, 17.41, 17.48]
['2019-05-22', 17.44, 17.47, 17.04, 17.12]
['2019-05-23', 16.98, 17.1, 16.79, 16.92]
['2019-05-24', 17.0, 17.3, 17.0, 17.23]
['2019-05-28', 17.15, 17.31, 17.1, 17.15]
['2019-05-29', 17.04, 17.34, 16.92, 17.3]
['2019-05-30', 17.29, 17.4, 16.76, 16.91]
['2019-05-31', 16.76, 16.77, 16.15, 16.36]
['2019-06-03', 16.26, 16.7, 16.22, 16.51]
['2019-06-04', 16.62, 17.19, 16.41, 17.12]
['2019-06-05', 17.1, 17.18, 16.47, 17.0]
['2019-06-06', 16.97, 17.07, 16.68, 16.81]
['2019-06-07', 16.81, 16.98, 16.71, 16.78]
['2019-06-10', 16.95, 17.23, 16.95, 17.06]
['2019-06-11', 17.19, 17.39, 17.1, 17.3]
['2019-06-12', 17.21, 17.31, 17.05, 17.12]
['2019-06-13', 17.17, 17.41, 17.17, 17.24]
['2019-06-14', 17.24, 17.33, 17.07, 17.22]
['2019-06-17', 17.15, 17.22, 17.01, 17.1]
['2019-06-18', 17.04, 17.36, 17.02, 17.22]
['2019-06-19', 17.2, 17.3, 16.92, 16.95]
['2019-06-20', 16.96, 16.96, 16.72, 16.9]
['2019-06-21', 16.75, 16.91, 16.63, 16.66]
['2019-06-24', 16.69, 16.71, 16.08, 16.51]
['2019-06-25', 16.5, 16.67, 16.31, 16.6]
['2019-06-26', 16.57, 16.84, 16.57, 16.62]
['2019-06-27', 16.6, 16.68, 16.49, 16.67]
['2019-06-28', 16.68, 17.26, 16.68, 17.12]
['2019-07-01', 17.28, 17.36, 17.1, 17.25]
['2019-07-02', 17.24, 17.29, 17.12, 17.2]
['2019-07-03', 17.25, 17.37, 17.2, 17.23]
['2019-07-05', 17.31, 17.81, 17.25, 17.69]
['2019-07-08', 17.61, 17.61, 17.38, 17.47]
['2019-07-09', 17.36, 17.51, 17.32, 17.46]
['2019-07-10', 17.48, 17.5, 17.21, 17.27]
['2019-07-11', 17.27, 17.49, 17.26, 17.47]
['2019-07-12', 17.68, 17.68, 17.39, 17.41]
['2019-07-15', 17.42, 17.44, 17.05, 17.13]
['2019-07-16', 17.13, 17.15, 16.99, 17.09]
['2019-07-17', 17.05, 17.12, 16.99, 17.05]
['2019-07-18', 17.01, 17.23, 17.01, 17.05]
['2019-07-19', 16.96, 17.15, 16.96, 17.08]
['2019-07-22', 17.03, 17.16, 16.95, 17.05]
['2019-07-23', 17.07, 17.13, 16.95, 17.05]
['2019-07-24', 17.02, 17.6, 16.99, 17.57]
['2019-07-25', 17.66, 17.68, 17.19, 17.22]
['2019-07-26', 17.22, 18.38, 17.22, 18.29]
['2019-07-29', 18.21, 18.66, 18.21, 18.25]
['2019-07-30', 18.16, 18.47, 18.16, 18.46]
['2019-07-31', 18.41, 18.7, 18.39, 18.39]
['2019-08-01', 18.35, 18.68, 17.85, 17.87]
['2019-08-02', 17.83, 18.01, 17.68, 17.95]
['2019-08-05', 17.69, 18.12, 17.25, 17.49]
['2019-08-06', 17.48, 17.81, 17.2, 17.53]
['2019-08-07', 17.16, 17.43, 17.16, 17.28]
['2019-08-08', 17.39, 17.63, 17.39, 17.51]
['2019-08-09', 17.52, 17.73, 17.37, 17.6]
['2019-08-12', 17.47, 17.55, 17.23, 17.25]
['2019-08-13', 17.22, 17.6, 17.22, 17.44]
['2019-08-14', 17.13, 17.44, 17.13, 17.28]
['2019-08-15', 17.29, 17.44, 17.21, 17.23]
['2019-08-16', 17.26, 17.69, 17.16, 17.56]
['2019-08-19', 17.73, 17.88, 17.66, 17.68]
['2019-08-20', 17.58, 17.6, 17.32, 17.35]
['2019-08-21', 17.39, 17.5, 17.25, 17.4]
['2019-08-22', 17.42, 17.49, 17.3, 17.42]
['2019-08-23', 17.35, 17.43, 16.74, 16.84]
['2019-08-26', 16.9, 16.95, 16.69, 16.79]
['2019-08-27', 16.75, 16.77, 16.13, 16.14]
['2019-08-28', 16.05, 16.35, 16.05, 16.12]
['2019-08-29', 16.18, 16.62, 16.18, 16.44]
['2019-08-30', 16.48, 16.62, 16.2, 16.3]
['2019-09-03', 16.16, 16.27, 15.77, 16.16]
['2019-09-04', 16.24, 16.35, 16.0, 16.03]
['2019-09-05', 16.15, 16.78, 16.15, 16.52]
['2019-09-06', 15.11, 16.35, 15.11, 15.97]
['2019-09-09', 16.04, 16.65, 16.03, 16.57]
['2019-09-10', 16.56, 17.1, 16.56, 17.07]
['2019-09-11', 17.06, 17.63, 16.82, 17.61]
['2019-09-12', 17.5, 17.83, 17.24, 17.71]
['2019-09-13', 17.74, 18.13, 17.73, 18.08]
['2019-09-16', 17.86, 18.26, 17.86, 17.98]
['2019-09-17', 17.84, 18.08, 17.69, 18.01]
['2019-09-18', 17.94, 18.21, 17.89, 18.13]
['2019-09-19', 18.08, 18.34, 17.86, 18.03]
['2019-09-20', 18.01, 18.12, 17.81, 18.02]
['2019-09-23', 17.87, 18.1, 17.83, 17.99]
['2019-09-24', 17.87, 18.06, 17.68, 17.76]
['2019-09-25', 17.75, 18.02, 17.75, 17.98]
['2019-09-26', 17.91, 18.13, 17.75, 17.8]
['2019-09-27', 17.9, 18.05, 17.57, 17.7]
['2019-09-30', 17.77, 17.8, 17.33, 17.34]
['2019-10-01', 17.44, 17.62, 17.02, 17.1]
['2019-10-02', 17.02, 17.09, 16.75, 16.92]
['2019-10-03', 16.9, 16.94, 16.57, 16.89]
['2019-10-04', 16.93, 17.2, 16.86, 17.15]
['2019-10-07', 17.13, 17.26, 17.05, 17.08]
['2019-10-08', 16.93, 17.0, 16.77, 16.77]
['2019-10-09', 16.87, 16.99, 16.76, 16.91]
['2019-10-10', 16.95, 17.11, 16.89, 16.96]
['2019-10-11', 17.26, 17.38, 17.03, 17.04]
['2019-10-14', 16.97, 17.19, 16.9, 16.99]
['2019-10-15', 17.04, 17.25, 16.97, 17.16]
['2019-10-16', 17.19, 17.3, 17.09, 17.15]
['2019-10-17', 17.22, 17.41, 17.1, 17.28]
['2019-10-18', 17.16, 17.47, 17.16, 17.39]
['2019-10-21', 17.54, 17.86, 17.54, 17.75]
['2019-10-22', 17.67, 18.02, 17.54, 17.8]
['2019-10-23', 17.77, 17.92, 17.7, 17.85]
['2019-10-24', 17.79, 17.96, 17.61, 17.93]
['2019-10-25', 18.5, 18.63, 17.72, 18.13]
['2019-10-28', 18.36, 19.08, 18.36, 18.89]
['2019-10-29', 18.76, 19.01, 18.76, 19.0]
['2019-10-30', 18.87, 19.07, 18.8, 18.94]
['2019-10-31', 18.92, 18.92, 18.34, 18.65]
['2019-11-01', 18.72, 18.97, 18.59, 18.83]
['2019-11-04', 18.96, 19.09, 18.86, 19.01]
['2019-11-05', 19.11, 19.27, 18.97, 19.02]
['2019-11-06', 18.99, 19.17, 18.9, 18.99]
['2019-11-07', 19.16, 19.28, 18.9, 18.98]
['2019-11-08', 18.96, 19.02, 18.8, 18.85]
['2019-11-11', 18.78, 19.0, 18.64, 18.95]
['2019-11-12', 18.91, 19.15, 18.79, 18.98]
['2019-11-13', 18.78, 18.86, 18.67, 18.79]
['2019-11-14', 18.69, 18.98, 18.66, 18.82]
['2019-11-15', 18.97, 19.02, 18.76, 18.82]
['2019-11-18', 18.9, 18.9, 18.5, 18.65]
['2019-11-19', 18.71, 18.9, 18.67, 18.82]
['2019-11-20', 18.7, 18.92, 18.51, 18.67]
['2019-11-21', 18.76, 18.76, 18.56, 18.65]
['2019-11-22', 18.75, 18.76, 18.59, 18.71]
['2019-11-25', 18.69, 19.12, 18.64, 19.05]
['2019-11-26', 19.03, 19.16, 18.81, 18.87]
['2019-11-27', 18.98, 19.02, 18.81, 18.95]
['2019-11-29', 18.86, 19.08, 18.83, 18.92]
['2019-12-02', 19.01, 19.05, 18.66, 18.72]
['2019-12-03', 18.56, 18.6, 18.33, 18.45]
['2019-12-04', 18.47, 18.83, 18.39, 18.64]
['2019-12-05', 18.71, 18.78, 18.55, 18.7]
['2019-12-06', 18.87, 18.99, 18.67, 18.73]
['2019-12-09', 18.73, 18.9, 18.68, 18.76]
['2019-12-10', 18.76, 18.86, 18.76, 18.85]
['2019-12-11', 18.81, 19.0, 18.76, 18.93]
['2019-12-12', 18.93, 19.26, 18.92, 19.01]
['2019-12-13', 18.92, 19.03, 18.73, 18.9]
['2019-12-16', 19.11, 19.11, 18.86, 18.92]
['2019-12-17', 18.97, 19.0, 18.81, 18.92]
['2019-12-18', 18.99, 18.99, 18.74, 18.86]
['2019-12-19', 18.92, 19.0, 18.75, 19.0]
['2019-12-20', 18.95, 19.07, 18.9, 18.98]
['2019-12-23', 18.92, 19.04, 18.51, 18.6]
['2019-12-24', 18.59, 18.77, 18.52, 18.72]
['2019-12-26', 18.67, 18.72, 18.57, 18.62]
['2019-12-27', 18.6, 18.61, 18.33, 18.36]
['2019-12-30', 18.29, 18.71, 18.27, 18.35]
['2019-12-31', 18.25, 18.48, 18.25, 18.35]
['2020-01-02', 18.58, 18.58, 18.12, 18.25]
['2020-01-03', 18.11, 18.22, 17.98, 18.06]
['2020-01-06', 17.86, 17.98, 17.62, 17.69]
['2020-01-07', 17.63, 17.63, 17.42, 17.57]
['2020-01-08', 17.56, 17.79, 17.56, 17.74]
['2020-01-09', 17.81, 17.94, 17.7, 17.9]
['2020-01-10', 17.87, 17.97, 17.79, 17.9]
['2020-01-13', 17.91, 18.07, 17.77, 17.98]
['2020-01-14', 18.02, 18.1, 17.91, 17.95]
['2020-01-15', 17.81, 17.95, 17.81, 17.9]
['2020-01-16', 18.01, 18.21, 17.91, 18.01]
['2020-01-17', 18.11, 18.23, 17.85, 17.92]
['2020-01-21', 17.9, 17.98, 17.8, 17.86]
['2020-01-22', 17.83, 17.95, 17.8, 17.86]
['2020-01-23', 17.8, 17.9, 17.67, 17.83]
['2020-01-24', 17.81, 17.87, 17.61, 17.74]
['2020-01-27', 17.45, 17.65, 17.42, 17.6]
['2020-01-28', 17.66, 17.85, 17.5, 17.68]
['2020-01-29', 17.65, 17.86, 17.53, 17.57]
['2020-01-30', 17.41, 17.71, 17.41, 17.69]
['2020-01-31', 17.99, 19.0, 17.99, 18.87]
['2020-02-03', 18.87, 19.01, 18.64, 18.74]
['2020-02-04', 18.95, 19.01, 18.71, 18.84]
['2020-02-05', 18.95, 19.42, 18.95, 19.38]
['2020-02-06', 19.5, 19.62, 19.12, 19.13]
['2020-02-07', 19.07, 19.12, 18.92, 18.98]
['2020-02-10', 18.87, 19.17, 18.79, 19.12]
['2020-02-11', 19.18, 19.56, 19.18, 19.38]
['2020-02-12', 19.49, 19.65, 19.41, 19.6]
['2020-02-13', 19.59, 20.0, 19.52, 20.0]
['2020-02-14', 20.0, 20.21, 19.88, 19.94]
['2020-02-18', 19.92, 20.03, 19.75, 19.87]
['2020-02-19', 19.84, 20.13, 19.84, 20.0]
['2020-02-20', 19.88, 20.1, 19.85, 19.97]
['2020-02-21', 19.97, 19.97, 19.66, 19.74]
['2020-02-24', 19.29, 19.69, 19.29, 19.62]
['2020-02-25', 19.53, 19.61, 18.98, 19.15]
['2020-02-26', 19.19, 19.33, 18.94, 19.07]
['2020-02-27', 18.82, 19.24, 18.31, 18.53]
['2020-02-28', 18.11, 18.35, 17.72, 18.13]
['2020-03-02', 18.06, 18.81, 17.89, 18.75]
['2020-03-03', 18.67, 18.67, 18.01, 18.25]
['2020-03-04', 18.36, 18.52, 17.95, 18.48]
['2020-03-05', 18.5, 18.5, 17.44, 17.67]
['2020-03-06', 16.78, 17.15, 16.4, 16.88]
['2020-03-09', 15.85, 15.85, 14.72, 14.9]
['2020-03-10', 15.28, 15.7, 14.69, 15.69]
['2020-03-11', 15.26, 15.26, 14.41, 14.59]
['2020-03-12', 13.79, 14.62, 12.73, 13.74]
['2020-03-13', 14.44, 14.9, 13.71, 14.62]
['2020-03-16', 14.95, 14.95, 12.52, 12.53]
['2020-03-17', 12.76, 13.81, 12.31, 13.78]
['2020-03-18', 12.99, 13.03, 9.9, 9.91]
['2020-03-19', 9.92, 11.26, 9.56, 10.96]
['2020-03-20', 10.88, 11.01, 9.4, 9.72]
['2020-03-23', 9.76, 9.76, 8.89, 9.51]
['2020-03-24', 10.08, 10.71, 9.86, 10.67]
['2020-03-25', 10.75, 10.81, 10.18, 10.48]
['2020-03-26', 10.62, 12.07, 10.62, 11.97]
['2020-03-27', 11.5, 12.07, 11.15, 11.67]
['2020-03-30', 11.69, 12.16, 11.11, 12.15]
['2020-03-31', 12.05, 12.51, 11.36, 11.87]
['2020-04-01', 11.55, 12.19, 10.47, 10.59]
['2020-04-02', 10.48, 11.24, 10.14, 10.82]
['2020-04-03', 10.66, 12.28, 10.26, 10.55]
['2020-04-06', 11.04, 11.62, 11.04, 11.48]
['2020-04-07', 11.81, 12.0, 10.93, 11.07]
['2020-04-08', 11.2, 11.49, 11.01, 11.16]
['2020-04-09', 11.41, 12.61, 11.41, 12.48]
['2020-04-13', 12.37, 12.37, 11.28, 11.51]
['2020-04-14', 11.66, 12.0, 11.24, 11.54]
['2020-04-15', 10.95, 11.17, 10.48, 10.51]
['2020-04-16', 10.61, 10.86, 9.87, 10.32]
['2020-04-17', 10.61, 11.46, 10.08, 11.33]
['2020-04-20', 10.91, 11.35, 10.55, 10.97]
['2020-04-21', 10.47, 10.92, 10.44, 10.86]
['2020-04-22', 11.19, 11.2, 10.88, 11.01]
['2020-04-23', 10.94, 11.3, 10.89, 11.16]
['2020-04-24', 10.86, 11.17, 10.57, 11.0]
['2020-04-27', 10.92, 12.19, 10.92, 12.09]
['2020-04-28', 12.61, 12.82, 12.14, 12.73]
['2020-04-29', 13.34, 13.98, 12.86, 13.46]
['2020-04-30', 12.9, 13.01, 12.12, 12.55]
['2020-05-01', 12.15, 12.4, 11.83, 12.1]
['2020-05-04', 11.93, 12.03, 11.64, 11.91]
['2020-05-05', 12.4, 12.42, 11.26, 11.34]
['2020-05-06', 11.52, 11.61, 10.82, 10.91]
['2020-05-07', 11.18, 11.25, 10.87, 11.08]
['2020-05-08', 11.45, 11.76, 11.43, 11.72]
['2020-05-11', 11.73, 11.79, 11.04, 11.33]
['2020-05-12', 11.37, 11.37, 10.51, 10.55]
['2020-05-13', 10.41, 10.76, 9.5, 9.86]
['2020-05-14', 9.72, 9.8, 9.18, 9.8]
['2020-05-15', 9.92, 10.1, 9.56, 9.95]
['2020-05-18', 10.55, 11.16, 10.55, 11.13]
['2020-05-19', 11.0, 11.64, 10.21, 10.5]
['2020-05-20', 10.76, 11.01, 10.76, 10.94]
['2020-05-21', 10.94, 11.04, 10.75, 10.9]
['2020-05-22', 10.95, 11.02, 10.52, 10.65]
['2020-05-26', 11.2, 11.43, 11.01, 11.22]
['2020-05-27', 11.78, 11.99, 11.33, 11.89]
['2020-05-28', 12.22, 12.22, 11.46, 11.54]
['2020-05-29', 11.46, 11.61, 11.18, 11.4]
['2020-06-01', 11.34, 11.72, 11.15, 11.39]
['2020-06-02', 11.56, 11.6, 11.05, 11.21]
['2020-06-03', 11.51, 12.0, 11.28, 11.32]
['2020-06-04', 11.25, 11.65, 11.25, 11.4]
['2020-06-05', 12.32, 13.62, 12.04, 13.25]
