['2017-05-25', 15.0, 16.75, 14.6, 15.01]
['2017-05-26', 15.25, 17.39, 15.23, 17.11]
['2017-05-30', 18.19, 18.94, 17.3, 17.9]
['2017-05-31', 18.48, 18.48, 17.31, 17.65]
['2017-06-01', 17.44, 18.3, 16.78, 17.94]
['2017-06-02', 17.8, 18.19, 17.54, 17.85]
['2017-06-05', 17.81, 19.65, 17.5, 19.58]
['2017-06-06', 19.88, 20.72, 18.6, 18.66]
['2017-06-07', 18.63, 19.5, 18.18, 19.42]
['2017-06-08', 19.22, 20.0, 19.14, 19.19]
['2017-06-09', 19.09, 19.45, 18.5, 18.65]
['2017-06-12', 17.95, 18.6, 17.75, 18.37]
['2017-06-13', 18.5, 19.34, 18.5, 18.9]
['2017-06-14', 18.8, 19.32, 18.29, 18.42]
['2017-06-15', 18.42, 18.6, 17.81, 18.16]
['2017-06-16', 18.12, 18.89, 18.05, 18.22]
['2017-06-19', 17.97, 18.05, 17.05, 17.97]
['2017-06-20', 17.84, 18.07, 17.41, 17.61]
['2017-06-21', 17.5, 17.71, 16.92, 17.19]
['2017-06-22', 17.21, 17.44, 16.93, 17.02]
['2017-06-23', 17.09, 18.59, 17.0, 18.47]
['2017-06-26', 18.4, 18.65, 18.1, 18.25]
['2017-06-27', 18.12, 18.45, 17.65, 18.02]
['2017-06-28', 18.05, 18.25, 17.85, 18.11]
['2017-06-29', 17.93, 18.9, 17.93, 18.35]
['2017-06-30', 18.2, 18.5, 18.03, 18.15]
['2017-07-03', 18.14, 18.34, 17.52, 17.71]
['2017-07-05', 17.67, 17.85, 17.02, 17.81]
['2017-07-06', 17.77, 17.79, 17.25, 17.63]
['2017-07-07', 17.57, 19.27, 17.47, 18.86]
['2017-07-10', 18.8, 19.65, 18.64, 18.78]
['2017-07-11', 18.71, 19.38, 18.34, 19.09]
['2017-07-12', 19.24, 20.5, 18.91, 20.15]
['2017-07-13', 20.21, 20.21, 19.52, 19.79]
['2017-07-14', 19.86, 20.87, 19.72, 20.33]
['2017-07-17', 20.5, 21.45, 20.0, 20.24]
['2017-07-18', 20.38, 21.25, 20.05, 20.95]
['2017-07-19', 21.16, 21.35, 20.72, 20.97]
['2017-07-20', 21.1, 21.4, 21.09, 21.22]
['2017-07-21', 21.25, 21.49, 20.15, 20.53]
['2017-07-24', 20.5, 20.74, 19.51, 19.98]
['2017-07-25', 20.06, 20.5, 20.05, 20.25]
['2017-07-26', 20.2, 20.63, 19.76, 20.5]
['2017-07-27', 20.56, 20.56, 19.5, 19.79]
['2017-07-28', 19.68, 19.74, 19.02, 19.51]
['2017-07-31', 19.51, 19.83, 19.09, 19.56]
['2017-08-01', 19.63, 20.48, 19.45, 20.31]
['2017-08-02', 20.81, 20.84, 19.27, 19.61]
['2017-08-03', 19.78, 20.84, 19.68, 20.84]
['2017-08-04', 19.0, 20.02, 18.45, 19.71]
['2017-08-07', 19.76, 22.43, 19.61, 22.17]
['2017-08-08', 21.9, 23.28, 21.45, 22.3]
['2017-08-09', 22.25, 22.88, 21.36, 21.45]
['2017-08-10', 21.47, 21.6, 19.71, 19.89]
['2017-08-11', 19.91, 20.57, 19.87, 20.46]
['2017-08-14', 20.72, 21.1, 20.11, 20.77]
['2017-08-15', 20.65, 21.01, 20.18, 20.56]
['2017-08-16', 20.69, 20.97, 20.16, 20.61]
['2017-08-17', 20.61, 20.64, 20.15, 20.25]
['2017-08-18', 20.15, 20.54, 20.11, 20.52]
['2017-08-21', 20.47, 20.63, 20.25, 20.42]
['2017-08-22', 20.59, 21.0, 20.14, 20.68]
['2017-08-23', 20.51, 21.85, 20.51, 21.26]
['2017-08-24', 21.41, 21.86, 20.9, 21.42]
['2017-08-25', 21.59, 21.9, 21.15, 21.88]
['2017-08-28', 21.9, 22.86, 21.62, 22.54]
['2017-08-29', 22.8, 23.15, 22.44, 22.45]
['2017-08-30', 22.69, 22.89, 22.35, 22.81]
['2017-08-31', 23.04, 23.28, 22.51, 22.89]
['2017-09-01', 23.17, 23.17, 22.08, 22.24]
['2017-09-05', 22.24, 23.8, 22.21, 23.64]
['2017-09-06', 23.79, 25.26, 22.75, 24.83]
['2017-09-07', 24.75, 26.99, 24.03, 25.82]
['2017-09-08', 25.97, 26.39, 25.27, 26.15]
['2017-09-11', 26.48, 27.36, 25.86, 27.09]
['2017-09-12', 27.32, 27.89, 26.45, 27.03]
['2017-09-13', 27.06, 27.59, 25.82, 25.95]
['2017-09-14', 26.0, 26.86, 25.5, 26.43]
['2017-09-15', 26.47, 26.7, 25.74, 25.79]
['2017-09-18', 25.88, 26.56, 24.81, 25.07]
['2017-09-19', 25.3, 25.52, 25.05, 25.05]
['2017-09-20', 25.13, 25.26, 23.47, 23.7]
['2017-09-21', 23.62, 23.76, 22.43, 23.15]
['2017-09-22', 23.12, 23.42, 22.78, 22.88]
['2017-09-25', 23.0, 23.56, 21.83, 22.33]
['2017-09-26', 22.31, 23.7, 22.02, 22.95]
['2017-09-27', 23.0, 23.44, 23.0, 23.35]
['2017-09-28', 23.27, 25.24, 23.04, 25.08]
['2017-09-29', 26.53, 28.65, 25.3, 28.46]
['2017-10-02', 27.77, 27.89, 23.17, 24.01]
['2017-10-03', 24.68, 24.93, 23.56, 24.14]
['2017-10-04', 24.41, 24.48, 22.85, 22.98]
['2017-10-05', 23.22, 24.8, 22.85, 23.49]
['2017-10-06', 23.64, 24.5, 23.31, 24.16]
['2017-10-09', 24.27, 25.27, 24.16, 24.36]
['2017-10-10', 24.53, 24.98, 23.18, 23.29]
['2017-10-11', 23.54, 23.92, 23.13, 23.28]
['2017-10-12', 23.32, 24.4, 23.28, 23.69]
['2017-10-13', 23.83, 24.14, 23.45, 23.69]
['2017-10-16', 23.65, 23.89, 23.3, 23.32]
['2017-10-17', 23.5, 23.5, 23.25, 23.26]
['2017-10-18', 23.42, 23.5, 22.77, 23.02]
['2017-10-19', 23.0, 23.23, 22.88, 23.0]
['2017-10-20', 23.0, 24.01, 23.0, 23.11]
['2017-10-23', 23.0, 23.2, 21.94, 22.25]
['2017-10-24', 22.12, 23.47, 22.0, 22.49]
['2017-10-25', 22.5, 23.17, 22.1, 22.27]
['2017-10-26', 22.39, 23.93, 22.39, 23.02]
['2017-10-27', 23.47, 23.66, 22.85, 23.27]
['2017-10-30', 23.44, 23.74, 22.81, 22.95]
['2017-10-31', 23.09, 23.39, 22.73, 23.1]
['2017-11-01', 23.19, 23.76, 22.81, 22.91]
['2017-11-02', 22.97, 24.4, 22.66, 24.32]
['2017-11-03', 22.79, 24.42, 22.14, 22.66]
['2017-11-06', 22.75, 23.07, 22.38, 22.47]
['2017-11-07', 22.6, 23.5, 22.48, 22.58]
['2017-11-08', 22.61, 23.19, 22.38, 22.69]
['2017-11-09', 22.5, 22.69, 22.31, 22.4]
['2017-11-10', 22.28, 22.95, 22.28, 22.6]
['2017-11-13', 22.7, 23.32, 22.4, 23.25]
['2017-11-14', 22.5, 23.0, 21.9, 22.22]
['2017-11-15', 21.9, 22.18, 20.56, 21.24]
['2017-11-16', 20.25, 20.26, 19.75, 20.05]
['2017-11-17', 20.14, 20.18, 19.9, 20.02]
['2017-11-20', 19.96, 20.08, 19.68, 19.69]
['2017-11-21', 19.9, 20.94, 19.83, 20.67]
['2017-11-22', 20.8, 21.5, 20.55, 21.5]
['2017-11-24', 21.67, 21.82, 20.87, 21.16]
['2017-11-27', 22.0, 22.0, 20.75, 21.19]
['2017-11-28', 21.15, 21.49, 21.08, 21.21]
['2017-11-29', 21.21, 21.51, 21.16, 21.48]
['2017-11-30', 21.64, 22.09, 21.11, 22.02]
['2017-12-01', 22.25, 22.26, 20.72, 20.72]
['2017-12-04', 20.99, 21.4, 20.4, 21.2]
['2017-12-05', 21.32, 21.75, 21.01, 21.14]
['2017-12-06', 21.19, 21.48, 21.01, 21.2]
['2017-12-07', 21.25, 21.4, 20.51, 20.76]
['2017-12-08', 20.36, 20.5, 19.74, 20.06]
['2017-12-11', 20.06, 20.24, 19.62, 20.11]
['2017-12-12', 20.18, 20.69, 19.88, 20.24]
['2017-12-13', 20.25, 20.76, 20.03, 20.59]
['2017-12-14', 20.63, 20.79, 20.01, 20.46]
['2017-12-15', 20.66, 21.33, 19.84, 20.86]
['2017-12-18', 21.5, 27.14, 20.59, 25.46]
['2017-12-19', 26.96, 28.47, 25.26, 26.15]
['2017-12-20', 27.72, 27.81, 26.58, 27.28]
['2017-12-21', 28.43, 28.43, 26.0, 26.88]
['2017-12-22', 26.96, 28.67, 26.25, 27.93]
['2017-12-26', 28.58, 30.23, 28.06, 29.5]
['2017-12-27', 29.69, 31.6, 29.69, 30.32]
['2017-12-28', 30.17, 33.78, 30.17, 33.6]
['2017-12-29', 33.65, 34.53, 31.19, 31.48]
['2018-01-02', 32.82, 33.29, 32.06, 33.06]
['2018-01-03', 33.98, 36.08, 33.34, 35.73]
['2018-01-04', 40.2, 40.2, 36.9, 37.76]
['2018-01-05', 39.49, 43.26, 38.6, 39.68]
['2018-01-08', 39.0, 39.49, 32.73, 36.1]
['2018-01-09', 37.26, 37.39, 31.1, 31.87]
['2018-01-10', 31.65, 35.03, 31.25, 34.57]
['2018-01-11', 33.25, 38.3, 33.25, 36.75]
['2018-01-12', 37.37, 37.98, 36.01, 36.76]
['2018-01-16', 38.49, 38.49, 37.5, 37.69]
['2018-01-17', 38.27, 38.98, 37.85, 38.43]
['2018-01-18', 36.99, 37.83, 34.24, 36.15]
['2018-01-19', 35.11, 36.38, 35.07, 35.51]
['2018-01-22', 35.5, 35.5, 33.65, 33.71]
['2018-01-23', 33.7, 34.0, 31.61, 32.04]
['2018-01-24', 32.0, 33.45, 32.0, 32.1]
['2018-01-25', 32.3, 32.91, 32.19, 32.26]
['2018-01-26', 32.5, 32.69, 30.25, 31.39]
['2018-01-29', 31.41, 31.97, 30.25, 30.94]
['2018-01-30', 30.47, 30.8, 29.62, 30.37]
['2018-01-31', 30.55, 31.47, 30.5, 31.0]
['2018-02-01', 30.93, 31.7, 29.65, 29.8]
['2018-02-02', 29.6, 29.7, 28.1, 28.61]
['2018-02-05', 28.0, 28.38, 27.07, 27.53]
['2018-02-06', 26.26, 29.15, 26.0, 28.88]
['2018-02-07', 28.82, 29.84, 27.59, 27.72]
['2018-02-08', 27.78, 28.37, 27.32, 27.75]
['2018-02-09', 27.97, 28.63, 27.05, 28.0]
['2018-02-12', 28.55, 30.69, 28.5, 30.0]
['2018-02-13', 30.01, 31.0, 29.73, 30.64]
['2018-02-14', 29.65, 30.64, 29.02, 29.99]
['2018-02-15', 30.61, 30.88, 29.86, 30.46]
['2018-02-16', 30.5, 30.73, 30.3, 30.44]
['2018-02-20', 30.51, 30.88, 29.41, 29.52]
['2018-02-21', 29.44, 30.71, 29.33, 30.64]
['2018-02-22', 30.64, 30.7, 30.01, 30.62]
['2018-02-23', 30.8, 30.9, 28.05, 28.74]
['2018-02-26', 28.06, 28.63, 27.5, 27.73]
['2018-02-27', 27.5, 28.19, 27.4, 27.74]
['2018-02-28', 27.85, 28.01, 27.0, 27.04]
['2018-03-01', 27.0, 29.11, 27.0, 28.91]
['2018-03-02', 28.82, 29.11, 28.47, 28.74]
['2018-03-05', 28.77, 28.98, 27.53, 28.8]
['2018-03-06', 29.0, 29.11, 28.4, 28.52]
['2018-03-07', 28.18, 29.12, 28.18, 29.11]
['2018-03-08', 29.01, 29.28, 28.58, 28.71]
['2018-03-09', 28.74, 29.11, 27.66, 28.28]
['2018-03-12', 28.18, 29.13, 28.18, 29.07]
['2018-03-13', 29.0, 29.16, 27.21, 27.28]
['2018-03-14', 27.2, 28.41, 27.05, 27.85]
['2018-03-15', 27.55, 27.75, 24.94, 25.96]
['2018-03-16', 26.0, 26.63, 25.57, 26.36]
['2018-03-19', 26.6, 26.75, 26.1, 26.43]
['2018-03-20', 26.69, 26.89, 26.35, 26.76]
['2018-03-21', 26.84, 27.77, 26.51, 26.77]
['2018-03-22', 26.2, 26.61, 26.01, 26.37]
['2018-03-23', 26.01, 26.6, 25.57, 26.26]
['2018-03-26', 26.74, 26.88, 25.82, 26.38]
['2018-03-27', 26.5, 26.75, 25.6, 26.07]
['2018-03-28', 25.97, 26.15, 24.92, 24.98]
['2018-03-29', 25.16, 26.1, 24.91, 25.18]
['2018-04-02', 25.23, 26.46, 25.2, 26.24]
['2018-04-03', 26.34, 26.82, 25.85, 26.1]
['2018-04-04', 25.54, 27.65, 25.26, 27.31]
['2018-04-05', 27.29, 28.28, 26.82, 28.25]
['2018-04-06', 27.89, 28.26, 26.3, 26.94]
['2018-04-09', 27.55, 28.38, 27.1, 27.51]
['2018-04-10', 27.86, 28.13, 27.64, 27.87]
['2018-04-11', 27.9, 28.22, 27.26, 27.75]
['2018-04-12', 27.93, 27.93, 26.52, 27.27]
['2018-04-13', 27.12, 27.26, 25.4, 25.58]
['2018-04-16', 25.5, 26.62, 25.29, 26.26]
['2018-04-17', 26.3, 27.0, 26.05, 26.84]
['2018-04-18', 27.16, 27.6, 26.32, 27.27]
['2018-04-19', 27.3, 29.09, 27.3, 28.43]
['2018-04-20', 28.43, 28.74, 27.55, 27.71]
['2018-04-23', 27.65, 27.73, 25.92, 26.29]
['2018-04-24', 26.3, 27.0, 26.11, 26.38]
['2018-04-25', 26.5, 26.85, 25.01, 25.97]
['2018-04-26', 26.07, 27.49, 26.07, 26.56]
['2018-04-27', 26.68, 27.28, 26.59, 26.91]
['2018-04-30', 27.0, 27.32, 26.59, 27.11]
['2018-05-01', 28.3, 28.5, 27.47, 27.8]
['2018-05-02', 28.16, 28.75, 27.9, 28.42]
['2018-05-03', 28.46, 29.04, 28.0, 28.82]
['2018-05-04', 28.99, 29.1, 25.74, 26.25]
['2018-05-07', 26.45, 26.78, 26.15, 26.27]
['2018-05-08', 26.07, 26.68, 25.6, 26.27]
['2018-05-09', 26.46, 27.4, 26.36, 27.14]
['2018-05-10', 27.03, 29.86, 27.03, 29.47]
['2018-05-11', 30.0, 31.9, 29.92, 31.12]
['2018-05-14', 31.78, 31.9, 30.4, 30.79]
['2018-05-15', 30.85, 31.19, 29.75, 30.27]
['2018-05-16', 30.47, 31.33, 30.02, 30.64]
['2018-05-17', 30.64, 31.62, 30.59, 31.45]
['2018-05-18', 31.15, 32.19, 31.0, 31.49]
['2018-05-21', 31.77, 32.0, 30.34, 30.6]
['2018-05-22', 30.44, 31.19, 29.85, 29.94]
['2018-05-23', 29.92, 30.77, 29.61, 30.44]
['2018-05-24', 30.5, 30.95, 30.07, 30.89]
['2018-05-25', 31.0, 31.66, 30.91, 31.19]
['2018-05-29', 31.15, 31.5, 31.0, 31.45]
['2018-05-30', 31.45, 31.71, 31.05, 31.51]
['2018-05-31', 31.46, 32.0, 31.35, 31.89]
['2018-06-01', 31.91, 34.4, 31.9, 32.79]
['2018-06-04', 33.16, 33.63, 32.57, 33.58]
['2018-06-05', 33.63, 35.0, 33.63, 34.49]
['2018-06-06', 34.73, 35.84, 34.38, 35.55]
['2018-06-07', 35.77, 35.91, 32.85, 33.56]
['2018-06-08', 33.41, 33.99, 32.86, 33.53]
['2018-06-11', 33.51, 34.4, 33.5, 33.75]
['2018-06-12', 34.14, 34.99, 34.04, 34.93]
['2018-06-13', 35.0, 38.5, 34.97, 38.41]
['2018-06-14', 38.87, 40.72, 38.2, 40.01]
['2018-06-15', 41.0, 43.43, 40.47, 42.34]
['2018-06-18', 41.51, 43.61, 41.5, 43.06]
['2018-06-19', 42.36, 42.67, 39.89, 41.18]
['2018-06-20', 40.18, 40.38, 38.01, 39.65]
['2018-06-21', 39.52, 39.57, 36.7, 37.14]
['2018-06-22', 37.42, 37.5, 35.23, 35.55]
['2018-06-25', 35.14, 35.15, 32.63, 33.95]
['2018-06-26', 34.12, 36.3, 34.12, 35.16]
['2018-06-27', 35.16, 35.5, 33.06, 33.44]
['2018-06-28', 33.38, 35.64, 32.74, 35.36]
['2018-06-29', 35.93, 37.27, 35.68, 36.16]
['2018-07-02', 34.95, 35.01, 32.14, 33.64]
['2018-07-03', 33.74, 34.34, 33.15, 33.59]
['2018-07-05', 33.77, 34.03, 31.08, 31.6]
['2018-07-06', 31.65, 33.37, 31.38, 33.12]
['2018-07-09', 33.17, 33.75, 31.82, 33.22]
['2018-07-10', 33.25, 33.49, 31.68, 31.81]
['2018-07-11', 31.5, 32.7, 31.5, 32.21]
['2018-07-12', 31.96, 34.07, 31.81, 33.5]
['2018-07-13', 34.28, 34.53, 32.56, 33.13]
['2018-07-16', 33.39, 34.12, 32.6, 32.73]
['2018-07-17', 32.73, 33.62, 32.05, 33.58]
['2018-07-18', 33.72, 34.25, 32.99, 33.9]
['2018-07-19', 33.81, 34.38, 33.2, 33.31]
['2018-07-20', 33.45, 33.82, 32.76, 33.11]
['2018-07-23', 33.17, 33.96, 32.45, 33.75]
['2018-07-24', 33.75, 33.75, 31.9, 32.34]
['2018-07-25', 32.25, 33.54, 32.15, 33.2]
['2018-07-26', 32.99, 34.15, 32.23, 33.93]
['2018-07-27', 33.79, 34.22, 31.26, 32.21]
['2018-07-30', 32.3, 32.49, 29.8, 30.94]
['2018-07-31', 30.83, 31.65, 29.85, 31.08]
['2018-08-01', 31.23, 31.95, 30.34, 31.88]
['2018-08-02', 31.87, 33.35, 31.41, 33.07]
['2018-08-03', 31.87, 33.35, 29.69, 30.5]
['2018-08-06', 30.5, 32.97, 30.5, 31.75]
['2018-08-07', 32.0, 32.84, 31.56, 31.77]
['2018-08-08', 32.01, 33.99, 31.9, 33.96]
['2018-08-09', 33.83, 35.53, 33.79, 35.0]
['2018-08-10', 35.23, 37.5, 35.18, 37.35]
['2018-08-13', 37.25, 37.95, 35.11, 35.47]
['2018-08-14', 35.62, 36.3, 35.4, 35.86]
['2018-08-15', 35.71, 36.07, 34.38, 35.96]
['2018-08-16', 36.0, 36.27, 35.53, 35.89]
['2018-08-17', 35.9, 36.29, 35.11, 36.19]
['2018-08-20', 36.2, 36.98, 36.0, 36.23]
['2018-08-21', 34.99, 35.47, 33.15, 33.25]
['2018-08-22', 33.16, 34.07, 33.16, 33.78]
['2018-08-23', 33.83, 34.37, 33.15, 33.93]
['2018-08-24', 34.07, 35.7, 33.96, 34.84]
['2018-08-27', 35.0, 35.59, 34.61, 35.26]
['2018-08-28', 35.25, 35.47, 34.25, 34.62]
['2018-08-29', 34.56, 35.33, 34.38, 34.69]
['2018-08-30', 34.75, 35.09, 34.32, 34.97]
['2018-08-31', 34.95, 35.34, 34.51, 34.93]
['2018-09-04', 34.95, 36.35, 34.93, 35.88]
['2018-09-05', 35.95, 36.0, 32.6, 34.09]
['2018-09-06', 33.88, 35.15, 33.25, 34.82]
['2018-09-07', 34.4, 35.79, 34.15, 35.01]
['2018-09-10', 35.36, 36.74, 35.22, 36.46]
['2018-09-11', 36.66, 37.5, 36.01, 37.45]
['2018-09-12', 37.49, 37.64, 35.4, 36.46]
['2018-09-13', 36.5, 37.48, 36.38, 36.73]
['2018-09-14', 36.63, 37.0, 36.03, 36.84]
['2018-09-17', 36.47, 36.74, 35.17, 35.19]
['2018-09-18', 35.31, 36.01, 35.19, 35.98]
['2018-09-19', 35.98, 36.41, 33.97, 35.05]
['2018-09-20', 35.63, 35.86, 34.76, 35.63]
['2018-09-21', 35.57, 35.97, 34.16, 34.38]
['2018-09-24', 33.8, 34.5, 33.0, 34.32]
['2018-09-25', 34.46, 34.89, 34.07, 34.23]
['2018-09-26', 34.4, 34.4, 33.38, 34.14]
['2018-09-27', 34.05, 34.5, 33.6, 33.66]
['2018-09-28', 33.38, 33.86, 32.8, 33.1]
['2018-10-01', 32.75, 32.75, 29.75, 30.24]
['2018-10-02', 30.24, 30.83, 28.38, 28.42]
['2018-10-03', 28.5, 29.14, 28.22, 28.99]
['2018-10-04', 28.69, 28.9, 27.95, 28.56]
['2018-10-05', 28.3, 28.94, 27.57, 28.46]
['2018-10-08', 28.86, 28.95, 26.5, 27.28]
['2018-10-09', 27.01, 27.83, 25.71, 27.0]
['2018-10-10', 26.69, 26.71, 23.88, 24.28]
['2018-10-11', 23.91, 25.0, 23.35, 23.38]
['2018-10-12', 25.74, 26.32, 24.96, 25.51]
['2018-10-15', 26.26, 27.0, 25.0, 25.31]
['2018-10-16', 25.33, 25.87, 24.2, 25.17]
['2018-10-17', 25.75, 26.35, 25.2, 26.15]
['2018-10-18', 26.48, 26.48, 24.05, 24.62]
['2018-10-19', 24.75, 25.33, 23.0, 23.76]
['2018-10-22', 23.83, 24.92, 23.4, 24.72]
['2018-10-23', 23.75, 24.52, 22.8, 24.25]
['2018-10-24', 24.31, 24.89, 22.61, 22.99]
['2018-10-25', 23.14, 25.02, 23.1, 24.51]
['2018-10-26', 23.59, 24.8, 23.51, 24.14]
['2018-10-29', 24.54, 25.08, 23.15, 23.51]
['2018-10-30', 23.75, 25.68, 23.5, 25.33]
['2018-10-31', 25.77, 26.21, 24.84, 25.71]
['2018-11-01', 26.24, 26.35, 24.63, 26.09]
['2018-11-02', 27.0, 28.0, 24.8, 25.59]
['2018-11-05', 25.59, 27.39, 25.43, 27.16]
['2018-11-06', 26.79, 27.78, 26.35, 26.56]
['2018-11-07', 26.91, 28.78, 26.77, 28.21]
['2018-11-08', 28.16, 28.62, 27.64, 28.02]
['2018-11-09', 27.7, 27.7, 25.59, 25.98]
['2018-11-12', 25.38, 26.76, 25.1, 26.46]
['2018-11-13', 26.76, 27.17, 25.84, 26.53]
['2018-11-14', 26.71, 27.14, 25.44, 26.66]
['2018-11-15', 26.55, 27.39, 26.35, 27.22]
['2018-11-16', 27.02, 27.9, 26.8, 27.55]
['2018-11-19', 27.5, 27.85, 24.52, 25.52]
['2018-11-20', 24.23, 25.65, 24.03, 25.4]
['2018-11-21', 25.51, 26.86, 25.51, 26.18]
['2018-11-23', 26.24, 26.96, 26.18, 26.54]
['2018-11-26', 26.92, 27.22, 26.32, 27.19]
['2018-11-27', 26.98, 27.74, 26.23, 27.62]
['2018-11-28', 28.0, 29.63, 27.95, 29.09]
['2018-11-29', 29.5, 29.7, 28.79, 29.19]
['2018-11-30', 29.47, 30.4, 29.36, 30.06]
['2018-12-03', 31.0, 31.36, 29.58, 30.05]
['2018-12-04', 30.0, 30.98, 28.67, 28.7]
['2018-12-06', 28.06, 29.65, 27.62, 29.52]
['2018-12-07', 29.99, 30.04, 28.26, 28.46]
['2018-12-10', 28.43, 29.8, 28.42, 29.46]
['2018-12-11', 29.86, 30.51, 28.95, 29.06]
['2018-12-12', 29.6, 30.24, 28.95, 29.22]
['2018-12-13', 28.5, 29.01, 26.33, 26.65]
['2018-12-14', 26.6, 27.2, 26.3, 26.73]
['2018-12-17', 26.42, 26.78, 24.8, 25.13]
['2018-12-18', 25.66, 26.38, 25.0, 26.07]
['2018-12-19', 26.03, 27.45, 25.53, 26.06]
['2018-12-20', 25.83, 26.57, 24.44, 25.47]
['2018-12-21', 25.42, 25.42, 24.08, 24.93]
['2018-12-24', 24.65, 26.21, 24.65, 25.9]
['2018-12-26', 26.17, 27.89, 26.17, 27.82]
['2018-12-27', 27.56, 27.98, 26.96, 27.8]
['2018-12-28', 27.95, 28.18, 27.14, 27.61]
['2018-12-31', 27.84, 28.0, 26.25, 26.71]
['2019-01-02', 26.25, 27.32, 26.01, 26.5]
['2019-01-03', 26.07, 26.14, 25.36, 25.61]
['2019-01-04', 25.95, 26.94, 25.22, 26.91]
['2019-01-07', 27.0, 28.34, 27.0, 28.32]
['2019-01-08', 28.73, 29.22, 28.37, 29.17]
['2019-01-09', 29.22, 30.03, 29.0, 29.52]
['2019-01-10', 29.45, 30.44, 29.07, 30.35]
['2019-01-11', 30.48, 31.44, 30.13, 30.93]
['2019-01-14', 30.9, 30.9, 29.52, 29.64]
['2019-01-15', 29.7, 31.44, 29.7, 31.05]
['2019-01-16', 31.28, 31.55, 30.59, 31.02]
['2019-01-17', 31.0, 31.65, 30.81, 31.55]
['2019-01-18', 32.27, 32.39, 30.62, 31.16]
['2019-01-22', 31.13, 31.79, 31.01, 31.78]
['2019-01-23', 31.82, 32.11, 31.1, 31.57]
['2019-01-24', 31.71, 32.09, 31.18, 31.18]
['2019-01-25', 31.5, 32.03, 31.2, 31.9]
['2019-01-28', 31.54, 32.08, 31.34, 31.83]
['2019-01-29', 31.93, 32.38, 31.54, 31.66]
['2019-01-30', 31.93, 32.17, 31.42, 31.55]
['2019-01-31', 31.58, 32.36, 31.58, 32.19]
['2019-02-01', 31.24, 31.77, 30.5, 31.69]
['2019-02-04', 31.72, 32.45, 31.72, 32.2]
['2019-02-05', 32.56, 32.65, 32.02, 32.42]
['2019-02-06', 32.4, 32.75, 31.8, 32.05]
['2019-02-07', 31.7, 35.0, 31.31, 34.19]
['2019-02-08', 34.73, 36.9, 34.29, 36.78]
['2019-02-11', 37.02, 37.67, 35.6, 35.77]
['2019-02-12', 36.13, 37.4, 35.4, 37.38]
['2019-02-13', 37.84, 38.23, 37.01, 37.15]
['2019-02-14', 37.06, 39.13, 37.05, 38.47]
['2019-02-15', 38.75, 38.98, 38.08, 38.97]
['2019-02-19', 38.8, 39.51, 37.74, 38.27]
['2019-02-20', 38.34, 39.14, 38.08, 38.32]
['2019-02-21', 38.12, 39.17, 38.11, 38.75]
['2019-02-22', 36.5, 36.72, 33.5, 35.58]
['2019-02-25', 36.0, 36.46, 35.43, 36.37]
['2019-02-26', 35.7, 37.07, 35.54, 36.79]
['2019-02-27', 36.66, 37.34, 36.54, 36.91]
['2019-02-28', 36.71, 36.94, 36.12, 36.49]
['2019-03-01', 36.81, 37.28, 36.46, 36.71]
['2019-03-04', 36.95, 36.95, 33.83, 35.26]
['2019-03-05', 35.27, 36.38, 34.62, 36.27]
['2019-03-06', 36.17, 36.17, 35.05, 35.94]
['2019-03-07', 35.74, 35.99, 34.96, 35.53]
['2019-03-08', 34.9, 35.43, 34.69, 35.03]
['2019-03-11', 35.07, 36.14, 34.91, 35.73]
['2019-03-12', 35.8, 35.84, 35.24, 35.5]
['2019-03-13', 35.58, 36.17, 35.33, 35.36]
['2019-03-14', 35.15, 36.15, 35.0, 35.9]
['2019-03-15', 36.07, 36.07, 35.26, 35.4]
['2019-03-18', 35.39, 35.79, 35.2, 35.53]
['2019-03-19', 35.66, 35.84, 35.34, 35.66]
['2019-03-20', 35.68, 35.98, 35.2, 35.47]
['2019-03-21', 35.33, 36.25, 35.3, 36.07]
['2019-03-22', 35.89, 36.0, 34.49, 34.71]
['2019-03-25', 34.5, 34.55, 33.65, 34.34]
['2019-03-26', 34.49, 34.96, 34.06, 34.6]
['2019-03-27', 34.6, 34.6, 32.8, 33.47]
['2019-03-28', 33.59, 34.23, 33.21, 33.53]
['2019-03-29', 33.76, 34.47, 33.25, 34.43]
['2019-04-01', 34.77, 34.92, 33.75, 33.96]
['2019-04-02', 33.85, 34.31, 33.31, 34.21]
['2019-04-03', 34.44, 34.66, 33.9, 34.19]
['2019-04-04', 34.1, 34.24, 32.42, 33.03]
['2019-04-05', 33.02, 33.66, 32.6, 32.83]
['2019-04-08', 32.7, 32.79, 31.56, 32.57]
['2019-04-09', 32.36, 33.38, 32.22, 32.36]
['2019-04-10', 32.37, 32.81, 31.76, 31.98]
['2019-04-11', 32.05, 32.58, 31.79, 32.32]
['2019-04-12', 32.46, 32.67, 31.85, 32.57]
['2019-04-15', 32.7, 33.46, 32.34, 32.94]
['2019-04-16', 33.15, 33.24, 32.11, 32.36]
['2019-04-17', 32.5, 33.0, 31.97, 32.59]
['2019-04-18', 32.59, 32.8, 31.4, 32.68]
['2019-04-22', 32.68, 33.1, 32.53, 32.89]
['2019-04-23', 32.96, 33.67, 32.96, 33.52]
['2019-04-24', 33.74, 34.66, 33.52, 33.74]
['2019-04-25', 33.4, 34.53, 33.05, 34.26]
['2019-04-26', 34.23, 35.51, 34.02, 35.27]
['2019-04-29', 35.3, 35.8, 35.14, 35.44]
['2019-04-30', 35.5, 36.17, 35.39, 36.09]
['2019-05-01', 36.25, 36.34, 35.73, 35.75]
['2019-05-02', 35.63, 36.22, 34.71, 36.12]
['2019-05-03', 31.09, 33.32, 31.01, 32.12]
['2019-05-06', 31.32, 33.14, 30.55, 33.09]
['2019-05-07', 32.93, 33.56, 32.85, 33.27]
['2019-05-08', 32.99, 34.15, 32.9, 33.53]
['2019-05-09', 33.24, 34.14, 32.46, 33.72]
['2019-05-10', 33.61, 35.33, 33.24, 35.09]
['2019-05-13', 34.43, 34.93, 32.79, 32.89]
['2019-05-14', 33.34, 34.0, 33.19, 33.87]
['2019-05-15', 33.63, 34.41, 33.36, 34.15]
['2019-05-16', 35.11, 36.74, 34.79, 35.42]
['2019-05-17', 35.07, 35.33, 34.56, 34.96]
['2019-05-20', 34.55, 34.95, 33.6, 33.74]
['2019-05-21', 34.1, 34.43, 33.6, 33.83]
['2019-05-22', 33.65, 35.04, 33.65, 34.86]
['2019-05-23', 35.16, 36.37, 33.83, 33.98]
['2019-05-24', 34.31, 35.35, 34.26, 34.7]
['2019-05-28', 35.0, 35.4, 34.35, 35.14]
['2019-05-29', 34.97, 35.3, 34.22, 35.26]
['2019-05-30', 35.26, 36.38, 35.01, 36.12]
['2019-05-31', 35.52, 36.52, 35.44, 36.13]
['2019-06-03', 36.0, 36.57, 32.65, 33.3]
['2019-06-04', 33.92, 34.56, 33.46, 34.36]
['2019-06-05', 34.54, 34.79, 33.04, 34.73]
['2019-06-06', 34.06, 34.48, 33.15, 34.22]
['2019-06-07', 34.23, 34.68, 32.0, 32.78]
['2019-06-10', 33.06, 34.13, 32.19, 32.27]
['2019-06-11', 32.6, 32.6, 30.43, 31.36]
['2019-06-12', 31.16, 32.26, 31.16, 32.06]
['2019-06-13', 32.11, 32.88, 31.68, 32.6]
['2019-06-14', 32.36, 32.7, 31.97, 32.5]
['2019-06-17', 32.57, 34.88, 32.29, 34.68]
['2019-06-18', 34.97, 37.12, 34.81, 36.8]
['2019-06-19', 37.0, 37.8, 36.35, 37.76]
['2019-06-20', 38.0, 39.05, 37.82, 38.83]
['2019-06-21', 38.67, 39.92, 38.14, 39.75]
['2019-06-24', 39.69, 39.69, 36.56, 36.79]
['2019-06-25', 36.91, 37.28, 35.07, 35.17]
['2019-06-26', 35.27, 35.99, 34.01, 34.33]
['2019-06-27', 34.35, 36.24, 34.31, 36.08]
['2019-06-28', 36.08, 36.87, 35.75, 36.07]
['2019-07-01', 36.4, 36.72, 35.04, 35.53]
['2019-07-02', 35.84, 35.84, 34.86, 35.53]
['2019-07-03', 35.59, 36.79, 35.42, 36.69]
['2019-07-05', 36.42, 36.87, 35.93, 36.35]
['2019-07-08', 36.2, 37.55, 36.13, 37.25]
['2019-07-09', 37.22, 38.22, 37.16, 38.03]
['2019-07-10', 38.18, 38.65, 37.55, 38.56]
['2019-07-11', 38.63, 39.2, 38.05, 38.47]
['2019-07-12', 38.68, 38.69, 37.56, 38.22]
['2019-07-15', 38.33, 38.38, 37.22, 38.05]
['2019-07-16', 37.89, 37.9, 36.68, 36.98]
['2019-07-17', 37.0, 37.06, 36.43, 36.52]
['2019-07-18', 36.19, 36.73, 35.72, 36.61]
['2019-07-19', 36.63, 37.16, 36.0, 36.01]
['2019-07-22', 36.27, 36.65, 35.91, 36.33]
['2019-07-23', 36.42, 37.0, 35.58, 36.9]
['2019-07-24', 36.95, 39.94, 36.56, 39.89]
['2019-07-25', 39.84, 41.04, 39.33, 41.03]
['2019-07-26', 39.61, 41.53, 39.25, 39.89]
['2019-07-29', 39.92, 40.12, 38.84, 39.37]
['2019-07-30', 39.26, 40.1, 39.18, 39.41]
['2019-07-31', 39.42, 40.19, 38.69, 39.29]
['2019-08-01', 39.31, 40.1, 38.47, 38.55]
['2019-08-02', 38.17, 38.75, 37.46, 38.71]
['2019-08-05', 38.37, 39.08, 37.25, 38.95]
['2019-08-06', 39.23, 39.99, 39.12, 39.82]
['2019-08-07', 39.41, 41.21, 38.84, 40.84]
['2019-08-08', 41.31, 43.58, 40.98, 43.24]
['2019-08-09', 45.05, 51.99, 44.2, 51.45]
['2019-08-12', 51.53, 54.12, 50.33, 53.8]
['2019-08-13', 51.45, 55.2, 50.76, 55.01]
['2019-08-14', 53.45, 57.63, 53.45, 56.58]
['2019-08-15', 56.8, 57.36, 55.2, 56.13]
['2019-08-16', 56.49, 60.29, 56.49, 59.54]
['2019-08-19', 60.15, 61.01, 58.24, 59.9]
['2019-08-20', 59.77, 59.9, 56.68, 57.87]
['2019-08-21', 59.09, 61.27, 58.2, 58.96]
['2019-08-22', 59.01, 60.56, 57.79, 60.24]
['2019-08-23', 60.24, 62.94, 59.72, 60.06]
['2019-08-26', 60.54, 61.83, 59.94, 61.43]
['2019-08-27', 62.05, 62.05, 58.92, 60.06]
['2019-08-28', 59.49, 59.49, 57.9, 58.37]
['2019-08-29', 58.78, 60.33, 58.37, 59.71]
['2019-08-30', 60.06, 61.0, 58.5, 59.47]
['2019-09-03', 59.25, 59.81, 57.14, 57.29]
['2019-09-04', 57.65, 58.91, 57.08, 58.0]
['2019-09-05', 55.85, 56.55, 52.61, 55.3]
['2019-09-06', 55.39, 55.9, 52.09, 52.6]
['2019-09-09', 52.59, 52.59, 48.2, 49.0]
['2019-09-10', 48.64, 49.24, 47.58, 48.12]
['2019-09-11', 48.6, 49.79, 47.35, 49.08]
['2019-09-12', 49.47, 50.41, 48.57, 48.66]
['2019-09-13', 48.51, 48.85, 46.59, 47.5]
['2019-09-16', 46.62, 48.63, 46.05, 48.05]
['2019-09-17', 48.4, 49.24, 48.29, 48.98]
['2019-09-18', 48.54, 48.85, 46.45, 48.2]
['2019-09-19', 48.3, 49.08, 47.29, 47.57]
['2019-09-20', 47.45, 49.07, 47.06, 48.65]
['2019-09-23', 48.68, 49.23, 47.49, 48.35]
['2019-09-24', 48.89, 49.61, 47.6, 48.75]
['2019-09-25', 48.55, 51.14, 47.82, 50.46]
['2019-09-26', 50.71, 50.9, 47.29, 48.38]
['2019-09-27', 48.55, 48.55, 45.08, 46.23]
['2019-09-30', 46.29, 48.06, 45.99, 47.5]
['2019-10-01', 47.81, 48.28, 46.91, 47.29]
['2019-10-02', 47.54, 47.79, 46.26, 47.23]
['2019-10-03', 46.34, 48.97, 46.01, 48.33]
['2019-10-04', 49.07, 49.71, 48.25, 48.94]
['2019-10-07', 48.46, 49.11, 47.94, 48.27]
['2019-10-08', 48.08, 48.32, 46.33, 47.48]
['2019-10-09', 47.85, 48.79, 47.6, 47.94]
['2019-10-10', 47.88, 48.9, 47.14, 48.68]
['2019-10-11', 50.01, 51.28, 49.81, 50.49]
['2019-10-14', 50.88, 52.45, 50.65, 50.82]
['2019-10-15', 50.84, 51.49, 49.0, 50.33]
['2019-10-16', 50.0, 50.0, 44.91, 45.19]
['2019-10-17', 45.68, 46.5, 43.05, 43.31]
['2019-10-18', 43.21, 43.56, 40.7, 41.48]
['2019-10-21', 41.61, 42.51, 40.98, 41.94]
['2019-10-22', 42.44, 43.7, 41.04, 41.35]
['2019-10-23', 41.12, 43.16, 40.84, 41.68]
['2019-10-24', 42.69, 44.2, 41.85, 43.68]
['2019-10-25', 43.54, 44.9, 42.83, 44.65]
['2019-10-28', 45.34, 45.34, 43.28, 44.23]
['2019-10-29', 44.73, 45.09, 44.12, 44.34]
['2019-10-30', 44.68, 45.58, 44.17, 45.24]
['2019-10-31', 45.09, 45.31, 42.18, 44.64]
['2019-11-01', 42.44, 45.32, 40.75, 44.4]
['2019-11-04', 44.81, 46.26, 43.28, 43.6]
['2019-11-05', 43.5, 44.1, 41.3, 42.55]
['2019-11-06', 42.31, 42.6, 40.81, 42.27]
['2019-11-07', 41.66, 42.35, 40.5, 41.07]
['2019-11-08', 40.91, 42.34, 40.35, 41.95]
['2019-11-11', 41.48, 42.71, 41.03, 42.69]
['2019-11-12', 42.53, 42.75, 41.62, 41.85]
['2019-11-13', 41.82, 41.97, 41.12, 41.34]
['2019-11-14', 41.35, 42.98, 41.25, 42.84]
['2019-11-15', 43.27, 43.99, 42.87, 43.85]
['2019-11-18', 43.98, 44.25, 43.24, 43.45]
['2019-11-19', 43.51, 43.83, 43.09, 43.56]
['2019-11-20', 43.42, 44.94, 43.29, 44.06]
['2019-11-21', 44.22, 44.61, 42.06, 42.07]
['2019-11-22', 42.05, 42.41, 39.85, 40.6]
['2019-11-25', 40.81, 44.3, 40.81, 43.8]
['2019-11-26', 44.07, 45.47, 43.4, 43.62]
['2019-11-27', 43.74, 44.42, 43.63, 43.98]
['2019-11-29', 43.84, 43.94, 42.9, 43.08]
['2019-12-02', 42.79, 42.99, 39.76, 40.79]
['2019-12-03', 39.92, 41.56, 39.92, 41.21]
['2019-12-04', 41.41, 41.95, 40.86, 41.22]
['2019-12-05', 41.2, 41.65, 40.63, 41.0]
['2019-12-06', 41.1, 41.3, 40.77, 41.0]
['2019-12-09', 40.95, 41.37, 40.64, 40.67]
['2019-12-10', 40.61, 41.46, 40.39, 41.32]
['2019-12-11', 41.27, 41.27, 39.48, 39.57]
['2019-12-12', 39.57, 40.63, 38.75, 40.44]
['2019-12-13', 41.07, 42.15, 40.73, 41.67]
['2019-12-16', 42.21, 43.15, 42.01, 42.32]
['2019-12-17', 42.79, 42.91, 40.02, 40.13]
['2019-12-18', 40.49, 41.05, 39.96, 40.14]
['2019-12-19', 40.45, 41.75, 40.21, 41.28]
['2019-12-20', 41.66, 41.96, 41.33, 41.71]
['2019-12-23', 41.71, 41.75, 39.39, 40.02]
['2019-12-24', 39.83, 39.85, 37.77, 38.21]
['2019-12-26', 38.5, 39.11, 37.6, 38.56]
['2019-12-27', 38.67, 38.75, 37.52, 37.73]
['2019-12-30', 37.77, 37.9, 36.87, 37.7]
['2019-12-31', 37.65, 38.81, 37.5, 38.21]
['2020-01-02', 38.67, 39.35, 38.05, 38.78]
['2020-01-03', 38.33, 38.83, 37.93, 38.13]
['2020-01-06', 38.13, 38.99, 38.09, 38.89]
['2020-01-07', 38.95, 39.98, 38.74, 39.02]
['2020-01-08', 39.02, 40.39, 38.83, 40.11]
['2020-01-09', 40.67, 43.5, 39.72, 42.89]
['2020-01-10', 44.7, 45.84, 43.81, 44.34]
['2020-01-13', 45.9, 50.0, 45.81, 49.39]
['2020-01-14', 49.5, 50.48, 47.82, 49.31]
['2020-01-15', 49.9, 53.68, 49.7, 53.0]
['2020-01-16', 54.0, 55.02, 52.95, 54.11]
['2020-01-17', 54.56, 56.3, 52.62, 53.09]
['2020-01-21', 53.0, 53.41, 49.25, 49.55]
['2020-01-22', 50.02, 51.33, 49.13, 49.85]
['2020-01-23', 49.8, 49.84, 47.7, 48.54]
['2020-01-24', 49.11, 50.45, 47.91, 48.65]
['2020-01-27', 49.21, 49.26, 46.88, 47.82]
['2020-01-28', 48.36, 49.94, 47.75, 49.81]
['2020-01-29', 50.84, 51.53, 49.82, 50.77]
['2020-01-30', 50.79, 51.94, 50.42, 51.53]
['2020-01-31', 51.5, 51.63, 50.54, 51.04]
['2020-02-03', 50.72, 51.9, 49.55, 51.77]
['2020-02-04', 52.85, 55.45, 52.28, 54.8]
['2020-02-05', 55.89, 56.16, 50.68, 52.55]
['2020-02-06', 53.09, 54.06, 52.48, 53.24]
['2020-02-07', 53.28, 53.87, 52.51, 53.16]
['2020-02-10', 53.25, 54.77, 53.25, 54.55]
['2020-02-11', 54.85, 55.59, 53.77, 54.38]
['2020-02-12', 54.83, 55.89, 53.61, 55.86]
['2020-02-13', 55.47, 57.54, 55.09, 57.34]
['2020-02-14', 59.21, 61.11, 58.36, 59.82]
['2020-02-18', 61.98, 63.77, 60.03, 63.3]
['2020-02-19', 63.27, 63.5, 60.78, 62.07]
['2020-02-20', 61.89, 63.67, 60.3, 62.68]
['2020-02-21', 56.12, 56.2, 47.09, 48.65]
['2020-02-24', 46.06, 48.28, 45.02, 46.78]
['2020-02-25', 47.5, 48.07, 45.37, 47.23]
['2020-02-26', 47.06, 48.5, 46.42, 47.09]
['2020-02-27', 45.2, 46.78, 44.0, 45.02]
['2020-02-28', 42.72, 44.95, 42.1, 44.15]
['2020-03-02', 45.59, 46.24, 43.42, 45.89]
['2020-03-03', 47.33, 49.0, 45.21, 46.88]
['2020-03-04', 48.0, 51.11, 47.3, 50.85]
['2020-03-05', 49.68, 50.14, 48.22, 48.96]
['2020-03-06', 47.31, 47.75, 44.76, 46.1]
['2020-03-09', 42.0, 45.39, 40.25, 43.35]
['2020-03-10', 45.28, 45.39, 42.12, 43.14]
['2020-03-11', 42.06, 42.65, 39.6, 40.41]
['2020-03-12', 36.39, 38.34, 32.66, 35.28]
['2020-03-13', 37.74, 38.01, 32.59, 35.7]
['2020-03-16', 32.0, 35.36, 29.36, 32.29]
['2020-03-17', 32.33, 38.87, 31.48, 35.92]
['2020-03-18', 33.44, 35.57, 29.14, 31.54]
['2020-03-19', 31.25, 36.42, 29.07, 35.37]
['2020-03-20', 37.16, 38.75, 33.43, 35.42]
['2020-03-23', 35.05, 36.56, 32.5, 32.75]
['2020-03-24', 35.0, 38.19, 34.8, 38.0]
['2020-03-25', 38.5, 41.92, 37.51, 38.35]
['2020-03-26', 38.88, 42.69, 38.62, 41.63]
['2020-03-27', 40.05, 40.7, 38.75, 39.0]
['2020-03-30', 39.26, 41.11, 39.04, 40.8]
['2020-03-31', 40.32, 42.0, 39.38, 40.23]
['2020-04-01', 38.72, 38.93, 35.0, 35.72]
['2020-04-02', 35.41, 35.74, 32.62, 34.93]
['2020-04-03', 35.63, 36.23, 30.68, 31.36]
['2020-04-06', 33.56, 36.13, 33.26, 35.29]
['2020-04-07', 37.4, 37.98, 34.5, 35.53]
['2020-04-08', 36.33, 36.99, 34.92, 36.7]
['2020-04-09', 37.47, 39.2, 36.21, 36.89]
['2020-04-13', 39.33, 40.97, 37.54, 39.97]
['2020-04-14', 40.59, 41.1, 38.91, 40.71]
['2020-04-15', 39.0, 40.37, 38.37, 39.53]
['2020-04-16', 40.17, 44.2, 39.71, 43.82]
['2020-04-17', 45.89, 46.06, 42.18, 42.57]
['2020-04-20', 41.91, 44.48, 41.2, 43.27]
['2020-04-21', 42.49, 42.97, 38.5, 39.49]
['2020-04-22', 41.57, 42.98, 41.11, 42.09]
['2020-04-23', 42.15, 43.49, 41.45, 42.07]
['2020-04-24', 42.35, 42.77, 41.37, 42.36]
['2020-04-27', 43.64, 44.65, 43.01, 43.64]
['2020-04-28', 44.41, 44.99, 41.96, 43.72]
['2020-04-29', 44.5, 46.75, 43.5, 46.32]
['2020-04-30', 46.41, 47.36, 44.6, 45.67]
['2020-05-01', 44.84, 45.2, 41.76, 42.25]
['2020-05-04', 41.69, 44.87, 41.03, 44.36]
['2020-05-05', 45.35, 47.25, 44.83, 46.52]
['2020-05-06', 47.02, 49.48, 46.6, 49.23]
['2020-05-07', 51.0, 53.84, 49.53, 53.23]
['2020-05-08', 49.76, 50.5, 47.0, 49.45]
['2020-05-11', 48.8, 52.0, 48.31, 51.03]
['2020-05-12', 50.78, 51.51, 48.14, 48.16]
['2020-05-13', 48.5, 48.97, 44.21, 45.58]
['2020-05-14', 44.23, 48.9, 43.3, 47.81]
['2020-05-15', 48.95, 51.78, 47.55, 51.1]
['2020-05-18', 54.26, 54.97, 52.56, 52.9]
['2020-05-19', 53.74, 58.0, 53.36, 56.86]
['2020-05-20', 58.9, 60.13, 57.03, 57.9]
['2020-05-21', 58.91, 61.81, 57.31, 60.73]
['2020-05-22', 61.6, 64.69, 60.0, 62.04]
['2020-05-26', 63.71, 64.72, 62.15, 62.44]
['2020-05-27', 62.35, 62.64, 55.31, 60.1]
['2020-05-28', 59.07, 63.15, 58.89, 59.28]
['2020-05-29', 56.24, 57.23, 54.52, 56.96]
['2020-06-01', 57.54, 59.4, 56.58, 57.94]
['2020-06-02', 58.45, 59.15, 57.12, 58.54]
['2020-06-03', 59.02, 61.37, 58.6, 61.04]
['2020-06-04', 60.24, 60.72, 56.68, 57.13]
['2020-06-05', 57.13, 57.44, 53.11, 53.61]
