['2015-07-31', 6.5, 6.55, 5.25, 5.35]
['2015-08-03', 5.93, 5.97, 4.85, 5.025]
['2015-08-04', 4.9, 5.05, 4.66, 4.99]
['2015-08-05', 4.99, 5.1, 4.78, 5.0]
['2015-08-06', 5.04, 5.24, 5.04, 5.15]
['2015-08-07', 5.15, 5.6, 5.15, 5.42]
['2015-08-10', 5.45, 5.55, 5.3, 5.31]
['2015-08-11', 5.4, 5.475, 5.3, 5.36]
['2015-08-12', 5.38, 5.559, 5.36, 5.49]
['2015-08-13', 5.55, 5.61, 5.33, 5.36]
['2015-08-14', 5.61, 5.75, 5.3, 5.44]
['2015-08-17', 5.5, 5.56, 5.3, 5.5]
['2015-08-18', 5.5, 5.5, 5.21, 5.5]
['2015-08-19', 5.26, 5.4, 5.11, 5.19]
['2015-08-20', 5.09, 5.39, 4.76, 4.88]
['2015-08-21', 4.85, 5.14, 4.85, 5.0]
['2015-08-24', 5.05, 5.05, 4.62, 4.78]
['2015-08-25', 4.8, 5.0, 4.5, 5.0]
['2015-08-26', 5.0, 5.0, 4.8, 5.0]
['2015-08-27', 4.9, 4.99, 4.752, 4.92]
['2015-08-28', 4.99, 5.2, 4.86, 5.2]
['2015-08-31', 5.14, 5.14, 4.847, 4.99]
['2015-09-01', 4.84, 4.99, 4.65, 4.85]
['2015-09-02', 4.93, 4.93, 4.783, 4.84]
['2015-09-03', 4.88, 5.09, 4.88, 4.98]
['2015-09-04', 5.0, 5.0, 4.88, 4.96]
['2015-09-08', 5.1, 5.1, 4.95, 5.07]
['2015-09-09', 5.03, 5.1, 5.01, 5.09]
['2015-09-10', 5.03, 5.1, 5.0, 5.05]
['2015-09-11', 4.91, 5.45, 4.91, 5.45]
['2015-09-14', 5.43, 5.55, 5.11, 5.26]
['2015-09-15', 5.41, 5.49, 5.12, 5.23]
['2015-09-16', 5.29, 5.42, 5.21, 5.38]
['2015-09-17', 5.33, 5.455, 5.3, 5.375]
['2015-09-18', 5.31, 5.45, 4.94, 4.94]
['2015-09-21', 5.05, 5.17, 5.0, 5.01]
['2015-09-22', 5.01, 5.3, 4.81, 4.9]
['2015-09-23', 4.821, 5.04, 4.7, 4.98]
['2015-09-24', 4.78, 5.08, 4.71, 4.92]
['2015-09-25', 4.9, 5.1, 4.825, 4.9]
['2015-09-28', 4.8, 5.0, 4.8, 4.89]
['2015-09-29', 4.81, 4.97, 4.8, 4.92]
['2015-09-30', 5.0, 5.2, 4.99, 5.07]
['2015-10-01', 5.14, 5.15, 5.0, 5.08]
['2015-10-02', 5.03, 5.15, 5.01, 5.11]
['2015-10-05', 5.18, 5.18, 5.1, 5.13]
['2015-10-06', 5.13, 5.14, 5.0, 5.14]
['2015-10-07', 5.05, 5.05, 5.0, 5.0]
['2015-10-08', 5.0, 5.15, 5.0, 5.06]
['2015-10-09', 5.0, 5.14, 5.0, 5.08]
['2015-10-12', 5.0, 5.14, 5.0, 5.14]
['2015-10-13', 5.01, 5.01, 5.0, 5.0]
['2015-10-14', 5.039, 5.2, 5.024, 5.19]
['2015-10-15', 5.0, 5.2, 5.0, 5.09]
['2015-10-16', 5.2, 5.2, 5.1, 5.175]
['2015-10-19', 5.2, 5.2, 5.11, 5.11]
['2015-10-20', 5.17, 5.2, 5.05, 5.19]
['2015-10-21', 5.19, 5.19, 4.9, 4.9]
['2015-10-22', 5.17, 5.17, 4.89, 4.89]
['2015-10-23', 4.916, 5.0, 4.86, 4.93]
['2015-10-26', 5.033, 5.11, 4.97, 5.05]
['2015-10-27', 4.99, 4.99, 4.801, 4.86]
['2015-10-28', 5.08, 5.08, 4.82, 4.847]
['2015-10-29', 4.9, 5.0, 4.9, 4.98]
['2015-10-30', 4.97, 5.0, 4.96, 5.0]
['2015-11-02', 4.94, 4.95, 4.76, 4.89]
['2015-11-03', 4.98, 5.05, 4.944, 5.01]
['2015-11-04', 5.04, 5.05, 4.9, 5.0]
['2015-11-05', 4.95, 5.0, 4.95, 4.991]
['2015-11-06', 5.08, 5.08, 5.001, 5.02]
['2015-11-09', 5.04, 5.2, 4.867, 5.1]
['2015-11-10', 5.15, 5.37, 5.05, 5.357]
['2015-11-11', 5.37, 5.37, 5.18, 5.19]
['2015-11-12', 5.29, 5.37, 5.29, 5.3]
['2015-11-13', 5.349, 5.349, 5.13, 5.145]
['2015-11-16', 5.34, 5.34, 5.15, 5.16]
['2015-11-17', 5.2, 5.2, 5.0, 5.18]
['2015-11-18', 5.05, 5.06, 5.0, 5.0]
['2015-11-19', 5.049, 5.05, 5.01, 5.04]
['2015-11-20', 5.028, 5.09, 4.9, 4.99]
['2015-11-23', 4.99, 5.1, 4.99, 5.06]
['2015-11-24', 5.1, 5.13, 5.02, 5.13]
['2015-11-25', 5.186, 5.186, 5.08, 5.08]
['2015-11-27', 5.11, 5.17, 5.109, 5.17]
['2015-11-30', 5.12, 5.12, 5.0, 5.05]
['2015-12-01', 5.1, 5.2, 5.1, 5.16]
['2015-12-02', 5.16, 5.18, 5.14, 5.17]
['2015-12-03', 5.171, 5.18, 5.161, 5.17]
['2015-12-04', 5.17, 5.17, 5.121, 5.15]
['2015-12-07', 5.17, 5.2, 5.02, 5.11]
['2015-12-08', 5.11, 5.14, 5.07, 5.07]
['2015-12-09', 5.11, 5.11, 5.0, 5.03]
['2015-12-10', 5.06, 5.1, 5.06, 5.09]
['2015-12-11', 5.12, 5.14, 5.1, 5.12]
['2015-12-14', 5.12, 5.2, 5.11, 5.12]
['2015-12-15', 5.15, 5.19, 5.07, 5.19]
['2015-12-16', 5.19, 5.19, 5.06, 5.06]
['2015-12-17', 5.093, 5.15, 5.06, 5.07]
['2015-12-18', 5.19, 5.19, 5.05, 5.05]
['2015-12-21', 5.18, 5.19, 5.05, 5.1]
['2015-12-22', 5.15, 5.16, 5.028, 5.08]
['2015-12-23', 5.13, 5.17, 5.09, 5.12]
['2015-12-24', 5.14, 5.14, 5.06, 5.07]
['2015-12-28', 5.08, 5.15, 5.07, 5.12]
['2015-12-29', 5.17, 5.35, 5.11, 5.27]
['2015-12-30', 5.256, 5.4, 5.18, 5.38]
['2015-12-31', 5.4, 5.49, 5.25, 5.33]
['2016-01-04', 5.29, 5.48, 5.17, 5.17]
['2016-01-05', 5.18, 5.39, 5.097, 5.39]
['2016-01-06', 5.34, 5.34, 5.25, 5.25]
['2016-01-07', 5.2, 5.303, 5.154, 5.16]
['2016-01-08', 5.23, 5.24, 5.083, 5.2]
['2016-01-11', 5.31, 5.31, 5.0, 5.09]
['2016-01-12', 5.089, 5.09, 5.0, 5.04]
['2016-01-13', 5.08, 5.08, 5.0, 5.0]
['2016-01-14', 5.0, 5.1, 5.0, 5.07]
['2016-01-15', 5.0, 5.07, 5.0, 5.0]
['2016-01-19', 5.01, 5.01, 4.91, 4.93]
['2016-01-20', 4.958, 4.96, 4.74, 4.8]
['2016-01-21', 4.85, 4.86, 4.5, 4.51]
['2016-01-22', 4.65, 4.656, 4.5, 4.55]
['2016-01-25', 4.55, 4.66, 4.55, 4.65]
['2016-01-26', 4.67, 4.75, 4.51, 4.74]
['2016-01-27', 4.65, 4.75, 4.6, 4.676]
['2016-01-28', 4.72, 4.72, 4.655, 4.655]
['2016-01-29', 4.7, 4.75, 4.63, 4.63]
['2016-02-01', 5.35, 5.35, 4.71, 4.85]
['2016-02-02', 4.85, 4.89, 4.678, 4.81]
['2016-02-03', 4.77, 4.91, 4.77, 4.89]
['2016-02-04', 4.849, 4.93, 4.76, 4.93]
['2016-02-05', 4.837, 4.92, 4.837, 4.89]
['2016-02-08', 4.94, 4.94, 4.92, 4.94]
['2016-02-09', 4.87, 4.92, 4.71, 4.71]
['2016-02-10', 4.82, 4.82, 4.6, 4.671]
['2016-02-11', 4.73, 4.74, 4.68, 4.7]
['2016-02-12', 4.78, 4.81, 4.78, 4.801]
['2016-02-16', 4.9, 4.9, 4.766, 4.9]
['2016-02-17', 4.87, 5.02, 4.86, 4.94]
['2016-02-18', 5.17, 5.18, 5.0, 5.021]
['2016-02-19', 5.021, 5.021, 5.021, 5.021]
['2016-02-22', 5.09, 5.09, 5.01, 5.08]
['2016-02-23', 5.08, 5.2, 5.0, 5.06]
['2016-02-24', 5.19, 5.2, 5.01, 5.03]
['2016-02-25', 5.11, 5.11, 4.82, 4.83]
['2016-02-26', 4.98, 5.42, 4.959, 5.42]
['2016-02-29', 5.5, 5.9, 5.492, 5.8]
['2016-03-01', 5.71, 5.78, 5.562, 5.77]
['2016-03-02', 5.79, 5.9, 5.73, 5.9]
['2016-03-03', 5.8, 6.41, 5.8, 6.15]
['2016-03-04', 6.34, 6.34, 5.95, 5.99]
['2016-03-07', 6.34, 7.0, 5.83, 6.2]
['2016-03-08', 6.2, 6.739, 6.2, 6.55]
['2016-03-09', 6.39, 6.65, 6.39, 6.42]
['2016-03-10', 6.49, 6.49, 5.87, 5.94]
['2016-03-11', 5.99, 6.16, 5.88, 6.16]
['2016-03-14', 6.17, 6.31, 6.01, 6.14]
['2016-03-15', 6.16, 6.22, 5.96, 5.98]
['2016-03-16', 6.22, 6.24, 6.03, 6.1]
['2016-03-17', 6.03, 6.16, 6.01, 6.08]
['2016-03-18', 6.1, 6.26, 5.95, 6.09]
['2016-03-21', 6.14, 6.26, 5.98, 6.01]
['2016-03-22', 6.06, 6.25, 6.02, 6.14]
['2016-03-23', 6.15, 6.4, 6.15, 6.23]
['2016-03-24', 6.25, 6.33, 6.05, 6.18]
['2016-03-28', 6.2, 6.34, 6.12, 6.25]
['2016-03-29', 6.34, 6.76, 6.26, 6.45]
['2016-03-30', 6.45, 6.73, 6.45, 6.59]
['2016-03-31', 6.6, 6.86, 6.451, 6.65]
['2016-04-01', 6.77, 7.905, 6.63, 7.15]
['2016-04-04', 7.2, 8.23, 7.15, 7.93]
['2016-04-05', 8.0, 8.4, 7.69, 8.25]
['2016-04-06', 8.32, 8.49, 8.05, 8.16]
['2016-04-07', 8.2, 8.21, 7.902, 8.1]
['2016-04-08', 8.11, 8.11, 7.75, 7.98]
['2016-04-11', 8.05, 8.49, 8.03, 8.45]
['2016-04-12', 8.5, 8.893, 8.4, 8.69]
['2016-04-13', 8.7, 9.12, 8.7, 9.01]
['2016-04-14', 9.0, 9.0, 8.67, 8.69]
['2016-04-15', 8.71, 8.848, 8.28, 8.28]
['2016-04-18', 8.04, 8.2, 7.82, 7.82]
['2016-04-19', 7.86, 8.513, 7.86, 8.08]
['2016-04-20', 8.11, 8.4, 7.54, 8.32]
['2016-04-21', 8.24, 8.59, 8.02, 8.11]
['2016-04-22', 8.16, 8.25, 7.8, 8.0]
['2016-04-25', 8.0, 8.64, 7.98, 8.14]
['2016-04-26', 8.02, 8.25, 7.9, 8.04]
['2016-04-27', 8.12, 8.27, 7.816, 8.22]
['2016-04-28', 8.2, 8.45, 8.19, 8.23]
['2016-04-29', 8.3, 8.38, 8.006, 8.37]
['2016-05-02', 8.35, 8.36, 7.95, 8.15]
['2016-05-03', 7.95, 8.1, 7.95, 8.05]
['2016-05-04', 8.05, 8.11, 7.86, 8.0]
['2016-05-05', 7.96, 8.01, 7.54, 7.54]
['2016-05-06', 7.6, 7.85, 7.56, 7.83]
['2016-05-09', 7.85, 8.39, 7.71, 8.25]
['2016-05-10', 8.43, 8.43, 7.89, 8.32]
['2016-05-11', 8.35, 8.406, 8.05, 8.08]
['2016-05-12', 8.23, 8.25, 7.9, 7.96]
['2016-05-13', 7.95, 8.59, 7.95, 8.06]
['2016-05-16', 8.05, 8.23, 7.81, 7.91]
['2016-05-17', 7.97, 7.995, 7.757, 7.83]
['2016-05-18', 7.82, 7.95, 7.65, 7.8]
['2016-05-19', 8.8, 10.3, 8.8, 10.06]
['2016-05-20', 10.01, 10.74, 9.898, 10.5]
['2016-05-23', 10.46, 12.35, 10.46, 11.64]
['2016-05-24', 11.35, 11.61, 10.4, 11.39]
['2016-05-25', 11.73, 11.84, 11.4, 11.44]
['2016-05-26', 11.5, 11.6, 11.15, 11.18]
['2016-05-27', 11.27, 11.74, 11.0, 11.6]
['2016-05-31', 11.65, 11.68, 10.83, 11.5]
['2016-06-01', 11.41, 12.97, 11.36, 12.92]
['2016-06-02', 13.07, 13.07, 12.108, 12.55]
['2016-06-03', 12.48, 12.644, 12.05, 12.27]
['2016-06-06', 12.34, 12.39, 11.27, 11.58]
['2016-06-07', 11.66, 11.72, 11.0, 11.51]
['2016-06-08', 11.46, 11.72, 11.21, 11.22]
['2016-06-09', 11.2, 11.33, 10.7, 10.96]
['2016-06-10', 10.72, 11.24, 10.51, 10.55]
['2016-06-13', 10.6, 11.1, 10.33, 10.63]
['2016-06-14', 10.56, 10.91, 10.5, 10.81]
['2016-06-15', 10.84, 11.527, 10.74, 11.38]
['2016-06-16', 11.28, 11.525, 10.13, 10.46]
['2016-06-17', 10.55, 10.99, 10.441, 10.94]
['2016-06-20', 10.85, 11.28, 10.51, 11.03]
['2016-06-21', 11.06, 11.23, 10.68, 11.17]
['2016-06-22', 11.13, 11.3, 10.89, 11.26]
['2016-06-23', 11.25, 11.32, 10.74, 10.825]
['2016-06-24', 10.25, 11.4, 10.25, 10.98]
['2016-06-27', 10.89, 10.89, 9.917, 10.28]
['2016-06-28', 10.35, 10.869, 10.29, 10.6]
['2016-06-29', 10.5, 11.6, 10.5, 11.36]
['2016-06-30', 11.52, 11.92, 11.16, 11.765]
['2016-07-01', 11.75, 12.616, 11.676, 12.31]
['2016-07-05', 12.19, 12.55, 11.85, 12.05]
['2016-07-06', 11.9, 11.99, 11.63, 11.84]
['2016-07-07', 11.85, 12.1, 11.61, 11.91]
['2016-07-08', 12.13, 12.47, 11.99, 12.2]
['2016-07-11', 12.2, 12.2, 11.69, 11.93]
['2016-07-12', 12.0, 13.0, 11.82, 12.73]
['2016-07-13', 12.94, 12.98, 11.2, 11.27]
['2016-07-14', 11.3, 11.303, 9.5, 10.11]
['2016-07-15', 10.15, 10.349, 9.29, 9.75]
['2016-07-18', 9.78, 10.15, 9.72, 9.99]
['2016-07-19', 10.0, 10.0, 9.36, 9.44]
['2016-07-20', 9.5, 9.63, 9.32, 9.47]
['2016-07-21', 9.5, 9.84, 9.35, 9.71]
['2016-07-22', 9.79, 9.81, 9.5, 9.67]
['2016-07-25', 9.68, 9.7, 9.38, 9.43]
['2016-07-26', 9.45, 9.53, 9.36, 9.42]
['2016-07-27', 9.65, 9.65, 9.31, 9.41]
['2016-07-28', 9.63, 9.63, 9.07, 9.19]
['2016-07-29', 9.25, 9.442, 8.96, 9.31]
['2016-08-01', 9.28, 9.28, 8.75, 8.81]
['2016-08-02', 8.74, 8.872, 8.51, 8.63]
['2016-08-03', 8.6, 9.0, 8.13, 8.18]
['2016-08-04', 8.35, 8.566, 8.22, 8.5]
['2016-08-05', 8.53, 9.2, 8.43, 9.1]
['2016-08-08', 9.09, 9.78, 9.09, 9.57]
['2016-08-09', 9.55, 9.885, 9.0, 9.07]
['2016-08-10', 8.83, 9.11, 8.56, 9.0]
['2016-08-11', 8.9, 9.04, 8.64, 8.94]
['2016-08-12', 8.95, 9.05, 8.8, 8.96]
['2016-08-15', 9.12, 10.02, 8.849, 9.66]
['2016-08-16', 9.73, 9.8, 9.08, 9.22]
['2016-08-17', 9.29, 9.65, 8.62, 8.7]
['2016-08-18', 8.88, 9.03, 8.66, 8.78]
['2016-08-19', 8.88, 8.88, 8.57, 8.6]
['2016-08-22', 8.55, 8.7, 8.53, 8.63]
['2016-08-23', 8.63, 8.85, 8.54, 8.65]
['2016-08-24', 8.65, 8.82, 8.53, 8.56]
['2016-08-25', 8.57, 8.75, 8.55, 8.68]
['2016-08-26', 8.74, 8.79, 8.66, 8.75]
['2016-08-29', 8.75, 9.22, 8.75, 9.13]
['2016-08-30', 9.09, 9.255, 9.08, 9.21]
['2016-08-31', 9.26, 9.26, 9.099, 9.24]
['2016-09-01', 9.26, 9.26, 8.93, 9.04]
['2016-09-02', 9.11, 9.185, 8.9, 9.12]
['2016-09-06', 9.16, 9.428, 9.11, 9.12]
['2016-09-07', 9.22, 9.22, 9.13, 9.19]
['2016-09-08', 9.23, 9.38, 9.23, 9.31]
['2016-09-09', 9.27, 9.39, 8.75, 8.76]
['2016-09-12', 8.75, 8.8, 8.441, 8.8]
['2016-09-13', 8.8, 8.83, 8.4, 8.45]
['2016-09-14', 8.39, 8.48, 8.39, 8.43]
['2016-09-15', 8.41, 8.9, 8.408, 8.77]
['2016-09-16', 8.75, 8.86, 8.53, 8.78]
['2016-09-19', 8.8, 9.015, 8.74, 8.93]
['2016-09-20', 8.95, 9.02, 8.87, 8.97]
['2016-09-21', 9.0, 9.15, 8.91, 9.14]
['2016-09-22', 9.1, 9.25, 8.98, 9.04]
['2016-09-23', 9.0, 9.04, 8.97, 8.99]
['2016-09-26', 8.98, 9.03, 8.63, 8.7]
['2016-09-27', 8.61, 8.7, 8.55, 8.6]
['2016-09-28', 8.66, 9.4, 8.6, 9.15]
['2016-09-29', 9.18, 9.22, 8.83, 8.94]
['2016-09-30', 8.9, 9.02, 8.65, 8.86]
['2016-10-03', 9.05, 9.38, 8.81, 9.35]
['2016-10-04', 9.36, 9.8, 9.05, 9.34]
['2016-10-05', 9.44, 9.69, 9.01, 9.21]
['2016-10-06', 9.12, 9.39, 9.01, 9.11]
['2016-10-07', 9.04, 9.276, 8.72, 8.78]
['2016-10-10', 8.81, 9.08, 8.724, 9.02]
['2016-10-11', 9.06, 9.2, 8.81, 8.88]
['2016-10-12', 8.81, 9.02, 8.72, 8.9]
['2016-10-13', 8.78, 9.12, 8.78, 9.0]
['2016-10-14', 9.06, 9.286, 8.9, 9.24]
['2016-10-17', 9.24, 9.54, 9.24, 9.38]
['2016-10-18', 9.64, 9.64, 9.21, 9.41]
['2016-10-19', 9.45, 9.45, 9.21, 9.29]
['2016-10-20', 9.27, 9.354, 9.09, 9.14]
['2016-10-21', 9.1, 9.308, 9.1, 9.24]
['2016-10-24', 9.33, 9.385, 9.11, 9.25]
['2016-10-25', 9.23, 9.23, 8.98, 9.02]
['2016-10-26', 8.95, 9.1, 8.86, 8.93]
['2016-10-27', 9.06, 9.145, 8.86, 9.14]
['2016-10-28', 9.08, 9.19, 9.02, 9.15]
['2016-10-31', 9.2, 9.57, 8.9, 8.95]
['2016-11-01', 9.75, 10.2, 8.95, 9.22]
['2016-11-02', 9.18, 9.22, 8.4, 8.62]
['2016-11-03', 8.6, 8.75, 8.45, 8.62]
['2016-11-04', 8.7, 9.55, 8.7, 9.27]
['2016-11-07', 9.53, 10.09, 9.36, 9.9]
['2016-11-08', 10.0, 10.3, 9.76, 10.08]
['2016-11-09', 9.82, 10.88, 9.756, 10.85]
['2016-11-10', 11.07, 11.75, 10.9, 11.54]
['2016-11-11', 11.66, 12.34, 11.15, 11.8]
['2016-11-14', 11.99, 11.99, 11.02, 11.31]
['2016-11-15', 11.4, 11.61, 10.88, 11.37]
['2016-11-16', 10.7, 11.6, 10.6, 11.22]
['2016-11-17', 11.11, 11.59, 11.11, 11.33]
['2016-11-18', 11.56, 12.76, 11.56, 12.71]
['2016-11-21', 12.97, 13.54, 12.43, 12.66]
['2016-11-22', 12.66, 12.8, 11.9, 12.19]
['2016-11-23', 12.25, 13.35, 12.21, 13.27]
['2016-11-25', 13.35, 13.95, 13.13, 13.18]
['2016-11-28', 13.13, 13.32, 12.25, 12.7]
['2016-11-29', 12.7, 12.98, 12.077, 12.13]
['2016-11-30', 12.2, 12.347, 11.79, 12.3]
['2016-12-01', 12.35, 12.6, 12.0, 12.1]
['2016-12-02', 12.0, 12.8, 11.8, 12.47]
['2016-12-05', 12.36, 12.72, 12.17, 12.5]
['2016-12-06', 12.5, 12.5, 12.2, 12.24]
['2016-12-07', 12.13, 12.32, 11.7, 12.09]
['2016-12-08', 12.06, 12.21, 11.76, 11.91]
['2016-12-09', 11.79, 11.9, 11.72, 11.82]
['2016-12-12', 11.76, 11.89, 11.42, 11.45]
['2016-12-13', 11.43, 11.73, 11.22, 11.68]
['2016-12-14', 11.68, 11.74, 11.34, 11.51]
['2016-12-15', 11.52, 12.34, 11.52, 12.3]
['2016-12-16', 12.37, 12.525, 12.06, 12.17]
['2016-12-19', 12.07, 12.8, 12.07, 12.72]
['2016-12-20', 12.73, 13.48, 12.66, 13.1]
['2016-12-21', 13.1, 13.1, 12.55, 12.7]
['2016-12-22', 12.62, 12.815, 12.36, 12.53]
['2016-12-23', 12.51, 12.83, 12.46, 12.82]
['2016-12-27', 12.94, 13.7, 12.85, 13.66]
['2016-12-28', 13.86, 14.13, 13.32, 13.44]
['2016-12-29', 13.38, 13.555, 12.83, 12.9]
['2016-12-30', 12.98, 13.277, 12.89, 13.11]
['2017-01-03', 13.27, 13.27, 12.51, 12.93]
['2017-01-04', 12.86, 13.79, 12.86, 13.65]
['2017-01-05', 13.67, 13.67, 13.13, 13.52]
['2017-01-06', 13.57, 13.74, 12.71, 12.75]
['2017-01-09', 12.9, 12.9, 11.96, 12.27]
['2017-01-10', 12.31, 12.627, 12.02, 12.48]
['2017-01-11', 12.5, 12.5, 12.15, 12.24]
['2017-01-12', 12.21, 12.3, 11.98, 12.26]
['2017-01-13', 12.15, 12.38, 12.11, 12.32]
['2017-01-17', 12.24, 12.44, 12.07, 12.41]
['2017-01-18', 12.4, 12.75, 12.35, 12.74]
['2017-01-19', 12.75, 12.77, 12.4, 12.52]
['2017-01-20', 12.48, 12.93, 12.48, 12.69]
['2017-01-23', 12.73, 12.753, 12.41, 12.49]
['2017-01-24', 12.62, 12.66, 11.79, 11.84]
['2017-01-25', 11.87, 12.075, 11.2, 11.32]
['2017-01-26', 11.32, 11.73, 11.32, 11.45]
['2017-01-27', 11.44, 11.44, 11.21, 11.29]
['2017-01-30', 11.32, 11.32, 10.69, 10.71]
['2017-01-31', 10.72, 11.22, 10.151, 11.16]
['2017-02-01', 11.25, 11.395, 10.68, 10.79]
['2017-02-02', 10.77, 11.074, 10.55, 10.99]
['2017-02-03', 11.1, 11.27, 11.0, 11.18]
['2017-02-06', 11.29, 11.35, 10.6, 10.68]
['2017-02-07', 10.7, 10.98, 10.7, 10.82]
['2017-02-08', 10.9, 11.49, 10.58, 11.41]
['2017-02-09', 13.8, 17.115, 13.7, 16.16]
['2017-02-10', 16.0, 17.22, 15.39, 16.24]
['2017-02-13', 16.35, 17.99, 16.215, 17.45]
['2017-02-14', 17.25, 17.74, 16.156, 17.05]
['2017-02-15', 17.1, 17.59, 16.06, 16.94]
['2017-02-16', 17.3, 18.19, 16.8, 18.11]
['2017-02-17', 18.36, 18.39, 17.42, 17.7]
['2017-02-21', 17.86, 17.87, 17.348, 17.81]
['2017-02-22', 17.79, 17.96, 16.95, 17.48]
['2017-02-23', 17.23, 17.48, 17.01, 17.23]
['2017-02-24', 17.05, 17.24, 16.67, 16.71]
['2017-02-27', 16.67, 16.792, 15.91, 16.38]
['2017-02-28', 16.15, 17.83, 16.01, 17.04]
['2017-03-01', 17.38, 17.76, 17.14, 17.61]
['2017-03-02', 17.49, 17.52, 16.8, 17.25]
['2017-03-03', 17.26, 17.74, 17.07, 17.63]
['2017-03-06', 17.66, 17.67, 16.6, 17.11]
['2017-03-07', 16.96, 17.34, 16.41, 17.17]
['2017-03-08', 17.19, 17.4, 17.07, 17.36]
['2017-03-09', 17.92, 19.39, 17.35, 19.0]
['2017-03-10', 19.75, 19.87, 18.59, 19.71]
['2017-03-13', 20.61, 22.0, 20.06, 21.89]
['2017-03-14', 21.97, 22.75, 18.746, 19.57]
['2017-03-15', 19.23, 21.81, 19.19, 20.21]
['2017-03-16', 20.07, 20.25, 19.8, 19.93]
['2017-03-17', 19.72, 20.47, 19.51, 19.92]
['2017-03-20', 19.88, 20.15, 18.9, 19.2]
['2017-03-21', 19.2, 19.83, 17.92, 17.98]
['2017-03-22', 17.73, 18.34, 17.5, 18.28]
['2017-03-23', 18.16, 18.4, 17.55, 17.65]
['2017-03-24', 17.67, 18.581, 17.35, 18.15]
['2017-03-27', 17.81, 17.95, 17.11, 17.76]
['2017-03-28', 17.76, 19.049, 17.76, 19.01]
['2017-03-29', 19.0, 20.72, 18.93, 19.99]
['2017-03-30', 20.19, 20.231, 19.2, 19.44]
['2017-03-31', 19.49, 19.72, 19.25, 19.54]
['2017-04-03', 19.62, 19.653, 18.42, 18.53]
['2017-04-04', 18.25, 18.75, 17.7, 18.3]
['2017-04-05', 18.33, 18.72, 18.05, 18.56]
['2017-04-06', 18.57, 18.6, 17.75, 17.96]
['2017-04-07', 17.91, 18.12, 17.45, 17.63]
['2017-04-10', 17.64, 17.64, 17.0, 17.15]
['2017-04-11', 17.2, 17.21, 16.1, 16.53]
['2017-04-12', 16.5, 16.66, 16.34, 16.45]
['2017-04-13', 16.39, 17.47, 16.374, 17.36]
['2017-04-17', 17.31, 17.9, 17.198, 17.49]
['2017-04-18', 17.87, 17.87, 17.35, 17.46]
['2017-04-19', 17.61, 17.61, 17.11, 17.32]
['2017-04-20', 17.46, 17.61, 14.89, 16.13]
['2017-04-21', 15.87, 15.95, 14.9, 15.67]
['2017-04-24', 16.12, 17.15, 16.0, 16.31]
['2017-04-25', 16.4, 16.84, 16.29, 16.77]
['2017-04-26', 16.73, 17.0, 16.5, 16.63]
['2017-04-27', 16.51, 17.09, 16.34, 17.0]
['2017-04-28', 17.0, 17.17, 16.5, 16.5]
['2017-05-01', 16.53, 16.86, 16.47, 16.54]
['2017-05-02', 16.66, 16.99, 16.578, 16.96]
['2017-05-03', 17.15, 17.49, 16.9, 17.01]
['2017-05-04', 17.14, 17.73, 16.9, 17.08]
['2017-05-05', 17.16, 17.75, 17.0, 17.7]
['2017-05-08', 17.7, 18.7, 16.75, 16.84]
['2017-05-09', 16.98, 17.21, 16.46, 16.65]
['2017-05-10', 15.39, 15.39, 12.18, 12.31]
['2017-05-11', 12.15, 13.7, 11.77, 13.11]
['2017-05-12', 13.11, 13.154, 12.31, 12.33]
['2017-05-15', 12.42, 12.42, 11.42, 11.53]
['2017-05-16', 11.51, 12.03, 11.51, 11.61]
['2017-05-17', 11.52, 11.6, 10.91, 10.95]
['2017-05-18', 10.91, 11.69, 10.75, 11.61]
['2017-05-19', 11.56, 11.75, 11.15, 11.19]
['2017-05-22', 11.21, 11.42, 10.7, 10.71]
['2017-05-23', 10.7, 11.07, 10.43, 10.44]
['2017-05-24', 10.46, 10.73, 9.95, 10.65]
['2017-05-25', 10.7, 11.96, 10.7, 11.06]
['2017-05-26', 11.08, 11.43, 10.916, 11.32]
['2017-05-30', 11.3, 11.47, 11.06, 11.38]
['2017-05-31', 11.47, 11.89, 11.124, 11.87]
['2017-06-01', 12.51, 12.8, 11.35, 11.82]
['2017-06-02', 11.52, 12.1, 11.32, 12.02]
['2017-06-05', 11.92, 12.15, 11.71, 12.13]
['2017-06-06', 12.13, 12.778, 11.76, 12.74]
['2017-06-07', 12.8, 13.17, 12.67, 12.92]
['2017-06-08', 12.96, 13.44, 12.84, 13.12]
['2017-06-09', 13.17, 13.2, 12.79, 13.2]
['2017-06-12', 13.27, 13.66, 13.0, 13.26]
['2017-06-13', 13.33, 13.85, 13.27, 13.69]
['2017-06-14', 13.74, 13.74, 12.45, 12.61]
['2017-06-15', 12.17, 12.59, 11.85, 12.5]
['2017-06-16', 12.43, 12.72, 12.128, 12.5]
['2017-06-19', 12.54, 12.592, 12.19, 12.37]
['2017-06-20', 12.24, 12.45, 12.14, 12.31]
['2017-06-21', 12.2, 12.31, 11.625, 11.95]
['2017-06-22', 12.32, 12.46, 11.77, 11.94]
['2017-06-23', 11.94, 12.055, 11.705, 12.0]
['2017-06-26', 12.0, 12.34, 11.73, 11.93]
['2017-06-27', 11.97, 12.18, 11.95, 12.08]
['2017-06-28', 12.15, 12.65, 12.0, 12.55]
['2017-06-29', 12.55, 12.56, 12.31, 12.47]
['2017-06-30', 12.5, 12.64, 12.24, 12.55]
['2017-07-03', 12.65, 12.65, 12.23, 12.55]
['2017-07-05', 12.56, 12.61, 12.12, 12.49]
['2017-07-06', 12.34, 12.54, 11.83, 11.91]
['2017-07-07', 11.99, 12.34, 11.95, 12.12]
['2017-07-10', 12.13, 12.22, 11.89, 11.99]
['2017-07-11', 11.93, 12.496, 11.75, 12.43]
['2017-07-12', 12.47, 12.61, 12.13, 12.33]
['2017-07-13', 12.33, 12.6, 12.12, 12.31]
['2017-07-14', 12.27, 12.51, 11.92, 11.94]
['2017-07-17', 11.9, 12.22, 11.9, 12.14]
['2017-07-18', 12.02, 12.25, 11.8, 11.97]
['2017-07-19', 11.92, 12.2, 11.92, 12.15]
['2017-07-20', 12.15, 12.32, 12.06, 12.15]
['2017-07-21', 12.23, 12.33, 11.875, 12.17]
['2017-07-24', 12.08, 12.18, 11.554, 11.96]
['2017-07-25', 12.1, 12.35, 11.69, 11.72]
['2017-07-26', 11.75, 12.075, 10.5, 12.0]
['2017-07-27', 12.01, 12.23, 11.74, 11.76]
['2017-07-28', 11.75, 11.85, 11.36, 11.6]
['2017-07-31', 11.54, 11.97, 11.54, 11.68]
['2017-08-01', 11.66, 11.66, 10.893, 11.14]
['2017-08-02', 11.1, 11.1, 10.63, 10.95]
['2017-08-03', 10.9, 11.25, 10.84, 11.23]
['2017-08-04', 11.21, 11.21, 10.8, 11.01]
['2017-08-07', 10.93, 11.16, 10.83, 10.9]
['2017-08-08', 10.76, 11.15, 10.71, 10.89]
['2017-08-09', 10.77, 10.91, 10.72, 10.87]
['2017-08-10', 10.0, 10.59, 7.85, 8.31]
['2017-08-11', 8.31, 8.34, 7.855, 8.15]
['2017-08-14', 8.24, 8.66, 8.0, 8.29]
['2017-08-15', 8.27, 8.31, 7.985, 8.07]
['2017-08-16', 8.01, 8.1, 6.83, 6.94]
['2017-08-17', 6.87, 8.011, 6.83, 7.49]
['2017-08-18', 7.32, 7.59, 7.32, 7.4]
['2017-08-21', 7.42, 7.83, 7.31, 7.78]
['2017-08-22', 7.75, 7.996, 7.61, 7.86]
['2017-08-23', 7.77, 7.99, 7.66, 7.81]
['2017-08-24', 7.79, 7.98, 7.51, 7.55]
['2017-08-25', 7.59, 7.7, 7.42, 7.59]
['2017-08-28', 7.5, 7.73, 7.45, 7.61]
['2017-08-29', 7.57, 7.73, 7.15, 7.45]
['2017-08-30', 7.35, 7.73, 7.19, 7.5]
['2017-08-31', 7.57, 7.73, 7.38, 7.41]
['2017-09-01', 7.44, 7.59, 7.1, 7.16]
['2017-09-05', 7.13, 7.24, 6.36, 6.5]
['2017-09-06', 6.47, 6.68, 6.3, 6.36]
['2017-09-07', 6.36, 6.493, 5.43, 5.67]
['2017-09-08', 5.68, 5.88, 5.58, 5.72]
['2017-09-11', 5.82, 6.72, 5.82, 6.38]
['2017-09-12', 6.45, 7.15, 6.2, 6.6]
['2017-09-13', 6.6, 7.06, 6.52, 6.56]
['2017-09-14', 6.58, 6.92, 6.48, 6.51]
['2017-09-15', 6.58, 7.03, 6.5, 6.88]
['2017-09-18', 6.98, 7.06, 6.52, 6.54]
['2017-09-19', 6.55, 6.84, 6.29, 6.38]
['2017-09-20', 6.31, 6.62, 5.94, 5.97]
['2017-09-21', 5.95, 6.0, 5.54, 5.6]
['2017-09-22', 5.6, 5.79, 5.45, 5.49]
['2017-09-25', 5.51, 5.89, 5.49, 5.6]
['2017-09-26', 5.67, 6.4, 5.61, 5.82]
['2017-09-27', 5.86, 6.141, 5.82, 6.05]
['2017-09-28', 7.1, 8.17, 6.85, 7.15]
['2017-09-29', 7.15, 7.31, 6.633, 6.85]
['2017-10-02', 6.87, 6.929, 6.16, 6.45]
['2017-10-03', 6.47, 6.69, 6.355, 6.46]
['2017-10-04', 6.46, 6.9, 6.36, 6.79]
['2017-10-05', 6.86, 6.9, 6.68, 6.82]
['2017-10-06', 6.87, 7.16, 6.71, 6.91]
['2017-10-09', 6.92, 7.14, 6.75, 6.83]
['2017-10-10', 6.86, 6.94, 6.38, 6.42]
['2017-10-11', 6.42, 6.52, 6.21, 6.27]
['2017-10-12', 6.27, 6.43, 6.161, 6.41]
['2017-10-13', 6.56, 6.56, 5.7, 5.78]
['2017-10-16', 5.8, 5.8, 5.11, 5.31]
['2017-10-17', 5.31, 5.33, 5.02, 5.28]
['2017-10-18', 5.3, 5.42, 5.07, 5.13]
['2017-10-19', 5.0, 5.18, 4.51, 5.1]
['2017-10-20', 5.16, 5.51, 5.055, 5.37]
['2017-10-23', 5.39, 5.4, 4.36, 4.41]
['2017-10-24', 4.43, 4.559, 3.94, 4.01]
['2017-10-25', 4.0, 4.194, 3.8, 3.99]
['2017-10-26', 3.98, 4.03, 3.72, 3.97]
['2017-10-27', 3.97, 3.98, 3.7, 3.77]
['2017-10-30', 3.72, 3.789, 3.53, 3.65]
['2017-10-31', 3.64, 4.13, 3.62, 3.98]
['2017-11-01', 4.11, 4.11, 3.8, 3.83]
['2017-11-02', 3.86, 3.92, 3.7, 3.82]
['2017-11-03', 3.73, 3.86, 3.66, 3.74]
['2017-11-06', 3.68, 3.9, 3.62, 3.84]
['2017-11-07', 3.87, 3.92, 3.75, 3.84]
['2017-11-08', 3.85, 4.3, 3.84, 3.96]
['2017-11-09', 3.99, 4.12, 3.731, 3.79]
['2017-11-10', 3.7, 4.07, 3.62, 3.71]
['2017-11-13', 3.68, 3.74, 3.45, 3.58]
['2017-11-14', 3.5, 3.57, 2.98, 3.0]
['2017-11-15', 3.03, 3.11, 2.9, 2.92]
['2017-11-16', 2.92, 3.1, 2.92, 3.04]
['2017-11-17', 3.02, 3.335, 3.02, 3.25]
['2017-11-20', 3.29, 3.56, 3.25, 3.36]
['2017-11-21', 3.45, 3.46, 3.27, 3.31]
['2017-11-22', 3.35, 3.35, 3.16, 3.22]
['2017-11-24', 3.21, 3.21, 3.02, 3.06]
['2017-11-27', 3.12, 4.11, 3.09, 4.02]
['2017-11-28', 4.09, 4.28, 3.46, 3.8]
['2017-11-29', 3.76, 3.82, 3.39, 3.42]
['2017-11-30', 3.45, 3.489, 3.201, 3.25]
['2017-12-01', 3.02, 3.2, 2.901, 2.95]
['2017-12-04', 3.06, 3.29, 3.01, 3.06]
['2017-12-05', 3.05, 3.095, 2.93, 2.99]
['2017-12-06', 3.0, 3.02, 2.61, 2.8]
['2017-12-07', 2.79, 2.9, 2.58, 2.63]
['2017-12-08', 2.79, 2.9, 1.96, 1.98]
['2017-12-11', 2.02, 2.07, 1.84, 1.88]
['2017-12-12', 1.88, 2.04, 1.88, 2.0]
['2017-12-13', 2.04, 2.11, 1.97, 2.04]
['2017-12-14', 2.04, 2.08, 1.9, 1.95]
['2017-12-15', 1.98, 2.06, 1.94, 1.99]
['2017-12-18', 2.0, 2.18, 1.99, 2.18]
['2017-12-19', 2.18, 2.23, 2.02, 2.05]
['2017-12-20', 2.04, 2.08, 1.95, 2.03]
['2017-12-21', 2.04, 2.17, 2.02, 2.12]
['2017-12-22', 2.1, 2.22, 2.08, 2.1]
['2017-12-26', 2.11, 2.12, 1.98, 2.03]
['2017-12-27', 2.04, 2.2, 2.03, 2.16]
['2017-12-28', 2.15, 2.24, 2.06, 2.1]
['2017-12-29', 2.04, 2.15, 2.0, 2.13]
['2018-01-02', 2.16, 2.45, 2.1, 2.38]
['2018-01-03', 2.39, 2.4, 2.17, 2.25]
['2018-01-04', 2.25, 2.3, 2.14, 2.21]
['2018-01-05', 2.21, 2.23, 2.15, 2.18]
['2018-01-08', 2.16, 2.22, 2.1, 2.12]
['2018-01-09', 2.15, 2.15, 1.75, 1.83]
['2018-01-10', 1.84, 1.93, 1.78, 1.89]
['2018-01-11', 1.88, 1.99, 1.81, 1.96]
['2018-01-12', 1.98, 2.02, 1.89, 1.94]
['2018-01-16', 1.94, 2.05, 1.88, 1.96]
['2018-01-17', 1.98, 2.14, 1.948, 2.03]
['2018-01-18', 2.04, 2.06, 1.987, 2.02]
['2018-01-19', 2.04, 2.1, 1.981, 2.07]
['2018-01-22', 2.05, 2.05, 1.9, 1.92]
['2018-01-23', 1.97, 1.99, 1.87, 1.98]
['2018-01-24', 1.96, 1.97, 1.86, 1.92]
['2018-01-25', 1.95, 1.975, 1.88, 1.93]
['2018-01-26', 1.94, 1.96, 1.9, 1.96]
['2018-01-29', 1.97, 1.97, 1.801, 1.85]
['2018-01-30', 1.86, 1.93, 1.7, 1.87]
['2018-01-31', 1.89, 1.89, 1.79, 1.82]
['2018-02-01', 1.82, 1.82, 1.7, 1.79]
['2018-02-02', 1.8, 1.84, 1.72, 1.81]
['2018-02-05', 1.76, 1.87, 1.749, 1.78]
['2018-02-06', 1.74, 1.89, 1.7, 1.77]
['2018-02-07', 1.77, 1.82, 1.66, 1.69]
['2018-02-08', 1.7, 1.75, 1.58, 1.59]
['2018-02-09', 1.6, 1.64, 1.42, 1.62]
['2018-02-12', 2.04, 2.35, 1.9, 2.2]
['2018-02-13', 2.18, 3.24, 2.04, 3.0]
['2018-02-14', 2.97, 3.23, 2.6, 2.79]
['2018-02-15', 2.8, 2.8, 2.53, 2.68]
['2018-02-16', 2.68, 3.05, 2.68, 3.0]
['2018-02-20', 3.0, 3.16, 2.7, 2.77]
['2018-02-21', 2.76, 2.96, 2.7, 2.87]
['2018-02-22', 2.87, 2.9, 2.59, 2.62]
['2018-02-23', 2.61, 2.7, 2.56, 2.6]
['2018-02-26', 2.6, 2.67, 2.49, 2.64]
['2018-02-27', 2.65, 2.7, 2.36, 2.385]
['2018-02-28', 2.39, 2.42, 2.29, 2.31]
['2018-03-01', 2.3, 2.38, 2.2, 2.22]
['2018-03-02', 2.21, 2.31, 2.14, 2.3]
['2018-03-05', 2.35, 2.49, 2.08, 2.4]
['2018-03-06', 2.44, 2.6, 2.3, 2.35]
['2018-03-07', 2.33, 2.45, 2.29, 2.43]
['2018-03-08', 2.44, 2.7, 2.4, 2.65]
['2018-03-09', 2.68, 2.74, 2.51, 2.63]
['2018-03-12', 2.62, 2.89, 2.43, 2.82]
['2018-03-13', 2.87, 3.12, 2.75, 2.91]
['2018-03-14', 2.96, 3.07, 2.68, 2.69]
['2018-03-15', 2.69, 2.751, 2.55, 2.6]
['2018-03-16', 2.58, 3.14, 2.11, 2.875]
['2018-03-19', 2.85, 2.864, 2.65, 2.72]
['2018-03-20', 2.71, 2.75, 2.6, 2.62]
['2018-03-21', 2.63, 2.95, 2.55, 2.74]
['2018-03-22', 2.71, 2.75, 2.57, 2.61]
['2018-03-23', 2.63, 2.67, 2.38, 2.41]
['2018-03-26', 2.45, 2.61, 2.38, 2.53]
['2018-03-27', 2.56, 2.57, 2.34, 2.37]
['2018-03-28', 2.51, 2.63, 2.31, 2.49]
['2018-03-29', 2.54, 2.68, 2.46, 2.59]
['2018-04-02', 2.58, 2.605, 2.33, 2.47]
['2018-04-03', 2.45, 2.45, 2.175, 2.27]
['2018-04-04', 2.23, 2.34, 2.19, 2.3]
['2018-04-05', 2.3, 2.56, 2.27, 2.56]
['2018-04-06', 2.53, 2.63, 2.46, 2.56]
['2018-04-09', 2.57, 2.57, 2.3, 2.37]
['2018-04-10', 2.37, 2.4, 2.25, 2.3]
['2018-04-11', 2.29, 2.4, 2.29, 2.36]
['2018-04-12', 2.36, 2.4, 2.32, 2.33]
['2018-04-13', 2.37, 2.37, 2.23, 2.28]
['2018-04-16', 2.29, 2.3, 2.11, 2.26]
['2018-04-17', 2.27, 2.339, 2.21, 2.28]
['2018-04-18', 2.3, 2.62, 2.3, 2.6]
['2018-04-19', 2.6, 2.64, 2.38, 2.5]
['2018-04-20', 2.47, 2.64, 2.402, 2.62]
['2018-04-23', 2.67, 2.75, 2.281, 2.46]
['2018-04-24', 2.54, 2.61, 2.405, 2.52]
['2018-04-25', 2.51, 2.62, 2.42, 2.6]
['2018-04-26', 2.64, 2.9, 2.6, 2.83]
['2018-04-27', 2.79, 3.564, 2.75, 3.37]
['2018-04-30', 3.46, 3.55, 2.895, 3.13]
['2018-05-01', 3.09, 3.24, 2.9, 3.16]
['2018-05-02', 3.24, 3.92, 3.2, 3.87]
['2018-05-03', 3.9, 4.22, 3.67, 4.14]
['2018-05-04', 4.05, 4.13, 3.8, 3.93]
['2018-05-07', 3.98, 3.986, 3.5, 3.72]
['2018-05-08', 3.72, 4.03, 3.703, 3.82]
['2018-05-09', 3.81, 3.89, 3.5, 3.53]
['2018-05-10', 3.6, 3.6, 3.11, 3.12]
['2018-05-11', 3.1, 3.38, 2.98, 3.22]
['2018-05-14', 3.19, 3.4, 3.16, 3.19]
['2018-05-15', 3.15, 3.25, 3.11, 3.18]
['2018-05-16', 3.18, 3.255, 3.05, 3.16]
['2018-05-17', 3.19, 3.27, 3.16, 3.22]
['2018-05-18', 3.24, 3.75, 3.23, 3.55]
['2018-05-21', 3.6, 3.97, 3.55, 3.97]
['2018-05-22', 4.0, 4.09, 3.63, 3.66]
['2018-05-23', 3.61, 3.71, 3.51, 3.62]
['2018-05-24', 3.6, 3.62, 3.29, 3.32]
['2018-05-25', 3.3, 3.41, 3.13, 3.16]
['2018-05-29', 3.17, 3.5, 3.12, 3.22]
['2018-05-30', 3.43, 3.54, 3.25, 3.45]
['2018-05-31', 3.51, 3.53, 3.4, 3.47]
['2018-06-01', 3.5, 3.503, 3.311, 3.36]
['2018-06-04', 3.36, 3.5, 3.26, 3.32]
['2018-06-05', 3.29, 3.44, 3.25, 3.28]
['2018-06-06', 3.3, 3.32, 3.11, 3.23]
['2018-06-07', 3.24, 3.24, 3.01, 3.02]
['2018-06-08', 3.02, 3.04, 2.78, 2.94]
['2018-06-11', 3.04, 3.23, 2.929, 3.03]
['2018-06-12', 3.05, 3.33, 3.011, 3.27]
['2018-06-13', 3.24, 3.55, 3.11, 3.14]
['2018-06-14', 2.85, 3.36, 2.82, 3.3]
['2018-06-15', 3.33, 3.369, 3.11, 3.35]
['2018-06-18', 3.34, 3.54, 3.3, 3.45]
['2018-06-19', 3.65, 3.65, 3.371, 3.49]
['2018-06-20', 3.5, 3.517, 3.18, 3.31]
['2018-06-21', 3.31, 3.51, 3.27, 3.46]
['2018-06-22', 3.46, 3.497, 3.21, 3.26]
['2018-06-25', 3.21, 3.25, 2.98, 3.14]
['2018-06-26', 3.01, 3.25, 2.98, 3.06]
['2018-06-27', 3.07, 3.15, 2.97, 2.99]
['2018-06-28', 2.99, 3.02, 2.71, 2.84]
['2018-06-29', 2.86, 3.05, 2.75, 2.88]
['2018-07-02', 2.88, 3.02, 2.72, 2.82]
['2018-07-03', 2.87, 2.905, 2.69, 2.87]
['2018-07-05', 2.91, 3.0, 2.815, 2.98]
['2018-07-06', 2.95, 3.049, 2.77, 2.85]
['2018-07-09', 2.84, 2.92, 2.79, 2.85]
['2018-07-10', 2.85, 3.11, 2.83, 3.11]
['2018-07-11', 3.02, 3.02, 2.88, 2.91]
['2018-07-12', 2.93, 3.01, 2.88, 2.99]
['2018-07-13', 3.01, 3.105, 3.0, 3.02]
['2018-07-16', 3.04, 3.08, 3.0, 3.04]
['2018-07-17', 2.99, 3.07, 2.99, 3.01]
['2018-07-18', 2.99, 3.05, 2.961, 3.03]
['2018-07-19', 3.05, 3.05, 2.87, 2.87]
['2018-07-20', 2.9, 3.12, 2.86, 3.08]
['2018-07-23', 3.08, 3.2, 2.96, 3.06]
['2018-07-24', 3.05, 3.09, 2.97, 3.0]
['2018-07-25', 2.99, 3.15, 2.95, 3.02]
['2018-07-26', 3.0, 3.02, 2.9, 2.95]
['2018-07-27', 2.96, 2.99, 2.8, 2.99]
['2018-07-30', 3.0, 3.0, 2.92, 2.96]
['2018-07-31', 2.95, 3.105, 2.93, 2.99]
['2018-08-01', 3.01, 3.14, 2.99, 3.06]
['2018-08-02', 3.03, 3.11, 2.96, 3.1]
['2018-08-03', 3.1, 3.17, 3.04, 3.07]
['2018-08-06', 3.05, 3.09, 2.96, 3.01]
['2018-08-07', 3.06, 3.06, 2.94, 2.95]
['2018-08-08', 2.95, 2.97, 2.9, 2.91]
['2018-08-09', 2.5, 2.6, 2.02, 2.28]
['2018-08-10', 2.29, 2.38, 2.25, 2.36]
['2018-08-13', 2.36, 2.53, 2.34, 2.52]
['2018-08-14', 2.47, 2.52, 2.32, 2.35]
['2018-08-15', 2.31, 2.41, 2.3, 2.38]
['2018-08-16', 2.38, 2.43, 2.35, 2.41]
['2018-08-17', 2.3, 2.52, 2.3, 2.46]
['2018-08-20', 2.5, 2.53, 2.32, 2.38]
['2018-08-21', 2.39, 2.469, 2.32, 2.36]
['2018-08-22', 2.49, 2.49, 2.31, 2.32]
['2018-08-23', 2.32, 2.373, 2.24, 2.24]
['2018-08-24', 2.25, 2.37, 2.24, 2.35]
['2018-08-27', 2.34, 2.4, 2.33, 2.33]
['2018-08-28', 2.33, 2.34, 2.25, 2.28]
['2018-08-29', 2.26, 2.48, 2.26, 2.42]
['2018-08-30', 2.42, 2.47, 2.35, 2.4]
['2018-08-31', 2.4, 2.519, 2.4, 2.43]
['2018-09-04', 2.4, 2.48, 2.36, 2.37]
['2018-09-05', 2.36, 2.46, 2.36, 2.44]
['2018-09-06', 2.49, 2.569, 2.41, 2.5]
['2018-09-07', 2.53, 2.8, 2.481, 2.67]
['2018-09-10', 2.67, 2.79, 2.66, 2.79]
['2018-09-11', 2.79, 2.79, 2.68, 2.75]
['2018-09-12', 2.73, 2.78, 2.71, 2.76]
['2018-09-13', 2.78, 2.89, 2.68, 2.7]
['2018-09-14', 2.68, 2.79, 2.68, 2.68]
['2018-09-17', 2.7, 2.75, 2.53, 2.53]
['2018-09-18', 2.51, 2.7, 2.5, 2.65]
['2018-09-19', 2.7, 2.74, 2.51, 2.52]
['2018-09-20', 2.5, 2.66, 2.5, 2.59]
['2018-09-21', 2.65, 2.69, 2.52, 2.69]
['2018-09-24', 2.69, 2.7, 2.57, 2.6]
['2018-09-25', 2.61, 2.76, 2.58, 2.67]
['2018-09-26', 2.67, 2.82, 2.61, 2.76]
['2018-09-27', 2.75, 2.82, 2.64, 2.67]
['2018-09-28', 2.62, 2.734, 2.56, 2.58]
['2018-10-01', 2.6, 2.66, 2.55, 2.57]
['2018-10-02', 2.55, 2.61, 2.5, 2.52]
['2018-10-03', 2.53, 2.7, 2.53, 2.65]
['2018-10-04', 2.66, 2.79, 2.58, 2.59]
['2018-10-05', 2.6, 2.67, 2.585, 2.6]
['2018-10-08', 2.58, 2.72, 2.58, 2.69]
['2018-10-09', 2.67, 2.78, 2.67, 2.7]
['2018-10-10', 2.65, 2.71, 2.42, 2.45]
['2018-10-11', 2.45, 2.48, 2.28, 2.32]
['2018-10-12', 2.45, 3.06, 2.45, 2.92]
['2018-10-15', 2.9, 3.02, 2.65, 2.75]
['2018-10-16', 2.73, 2.8, 2.68, 2.71]
['2018-10-17', 2.74, 2.836, 2.65, 2.78]
['2018-10-18', 2.74, 2.83, 2.65, 2.66]
['2018-10-19', 2.66, 2.74, 2.55, 2.62]
['2018-10-22', 2.62, 2.65, 2.5, 2.5]
['2018-10-23', 2.42, 2.5, 2.36, 2.39]
['2018-10-24', 2.39, 2.45, 2.33, 2.35]
['2018-10-25', 2.36, 2.38, 2.22, 2.24]
['2018-10-26', 2.21, 2.267, 2.115, 2.21]
['2018-10-29', 2.19, 2.24, 2.16, 2.18]
['2018-10-30', 2.18, 2.349, 2.18, 2.24]
['2018-10-31', 2.26, 2.31, 2.14, 2.3]
['2018-11-01', 2.3, 2.44, 2.24, 2.26]
['2018-11-02', 2.26, 2.32, 2.25, 2.29]
['2018-11-05', 2.3, 2.36, 2.26, 2.3]
['2018-11-06', 2.3, 2.36, 2.192, 2.29]
['2018-11-07', 2.25, 2.482, 2.12, 2.41]
['2018-11-08', 2.34, 2.395, 2.05, 2.25]
['2018-11-09', 2.28, 2.66, 2.27, 2.6]
['2018-11-12', 2.58, 2.63, 2.44, 2.45]
['2018-11-13', 2.5, 2.7, 2.48, 2.51]
['2018-11-14', 2.51, 2.58, 2.35, 2.44]
['2018-11-15', 2.44, 2.59, 2.4, 2.52]
['2018-11-16', 2.5, 2.532, 2.45, 2.47]
['2018-11-19', 2.5, 2.51, 2.32, 2.34]
['2018-11-20', 2.31, 2.44, 2.26, 2.4]
['2018-11-21', 2.43, 2.579, 2.425, 2.55]
['2018-11-23', 2.5, 2.6, 2.5, 2.56]
['2018-11-26', 2.51, 2.56, 2.32, 2.37]
['2018-11-27', 2.4, 2.48, 2.31, 2.34]
['2018-11-28', 2.34, 2.44, 2.25, 2.32]
['2018-11-29', 2.33, 2.39, 2.25, 2.27]
['2018-11-30', 2.25, 2.32, 2.24, 2.28]
['2018-12-03', 2.27, 2.31, 2.12, 2.2]
['2018-12-04', 2.17, 2.21, 2.13, 2.15]
['2018-12-06', 2.15, 2.169, 1.95, 2.04]
['2018-12-07', 2.07, 2.1, 2.0, 2.07]
['2018-12-10', 2.05, 2.07, 1.86, 1.96]
['2018-12-11', 2.01, 2.14, 2.0, 2.01]
['2018-12-12', 2.05, 2.11, 1.97, 1.98]
['2018-12-13', 1.96, 2.06, 1.81, 1.84]
['2018-12-14', 1.85, 1.85, 1.75, 1.81]
['2018-12-17', 1.82, 1.85, 1.68, 1.73]
['2018-12-18', 1.78, 1.82, 1.64, 1.71]
['2018-12-19', 1.71, 1.744, 1.6, 1.6]
['2018-12-20', 1.61, 1.76, 1.52, 1.74]
['2018-12-21', 1.77, 1.871, 1.62, 1.63]
['2018-12-24', 1.61, 1.69, 1.58, 1.6]
['2018-12-26', 1.6, 1.655, 1.57, 1.62]
['2018-12-27', 1.59, 1.601, 1.47, 1.55]
['2018-12-28', 1.63, 1.81, 1.54, 1.8]
['2018-12-31', 1.81, 1.85, 1.7, 1.82]
['2019-01-02', 1.82, 1.92, 1.785, 1.85]
['2019-01-03', 1.87, 1.88, 1.81, 1.81]
['2019-01-04', 1.88, 1.93, 1.84, 1.88]
['2019-01-07', 1.9, 1.93, 1.86, 1.9]
['2019-01-08', 1.95, 1.96, 1.81, 1.82]
['2019-01-09', 1.84, 1.93, 1.8, 1.8]
['2019-01-10', 1.8, 2.179, 1.71, 2.07]
['2019-01-11', 2.17, 2.86, 2.06, 2.33]
['2019-01-14', 2.25, 2.3, 2.05, 2.17]
['2019-01-15', 2.22, 2.3, 2.18, 2.28]
['2019-01-16', 2.3, 2.37, 1.97, 1.98]
['2019-01-17', 2.04, 2.22, 1.95, 2.16]
['2019-01-18', 2.13, 2.16, 2.0, 2.09]
['2019-01-22', 2.1, 2.25, 2.06, 2.16]
['2019-01-23', 2.19, 2.3, 2.1, 2.16]
['2019-01-24', 2.17, 2.3, 2.1, 2.27]
['2019-01-25', 2.25, 2.4, 2.2, 2.22]
['2019-01-28', 2.26, 2.3, 2.16, 2.24]
['2019-01-29', 2.21, 2.24, 2.13, 2.19]
['2019-01-30', 2.2, 2.28, 2.17, 2.25]
['2019-01-31', 2.26, 2.29, 2.22, 2.27]
['2019-02-01', 2.29, 2.49, 2.26, 2.49]
['2019-02-04', 2.5, 2.66, 2.47, 2.54]
['2019-02-05', 2.54, 2.61, 2.345, 2.49]
['2019-02-06', 2.45, 2.535, 2.39, 2.53]
['2019-02-07', 2.55, 2.55, 2.3, 2.34]
['2019-02-08', 2.37, 2.5, 2.29, 2.39]
['2019-02-11', 2.44, 2.44, 2.32, 2.37]
['2019-02-12', 2.4, 2.51, 2.35, 2.48]
['2019-02-13', 2.48, 2.52, 2.4, 2.46]
['2019-02-14', 2.48, 2.64, 2.45, 2.54]
['2019-02-15', 2.58, 2.65, 2.51, 2.59]
['2019-02-19', 2.62, 2.67, 2.46, 2.47]
['2019-02-20', 2.47, 2.66, 2.44, 2.56]
['2019-02-21', 2.54, 2.585, 2.47, 2.52]
['2019-02-22', 2.54, 2.99, 2.54, 2.93]
['2019-02-25', 2.94, 3.15, 2.9, 3.08]
['2019-02-26', 3.1, 3.1, 2.95, 3.02]
['2019-02-27', 3.0, 3.04, 2.91, 2.97]
['2019-02-28', 2.98, 3.03, 2.81, 2.83]
['2019-03-01', 2.65, 3.61, 2.63, 3.43]
['2019-03-04', 3.37, 3.5, 3.11, 3.34]
['2019-03-05', 3.31, 4.01, 3.22, 4.0]
['2019-03-06', 3.95, 4.29, 3.72, 4.07]
['2019-03-07', 4.0, 4.13, 3.9, 3.97]
['2019-03-08', 3.86, 3.92, 3.43, 3.55]
['2019-03-11', 3.66, 3.93, 3.63, 3.72]
['2019-03-12', 3.72, 3.81, 3.62, 3.79]
['2019-03-13', 3.7, 3.9, 3.7, 3.81]
['2019-03-14', 3.8, 3.99, 3.79, 3.85]
['2019-03-15', 3.9, 4.21, 3.71, 4.18]
['2019-03-18', 4.22, 4.332, 3.95, 3.98]
['2019-03-19', 3.97, 4.005, 3.86, 3.91]
['2019-03-20', 3.9, 3.913, 3.695, 3.74]
['2019-03-21', 3.73, 3.75, 3.54, 3.66]
['2019-03-22', 3.61, 3.68, 3.44, 3.46]
['2019-03-25', 3.42, 3.43, 2.88, 2.95]
['2019-03-26', 2.99, 3.14, 2.9, 3.02]
['2019-03-27', 2.95, 3.0, 2.9, 2.91]
['2019-03-28', 2.95, 3.35, 2.91, 3.18]
['2019-03-29', 3.23, 3.23, 3.01, 3.07]
['2019-04-01', 3.2, 3.2, 3.0, 3.1]
['2019-04-02', 3.1, 3.22, 3.02, 3.02]
['2019-04-03', 3.02, 3.1, 2.92, 3.01]
['2019-04-04', 3.01, 3.18, 2.95, 3.1]
['2019-04-05', 3.1, 3.12, 2.98, 3.01]
['2019-04-08', 3.04, 3.05, 2.94, 2.98]
['2019-04-09', 2.95, 3.09, 2.92, 3.0]
['2019-04-10', 3.05, 3.05, 2.92, 2.97]
['2019-04-11', 2.96, 3.0, 2.91, 2.94]
['2019-04-12', 2.96, 3.09, 2.94, 3.03]
['2019-04-15', 3.03, 3.05, 2.92, 2.93]
['2019-04-16', 2.94, 2.96, 2.73, 2.79]
['2019-04-17', 2.78, 2.8, 2.58, 2.65]
['2019-04-18', 2.65, 2.734, 2.52, 2.54]
['2019-04-22', 2.55, 2.71, 2.52, 2.7]
['2019-04-23', 2.67, 2.79, 2.57, 2.76]
['2019-04-24', 2.76, 2.77, 2.58, 2.6]
['2019-04-25', 2.58, 2.64, 2.47, 2.5]
['2019-04-26', 2.55, 2.55, 2.4, 2.44]
['2019-04-29', 2.51, 2.7, 2.5, 2.66]
['2019-04-30', 2.7, 2.743, 2.5, 2.51]
['2019-05-01', 2.55, 2.56, 2.4, 2.41]
['2019-05-02', 2.41, 2.43, 2.26, 2.35]
['2019-05-03', 2.37, 2.555, 2.37, 2.48]
['2019-05-06', 2.45, 2.62, 2.409, 2.54]
['2019-05-07', 2.48, 2.6, 2.4, 2.51]
['2019-05-08', 2.52, 2.611, 2.45, 2.59]
['2019-05-09', 2.55, 2.65, 2.51, 2.57]
['2019-05-10', 2.03, 2.14, 2.0, 2.07]
['2019-05-13', 2.08, 2.09, 1.9, 2.05]
['2019-05-14', 2.05, 2.075, 1.93, 2.07]
['2019-05-15', 1.95, 2.05, 1.9, 2.04]
['2019-05-16', 1.98, 2.04, 1.9, 2.04]
['2019-05-17', 2.02, 2.02, 1.9, 1.96]
['2019-05-20', 1.96, 1.97, 1.85, 1.96]
['2019-05-21', 1.95, 1.99, 1.9, 1.95]
['2019-05-22', 1.93, 1.94, 1.83, 1.86]
['2019-05-23', 1.84, 1.85, 1.79, 1.81]
['2019-05-24', 1.84, 1.96, 1.83, 1.89]
['2019-05-28', 1.91, 1.95, 1.85, 1.87]
['2019-05-29', 1.87, 1.9, 1.76, 1.85]
['2019-05-30', 1.85, 1.98, 1.82, 1.94]
['2019-05-31', 1.93, 1.94, 1.77, 1.8]
['2019-06-03', 1.79, 1.87, 1.77, 1.86]
['2019-06-04', 1.89, 1.89, 1.83, 1.85]
['2019-06-05', 1.86, 1.87, 1.71, 1.73]
['2019-06-06', 1.73, 1.74, 1.52, 1.6]
['2019-06-07', 1.71, 1.85, 1.708, 1.83]
['2019-06-10', 1.85, 1.94, 1.66, 1.67]
['2019-06-11', 1.71, 1.72, 1.6, 1.62]
['2019-06-12', 1.62, 1.66, 1.55, 1.63]
['2019-06-13', 1.65, 1.66, 1.55, 1.56]
['2019-06-14', 1.58, 1.58, 1.48, 1.57]
['2019-06-17', 1.62, 1.74, 1.56, 1.58]
['2019-06-18', 1.58, 1.68, 1.57, 1.67]
['2019-06-19', 1.67, 1.705, 1.6, 1.61]
['2019-06-20', 1.65, 1.683, 1.6, 1.62]
['2019-06-21', 1.63, 1.63, 1.53, 1.62]
['2019-06-24', 1.65, 1.65, 1.57, 1.61]
['2019-06-25', 1.62, 1.63, 1.5, 1.51]
['2019-06-26', 1.53, 1.62, 1.5, 1.61]
['2019-06-27', 1.62, 1.63, 1.51, 1.51]
['2019-06-28', 1.53, 1.67, 1.53, 1.67]
['2019-07-01', 1.69, 1.74, 1.57, 1.61]
['2019-07-02', 1.7, 1.84, 1.65, 1.84]
['2019-07-03', 1.86, 2.15, 1.81, 1.83]
['2019-07-05', 1.88, 1.92, 1.79, 1.86]
['2019-07-08', 1.84, 1.89, 1.71, 1.87]
['2019-07-09', 1.88, 2.21, 1.87, 1.89]
['2019-07-10', 1.9, 2.02, 1.88, 1.97]
['2019-07-11', 2.0, 2.01, 1.89, 1.92]
['2019-07-12', 1.91, 1.96, 1.84, 1.86]
['2019-07-15', 1.89, 1.905, 1.78, 1.84]
['2019-07-16', 1.83, 1.94, 1.78, 1.89]
['2019-07-17', 1.9, 1.915, 1.79, 1.88]
['2019-07-18', 1.89, 1.89, 1.8, 1.83]
['2019-07-19', 1.83, 1.92, 1.8, 1.92]
['2019-07-22', 1.96, 2.03, 1.825, 1.85]
['2019-07-23', 1.87, 1.9, 1.83, 1.88]
['2019-07-24', 1.88, 1.96, 1.84, 1.88]
['2019-07-25', 1.91, 1.91, 1.82, 1.85]
['2019-07-26', 1.85, 1.86, 1.8, 1.84]
['2019-07-29', 1.85, 1.86, 1.75, 1.83]
['2019-07-30', 1.82, 1.97, 1.81, 1.95]
['2019-07-31', 2.05, 2.07, 1.91, 1.91]
['2019-08-01', 1.82, 1.91, 1.62, 1.73]
['2019-08-02', 1.7, 1.7, 1.65, 1.66]
['2019-08-05', 1.64, 1.64, 1.52, 1.56]
['2019-08-06', 1.56, 1.6, 1.485, 1.54]
['2019-08-07', 1.54, 1.669, 1.52, 1.63]
['2019-08-08', 1.67, 1.729, 1.62, 1.65]
['2019-08-09', 1.65, 1.685, 1.6, 1.67]
['2019-08-12', 1.7, 1.71, 1.64, 1.67]
['2019-08-13', 1.67, 1.695, 1.64, 1.66]
['2019-08-14', 1.64, 1.645, 1.56, 1.62]
['2019-08-15', 1.62, 1.64, 1.571, 1.61]
['2019-08-16', 1.65, 1.76, 1.61, 1.72]
['2019-08-19', 1.74, 1.8, 1.7, 1.72]
['2019-08-20', 1.72, 1.84, 1.66, 1.83]
['2019-08-21', 1.86, 1.9, 1.82, 1.85]
['2019-08-22', 1.85, 1.93, 1.83, 1.88]
['2019-08-23', 1.85, 1.95, 1.8, 1.88]
['2019-08-26', 1.9, 1.94, 1.85, 1.94]
['2019-08-27', 1.94, 2.14, 1.87, 1.87]
['2019-08-28', 1.87, 2.0, 1.82, 1.92]
['2019-08-29', 1.95, 2.0, 1.91, 1.98]
['2019-08-30', 1.99, 2.1, 1.95, 2.0]
['2019-09-03', 2.0, 2.01, 1.941, 1.97]
['2019-09-04', 1.99, 1.99, 1.89, 1.94]
['2019-09-05', 2.0, 2.1, 1.95, 2.06]
['2019-09-06', 2.05, 2.06, 1.89, 1.92]
['2019-09-09', 1.97, 1.97, 1.82, 1.9]
['2019-09-10', 1.88, 2.03, 1.87, 1.97]
['2019-09-11', 1.97, 2.04, 1.88, 1.94]
['2019-09-12', 1.94, 1.95, 1.87, 1.92]
['2019-09-13', 1.91, 1.96, 1.9, 1.95]
['2019-09-16', 1.96, 1.96, 1.88, 1.89]
['2019-09-17', 1.88, 1.896, 1.81, 1.84]
['2019-09-18', 1.83, 1.84, 1.7, 1.71]
['2019-09-19', 1.71, 1.83, 1.68, 1.81]
['2019-09-20', 1.84, 1.905, 1.77, 1.84]
['2019-09-23', 1.84, 1.86, 1.77, 1.85]
['2019-09-24', 1.82, 1.85, 1.67, 1.74]
['2019-09-25', 1.71, 1.751, 1.7, 1.72]
['2019-09-26', 1.7, 1.78, 1.7, 1.77]
['2019-09-27', 1.75, 1.84, 1.7, 1.7]
['2019-09-30', 1.72, 1.72, 1.67, 1.7]
['2019-10-01', 1.7, 1.73, 1.67, 1.7]
['2019-10-02', 1.69, 1.8, 1.67, 1.72]
['2019-10-03', 1.7, 1.82, 1.68, 1.8]
['2019-10-04', 1.82, 1.94, 1.772, 1.91]
['2019-10-07', 1.92, 1.99, 1.85, 1.85]
['2019-10-08', 1.85, 1.9, 1.78, 1.79]
['2019-10-09', 1.81, 1.84, 1.76, 1.78]
['2019-10-10', 1.78, 1.84, 1.72, 1.73]
['2019-10-11', 1.73, 1.86, 1.73, 1.81]
['2019-10-14', 1.8, 1.808, 1.75, 1.78]
['2019-10-15', 1.78, 1.82, 1.75, 1.77]
['2019-10-16', 1.77, 1.85, 1.77, 1.795]
['2019-10-17', 1.82, 1.88, 1.81, 1.84]
['2019-10-18', 1.83, 1.87, 1.83, 1.84]
['2019-10-21', 1.85, 1.87, 1.8, 1.81]
['2019-10-22', 1.81, 1.825, 1.8, 1.81]
['2019-10-23', 1.8, 1.84, 1.76, 1.83]
['2019-10-24', 1.82, 1.83, 1.7, 1.82]
['2019-10-25', 1.84, 1.84, 1.76, 1.79]
['2019-10-28', 1.79, 1.8, 1.67, 1.69]
['2019-10-29', 1.68, 1.68, 1.62, 1.65]
['2019-10-30', 1.63, 1.7, 1.61, 1.62]
['2019-10-31', 1.62, 1.68, 1.59, 1.6]
['2019-11-01', 1.61, 1.65, 1.6, 1.62]
['2019-11-04', 1.6, 1.66, 1.6, 1.64]
['2019-11-05', 1.64, 1.64, 1.57, 1.59]
['2019-11-06', 1.59, 1.59, 1.48, 1.49]
['2019-11-07', 1.47, 1.52, 1.46, 1.49]
['2019-11-08', 1.53, 1.53, 1.45, 1.51]
['2019-11-11', 1.51, 1.54, 1.45, 1.52]
['2019-11-12', 1.53, 1.53, 1.41, 1.45]
['2019-11-13', 1.51, 1.69, 1.46, 1.58]
['2019-11-14', 1.58, 1.59, 1.5, 1.58]
['2019-11-15', 1.59, 1.62, 1.54, 1.56]
['2019-11-18', 1.559, 1.563, 1.47, 1.53]
['2019-11-19', 1.54, 1.54, 1.42, 1.42]
['2019-11-20', 1.43, 1.45, 1.26, 1.27]
['2019-11-21', 1.29, 1.38, 1.17, 1.36]
['2019-11-22', 1.368, 1.43, 1.36, 1.42]
['2019-11-25', 1.38, 1.46, 1.32, 1.38]
['2019-11-26', 1.35, 1.57, 1.24, 1.45]
['2019-11-27', 1.45, 1.45, 1.35, 1.37]
['2019-11-29', 1.37, 1.385, 1.32, 1.35]
['2019-12-02', 0.761, 0.815, 0.67, 0.811]
['2019-12-03', 0.8, 0.81, 0.712, 0.747]
['2019-12-04', 0.764, 0.786, 0.727, 0.761]
['2019-12-05', 0.759, 0.765, 0.68, 0.73]
['2019-12-06', 0.69, 0.72, 0.611, 0.628]
['2019-12-09', 0.649, 0.65, 0.602, 0.628]
['2019-12-10', 0.65, 0.65, 0.612, 0.637]
['2019-12-11', 0.611, 0.65, 0.611, 0.65]
['2019-12-12', 0.65, 0.668, 0.6, 0.613]
['2019-12-13', 0.606, 0.629, 0.55, 0.564]
['2019-12-16', 0.56, 0.56, 0.45, 0.452]
['2019-12-17', 0.454, 0.476, 0.43, 0.452]
['2019-12-18', 0.46, 0.464, 0.41, 0.42]
['2019-12-19', 0.42, 0.534, 0.415, 0.51]
['2019-12-20', 0.505, 0.543, 0.473, 0.492]
['2019-12-23', 0.5, 0.53, 0.462, 0.488]
['2019-12-24', 0.48, 0.52, 0.46, 0.496]
['2019-12-26', 0.521, 0.53, 0.5, 0.52]
['2019-12-27', 0.63, 1.1, 0.61, 0.83]
['2019-12-30', 0.8, 0.88, 0.75, 0.83]
['2019-12-31', 0.83, 0.83, 0.74, 0.755]
['2020-01-02', 0.79, 0.82, 0.7, 0.736]
['2020-01-03', 0.73, 0.75, 0.681, 0.739]
['2020-01-06', 0.77, 0.81, 0.73, 0.8]
['2020-01-07', 0.8, 1.0, 0.8, 0.985]
['2020-01-08', 0.94, 0.96, 0.86, 0.905]
['2020-01-09', 0.933, 0.97, 0.903, 0.962]
['2020-01-10', 0.97, 0.97, 0.859, 0.866]
['2020-01-13', 0.91, 0.93, 0.868, 0.905]
['2020-01-14', 0.92, 0.92, 0.75, 0.761]
['2020-01-15', 0.75, 0.776, 0.743, 0.755]
['2020-01-16', 0.755, 0.76, 0.689, 0.73]
['2020-01-17', 0.73, 0.747, 0.685, 0.71]
['2020-01-21', 0.724, 0.724, 0.69, 0.69]
['2020-01-22', 0.71, 0.71, 0.68, 0.7]
['2020-01-23', 0.72, 0.759, 0.701, 0.725]
['2020-01-24', 0.725, 0.816, 0.701, 0.78]
['2020-01-27', 0.79, 0.84, 0.722, 0.79]
['2020-01-28', 0.795, 0.83, 0.75, 0.78]
['2020-01-29', 0.85, 0.86, 0.788, 0.8]
['2020-01-30', 0.804, 0.84, 0.731, 0.752]
['2020-01-31', 0.79, 0.79, 0.71, 0.766]
['2020-02-03', 0.768, 0.79, 0.733, 0.75]
['2020-02-04', 0.75, 0.79, 0.73, 0.752]
['2020-02-05', 0.753, 0.799, 0.753, 0.785]
['2020-02-06', 0.8, 0.809, 0.77, 0.775]
['2020-02-07', 0.775, 0.8, 0.753, 0.786]
['2020-02-10', 0.8, 0.81, 0.75, 0.77]
['2020-02-11', 0.761, 0.81, 0.75, 0.759]
['2020-02-12', 0.76, 0.785, 0.742, 0.756]
['2020-02-13', 0.74, 0.799, 0.74, 0.78]
['2020-02-14', 0.78, 0.79, 0.751, 0.755]
['2020-02-18', 0.76, 0.82, 0.76, 0.802]
['2020-02-19', 0.805, 0.85, 0.79, 0.839]
['2020-02-20', 0.84, 0.859, 0.804, 0.84]
['2020-02-21', 0.837, 0.87, 0.825, 0.848]
['2020-02-24', 0.828, 0.84, 0.76, 0.807]
['2020-02-25', 0.81, 0.84, 0.777, 0.79]
['2020-02-26', 0.76, 0.79, 0.76, 0.77]
['2020-02-27', 0.74, 0.75, 0.68, 0.689]
['2020-02-28', 0.6, 0.69, 0.55, 0.69]
['2020-03-02', 0.64, 0.71, 0.61, 0.682]
['2020-03-03', 0.72, 0.75, 0.651, 0.72]
['2020-03-04', 0.729, 0.75, 0.692, 0.71]
['2020-03-05', 0.708, 0.74, 0.655, 0.734]
['2020-03-06', 0.73, 0.797, 0.7, 0.757]
['2020-03-09', 0.742, 0.75, 0.67, 0.69]
['2020-03-10', 0.73, 0.746, 0.59, 0.639]
['2020-03-11', 0.62, 0.65, 0.58, 0.625]
['2020-03-12', 0.51, 0.573, 0.402, 0.42]
['2020-03-13', 0.46, 0.54, 0.411, 0.5]
['2020-03-16', 0.49, 0.49, 0.4, 0.401]
['2020-03-17', 0.4, 0.41, 0.358, 0.402]
['2020-03-18', 0.41, 0.41, 0.33, 0.38]
['2020-03-19', 0.38, 0.41, 0.36, 0.39]
['2020-03-20', 0.41, 0.47, 0.35, 0.366]
['2020-03-23', 0.45, 0.46, 0.33, 0.34]
['2020-03-24', 0.38, 0.44, 0.36, 0.42]
['2020-03-25', 0.44, 0.47, 0.38, 0.417]
['2020-03-26', 0.428, 0.47, 0.41, 0.455]
['2020-03-27', 0.45, 0.46, 0.421, 0.43]
['2020-03-30', 0.452, 0.504, 0.45, 0.45]
['2020-03-31', 0.45, 0.49, 0.44, 0.45]
['2020-04-01', 0.462, 0.462, 0.4, 0.41]
['2020-04-02', 0.41, 0.44, 0.351, 0.38]
['2020-04-03', 0.389, 0.4, 0.35, 0.381]
['2020-04-06', 0.4, 0.41, 0.35, 0.39]
['2020-04-07', 0.4, 0.41, 0.38, 0.38]
['2020-04-08', 0.4, 0.44, 0.395, 0.428]
['2020-04-09', 0.45, 0.476, 0.41, 0.47]
['2020-04-13', 0.486, 0.52, 0.47, 0.52]
['2020-04-14', 0.57, 0.67, 0.554, 0.629]
['2020-04-15', 0.59, 0.62, 0.506, 0.6]
['2020-04-16', 0.6, 0.61, 0.55, 0.59]
['2020-04-17', 0.62, 0.622, 0.57, 0.612]
['2020-04-20', 0.56, 0.59, 0.537, 0.563]
['2020-04-21', 0.594, 0.6, 0.53, 0.54]
['2020-04-22', 0.546, 0.58, 0.525, 0.56]
['2020-04-23', 0.536, 0.579, 0.53, 0.56]
['2020-04-24', 0.55, 0.6, 0.531, 0.58]
['2020-04-27', 0.585, 0.59, 0.56, 0.575]
['2020-04-28', 0.566, 0.6, 0.559, 0.57]
['2020-04-29', 0.59, 0.63, 0.57, 0.605]
['2020-04-30', 0.601, 0.621, 0.54, 0.54]
['2020-05-01', 0.53, 0.62, 0.52, 0.594]
['2020-05-04', 0.62, 0.77, 0.62, 0.72]
['2020-05-05', 0.704, 0.77, 0.701, 0.74]
['2020-05-06', 0.75, 0.76, 0.698, 0.717]
['2020-05-07', 0.7, 0.71, 0.646, 0.668]
['2020-05-08', 0.67, 0.69, 0.64, 0.682]
['2020-05-11', 0.67, 0.77, 0.67, 0.703]
['2020-05-12', 0.703, 0.75, 0.68, 0.7]
['2020-05-13', 0.71, 0.71, 0.66, 0.687]
['2020-05-14', 0.69, 0.69, 0.66, 0.685]
['2020-05-15', 0.687, 0.78, 0.68, 0.769]
['2020-05-18', 0.78, 0.82, 0.77, 0.8]
['2020-05-19', 0.82, 0.85, 0.81, 0.845]
['2020-05-20', 0.85, 0.85, 0.824, 0.85]
['2020-05-21', 0.85, 0.97, 0.847, 0.92]
['2020-05-22', 0.941, 0.97, 0.9, 0.93]
