['2014-03-21', 168.0, 217.8, 168.0, 188.22]
['2014-03-24', 186.0, 195.9, 165.0, 177.84]
['2014-03-25', 177.96, 200.88, 175.92, 186.72]
['2014-03-26', 187.2, 197.87, 183.18, 185.22]
['2014-03-27', 183.72, 185.64, 162.0, 180.06]
['2014-03-28', 179.87, 183.3, 172.98, 179.64]
['2014-03-31', 182.7, 187.8, 179.58, 180.3]
['2014-04-01', 180.0, 183.6, 179.34, 179.76]
['2014-04-02', 177.48, 190.38, 171.18, 180.18]
['2014-04-03', 179.76, 183.3, 169.56, 171.42]
['2014-04-04', 179.1, 179.1, 162.42, 164.16]
['2014-04-07', 159.9, 170.58, 159.6, 167.76]
['2014-04-08', 170.22, 170.88, 163.86, 166.44]
['2014-04-09', 167.94, 171.36, 159.06, 168.0]
['2014-04-10', 167.22, 169.49, 162.0, 162.72]
['2014-04-11', 157.08, 161.64, 141.06, 156.06]
['2014-04-14', 156.72, 158.76, 144.39, 147.36]
['2014-04-15', 155.88, 164.64, 148.5, 156.0]
['2014-04-16', 158.22, 165.0, 156.12, 160.14]
['2014-04-17', 161.34, 163.02, 150.01, 152.16]
['2014-04-21', 152.16, 163.5, 150.06, 160.2]
['2014-04-22', 161.94, 175.26, 154.2, 169.98]
['2014-04-23', 171.12, 179.9, 165.36, 178.26]
['2014-04-24', 179.7, 182.1, 171.18, 179.34]
['2014-04-25', 176.88, 185.22, 166.68, 179.7]
['2014-04-28', 178.14, 185.1, 170.48, 178.32]
['2014-04-29', 178.14, 180.0, 171.02, 179.1]
['2014-04-30', 180.84, 186.0, 177.48, 183.12]
['2014-05-01', 183.06, 186.0, 182.58, 183.78]
['2014-05-02', 182.1, 182.1, 169.62, 176.64]
['2014-05-05', 179.64, 179.64, 165.6, 172.5]
['2014-05-06', 172.62, 179.52, 157.98, 167.1]
['2014-05-07', 168.84, 175.74, 160.2, 174.36]
['2014-05-08', 173.1, 176.7, 168.48, 171.12]
['2014-05-09', 172.5, 174.0, 162.78, 168.12]
['2014-05-12', 167.88, 177.6, 162.78, 166.74]
['2014-05-13', 171.06, 171.06, 160.56, 163.68]
['2014-05-14', 161.46, 170.94, 161.22, 170.94]
['2014-05-15', 171.0, 173.4, 157.62, 164.16]
['2014-05-16', 166.32, 169.26, 161.73, 165.18]
['2014-05-19', 164.34, 169.8, 164.34, 164.4]
['2014-05-20', 165.54, 169.8, 164.1, 166.8]
['2014-05-21', 166.68, 166.68, 152.1, 156.06]
['2014-05-22', 154.86, 168.0, 154.86, 167.88]
['2014-05-23', 163.62, 167.4, 160.31, 166.14]
['2014-05-27', 164.76, 169.32, 159.42, 167.04]
['2014-05-28', 167.4, 171.84, 162.0, 163.74]
['2014-05-29', 165.0, 170.94, 165.0, 169.08]
['2014-05-30', 169.8, 180.36, 169.8, 179.34]
['2014-06-02', 180.0, 182.88, 177.6, 181.08]
['2014-06-03', 180.0, 188.7, 180.0, 180.84]
['2014-06-04', 180.54, 185.7, 178.02, 179.64]
['2014-06-05', 179.4, 185.76, 174.96, 178.86]
['2014-06-06', 179.64, 184.44, 178.38, 179.4]
['2014-06-09', 180.0, 197.88, 178.62, 193.5]
['2014-06-10', 196.92, 209.28, 192.06, 200.64]
['2014-06-11', 199.44, 199.44, 180.96, 191.76]
['2014-06-12', 192.0, 196.56, 188.4, 191.28]
['2014-06-13', 197.64, 221.16, 197.1, 204.0]
['2014-06-16', 204.0, 206.34, 184.5, 188.94]
['2014-06-17', 194.04, 194.04, 178.5, 180.0]
['2014-06-18', 179.28, 191.94, 164.94, 169.5]
['2014-06-19', 169.26, 175.92, 165.0, 173.1]
['2014-06-20', 174.12, 185.04, 167.01, 178.5]
['2014-06-23', 175.32, 183.72, 168.77, 173.22]
['2014-06-24', 173.76, 182.71, 150.6, 169.14]
['2014-06-25', 169.5, 172.74, 159.18, 167.76]
['2014-06-26', 168.6, 171.6, 163.92, 167.82]
['2014-06-27', 168.0, 174.42, 162.71, 171.36]
['2014-06-30', 173.52, 178.47, 166.56, 168.24]
['2014-07-01', 168.78, 176.52, 166.8, 172.08]
['2014-07-02', 171.3, 174.72, 171.3, 174.06]
['2014-07-03', 173.88, 174.9, 171.48, 172.38]
['2014-07-07', 171.48, 177.11, 166.44, 166.74]
['2014-07-08', 166.26, 179.55, 163.92, 167.7]
['2014-07-09', 170.46, 176.94, 163.62, 167.46]
['2014-07-10', 164.28, 170.79, 157.38, 162.36]
['2014-07-11', 162.18, 169.62, 162.18, 164.28]
['2014-07-14', 165.06, 171.48, 164.46, 169.08]
['2014-07-15', 169.68, 170.39, 157.5, 158.58]
['2014-07-16', 159.84, 163.32, 157.68, 159.42]
['2014-07-17', 158.4, 158.58, 144.48, 145.38]
['2014-07-18', 144.6, 144.6, 133.02, 139.92]
['2014-07-21', 139.98, 139.98, 132.9, 133.68]
['2014-07-22', 133.8, 144.6, 132.9, 142.74]
['2014-07-23', 143.88, 146.58, 135.96, 140.7]
['2014-07-24', 141.54, 143.82, 131.4, 132.18]
['2014-07-25', 132.0, 135.86, 132.0, 132.12]
['2014-07-28', 131.82, 134.4, 130.5, 131.64]
['2014-07-29', 130.98, 132.75, 126.6, 127.5]
['2014-07-30', 133.31, 133.31, 128.46, 128.94]
['2014-07-31', 126.06, 130.15, 121.74, 122.4]
['2014-08-01', 121.8, 127.2, 120.18, 126.12]
['2014-08-04', 130.2, 132.24, 125.52, 128.7]
['2014-08-05', 127.68, 130.6, 121.2, 123.6]
['2014-08-06', 122.52, 131.94, 119.88, 122.52]
['2014-08-07', 122.16, 126.78, 118.68, 120.36]
['2014-08-08', 120.3, 126.54, 118.74, 122.64]
['2014-08-11', 123.0, 124.32, 119.1, 123.36]
['2014-08-12', 121.5, 123.06, 116.76, 118.5]
['2014-08-13', 120.63, 121.98, 117.54, 119.04]
['2014-08-14', 119.58, 120.36, 114.12, 114.6]
['2014-08-15', 112.74, 117.78, 96.92, 116.28]
['2014-08-18', 117.54, 122.88, 115.5, 122.1]
['2014-08-19', 122.94, 123.6, 115.62, 118.56]
['2014-08-20', 119.22, 120.84, 117.18, 120.0]
['2014-08-21', 119.88, 120.0, 117.3, 118.8]
['2014-08-22', 119.34, 120.9, 115.5, 116.88]
['2014-08-25', 117.96, 120.0, 115.63, 119.46]
['2014-08-26', 120.12, 132.12, 118.47, 131.22]
['2014-08-27', 133.02, 137.28, 130.44, 136.02]
['2014-08-28', 135.0, 137.28, 129.78, 135.66]
['2014-08-29', 135.66, 139.98, 132.6, 138.0]
['2014-09-02', 139.44, 144.0, 138.3, 139.38]
['2014-09-03', 140.88, 141.72, 130.74, 131.76]
['2014-09-04', 132.0, 134.81, 124.92, 125.52]
['2014-09-05', 125.22, 127.46, 121.08, 123.06]
['2014-09-08', 123.06, 128.87, 120.79, 126.06]
['2014-09-09', 126.06, 126.12, 118.68, 119.52]
['2014-09-10', 119.28, 122.71, 119.28, 120.66]
['2014-09-11', 120.0, 121.98, 116.88, 119.82]
['2014-09-12', 119.1, 120.72, 116.76, 117.96]
['2014-09-15', 118.92, 119.88, 112.95, 115.68]
['2014-09-16', 115.56, 118.8, 113.94, 118.62]
['2014-09-17', 118.68, 129.6, 118.68, 128.88]
['2014-09-18', 129.0, 133.8, 120.06, 129.9]
['2014-09-19', 129.0, 134.28, 120.84, 123.0]
['2014-09-22', 123.06, 123.06, 118.62, 119.82]
['2014-09-23', 120.9, 122.64, 119.4, 120.42]
['2014-09-24', 120.3, 121.98, 118.8, 121.32]
['2014-09-25', 121.98, 124.14, 119.58, 120.6]
['2014-09-26', 121.86, 124.02, 119.58, 122.7]
['2014-09-29', 121.14, 124.02, 117.48, 118.38]
['2014-09-30', 118.2, 118.32, 113.52, 113.94]
['2014-10-01', 113.46, 114.96, 110.61, 114.18]
['2014-10-02', 113.82, 117.9, 113.04, 116.22]
['2014-10-03', 117.6, 118.92, 114.9, 118.5]
['2014-10-06', 118.5, 122.88, 116.76, 120.96]
['2014-10-07', 119.7, 121.39, 115.5, 115.56]
['2014-10-08', 118.26, 120.0, 113.16, 119.34]
['2014-10-09', 118.8, 119.88, 114.84, 118.8]
['2014-10-10', 118.26, 121.5, 116.94, 118.74]
['2014-10-13', 122.1, 127.26, 117.18, 121.68]
['2014-10-14', 123.0, 131.04, 123.0, 126.48]
['2014-10-15', 124.62, 129.0, 122.46, 126.6]
['2014-10-16', 123.66, 124.44, 118.5, 120.96]
['2014-10-17', 123.42, 126.36, 121.44, 123.6]
['2014-10-20', 122.58, 124.8, 119.46, 121.8]
['2014-10-21', 121.56, 123.0, 114.3, 117.66]
['2014-10-22', 117.66, 123.9, 114.0, 115.98]
['2014-10-23', 116.7, 117.31, 112.2, 117.0]
['2014-10-24', 117.06, 117.06, 113.31, 116.94]
['2014-10-27', 116.34, 118.32, 115.32, 116.94]
['2014-10-28', 117.36, 119.16, 116.28, 116.94]
['2014-10-29', 117.36, 117.36, 114.06, 115.14]
['2014-10-30', 116.4, 122.28, 114.0, 120.0]
['2014-10-31', 122.04, 122.91, 118.5, 119.46]
['2014-11-03', 119.4, 123.6, 110.7, 112.38]
['2014-11-04', 113.34, 113.46, 111.9, 111.9]
['2014-11-05', 121.2, 121.2, 113.4, 116.58]
['2014-11-06', 115.5, 118.5, 114.24, 116.04]
['2014-11-07', 108.0, 118.62, 105.42, 116.88]
['2014-11-10', 116.82, 118.5, 114.72, 115.8]
['2014-11-11', 115.5, 118.5, 115.38, 116.88]
['2014-11-12', 115.44, 117.81, 115.44, 117.18]
['2014-11-13', 116.64, 117.6, 111.24, 115.02]
['2014-11-14', 114.48, 114.6, 108.36, 111.24]
['2014-11-17', 110.88, 116.76, 110.88, 112.74]
['2014-11-18', 112.32, 118.2, 112.32, 116.94]
['2014-11-19', 115.86, 116.64, 109.26, 109.8]
['2014-11-20', 109.68, 112.68, 106.8, 110.46]
['2014-11-21', 112.5, 114.06, 107.1, 107.52]
['2014-11-24', 108.72, 109.68, 105.66, 109.08]
['2014-11-25', 109.44, 110.76, 103.8, 110.1]
['2014-11-26', 110.46, 112.3, 108.0, 109.68]
['2014-11-28', 110.16, 112.14, 106.98, 108.12]
['2014-12-01', 108.18, 111.3, 105.72, 109.86]
['2014-12-02', 113.53, 113.53, 107.22, 110.4]
['2014-12-03', 109.08, 112.02, 103.44, 105.78]
['2014-12-04', 105.0, 106.26, 100.14, 101.88]
['2014-12-05', 101.88, 105.0, 101.82, 104.7]
['2014-12-08', 104.04, 111.96, 104.04, 111.3]
['2014-12-09', 110.7, 116.04, 108.12, 111.96]
['2014-12-10', 111.6, 116.16, 110.58, 111.48]
['2014-12-11', 111.06, 116.07, 108.72, 110.7]
['2014-12-12', 109.14, 115.14, 109.14, 112.14]
['2014-12-15', 113.34, 119.19, 113.34, 114.36]
['2014-12-16', 114.06, 118.08, 112.74, 115.02]
['2014-12-17', 114.66, 116.46, 109.02, 115.2]
['2014-12-18', 111.42, 117.0, 110.28, 114.69]
['2014-12-19', 114.0, 120.0, 114.0, 119.34]
['2014-12-22', 119.04, 140.46, 119.04, 138.0]
['2014-12-23', 138.0, 138.0, 121.98, 134.16]
['2014-12-24', 133.86, 136.38, 131.04, 133.5]
['2014-12-26', 134.4, 135.54, 131.88, 133.44]
['2014-12-29', 134.1, 135.36, 130.74, 132.0]
['2014-12-30', 131.1, 131.55, 124.56, 127.2]
['2014-12-31', 127.08, 137.22, 120.0, 134.7]
['2015-01-02', 134.76, 138.24, 129.24, 133.98]
['2015-01-05', 134.04, 143.28, 124.92, 140.76]
['2015-01-06', 139.98, 141.54, 130.8, 131.52]
['2015-01-07', 128.7, 140.64, 125.4, 131.55]
['2015-01-08', 131.76, 135.36, 124.86, 134.28]
['2015-01-09', 134.22, 143.94, 133.86, 139.26]
['2015-01-12', 139.86, 141.0, 134.64, 137.58]
['2015-01-13', 137.64, 139.83, 131.82, 134.88]
['2015-01-14', 134.04, 134.04, 123.78, 124.32]
['2015-01-15', 125.04, 125.04, 112.32, 114.12]
['2015-01-16', 113.52, 114.54, 111.54, 113.94]
['2015-01-20', 112.92, 116.88, 111.6, 115.98]
['2015-01-21', 114.24, 114.27, 103.5, 103.74]
['2015-01-22', 107.1, 107.7, 104.1, 105.36]
['2015-01-23', 104.7, 106.2, 102.96, 103.8]
['2015-01-26', 105.6, 111.72, 104.28, 109.32]
['2015-01-27', 109.5, 111.6, 109.5, 111.06]
['2015-01-28', 111.96, 112.2, 109.56, 109.98]
['2015-01-29', 111.42, 111.84, 108.66, 111.12]
['2015-01-30', 111.48, 113.21, 105.36, 106.38]
['2015-02-02', 106.26, 107.58, 100.8, 104.64]
['2015-02-03', 104.94, 109.86, 102.0, 108.84]
['2015-02-04', 108.0, 108.0, 102.3, 102.48]
['2015-02-05', 102.6, 107.58, 98.76, 105.72]
['2015-02-06', 105.3, 107.58, 102.0, 103.92]
['2015-02-09', 104.4, 104.88, 102.14, 102.72]
['2015-02-10', 103.74, 107.64, 102.0, 106.2]
['2015-02-11', 106.44, 113.88, 106.44, 111.24]
['2015-02-12', 111.48, 112.74, 109.08, 111.54]
['2015-02-13', 110.82, 113.28, 104.1, 108.24]
['2015-02-17', 108.9, 109.23, 103.5, 104.52]
['2015-02-18', 104.52, 110.04, 104.52, 107.82]
['2015-02-19', 107.58, 113.76, 107.58, 112.44]
['2015-02-20', 112.8, 115.2, 112.2, 113.1]
['2015-02-23', 111.96, 117.0, 111.96, 116.82]
['2015-02-24', 116.82, 119.88, 116.22, 119.64]
['2015-02-25', 119.1, 123.84, 118.29, 123.3]
['2015-02-26', 123.6, 124.14, 119.52, 122.34]
['2015-02-27', 122.52, 125.01, 117.3, 118.86]
['2015-03-02', 118.98, 122.88, 118.98, 121.5]
['2015-03-03', 121.44, 121.5, 119.16, 120.48]
['2015-03-04', 120.0, 129.6, 119.34, 128.4]
['2015-03-05', 129.36, 131.88, 124.8, 128.58]
['2015-03-06', 127.98, 130.44, 121.62, 122.58]
['2015-03-09', 122.52, 122.52, 119.04, 119.76]
['2015-03-10', 118.2, 123.6, 117.0, 119.82]
['2015-03-11', 118.5, 120.12, 118.2, 119.76]
['2015-03-12', 120.84, 125.34, 117.6, 119.88]
['2015-03-13', 120.18, 120.9, 117.0, 118.38]
['2015-03-16', 118.44, 120.15, 115.8, 117.3]
['2015-03-17', 116.94, 121.44, 115.2, 119.4]
['2015-03-18', 117.6, 121.13, 116.28, 118.8]
['2015-03-19', 118.02, 120.18, 117.0, 119.94]
['2015-03-20', 121.38, 122.4, 116.58, 122.1]
['2015-03-23', 122.04, 126.0, 118.5, 120.42]
['2015-03-24', 120.06, 125.88, 118.74, 124.44]
['2015-03-25', 124.14, 124.8, 118.8, 119.7]
['2015-03-26', 120.42, 121.5, 116.04, 119.52]
['2015-03-27', 120.0, 120.12, 114.66, 115.68]
['2015-03-30', 116.16, 116.34, 111.48, 113.58]
['2015-03-31', 112.56, 114.36, 109.5, 110.22]
['2015-04-01', 110.34, 110.52, 105.72, 109.2]
['2015-04-02', 109.68, 110.28, 105.72, 107.1]
['2015-04-06', 106.8, 108.0, 103.02, 104.82]
['2015-04-07', 104.4, 111.84, 104.28, 109.38]
['2015-04-08', 108.96, 112.2, 107.52, 109.92]
['2015-04-09', 110.34, 111.36, 107.04, 108.84]
['2015-04-10', 108.96, 112.08, 107.46, 109.14]
['2015-04-13', 108.78, 117.3, 108.78, 117.24]
['2015-04-14', 120.78, 123.42, 114.0, 114.9]
['2015-04-15', 115.02, 120.9, 111.66, 119.4]
['2015-04-16', 118.68, 119.46, 116.16, 116.7]
['2015-04-17', 115.74, 116.94, 109.44, 114.06]
['2015-04-20', 114.06, 114.06, 110.94, 112.8]
['2015-04-21', 111.96, 115.02, 111.9, 114.72]
['2015-04-22', 114.6, 115.35, 109.68, 109.86]
['2015-04-23', 109.38, 111.96, 102.06, 110.34]
['2015-04-24', 109.86, 113.22, 109.38, 111.36]
['2015-04-27', 112.08, 113.1, 102.72, 102.84]
['2015-04-28', 103.08, 109.2, 102.0, 106.92]
['2015-04-29', 104.94, 108.0, 103.2, 104.28]
['2015-04-30', 102.66, 105.6, 101.4, 102.48]
['2015-05-01', 103.44, 106.26, 100.44, 104.94]
['2015-05-04', 105.42, 110.04, 102.84, 103.86]
['2015-05-05', 103.86, 106.56, 101.22, 103.32]
['2015-05-06', 105.18, 105.18, 101.34, 103.74]
['2015-05-07', 92.4, 98.76, 90.0, 92.76]
['2015-05-08', 93.72, 95.4, 91.92, 93.0]
['2015-05-11', 93.06, 95.34, 90.9, 91.14]
['2015-05-12', 90.48, 91.8, 86.7, 90.96]
['2015-05-13', 90.9, 93.18, 88.68, 90.06]
['2015-05-14', 89.76, 91.2, 88.92, 90.0]
['2015-05-15', 90.0, 90.6, 88.32, 90.12]
['2015-05-18', 90.0, 92.16, 89.46, 90.3]
['2015-05-19', 90.72, 92.4, 89.22, 90.0]
['2015-05-20', 89.58, 90.72, 87.06, 89.64]
['2015-05-21', 90.0, 90.48, 87.12, 89.28]
['2015-05-22', 89.04, 89.82, 86.64, 88.86]
['2015-05-26', 88.92, 88.92, 84.78, 87.72]
['2015-05-27', 87.72, 91.02, 86.46, 90.48]
['2015-05-28', 90.36, 97.62, 88.02, 94.74]
['2015-05-29', 94.92, 97.14, 91.26, 93.24]
['2015-06-01', 95.97, 95.97, 91.14, 92.64]
['2015-06-02', 92.64, 98.16, 92.1, 97.74]
['2015-06-03', 98.75, 102.72, 97.14, 101.94]
['2015-06-04', 101.34, 102.84, 97.5, 99.84]
['2015-06-05', 99.6, 104.34, 98.28, 103.62]
['2015-06-08', 102.84, 105.6, 102.0, 104.7]
['2015-06-09', 104.52, 105.18, 97.8, 100.02]
['2015-06-10', 99.9, 103.98, 98.82, 102.9]
['2015-06-11', 103.38, 104.58, 102.0, 103.68]
['2015-06-12', 103.86, 108.3, 103.8, 106.5]
['2015-06-15', 106.74, 112.08, 106.14, 109.2]
['2015-06-16', 109.5, 112.38, 104.46, 105.0]
['2015-06-17', 106.08, 107.28, 100.08, 100.14]
['2015-06-18', 100.14, 102.01, 98.52, 99.6]
['2015-06-19', 99.6, 100.56, 93.3, 98.4]
['2015-06-22', 99.0, 102.42, 98.34, 101.82]
['2015-06-23', 102.43, 102.72, 100.32, 101.04]
['2015-06-24', 100.62, 101.34, 98.34, 98.7]
['2015-06-25', 100.8, 100.8, 94.92, 95.76]
['2015-06-26', 96.0, 98.1, 91.92, 95.52]
['2015-06-29', 94.56, 94.86, 88.02, 88.38]
['2015-06-30', 89.28, 91.5, 87.6, 91.32]
['2015-07-01', 92.1, 93.3, 88.43, 90.24]
['2015-07-02', 90.42, 90.42, 86.82, 87.72]
['2015-07-06', 88.2, 116.82, 88.2, 113.52]
['2015-07-07', 113.28, 115.5, 107.76, 111.66]
['2015-07-08', 110.64, 111.6, 106.74, 107.22]
['2015-07-09', 108.96, 110.7, 105.6, 108.84]
['2015-07-10', 110.16, 113.7, 107.28, 112.68]
['2015-07-13', 113.04, 119.04, 112.5, 116.28]
['2015-07-14', 116.28, 117.84, 112.2, 114.84]
['2015-07-15', 115.56, 118.8, 114.66, 117.3]
['2015-07-16', 117.96, 125.28, 117.42, 123.54]
['2015-07-17', 124.08, 135.93, 123.54, 127.86]
['2015-07-20', 126.54, 127.14, 120.72, 123.9]
['2015-07-21', 122.64, 123.66, 116.76, 118.62]
['2015-07-22', 117.54, 120.18, 116.28, 119.1]
['2015-07-23', 118.8, 119.56, 114.6, 115.2]
['2015-07-24', 114.9, 116.58, 109.8, 110.4]
['2015-07-27', 109.32, 112.56, 106.8, 112.32]
['2015-07-28', 113.46, 116.94, 109.44, 114.6]
['2015-07-29', 114.0, 114.24, 107.34, 109.44]
['2015-07-30', 108.42, 109.08, 104.22, 107.04]
['2015-07-31', 107.88, 111.75, 107.16, 108.6]
['2015-08-03', 109.14, 111.48, 106.14, 108.6]
['2015-08-04', 108.24, 115.44, 104.88, 112.08]
['2015-08-05', 112.74, 116.4, 111.66, 115.62]
['2015-08-06', 115.5, 118.56, 110.45, 114.36]
['2015-08-07', 113.88, 117.24, 110.76, 113.1]
['2015-08-10', 113.94, 117.66, 112.14, 114.24]
['2015-08-11', 111.78, 113.4, 106.32, 108.12]
['2015-08-12', 106.8, 109.62, 102.54, 109.2]
['2015-08-13', 109.68, 110.34, 102.9, 103.74]
['2015-08-14', 103.02, 104.1, 99.76, 101.04]
['2015-08-17', 101.1, 101.82, 97.02, 98.52]
['2015-08-18', 97.86, 98.16, 90.84, 91.26]
['2015-08-19', 90.48, 91.39, 86.04, 86.16]
['2015-08-20', 84.24, 85.5, 77.1, 79.5]
['2015-08-21', 76.74, 81.54, 76.08, 79.56]
['2015-08-24', 74.76, 82.38, 74.76, 78.18]
['2015-08-25', 81.6, 81.6, 77.76, 78.12]
['2015-08-26', 80.28, 84.6, 76.02, 80.22]
['2015-08-27', 80.94, 83.04, 78.0, 78.9]
['2015-08-28', 78.06, 80.49, 77.88, 79.5]
['2015-08-31', 79.38, 81.36, 76.92, 77.82]
['2015-09-01', 75.96, 79.08, 73.98, 74.4]
['2015-09-02', 75.6, 77.1, 71.94, 74.16]
['2015-09-03', 74.28, 75.42, 70.62, 70.86]
['2015-09-04', 69.84, 73.38, 69.48, 69.72]
['2015-09-08', 71.52, 78.3, 71.52, 75.66]
['2015-09-09', 76.92, 79.26, 75.48, 76.02]
['2015-09-10', 75.78, 80.22, 72.72, 78.66]
['2015-09-11', 77.46, 81.78, 75.06, 80.76]
['2015-09-14', 80.64, 80.64, 76.92, 78.84]
['2015-09-15', 78.24, 78.24, 60.42, 64.32]
['2015-09-16', 63.72, 65.64, 59.82, 63.66]
['2015-09-17', 63.9, 68.46, 63.6, 65.88]
['2015-09-18', 67.62, 79.68, 67.62, 78.84]
['2015-09-21', 78.9, 81.3, 72.6, 75.12]
['2015-09-22', 74.04, 75.78, 71.85, 72.72]
['2015-09-23', 72.54, 76.92, 72.0, 75.0]
['2015-09-24', 74.22, 77.7, 72.72, 77.4]
['2015-09-25', 77.88, 78.0, 66.84, 69.06]
['2015-09-28', 68.4, 68.45, 64.62, 66.06]
['2015-09-29', 66.3, 69.66, 64.2, 68.52]
['2015-09-30', 68.94, 71.22, 65.76, 69.18]
['2015-10-01', 68.94, 68.94, 63.9, 66.3]
['2015-10-02', 65.16, 68.13, 64.8, 67.8]
['2015-10-05', 68.28, 69.42, 65.28, 66.66]
['2015-10-06', 66.66, 68.04, 60.9, 65.1]
['2015-10-07', 65.7, 69.42, 63.6, 67.32]
['2015-10-08', 67.44, 68.64, 61.98, 65.46]
['2015-10-09', 65.76, 68.64, 64.74, 67.68]
['2015-10-12', 68.04, 68.04, 61.14, 62.4]
['2015-10-13', 61.8, 64.26, 58.92, 59.94]
['2015-10-14', 60.06, 64.44, 58.98, 62.58]
['2015-10-15', 62.34, 66.3, 60.78, 64.56]
['2015-10-16', 64.8, 65.85, 60.66, 64.86]
['2015-10-19', 64.8, 65.34, 59.4, 62.22]
['2015-10-20', 62.34, 62.58, 59.88, 59.94]
['2015-10-21', 60.66, 62.58, 58.14, 60.66]
['2015-10-22', 60.96, 62.82, 58.74, 62.34]
['2015-10-23', 63.24, 67.2, 62.4, 66.3]
['2015-10-26', 65.76, 67.86, 60.66, 65.94]
['2015-10-27', 65.52, 66.78, 61.08, 63.18]
['2015-10-28', 63.3, 67.56, 61.86, 67.5]
['2015-10-29', 67.5, 70.56, 65.16, 65.82]
['2015-10-30', 66.48, 71.64, 60.6, 61.98]
['2015-11-02', 62.1, 68.4, 60.3, 68.1]
['2015-11-03', 67.74, 69.0, 66.0, 66.84]
['2015-11-04', 67.02, 71.7, 62.7, 64.44]
['2015-11-05', 64.32, 65.82, 61.56, 65.22]
['2015-11-06', 63.42, 67.98, 58.98, 62.46]
['2015-11-09', 62.46, 66.0, 62.1, 63.54]
['2015-11-10', 63.3, 65.34, 59.34, 63.06]
['2015-11-11', 59.82, 62.76, 59.22, 60.78]
['2015-11-12', 60.0, 63.05, 58.8, 59.22]
['2015-11-13', 58.68, 62.82, 58.14, 61.5]
['2015-11-16', 63.72, 65.46, 60.79, 62.1]
['2015-11-17', 62.46, 63.96, 59.76, 60.06]
['2015-11-18', 60.78, 62.58, 59.28, 62.58]
['2015-11-19', 62.1, 62.58, 60.24, 62.52]
['2015-11-20', 62.88, 65.1, 62.16, 64.38]
['2015-11-23', 64.08, 69.84, 63.9, 69.48]
['2015-11-24', 68.76, 70.74, 68.16, 69.84]
['2015-11-25', 70.08, 74.46, 69.12, 73.8]
['2015-11-27', 73.74, 77.64, 72.18, 76.98]
['2015-11-30', 76.98, 77.19, 73.32, 75.9]
['2015-12-01', 75.42, 76.2, 72.78, 75.54]
['2015-12-02', 75.54, 76.56, 73.62, 73.86]
['2015-12-03', 74.22, 75.54, 71.58, 71.82]
['2015-12-04', 71.4, 72.78, 66.96, 72.12]
['2015-12-07', 72.3, 72.3, 67.62, 69.06]
['2015-12-08', 68.22, 70.56, 68.1, 69.42]
['2015-12-09', 69.72, 75.97, 68.82, 69.12]
['2015-12-10', 69.18, 71.88, 67.8, 71.7]
['2015-12-11', 69.96, 72.15, 68.4, 68.7]
['2015-12-14', 69.0, 70.38, 65.52, 66.42]
['2015-12-15', 67.2, 70.74, 67.2, 69.06]
['2015-12-16', 69.48, 72.84, 68.04, 71.7]
['2015-12-17', 69.0, 71.4, 63.24, 63.66]
['2015-12-18', 63.3, 67.44, 63.24, 63.96]
['2015-12-21', 65.7, 68.16, 63.18, 66.6]
['2015-12-22', 66.78, 71.52, 65.22, 71.1]
['2015-12-23', 71.82, 73.74, 70.98, 73.5]
['2015-12-24', 74.04, 76.26, 72.78, 74.04]
['2015-12-28', 73.56, 76.68, 72.18, 74.94]
['2015-12-29', 75.3, 76.26, 72.57, 75.96]
['2015-12-30', 74.64, 76.08, 73.62, 74.76]
['2015-12-31', 74.52, 76.44, 73.44, 74.34]
['2016-01-04', 72.36, 72.96, 69.12, 71.94]
['2016-01-05', 72.3, 74.76, 69.78, 71.82]
['2016-01-06', 70.5, 71.28, 62.7, 65.16]
['2016-01-07', 63.54, 63.54, 57.06, 57.48]
['2016-01-08', 57.84, 60.78, 55.32, 60.06]
['2016-01-11', 60.36, 61.26, 54.48, 57.6]
['2016-01-12', 58.44, 60.18, 53.82, 56.34]
['2016-01-13', 56.34, 57.18, 54.54, 55.62]
['2016-01-14', 55.8, 67.44, 54.3, 65.58]
['2016-01-15', 63.54, 67.68, 61.44, 67.44]
['2016-01-19', 68.52, 77.1, 64.86, 76.32]
['2016-01-20', 74.58, 84.78, 66.06, 83.82]
['2016-01-21', 82.92, 86.64, 81.69, 84.42]
['2016-01-22', 86.16, 87.24, 78.12, 84.24]
['2016-01-25', 84.0, 86.22, 81.36, 82.98]
['2016-01-26', 83.7, 83.7, 75.0, 76.02]
['2016-01-27', 76.02, 76.08, 64.14, 67.74]
['2016-01-28', 68.58, 68.58, 62.94, 64.08]
['2016-01-29', 64.38, 69.71, 64.38, 66.84]
['2016-02-01', 66.42, 68.94, 65.04, 68.34]
['2016-02-02', 67.38, 68.34, 60.3, 60.6]
['2016-02-03', 60.9, 63.28, 55.89, 57.06]
['2016-02-04', 56.82, 60.0, 54.9, 58.08]
['2016-02-05', 57.3, 58.02, 54.12, 56.16]
['2016-02-08', 55.38, 55.38, 51.18, 52.44]
['2016-02-09', 51.42, 54.6, 50.34, 51.48]
['2016-02-10', 52.26, 58.5, 50.58, 51.9]
['2016-02-11', 50.82, 51.87, 46.56, 47.82]
['2016-02-12', 49.68, 50.58, 47.22, 49.08]
['2016-02-16', 49.5, 49.5, 47.4, 48.24]
['2016-02-17', 48.96, 52.5, 48.36, 49.5]
['2016-02-18', 49.5, 49.5, 46.56, 46.92]
['2016-02-19', 46.5, 48.66, 42.3, 45.0]
['2016-02-22', 45.6, 46.68, 41.88, 42.12]
['2016-02-23', 42.06, 42.84, 38.31, 38.46]
['2016-02-24', 38.1, 42.53, 37.02, 40.5]
['2016-02-25', 40.44, 42.7, 38.4, 39.84]
['2016-02-26', 40.14, 41.34, 38.7, 39.84]
['2016-02-29', 40.08, 40.92, 38.28, 39.42]
['2016-03-01', 39.78, 43.62, 39.78, 43.5]
['2016-03-02', 43.62, 46.8, 43.08, 45.9]
['2016-03-03', 45.96, 48.72, 45.06, 46.56]
['2016-03-04', 46.5, 47.76, 45.3, 46.68]
['2016-03-07', 46.44, 47.4, 45.42, 46.86]
['2016-03-08', 46.44, 47.52, 40.86, 40.86]
['2016-03-09', 41.1, 41.4, 38.46, 40.74]
['2016-03-10', 41.04, 41.94, 39.72, 40.2]
['2016-03-11', 40.68, 42.12, 39.84, 41.7]
['2016-03-14', 41.76, 43.2, 40.86, 41.46]
['2016-03-15', 40.68, 40.86, 38.4, 38.52]
['2016-03-16', 38.4, 39.97, 37.65, 39.36]
['2016-03-17', 39.3, 41.49, 38.46, 39.66]
['2016-03-18', 40.08, 41.94, 38.34, 41.76]
['2016-03-21', 41.1, 42.96, 40.2, 41.94]
['2016-03-22', 41.58, 44.1, 41.58, 42.3]
['2016-03-23', 42.3, 42.66, 38.64, 39.0]
['2016-03-24', 38.64, 41.64, 37.92, 40.26]
['2016-03-28', 40.44, 40.44, 38.7, 39.42]
['2016-03-29', 39.24, 46.44, 38.88, 45.3]
['2016-03-30', 46.02, 49.2, 44.53, 46.98]
['2016-03-31', 46.86, 49.62, 46.08, 48.12]
['2016-04-01', 47.7, 51.9, 47.1, 50.28]
['2016-04-04', 50.64, 53.52, 48.66, 49.02]
['2016-04-05', 48.54, 53.04, 46.5, 50.34]
['2016-04-06', 50.52, 56.88, 50.52, 56.1]
['2016-04-07', 57.42, 58.44, 51.36, 56.34]
['2016-04-08', 57.48, 57.78, 53.52, 54.0]
['2016-04-11', 54.54, 55.02, 51.96, 52.38]
['2016-04-12', 52.14, 55.32, 51.0, 54.96]
['2016-04-13', 55.32, 57.96, 54.54, 57.24]
['2016-04-14', 56.7, 58.2, 55.89, 57.18]
['2016-04-15', 57.06, 58.92, 51.8, 56.46]
['2016-04-18', 55.98, 58.14, 55.74, 58.02]
['2016-04-19', 57.64, 59.7, 56.61, 58.92]
['2016-04-20', 59.22, 59.64, 57.12, 58.2]
['2016-04-21', 58.08, 60.9, 58.08, 60.72]
['2016-04-22', 60.96, 62.1, 59.19, 61.5]
['2016-04-25', 61.08, 61.68, 59.94, 60.6]
['2016-04-26', 60.36, 60.36, 57.66, 58.8]
['2016-04-27', 60.42, 62.16, 56.94, 58.14]
['2016-04-28', 57.72, 60.3, 56.76, 58.38]
['2016-04-29', 57.06, 57.9, 52.26, 54.36]
['2016-05-02', 54.6, 55.2, 52.2, 54.6]
['2016-05-03', 53.82, 55.26, 50.94, 51.12]
['2016-05-04', 50.7, 51.42, 43.08, 44.46]
['2016-05-05', 44.7, 47.1, 43.95, 46.2]
['2016-05-06', 45.96, 47.59, 45.84, 46.38]
['2016-05-09', 46.38, 49.68, 46.26, 49.02]
['2016-05-10', 49.62, 49.68, 45.78, 47.04]
['2016-05-11', 47.1, 47.94, 45.24, 45.66]
['2016-05-12', 46.2, 46.74, 42.3, 43.5]
['2016-05-13', 43.14, 45.54, 43.14, 44.82]
['2016-05-16', 45.18, 47.88, 44.94, 47.46]
['2016-05-17', 47.04, 49.62, 46.38, 47.04]
['2016-05-18', 46.62, 49.08, 46.62, 48.72]
['2016-05-19', 48.3, 49.97, 45.78, 47.1]
['2016-05-20', 47.22, 49.26, 47.22, 48.66]
['2016-05-23', 48.6, 53.04, 48.6, 52.74]
['2016-05-24', 53.22, 55.86, 52.32, 54.78]
['2016-05-25', 55.62, 56.31, 53.4, 54.24]
['2016-05-26', 55.5, 55.5, 52.26, 52.56]
['2016-05-27', 53.22, 54.36, 52.15, 53.52]
['2016-05-31', 54.12, 55.56, 53.28, 55.26]
['2016-06-01', 55.02, 56.04, 54.12, 55.74]
['2016-06-02', 55.56, 62.13, 55.56, 60.12]
['2016-06-03', 59.88, 63.99, 57.54, 62.16]
['2016-06-06', 61.62, 68.7, 61.08, 68.52]
['2016-06-07', 67.92, 68.4, 64.62, 65.76]
['2016-06-08', 66.36, 67.26, 64.62, 66.12]
['2016-06-09', 65.4, 67.2, 61.62, 64.68]
['2016-06-10', 63.42, 66.54, 62.16, 62.88]
['2016-06-13', 62.58, 73.8, 62.58, 71.16]
['2016-06-14', 69.48, 71.79, 63.06, 65.22]
['2016-06-15', 63.78, 67.26, 62.7, 64.02]
['2016-06-16', 62.88, 67.14, 61.86, 66.42]
['2016-06-17', 66.66, 68.82, 64.32, 65.52]
['2016-06-20', 65.76, 68.16, 63.48, 65.52]
['2016-06-21', 66.06, 67.98, 63.48, 67.92]
['2016-06-22', 67.8, 69.45, 64.74, 65.94]
['2016-06-23', 66.9, 70.26, 63.42, 69.24]
['2016-06-24', 64.86, 66.72, 61.92, 62.88]
['2016-06-27', 61.92, 63.0, 57.78, 58.98]
['2016-06-28', 60.06, 62.88, 59.52, 61.08]
['2016-06-29', 62.4, 66.54, 61.08, 65.52]
['2016-06-30', 65.64, 67.44, 65.34, 66.36]
['2016-07-01', 66.48, 67.29, 64.38, 65.28]
['2016-07-05', 64.32, 65.1, 61.61, 63.36]
['2016-07-06', 63.18, 67.8, 59.76, 61.92]
['2016-07-07', 62.22, 62.22, 59.1, 60.24]
['2016-07-08', 60.78, 64.14, 58.56, 63.6]
['2016-07-11', 64.02, 64.26, 60.96, 62.7]
['2016-07-12', 63.72, 65.58, 62.7, 63.96]
['2016-07-13', 64.32, 66.12, 62.34, 63.9]
['2016-07-14', 65.1, 65.58, 62.76, 62.94]
['2016-07-15', 63.84, 64.74, 62.22, 62.88]
['2016-07-18', 63.24, 65.88, 62.22, 65.52]
['2016-07-19', 65.28, 65.64, 63.06, 63.72]
['2016-07-20', 63.9, 66.84, 63.9, 65.7]
['2016-07-21', 66.3, 70.32, 66.3, 67.32]
['2016-07-22', 67.8, 67.8, 66.0, 67.08]
['2016-07-25', 66.96, 68.64, 66.9, 67.56]
['2016-07-26', 67.32, 69.18, 66.48, 66.72]
['2016-07-27', 67.38, 69.84, 67.38, 69.48]
['2016-07-28', 69.72, 71.34, 69.24, 70.56]
['2016-07-29', 71.4, 71.4, 67.86, 69.0]
['2016-08-01', 69.54, 69.6, 66.51, 67.44]
['2016-08-02', 67.86, 68.16, 63.24, 64.92]
['2016-08-03', 65.4, 68.04, 64.08, 67.92]
['2016-08-04', 68.1, 69.01, 65.94, 66.9]
['2016-08-05', 67.38, 68.58, 63.06, 67.92]
['2016-08-08', 67.98, 68.7, 65.28, 66.78]
['2016-08-09', 67.74, 67.74, 64.2, 65.94]
['2016-08-10', 69.6, 70.2, 67.26, 68.22]
['2016-08-11', 69.12, 70.86, 67.86, 70.2]
['2016-08-12', 70.56, 78.9, 69.74, 77.04]
['2016-08-15', 77.58, 78.72, 75.66, 77.7]
['2016-08-16', 77.28, 78.9, 74.12, 77.4]
['2016-08-17', 77.22, 78.9, 74.7, 78.36]
['2016-08-18', 78.3, 80.15, 77.76, 78.48]
['2016-08-19', 78.3, 80.46, 76.74, 77.46]
['2016-08-22', 77.28, 79.32, 73.55, 78.54]
['2016-08-23', 79.2, 82.8, 78.0, 79.08]
['2016-08-24', 79.32, 81.54, 73.26, 75.6]
['2016-08-25', 75.48, 80.82, 73.38, 75.24]
['2016-08-26', 75.78, 79.62, 72.85, 76.26]
['2016-08-29', 76.2, 79.02, 72.93, 78.24]
['2016-08-30', 78.36, 79.5, 78.0, 78.72]
['2016-08-31', 78.78, 78.84, 73.74, 74.4]
['2016-09-01', 73.56, 78.9, 73.02, 78.9]
['2016-09-02', 79.44, 79.44, 73.5, 74.88]
['2016-09-06', 75.42, 77.88, 75.3, 75.9]
['2016-09-07', 76.56, 81.0, 76.38, 80.82]
['2016-09-08', 80.94, 88.14, 79.02, 84.3]
['2016-09-09', 83.58, 85.86, 81.42, 81.84]
['2016-09-12', 80.88, 82.68, 74.41, 81.6]
['2016-09-13', 80.16, 80.58, 74.46, 76.02]
['2016-09-14', 76.44, 79.68, 75.06, 78.3]
['2016-09-15', 78.6, 79.62, 76.92, 77.34]
['2016-09-16', 77.88, 79.62, 76.26, 77.31]
['2016-09-19', 78.42, 79.68, 74.46, 75.06]
['2016-09-20', 76.56, 83.76, 76.29, 80.04]
['2016-09-21', 80.94, 81.12, 75.84, 77.52]
['2016-09-22', 78.12, 79.14, 76.5, 77.64]
['2016-09-23', 77.7, 79.8, 75.66, 78.78]
['2016-09-26', 78.9, 79.74, 75.48, 76.5]
['2016-09-27', 76.62, 80.46, 72.3, 79.98]
['2016-09-28', 74.82, 76.14, 71.64, 73.38]
['2016-09-29', 73.32, 75.24, 71.94, 72.9]
['2016-09-30', 73.08, 74.16, 71.7, 73.5]
['2016-10-03', 72.78, 73.68, 71.52, 72.9]
['2016-10-04', 75.0, 75.0, 72.24, 73.02]
['2016-10-05', 73.5, 74.4, 71.4, 73.5]
['2016-10-06', 73.5, 74.13, 70.08, 71.94]
['2016-10-07', 71.88, 73.8, 70.86, 71.64]
['2016-10-10', 72.66, 74.1, 72.37, 73.5]
['2016-10-11', 73.5, 74.04, 70.5, 72.12]
['2016-10-12', 71.76, 73.8, 69.3, 70.08]
['2016-10-13', 69.6, 73.62, 69.06, 71.1]
['2016-10-14', 72.0, 72.84, 69.66, 69.72]
['2016-10-17', 70.5, 73.2, 69.0, 72.6]
['2016-10-18', 73.2, 74.1, 72.0, 72.6]
['2016-10-19', 72.9, 72.9, 69.6, 70.8]
['2016-10-20', 71.1, 74.4, 70.8, 72.9]
['2016-10-21', 72.0, 73.8, 72.0, 72.9]
['2016-10-24', 72.9, 73.47, 71.1, 72.6]
['2016-10-25', 72.9, 73.8, 71.4, 73.2]
['2016-10-26', 72.3, 73.2, 70.8, 72.6]
['2016-10-27', 72.9, 73.5, 70.8, 71.1]
['2016-10-28', 71.7, 73.8, 70.8, 73.5]
['2016-10-31', 72.9, 73.44, 66.0, 66.3]
['2016-11-01', 66.9, 67.2, 62.4, 64.2]
['2016-11-02', 63.6, 63.9, 59.4, 59.4]
['2016-11-03', 60.3, 60.81, 55.5, 56.1]
['2016-11-04', 56.7, 58.51, 54.3, 54.6]
['2016-11-07', 55.5, 58.5, 55.5, 57.9]
['2016-11-08', 57.9, 62.7, 54.9, 60.9]
['2016-11-09', 62.7, 69.0, 62.7, 68.7]
['2016-11-10', 70.2, 73.2, 68.1, 71.4]
['2016-11-11', 71.4, 75.9, 69.6, 75.6]
['2016-11-14', 76.2, 77.1, 73.8, 76.5]
['2016-11-15', 75.9, 78.0, 74.4, 77.1]
['2016-11-16', 76.8, 78.3, 72.9, 75.6]
['2016-11-17', 76.2, 78.9, 68.53, 78.0]
['2016-11-18', 78.3, 78.9, 77.1, 78.3]
['2016-11-21', 78.6, 78.9, 75.3, 77.7]
['2016-11-22', 77.7, 79.2, 72.9, 78.0]
['2016-11-23', 76.8, 80.7, 73.8, 80.1]
['2016-11-25', 80.1, 80.4, 77.4, 80.4]
['2016-11-28', 80.4, 80.4, 75.0, 75.6]
['2016-11-29', 75.9, 76.5, 74.4, 75.3]
['2016-11-30', 76.2, 76.8, 72.9, 74.7]
['2016-12-01', 74.7, 76.2, 72.3, 73.2]
['2016-12-02', 75.6, 78.3, 74.7, 76.2]
['2016-12-05', 77.4, 78.6, 75.33, 78.3]
['2016-12-06', 78.6, 80.55, 72.9, 80.1]
['2016-12-07', 79.2, 80.4, 75.0, 77.4]
['2016-12-08', 76.5, 80.1, 74.7, 79.8]
['2016-12-09', 79.8, 81.9, 70.8, 78.6]
['2016-12-12', 77.7, 78.3, 76.2, 78.0]
['2016-12-13', 78.6, 80.4, 76.5, 77.7]
['2016-12-14', 77.4, 77.4, 75.0, 76.5]
['2016-12-15', 77.1, 81.6, 76.8, 79.8]
['2016-12-16', 80.1, 91.2, 79.8, 89.1]
['2016-12-19', 90.0, 93.0, 87.3, 89.4]
['2016-12-20', 94.5, 97.8, 93.0, 94.5]
['2016-12-21', 95.4, 95.4, 88.8, 90.6]
['2016-12-22', 91.2, 93.6, 88.98, 90.9]
['2016-12-23', 90.6, 97.8, 89.7, 95.4]
['2016-12-27', 95.1, 97.2, 93.6, 94.2]
['2016-12-28', 94.2, 96.0, 89.7, 90.9]
['2016-12-29', 91.5, 91.95, 83.86, 86.7]
['2016-12-30', 89.1, 90.6, 85.2, 89.4]
['2017-01-03', 90.6, 92.4, 87.0, 89.4]
['2017-01-04', 89.1, 96.0, 89.1, 96.0]
['2017-01-05', 95.4, 96.9, 94.2, 95.1]
['2017-01-06', 95.7, 97.5, 95.1, 97.2]
['2017-01-09', 98.1, 99.3, 94.5, 95.7]
['2017-01-10', 95.7, 95.7, 93.0, 94.2]
['2017-01-11', 94.2, 95.7, 89.4, 93.0]
['2017-01-12', 90.9, 93.9, 89.7, 92.4]
['2017-01-13', 93.0, 95.7, 93.0, 94.8]
['2017-01-17', 94.5, 94.5, 89.4, 90.6]
['2017-01-18', 91.5, 94.2, 89.7, 91.2]
['2017-01-19', 90.9, 91.5, 89.4, 90.6]
['2017-01-20', 91.5, 95.21, 89.4, 90.3]
['2017-01-23', 90.6, 91.5, 87.6, 88.5]
['2017-01-24', 88.8, 89.52, 86.4, 88.8]
['2017-01-25', 89.7, 92.1, 89.1, 90.3]
['2017-01-26', 90.3, 90.9, 86.4, 86.7]
['2017-01-27', 87.0, 87.3, 84.0, 85.8]
['2017-01-30', 83.1, 83.13, 77.4, 78.0]
['2017-01-31', 77.7, 86.4, 76.2, 85.8]
['2017-02-01', 85.8, 86.7, 82.2, 83.7]
['2017-02-02', 83.4, 85.05, 79.8, 81.3]
['2017-02-03', 82.5, 85.2, 79.88, 84.6]
['2017-02-06', 84.0, 85.5, 82.08, 83.1]
['2017-02-07', 83.4, 86.1, 79.17, 79.8]
['2017-02-08', 78.9, 83.1, 76.8, 81.9]
['2017-02-09', 81.9, 87.9, 81.6, 86.7]
['2017-02-10', 87.9, 91.35, 87.0, 90.3]
['2017-02-13', 91.5, 93.9, 91.5, 93.6]
['2017-02-14', 93.6, 95.1, 90.9, 93.0]
['2017-02-15', 92.4, 96.3, 92.4, 96.3]
['2017-02-16', 96.3, 97.4, 92.7, 94.2]
['2017-02-17', 94.2, 98.7, 93.3, 98.1]
['2017-02-21', 105.0, 120.0, 103.2, 113.7]
['2017-02-22', 117.3, 119.25, 110.1, 117.0]
['2017-02-23', 118.5, 126.9, 116.4, 126.6]
['2017-02-24', 127.5, 135.0, 119.4, 133.8]
['2017-02-27', 133.8, 144.0, 132.6, 138.3]
['2017-02-28', 137.7, 137.7, 129.3, 131.1]
['2017-03-01', 138.9, 143.5, 129.6, 131.1]
['2017-03-02', 131.7, 135.6, 125.7, 126.9]
['2017-03-03', 127.5, 131.1, 127.2, 127.8]
['2017-03-06', 127.5, 128.4, 119.4, 120.6]
['2017-03-07', 118.5, 124.8, 116.21, 120.9]
['2017-03-08', 120.3, 123.3, 119.62, 121.2]
['2017-03-09', 122.1, 125.1, 119.4, 120.0]
['2017-03-10', 121.8, 121.8, 117.15, 118.8]
['2017-03-13', 118.8, 120.0, 115.5, 116.4]
['2017-03-14', 115.2, 116.4, 112.5, 114.0]
['2017-03-15', 114.3, 115.8, 111.9, 114.0]
['2017-03-16', 113.7, 114.3, 109.5, 110.7]
['2017-03-17', 109.8, 115.2, 107.53, 114.6]
['2017-03-20', 115.2, 124.2, 114.0, 123.6]
['2017-03-21', 125.4, 131.7, 116.1, 118.2]
['2017-03-22', 117.3, 122.4, 114.3, 120.9]
['2017-03-23', 121.2, 123.9, 117.6, 123.0]
['2017-03-24', 123.6, 128.7, 121.2, 126.6]
['2017-03-27', 124.8, 128.7, 122.1, 127.2]
['2017-03-28', 127.2, 131.7, 126.9, 129.0]
['2017-03-29', 130.2, 133.8, 129.9, 131.1]
['2017-03-30', 130.8, 133.2, 124.12, 132.0]
['2017-03-31', 132.0, 132.0, 123.0, 128.1]
['2017-04-03', 128.4, 130.5, 123.3, 127.8]
['2017-04-04', 129.0, 129.9, 125.4, 127.8]
['2017-04-05', 128.1, 129.6, 122.4, 124.8]
['2017-04-06', 125.1, 125.1, 116.7, 123.0]
['2017-04-07', 122.4, 124.5, 120.6, 123.0]
['2017-04-10', 123.0, 125.25, 121.5, 121.5]
['2017-04-11', 121.8, 124.2, 119.1, 123.6]
['2017-04-12', 123.3, 124.8, 121.65, 122.7]
['2017-04-13', 121.8, 126.0, 120.9, 124.5]
['2017-04-17', 124.5, 125.1, 120.0, 122.4]
['2017-04-18', 120.6, 121.2, 118.31, 119.4]
['2017-04-19', 119.1, 124.2, 118.8, 120.6]
['2017-04-20', 121.5, 122.1, 117.0, 118.2]
['2017-04-21', 117.9, 119.7, 115.2, 118.5]
['2017-04-24', 120.0, 120.9, 117.6, 118.5]
['2017-04-25', 119.4, 124.17, 118.05, 120.0]
['2017-04-26', 119.7, 121.2, 118.5, 119.4]
['2017-04-27', 119.4, 120.0, 118.2, 118.8]
['2017-04-28', 113.1, 114.27, 105.0, 110.4]
['2017-05-01', 111.3, 113.4, 110.7, 111.3]
['2017-05-02', 111.0, 112.5, 106.65, 108.0]
['2017-05-03', 106.8, 110.1, 105.3, 109.2]
['2017-05-04', 109.8, 110.7, 102.0, 102.3]
['2017-05-05', 105.0, 106.5, 102.0, 105.9]
['2017-05-08', 105.0, 105.9, 102.6, 105.0]
['2017-05-09', 106.2, 107.1, 104.4, 105.9]
['2017-05-10', 105.3, 108.0, 102.9, 106.8]
['2017-05-11', 105.0, 106.8, 102.6, 104.4]
['2017-05-12', 103.5, 107.25, 102.0, 105.0]
['2017-05-15', 105.0, 106.8, 103.5, 104.1]
['2017-05-16', 104.4, 105.0, 99.3, 102.3]
['2017-05-17', 100.5, 100.8, 96.0, 96.9]
['2017-05-18', 97.2, 101.25, 96.3, 100.8]
['2017-05-19', 100.5, 101.1, 95.1, 95.7]
['2017-05-22', 95.4, 98.1, 93.9, 98.1]
['2017-05-23', 98.7, 99.0, 96.6, 97.2]
['2017-05-24', 96.9, 98.4, 95.7, 96.6]
['2017-05-25', 96.9, 97.2, 93.6, 94.95]
['2017-05-26', 94.5, 96.6, 91.8, 93.0]
['2017-05-30', 93.6, 94.63, 88.8, 89.4]
['2017-05-31', 89.4, 93.6, 88.5, 92.1]
['2017-06-01', 93.0, 98.55, 92.85, 98.1]
['2017-06-02', 98.1, 101.7, 97.8, 100.8]
['2017-06-05', 99.9, 102.0, 98.7, 101.4]
['2017-06-06', 99.9, 101.4, 96.3, 96.6]
['2017-06-07', 96.9, 97.5, 90.6, 96.3]
['2017-06-08', 96.9, 98.7, 95.4, 96.3]
['2017-06-09', 97.2, 99.0, 94.93, 96.3]
['2017-06-12', 96.6, 99.45, 95.57, 96.3]
['2017-06-13', 96.3, 98.7, 95.4, 97.8]
['2017-06-14', 97.8, 101.1, 97.2, 99.0]
['2017-06-15', 97.8, 101.1, 96.9, 100.2]
['2017-06-16', 98.7, 100.8, 96.9, 98.4]
['2017-06-19', 99.0, 101.4, 98.4, 100.8]
['2017-06-20', 100.5, 102.8, 96.0, 96.6]
['2017-06-21', 97.5, 101.7, 96.6, 101.7]
['2017-06-22', 101.4, 104.1, 100.8, 103.2]
['2017-06-23', 102.6, 108.6, 101.1, 108.3]
['2017-06-26', 109.2, 116.4, 108.3, 114.0]
['2017-06-27', 114.3, 114.3, 108.3, 109.8]
['2017-06-28', 110.7, 112.5, 108.0, 111.9]
['2017-06-29', 111.6, 112.8, 106.53, 108.3]
['2017-06-30', 108.3, 108.3, 103.5, 104.7]
['2017-07-03', 106.2, 109.8, 104.4, 107.7]
['2017-07-05', 107.1, 109.2, 102.9, 103.2]
['2017-07-06', 101.7, 105.3, 101.4, 102.6]
['2017-07-07', 102.6, 105.3, 102.6, 104.7]
['2017-07-10', 103.5, 103.8, 101.1, 101.1]
['2017-07-11', 101.1, 103.8, 101.1, 102.9]
['2017-07-12', 104.4, 104.4, 99.9, 102.9]
['2017-07-13', 103.2, 103.5, 99.0, 99.9]
['2017-07-14', 100.5, 102.9, 99.9, 101.1]
['2017-07-17', 101.1, 106.8, 100.83, 105.6]
['2017-07-18', 105.0, 106.5, 103.2, 105.0]
['2017-07-19', 105.6, 114.0, 104.7, 112.2]
['2017-07-20', 110.4, 111.6, 105.3, 105.9]
['2017-07-21', 108.0, 111.3, 104.4, 109.5]
['2017-07-24', 109.8, 117.0, 108.0, 116.1]
['2017-07-25', 114.0, 118.5, 112.5, 113.1]
['2017-07-26', 113.4, 118.5, 111.6, 114.9]
['2017-07-27', 114.0, 119.7, 109.83, 111.3]
['2017-07-28', 102.0, 113.7, 102.0, 112.8]
['2017-07-31', 111.0, 116.7, 110.4, 111.0]
['2017-08-01', 112.2, 112.2, 106.5, 109.5]
['2017-08-02', 109.8, 110.7, 105.0, 105.3]
['2017-08-03', 105.9, 108.0, 104.7, 106.2]
['2017-08-04', 106.2, 107.7, 104.4, 107.4]
['2017-08-07', 108.0, 111.6, 106.8, 107.7]
['2017-08-08', 105.9, 112.8, 103.8, 104.7]
['2017-08-09', 104.1, 105.9, 100.8, 102.0]
['2017-08-10', 100.2, 100.77, 95.7, 99.3]
['2017-08-11', 99.9, 103.5, 98.4, 102.6]
['2017-08-14', 103.5, 103.8, 101.4, 102.6]
['2017-08-15', 102.6, 102.6, 99.0, 99.9]
['2017-08-16', 99.9, 102.0, 99.0, 99.9]
['2017-08-17', 99.3, 102.0, 98.4, 99.0]
['2017-08-18', 97.5, 100.8, 96.3, 99.6]
['2017-08-21', 98.7, 99.9, 97.5, 98.4]
['2017-08-22', 99.3, 105.9, 97.2, 105.3]
['2017-08-23', 106.5, 117.9, 105.9, 117.0]
['2017-08-24', 119.4, 119.4, 111.3, 113.7]
['2017-08-25', 117.0, 117.6, 113.1, 114.9]
['2017-08-28', 116.1, 120.0, 115.8, 118.8]
['2017-08-29', 117.6, 122.1, 115.8, 120.9]
['2017-08-30', 120.6, 121.2, 117.3, 117.9]
['2017-08-31', 118.2, 119.4, 111.9, 114.0]
['2017-09-01', 114.6, 120.0, 113.08, 116.4]
['2017-09-05', 116.1, 119.55, 114.6, 118.8]
['2017-09-06', 120.0, 121.2, 116.4, 117.0]
['2017-09-07', 117.6, 128.4, 117.3, 125.7]
['2017-09-08', 128.7, 128.72, 118.8, 119.7]
['2017-09-11', 121.5, 123.0, 117.3, 121.5]
['2017-09-12', 120.3, 120.3, 109.2, 110.1]
['2017-09-13', 117.0, 117.0, 108.6, 109.2]
['2017-09-14', 109.5, 109.8, 105.33, 108.3]
['2017-09-15', 108.6, 111.3, 105.3, 110.1]
['2017-09-18', 111.3, 117.0, 109.2, 117.0]
['2017-09-19', 118.5, 119.7, 114.6, 117.6]
['2017-09-20', 117.0, 132.6, 116.7, 131.1]
['2017-09-21', 129.0, 132.0, 126.9, 129.6]
['2017-09-22', 19.2, 19.5, 15.6, 16.05]
['2017-09-25', 16.5, 16.5, 14.1, 14.7]
['2017-09-26', 14.7, 17.1, 14.4, 16.8]
['2017-09-27', 16.8, 17.4, 15.0, 15.15]
['2017-09-28', 15.3, 15.6, 15.0, 15.3]
['2017-09-29', 15.3, 15.45, 14.1, 14.7]
['2017-10-02', 15.0, 15.9, 14.4, 15.6]
['2017-10-03', 15.6, 15.9, 15.3, 15.9]
['2017-10-04', 15.6, 15.9, 15.3, 15.6]
['2017-10-05', 15.9, 18.3, 15.6, 16.5]
['2017-10-06', 16.8, 16.8, 15.6, 15.9]
['2017-10-09', 15.9, 16.5, 15.15, 15.3]
['2017-10-10', 15.3, 15.9, 15.0, 15.3]
['2017-10-11', 15.3, 16.2, 15.0, 15.9]
['2017-10-12', 15.9, 16.5, 15.6, 16.2]
['2017-10-13', 15.9, 16.2, 15.6, 15.6]
['2017-10-16', 15.6, 15.9, 15.3, 15.3]
['2017-10-17', 15.3, 15.6, 15.3, 15.6]
['2017-10-18', 15.6, 15.6, 15.3, 15.45]
['2017-10-19', 15.3, 16.53, 15.0, 16.5]
['2017-10-20', 16.5, 16.5, 15.9, 15.9]
['2017-10-23', 15.9, 16.2, 15.3, 15.6]
['2017-10-24', 15.9, 16.05, 14.7, 14.7]
['2017-10-25', 15.0, 15.3, 14.1, 14.4]
['2017-10-26', 14.4, 14.4, 13.8, 13.8]
['2017-10-27', 12.3, 12.6, 11.4, 11.4]
['2017-10-30', 11.1, 11.7, 11.1, 11.25]
['2017-10-31', 11.1, 11.4, 10.2, 10.8]
['2017-11-01', 10.8, 11.1, 10.5, 10.8]
['2017-11-02', 10.8, 11.1, 10.2, 10.8]
['2017-11-03', 10.8, 11.1, 10.5, 11.1]
['2017-11-06', 11.1, 11.7, 10.5, 10.5]
['2017-11-07', 10.5, 10.8, 10.2, 10.35]
['2017-11-08', 10.5, 10.5, 9.6, 9.9]
['2017-11-09', 10.2, 11.1, 9.9, 11.1]
['2017-11-10', 11.1, 11.4, 10.5, 10.65]
['2017-11-13', 10.5, 11.85, 10.5, 11.4]
['2017-11-14', 11.4, 11.7, 10.5, 10.5]
['2017-11-15', 10.5, 10.56, 10.2, 10.2]
['2017-11-16', 10.2, 11.4, 10.2, 11.1]
['2017-11-17', 10.8, 11.4, 10.5, 10.95]
['2017-11-20', 10.8, 11.1, 10.5, 10.8]
['2017-11-21', 10.8, 11.4, 10.8, 10.95]
['2017-11-22', 10.8, 11.4, 10.8, 11.1]
['2017-11-24', 11.1, 12.0, 11.1, 11.55]
['2017-11-27', 11.7, 12.03, 11.4, 11.55]
['2017-11-28', 11.4, 12.0, 11.25, 12.0]
['2017-11-29', 11.7, 12.6, 11.4, 11.7]
['2017-11-30', 12.0, 12.3, 11.7, 11.7]
['2017-12-01', 11.7, 14.1, 11.4, 13.5]
['2017-12-04', 13.5, 14.1, 12.0, 12.15]
['2017-12-05', 12.3, 12.6, 12.0, 12.15]
['2017-12-06', 13.8, 14.4, 12.9, 14.1]
['2017-12-07', 14.4, 14.7, 13.05, 13.5]
['2017-12-08', 13.5, 13.8, 13.2, 13.5]
['2017-12-11', 13.2, 13.8, 12.6, 12.75]
['2017-12-12', 12.6, 12.9, 11.7, 11.85]
['2017-12-13', 11.7, 12.0, 11.1, 11.7]
['2017-12-14', 11.7, 12.3, 11.4, 11.7]
['2017-12-15', 11.4, 12.3, 11.4, 11.7]
['2017-12-18', 11.7, 12.6, 11.7, 12.0]
['2017-12-19', 12.0, 12.9, 11.73, 12.0]
['2017-12-20', 12.0, 12.6, 12.0, 12.6]
['2017-12-21', 12.6, 12.9, 12.3, 12.6]
['2017-12-22', 12.6, 12.9, 12.3, 12.3]
['2017-12-26', 12.3, 12.6, 12.3, 12.3]
['2017-12-27', 12.3, 13.17, 12.3, 12.75]
['2017-12-28', 12.9, 13.5, 12.6, 13.2]
['2017-12-29', 12.9, 13.5, 12.9, 13.2]
['2018-01-02', 13.2, 14.1, 13.2, 13.8]
['2018-01-03', 14.1, 14.7, 13.5, 13.65]
['2018-01-04', 13.5, 13.8, 12.65, 13.5]
['2018-01-05', 13.5, 13.8, 13.35, 13.65]
['2018-01-08', 13.5, 13.8, 12.3, 12.3]
['2018-01-09', 12.3, 12.6, 12.0, 12.45]
['2018-01-10', 12.3, 12.6, 12.0, 12.6]
['2018-01-11', 12.6, 12.9, 12.15, 12.45]
['2018-01-12', 12.6, 12.9, 12.3, 12.9]
['2018-01-16', 12.6, 13.5, 12.6, 12.75]
['2018-01-17', 12.9, 13.05, 12.0, 12.3]
['2018-01-18', 12.3, 12.6, 12.0, 12.3]
['2018-01-19', 12.3, 13.05, 12.15, 12.9]
['2018-01-22', 12.9, 13.2, 12.6, 12.75]
['2018-01-23', 12.9, 13.2, 12.6, 12.9]
['2018-01-24', 12.9, 13.2, 12.6, 12.75]
['2018-01-25', 12.9, 13.2, 12.6, 12.9]
['2018-01-26', 12.9, 13.05, 12.3, 12.6]
['2018-01-29', 12.3, 12.75, 12.3, 12.3]
['2018-01-30', 12.3, 12.6, 11.7, 12.3]
['2018-01-31', 12.3, 12.9, 12.0, 12.0]
['2018-02-01', 12.0, 12.3, 11.7, 11.85]
['2018-02-02', 11.7, 11.85, 10.8, 10.8]
['2018-02-05', 11.1, 12.0, 10.8, 10.95]
['2018-02-06', 10.8, 11.4, 10.5, 10.8]
['2018-02-07', 10.8, 11.1, 10.65, 10.8]
['2018-02-08', 10.8, 11.1, 10.5, 10.8]
['2018-02-09', 10.8, 11.1, 9.6, 10.2]
['2018-02-12', 10.5, 10.8, 10.2, 10.8]
['2018-02-13', 10.5, 10.65, 10.2, 10.35]
['2018-02-14', 10.2, 10.65, 10.2, 10.35]
['2018-02-15', 10.2, 10.5, 10.2, 10.2]
['2018-02-16', 10.2, 10.5, 9.9, 10.2]
['2018-02-20', 10.2, 10.5, 9.9, 10.2]
['2018-02-21', 10.2, 10.5, 9.9, 10.35]
['2018-02-22', 10.2, 10.5, 9.9, 10.05]
['2018-02-23', 9.9, 10.2, 9.6, 9.9]
['2018-02-26', 9.9, 10.2, 9.6, 9.6]
['2018-02-27', 9.6, 9.9, 9.6, 9.6]
['2018-02-28', 9.6, 9.9, 9.6, 9.6]
['2018-03-01', 9.6, 9.9, 9.3, 9.3]
['2018-03-02', 10.2, 10.8, 9.6, 10.65]
['2018-03-05', 10.5, 11.1, 10.2, 11.1]
['2018-03-06', 11.1, 11.7, 10.8, 11.4]
['2018-03-07', 11.1, 11.4, 10.8, 10.8]
['2018-03-08', 10.8, 11.4, 10.8, 10.8]
['2018-03-09', 10.8, 11.43, 10.8, 11.4]
['2018-03-12', 11.4, 11.43, 10.8, 10.95]
['2018-03-13', 11.4, 11.43, 10.5, 10.5]
['2018-03-14', 10.5, 11.1, 10.5, 10.5]
['2018-03-15', 10.5, 11.1, 10.5, 11.1]
['2018-03-16', 11.1, 11.1, 10.5, 10.8]
['2018-03-19', 10.8, 10.9, 10.2, 10.35]
['2018-03-20', 10.5, 10.5, 9.9, 10.2]
['2018-03-21', 10.2, 11.1, 10.2, 10.8]
['2018-03-22', 10.8, 11.1, 10.2, 10.2]
['2018-03-23', 10.5, 10.8, 9.9, 9.9]
['2018-03-26', 10.2, 10.5, 9.9, 10.2]
['2018-03-27', 10.2, 10.26, 9.6, 9.6]
['2018-03-28', 9.9, 10.2, 9.6, 9.9]
['2018-03-29', 9.9, 10.2, 9.6, 9.9]
['2018-04-02', 9.9, 9.93, 9.45, 9.6]
['2018-04-03', 9.6, 9.9, 9.6, 9.6]
['2018-04-04', 9.6, 9.9, 9.3, 9.45]
['2018-04-05', 9.3, 9.9, 9.3, 9.6]
['2018-04-06', 9.6, 9.9, 9.3, 9.3]
['2018-04-09', 9.3, 9.6, 9.0, 9.45]
['2018-04-10', 9.6, 10.8, 9.3, 9.6]
['2018-04-11', 9.6, 10.2, 9.6, 10.05]
['2018-04-12', 10.2, 10.2, 9.9, 9.9]
['2018-04-13', 9.9, 10.2, 9.6, 9.75]
['2018-04-16', 9.9, 10.2, 9.6, 9.6]
['2018-04-17', 9.6, 9.9, 9.6, 9.6]
['2018-04-18', 9.6, 9.9, 9.3, 9.45]
['2018-04-19', 9.6, 9.6, 9.3, 9.45]
['2018-04-20', 9.3, 9.6, 9.3, 9.3]
['2018-04-23', 9.3, 9.6, 9.0, 9.45]
['2018-04-24', 9.3, 9.6, 9.0, 9.0]
['2018-04-25', 9.0, 9.3, 9.0, 9.15]
['2018-04-26', 9.3, 9.3, 9.0, 9.3]
['2018-04-27', 9.3, 9.63, 9.06, 9.3]
['2018-04-30', 9.3, 9.6, 8.7, 9.0]
['2018-05-01', 9.0, 9.3, 9.0, 9.3]
['2018-05-02', 9.3, 9.3, 9.0, 9.15]
['2018-05-03', 9.0, 9.6, 9.0, 9.0]
['2018-05-04', 9.0, 9.9, 9.0, 9.75]
['2018-05-07', 9.9, 9.9, 9.6, 9.75]
['2018-05-08', 9.6, 9.6, 9.0, 9.0]
['2018-05-09', 9.0, 9.27, 8.1, 8.55]
['2018-05-10', 8.4, 8.7, 8.1, 8.7]
['2018-05-11', 8.7, 8.7, 8.4, 8.7]
['2018-05-14', 8.7, 9.3, 8.55, 9.0]
['2018-05-15', 9.0, 9.6, 8.7, 9.3]
['2018-05-16', 9.6, 9.6, 9.0, 9.3]
['2018-05-17', 9.3, 9.6, 9.0, 9.3]
['2018-05-18', 9.6, 9.6, 8.7, 9.3]
['2018-05-21', 9.3, 9.3, 9.0, 9.0]
['2018-05-22', 9.0, 9.03, 8.7, 9.0]
['2018-05-23', 9.0, 9.0, 8.7, 9.0]
['2018-05-24', 9.0, 9.0, 8.7, 9.0]
['2018-05-25', 9.0, 9.0, 8.4, 8.55]
['2018-05-29', 8.4, 8.55, 8.1, 8.25]
['2018-05-30', 8.4, 9.0, 8.1, 8.7]
['2018-05-31', 9.0, 9.0, 8.4, 8.4]
['2018-06-01', 8.4, 8.85, 8.4, 8.7]
['2018-06-04', 10.5, 10.8, 8.1, 9.3]
['2018-06-05', 9.3, 10.2, 8.7, 10.2]
['2018-06-06', 9.9, 11.1, 9.6, 10.8]
['2018-06-07', 11.1, 11.4, 10.5, 11.4]
['2018-06-08', 11.7, 13.2, 11.1, 12.9]
['2018-06-11', 13.5, 14.4, 12.0, 12.6]
['2018-06-12', 12.9, 13.2, 12.6, 13.2]
['2018-06-13', 12.9, 13.2, 12.3, 12.6]
['2018-06-14', 12.9, 13.8, 12.6, 13.8]
['2018-06-15', 13.8, 15.3, 13.8, 14.7]
['2018-06-18', 15.0, 15.3, 13.5, 14.4]
['2018-06-19', 13.8, 14.7, 13.5, 14.4]
['2018-06-20', 14.4, 14.7, 13.2, 13.2]
['2018-06-21', 13.2, 13.8, 12.9, 13.5]
['2018-06-22', 13.8, 13.8, 12.9, 12.9]
['2018-06-25', 12.6, 13.2, 12.6, 12.9]
['2018-06-26', 13.2, 13.2, 12.9, 13.2]
['2018-06-27', 13.2, 13.5, 12.6, 12.9]
['2018-06-28', 12.6, 12.75, 11.4, 12.0]
['2018-06-29', 12.0, 12.3, 11.7, 12.15]
['2018-07-02', 12.3, 12.45, 11.7, 12.15]
['2018-07-03', 12.3, 12.6, 12.0, 12.3]
['2018-07-05', 12.3, 13.5, 12.3, 12.45]
['2018-07-06', 12.6, 12.75, 12.0, 12.15]
['2018-07-09', 12.0, 12.6, 12.0, 12.3]
['2018-07-10', 12.3, 12.9, 12.0, 12.0]
['2018-07-11', 12.9, 12.9, 12.0, 12.6]
['2018-07-12', 12.9, 12.9, 12.3, 12.3]
['2018-07-13', 12.3, 12.6, 12.0, 12.3]
['2018-07-16', 12.3, 12.3, 12.0, 12.0]
['2018-07-17', 12.0, 12.6, 12.0, 12.6]
['2018-07-18', 12.6, 12.6, 12.0, 12.3]
['2018-07-19', 12.0, 12.3, 12.0, 12.0]
['2018-07-20', 12.0, 12.3, 12.0, 12.15]
['2018-07-23', 12.0, 12.3, 12.0, 12.0]
['2018-07-24', 12.0, 12.6, 12.0, 12.0]
['2018-07-25', 12.0, 12.3, 10.5, 11.1]
['2018-07-26', 11.1, 11.7, 10.8, 11.4]
['2018-07-27', 11.4, 11.4, 10.8, 10.8]
['2018-07-30', 10.8, 10.95, 10.2, 10.65]
['2018-07-31', 10.8, 10.8, 10.2, 10.2]
['2018-08-01', 10.2, 10.8, 10.2, 10.65]
['2018-08-02', 10.5, 10.8, 10.2, 10.5]
['2018-08-03', 10.5, 10.5, 10.5, 10.5]
['2018-08-06', 10.5, 10.8, 10.5, 10.5]
['2018-08-07', 10.5, 10.8, 10.5, 10.65]
['2018-08-08', 10.5, 11.1, 10.5, 10.5]
['2018-08-09', 10.5, 10.8, 10.2, 10.5]
['2018-08-10', 10.2, 10.5, 9.9, 10.35]
['2018-08-13', 10.2, 10.5, 9.9, 9.9]
['2018-08-14', 9.9, 10.8, 9.9, 10.5]
['2018-08-15', 10.2, 10.5, 9.9, 10.2]
['2018-08-16', 10.2, 10.8, 9.9, 10.5]
['2018-08-17', 10.5, 11.1, 10.2, 10.8]
['2018-08-20', 10.8, 11.4, 10.5, 10.5]
['2018-08-21', 10.5, 11.1, 10.2, 10.2]
['2018-08-22', 10.2, 10.5, 10.2, 10.35]
['2018-08-23', 10.2, 10.5, 10.2, 10.2]
['2018-08-24', 10.5, 11.1, 10.23, 10.8]
['2018-08-27', 10.8, 11.1, 10.5, 10.8]
['2018-08-28', 10.8, 11.1, 10.5, 10.8]
['2018-08-29', 10.8, 11.1, 10.8, 10.8]
['2018-08-30', 10.8, 11.4, 10.8, 11.25]
['2018-08-31', 11.1, 12.0, 10.8, 10.8]
['2018-09-04', 11.1, 11.13, 10.5, 10.5]
['2018-09-05', 10.8, 10.95, 10.2, 10.2]
['2018-09-06', 10.2, 10.5, 9.9, 9.9]
['2018-09-07', 10.2, 10.2, 9.6, 9.6]
['2018-09-10', 9.6, 9.78, 9.3, 9.3]
['2018-09-11', 9.3, 9.6, 9.0, 9.0]
['2018-09-12', 9.0, 9.6, 9.0, 9.3]
['2018-09-13', 9.0, 9.3, 8.4, 8.55]
['2018-09-14', 8.7, 9.0, 8.4, 8.7]
['2018-09-17', 8.7, 9.0, 8.4, 8.7]
['2018-09-18', 8.7, 9.0, 8.4, 8.4]
['2018-09-19', 8.4, 9.0, 8.4, 8.55]
['2018-09-20', 8.4, 8.7, 8.1, 8.4]
['2018-09-21', 8.1, 8.4, 7.8, 8.4]
['2018-09-24', 8.1, 8.4, 8.1, 8.4]
['2018-09-25', 8.4, 8.7, 8.1, 8.7]
['2018-09-26', 8.7, 9.6, 8.43, 9.15]
['2018-09-27', 9.3, 9.6, 9.0, 9.0]
['2018-09-28', 9.0, 9.47, 8.4, 8.4]
['2018-10-01', 8.58, 9.06, 8.44, 8.7]
['2018-10-02', 8.64, 8.9, 8.4, 8.43]
['2018-10-03', 8.4, 8.7, 8.1, 8.4]
['2018-10-04', 8.34, 8.7, 8.1, 8.16]
['2018-10-05', 8.22, 8.4, 7.92, 8.04]
['2018-10-08', 8.1, 8.22, 7.8, 7.8]
['2018-10-09', 7.8, 8.04, 7.56, 7.92]
['2018-10-10', 7.92, 8.16, 7.38, 7.56]
['2018-10-11', 7.5, 7.56, 6.9, 7.08]
['2018-10-12', 7.26, 7.44, 6.84, 7.26]
['2018-10-15', 7.32, 7.8, 7.08, 7.14]
['2018-10-16', 6.52, 7.7, 6.25, 7.15]
['2018-10-17', 6.95, 7.2, 6.88, 7.06]
['2018-10-18', 6.5, 7.25, 6.5, 6.8]
['2018-10-19', 6.51, 6.85, 5.79, 6.07]
['2018-10-22', 6.09, 6.57, 5.8, 5.9]
['2018-10-23', 5.7, 5.9, 5.46, 5.76]
['2018-10-24', 5.56, 5.96, 5.21, 5.3]
['2018-10-25', 5.35, 5.55, 5.09, 5.1]
['2018-10-26', 5.01, 5.38, 5.0, 5.22]
['2018-10-29', 5.34, 5.95, 5.03, 5.69]
['2018-10-30', 5.64, 5.95, 5.46, 5.78]
['2018-10-31', 5.95, 6.0, 5.22, 5.9]
['2018-11-01', 5.78, 6.4, 5.29, 5.95]
['2018-11-02', 5.92, 6.09, 5.69, 5.88]
['2018-11-05', 5.85, 6.07, 5.55, 5.58]
['2018-11-06', 5.64, 6.32, 5.64, 6.01]
['2018-11-07', 6.05, 6.74, 5.95, 6.5]
['2018-11-08', 6.54, 6.57, 5.7, 6.5]
['2018-11-09', 6.66, 7.09, 6.63, 7.03]
['2018-11-12', 7.01, 7.07, 6.34, 6.52]
['2018-11-13', 6.91, 6.91, 6.1, 6.41]
['2018-11-14', 6.6, 6.6, 5.55, 6.24]
['2018-11-15', 5.84, 6.17, 5.6, 5.91]
['2018-11-16', 5.82, 6.18, 5.82, 6.01]
['2018-11-19', 6.14, 6.14, 5.38, 5.66]
['2018-11-20', 5.61, 5.98, 5.45, 5.92]
['2018-11-21', 5.6, 6.0, 5.56, 5.89]
['2018-11-23', 5.97, 5.98, 5.4, 5.62]
['2018-11-26', 5.7, 5.88, 5.52, 5.82]
['2018-11-27', 5.64, 5.69, 5.42, 5.55]
['2018-11-28', 5.57, 5.66, 5.42, 5.5]
['2018-11-29', 5.54, 5.82, 5.39, 5.82]
['2018-11-30', 5.76, 5.76, 5.5, 5.52]
['2018-12-03', 5.62, 5.85, 5.23, 5.25]
['2018-12-04', 5.26, 5.44, 4.82, 5.03]
['2018-12-06', 4.9, 5.23, 4.87, 5.1]
['2018-12-07', 5.13, 5.13, 4.59, 4.6]
['2018-12-10', 4.7, 4.82, 4.09, 4.79]
['2018-12-11', 4.57, 4.83, 4.01, 4.82]
['2018-12-12', 4.87, 4.88, 4.56, 4.78]
['2018-12-13', 4.66, 4.82, 4.38, 4.71]
['2018-12-14', 4.78, 4.79, 4.42, 4.42]
['2018-12-17', 3.92, 4.32, 3.75, 3.86]
['2018-12-18', 3.9, 3.9, 3.49, 3.6]
['2018-12-19', 3.63, 3.8, 3.47, 3.53]
['2018-12-20', 3.5, 3.54, 3.14, 3.45]
['2018-12-21', 3.23, 3.45, 3.13, 3.38]
['2018-12-24', 3.39, 3.41, 3.11, 3.4]
['2018-12-26', 3.25, 3.45, 3.07, 3.4]
['2018-12-27', 3.39, 3.39, 3.18, 3.23]
['2018-12-28', 3.23, 3.78, 3.22, 3.41]
['2018-12-31', 3.42, 3.64, 3.27, 3.52]
['2019-01-02', 3.5, 3.8, 3.44, 3.64]
['2019-01-03', 3.68, 3.81, 3.36, 3.61]
['2019-01-04', 3.7, 3.92, 3.7, 3.88]
['2019-01-07', 3.9, 3.98, 3.77, 3.94]
['2019-01-08', 3.97, 4.28, 3.94, 3.94]
['2019-01-09', 3.99, 4.02, 3.85, 3.97]
['2019-01-10', 3.85, 3.99, 3.85, 3.87]
['2019-01-11', 3.83, 3.97, 3.8, 3.87]
['2019-01-14', 3.96, 3.97, 3.78, 3.85]
['2019-01-15', 3.93, 3.94, 3.71, 3.94]
['2019-01-16', 3.83, 3.99, 3.74, 3.9]
['2019-01-17', 3.92, 3.96, 3.68, 3.69]
['2019-01-18', 3.67, 3.92, 3.67, 3.72]
['2019-01-22', 3.73, 3.76, 3.61, 3.61]
['2019-01-23', 3.65, 3.71, 3.43, 3.5]
['2019-01-24', 3.52, 3.7, 3.22, 3.35]
['2019-01-25', 3.51, 3.82, 3.4, 3.47]
['2019-01-28', 3.47, 3.78, 3.47, 3.54]
['2019-01-29', 3.69, 3.7, 3.5, 3.69]
['2019-01-30', 3.61, 3.92, 3.55, 3.79]
['2019-01-31', 3.75, 4.5, 3.7, 4.02]
['2019-02-01', 4.14, 4.64, 4.0, 4.2]
['2019-02-04', 4.05, 4.32, 4.05, 4.25]
['2019-02-05', 4.21, 4.5, 4.18, 4.45]
['2019-02-06', 4.46, 4.81, 4.45, 4.7]
['2019-02-07', 4.74, 5.0, 4.6, 4.98]
['2019-02-08', 4.97, 4.97, 4.7, 4.78]
['2019-02-11', 4.89, 4.97, 4.75, 4.82]
['2019-02-12', 4.94, 4.96, 4.75, 4.84]
['2019-02-13', 4.83, 4.92, 4.75, 4.77]
['2019-02-14', 4.77, 4.96, 4.7, 4.7]
['2019-02-15', 4.72, 5.0, 4.7, 4.76]
['2019-02-19', 4.76, 5.29, 4.76, 5.25]
['2019-02-20', 5.25, 5.25, 5.03, 5.08]
['2019-02-21', 5.09, 5.34, 4.95, 5.04]
['2019-02-22', 5.29, 5.35, 5.07, 5.35]
['2019-02-25', 5.4, 5.58, 5.26, 5.58]
['2019-02-26', 5.64, 5.84, 5.28, 5.31]
['2019-02-27', 5.32, 5.65, 5.17, 5.39]
['2019-02-28', 5.39, 5.93, 5.32, 5.83]
['2019-03-01', 5.89, 5.97, 5.19, 5.87]
['2019-03-04', 5.56, 5.92, 5.56, 5.92]
['2019-03-05', 5.6, 6.24, 5.6, 6.24]
['2019-03-06', 6.84, 6.84, 6.26, 6.74]
['2019-03-07', 6.7, 7.01, 6.43, 6.73]
['2019-03-08', 6.78, 6.78, 6.05, 6.65]
['2019-03-11', 6.59, 6.67, 6.21, 6.55]
['2019-03-12', 6.15, 6.59, 6.15, 6.56]
['2019-03-13', 6.68, 6.68, 6.21, 6.35]
['2019-03-14', 6.33, 6.33, 5.98, 6.07]
['2019-03-15', 6.15, 6.35, 5.93, 6.02]
['2019-03-18', 6.0, 6.6, 5.81, 6.6]
['2019-03-19', 7.0, 7.85, 6.62, 7.69]
['2019-03-20', 7.64, 8.57, 7.21, 8.18]
['2019-03-21', 8.21, 8.29, 7.84, 7.84]
['2019-03-22', 7.84, 8.28, 7.82, 8.27]
['2019-03-25', 8.25, 8.25, 7.91, 8.2]
['2019-03-26', 8.2, 8.2, 7.18, 7.37]
['2019-03-27', 8.35, 8.35, 6.93, 7.37]
['2019-03-28', 7.33, 7.34, 6.53, 7.01]
['2019-03-29', 6.99, 7.6, 6.81, 7.04]
['2019-04-01', 7.1, 7.34, 7.03, 7.25]
['2019-04-02', 7.38, 7.41, 7.12, 7.2]
['2019-04-03', 7.5, 7.5, 7.2, 7.5]
['2019-04-04', 7.44, 7.48, 6.9, 7.19]
['2019-04-05', 7.18, 7.2, 6.92, 6.97]
['2019-04-08', 6.96, 7.03, 6.45, 6.56]
['2019-04-09', 6.66, 6.95, 6.31, 6.5]
['2019-04-10', 6.54, 7.0, 6.53, 6.58]
['2019-04-11', 6.56, 6.91, 6.55, 6.55]
['2019-04-12', 6.55, 6.75, 6.55, 6.68]
['2019-04-15', 6.75, 6.75, 6.32, 6.43]
['2019-04-16', 6.4, 6.79, 6.15, 6.4]
['2019-04-17', 6.41, 6.49, 6.0, 6.0]
['2019-04-18', 6.11, 6.3, 6.03, 6.23]
['2019-04-22', 6.41, 6.42, 6.19, 6.29]
['2019-04-23', 6.38, 6.9, 6.35, 6.84]
['2019-04-24', 6.78, 6.78, 6.3, 6.3]
['2019-04-25', 6.3, 6.34, 4.97, 5.65]
['2019-04-26', 5.8, 5.85, 5.68, 5.79]
['2019-04-29', 6.0, 6.45, 6.0, 6.45]
['2019-04-30', 6.48, 6.5, 6.29, 6.39]
['2019-05-01', 6.39, 6.39, 6.07, 6.31]
['2019-05-02', 6.1, 6.3, 6.05, 6.06]
['2019-05-03', 6.09, 6.41, 6.09, 6.27]
['2019-05-06', 6.15, 6.82, 6.07, 6.42]
['2019-05-07', 6.62, 6.62, 6.22, 6.32]
['2019-05-08', 6.33, 6.64, 6.25, 6.42]
['2019-05-09', 6.22, 6.31, 6.07, 6.13]
['2019-05-10', 6.11, 6.37, 6.06, 6.09]
['2019-05-13', 6.17, 6.37, 6.0, 6.01]
['2019-05-14', 6.49, 6.49, 6.16, 6.45]
['2019-05-15', 6.4, 6.5, 6.26, 6.42]
['2019-05-16', 6.52, 6.82, 6.11, 6.11]
['2019-05-17', 6.13, 6.45, 6.13, 6.38]
['2019-05-20', 6.27, 6.64, 6.05, 6.11]
['2019-05-21', 6.02, 6.39, 5.51, 6.39]
['2019-05-22', 5.91, 6.31, 5.91, 6.06]
['2019-05-23', 6.05, 6.19, 5.78, 6.17]
['2019-05-24', 6.17, 6.24, 5.94, 6.19]
['2019-05-28', 6.16, 6.2, 6.03, 6.13]
['2019-05-29', 6.04, 6.05, 5.93, 5.98]
['2019-05-30', 5.98, 6.5, 5.8, 6.21]
['2019-05-31', 6.11, 6.15, 5.77, 5.81]
['2019-06-03', 5.87, 6.05, 5.78, 6.05]
['2019-06-04', 6.06, 6.06, 5.81, 5.95]
['2019-06-05', 5.93, 5.93, 5.66, 5.79]
['2019-06-06', 5.69, 5.96, 5.65, 5.94]
['2019-06-07', 5.66, 6.03, 5.53, 5.89]
['2019-06-10', 5.99, 6.06, 5.8, 6.05]
['2019-06-11', 6.0, 6.16, 5.91, 5.97]
['2019-06-12', 6.15, 6.15, 5.69, 5.69]
['2019-06-13', 5.92, 6.1, 5.82, 5.82]
['2019-06-14', 5.8, 5.95, 5.76, 5.95]
['2019-06-17', 5.82, 5.85, 5.77, 5.85]
['2019-06-18', 5.8, 5.97, 5.8, 5.93]
['2019-06-19', 5.88, 6.05, 5.81, 5.95]
['2019-06-20', 5.93, 6.1, 5.84, 5.99]
['2019-06-21', 6.01, 6.05, 5.94, 5.97]
['2019-06-24', 5.93, 6.0, 5.93, 5.95]
['2019-06-25', 5.87, 6.0, 5.76, 6.0]
['2019-06-26', 5.98, 5.98, 5.75, 5.9]
['2019-06-27', 5.87, 5.99, 5.61, 5.99]
['2019-06-28', 5.76, 6.0, 5.76, 6.0]
['2019-07-01', 6.0, 6.0, 5.81, 5.97]
['2019-07-02', 5.9, 5.9, 5.66, 5.73]
['2019-07-03', 5.68, 5.89, 5.61, 5.72]
['2019-07-05', 5.78, 5.89, 5.72, 5.72]
['2019-07-08', 5.75, 5.85, 5.6, 5.67]
['2019-07-09', 5.73, 6.0, 5.69, 6.0]
['2019-07-10', 6.0, 6.0, 5.8, 6.0]
['2019-07-11', 5.9, 6.0, 5.86, 6.0]
['2019-07-12', 6.0, 6.0, 5.9, 5.9]
['2019-07-15', 5.96, 5.96, 5.5, 5.71]
['2019-07-16', 5.84, 5.84, 5.62, 5.62]
['2019-07-17', 5.73, 5.76, 5.61, 5.61]
['2019-07-18', 5.66, 5.66, 5.14, 5.3]
['2019-07-19', 5.39, 5.39, 5.2, 5.35]
['2019-07-22', 5.3, 5.55, 5.07, 5.2]
['2019-07-23', 5.18, 5.49, 5.06, 5.27]
['2019-07-24', 5.28, 5.64, 5.28, 5.64]
['2019-07-25', 5.56, 5.73, 5.56, 5.68]
['2019-07-26', 5.64, 5.8, 5.63, 5.68]
['2019-07-29', 5.73, 5.88, 5.6, 5.69]
['2019-07-30', 5.9, 5.9, 5.75, 5.83]
['2019-07-31', 5.89, 6.85, 5.88, 6.55]
['2019-08-01', 6.69, 6.7, 6.57, 6.6]
['2019-08-02', 6.59, 7.06, 6.29, 6.56]
['2019-08-05', 6.01, 6.7, 6.01, 6.2]
['2019-08-06', 6.6, 6.89, 6.07, 6.89]
['2019-08-07', 6.54, 6.88, 6.49, 6.88]
['2019-08-08', 7.29, 7.29, 6.55, 6.6]
['2019-08-09', 6.55, 6.68, 6.01, 6.15]
['2019-08-12', 6.32, 6.68, 6.18, 6.46]
['2019-08-13', 6.7, 6.7, 6.16, 6.21]
['2019-08-14', 6.17, 6.64, 6.1, 6.4]
['2019-08-15', 6.9, 6.9, 6.15, 6.15]
['2019-08-16', 6.22, 6.5, 6.16, 6.25]
['2019-08-19', 6.26, 6.6, 6.18, 6.23]
['2019-08-20', 6.35, 6.42, 6.04, 6.12]
['2019-08-21', 6.12, 6.3, 5.78, 6.08]
['2019-08-22', 6.11, 6.17, 5.75, 6.09]
['2019-08-23', 5.93, 6.11, 5.61, 5.8]
['2019-08-26', 5.99, 5.99, 5.63, 5.69]
['2019-08-27', 5.86, 6.0, 5.28, 5.28]
['2019-08-28', 5.34, 6.2, 5.34, 5.64]
['2019-08-29', 5.89, 5.92, 5.47, 5.6]
['2019-08-30', 5.88, 5.98, 5.53, 5.96]
['2019-09-03', 5.98, 6.01, 5.62, 5.84]
['2019-09-04', 5.85, 5.91, 5.67, 5.88]
['2019-09-05', 5.89, 5.89, 5.55, 5.6]
['2019-09-06', 5.57, 5.9, 5.57, 5.7]
['2019-09-09', 5.7, 5.9, 5.59, 5.65]
['2019-09-10', 5.69, 5.85, 5.6, 5.66]
['2019-09-11', 5.65, 6.0, 5.65, 5.8]
['2019-09-12', 5.68, 5.97, 5.68, 5.77]
['2019-09-13', 5.77, 5.97, 5.73, 5.78]
['2019-09-16', 5.67, 5.99, 5.67, 5.85]
['2019-09-17', 5.75, 5.96, 5.75, 5.92]
['2019-09-18', 5.84, 7.78, 5.84, 6.94]
['2019-09-19', 7.0, 8.15, 7.0, 8.08]
['2019-09-20', 7.77, 8.35, 7.77, 8.35]
['2019-09-23', 8.32, 8.74, 8.09, 8.49]
['2019-09-24', 8.6, 8.82, 8.21, 8.67]
['2019-09-25', 8.73, 8.73, 8.43, 8.57]
['2019-09-26', 8.54, 8.54, 8.18, 8.47]
['2019-09-27', 8.66, 9.72, 8.52, 8.68]
['2019-09-30', 8.62, 8.62, 7.5, 7.5]
['2019-10-01', 7.5, 7.65, 6.85, 7.0]
['2019-10-02', 6.94, 7.16, 6.74, 6.83]
['2019-10-03', 7.2, 7.43, 6.71, 6.71]
['2019-10-04', 6.9, 7.21, 6.73, 7.08]
['2019-10-07', 6.82, 6.98, 6.39, 6.43]
['2019-10-08', 6.42, 6.75, 6.38, 6.48]
['2019-10-09', 6.55, 6.58, 6.4, 6.54]
['2019-10-10', 6.61, 7.38, 6.61, 6.68]
['2019-10-11', 6.9, 6.96, 6.74, 6.79]
['2019-10-14', 6.57, 7.06, 6.57, 7.06]
['2019-10-15', 7.06, 7.06, 6.78, 6.99]
['2019-10-16', 6.88, 7.06, 6.58, 6.69]
['2019-10-17', 6.91, 6.91, 6.39, 6.46]
['2019-10-18', 6.55, 6.82, 6.42, 6.42]
['2019-10-21', 6.45, 6.77, 6.45, 6.52]
['2019-10-22', 6.57, 6.83, 6.15, 6.83]
['2019-10-23', 6.67, 6.79, 6.39, 6.46]
['2019-10-24', 6.5, 6.5, 6.2, 6.2]
['2019-10-25', 6.3, 6.6, 6.24, 6.6]
['2019-10-28', 6.74, 6.84, 6.41, 6.48]
['2019-10-29', 6.37, 6.73, 6.37, 6.62]
['2019-10-30', 6.81, 6.84, 6.5, 6.63]
['2019-10-31', 6.63, 6.64, 6.49, 6.58]
['2019-11-01', 6.65, 6.74, 6.25, 6.64]
['2019-11-04', 6.46, 6.74, 6.33, 6.7]
['2019-11-05', 6.68, 6.92, 6.66, 6.73]
['2019-11-06', 6.73, 6.73, 6.49, 6.51]
['2019-11-07', 6.57, 6.77, 6.42, 6.52]
['2019-11-08', 6.28, 6.65, 6.21, 6.53]
['2019-11-11', 6.51, 6.9, 6.35, 6.64]
['2019-11-12', 6.37, 6.75, 6.37, 6.75]
['2019-11-13', 6.66, 6.66, 6.26, 6.55]
['2019-11-14', 6.6, 6.75, 6.52, 6.64]
['2019-11-15', 6.67, 6.75, 6.55, 6.75]
['2019-11-18', 6.67, 6.73, 6.47, 6.47]
['2019-11-19', 6.6, 6.74, 6.47, 6.69]
['2019-11-20', 13.46, 15.62, 9.6, 9.64]
['2019-11-21', 9.35, 11.19, 8.8, 10.0]
['2019-11-22', 9.71, 9.89, 9.0, 9.5]
['2019-11-25', 9.27, 9.83, 9.27, 9.52]
['2019-11-26', 9.34, 9.72, 9.05, 9.4]
['2019-11-27', 7.7, 8.44, 7.5, 8.25]
['2019-11-29', 8.46, 9.62, 8.41, 9.62]
['2019-12-02', 9.93, 11.0, 9.61, 10.65]
['2019-12-03', 10.62, 11.6, 10.56, 11.53]
['2019-12-04', 11.7, 11.99, 11.04, 11.99]
['2019-12-05', 11.78, 11.98, 11.06, 11.48]
['2019-12-06', 11.32, 11.82, 10.1, 10.73]
['2019-12-09', 10.51, 11.71, 10.41, 11.26]
['2019-12-10', 11.61, 12.53, 11.61, 12.32]
['2019-12-11', 12.5, 13.0, 12.11, 12.59]
['2019-12-12', 12.55, 12.94, 12.18, 12.94]
['2019-12-13', 12.9, 13.44, 12.76, 12.99]
['2019-12-16', 13.04, 13.75, 13.04, 13.43]
['2019-12-17', 13.36, 13.5, 13.01, 13.22]
['2019-12-18', 13.21, 13.23, 12.08, 12.17]
['2019-12-19', 12.17, 12.63, 11.9, 12.0]
['2019-12-20', 12.05, 12.34, 11.16, 11.67]
['2019-12-23', 11.61, 12.5, 11.53, 12.08]
['2019-12-24', 12.08, 12.72, 12.0, 12.6]
['2019-12-26', 12.57, 13.54, 12.38, 13.48]
['2019-12-27', 13.48, 14.58, 13.48, 14.02]
['2019-12-30', 14.0, 14.38, 13.1, 13.88]
['2019-12-31', 13.97, 14.0, 13.26, 13.67]
['2020-01-02', 13.77, 13.8, 13.25, 13.39]
['2020-01-03', 13.2, 13.23, 12.26, 12.6]
['2020-01-06', 12.51, 13.14, 12.27, 12.75]
['2020-01-07', 12.92, 13.69, 12.47, 13.35]
['2020-01-08', 13.4, 13.6, 12.62, 13.49]
['2020-01-09', 13.55, 14.35, 13.16, 13.77]
['2020-01-10', 13.84, 13.98, 12.86, 13.11]
['2020-01-13', 13.17, 13.4, 12.53, 13.18]
['2020-01-14', 13.22, 13.68, 12.91, 13.3]
['2020-01-15', 13.28, 13.85, 13.28, 13.52]
['2020-01-16', 13.65, 13.69, 12.78, 12.79]
['2020-01-17', 12.83, 13.15, 12.53, 12.53]
['2020-01-21', 12.5, 12.65, 11.98, 11.99]
['2020-01-22', 11.97, 12.2, 10.8, 10.84]
['2020-01-23', 10.85, 11.07, 10.2, 10.91]
['2020-01-24', 10.94, 11.03, 10.54, 10.73]
['2020-01-27', 10.36, 10.93, 10.31, 10.63]
['2020-01-28', 10.64, 10.87, 10.55, 10.68]
['2020-01-29', 10.68, 10.77, 10.51, 10.56]
['2020-01-30', 10.46, 10.46, 10.08, 10.17]
['2020-01-31', 10.13, 10.2, 9.77, 10.0]
['2020-02-03', 9.95, 10.16, 9.52, 9.62]
['2020-02-04', 9.68, 10.22, 9.45, 9.78]
['2020-02-05', 9.77, 10.34, 9.6, 10.34]
['2020-02-06', 10.34, 10.52, 9.7, 9.96]
['2020-02-07', 9.91, 10.15, 9.7, 9.75]
['2020-02-10', 9.71, 9.97, 9.62, 9.67]
['2020-02-11', 9.67, 10.21, 9.57, 9.92]
['2020-02-12', 9.95, 10.11, 9.14, 9.24]
['2020-02-13', 9.23, 9.44, 8.94, 9.12]
['2020-02-14', 9.09, 9.45, 9.06, 9.26]
['2020-02-18', 9.26, 9.48, 8.67, 9.45]
['2020-02-19', 9.45, 10.21, 9.11, 9.12]
['2020-02-20', 9.12, 9.99, 9.12, 9.76]
['2020-02-21', 9.74, 9.83, 8.8, 8.94]
['2020-02-24', 8.72, 9.17, 8.42, 9.01]
['2020-02-25', 9.02, 9.03, 8.7, 8.95]
['2020-02-26', 8.97, 9.09, 8.73, 9.0]
['2020-02-27', 8.93, 9.17, 8.37, 8.71]
['2020-02-28', 8.56, 8.87, 8.15, 8.54]
['2020-03-02', 8.56, 8.6, 8.02, 8.46]
['2020-03-03', 8.44, 8.75, 8.2, 8.29]
['2020-03-04', 8.38, 8.8, 8.31, 8.51]
['2020-03-05', 8.43, 8.6, 8.11, 8.46]
['2020-03-06', 8.33, 8.38, 7.71, 7.92]
['2020-03-09', 7.5, 7.5, 6.5, 6.51]
['2020-03-10', 6.69, 6.76, 5.82, 5.96]
['2020-03-11', 5.84, 5.99, 4.93, 4.99]
['2020-03-12', 4.54, 4.76, 4.01, 4.05]
['2020-03-13', 4.81, 4.88, 4.01, 4.35]
['2020-03-16', 4.01, 4.28, 3.34, 3.5]
['2020-03-17', 3.73, 4.35, 3.5, 4.18]
['2020-03-18', 3.7, 4.3, 3.61, 3.71]
['2020-03-19', 3.8, 4.22, 3.53, 3.8]
['2020-03-20', 3.81, 4.15, 3.63, 3.64]
['2020-03-23', 3.65, 4.14, 3.65, 4.03]
['2020-03-24', 4.21, 4.65, 4.12, 4.52]
['2020-03-25', 4.59, 5.32, 4.37, 5.3]
['2020-03-26', 5.31, 5.46, 5.02, 5.35]
['2020-03-27', 4.95, 6.03, 4.8, 5.86]
['2020-03-30', 5.94, 6.02, 5.46, 5.66]
['2020-03-31', 5.67, 6.0, 5.57, 5.76]
['2020-04-01', 5.75, 5.75, 5.04, 5.18]
['2020-04-02', 5.15, 5.47, 5.0, 5.18]
['2020-04-03', 5.17, 5.67, 5.02, 5.37]
['2020-04-06', 5.45, 6.05, 5.45, 5.94]
['2020-04-07', 6.23, 6.59, 5.64, 5.83]
['2020-04-08', 6.23, 6.24, 5.74, 6.16]
['2020-04-09', 6.09, 7.66, 6.09, 7.45]
['2020-04-13', 7.42, 9.72, 7.15, 8.6]
['2020-04-14', 8.92, 9.6, 8.67, 9.45]
['2020-04-15', 9.67, 10.74, 9.06, 10.21]
['2020-04-16', 10.46, 10.6, 9.86, 10.33]
['2020-04-17', 10.74, 11.87, 10.56, 11.41]
['2020-04-20', 11.01, 12.43, 11.01, 12.09]
['2020-04-21', 12.2, 12.72, 11.9, 12.45]
['2020-04-22', 12.89, 12.93, 12.15, 12.43]
['2020-04-23', 12.76, 13.19, 12.36, 13.01]
['2020-04-24', 13.25, 13.87, 13.06, 13.7]
['2020-04-27', 13.94, 14.24, 13.35, 13.82]
['2020-04-28', 14.3, 14.3, 12.06, 12.71]
['2020-04-29', 12.95, 13.36, 12.34, 12.64]
['2020-04-30', 12.64, 13.76, 12.34, 13.43]
['2020-05-01', 13.2, 13.23, 11.08, 11.21]
['2020-05-04', 11.02, 12.08, 10.62, 11.96]
['2020-05-05', 12.22, 12.56, 11.72, 11.96]
['2020-05-06', 12.04, 12.25, 11.64, 11.84]
['2020-05-07', 10.72, 11.85, 10.54, 11.5]
['2020-05-08', 11.47, 11.99, 10.86, 11.74]
['2020-05-11', 11.75, 14.47, 11.75, 14.3]
['2020-05-12', 14.02, 14.52, 13.21, 13.47]
['2020-05-13', 13.52, 13.74, 12.0, 12.47]
['2020-05-14', 12.15, 12.91, 11.75, 12.69]
['2020-05-15', 12.65, 13.0, 12.21, 12.44]
