['2015-02-13', 150.0, 153.75, 120.15, 134.55]
['2015-02-17', 134.85, 138.9, 131.25, 138.6]
['2015-02-18', 147.45, 147.45, 135.75, 138.6]
['2015-02-19', 138.75, 142.5, 136.05, 138.6]
['2015-02-20', 150.0, 150.0, 135.0, 141.3]
['2015-02-23', 138.75, 145.95, 138.6, 144.15]
['2015-02-24', 136.8, 146.4, 136.8, 140.85]
['2015-02-25', 141.75, 145.18, 141.15, 142.35]
['2015-02-26', 147.0, 177.75, 139.65, 171.75]
['2015-02-27', 179.1, 193.8, 165.0, 180.0]
['2015-03-02', 180.0, 180.0, 167.4, 179.1]
['2015-03-03', 174.45, 179.1, 171.6, 175.35]
['2015-03-04', 176.1, 176.25, 150.15, 169.8]
['2015-03-05', 176.25, 176.25, 159.9, 174.75]
['2015-03-06', 168.9, 176.25, 168.9, 174.6]
['2015-03-09', 169.8, 169.8, 157.65, 161.25]
['2015-03-10', 153.9, 155.25, 145.35, 148.05]
['2015-03-11', 147.0, 162.15, 145.5, 152.4]
['2015-03-12', 147.75, 153.3, 146.7, 153.3]
['2015-03-13', 147.0, 147.3, 146.25, 146.25]
['2015-03-16', 165.0, 172.35, 157.5, 168.0]
['2015-03-17', 168.3, 172.5, 167.1, 170.7]
['2015-03-18', 166.95, 171.9, 163.2, 166.05]
['2015-03-19', 161.25, 165.0, 156.15, 161.7]
['2015-03-20', 159.75, 168.0, 159.75, 166.5]
['2015-03-23', 166.8, 166.8, 153.0, 153.0]
['2015-03-24', 151.65, 162.45, 151.07, 154.35]
['2015-03-25', 150.98, 157.5, 150.0, 151.35]
['2015-03-26', 150.0, 157.65, 150.0, 155.4]
['2015-03-27', 155.55, 155.55, 148.5, 150.0]
['2015-03-30', 150.45, 150.45, 136.65, 140.25]
['2015-03-31', 139.05, 142.35, 134.7, 137.7]
['2015-04-01', 141.6, 142.5, 137.7, 140.18]
['2015-04-02', 140.25, 147.45, 137.4, 144.75]
['2015-04-06', 143.25, 147.9, 140.55, 146.25]
['2015-04-07', 149.4, 151.5, 147.75, 151.2]
['2015-04-08', 151.65, 154.5, 151.65, 151.83]
['2015-04-09', 152.7, 153.3, 147.0, 147.0]
['2015-04-10', 147.45, 153.75, 146.55, 149.1]
['2015-04-13', 149.85, 153.45, 149.85, 152.85]
['2015-04-14', 153.0, 156.0, 153.0, 154.8]
['2015-04-15', 155.1, 158.7, 155.1, 156.75]
['2015-04-16', 163.2, 163.2, 157.65, 157.65]
['2015-04-17', 159.04, 159.15, 153.3, 154.95]
['2015-04-20', 157.5, 157.5, 141.91, 155.55]
['2015-04-21', 154.65, 154.65, 139.77, 150.9]
['2015-04-22', 145.2, 151.95, 144.9, 149.62]
['2015-04-23', 145.8, 150.75, 145.8, 148.8]
['2015-04-24', 146.4, 147.15, 139.5, 142.95]
['2015-04-27', 144.6, 147.3, 141.75, 142.65]
['2015-04-28', 140.25, 143.7, 120.3, 127.5]
['2015-04-29', 132.6, 137.51, 132.6, 136.35]
['2015-04-30', 140.7, 140.7, 135.0, 135.0]
['2015-05-01', 135.9, 139.62, 121.65, 139.05]
['2015-05-04', 136.5, 136.5, 126.45, 128.7]
['2015-05-05', 126.0, 136.8, 123.43, 125.7]
['2015-05-06', 124.35, 128.85, 123.3, 128.85]
['2015-05-07', 134.21, 134.21, 124.65, 126.82]
['2015-05-08', 127.95, 129.3, 124.5, 128.25]
['2015-05-11', 131.25, 133.05, 120.3, 127.95]
['2015-05-12', 126.75, 129.75, 123.45, 129.75]
['2015-05-13', 120.56, 127.65, 120.56, 127.5]
['2015-05-14', 127.5, 133.2, 124.5, 127.8]
['2015-05-15', 129.45, 131.1, 127.5, 129.9]
['2015-05-18', 128.85, 128.85, 121.65, 123.0]
['2015-05-19', 122.25, 125.85, 122.25, 125.85]
['2015-05-20', 123.38, 134.7, 123.3, 128.25]
['2015-05-21', 130.05, 136.5, 128.25, 135.3]
['2015-05-22', 136.95, 139.5, 131.7, 135.75]
['2015-05-26', 134.4, 142.35, 134.4, 140.1]
['2015-05-27', 141.0, 145.2, 140.85, 140.85]
['2015-05-28', 142.65, 142.65, 142.2, 142.65]
['2015-05-29', 140.55, 145.5, 138.45, 139.2]
['2015-06-01', 144.0, 145.8, 138.3, 138.75]
['2015-06-02', 142.5, 142.5, 138.9, 140.1]
['2015-06-03', 139.73, 142.05, 137.55, 138.75]
['2015-06-04', 138.0, 142.05, 126.3, 133.35]
['2015-06-05', 133.5, 134.1, 130.05, 133.65]
['2015-06-08', 135.0, 141.3, 131.55, 137.7]
['2015-06-09', 138.3, 140.7, 136.65, 136.95]
['2015-06-10', 139.95, 140.7, 133.44, 138.15]
['2015-06-11', 140.7, 140.85, 136.5, 140.85]
['2015-06-12', 139.2, 140.1, 132.75, 136.65]
['2015-06-15', 136.05, 141.0, 134.4, 134.7]
['2015-06-16', 133.65, 136.65, 132.75, 135.15]
['2015-06-17', 134.7, 141.0, 132.3, 133.65]
['2015-06-18', 135.45, 137.7, 123.6, 127.05]
['2015-06-19', 122.25, 129.45, 113.4, 113.4]
['2015-06-22', 117.75, 117.75, 112.5, 113.4]
['2015-06-23', 116.1, 120.0, 115.5, 118.95]
['2015-06-24', 119.85, 119.85, 113.4, 119.55]
['2015-06-25', 120.6, 120.6, 109.8, 116.85]
['2015-06-26', 119.55, 119.55, 113.1, 113.1]
['2015-06-29', 113.55, 119.7, 113.4, 116.7]
['2015-06-30', 116.7, 119.4, 115.5, 118.95]
['2015-07-01', 119.85, 122.85, 117.75, 120.0]
['2015-07-02', 120.75, 122.1, 118.5, 120.0]
['2015-07-06', 124.23, 124.23, 118.05, 120.9]
['2015-07-07', 122.25, 128.1, 117.9, 124.2]
['2015-07-08', 124.07, 127.38, 121.65, 123.39]
['2015-07-09', 126.0, 127.2, 121.05, 121.05]
['2015-07-10', 121.05, 121.2, 116.4, 118.8]
['2015-07-13', 120.75, 120.75, 110.4, 114.45]
['2015-07-14', 115.05, 124.95, 115.05, 115.2]
['2015-07-15', 119.1, 121.57, 117.45, 117.97]
['2015-07-16', 121.8, 123.0, 118.5, 119.1]
['2015-07-17', 121.5, 124.35, 114.78, 116.25]
['2015-07-20', 121.05, 121.05, 114.75, 115.05]
['2015-07-21', 120.0, 120.15, 110.25, 110.85]
['2015-07-22', 112.2, 116.7, 110.4, 114.75]
['2015-07-23', 115.95, 119.28, 110.7, 112.65]
['2015-07-24', 115.28, 115.8, 111.9, 114.75]
['2015-07-27', 48.75, 51.3, 41.25, 50.85]
['2015-07-28', 51.75, 58.5, 50.85, 55.8]
['2015-07-29', 57.0, 58.35, 56.4, 57.15]
['2015-07-30', 56.85, 57.75, 52.5, 52.65]
['2015-07-31', 52.8, 52.8, 48.9, 52.05]
['2015-08-03', 52.2, 52.2, 46.95, 47.62]
['2015-08-04', 49.05, 49.35, 47.24, 48.45]
['2015-08-05', 47.83, 49.5, 46.8, 49.5]
['2015-08-06', 48.3, 48.3, 44.25, 45.08]
['2015-08-07', 44.55, 45.88, 44.55, 44.94]
['2015-08-10', 46.95, 48.75, 44.1, 46.2]
['2015-08-11', 46.2, 49.95, 46.2, 49.8]
['2015-08-12', 48.0, 48.6, 46.05, 46.05]
['2015-08-13', 47.25, 50.25, 46.5, 50.25]
['2015-08-14', 50.1, 61.5, 50.1, 60.15]
['2015-08-17', 61.35, 68.25, 60.0, 67.2]
['2015-08-18', 67.65, 92.67, 67.65, 73.2]
['2015-08-19', 83.1, 89.25, 76.95, 84.75]
['2015-08-20', 84.75, 88.2, 79.65, 82.65]
['2015-08-21', 75.6, 77.55, 68.93, 75.15]
['2015-08-24', 75.0, 75.0, 63.75, 72.3]
['2015-08-25', 72.3, 76.2, 72.3, 75.3]
['2015-08-26', 77.4, 87.45, 72.9, 73.05]
['2015-08-27', 75.0, 82.67, 75.0, 76.35]
['2015-08-28', 80.4, 80.4, 75.15, 75.3]
['2015-08-31', 77.25, 80.1, 76.2, 76.2]
['2015-09-01', 76.2, 76.2, 63.9, 68.1]
['2015-09-02', 65.4, 65.4, 55.95, 61.5]
['2015-09-03', 61.8, 67.2, 60.75, 65.7]
['2015-09-04', 62.1, 63.45, 57.6, 60.3]
['2015-09-08', 61.2, 74.4, 57.15, 64.35]
['2015-09-09', 65.85, 71.1, 58.65, 61.35]
['2015-09-10', 62.4, 66.9, 62.4, 66.9]
['2015-09-11', 66.6, 66.9, 61.5, 61.8]
['2015-09-14', 62.7, 63.45, 57.15, 57.9]
['2015-09-15', 58.05, 62.4, 58.05, 60.0]
['2015-09-16', 61.5, 61.5, 55.95, 57.6]
['2015-09-17', 53.25, 60.6, 53.25, 59.7]
['2015-09-18', 58.05, 63.6, 56.25, 59.4]
['2015-09-21', 61.92, 61.95, 58.8, 59.33]
['2015-09-22', 55.8, 58.35, 55.8, 58.05]
['2015-09-23', 57.0, 58.5, 56.26, 58.5]
['2015-09-24', 57.0, 57.3, 52.98, 55.8]
['2015-09-25', 87.0, 114.6, 73.5, 94.5]
['2015-09-28', 84.6, 90.3, 68.25, 71.25]
['2015-09-29', 72.15, 72.15, 57.9, 61.8]
['2015-09-30', 66.75, 90.75, 63.75, 77.85]
['2015-10-01', 74.25, 76.35, 63.3, 66.75]
['2015-10-02', 63.45, 70.5, 62.55, 65.55]
['2015-10-05', 63.45, 65.55, 57.75, 63.3]
['2015-10-06', 64.35, 64.95, 59.55, 60.75]
['2015-10-07', 61.8, 63.3, 58.2, 58.8]
['2015-10-08', 58.8, 59.1, 57.0, 57.0]
['2015-10-09', 57.0, 58.95, 54.3, 55.11]
['2015-10-12', 56.55, 56.55, 53.25, 54.3]
['2015-10-13', 53.4, 58.5, 53.25, 54.15]
['2015-10-14', 54.15, 56.4, 52.05, 54.0]
['2015-10-15', 53.25, 56.1, 52.35, 53.25]
['2015-10-16', 52.65, 56.25, 52.65, 54.6]
['2015-10-19', 55.05, 57.15, 53.4, 54.75]
['2015-10-20', 56.7, 56.7, 48.15, 48.3]
['2015-10-21', 50.25, 50.4, 46.8, 47.1]
['2015-10-22', 47.4, 48.9, 43.8, 43.8]
['2015-10-23', 43.95, 48.6, 43.8, 47.55]
['2015-10-26', 47.55, 50.1, 46.8, 49.35]
['2015-10-27', 49.05, 49.05, 44.7, 46.2]
['2015-10-28', 46.2, 54.51, 44.52, 50.1]
['2015-10-29', 51.6, 58.35, 51.3, 53.25]
['2015-10-30', 53.25, 53.25, 42.45, 46.8]
['2015-11-02', 48.0, 54.75, 46.46, 51.0]
['2015-11-03', 50.7, 53.83, 50.7, 52.8]
['2015-11-04', 52.95, 52.95, 49.65, 51.75]
['2015-11-05', 51.3, 51.6, 48.45, 51.45]
['2015-11-06', 51.6, 51.6, 48.9, 50.85]
['2015-11-09', 50.25, 50.25, 47.55, 48.0]
['2015-11-10', 48.0, 48.47, 46.5, 47.7]
['2015-11-11', 46.65, 46.65, 45.75, 46.42]
['2015-11-12', 45.6, 46.37, 45.45, 45.45]
['2015-11-13', 45.75, 45.75, 44.55, 44.55]
['2015-11-16', 44.55, 44.7, 43.05, 43.05]
['2015-11-17', 43.65, 44.4, 43.5, 43.5]
['2015-11-18', 43.65, 44.28, 43.5, 43.65]
['2015-11-19', 44.25, 45.15, 42.75, 44.47]
['2015-11-20', 45.28, 48.9, 43.2, 45.45]
['2015-11-23', 47.25, 55.5, 45.0, 50.55]
['2015-11-24', 50.55, 52.35, 47.55, 48.15]
['2015-11-25', 48.3, 49.2, 45.75, 47.4]
['2015-11-27', 47.55, 49.35, 46.2, 49.2]
['2015-11-30', 49.2, 49.2, 46.37, 47.4]
['2015-12-01', 47.1, 47.4, 45.75, 46.05]
['2015-12-02', 46.05, 46.05, 43.65, 45.3]
['2015-12-03', 44.7, 45.9, 42.45, 44.7]
['2015-12-04', 44.4, 46.8, 44.25, 46.8]
['2015-12-07', 46.8, 46.8, 44.55, 45.6]
['2015-12-08', 45.0, 45.0, 42.72, 44.29]
['2015-12-09', 44.55, 45.12, 42.9, 43.65]
['2015-12-10', 43.65, 45.0, 43.5, 43.5]
['2015-12-11', 42.45, 43.95, 42.15, 43.2]
['2015-12-14', 43.2, 43.5, 42.3, 42.6]
['2015-12-15', 43.5, 43.5, 37.05, 38.25]
['2015-12-16', 37.5, 44.47, 37.5, 41.55]
['2015-12-17', 39.6, 43.8, 39.6, 41.25]
['2015-12-18', 42.15, 42.6, 40.8, 41.7]
['2015-12-21', 41.7, 42.3, 41.25, 42.3]
['2015-12-22', 42.15, 46.05, 42.15, 43.35]
['2015-12-23', 43.35, 44.25, 42.75, 43.5]
['2015-12-24', 43.5, 43.8, 39.6, 42.45]
['2015-12-28', 42.15, 47.85, 40.95, 45.15]
['2015-12-29', 45.3, 48.6, 44.4, 46.5]
['2015-12-30', 46.2, 47.1, 45.67, 46.5]
['2015-12-31', 46.2, 46.2, 44.25, 44.4]
['2016-01-04', 43.65, 44.1, 42.0, 43.35]
['2016-01-05', 43.5, 45.0, 43.5, 44.1]
['2016-01-06', 43.5, 44.1, 40.8, 40.8]
['2016-01-07', 40.5, 41.25, 37.95, 38.4]
['2016-01-08', 38.85, 38.85, 36.0, 36.9]
['2016-01-11', 36.0, 42.13, 33.03, 36.45]
['2016-01-12', 35.1, 38.7, 34.8, 37.8]
['2016-01-13', 38.1, 43.95, 37.95, 37.95]
['2016-01-14', 37.95, 38.7, 35.4, 36.75]
['2016-01-15', 35.85, 37.5, 35.25, 36.15]
['2016-01-19', 36.45, 37.8, 35.4, 37.8]
['2016-01-20', 36.6, 36.6, 33.75, 36.45]
['2016-01-21', 37.05, 37.05, 36.3, 36.9]
['2016-01-22', 37.35, 37.35, 35.7, 36.0]
['2016-01-25', 36.0, 37.5, 35.7, 37.35]
['2016-01-26', 37.65, 39.3, 37.65, 38.85]
['2016-01-27', 38.7, 38.85, 37.35, 37.35]
['2016-01-28', 37.8, 38.55, 36.15, 36.45]
['2016-01-29', 37.19, 37.8, 34.65, 34.65]
['2016-02-01', 35.1, 36.6, 35.1, 35.7]
['2016-02-02', 36.53, 36.53, 34.5, 34.5]
['2016-02-03', 35.4, 35.4, 33.0, 33.15]
['2016-02-04', 34.32, 34.8, 32.25, 32.25]
['2016-02-05', 32.4, 32.53, 28.5, 30.45]
['2016-02-08', 30.75, 34.81, 29.7, 29.7]
['2016-02-09', 36.9, 56.25, 31.95, 42.6]
['2016-02-10', 39.9, 42.0, 34.65, 35.4]
['2016-02-11', 35.25, 37.5, 31.35, 33.15]
['2016-02-12', 34.2, 34.42, 28.89, 30.45]
['2016-02-16', 30.6, 33.69, 30.6, 32.55]
['2016-02-17', 32.4, 35.55, 32.4, 33.15]
['2016-02-18', 34.2, 36.75, 30.23, 34.35]
['2016-02-19', 34.5, 36.0, 30.75, 32.25]
['2016-02-22', 32.25, 34.5, 31.2, 34.05]
['2016-02-23', 36.75, 36.75, 32.46, 33.15]
['2016-02-24', 33.15, 35.7, 32.25, 32.55]
['2016-02-25', 32.35, 33.15, 30.75, 31.05]
['2016-02-26', 31.65, 33.45, 30.15, 32.4]
['2016-02-29', 31.8, 35.85, 31.05, 34.5]
['2016-03-01', 34.35, 35.08, 33.45, 35.08]
['2016-03-02', 33.75, 35.74, 33.3, 33.6]
['2016-03-03', 34.35, 39.9, 33.0, 33.96]
['2016-03-04', 36.45, 40.35, 35.7, 39.0]
['2016-03-07', 39.94, 40.35, 35.7, 36.15]
['2016-03-08', 36.3, 41.1, 35.4, 37.05]
['2016-03-09', 37.05, 41.25, 36.3, 41.25]
['2016-03-10', 42.15, 45.75, 40.65, 45.15]
['2016-03-11', 46.5, 46.5, 42.0, 43.2]
['2016-03-14', 42.3, 44.4, 42.0, 43.8]
['2016-03-15', 43.8, 48.6, 43.8, 43.95]
['2016-03-16', 43.65, 48.0, 43.65, 45.9]
['2016-03-17', 46.5, 46.5, 44.25, 44.25]
['2016-03-18', 44.7, 45.0, 41.06, 43.2]
['2016-03-21', 43.95, 45.0, 41.7, 43.35]
['2016-03-22', 42.9, 45.0, 37.65, 39.0]
['2016-03-23', 40.5, 45.0, 36.0, 36.0]
['2016-03-24', 36.75, 39.75, 36.0, 39.6]
['2016-03-28', 39.6, 39.75, 36.15, 36.6]
['2016-03-29', 37.58, 37.68, 36.0, 36.92]
['2016-03-30', 40.2, 40.8, 37.2, 39.93]
['2016-03-31', 36.75, 38.7, 36.6, 36.9]
['2016-04-01', 36.15, 39.0, 34.5, 35.4]
['2016-04-04', 35.25, 37.8, 33.0, 33.3]
['2016-04-05', 33.0, 38.85, 31.95, 32.1]
['2016-04-06', 32.4, 35.4, 32.4, 34.35]
['2016-04-07', 33.9, 34.65, 31.95, 32.25]
['2016-04-08', 33.75, 34.03, 32.55, 33.3]
['2016-04-11', 33.15, 34.05, 32.85, 32.85]
['2016-04-12', 32.85, 36.15, 32.4, 33.75]
['2016-04-13', 33.9, 34.8, 32.7, 32.7]
['2016-04-14', 33.0, 35.25, 33.0, 34.65]
['2016-04-15', 34.65, 34.65, 31.8, 33.15]
['2016-04-18', 33.0, 34.05, 32.25, 33.9]
['2016-04-19', 34.35, 34.95, 33.15, 33.75]
['2016-04-20', 33.75, 34.2, 32.1, 32.7]
['2016-04-21', 32.4, 33.0, 31.95, 32.25]
['2016-04-22', 32.4, 34.24, 31.8, 31.95]
['2016-04-25', 32.25, 33.0, 31.95, 32.55]
['2016-04-26', 32.85, 33.0, 32.7, 33.0]
['2016-04-27', 31.95, 32.55, 31.95, 32.55]
['2016-04-28', 31.95, 32.55, 30.6, 30.75]
['2016-04-29', 31.65, 31.65, 29.55, 29.55]
['2016-05-02', 30.0, 30.83, 30.0, 30.3]
['2016-05-03', 30.0, 30.0, 28.65, 30.0]
['2016-05-04', 30.75, 30.75, 28.2, 30.3]
['2016-05-05', 30.0, 30.0, 26.55, 27.15]
['2016-05-06', 27.0, 27.61, 25.8, 25.93]
['2016-05-09', 24.9, 25.2, 21.0, 23.25]
['2016-05-10', 22.5, 22.68, 20.1, 21.0]
['2016-05-11', 20.25, 20.25, 18.0, 18.15]
['2016-05-12', 18.15, 19.88, 18.15, 18.9]
['2016-05-13', 20.2, 20.25, 18.75, 19.05]
['2016-05-16', 19.65, 20.85, 18.75, 18.9]
['2016-05-17', 21.0, 21.0, 19.2, 19.8]
['2016-05-18', 18.74, 20.25, 18.74, 20.25]
['2016-05-19', 18.75, 20.33, 18.15, 18.9]
['2016-05-20', 18.9, 19.8, 18.9, 18.9]
['2016-05-23', 18.9, 19.2, 18.0, 18.6]
['2016-05-24', 18.6, 19.35, 18.3, 18.3]
['2016-05-25', 17.7, 19.5, 16.8, 17.25]
['2016-05-26', 16.35, 18.15, 16.35, 17.85]
['2016-05-27', 17.25, 17.85, 16.5, 17.4]
['2016-05-31', 18.0, 19.5, 17.25, 18.9]
['2016-06-01', 19.5, 20.85, 18.15, 20.25]
['2016-06-02', 19.8, 22.68, 19.8, 22.5]
['2016-06-03', 22.5, 23.7, 20.85, 22.8]
['2016-06-06', 22.8, 23.25, 22.35, 23.1]
['2016-06-07', 22.95, 22.95, 22.2, 22.49]
['2016-06-08', 22.95, 29.7, 22.95, 29.55]
['2016-06-09', 30.45, 68.7, 30.0, 45.15]
['2016-06-10', 41.25, 43.2, 31.5, 34.05]
['2016-06-13', 34.05, 34.32, 30.9, 32.55]
['2016-06-14', 31.05, 35.25, 30.15, 32.25]
['2016-06-15', 32.25, 33.39, 30.6, 31.2]
['2016-06-16', 32.25, 33.0, 28.5, 29.7]
['2016-06-17', 30.6, 31.95, 28.65, 29.1]
['2016-06-20', 28.5, 30.75, 28.5, 29.4]
['2016-06-21', 29.4, 30.3, 27.0, 27.6]
['2016-06-22', 28.74, 29.4, 27.75, 28.05]
['2016-06-23', 28.8, 28.95, 27.15, 28.35]
['2016-06-24', 27.0, 28.8, 25.35, 25.35]
['2016-06-27', 25.65, 25.65, 23.1, 23.55]
['2016-06-28', 24.0, 26.4, 23.85, 26.4]
['2016-06-29', 26.4, 28.05, 24.45, 24.9]
['2016-06-30', 25.35, 26.7, 25.35, 26.55]
['2016-07-01', 26.85, 27.41, 25.05, 25.2]
['2016-07-05', 25.35, 26.1, 24.6, 24.75]
['2016-07-06', 24.6, 25.35, 24.45, 24.6]
['2016-07-07', 24.3, 26.4, 24.3, 26.25]
['2016-07-08', 25.5, 27.6, 25.5, 25.65]
['2016-07-11', 26.25, 28.2, 26.25, 27.45]
['2016-07-12', 27.9, 29.55, 27.0, 27.0]
['2016-07-13', 27.0, 28.2, 26.25, 26.4]
['2016-07-14', 26.4, 27.9, 26.4, 27.0]
['2016-07-15', 27.9, 29.7, 27.6, 28.65]
['2016-07-18', 30.15, 30.15, 27.3, 28.35]
['2016-07-19', 28.05, 29.55, 26.55, 28.05]
['2016-07-20', 27.9, 28.95, 26.02, 28.5]
['2016-07-21', 28.95, 31.5, 28.95, 29.55]
['2016-07-22', 30.6, 31.05, 26.85, 27.75]
['2016-07-25', 40.2, 40.2, 25.95, 28.05]
['2016-07-26', 29.25, 29.25, 25.2, 26.4]
['2016-07-27', 26.1, 26.16, 23.55, 24.9]
['2016-07-28', 24.3, 24.8, 22.8, 23.85]
['2016-07-29', 23.85, 24.3, 22.95, 24.3]
['2016-08-01', 24.0, 25.8, 23.4, 25.05]
['2016-08-02', 24.75, 25.35, 24.15, 24.6]
['2016-08-03', 24.0, 25.65, 24.0, 25.05]
['2016-08-04', 24.9, 25.05, 23.85, 23.99]
['2016-08-05', 24.15, 24.6, 23.7, 24.3]
['2016-08-08', 25.2, 25.2, 22.5, 23.25]
['2016-08-09', 24.15, 24.15, 23.1, 23.55]
['2016-08-10', 23.85, 24.75, 23.25, 23.85]
['2016-08-11', 24.15, 24.15, 22.88, 22.95]
['2016-08-12', 23.25, 24.0, 23.1, 23.55]
['2016-08-15', 24.0, 24.15, 22.2, 22.65]
['2016-08-16', 22.5, 23.7, 22.2, 23.55]
['2016-08-17', 22.95, 24.15, 22.95, 23.85]
['2016-08-18', 24.15, 26.85, 24.0, 26.25]
['2016-08-19', 26.7, 26.7, 25.11, 25.78]
['2016-08-22', 25.95, 25.95, 24.45, 24.45]
['2016-08-23', 25.05, 25.35, 23.85, 25.05]
['2016-08-24', 25.5, 25.5, 23.25, 24.9]
['2016-08-25', 24.3, 24.9, 23.55, 24.45]
['2016-08-26', 24.75, 25.35, 23.85, 25.05]
['2016-08-29', 23.85, 25.18, 23.85, 25.18]
['2016-08-30', 24.75, 25.2, 24.6, 25.05]
['2016-08-31', 24.6, 25.2, 22.8, 22.86]
['2016-09-01', 22.95, 24.0, 22.2, 23.85]
['2016-09-02', 24.0, 24.0, 22.5, 23.25]
['2016-09-06', 23.25, 23.85, 19.97, 21.15]
['2016-09-07', 21.6, 22.2, 21.0, 21.0]
['2016-09-08', 21.78, 21.9, 20.7, 20.7]
['2016-09-09', 21.75, 21.75, 20.4, 20.7]
['2016-09-12', 20.7, 21.45, 20.55, 20.85]
['2016-09-13', 21.0, 21.9, 18.6, 21.15]
['2016-09-14', 21.74, 21.74, 19.95, 20.55]
['2016-09-15', 20.4, 21.6, 20.4, 21.6]
['2016-09-16', 21.41, 22.2, 21.15, 21.3]
['2016-09-19', 21.75, 22.5, 20.85, 21.75]
['2016-09-20', 21.6, 22.35, 21.17, 21.3]
['2016-09-21', 21.6, 24.0, 21.05, 22.05]
['2016-09-22', 23.24, 23.24, 20.85, 21.47]
['2016-09-23', 21.9, 22.5, 21.9, 22.35]
['2016-09-26', 22.05, 22.5, 21.45, 21.75]
['2016-09-27', 22.35, 22.5, 20.55, 21.9]
['2016-09-28', 21.75, 21.75, 21.0, 21.6]
['2016-09-29', 21.3, 22.2, 21.0, 21.75]
['2016-09-30', 21.75, 21.75, 18.9, 21.0]
['2016-10-03', 21.3, 21.47, 19.22, 20.85]
['2016-10-04', 20.85, 21.0, 20.7, 21.0]
['2016-10-05', 21.45, 21.61, 19.5, 20.85]
['2016-10-06', 20.7, 21.75, 20.31, 21.15]
['2016-10-07', 21.6, 21.6, 19.95, 21.3]
['2016-10-10', 21.45, 21.6, 21.34, 21.45]
['2016-10-11', 21.6, 21.6, 20.7, 20.7]
['2016-10-12', 21.45, 21.45, 19.95, 20.4]
['2016-10-13', 20.4, 21.6, 18.75, 21.6]
['2016-10-14', 21.6, 21.6, 19.97, 20.4]
['2016-10-17', 20.7, 21.3, 20.42, 21.0]
['2016-10-18', 20.85, 21.45, 20.85, 21.15]
['2016-10-19', 21.3, 21.6, 20.4, 21.6]
['2016-10-20', 21.6, 21.6, 21.15, 21.3]
['2016-10-21', 21.6, 21.6, 20.7, 21.51]
['2016-10-24', 22.5, 25.35, 21.75, 22.05]
['2016-10-25', 21.75, 22.75, 20.85, 22.2]
['2016-10-26', 19.5, 20.25, 18.0, 18.9]
['2016-10-27', 19.95, 20.25, 18.6, 18.75]
['2016-10-28', 18.0, 18.6, 16.35, 17.25]
['2016-10-31', 16.5, 18.98, 16.5, 17.55]
['2016-11-01', 18.45, 18.45, 15.6, 16.95]
['2016-11-02', 18.75, 18.75, 16.5, 16.95]
['2016-11-03', 17.0, 18.15, 15.0, 16.8]
['2016-11-04', 17.25, 18.0, 15.3, 16.2]
['2016-11-07', 15.3, 17.7, 14.34, 15.3]
['2016-11-08', 16.65, 16.95, 14.25, 14.25]
['2016-11-09', 14.25, 15.75, 13.22, 14.1]
['2016-11-10', 13.68, 14.18, 12.9, 12.9]
['2016-11-11', 13.2, 15.3, 13.05, 14.7]
['2016-11-14', 13.2, 15.45, 13.2, 15.3]
['2016-11-15', 15.3, 15.45, 13.2, 15.0]
['2016-11-16', 15.45, 17.85, 15.0, 15.75]
['2016-11-17', 15.9, 16.5, 14.25, 14.25]
['2016-11-18', 14.3, 15.45, 13.2, 13.95]
['2016-11-21', 13.5, 13.5, 12.6, 12.68]
['2016-11-22', 12.6, 13.5, 11.25, 11.25]
['2016-11-23', 10.5, 10.5, 8.25, 8.32]
['2016-11-25', 8.74, 8.82, 7.8, 8.28]
['2016-11-28', 8.69, 9.15, 7.35, 7.5]
['2016-11-29', 7.8, 8.09, 6.75, 7.2]
['2016-11-30', 7.35, 7.35, 6.49, 7.05]
['2016-12-01', 7.05, 9.15, 6.6, 9.0]
['2016-12-02', 9.0, 9.77, 7.36, 7.8]
['2016-12-05', 8.25, 8.4, 7.5, 8.1]
['2016-12-06', 8.16, 9.0, 7.5, 7.8]
['2016-12-07', 8.25, 8.4, 7.35, 7.35]
['2016-12-08', 7.72, 7.8, 7.5, 7.62]
['2016-12-09', 8.4, 9.45, 7.57, 8.4]
['2016-12-12', 8.55, 8.85, 7.95, 8.07]
['2016-12-13', 8.25, 9.3, 7.57, 7.72]
['2016-12-14', 8.02, 8.1, 7.38, 7.57]
['2016-12-15', 7.65, 7.66, 7.2, 7.35]
['2016-12-16', 7.35, 7.8, 7.35, 7.65]
['2016-12-19', 7.88, 9.3, 7.88, 8.34]
['2016-12-20', 8.25, 8.32, 7.8, 7.98]
['2016-12-21', 7.99, 8.7, 7.84, 8.4]
['2016-12-22', 8.1, 9.3, 8.1, 8.6]
['2016-12-23', 8.6, 8.85, 7.95, 8.16]
['2016-12-27', 8.55, 9.15, 8.25, 8.55]
['2016-12-28', 8.44, 9.0, 8.44, 8.52]
['2016-12-29', 8.52, 8.79, 7.97, 8.18]
['2016-12-30', 8.25, 8.55, 7.35, 7.8]
['2017-01-03', 7.74, 8.4, 7.74, 8.11]
['2017-01-04', 9.0, 10.5, 8.3, 9.45]
['2017-01-05', 9.45, 9.75, 8.61, 8.98]
['2017-01-06', 9.03, 9.6, 8.25, 9.14]
['2017-01-09', 9.6, 9.6, 8.93, 9.15]
['2017-01-10', 9.15, 9.15, 8.56, 8.86]
['2017-01-11', 8.55, 9.0, 8.55, 8.77]
['2017-01-12', 8.69, 8.85, 8.55, 8.72]
['2017-01-13', 9.0, 10.41, 8.85, 10.32]
['2017-01-17', 10.5, 12.42, 10.2, 11.77]
['2017-01-18', 11.16, 11.46, 9.66, 10.2]
['2017-01-19', 9.89, 9.9, 9.09, 9.52]
['2017-01-20', 11.55, 11.7, 9.9, 10.05]
['2017-01-23', 10.8, 11.65, 10.34, 10.34]
['2017-01-24', 10.92, 11.55, 10.47, 10.8]
['2017-01-25', 10.8, 11.1, 9.8, 10.47]
['2017-01-26', 10.2, 10.71, 9.59, 9.75]
['2017-01-27', 10.5, 10.65, 9.75, 9.9]
['2017-01-30', 9.9, 10.05, 9.6, 9.9]
['2017-01-31', 9.75, 10.35, 9.68, 9.75]
['2017-02-01', 9.75, 10.2, 9.75, 9.98]
['2017-02-02', 9.75, 9.98, 9.38, 9.52]
['2017-02-03', 9.75, 10.2, 9.48, 9.61]
['2017-02-06', 9.6, 10.2, 9.6, 9.9]
['2017-02-07', 9.9, 10.47, 9.75, 10.17]
['2017-02-08', 10.27, 10.27, 9.6, 10.15]
['2017-02-09', 10.27, 10.35, 9.9, 9.99]
['2017-02-10', 10.27, 11.1, 10.05, 10.65]
['2017-02-13', 10.81, 11.37, 10.65, 11.1]
['2017-02-14', 11.25, 17.1, 11.11, 15.3]
['2017-02-15', 14.25, 15.3, 13.2, 13.5]
['2017-02-16', 14.25, 14.4, 13.2, 13.65]
['2017-02-17', 13.5, 16.95, 13.5, 16.2]
['2017-02-21', 18.0, 24.3, 17.1, 22.35]
['2017-02-22', 21.9, 25.2, 18.75, 19.5]
['2017-02-23', 21.15, 21.3, 16.8, 18.0]
['2017-02-24', 17.7, 21.6, 17.7, 21.0]
['2017-02-27', 20.55, 23.25, 19.2, 19.35]
['2017-02-28', 19.5, 21.0, 17.25, 20.85]
['2017-03-01', 20.25, 20.25, 18.9, 19.5]
['2017-03-02', 19.2, 20.55, 18.3, 19.95]
['2017-03-03', 19.5, 21.0, 18.75, 21.0]
['2017-03-06', 21.0, 27.0, 20.25, 26.55]
['2017-03-07', 25.65, 28.8, 22.8, 28.05]
['2017-03-08', 27.6, 29.7, 25.35, 25.35]
['2017-03-09', 25.65, 27.0, 23.25, 24.15]
['2017-03-10', 23.85, 26.25, 23.25, 25.5]
['2017-03-13', 24.0, 25.2, 21.75, 25.05]
['2017-03-14', 24.0, 24.6, 21.0, 22.35]
['2017-03-15', 22.5, 23.85, 22.35, 23.4]
['2017-03-16', 23.55, 23.76, 21.75, 22.2]
['2017-03-17', 21.9, 22.05, 14.25, 15.45]
['2017-03-20', 18.75, 24.75, 18.0, 20.85]
['2017-03-21', 19.8, 21.15, 18.9, 21.15]
['2017-03-22', 20.85, 21.15, 19.5, 19.8]
['2017-03-23', 19.65, 19.95, 18.9, 19.35]
['2017-03-24', 19.05, 20.85, 18.48, 20.7]
['2017-03-27', 20.55, 22.35, 19.5, 21.45]
['2017-03-28', 21.75, 22.18, 20.4, 21.0]
['2017-03-29', 20.85, 22.35, 20.55, 22.05]
['2017-03-30', 21.75, 22.95, 21.45, 22.35]
['2017-03-31', 22.35, 22.5, 21.3, 22.35]
['2017-04-03', 22.2, 23.7, 21.9, 22.95]
['2017-04-04', 23.1, 23.1, 21.75, 21.75]
['2017-04-05', 21.9, 22.2, 20.85, 21.3]
['2017-04-06', 21.0, 22.35, 19.65, 22.05]
['2017-04-07', 18.75, 20.7, 16.65, 19.8]
['2017-04-10', 19.65, 20.25, 18.47, 19.2]
['2017-04-11', 19.2, 19.2, 17.85, 18.3]
['2017-04-12', 18.3, 18.45, 17.25, 17.7]
['2017-04-13', 17.55, 18.3, 17.4, 17.7]
['2017-04-17', 19.5, 20.33, 18.6, 19.95]
['2017-04-18', 20.1, 20.4, 18.3, 19.2]
['2017-04-19', 19.05, 19.65, 18.6, 19.35]
['2017-04-20', 19.35, 19.5, 18.45, 18.9]
['2017-04-21', 19.2, 20.7, 19.05, 20.1]
['2017-04-24', 21.0, 21.28, 20.25, 20.25]
['2017-04-25', 20.55, 21.0, 20.25, 20.7]
['2017-04-26', 21.0, 22.2, 20.7, 21.9]
['2017-04-27', 21.75, 24.75, 21.75, 22.8]
['2017-04-28', 23.1, 23.25, 21.15, 21.75]
['2017-05-01', 23.85, 24.75, 21.33, 22.2]
['2017-05-02', 22.35, 22.5, 21.15, 21.75]
['2017-05-03', 21.3, 22.05, 21.15, 21.45]
['2017-05-04', 21.45, 21.75, 20.7, 21.0]
['2017-05-05', 20.85, 20.85, 19.8, 20.55]
['2017-05-08', 20.55, 21.3, 20.55, 21.15]
['2017-05-09', 21.45, 23.08, 21.3, 22.65]
['2017-05-10', 21.75, 24.0, 21.3, 23.7]
['2017-05-11', 24.0, 24.0, 22.8, 23.25]
['2017-05-12', 23.1, 23.81, 22.5, 23.55]
['2017-05-15', 24.0, 25.2, 21.75, 22.35]
['2017-05-16', 22.65, 23.7, 21.9, 22.2]
['2017-05-17', 22.5, 22.5, 21.0, 21.15]
['2017-05-18', 23.25, 23.33, 20.55, 22.2]
['2017-05-19', 22.5, 23.55, 21.75, 23.4]
['2017-05-22', 24.15, 24.15, 20.7, 22.5]
['2017-05-23', 23.1, 23.1, 21.0, 21.45]
['2017-05-24', 21.75, 21.75, 20.4, 20.85]
['2017-05-25', 20.85, 21.23, 20.25, 20.7]
['2017-05-26', 21.0, 21.0, 19.8, 20.55]
['2017-05-30', 20.7, 20.77, 19.65, 20.4]
['2017-05-31', 20.25, 20.4, 19.5, 19.95]
['2017-06-01', 19.65, 19.95, 19.2, 19.5]
['2017-06-02', 19.8, 20.1, 18.3, 18.9]
['2017-06-05', 18.9, 19.5, 18.9, 19.2]
['2017-06-06', 19.2, 19.8, 19.2, 19.5]
['2017-06-07', 19.8, 19.95, 18.9, 19.8]
['2017-06-08', 19.65, 20.7, 19.5, 19.8]
['2017-06-09', 19.8, 20.55, 19.8, 20.1]
['2017-06-12', 19.95, 20.1, 18.9, 19.05]
['2017-06-13', 18.75, 19.65, 18.3, 19.05]
['2017-06-14', 19.05, 20.1, 18.6, 18.9]
['2017-06-15', 19.05, 19.5, 18.47, 19.05]
['2017-06-16', 18.9, 19.5, 18.6, 18.75]
['2017-06-19', 19.2, 19.8, 18.15, 19.2]
['2017-06-20', 19.35, 20.25, 19.05, 20.1]
['2017-06-21', 20.25, 21.3, 19.95, 20.85]
['2017-06-22', 21.3, 22.5, 20.25, 20.55]
['2017-06-23', 21.0, 21.75, 20.55, 21.75]
['2017-06-26', 21.3, 22.95, 21.3, 22.05]
['2017-06-27', 22.2, 22.2, 20.85, 21.3]
['2017-06-28', 21.15, 22.05, 20.25, 20.7]
['2017-06-29', 20.55, 21.0, 20.4, 21.0]
['2017-06-30', 21.0, 21.0, 19.95, 20.1]
['2017-07-03', 19.95, 21.0, 19.95, 20.7]
['2017-07-05', 20.7, 21.43, 20.4, 20.55]
['2017-07-06', 20.55, 21.3, 20.1, 20.25]
['2017-07-07', 20.4, 21.9, 20.25, 21.75]
['2017-07-10', 21.75, 23.25, 21.3, 21.3]
['2017-07-11', 21.6, 22.18, 21.15, 21.3]
['2017-07-12', 21.15, 21.6, 21.15, 21.15]
['2017-07-13', 21.15, 21.9, 20.7, 21.3]
['2017-07-14', 21.45, 22.42, 21.15, 22.05]
['2017-07-17', 22.35, 24.42, 22.35, 23.4]
['2017-07-18', 23.4, 23.7, 22.05, 22.5]
['2017-07-19', 22.5, 23.25, 21.9, 23.1]
['2017-07-20', 22.95, 23.7, 22.2, 22.95]
['2017-07-21', 22.95, 23.07, 21.75, 22.65]
['2017-07-24', 22.65, 22.8, 21.75, 22.2]
['2017-07-25', 22.2, 22.65, 20.4, 20.85]
['2017-07-26', 20.85, 21.67, 20.85, 21.45]
['2017-07-27', 21.3, 21.6, 19.8, 19.95]
['2017-07-28', 19.5, 20.17, 19.05, 19.5]
['2017-07-31', 19.5, 19.8, 18.75, 19.5]
['2017-08-01', 19.35, 19.5, 18.0, 18.9]
['2017-08-02', 18.75, 19.5, 18.15, 18.3]
['2017-08-03', 19.65, 20.1, 18.45, 19.2]
['2017-08-04', 19.05, 19.2, 18.15, 18.75]
['2017-08-07', 18.6, 19.05, 17.1, 17.85]
['2017-08-08', 18.0, 18.75, 17.4, 18.6]
['2017-08-09', 18.75, 18.75, 17.64, 17.7]
['2017-08-10', 17.7, 17.85, 15.15, 16.95]
['2017-08-11', 15.75, 16.95, 15.75, 16.12]
['2017-08-14', 16.65, 17.4, 16.35, 17.1]
['2017-08-15', 16.95, 17.08, 16.2, 16.5]
['2017-08-16', 16.5, 16.95, 16.5, 16.65]
['2017-08-17', 16.8, 17.72, 16.42, 16.95]
['2017-08-18', 17.1, 17.85, 16.8, 17.4]
['2017-08-21', 17.4, 17.68, 16.5, 16.65]
['2017-08-22', 16.8, 17.17, 16.05, 16.35]
['2017-08-23', 16.35, 16.65, 15.93, 16.5]
['2017-08-24', 16.5, 16.95, 16.05, 16.8]
['2017-08-25', 16.8, 17.25, 16.65, 17.1]
['2017-08-28', 17.25, 17.25, 16.05, 16.35]
['2017-08-29', 16.35, 17.1, 16.35, 16.8]
['2017-08-30', 16.8, 17.25, 16.59, 17.1]
['2017-08-31', 16.95, 17.7, 16.5, 16.5]
['2017-09-01', 16.65, 17.25, 15.9, 16.95]
['2017-09-05', 18.45, 19.95, 16.8, 17.7]
['2017-09-06', 17.55, 18.0, 16.8, 17.25]
['2017-09-07', 17.25, 17.55, 16.8, 17.1]
['2017-09-08', 17.25, 17.55, 17.1, 17.4]
['2017-09-11', 17.4, 18.0, 17.1, 17.7]
['2017-09-12', 17.55, 17.85, 16.22, 16.65]
['2017-09-13', 16.5, 16.5, 15.0, 15.6]
['2017-09-14', 15.9, 16.5, 15.3, 15.45]
['2017-09-15', 15.6, 16.77, 15.3, 15.75]
['2017-09-18', 15.9, 16.65, 15.75, 16.5]
['2017-09-19', 16.5, 17.1, 15.75, 16.05]
['2017-09-20', 16.05, 16.75, 16.05, 16.65]
['2017-09-21', 16.5, 16.95, 15.9, 16.5]
['2017-09-22', 16.65, 16.95, 16.2, 16.8]
['2017-09-25', 16.65, 17.25, 16.5, 16.65]
['2017-09-26', 16.5, 17.1, 16.2, 16.2]
['2017-09-27', 16.2, 19.5, 16.05, 19.2]
['2017-09-28', 19.2, 21.75, 18.45, 20.7]
['2017-09-29', 20.25, 22.35, 19.95, 21.3]
['2017-10-02', 21.3, 23.1, 20.25, 22.2]
['2017-10-03', 21.9, 23.08, 20.85, 21.0]
['2017-10-04', 20.7, 22.5, 20.4, 22.05]
['2017-10-05', 22.35, 23.85, 22.2, 23.55]
['2017-10-06', 23.55, 23.7, 22.65, 23.25]
['2017-10-09', 23.55, 24.0, 22.2, 23.25]
['2017-10-10', 23.55, 24.75, 22.65, 23.85]
['2017-10-11', 24.0, 24.75, 23.4, 24.3]
['2017-10-12', 24.45, 24.9, 24.01, 24.45]
['2017-10-13', 24.45, 25.2, 24.0, 24.45]
['2017-10-16', 24.45, 25.18, 21.0, 22.8]
['2017-10-17', 22.65, 23.25, 21.75, 21.94]
['2017-10-18', 22.35, 24.3, 21.9, 22.65]
['2017-10-19', 22.8, 23.25, 21.3, 22.35]
['2017-10-20', 22.35, 22.78, 21.15, 21.75]
['2017-10-23', 21.6, 21.75, 19.95, 20.4]
['2017-10-24', 20.25, 21.75, 19.95, 20.4]
['2017-10-25', 19.95, 20.85, 19.35, 20.4]
['2017-10-26', 20.55, 20.85, 19.2, 20.1]
['2017-10-27', 20.1, 21.0, 20.1, 20.55]
['2017-10-30', 20.55, 21.43, 19.5, 20.7]
['2017-10-31', 20.85, 22.2, 19.95, 20.55]
['2017-11-01', 20.55, 21.15, 19.5, 20.7]
['2017-11-02', 20.85, 21.0, 19.95, 20.4]
['2017-11-03', 20.4, 21.0, 20.1, 21.0]
['2017-11-06', 21.0, 21.58, 19.95, 20.25]
['2017-11-07', 20.7, 20.85, 20.1, 20.4]
['2017-11-08', 20.25, 20.85, 20.25, 20.55]
['2017-11-09', 20.4, 21.45, 20.4, 21.15]
['2017-11-10', 21.0, 21.45, 20.7, 20.7]
['2017-11-13', 20.85, 23.25, 20.85, 22.5]
['2017-11-14', 22.5, 23.57, 22.2, 23.25]
['2017-11-15', 23.25, 23.25, 20.4, 20.7]
['2017-11-16', 20.55, 22.74, 20.55, 22.05]
['2017-11-17', 22.2, 22.2, 20.7, 21.15]
['2017-11-20', 21.3, 22.5, 20.85, 22.35]
['2017-11-21', 21.75, 22.65, 21.75, 22.05]
['2017-11-22', 22.35, 23.25, 21.75, 23.1]
['2017-11-24', 23.1, 23.7, 23.1, 23.55]
['2017-11-27', 23.4, 26.7, 23.4, 25.8]
['2017-11-28', 26.85, 28.5, 26.1, 27.6]
['2017-11-29', 27.45, 29.1, 25.5, 28.27]
['2017-11-30', 28.2, 29.25, 27.45, 28.95]
['2017-12-01', 29.25, 30.76, 27.98, 30.6]
['2017-12-04', 30.9, 36.6, 30.75, 33.15]
['2017-12-05', 33.15, 35.25, 27.0, 27.75]
['2017-12-06', 28.65, 31.2, 26.55, 30.75]
['2017-12-07', 30.6, 33.0, 29.42, 31.2]
['2017-12-08', 31.2, 32.99, 25.65, 30.9]
['2017-12-11', 30.15, 32.25, 30.0, 31.35]
['2017-12-12', 31.5, 33.75, 31.5, 33.75]
['2017-12-13', 34.2, 35.9, 33.75, 34.95]
['2017-12-14', 35.85, 39.75, 35.1, 36.3]
['2017-12-15', 36.75, 40.2, 36.0, 39.3]
['2017-12-18', 40.5, 41.1, 34.5, 36.0]
['2017-12-19', 36.15, 36.15, 32.4, 33.0]
['2017-12-20', 32.4, 35.4, 32.4, 34.8]
['2017-12-21', 33.75, 35.85, 33.15, 34.95]
['2017-12-22', 35.25, 37.5, 34.51, 36.45]
['2017-12-26', 36.9, 38.38, 36.0, 37.35]
['2017-12-27', 37.5, 37.5, 35.4, 37.35]
['2017-12-28', 37.8, 39.0, 36.75, 39.0]
['2017-12-29', 39.75, 40.2, 37.8, 38.7]
['2018-01-02', 39.75, 40.05, 36.3, 37.95]
['2018-01-03', 37.95, 39.6, 37.65, 39.6]
['2018-01-04', 40.5, 40.65, 38.55, 40.2]
['2018-01-05', 40.2, 40.2, 36.1, 37.5]
['2018-01-08', 38.25, 38.25, 34.35, 34.8]
['2018-01-09', 34.2, 35.25, 28.5, 29.25]
['2018-01-10', 29.25, 30.9, 27.9, 30.6]
['2018-01-11', 30.3, 32.4, 30.15, 31.8]
['2018-01-12', 31.2, 32.08, 30.3, 30.45]
['2018-01-16', 31.5, 34.5, 30.9, 32.1]
['2018-01-17', 32.1, 33.6, 31.35, 32.1]
['2018-01-18', 32.55, 32.78, 31.35, 32.7]
['2018-01-19', 33.45, 34.2, 32.55, 33.6]
['2018-01-22', 34.2, 37.05, 32.4, 36.15]
['2018-01-23', 36.75, 36.75, 34.8, 36.6]
['2018-01-24', 37.05, 37.8, 35.92, 37.2]
['2018-01-25', 37.5, 37.5, 35.85, 36.0]
['2018-01-26', 36.0, 36.9, 35.22, 36.15]
['2018-01-29', 36.6, 37.5, 35.85, 37.2]
['2018-01-30', 36.3, 36.6, 32.7, 34.5]
['2018-01-31', 34.65, 34.92, 33.0, 33.3]
['2018-02-01', 33.15, 34.8, 33.0, 34.8]
['2018-02-02', 34.65, 35.83, 33.75, 34.05]
['2018-02-05', 33.75, 35.85, 30.45, 35.25]
['2018-02-06', 34.35, 34.5, 33.08, 33.75]
['2018-02-07', 34.05, 34.65, 31.5, 32.7]
['2018-02-08', 32.85, 33.3, 30.9, 31.35]
['2018-02-09', 31.2, 32.55, 27.9, 30.45]
['2018-02-12', 30.3, 33.0, 30.15, 32.55]
['2018-02-13', 32.55, 32.96, 31.5, 32.1]
['2018-02-14', 32.1, 33.45, 32.1, 33.0]
['2018-02-15', 33.45, 33.45, 32.62, 33.0]
['2018-02-16', 33.3, 33.3, 32.25, 33.3]
['2018-02-20', 33.15, 33.15, 30.15, 30.3]
['2018-02-21', 29.7, 31.35, 29.7, 30.15]
['2018-02-22', 30.45, 31.5, 29.85, 30.15]
['2018-02-23', 30.6, 31.17, 29.25, 29.85]
['2018-02-26', 30.45, 30.45, 28.65, 29.25]
['2018-02-27', 29.25, 30.0, 29.1, 29.33]
['2018-02-28', 29.4, 29.55, 28.35, 28.95]
['2018-03-01', 28.67, 28.67, 24.0, 25.5]
['2018-03-02', 25.2, 26.42, 24.83, 26.4]
['2018-03-05', 26.4, 27.0, 24.9, 25.35]
['2018-03-06', 25.35, 26.08, 24.75, 24.75]
['2018-03-07', 24.75, 26.25, 24.45, 25.5]
['2018-03-08', 25.65, 27.09, 25.65, 27.0]
['2018-03-09', 27.0, 28.95, 27.0, 27.75]
['2018-03-12', 27.75, 28.65, 27.15, 28.2]
['2018-03-13', 28.2, 28.5, 27.75, 28.2]
['2018-03-14', 28.2, 28.5, 27.75, 28.35]
['2018-03-15', 28.2, 28.65, 27.3, 28.5]
['2018-03-16', 28.5, 29.4, 27.9, 29.4]
['2018-03-19', 29.25, 29.4, 27.3, 28.8]
['2018-03-20', 28.8, 28.95, 27.45, 28.5]
['2018-03-21', 28.35, 29.99, 27.45, 28.95]
['2018-03-22', 28.95, 33.9, 28.8, 33.08]
['2018-03-23', 32.85, 33.0, 29.85, 30.3]
['2018-03-26', 30.9, 35.7, 30.9, 34.8]
['2018-03-27', 35.25, 35.55, 33.0, 34.05]
['2018-03-28', 33.9, 34.35, 30.45, 31.5]
['2018-03-29', 30.9, 32.25, 30.0, 31.2]
['2018-04-02', 31.2, 32.25, 30.0, 30.3]
['2018-04-03', 30.0, 31.5, 30.0, 31.2]
['2018-04-04', 31.05, 31.74, 29.25, 29.7]
['2018-04-05', 29.7, 30.0, 28.51, 29.55]
['2018-04-06', 29.55, 30.36, 28.07, 29.1]
['2018-04-09', 29.1, 31.8, 27.6, 29.85]
['2018-04-10', 30.45, 32.1, 30.0, 30.0]
['2018-04-11', 30.0, 31.65, 30.0, 30.42]
['2018-04-12', 30.6, 31.8, 30.3, 31.2]
['2018-04-13', 31.2, 31.65, 30.75, 31.5]
['2018-04-16', 31.5, 31.5, 30.45, 30.75]
['2018-04-17', 30.9, 31.65, 30.0, 30.9]
['2018-04-18', 31.05, 31.5, 30.0, 31.05]
['2018-04-19', 30.9, 33.3, 30.75, 32.7]
['2018-04-20', 33.0, 35.43, 32.79, 34.8]
['2018-04-23', 35.4, 36.0, 31.95, 35.25]
['2018-04-24', 35.25, 35.55, 32.72, 33.45]
['2018-04-25', 33.6, 34.05, 32.25, 33.6]
['2018-04-26', 33.15, 35.7, 32.7, 33.9]
['2018-04-27', 34.2, 34.65, 33.15, 34.2]
['2018-04-30', 34.35, 35.72, 34.06, 34.5]
['2018-05-01', 34.5, 35.38, 34.05, 34.35]
['2018-05-02', 34.5, 35.53, 34.05, 34.5]
['2018-05-03', 34.8, 35.25, 33.15, 33.9]
['2018-05-04', 34.05, 34.5, 33.17, 34.2]
['2018-05-07', 33.9, 34.5, 33.3, 34.05]
['2018-05-08', 34.5, 34.5, 32.25, 32.7]
['2018-05-09', 33.45, 34.06, 32.55, 32.85]
['2018-05-10', 33.0, 34.03, 32.55, 32.55]
['2018-05-11', 33.0, 33.45, 32.55, 33.15]
['2018-05-14', 33.15, 33.6, 32.7, 33.3]
['2018-05-15', 33.45, 34.35, 33.0, 33.6]
['2018-05-16', 33.75, 37.2, 33.74, 34.65]
['2018-05-17', 35.85, 36.6, 34.5, 36.45]
['2018-05-18', 36.75, 37.5, 35.4, 36.0]
['2018-05-21', 36.3, 37.22, 35.55, 36.6]
['2018-05-22', 36.6, 36.6, 33.0, 35.1]
['2018-05-23', 35.25, 35.55, 34.05, 35.25]
['2018-05-24', 35.1, 35.4, 33.3, 33.92]
['2018-05-25', 34.2, 34.95, 33.0, 34.05]
['2018-05-29', 34.2, 34.72, 33.3, 33.75]
['2018-05-30', 33.9, 34.5, 33.75, 34.2]
['2018-05-31', 34.2, 35.4, 32.7, 33.15]
['2018-06-01', 33.0, 34.19, 32.85, 33.45]
['2018-06-04', 33.6, 34.2, 33.15, 33.75]
['2018-06-05', 33.75, 34.2, 33.3, 34.05]
['2018-06-06', 34.05, 34.86, 34.05, 34.05]
['2018-06-07', 34.5, 36.6, 33.75, 36.15]
['2018-06-08', 37.05, 38.7, 35.79, 37.95]
['2018-06-11', 38.85, 40.65, 34.5, 37.5]
['2018-06-12', 37.5, 37.5, 34.65, 35.25]
['2018-06-13', 35.1, 36.6, 34.95, 35.55]
['2018-06-14', 36.0, 36.6, 35.55, 36.6]
['2018-06-15', 36.6, 39.65, 35.55, 36.75]
['2018-06-18', 36.75, 39.45, 36.75, 39.15]
['2018-06-19', 39.3, 46.35, 39.15, 43.2]
['2018-06-20', 44.7, 49.5, 39.75, 42.9]
['2018-06-21', 44.1, 44.85, 41.85, 43.8]
['2018-06-22', 43.8, 44.55, 42.9, 43.05]
['2018-06-25', 40.65, 40.69, 37.42, 40.05]
['2018-06-26', 39.75, 40.95, 37.95, 39.15]
['2018-06-27', 38.25, 40.65, 37.88, 39.45]
['2018-06-28', 39.15, 39.45, 34.5, 35.85]
['2018-06-29', 35.55, 38.08, 34.81, 36.3]
['2018-07-02', 36.75, 37.88, 35.55, 37.35]
['2018-07-03', 37.8, 38.25, 37.05, 37.65]
['2018-07-05', 38.1, 39.0, 37.5, 38.4]
['2018-07-06', 38.85, 39.45, 38.25, 38.4]
['2018-07-09', 39.0, 41.1, 38.26, 40.5]
['2018-07-10', 40.95, 43.33, 38.85, 38.85]
['2018-07-11', 39.15, 41.4, 38.38, 39.75]
['2018-07-12', 39.9, 41.85, 39.75, 40.8]
['2018-07-13', 41.55, 43.5, 40.2, 43.2]
['2018-07-16', 44.25, 44.99, 40.65, 41.85]
['2018-07-17', 41.7, 41.85, 40.65, 40.95]
['2018-07-18', 41.4, 42.0, 40.2, 40.95]
['2018-07-19', 40.95, 41.17, 39.45, 40.05]
['2018-07-20', 40.35, 40.42, 38.99, 39.3]
['2018-07-23', 39.15, 39.15, 37.33, 37.8]
['2018-07-24', 37.95, 41.1, 37.95, 38.85]
['2018-07-25', 39.6, 40.35, 39.15, 39.75]
['2018-07-26', 39.75, 39.9, 38.44, 39.75]
['2018-07-27', 39.75, 39.75, 37.05, 37.28]
['2018-07-30', 37.5, 38.1, 34.65, 35.25]
['2018-07-31', 35.25, 39.9, 34.95, 37.5]
['2018-08-01', 36.9, 41.78, 36.9, 37.95]
['2018-08-02', 38.25, 39.28, 36.3, 37.8]
['2018-08-03', 37.5, 38.25, 34.8, 35.4]
['2018-08-06', 35.4, 36.74, 33.0, 34.2]
['2018-08-07', 9.3, 11.25, 7.05, 10.65]
['2018-08-08', 11.1, 11.1, 9.0, 9.02]
['2018-08-09', 9.15, 10.05, 9.0, 9.9]
['2018-08-10', 10.2, 10.2, 9.3, 9.44]
['2018-08-13', 9.31, 9.9, 9.31, 9.68]
['2018-08-14', 9.9, 10.05, 9.42, 9.81]
['2018-08-15', 9.75, 9.85, 9.05, 9.75]
['2018-08-16', 9.75, 9.98, 9.45, 9.75]
['2018-08-17', 10.05, 13.59, 9.75, 11.85]
['2018-08-20', 12.31, 14.4, 12.07, 13.12]
['2018-08-21', 13.55, 14.4, 12.12, 12.3]
['2018-08-22', 13.8, 13.8, 12.3, 13.26]
['2018-08-23', 13.35, 13.8, 12.75, 13.05]
['2018-08-24', 13.05, 13.34, 12.3, 12.52]
['2018-08-27', 12.45, 13.05, 12.16, 12.6]
['2018-08-28', 12.42, 12.61, 12.0, 12.26]
['2018-08-29', 12.0, 12.45, 11.72, 12.3]
['2018-08-30', 12.16, 13.2, 12.16, 12.82]
['2018-08-31', 13.05, 13.2, 12.52, 12.98]
['2018-09-04', 12.6, 13.5, 12.45, 12.52]
['2018-09-05', 12.6, 12.96, 12.0, 12.75]
['2018-09-06', 12.21, 12.98, 12.02, 12.47]
['2018-09-07', 12.4, 17.25, 12.3, 14.98]
['2018-09-10', 15.6, 19.95, 15.0, 19.2]
['2018-09-11', 19.05, 19.05, 15.3, 16.05]
['2018-09-12', 16.5, 18.45, 16.35, 16.95]
['2018-09-13', 18.0, 18.9, 17.25, 18.3]
['2018-09-14', 18.9, 19.2, 17.4, 18.15]
['2018-09-17', 18.3, 18.3, 16.65, 17.7]
['2018-09-18', 18.0, 18.0, 16.8, 17.7]
['2018-09-19', 17.55, 18.15, 16.35, 16.8]
['2018-09-20', 17.1, 17.7, 16.5, 17.4]
['2018-09-21', 18.0, 18.0, 16.95, 17.7]
['2018-09-24', 17.7, 17.7, 15.45, 16.5]
['2018-09-25', 16.8, 16.95, 15.6, 16.05]
['2018-09-26', 16.05, 16.65, 16.05, 16.2]
['2018-09-27', 16.2, 16.5, 16.05, 16.5]
['2018-09-28', 16.5, 16.65, 16.05, 16.2]
['2018-10-01', 16.5, 16.8, 15.75, 16.2]
['2018-10-02', 16.2, 16.5, 15.9, 16.2]
['2018-10-03', 16.8, 17.1, 16.2, 16.6]
['2018-10-04', 16.8, 17.25, 16.2, 16.2]
['2018-10-05', 16.65, 18.6, 16.2, 18.0]
['2018-10-08', 18.0, 18.9, 17.55, 18.45]
['2018-10-09', 18.6, 18.75, 17.55, 17.55]
['2018-10-10', 17.85, 18.51, 16.5, 16.5]
['2018-10-11', 16.5, 16.53, 14.55, 15.6]
['2018-10-12', 15.6, 17.85, 15.6, 16.35]
['2018-10-15', 16.8, 17.25, 15.75, 15.9]
['2018-10-16', 16.8, 16.8, 15.75, 16.2]
['2018-10-17', 16.2, 16.2, 15.15, 15.3]
['2018-10-18', 15.3, 15.6, 15.0, 15.15]
['2018-10-19', 15.15, 15.3, 13.8, 14.31]
['2018-10-22', 14.4, 15.6, 13.8, 14.1]
['2018-10-23', 13.95, 14.1, 12.6, 13.2]
['2018-10-24', 12.75, 12.81, 11.67, 11.9]
['2018-10-25', 11.85, 12.45, 11.7, 12.09]
['2018-10-26', 11.94, 12.3, 11.85, 12.0]
['2018-10-29', 12.3, 12.66, 9.45, 10.56]
['2018-10-30', 13.05, 13.05, 10.95, 11.62]
['2018-10-31', 11.64, 12.07, 11.25, 11.74]
['2018-11-01', 11.55, 12.45, 11.28, 11.7]
['2018-11-02', 11.81, 12.6, 11.25, 12.0]
['2018-11-05', 12.0, 12.45, 11.7, 12.3]
['2018-11-06', 12.75, 14.55, 12.0, 13.43]
['2018-11-07', 14.55, 14.55, 13.2, 14.55]
['2018-11-08', 13.98, 17.25, 13.81, 16.5]
['2018-11-09', 16.5, 16.95, 14.85, 15.9]
['2018-11-12', 15.9, 15.9, 14.7, 15.15]
['2018-11-13', 15.0, 15.3, 14.84, 14.85]
['2018-11-14', 14.85, 14.85, 13.2, 14.18]
['2018-11-15', 14.7, 14.7, 13.64, 14.4]
['2018-11-16', 14.4, 14.85, 13.52, 14.19]
['2018-11-19', 14.25, 14.25, 13.65, 14.25]
['2018-11-20', 14.2, 14.25, 13.5, 13.65]
['2018-11-21', 14.1, 14.1, 13.5, 14.1]
['2018-11-23', 14.07, 14.25, 13.88, 14.25]
['2018-11-26', 13.95, 14.56, 13.5, 13.53]
['2018-11-27', 13.95, 14.1, 13.59, 13.98]
['2018-11-28', 13.95, 14.25, 13.35, 13.41]
['2018-11-29', 13.43, 14.1, 13.2, 13.95]
['2018-11-30', 13.95, 14.85, 13.52, 14.25]
['2018-12-03', 14.85, 17.1, 14.4, 16.5]
['2018-12-04', 16.35, 16.98, 15.75, 15.9]
['2018-12-06', 16.05, 16.35, 15.0, 15.6]
['2018-12-07', 15.45, 17.25, 15.45, 16.2]
['2018-12-10', 16.35, 16.95, 15.57, 16.5]
['2018-12-11', 16.5, 17.83, 16.5, 17.1]
['2018-12-12', 17.1, 18.0, 16.5, 16.65]
['2018-12-13', 16.65, 17.55, 16.5, 17.1]
['2018-12-14', 17.1, 17.1, 15.9, 16.2]
['2018-12-17', 16.5, 16.6, 15.3, 15.75]
['2018-12-18', 15.9, 16.2, 13.65, 14.91]
['2018-12-19', 14.84, 16.8, 14.1, 16.65]
['2018-12-20', 16.2, 16.5, 13.2, 14.15]
['2018-12-21', 13.05, 14.1, 11.55, 12.33]
['2018-12-24', 12.75, 12.75, 11.4, 11.55]
['2018-12-26', 11.85, 12.54, 11.55, 11.55]
['2018-12-27', 11.7, 11.7, 10.65, 10.73]
['2018-12-28', 10.73, 11.72, 10.73, 11.09]
['2018-12-31', 11.25, 12.51, 11.25, 12.02]
['2019-01-02', 12.4, 13.2, 11.81, 13.2]
['2019-01-03', 12.59, 13.2, 12.15, 12.6]
['2019-01-04', 12.6, 13.1, 12.0, 12.9]
['2019-01-07', 13.8, 17.1, 12.9, 16.35]
['2019-01-08', 16.35, 16.35, 14.1, 15.45]
['2019-01-09', 15.15, 15.9, 14.7, 15.0]
['2019-01-10', 15.0, 16.2, 14.85, 15.6]
['2019-01-11', 15.45, 18.3, 14.72, 15.15]
['2019-01-14', 15.15, 15.15, 13.59, 14.06]
['2019-01-15', 14.06, 14.22, 13.8, 13.88]
['2019-01-16', 13.8, 14.18, 13.5, 13.65]
['2019-01-17', 13.65, 14.25, 13.5, 13.57]
['2019-01-18', 13.65, 14.55, 13.5, 14.3]
['2019-01-22', 14.32, 14.62, 13.2, 13.22]
['2019-01-23', 10.2, 10.35, 9.75, 10.05]
['2019-01-24', 10.35, 10.35, 9.9, 9.9]
['2019-01-25', 10.05, 10.2, 9.6, 9.9]
['2019-01-28', 10.5, 10.64, 9.6, 10.05]
['2019-01-29', 10.2, 10.5, 9.9, 10.47]
['2019-01-30', 10.4, 10.5, 10.05, 10.44]
['2019-01-31', 10.47, 10.94, 10.2, 10.62]
['2019-02-01', 10.8, 11.1, 10.52, 10.9]
['2019-02-04', 10.95, 10.95, 10.05, 10.65]
['2019-02-05', 10.65, 10.65, 10.35, 10.38]
['2019-02-06', 10.5, 10.5, 10.2, 10.31]
['2019-02-07', 10.38, 10.41, 9.9, 9.99]
['2019-02-08', 10.2, 10.2, 9.68, 9.69]
['2019-02-11', 9.9, 10.2, 9.75, 9.98]
['2019-02-12', 10.05, 10.14, 9.77, 10.06]
['2019-02-13', 10.27, 10.48, 10.14, 10.22]
['2019-02-14', 10.95, 10.95, 10.26, 10.55]
['2019-02-15', 10.5, 10.5, 10.2, 10.35]
['2019-02-19', 10.31, 10.35, 10.2, 10.26]
['2019-02-20', 10.35, 10.5, 9.45, 10.05]
['2019-02-21', 10.2, 10.2, 9.45, 9.96]
['2019-02-22', 10.12, 10.26, 9.65, 10.05]
['2019-02-25', 9.93, 10.2, 9.75, 9.96]
['2019-02-26', 10.12, 10.17, 9.47, 9.63]
['2019-02-27', 9.3, 9.63, 9.3, 9.33]
['2019-02-28', 9.33, 10.1, 9.33, 9.6]
['2019-03-01', 9.68, 10.05, 9.6, 9.9]
['2019-03-04', 10.01, 10.01, 9.52, 9.72]
['2019-03-05', 9.9, 9.91, 9.57, 9.75]
['2019-03-06', 9.9, 10.2, 9.45, 9.51]
['2019-03-07', 9.72, 9.75, 9.0, 9.15]
['2019-03-08', 9.45, 9.48, 8.25, 8.52]
['2019-03-11', 8.72, 10.03, 8.55, 9.9]
['2019-03-12', 10.03, 10.2, 9.9, 10.05]
['2019-03-13', 10.2, 10.35, 10.05, 10.06]
['2019-03-14', 10.06, 10.35, 10.05, 10.27]
['2019-03-15', 10.5, 10.5, 10.22, 10.35]
['2019-03-18', 10.5, 10.5, 10.2, 10.48]
['2019-03-19', 10.48, 10.8, 10.35, 10.73]
['2019-03-20', 10.8, 10.8, 10.65, 10.73]
['2019-03-21', 10.8, 11.1, 10.65, 10.95]
['2019-03-22', 11.02, 11.4, 10.44, 10.8]
['2019-03-25', 10.85, 10.95, 10.38, 10.45]
['2019-03-26', 10.5, 10.56, 9.15, 9.75]
['2019-03-27', 9.72, 9.72, 9.3, 9.33]
['2019-03-28', 10.17, 10.41, 9.36, 9.73]
['2019-03-29', 9.65, 10.05, 9.45, 9.8]
['2019-04-01', 10.29, 10.35, 9.51, 9.66]
['2019-04-02', 10.2, 10.2, 9.68, 9.89]
['2019-04-03', 9.82, 10.2, 9.82, 10.05]
['2019-04-04', 10.17, 10.2, 9.39, 9.39]
['2019-04-05', 10.02, 10.02, 9.45, 9.75]
['2019-04-08', 10.95, 11.85, 10.22, 10.48]
['2019-04-09', 10.2, 10.6, 9.93, 10.6]
['2019-04-10', 10.65, 10.65, 10.12, 10.24]
['2019-04-11', 10.48, 10.48, 9.9, 9.9]
['2019-04-12', 9.9, 10.15, 9.75, 9.96]
['2019-04-15', 10.19, 10.22, 9.63, 9.68]
['2019-04-16', 10.5, 10.5, 9.78, 10.03]
['2019-04-17', 10.11, 10.38, 9.63, 9.63]
['2019-04-18', 10.05, 10.2, 9.63, 9.77]
['2019-04-22', 9.77, 10.08, 9.72, 9.78]
['2019-04-23', 9.98, 9.98, 9.6, 9.75]
['2019-04-24', 9.72, 9.72, 9.16, 9.39]
['2019-04-25', 9.45, 9.75, 9.18, 9.3]
['2019-04-26', 9.45, 9.72, 9.3, 9.59]
['2019-04-29', 9.75, 10.05, 9.61, 9.9]
['2019-04-30', 10.03, 10.03, 9.42, 9.42]
['2019-05-01', 9.45, 9.75, 9.35, 9.35]
['2019-05-02', 9.3, 9.81, 9.19, 9.3]
['2019-05-03', 9.51, 9.6, 9.33, 9.33]
['2019-05-06', 9.45, 9.6, 9.09, 9.38]
['2019-05-07', 9.59, 9.75, 9.38, 9.7]
['2019-05-08', 9.9, 9.9, 9.52, 9.75]
['2019-05-09', 9.77, 10.2, 9.6, 10.05]
['2019-05-10', 10.2, 10.2, 9.75, 9.77]
['2019-05-13', 9.75, 9.75, 9.35, 9.63]
['2019-05-14', 9.73, 9.75, 9.52, 9.68]
['2019-05-15', 9.75, 10.5, 9.45, 10.12]
['2019-05-16', 10.2, 10.43, 9.75, 10.24]
['2019-05-17', 10.35, 10.35, 9.68, 10.11]
['2019-05-20', 10.2, 10.34, 9.3, 9.75]
['2019-05-21', 10.05, 10.05, 7.95, 9.3]
['2019-05-22', 9.38, 9.45, 8.85, 9.21]
['2019-05-23', 9.12, 9.3, 8.79, 8.85]
['2019-05-24', 8.85, 9.6, 8.79, 9.6]
['2019-05-28', 9.6, 9.75, 9.3, 9.45]
['2019-05-29', 9.42, 9.75, 9.12, 9.44]
['2019-05-30', 9.45, 9.65, 9.18, 9.56]
['2019-05-31', 9.45, 9.45, 9.15, 9.3]
['2019-06-03', 9.28, 9.75, 8.72, 9.1]
['2019-06-04', 9.28, 9.56, 8.9, 9.15]
['2019-06-05', 9.21, 9.57, 8.93, 9.02]
['2019-06-06', 8.97, 9.0, 8.85, 8.88]
['2019-06-07', 8.85, 9.3, 8.85, 9.12]
['2019-06-10', 9.15, 9.15, 8.91, 8.94]
['2019-06-11', 8.72, 9.0, 8.41, 8.41]
['2019-06-12', 8.55, 9.75, 8.43, 9.47]
['2019-06-13', 9.47, 9.56, 9.0, 9.51]
['2019-06-14', 9.47, 9.75, 9.0, 9.3]
['2019-06-17', 9.6, 9.6, 9.3, 9.47]
['2019-06-18', 9.6, 10.2, 9.6, 9.96]
['2019-06-19', 10.01, 10.01, 9.6, 9.9]
['2019-06-20', 10.08, 10.08, 9.61, 9.75]
['2019-06-21', 9.75, 10.05, 9.61, 9.82]
['2019-06-24', 9.9, 10.01, 9.45, 9.6]
['2019-06-25', 9.63, 9.9, 9.6, 9.9]
['2019-06-26', 9.9, 9.9, 9.3, 9.35]
['2019-06-27', 9.35, 9.72, 9.3, 9.3]
['2019-06-28', 9.3, 9.75, 8.98, 8.98]
['2019-07-01', 9.0, 9.45, 9.0, 9.15]
['2019-07-02', 9.61, 9.61, 8.72, 9.07]
['2019-07-03', 9.02, 9.9, 9.02, 9.3]
['2019-07-05', 9.24, 9.9, 9.19, 9.39]
['2019-07-08', 9.75, 9.75, 9.38, 9.38]
['2019-07-09', 9.42, 9.75, 9.38, 9.38]
['2019-07-10', 9.38, 9.69, 9.38, 9.48]
['2019-07-11', 9.68, 9.68, 9.16, 9.6]
['2019-07-12', 9.56, 9.6, 9.3, 9.3]
['2019-07-15', 9.3, 9.68, 9.3, 9.4]
['2019-07-16', 9.45, 9.6, 9.36, 9.49]
['2019-07-17', 9.48, 9.9, 9.39, 9.68]
['2019-07-18', 9.9, 10.95, 9.85, 10.65]
['2019-07-19', 10.6, 11.25, 9.35, 9.73]
['2019-07-22', 10.35, 10.35, 9.61, 9.73]
['2019-07-23', 9.68, 9.9, 9.45, 9.63]
['2019-07-24', 9.61, 9.66, 9.45, 9.59]
['2019-07-25', 9.66, 9.66, 9.45, 9.52]
['2019-07-26', 9.48, 9.75, 9.38, 9.4]
['2019-07-29', 9.4, 9.9, 9.21, 9.21]
['2019-07-30', 9.15, 9.52, 9.15, 9.3]
['2019-07-31', 9.6, 9.6, 9.15, 9.15]
['2019-08-01', 9.45, 10.95, 9.15, 9.44]
['2019-08-02', 9.9, 10.1, 9.6, 9.75]
['2019-08-05', 10.1, 10.5, 9.82, 10.35]
['2019-08-06', 10.35, 10.8, 9.75, 10.5]
['2019-08-07', 10.47, 10.52, 9.82, 9.93]
['2019-08-08', 9.91, 10.5, 9.38, 9.75]
['2019-08-09', 9.93, 10.5, 9.7, 10.17]
['2019-08-12', 10.12, 10.65, 9.81, 10.65]
['2019-08-13', 10.5, 10.95, 10.05, 10.05]
['2019-08-14', 10.26, 10.5, 9.16, 10.24]
['2019-08-15', 10.15, 10.5, 9.6, 9.85]
['2019-08-16', 10.14, 10.45, 9.15, 9.94]
['2019-08-19', 9.78, 9.9, 9.37, 9.6]
['2019-08-20', 9.3, 9.75, 9.3, 9.3]
['2019-08-21', 9.34, 9.75, 9.3, 9.61]
['2019-08-22', 9.55, 9.75, 9.12, 9.19]
['2019-08-23', 9.18, 9.37, 8.62, 8.62]
['2019-08-26', 8.64, 8.98, 8.43, 8.95]
['2019-08-27', 8.89, 9.15, 8.4, 8.67]
['2019-08-28', 8.77, 9.3, 8.32, 8.7]
['2019-08-29', 8.7, 9.15, 8.55, 8.65]
['2019-08-30', 8.5, 8.85, 8.4, 8.59]
['2019-09-03', 8.25, 8.4, 7.65, 8.23]
['2019-09-04', 8.23, 8.55, 8.23, 8.35]
['2019-09-05', 8.55, 8.55, 7.95, 8.17]
['2019-09-06', 8.22, 8.22, 7.35, 7.93]
['2019-09-09', 7.86, 7.99, 7.5, 7.63]
['2019-09-10', 7.65, 8.16, 7.65, 7.8]
['2019-09-11', 8.62, 8.74, 8.02, 8.25]
['2019-09-12', 8.26, 9.0, 8.26, 8.7]
['2019-09-13', 9.0, 9.45, 8.7, 8.85]
['2019-09-16', 9.15, 9.3, 8.62, 8.73]
['2019-09-17', 8.88, 9.3, 8.73, 8.98]
['2019-09-18', 9.16, 9.37, 8.8, 8.8]
['2019-09-19', 8.8, 9.15, 8.41, 8.76]
['2019-09-20', 8.71, 8.86, 8.41, 8.86]
['2019-09-23', 8.88, 9.0, 8.44, 8.47]
['2019-09-24', 8.47, 8.85, 7.98, 8.25]
['2019-09-25', 8.22, 8.47, 7.6, 7.87]
['2019-09-26', 8.08, 8.28, 7.2, 7.5]
['2019-09-27', 7.5, 7.87, 6.33, 7.2]
['2019-09-30', 7.5, 8.17, 7.23, 7.23]
['2019-10-01', 7.35, 7.8, 7.23, 7.78]
['2019-10-02', 7.8, 8.08, 7.2, 7.2]
['2019-10-03', 7.47, 7.95, 6.48, 7.05]
['2019-10-04', 7.02, 7.5, 6.6, 6.75]
['2019-10-07', 6.93, 6.93, 6.45, 6.6]
['2019-10-08', 6.7, 7.2, 6.6, 6.82]
['2019-10-09', 6.75, 7.2, 6.75, 6.97]
['2019-10-10', 7.03, 7.05, 6.9, 6.9]
['2019-10-11', 6.99, 7.35, 6.6, 6.73]
['2019-10-14', 6.87, 7.35, 6.87, 7.05]
['2019-10-15', 7.35, 7.5, 6.87, 6.9]
['2019-10-16', 6.9, 7.27, 6.46, 7.17]
['2019-10-17', 7.15, 7.48, 6.97, 7.32]
['2019-10-18', 7.32, 7.48, 7.15, 7.35]
['2019-10-21', 7.48, 7.8, 7.44, 7.5]
['2019-10-22', 7.95, 8.62, 7.8, 8.61]
['2019-10-23', 7.93, 8.61, 7.35, 8.5]
['2019-10-24', 8.55, 9.0, 7.05, 7.23]
['2019-10-25', 7.2, 7.35, 6.46, 6.6]
['2019-10-28', 6.9, 7.02, 5.55, 5.55]
['2019-10-29', 6.27, 7.14, 6.27, 6.75]
['2019-10-30', 6.9, 7.33, 6.15, 6.37]
['2019-10-31', 6.39, 6.9, 6.3, 6.76]
['2019-11-01', 6.3, 6.75, 6.3, 6.45]
['2019-11-04', 6.37, 6.9, 6.31, 6.52]
['2019-11-05', 6.6, 7.2, 6.54, 6.88]
['2019-11-06', 6.81, 7.02, 6.46, 6.85]
['2019-11-07', 6.64, 6.85, 6.52, 6.54]
['2019-11-08', 6.54, 6.79, 6.37, 6.75]
['2019-11-11', 6.75, 6.79, 6.45, 6.73]
['2019-11-12', 6.75, 6.75, 6.46, 6.57]
['2019-11-13', 6.3, 6.6, 6.0, 6.3]
['2019-11-14', 6.31, 6.31, 6.0, 6.28]
['2019-11-15', 5.85, 6.0, 4.68, 5.1]
['2019-11-18', 5.25, 5.55, 5.1, 5.5]
['2019-11-19', 5.47, 5.85, 5.47, 5.73]
['2019-11-20', 5.25, 5.77, 5.25, 5.53]
['2019-11-21', 5.5, 5.77, 5.25, 5.47]
['2019-11-22', 5.44, 5.85, 5.25, 5.7]
['2019-11-25', 5.84, 6.45, 5.7, 5.76]
['2019-11-26', 5.74, 6.42, 5.62, 5.91]
['2019-11-27', 6.11, 6.6, 5.78, 6.34]
['2019-11-29', 6.45, 6.45, 6.38, 6.43]
['2019-12-02', 6.39, 7.35, 6.26, 6.55]
['2019-12-03', 6.61, 6.75, 5.91, 6.0]
['2019-12-04', 6.09, 6.15, 5.85, 6.0]
['2019-12-05', 6.05, 6.3, 6.0, 6.0]
['2019-12-06', 6.3, 6.49, 6.15, 6.22]
['2019-12-09', 6.3, 6.48, 6.18, 6.48]
['2019-12-10', 6.47, 6.51, 6.34, 6.38]
['2019-12-11', 6.38, 6.74, 6.3, 6.39]
['2019-12-12', 6.3, 6.38, 6.05, 6.05]
['2019-12-13', 6.3, 6.32, 6.07, 6.26]
['2019-12-16', 6.27, 6.45, 6.0, 6.38]
['2019-12-17', 8.52, 9.24, 5.55, 5.68]
['2019-12-18', 5.82, 5.99, 4.82, 4.97]
['2019-12-19', 5.25, 5.4, 4.95, 5.18]
['2019-12-20', 4.95, 5.37, 4.88, 4.97]
['2019-12-23', 4.95, 5.25, 4.95, 5.1]
['2019-12-24', 5.25, 5.55, 5.1, 5.47]
['2019-12-26', 5.51, 5.53, 5.26, 5.37]
['2019-12-27', 5.34, 5.53, 5.1, 5.31]
['2019-12-30', 5.28, 5.34, 4.99, 5.1]
['2019-12-31', 5.2, 5.4, 5.1, 5.25]
['2020-01-02', 5.4, 5.47, 5.1, 5.25]
['2020-01-03', 5.25, 5.67, 5.18, 5.36]
['2020-01-06', 5.55, 5.61, 5.18, 5.4]
['2020-01-07', 5.55, 5.55, 5.22, 5.25]
['2020-01-08', 5.25, 5.32, 4.97, 5.1]
['2020-01-09', 5.03, 5.18, 4.95, 4.98]
['2020-01-10', 5.03, 5.4, 4.91, 5.25]
['2020-01-13', 5.25, 5.41, 5.25, 5.41]
['2020-01-14', 5.39, 5.4, 5.25, 5.25]
['2020-01-15', 5.25, 5.36, 5.25, 5.26]
['2020-01-16', 5.25, 6.15, 5.25, 5.85]
['2020-01-17', 6.0, 6.15, 5.67, 5.85]
['2020-01-21', 5.86, 6.3, 5.85, 6.15]
['2020-01-22', 6.0, 6.15, 5.72, 6.11]
['2020-01-23', 6.11, 6.15, 5.7, 6.0]
['2020-01-24', 6.0, 6.15, 5.25, 5.55]
['2020-01-27', 5.55, 5.8, 5.32, 5.61]
['2020-01-28', 5.7, 5.7, 5.25, 5.36]
['2020-01-29', 5.55, 5.55, 5.25, 5.25]
['2020-01-30', 5.4, 5.43, 5.25, 5.26]
['2020-01-31', 5.25, 5.28, 5.25, 5.26]
['2020-02-03', 5.25, 5.37, 5.25, 5.25]
['2020-02-04', 5.25, 5.47, 4.99, 5.18]
['2020-02-05', 5.1, 5.4, 5.1, 5.16]
['2020-02-06', 5.16, 5.25, 4.95, 5.14]
['2020-02-07', 5.1, 5.25, 4.05, 4.18]
['2020-02-10', 3.77, 4.48, 3.77, 3.99]
['2020-02-11', 3.91, 4.0, 3.8, 3.86]
['2020-02-12', 3.8, 3.99, 3.55, 3.98]
['2020-02-13', 3.99, 5.26, 3.54, 3.64]
['2020-02-14', 3.63, 3.67, 3.26, 3.43]
['2020-02-18', 6.35, 11.98, 5.45, 9.2]
['2020-02-19', 9.31, 10.7, 7.3, 8.11]
['2020-02-20', 7.99, 8.9, 7.51, 7.72]
['2020-02-21', 7.66, 8.38, 7.1, 7.99]
['2020-02-24', 8.0, 8.1, 7.31, 7.5]
['2020-02-25', 7.45, 8.11, 7.3, 7.55]
['2020-02-26', 7.52, 8.95, 7.52, 8.85]
['2020-02-27', 8.93, 8.93, 7.73, 8.36]
['2020-02-28', 8.32, 8.32, 6.53, 7.0]
['2020-03-02', 6.97, 7.67, 6.79, 7.07]
['2020-03-03', 7.06, 7.62, 6.95, 7.37]
['2020-03-04', 7.33, 8.5, 7.33, 8.29]
['2020-03-05', 8.13, 8.61, 7.81, 8.31]
['2020-03-06', 8.28, 8.45, 7.92, 8.32]
['2020-03-09', 8.0, 8.49, 7.08, 7.11]
['2020-03-10', 7.51, 7.96, 6.66, 6.69]
['2020-03-11', 6.44, 6.92, 6.06, 6.29]
['2020-03-12', 5.74, 5.74, 5.29, 5.41]
['2020-03-13', 5.58, 6.77, 5.25, 5.5]
['2020-03-16', 5.01, 5.24, 4.57, 4.57]
['2020-03-17', 4.47, 4.51, 4.24, 4.44]
['2020-03-18', 4.29, 4.41, 3.21, 3.41]
['2020-03-19', 3.36, 3.9, 3.19, 3.39]
['2020-03-20', 25.62, 26.0, 14.78, 18.0]
['2020-03-23', 14.0, 14.75, 11.0, 12.12]
['2020-03-24', 12.41, 12.6, 8.77, 9.2]
['2020-03-25', 9.2, 13.45, 8.44, 11.99]
['2020-03-26', 11.2, 12.2, 10.33, 11.37]
['2020-03-27', 11.04, 13.0, 10.55, 12.67]
['2020-03-30', 20.31, 21.0, 11.61, 12.3]
['2020-03-31', 11.78, 12.4, 10.5, 10.96]
['2020-04-01', 10.24, 10.38, 9.01, 9.43]
['2020-04-02', 10.3, 10.84, 9.55, 10.06]
['2020-04-03', 10.34, 10.5, 9.7, 10.29]
['2020-04-06', 10.39, 10.75, 9.81, 10.24]
['2020-04-07', 9.75, 12.42, 9.6, 12.29]
['2020-04-08', 12.44, 12.89, 10.96, 11.2]
['2020-04-09', 11.0, 11.69, 10.5, 11.42]
['2020-04-13', 11.5, 12.0, 10.8, 11.91]
['2020-04-14', 14.25, 14.29, 12.38, 12.96]
['2020-04-15', 12.69, 12.78, 11.93, 12.59]
['2020-04-16', 12.36, 13.0, 12.23, 12.72]
['2020-04-17', 12.6, 13.48, 12.22, 13.34]
['2020-04-20', 12.94, 13.9, 12.71, 13.36]
['2020-04-21', 13.27, 13.9, 12.75, 13.23]
['2020-04-22', 13.84, 15.34, 13.35, 14.92]
['2020-04-23', 16.0, 17.4, 15.63, 17.4]
['2020-04-24', 17.84, 18.09, 16.07, 16.76]
['2020-04-27', 16.8, 17.0, 16.02, 16.65]
['2020-04-28', 16.59, 16.7, 14.75, 14.96]
['2020-04-29', 15.68, 15.68, 14.32, 14.81]
['2020-04-30', 14.5, 15.0, 13.93, 14.98]
['2020-05-01', 14.7, 16.45, 14.59, 15.9]
['2020-05-04', 15.63, 16.66, 15.5, 16.66]
['2020-05-05', 16.7, 17.35, 16.4, 16.72]
['2020-05-06', 16.71, 17.5, 16.68, 17.08]
['2020-05-07', 17.2, 17.33, 16.6, 16.78]
['2020-05-08', 16.95, 17.08, 16.09, 17.01]
['2020-05-11', 19.95, 20.68, 18.26, 20.28]
['2020-05-12', 20.66, 21.28, 18.76, 19.06]
['2020-05-13', 19.22, 19.4, 16.87, 17.7]
['2020-05-14', 17.72, 18.19, 16.54, 17.7]
['2020-05-15', 17.68, 17.76, 15.61, 16.85]
['2020-05-18', 16.9, 17.22, 15.4, 16.16]
['2020-05-19', 14.0, 14.0, 12.99, 13.0]
['2020-05-20', 13.4, 14.0, 13.15, 13.81]
['2020-05-21', 13.99, 14.25, 13.6, 13.77]
['2020-05-22', 13.9, 15.07, 13.33, 14.87]
