['2018-09-20', 19.14, 19.85, 18.23, 18.27]
['2018-09-21', 18.33, 18.76, 18.09, 18.28]
['2018-09-24', 18.23, 18.52, 18.23, 18.29]
['2018-09-25', 18.27, 18.38, 18.19, 18.27]
['2018-09-26', 18.27, 18.27, 18.19, 18.19]
['2018-09-27', 18.22, 18.65, 17.83, 18.19]
['2018-09-28', 18.12, 18.57, 17.55, 18.43]
['2018-10-01', 18.2, 18.61, 18.2, 18.21]
['2018-10-02', 18.1, 18.21, 17.71, 18.2]
['2018-10-03', 18.12, 18.24, 18.1, 18.14]
['2018-10-04', 18.09, 18.09, 17.71, 17.95]
['2018-10-05', 17.81, 18.0, 17.76, 17.76]
['2018-10-08', 17.78, 17.78, 17.31, 17.42]
['2018-10-09', 17.29, 17.71, 17.28, 17.37]
['2018-10-10', 17.38, 17.71, 17.28, 17.58]
['2018-10-11', 17.49, 17.52, 17.23, 17.35]
['2018-10-12', 17.7, 17.83, 17.25, 17.76]
['2018-10-15', 17.95, 18.53, 17.68, 18.19]
['2018-10-16', 18.14, 18.56, 18.01, 18.01]
['2018-10-17', 18.33, 18.47, 17.63, 18.18]
['2018-10-18', 18.34, 18.34, 17.76, 17.76]
['2018-10-19', 18.19, 18.19, 17.23, 17.71]
['2018-10-22', 17.66, 18.01, 16.32, 17.03]
['2018-10-23', 16.8, 16.8, 16.27, 16.72]
['2018-10-24', 16.33, 16.34, 13.73, 14.48]
['2018-10-25', 14.42, 15.27, 14.4, 14.9]
['2018-10-26', 15.26, 15.26, 14.36, 14.6]
['2018-10-29', 14.6, 16.22, 14.37, 16.18]
['2018-10-30', 16.22, 17.66, 14.88, 15.0]
['2018-10-31', 15.01, 16.72, 15.01, 15.84]
['2018-11-01', 15.77, 17.56, 15.39, 17.56]
['2018-11-02', 17.39, 18.19, 17.39, 18.07]
['2018-11-05', 17.87, 18.14, 17.23, 18.09]
['2018-11-06', 18.09, 18.09, 17.44, 17.44]
['2018-11-07', 17.71, 17.95, 17.7, 17.71]
['2018-11-08', 17.95, 17.95, 17.56, 17.56]
['2018-11-09', 17.51, 18.09, 17.45, 17.85]
['2018-11-12', 17.64, 17.71, 17.33, 17.39]
['2018-11-13', 17.33, 17.56, 17.33, 17.56]
['2018-11-14', 17.56, 17.75, 16.6, 17.7]
['2018-11-15', 17.23, 18.0, 17.23, 18.0]
['2018-11-16', 17.82, 18.09, 16.6, 18.0]
['2018-11-19', 17.52, 18.09, 17.23, 17.95]
['2018-11-20', 17.95, 18.0, 16.66, 16.66]
['2018-11-21', 17.22, 17.23, 17.12, 17.17]
['2018-11-23', 17.37, 17.9, 17.32, 17.9]
['2018-11-26', 18.09, 18.09, 16.61, 17.04]
['2018-11-27', 17.23, 17.23, 17.05, 17.05]
['2018-11-28', 17.17, 17.23, 16.75, 17.03]
['2018-11-29', 17.07, 18.17, 15.79, 17.61]
['2018-11-30', 17.89, 17.95, 16.15, 17.7]
['2018-12-03', 18.09, 18.14, 16.99, 16.99]
['2018-12-04', 16.96, 17.63, 16.31, 17.3]
['2018-12-06', 17.18, 17.29, 16.08, 16.52]
['2018-12-07', 16.71, 17.1, 16.42, 16.76]
['2018-12-10', 16.96, 17.09, 16.48, 16.7]
['2018-12-11', 16.94, 17.09, 16.61, 16.75]
['2018-12-12', 17.03, 17.03, 15.77, 16.66]
['2018-12-13', 16.85, 16.97, 14.54, 16.44]
['2018-12-14', 16.44, 16.44, 14.96, 16.24]
['2018-12-17', 16.37, 16.95, 15.33, 16.28]
['2018-12-18', 16.64, 16.64, 15.33, 15.74]
['2018-12-19', 16.74, 16.75, 15.32, 15.58]
['2018-12-20', 16.21, 16.21, 14.93, 15.32]
['2018-12-21', 15.89, 15.89, 14.0, 14.36]
['2018-12-24', 14.13, 14.13, 12.7, 12.7]
['2018-12-26', 12.88, 13.62, 11.63, 11.64]
['2018-12-27', 11.78, 11.96, 10.39, 11.44]
['2018-12-28', 11.39, 12.67, 10.86, 12.06]
['2018-12-31', 12.22, 13.12, 12.06, 12.78]
['2019-01-02', 12.83, 13.64, 12.49, 12.78]
['2019-01-03', 12.77, 13.22, 12.35, 12.83]
['2019-01-04', 13.03, 14.36, 13.03, 14.17]
['2019-01-07', 14.36, 14.37, 13.59, 13.63]
['2019-01-08', 13.63, 14.36, 13.63, 13.98]
['2019-01-09', 14.17, 14.54, 14.12, 14.3]
['2019-01-10', 14.18, 14.2, 13.61, 13.85]
['2019-01-11', 13.91, 14.21, 13.56, 14.12]
['2019-01-14', 13.65, 14.35, 13.65, 13.89]
['2019-01-15', 14.09, 14.41, 13.93, 14.12]
['2019-01-16', 14.06, 14.64, 14.02, 14.55]
['2019-01-17', 14.37, 14.9, 14.37, 14.84]
['2019-01-18', 14.98, 15.25, 14.6, 14.98]
['2019-01-22', 14.99, 15.52, 14.46, 14.85]
['2019-01-23', 14.89, 15.23, 14.45, 15.03]
['2019-01-24', 15.09, 15.09, 14.44, 14.6]
['2019-01-25', 14.51, 14.74, 14.38, 14.5]
['2019-01-28', 14.5, 14.59, 14.36, 14.52]
['2019-01-29', 14.41, 14.71, 14.38, 14.38]
['2019-01-30', 14.17, 15.03, 14.17, 14.84]
['2019-01-31', 15.02, 15.21, 14.92, 14.92]
['2019-02-01', 16.87, 16.87, 15.15, 15.96]
['2019-02-04', 15.96, 16.16, 15.95, 16.1]
['2019-02-05', 16.1, 16.61, 16.0, 16.29]
['2019-02-06', 16.28, 16.44, 15.95, 15.99]
['2019-02-07', 16.18, 16.66, 16.08, 16.17]
['2019-02-08', 16.23, 16.23, 15.42, 15.55]
['2019-02-11', 15.48, 16.07, 15.48, 15.68]
['2019-02-12', 15.68, 15.68, 15.68, 15.68]
['2019-02-13', 15.53, 15.68, 15.26, 15.59]
['2019-02-14', 15.73, 16.75, 15.35, 15.72]
['2019-02-15', 15.73, 16.22, 15.67, 15.74]
['2019-02-19', 15.76, 16.52, 15.52, 15.77]
['2019-02-20', 15.63, 15.63, 15.55, 15.55]
['2019-02-21', 15.78, 15.78, 15.59, 15.75]
['2019-02-22', 15.59, 15.79, 15.55, 15.55]
['2019-02-25', 16.44, 16.44, 16.2, 16.2]
['2019-02-26', 16.03, 16.03, 15.61, 15.61]
['2019-02-27', 16.75, 16.75, 15.65, 15.65]
['2019-02-28', 15.78, 16.45, 15.32, 15.32]
['2019-03-01', 15.32, 16.13, 15.32, 15.61]
['2019-03-04', 15.63, 15.63, 15.57, 15.57]
['2019-03-05', 15.64, 15.64, 15.09, 15.25]
['2019-03-06', 15.22, 15.22, 15.09, 15.09]
['2019-03-07', 15.76, 15.76, 14.9, 14.9]
['2019-03-08', 14.87, 16.21, 14.71, 14.75]
['2019-03-11', 14.71, 14.71, 14.62, 14.65]
['2019-03-12', 15.55, 15.84, 14.62, 14.85]
['2019-03-13', 14.65, 14.9, 14.65, 14.9]
['2019-03-14', 15.21, 16.15, 14.91, 15.47]
['2019-03-15', 15.42, 16.07, 14.77, 14.77]
['2019-03-18', 15.41, 15.41, 15.15, 15.15]
['2019-03-19', 14.92, 14.96, 14.51, 14.52]
['2019-03-20', 14.5, 14.55, 14.45, 14.45]
['2019-03-21', 14.45, 14.66, 14.45, 14.66]
['2019-03-22', 14.88, 14.9, 14.45, 14.45]
['2019-03-25', 14.84, 15.53, 14.69, 15.43]
['2019-03-26', 14.84, 15.69, 14.84, 15.6]
['2019-03-27', 14.6, 16.32, 14.6, 16.27]
['2019-03-28', 16.15, 16.74, 16.0, 16.44]
['2019-03-29', 16.27, 16.94, 16.27, 16.63]
['2019-04-01', 16.92, 16.92, 16.35, 16.35]
['2019-04-02', 16.6, 16.6, 16.6, 16.6]
['2019-04-03', 16.49, 16.49, 15.81, 15.81]
['2019-04-04', 15.96, 16.94, 15.95, 16.59]
['2019-04-05', 16.82, 16.89, 15.76, 16.75]
['2019-04-08', 16.74, 16.75, 16.37, 16.47]
['2019-04-09', 16.47, 16.47, 16.29, 16.29]
['2019-04-10', 16.0, 16.99, 16.0, 16.99]
['2019-04-11', 16.52, 16.52, 16.13, 16.13]
['2019-04-12', 16.17, 16.99, 16.17, 16.94]
['2019-04-15', 16.95, 16.95, 16.4, 16.75]
['2019-04-16', 16.46, 16.94, 16.46, 16.73]
['2019-04-17', 16.66, 16.75, 16.18, 16.7]
['2019-04-18', 16.54, 16.75, 16.39, 16.69]
['2019-04-22', 16.75, 16.75, 16.65, 16.67]
['2019-04-23', 17.05, 17.05, 16.72, 16.75]
['2019-04-24', 16.99, 16.99, 16.99, 16.99]
['2019-04-25', 16.86, 16.86, 16.77, 16.86]
['2019-04-26', 17.03, 17.05, 16.62, 17.05]
['2019-04-29', 17.0, 17.23, 16.91, 16.91]
['2019-04-30', 17.2, 17.2, 16.51, 16.58]
['2019-05-01', 16.94, 16.94, 16.53, 16.53]
['2019-05-02', 16.69, 16.69, 16.69, 16.69]
['2019-05-03', 16.88, 16.99, 16.75, 16.89]
['2019-05-06', 16.88, 17.23, 16.81, 16.89]
['2019-05-07', 17.01, 17.01, 16.76, 16.99]
['2019-05-08', 17.13, 17.13, 17.13, 17.13]
['2019-05-09', 16.94, 16.94, 16.85, 16.85]
['2019-05-10', 16.75, 16.92, 16.75, 16.92]
['2019-05-13', 16.78, 16.94, 16.53, 16.75]
['2019-05-14', 16.63, 16.94, 16.63, 16.94]
['2019-05-15', 16.69, 16.94, 16.69, 16.94]
['2019-05-16', 16.7, 16.7, 16.7, 16.7]
['2019-05-17', 16.66, 16.85, 16.66, 16.76]
['2019-05-20', 16.74, 16.75, 16.54, 16.73]
['2019-05-21', 16.68, 16.75, 16.61, 16.75]
['2019-05-22', 16.53, 16.53, 16.53, 16.53]
['2019-05-23', 16.53, 16.68, 16.53, 16.53]
['2019-05-24', 16.51, 16.88, 16.51, 16.75]
['2019-05-28', 16.75, 16.75, 16.51, 16.51]
['2019-05-29', 16.51, 16.75, 16.51, 16.57]
['2019-05-30', 16.61, 16.74, 16.61, 16.7]
['2019-05-31', 16.56, 16.57, 16.21, 16.21]
['2019-06-03', 16.42, 16.42, 16.13, 16.36]
['2019-06-04', 16.56, 16.56, 16.24, 16.47]
['2019-06-05', 16.46, 16.64, 16.32, 16.32]
['2019-06-06', 16.21, 16.44, 16.21, 16.23]
['2019-06-07', 16.51, 16.51, 16.27, 16.27]
['2019-06-10', 16.32, 16.45, 16.28, 16.34]
['2019-06-11', 16.34, 16.34, 16.27, 16.27]
['2019-06-12', 16.3, 16.32, 16.18, 16.18]
['2019-06-13', 16.32, 16.32, 15.86, 16.03]
['2019-06-14', 16.08, 16.75, 15.89, 15.89]
['2019-06-17', 16.18, 16.27, 15.67, 16.03]
['2019-06-18', 15.96, 16.23, 15.95, 16.22]
['2019-06-19', 16.35, 16.35, 15.7, 16.22]
['2019-06-20', 16.22, 16.49, 15.79, 15.98]
['2019-06-21', 15.83, 16.34, 15.83, 16.22]
['2019-06-24', 16.22, 16.22, 15.94, 15.94]
['2019-06-25', 16.03, 16.23, 15.7, 15.75]
['2019-06-26', 16.21, 16.37, 15.89, 15.89]
['2019-06-27', 16.14, 16.21, 15.89, 16.21]
['2019-06-28', 16.22, 18.43, 16.07, 17.7]
['2019-07-01', 17.66, 17.85, 16.73, 17.48]
['2019-07-02', 17.8, 17.8, 16.88, 17.06]
['2019-07-03', 17.54, 17.54, 16.78, 17.37]
['2019-07-05', 17.25, 17.64, 17.04, 17.04]
['2019-07-08', 17.23, 17.4, 17.22, 17.34]
['2019-07-09', 17.28, 17.58, 17.28, 17.36]
['2019-07-10', 17.36, 17.5, 17.36, 17.44]
['2019-07-11', 17.46, 17.46, 17.24, 17.32]
['2019-07-12', 17.33, 17.33, 17.04, 17.04]
['2019-07-15', 17.17, 17.2, 17.17, 17.2]
['2019-07-16', 17.17, 17.21, 16.88, 17.1]
['2019-07-17', 17.4, 17.4, 17.06, 17.1]
['2019-07-18', 17.39, 17.39, 17.18, 17.18]
['2019-07-19', 17.05, 17.33, 16.79, 17.23]
['2019-07-22', 16.91, 17.32, 16.8, 16.83]
['2019-07-23', 16.85, 17.11, 16.8, 17.11]
['2019-07-24', 17.26, 17.32, 16.9, 17.0]
['2019-07-25', 17.25, 17.28, 16.78, 17.08]
['2019-07-26', 17.2, 18.38, 16.86, 17.81]
['2019-07-29', 18.15, 18.19, 17.74, 17.78]
['2019-07-30', 17.9, 18.14, 17.8, 17.8]
['2019-07-31', 17.94, 18.17, 17.85, 18.1]
['2019-08-01', 18.19, 18.19, 17.68, 18.03]
['2019-08-02', 17.86, 17.86, 17.66, 17.66]
['2019-08-05', 17.24, 17.28, 16.75, 16.75]
['2019-08-06', 17.18, 17.23, 16.69, 16.69]
['2019-08-07', 16.65, 16.65, 15.85, 15.85]
['2019-08-08', 16.7, 16.76, 16.22, 16.22]
['2019-08-09', 16.09, 16.09, 15.94, 15.99]
['2019-08-12', 17.1, 17.1, 16.01, 16.34]
['2019-08-13', 16.29, 16.68, 16.29, 16.68]
['2019-08-14', 16.33, 16.33, 15.75, 15.75]
['2019-08-15', 16.6, 16.6, 15.86, 15.97]
['2019-08-16', 16.13, 16.61, 15.87, 16.61]
['2019-08-19', 17.04, 17.04, 16.34, 16.75]
['2019-08-20', 16.41, 16.45, 15.64, 15.89]
['2019-08-21', 15.81, 15.81, 15.81, 15.81]
['2019-08-22', 16.75, 16.75, 15.71, 15.71]
['2019-08-23', 15.63, 15.63, 15.52, 15.52]
['2019-08-26', 16.08, 16.23, 15.77, 16.18]
['2019-08-27', 16.03, 16.03, 15.75, 15.75]
['2019-08-28', 15.92, 16.37, 15.6, 16.37]
['2019-08-29', 16.32, 17.09, 16.32, 16.75]
['2019-08-30', 17.21, 17.62, 16.73, 17.22]
['2019-09-03', 17.12, 17.12, 16.74, 16.74]
['2019-09-04', 16.52, 17.0, 16.51, 17.0]
['2019-09-05', 16.81, 17.05, 16.17, 16.94]
['2019-09-06', 16.82, 17.33, 16.82, 16.9]
['2019-09-09', 17.15, 17.17, 17.05, 17.05]
['2019-09-10', 16.88, 17.15, 16.88, 17.15]
['2019-09-11', 17.4, 17.64, 17.31, 17.46]
['2019-09-12', 17.32, 17.58, 17.23, 17.37]
['2019-09-13', 17.5, 17.5, 17.23, 17.27]
['2019-09-16', 17.28, 17.78, 17.28, 17.76]
['2019-09-17', 17.93, 17.95, 17.86, 17.86]
['2019-09-18', 17.95, 17.98, 17.91, 17.91]
['2019-09-19', 18.02, 18.02, 17.56, 17.78]
['2019-09-20', 17.7, 18.19, 17.34, 17.73]
['2019-09-23', 17.88, 18.0, 17.88, 17.93]
['2019-09-24', 17.92, 17.92, 17.45, 17.78]
['2019-09-25', 17.93, 18.01, 17.93, 17.97]
['2019-09-26', 17.96, 18.12, 17.95, 18.0]
['2019-09-27', 18.12, 18.19, 18.1, 18.13]
['2019-09-30', 18.28, 18.28, 18.09, 18.09]
['2019-10-01', 18.18, 18.43, 17.95, 17.95]
['2019-10-02', 18.0, 18.22, 17.8, 18.08]
['2019-10-03', 17.33, 18.03, 17.33, 18.03]
['2019-10-04', 17.91, 18.03, 17.43, 17.66]
['2019-10-07', 17.65, 17.65, 17.13, 17.13]
['2019-10-08', 17.13, 17.13, 16.89, 16.89]
['2019-10-09', 16.84, 16.84, 16.84, 16.84]
['2019-10-10', 16.9, 16.9, 16.9, 16.9]
['2019-10-11', 16.9, 17.8, 16.9, 17.39]
['2019-10-14', 17.32, 17.32, 17.32, 17.32]
['2019-10-15', 17.22, 17.22, 17.22, 17.22]
['2019-10-16', 17.37, 17.37, 17.37, 17.37]
['2019-10-17', 17.18, 17.32, 17.18, 17.32]
['2019-10-18', 17.19, 17.46, 17.19, 17.42]
['2019-10-21', 17.43, 17.54, 17.33, 17.42]
['2019-10-22', 17.28, 17.28, 17.28, 17.28]
['2019-10-23', 17.42, 17.42, 17.03, 17.41]
['2019-10-24', 16.74, 17.42, 16.74, 17.42]
['2019-10-25', 17.42, 17.5, 17.36, 17.42]
['2019-10-28', 16.86, 17.42, 16.86, 17.42]
['2019-10-29', 17.24, 17.51, 17.24, 17.51]
['2019-10-30', 17.51, 17.51, 17.38, 17.51]
['2019-10-31', 17.31, 17.53, 17.31, 17.51]
['2019-11-01', 17.95, 18.22, 17.94, 18.03]
['2019-11-04', 18.26, 18.26, 17.93, 17.93]
['2019-11-05', 17.55, 18.26, 17.55, 18.26]
['2019-11-06', 17.99, 17.99, 17.99, 17.99]
['2019-11-07', 18.04, 18.24, 17.89, 18.04]
['2019-11-08', 18.04, 18.22, 18.01, 18.01]
['2019-11-11', 18.24, 18.24, 18.15, 18.24]
['2019-11-12', 18.19, 18.28, 18.19, 18.24]
['2019-11-13', 17.73, 18.35, 17.73, 18.35]
['2019-11-14', 18.13, 18.13, 17.81, 18.04]
['2019-11-15', 18.19, 18.43, 18.04, 18.14]
['2019-11-18', 18.29, 18.38, 18.15, 18.21]
['2019-11-19', 18.24, 18.38, 18.23, 18.38]
['2019-11-20', 18.52, 18.52, 18.05, 18.05]
['2019-11-21', 18.31, 18.31, 18.23, 18.23]
['2019-11-22', 18.18, 18.38, 18.18, 18.29]
['2019-11-25', 18.22, 18.41, 18.21, 18.37]
['2019-11-26', 18.28, 18.37, 18.1, 18.1]
['2019-11-27', 18.35, 18.35, 18.34, 18.34]
['2019-11-29', 18.2, 18.2, 18.2, 18.2]
['2019-12-02', 17.85, 18.37, 17.85, 18.26]
['2019-12-03', 18.15, 18.29, 18.15, 18.17]
['2019-12-04', 18.19, 18.19, 18.07, 18.11]
['2019-12-05', 18.03, 18.37, 18.03, 18.31]
['2019-12-06', 18.38, 18.38, 18.14, 18.14]
['2019-12-09', 18.32, 18.32, 18.01, 18.04]
['2019-12-10', 18.07, 18.39, 17.81, 18.38]
['2019-12-11', 18.11, 18.43, 18.11, 18.28]
['2019-12-12', 18.28, 18.28, 18.12, 18.12]
['2019-12-13', 18.27, 18.28, 18.18, 18.28]
['2019-12-16', 18.28, 18.52, 18.28, 18.46]
['2019-12-17', 18.3, 18.6, 18.13, 18.52]
['2019-12-18', 18.66, 19.28, 18.63, 18.64]
['2019-12-19', 18.6, 18.6, 18.05, 18.42]
['2019-12-20', 18.42, 18.84, 17.72, 18.84]
['2019-12-23', 18.99, 18.99, 18.78, 18.86]
['2019-12-24', 18.78, 18.78, 18.78, 18.78]
['2019-12-26', 18.77, 18.91, 18.58, 18.8]
['2019-12-27', 18.83, 18.83, 18.42, 18.73]
['2019-12-30', 18.52, 18.52, 18.0, 18.19]
['2019-12-31', 18.0, 18.85, 18.0, 18.72]
['2020-01-02', 18.78, 18.99, 18.64, 18.68]
['2020-01-03', 18.85, 18.85, 18.28, 18.28]
['2020-01-06', 18.48, 18.48, 17.98, 18.26]
['2020-01-07', 18.36, 18.36, 18.02, 18.08]
['2020-01-08', 18.18, 18.43, 17.88, 18.27]
['2020-01-09', 18.45, 18.45, 18.26, 18.4]
['2020-01-10', 18.46, 18.49, 18.32, 18.32]
['2020-01-13', 18.32, 18.45, 18.13, 18.45]
['2020-01-14', 18.42, 18.6, 18.34, 18.37]
['2020-01-15', 18.48, 18.5, 18.3, 18.46]
['2020-01-16', 18.56, 18.6, 18.52, 18.57]
['2020-01-17', 18.64, 18.64, 18.43, 18.43]
['2020-01-21', 18.49, 18.51, 18.43, 18.49]
['2020-01-22', 18.44, 18.59, 18.42, 18.57]
['2020-01-23', 18.49, 18.49, 18.47, 18.47]
['2020-01-24', 18.43, 18.6, 18.43, 18.43]
['2020-01-27', 18.4, 18.4, 18.19, 18.19]
['2020-01-28', 18.25, 18.25, 18.25, 18.25]
['2020-01-29', 18.31, 18.34, 18.31, 18.34]
['2020-01-30', 17.87, 18.31, 17.87, 18.31]
['2020-01-31', 17.96, 17.96, 17.96, 17.96]
['2020-02-03', 18.02, 18.02, 17.97, 17.97]
['2020-02-04', 18.74, 18.74, 18.07, 18.57]
['2020-02-05', 18.56, 18.68, 18.19, 18.66]
['2020-02-06', 18.34, 18.34, 18.27, 18.29]
['2020-02-07', 18.14, 18.14, 18.14, 18.14]
['2020-02-10', 18.57, 18.57, 18.57, 18.57]
['2020-02-11', 18.24, 18.29, 18.18, 18.28]
['2020-02-12', 18.65, 18.68, 18.27, 18.28]
['2020-02-13', 18.27, 18.4, 18.27, 18.4]
['2020-02-14', 18.64, 18.64, 18.27, 18.52]
['2020-02-18', 18.52, 18.52, 18.52, 18.52]
['2020-02-19', 18.27, 18.28, 18.27, 18.28]
['2020-02-20', 18.38, 18.38, 18.28, 18.28]
['2020-02-21', 18.41, 18.41, 18.19, 18.24]
['2020-02-24', 18.2, 18.2, 18.12, 18.12]
['2020-02-25', 18.34, 18.34, 18.32, 18.32]
['2020-02-26', 18.15, 18.15, 18.15, 18.15]
['2020-02-27', 17.93, 17.99, 17.78, 17.78]
['2020-02-28', 17.78, 17.96, 17.66, 17.68]
['2020-03-02', 17.72, 17.72, 16.4, 17.01]
['2020-03-03', 16.54, 16.54, 15.46, 15.46]
['2020-03-04', 16.02, 16.02, 15.11, 15.2]
['2020-03-05', 15.21, 15.21, 14.91, 15.07]
['2020-03-06', 14.54, 14.75, 14.41, 14.41]
['2020-03-09', 13.78, 13.78, 9.7, 10.71]
['2020-03-10', 10.86, 12.32, 10.0, 10.57]
['2020-03-11', 10.59, 10.59, 9.42, 9.85]
['2020-03-12', 10.17, 10.17, 6.94, 7.48]
['2020-03-13', 9.53, 9.83, 8.59, 8.86]
['2020-03-16', 8.53, 8.59, 7.52, 8.03]
['2020-03-17', 7.7, 7.73, 5.93, 6.4]
['2020-03-18', 6.11, 6.9, 5.51, 5.74]
['2020-03-19', 5.97, 7.87, 5.95, 6.57]
['2020-03-20', 6.23, 7.79, 6.23, 6.91]
['2020-03-23', 7.11, 7.41, 6.51, 7.15]
['2020-03-24', 7.85, 8.79, 7.12, 8.64]
['2020-03-25', 8.89, 9.12, 7.86, 9.06]
['2020-03-26', 8.07, 9.22, 8.07, 8.84]
['2020-03-27', 8.42, 8.77, 7.58, 7.93]
['2020-03-30', 8.75, 8.75, 7.99, 8.0]
['2020-03-31', 8.17, 8.25, 7.7, 7.94]
['2020-04-01', 7.5, 7.7, 6.91, 6.95]
['2020-04-02', 7.17, 7.21, 6.75, 7.0]
['2020-04-03', 6.85, 6.88, 6.65, 6.7]
['2020-04-06', 7.05, 7.73, 7.05, 7.15]
['2020-04-07', 7.29, 7.37, 6.71, 6.9]
['2020-04-08', 7.0, 7.24, 6.65, 7.24]
['2020-04-09', 7.73, 8.13, 7.3, 7.87]
['2020-04-13', 7.45, 7.95, 6.82, 6.82]
['2020-04-14', 7.16, 7.16, 6.85, 6.87]
['2020-04-15', 7.56, 7.74, 6.49, 6.82]
['2020-04-16', 7.04, 7.07, 6.65, 6.76]
['2020-04-17', 6.92, 7.17, 6.9, 7.17]
['2020-04-20', 7.48, 7.53, 6.72, 6.76]
['2020-04-21', 6.7, 6.75, 6.65, 6.71]
['2020-04-22', 6.79, 7.47, 6.79, 7.16]
['2020-04-23', 7.09, 7.57, 6.9, 7.09]
['2020-04-24', 6.8, 7.13, 6.78, 7.03]
['2020-04-27', 7.24, 8.08, 7.24, 7.68]
['2020-04-28', 8.15, 8.15, 7.75, 8.0]
['2020-04-29', 8.35, 8.47, 7.71, 8.16]
['2020-04-30', 7.77, 11.35, 7.77, 10.0]
['2020-05-01', 10.0, 11.25, 9.2, 9.66]
['2020-05-04', 9.65, 10.85, 9.65, 10.4]
['2020-05-05', 10.75, 10.75, 9.61, 10.13]
['2020-05-06', 10.65, 10.65, 9.92, 10.01]
['2020-05-07', 10.23, 10.38, 9.68, 10.04]
['2020-05-08', 10.39, 10.75, 9.99, 10.75]
['2020-05-11', 10.71, 10.73, 10.36, 10.36]
['2020-05-12', 10.14, 10.49, 10.02, 10.19]
['2020-05-13', 9.9, 9.96, 8.78, 9.12]
['2020-05-14', 8.8, 9.2, 8.67, 9.07]
['2020-05-15', 9.04, 9.3, 8.82, 9.05]
['2020-05-18', 9.85, 10.32, 9.75, 10.3]
['2020-05-19', 9.5, 9.56, 9.1, 9.21]
['2020-05-20', 9.45, 9.74, 9.17, 9.28]
['2020-05-21', 9.12, 9.4, 8.83, 8.91]
['2020-05-22', 8.78, 8.97, 8.78, 8.97]
