['2018-03-08', 11.02, 11.94, 10.67, 11.03]
['2018-03-09', 11.1, 11.43, 11.0, 11.0]
['2018-03-12', 11.03, 11.03, 10.31, 10.43]
['2018-03-13', 10.25, 10.6, 10.14, 10.31]
['2018-03-14', 10.33, 10.47, 10.33, 10.47]
['2018-03-15', 10.47, 10.87, 10.47, 10.85]
['2018-03-16', 10.84, 11.12, 10.5, 10.87]
['2018-03-19', 10.9, 10.9, 10.25, 10.25]
['2018-03-20', 10.25, 10.45, 10.25, 10.25]
['2018-03-21', 10.27, 10.83, 10.27, 10.41]
['2018-03-22', 10.33, 10.35, 10.25, 10.25]
['2018-03-23', 10.26, 10.39, 10.25, 10.31]
['2018-03-26', 10.4, 10.5, 10.26, 10.46]
['2018-03-27', 10.45, 10.45, 8.66, 9.99]
['2018-03-28', 9.82, 10.25, 9.75, 9.83]
['2018-03-29', 10.0, 10.25, 10.0, 10.24]
['2018-04-02', 10.5, 11.06, 10.5, 10.84]
['2018-04-03', 11.2, 11.2, 10.5, 10.59]
['2018-04-04', 10.5, 10.89, 10.5, 10.5]
['2018-04-05', 10.59, 11.1, 10.5, 11.06]
['2018-04-06', 10.96, 11.15, 10.5, 11.05]
['2018-04-09', 10.91, 11.0, 10.01, 10.17]
['2018-04-10', 10.31, 10.8, 9.29, 9.79]
['2018-04-11', 9.36, 9.86, 8.92, 8.94]
['2018-04-12', 8.9, 9.52, 8.72, 8.94]
['2018-04-13', 8.95, 9.47, 8.95, 9.23]
['2018-04-16', 9.28, 9.48, 8.92, 9.26]
['2018-04-17', 8.99, 9.41, 8.95, 8.95]
['2018-04-18', 8.95, 9.02, 8.7, 8.82]
['2018-04-19', 8.92, 8.93, 8.77, 8.86]
['2018-04-20', 9.16, 10.22, 9.04, 9.28]
['2018-04-23', 9.06, 9.15, 8.95, 9.04]
['2018-04-24', 8.86, 8.86, 6.76, 7.54]
['2018-04-25', 7.61, 8.05, 7.45, 7.63]
['2018-04-26', 8.0, 8.0, 7.5, 7.75]
['2018-04-27', 7.75, 7.88, 7.5, 7.5]
['2018-04-30', 7.51, 7.61, 7.43, 7.6]
['2018-05-01', 7.5, 7.56, 7.45, 7.47]
['2018-05-02', 7.52, 7.82, 7.02, 7.02]
['2018-05-03', 7.5, 8.98, 7.48, 8.4]
['2018-05-04', 8.48, 9.45, 7.56, 7.7]
['2018-05-07', 7.77, 8.31, 7.57, 8.1]
['2018-05-08', 8.15, 8.59, 7.71, 8.15]
['2018-05-09', 8.25, 9.06, 8.25, 8.8]
['2018-05-10', 8.9, 9.98, 8.9, 9.93]
['2018-05-11', 9.96, 10.17, 8.9, 9.99]
['2018-05-14', 9.99, 10.21, 9.17, 9.5]
['2018-05-15', 9.51, 9.93, 9.51, 9.8]
['2018-05-16', 9.8, 10.31, 9.8, 9.99]
['2018-05-17', 9.89, 10.69, 8.92, 10.54]
['2018-05-18', 10.61, 10.61, 10.26, 10.35]
['2018-05-21', 10.5, 11.0, 10.0, 10.79]
['2018-05-22', 10.79, 11.19, 10.28, 11.18]
['2018-05-23', 11.11, 11.15, 10.1, 10.54]
['2018-05-24', 10.61, 11.66, 10.38, 10.9]
['2018-05-25', 11.0, 11.44, 10.63, 10.81]
['2018-05-29', 11.11, 11.61, 11.02, 11.26]
['2018-05-30', 11.56, 11.59, 11.2, 11.23]
['2018-05-31', 11.31, 11.4, 10.99, 10.99]
['2018-06-01', 11.12, 11.2, 11.01, 11.13]
['2018-06-04', 11.61, 11.61, 10.5, 10.98]
['2018-06-05', 11.84, 11.84, 10.76, 10.76]
['2018-06-06', 11.15, 11.45, 10.79, 10.81]
['2018-06-07', 11.66, 11.66, 10.81, 10.86]
['2018-06-08', 10.8, 11.48, 10.3, 10.35]
['2018-06-11', 10.52, 11.1, 10.3, 10.72]
['2018-06-12', 10.8, 11.1, 9.81, 9.87]
['2018-06-13', 10.05, 10.59, 9.8, 9.8]
['2018-06-14', 9.91, 11.14, 9.8, 9.89]
['2018-06-15', 9.85, 10.48, 8.37, 8.5]
['2018-06-18', 8.91, 9.54, 8.85, 8.85]
['2018-06-19', 8.79, 9.26, 8.65, 8.68]
['2018-06-20', 8.71, 9.52, 8.6, 9.03]
['2018-06-21', 9.24, 9.24, 8.61, 9.08]
['2018-06-22', 9.0, 9.04, 8.66, 8.76]
['2018-06-25', 8.89, 9.34, 8.82, 9.1]
['2018-06-26', 9.45, 9.45, 9.17, 9.21]
['2018-06-27', 9.34, 9.4, 9.0, 9.03]
['2018-06-28', 9.4, 9.83, 9.0, 9.08]
['2018-06-29', 9.11, 9.44, 8.91, 9.2]
['2018-07-02', 9.21, 9.27, 8.88, 9.18]
['2018-07-03', 9.35, 9.38, 8.77, 9.05]
['2018-07-05', 9.25, 9.35, 9.08, 9.3]
['2018-07-06', 9.35, 10.34, 9.12, 9.83]
['2018-07-09', 9.9, 11.16, 9.8, 11.03]
['2018-07-10', 11.49, 14.79, 11.12, 12.99]
['2018-07-11', 12.89, 12.95, 11.56, 11.85]
['2018-07-12', 11.95, 12.08, 11.5, 11.7]
['2018-07-13', 11.84, 11.84, 10.54, 10.94]
['2018-07-16', 10.96, 11.98, 10.76, 11.41]
['2018-07-17', 11.57, 12.16, 11.31, 11.74]
['2018-07-18', 11.98, 12.07, 10.98, 11.01]
['2018-07-19', 10.98, 11.04, 10.71, 10.76]
['2018-07-20', 10.75, 10.96, 10.07, 10.32]
['2018-07-23', 10.35, 10.49, 10.13, 10.24]
['2018-07-24', 10.35, 10.35, 9.06, 9.1]
['2018-07-25', 9.2, 10.46, 9.2, 10.09]
['2018-07-26', 10.09, 10.42, 10.08, 10.28]
['2018-07-27', 10.34, 10.46, 9.38, 9.5]
['2018-07-30', 9.58, 9.73, 9.11, 9.49]
['2018-07-31', 10.25, 10.25, 9.8, 10.05]
['2018-08-01', 10.37, 10.37, 10.0, 10.23]
['2018-08-02', 10.2, 10.88, 10.02, 10.77]
['2018-08-03', 10.2, 11.0, 10.03, 10.12]
['2018-08-06', 10.51, 10.61, 10.07, 10.13]
['2018-08-07', 9.98, 10.41, 9.98, 10.18]
['2018-08-08', 10.03, 10.23, 9.59, 9.7]
['2018-08-09', 9.0, 10.3, 9.0, 10.0]
['2018-08-10', 9.94, 10.26, 9.2, 9.25]
['2018-08-13', 9.33, 9.39, 9.06, 9.2]
['2018-08-14', 9.0, 9.23, 8.6, 8.6]
['2018-08-15', 8.6, 8.88, 8.3, 8.51]
['2018-08-16', 8.56, 8.85, 8.1, 8.19]
['2018-08-17', 8.18, 8.57, 8.05, 8.14]
['2018-08-20', 8.2, 8.51, 8.02, 8.04]
['2018-08-21', 8.12, 8.12, 7.78, 7.94]
['2018-08-22', 8.0, 8.12, 7.8, 7.85]
['2018-08-23', 7.86, 7.86, 7.52, 7.71]
['2018-08-24', 7.75, 8.21, 7.51, 7.97]
['2018-08-27', 8.15, 8.5, 8.01, 8.45]
['2018-08-28', 8.47, 8.81, 8.15, 8.25]
['2018-08-29', 8.61, 9.01, 8.19, 8.96]
['2018-08-30', 9.19, 9.29, 8.64, 9.29]
['2018-08-31', 9.58, 9.7, 9.09, 9.2]
['2018-09-04', 9.25, 9.9, 9.25, 9.88]
['2018-09-05', 9.9, 9.91, 9.19, 9.55]
['2018-09-06', 9.49, 9.61, 9.1, 9.1]
['2018-09-07', 9.16, 9.49, 9.08, 9.31]
['2018-09-10', 9.25, 9.46, 9.01, 9.16]
['2018-09-11', 9.12, 9.12, 8.8, 8.8]
['2018-09-12', 8.92, 8.96, 8.62, 8.66]
['2018-09-13', 8.67, 8.67, 7.82, 8.15]
['2018-09-14', 8.05, 8.47, 8.01, 8.25]
['2018-09-17', 8.29, 8.38, 8.07, 8.09]
['2018-09-18', 8.12, 8.28, 8.0, 8.06]
['2018-09-19', 8.05, 8.17, 7.59, 7.59]
['2018-09-20', 7.62, 7.98, 7.51, 7.51]
['2018-09-21', 7.54, 7.76, 7.47, 7.54]
['2018-09-24', 7.53, 7.7, 7.45, 7.6]
['2018-09-25', 7.65, 7.78, 7.61, 7.71]
['2018-09-26', 7.73, 7.79, 7.56, 7.74]
['2018-09-27', 7.8, 7.83, 7.57, 7.74]
['2018-09-28', 8.51, 8.51, 7.66, 7.66]
['2018-10-01', 7.75, 7.86, 7.47, 7.61]
['2018-10-02', 7.61, 7.69, 7.25, 7.58]
['2018-10-03', 7.6, 7.61, 7.45, 7.59]
['2018-10-04', 7.72, 7.75, 7.45, 7.45]
['2018-10-05', 7.46, 7.69, 6.35, 7.28]
['2018-10-08', 7.38, 7.38, 6.5, 6.85]
['2018-10-09', 6.66, 6.8, 6.55, 6.76]
['2018-10-10', 6.79, 6.79, 5.77, 5.9]
['2018-10-11', 5.86, 6.36, 5.85, 5.85]
['2018-10-12', 6.24, 6.37, 6.05, 6.24]
['2018-10-15', 6.34, 6.36, 6.1, 6.36]
['2018-10-16', 6.33, 6.46, 6.09, 6.25]
['2018-10-17', 6.25, 7.22, 6.25, 6.56]
['2018-10-18', 6.56, 6.56, 6.25, 6.33]
['2018-10-19', 6.37, 6.55, 6.25, 6.27]
['2018-10-22', 6.4, 6.59, 5.38, 5.66]
['2018-10-23', 5.41, 5.8, 5.11, 5.8]
['2018-10-24', 5.85, 6.0, 5.69, 6.0]
['2018-10-25', 6.26, 6.26, 5.76, 5.85]
['2018-10-26', 5.82, 5.86, 5.54, 5.62]
['2018-10-29', 5.7, 6.4, 5.0, 5.07]
['2018-10-30', 5.03, 5.4, 5.0, 5.4]
['2018-10-31', 5.53, 5.86, 5.06, 5.08]
['2018-11-01', 5.84, 5.88, 5.15, 5.6]
['2018-11-02', 5.63, 5.75, 5.36, 5.48]
['2018-11-05', 6.09, 6.1, 5.18, 5.2]
['2018-11-06', 5.25, 5.53, 5.02, 5.45]
['2018-11-07', 5.48, 5.84, 5.02, 5.78]
['2018-11-08', 5.75, 6.05, 5.37, 6.05]
['2018-11-09', 6.18, 6.18, 5.57, 5.9]
['2018-11-12', 5.87, 6.0, 5.55, 5.57]
['2018-11-13', 5.61, 5.89, 5.47, 5.53]
['2018-11-14', 5.7, 5.84, 5.1, 5.29]
['2018-11-15', 5.32, 5.81, 5.32, 5.73]
['2018-11-16', 5.72, 5.97, 5.72, 5.76]
['2018-11-19', 5.8, 5.94, 5.54, 5.61]
['2018-11-20', 5.46, 5.74, 5.01, 5.08]
['2018-11-21', 5.15, 5.43, 5.06, 5.22]
['2018-11-23', 5.14, 5.24, 5.02, 5.02]
['2018-11-26', 5.12, 5.37, 5.02, 5.09]
['2018-11-27', 5.09, 5.09, 4.89, 4.9]
['2018-11-28', 4.94, 5.08, 4.81, 4.81]
['2018-11-29', 4.8, 5.02, 4.65, 4.73]
['2018-11-30', 4.84, 5.2, 4.83, 4.83]
['2018-12-03', 4.98, 5.32, 4.91, 5.09]
['2018-12-04', 4.98, 5.22, 4.85, 4.86]
['2018-12-06', 4.96, 5.06, 4.93, 5.06]
['2018-12-07', 5.01, 5.07, 4.73, 4.73]
['2018-12-10', 4.75, 4.95, 4.55, 4.66]
['2018-12-11', 4.6, 4.72, 4.55, 4.55]
['2018-12-12', 4.81, 4.95, 4.55, 4.55]
['2018-12-13', 4.8, 4.8, 4.11, 4.18]
['2018-12-14', 4.15, 4.5, 3.83, 3.84]
['2018-12-17', 3.8, 4.15, 3.51, 3.73]
['2018-12-18', 3.61, 3.7, 3.33, 3.33]
['2018-12-19', 3.38, 3.4, 2.88, 2.98]
['2018-12-20', 2.98, 3.0, 2.5, 2.59]
['2018-12-21', 2.61, 2.78, 2.51, 2.55]
['2018-12-24', 2.53, 2.81, 2.5, 2.78]
['2018-12-26', 2.81, 2.91, 2.41, 2.41]
['2018-12-27', 3.3, 4.97, 2.86, 4.36]
['2018-12-28', 4.16, 4.3, 3.3, 3.94]
['2018-12-31', 3.94, 4.08, 3.75, 3.86]
['2019-01-02', 3.75, 3.87, 3.33, 3.49]
['2019-01-03', 4.5, 5.84, 4.0, 5.02]
['2019-01-04', 5.3, 5.3, 4.54, 5.22]
['2019-01-07', 5.28, 5.4, 4.9, 5.32]
['2019-01-08', 5.44, 6.26, 5.18, 6.09]
['2019-01-09', 6.0, 6.25, 5.46, 5.97]
['2019-01-10', 6.0, 6.4, 5.51, 6.18]
['2019-01-11', 6.0, 6.21, 5.84, 6.07]
['2019-01-14', 6.25, 6.25, 5.5, 5.76]
['2019-01-15', 5.75, 5.75, 5.21, 5.27]
['2019-01-16', 5.2, 5.94, 5.2, 5.57]
['2019-01-17', 5.6, 5.78, 5.6, 5.61]
['2019-01-18', 5.82, 5.89, 5.64, 5.86]
['2019-01-22', 5.85, 6.2, 5.6, 5.73]
['2019-01-23', 5.71, 5.71, 5.55, 5.7]
['2019-01-24', 5.69, 5.83, 5.5, 5.5]
['2019-01-25', 5.7, 5.85, 5.53, 5.53]
['2019-01-28', 5.67, 5.84, 5.54, 5.65]
['2019-01-29', 5.66, 5.66, 5.54, 5.64]
['2019-01-30', 5.85, 5.85, 5.36, 5.48]
['2019-01-31', 5.46, 5.66, 5.34, 5.36]
['2019-02-01', 5.33, 5.52, 5.3, 5.38]
['2019-02-04', 5.82, 6.16, 5.71, 5.95]
['2019-02-05', 5.9, 6.83, 5.9, 6.6]
['2019-02-06', 6.83, 8.0, 6.71, 7.83]
['2019-02-07', 7.89, 8.31, 7.33, 8.31]
['2019-02-08', 8.54, 9.75, 8.38, 9.6]
['2019-02-11', 9.75, 9.9, 8.6, 9.9]
['2019-02-12', 10.12, 11.96, 10.12, 10.47]
['2019-02-13', 10.41, 10.83, 9.95, 10.3]
['2019-02-14', 10.47, 10.47, 9.61, 9.88]
['2019-02-15', 9.84, 9.85, 8.28, 8.68]
['2019-02-19', 8.68, 8.93, 8.59, 8.83]
['2019-02-20', 8.76, 8.76, 7.85, 8.24]
['2019-02-21', 8.15, 8.25, 7.83, 8.06]
['2019-02-22', 8.03, 8.23, 8.0, 8.13]
['2019-02-25', 8.34, 8.35, 8.0, 8.25]
['2019-02-26', 7.99, 9.0, 7.99, 8.8]
['2019-02-27', 9.05, 9.1, 8.46, 8.58]
['2019-02-28', 8.6, 9.0, 8.25, 8.48]
['2019-03-01', 8.55, 9.18, 8.17, 8.79]
['2019-03-04', 8.82, 9.12, 8.5, 8.92]
['2019-03-05', 8.89, 9.1, 8.42, 8.47]
['2019-03-06', 8.49, 8.49, 8.0, 8.32]
['2019-03-07', 8.41, 8.63, 7.85, 7.91]
['2019-03-08', 8.0, 8.45, 7.6, 7.77]
['2019-03-11', 7.81, 9.05, 7.81, 8.66]
['2019-03-12', 8.92, 9.6, 8.82, 9.34]
['2019-03-13', 9.45, 9.6, 9.03, 9.37]
['2019-03-14', 9.35, 9.49, 9.24, 9.49]
['2019-03-15', 9.77, 9.77, 9.37, 9.69]
['2019-03-18', 9.84, 10.39, 9.8, 10.33]
['2019-03-19', 10.42, 10.42, 10.0, 10.25]
['2019-03-20', 10.16, 10.16, 9.43, 9.83]
['2019-03-21', 9.28, 9.8, 8.94, 9.32]
['2019-03-22', 9.25, 9.5, 8.97, 9.18]
['2019-03-25', 9.15, 9.47, 8.85, 9.3]
['2019-03-26', 9.49, 9.54, 9.17, 9.17]
['2019-03-27', 9.22, 10.3, 9.22, 9.53]
['2019-03-28', 9.56, 10.25, 9.28, 10.21]
['2019-03-29', 10.29, 10.31, 9.89, 9.89]
['2019-04-01', 10.05, 10.2, 9.46, 9.56]
['2019-04-02', 9.52, 9.52, 8.61, 8.99]
['2019-04-03', 9.0, 9.74, 8.8, 9.46]
['2019-04-04', 9.55, 10.2, 9.5, 10.2]
['2019-04-05', 10.2, 10.5, 10.06, 10.24]
['2019-04-08', 10.25, 10.45, 9.61, 10.45]
['2019-04-09', 10.06, 10.49, 9.93, 10.45]
['2019-04-10', 10.15, 10.5, 9.96, 10.26]
['2019-04-11', 10.28, 10.45, 10.04, 10.16]
['2019-04-12', 10.13, 10.74, 10.11, 10.56]
['2019-04-15', 10.65, 10.66, 10.19, 10.19]
['2019-04-16', 10.27, 10.31, 9.78, 9.97]
['2019-04-17', 9.9, 10.02, 9.52, 9.63]
['2019-04-18', 9.77, 9.98, 9.69, 9.72]
['2019-04-22', 9.66, 10.35, 9.66, 9.9]
['2019-04-23', 9.79, 10.22, 9.77, 10.05]
['2019-04-24', 10.06, 10.75, 9.97, 10.75]
['2019-04-25', 10.87, 10.87, 9.9, 10.43]
['2019-04-26', 10.75, 11.2, 10.61, 10.94]
['2019-04-29', 11.0, 11.5, 10.95, 11.5]
['2019-04-30', 11.5, 11.5, 10.5, 10.62]
['2019-05-01', 10.91, 10.91, 10.12, 10.36]
['2019-05-02', 10.18, 10.42, 10.05, 10.36]
['2019-05-03', 10.37, 10.99, 10.22, 10.43]
['2019-05-06', 10.41, 11.11, 10.24, 10.45]
['2019-05-07', 10.96, 11.1, 10.44, 10.83]
['2019-05-08', 11.05, 12.0, 11.05, 11.79]
['2019-05-09', 11.73, 11.81, 10.8, 10.81]
['2019-05-10', 10.88, 11.61, 10.71, 11.43]
['2019-05-13', 11.2, 11.2, 9.53, 9.75]
['2019-05-14', 9.8, 10.84, 9.8, 10.71]
['2019-05-15', 10.83, 10.98, 10.3, 10.74]
['2019-05-16', 10.76, 10.93, 10.53, 10.93]
['2019-05-17', 10.99, 10.99, 10.58, 10.9]
['2019-05-20', 10.93, 11.19, 10.3, 11.0]
['2019-05-21', 11.19, 11.19, 10.89, 11.0]
['2019-05-22', 11.13, 11.13, 10.9, 10.9]
['2019-05-23', 11.06, 11.06, 9.97, 10.04]
['2019-05-24', 9.89, 10.99, 9.89, 10.85]
['2019-05-28', 10.83, 10.9, 10.56, 10.6]
['2019-05-29', 10.46, 11.0, 10.22, 10.49]
['2019-05-30', 10.6, 11.19, 10.59, 10.88]
['2019-05-31', 10.88, 10.88, 10.45, 10.69]
['2019-06-03', 9.81, 10.52, 9.75, 10.18]
['2019-06-04', 10.3, 10.85, 10.28, 10.8]
['2019-06-05', 10.8, 11.0, 10.33, 10.89]
['2019-06-06', 11.13, 11.17, 10.87, 11.0]
['2019-06-07', 11.0, 11.17, 10.56, 10.95]
['2019-06-10', 10.99, 11.38, 10.8, 10.89]
['2019-06-11', 10.7, 11.22, 10.7, 10.81]
['2019-06-12', 10.89, 11.22, 10.8, 11.0]
['2019-06-13', 10.91, 11.2, 10.91, 10.93]
['2019-06-14', 11.1, 11.12, 10.84, 10.9]
['2019-06-17', 11.09, 11.18, 10.89, 10.89]
['2019-06-18', 11.15, 11.18, 10.91, 10.91]
['2019-06-19', 11.17, 11.2, 11.03, 11.09]
['2019-06-20', 11.2, 11.2, 10.65, 10.92]
['2019-06-21', 10.81, 11.14, 10.67, 11.02]
['2019-06-24', 10.95, 10.95, 10.64, 10.94]
['2019-06-25', 11.31, 11.31, 10.34, 10.49]
['2019-06-26', 10.35, 10.63, 10.06, 10.49]
['2019-06-27', 10.24, 11.0, 10.13, 10.96]
['2019-06-28', 11.0, 11.25, 10.85, 10.96]
['2019-07-01', 11.1, 11.4, 11.02, 11.28]
['2019-07-02', 11.29, 11.5, 11.18, 11.37]
['2019-07-03', 11.45, 11.5, 11.24, 11.4]
['2019-07-05', 11.38, 11.48, 11.2, 11.38]
['2019-07-08', 11.4, 11.42, 10.5, 10.61]
['2019-07-09', 10.61, 10.76, 10.46, 10.72]
['2019-07-10', 10.74, 11.17, 10.74, 10.94]
['2019-07-11', 11.01, 11.1, 10.64, 10.87]
['2019-07-12', 10.75, 10.91, 10.38, 10.44]
['2019-07-15', 10.58, 10.8, 10.25, 10.34]
['2019-07-16', 10.34, 10.63, 10.2, 10.36]
['2019-07-17', 10.21, 10.58, 10.15, 10.53]
['2019-07-18', 10.41, 10.5, 10.18, 10.32]
['2019-07-19', 10.31, 10.57, 10.21, 10.54]
['2019-07-22', 11.0, 11.39, 10.25, 10.6]
['2019-07-23', 10.91, 11.05, 10.46, 10.77]
['2019-07-24', 10.89, 11.09, 10.8, 10.9]
['2019-07-25', 10.78, 11.05, 10.5, 10.69]
['2019-07-26', 10.81, 11.15, 10.81, 11.0]
['2019-07-29', 11.06, 11.13, 10.57, 10.83]
['2019-07-30', 10.82, 11.09, 10.68, 11.02]
['2019-07-31', 10.9, 11.08, 10.77, 10.77]
['2019-08-01', 10.93, 11.0, 10.76, 10.76]
['2019-08-02', 10.73, 10.74, 10.0, 10.22]
['2019-08-05', 10.2, 10.2, 9.03, 9.14]
['2019-08-06', 9.15, 9.95, 8.81, 8.85]
['2019-08-07', 8.75, 8.76, 7.72, 7.76]
['2019-08-08', 8.07, 9.0, 8.0, 8.88]
['2019-08-09', 8.89, 9.0, 8.24, 8.45]
['2019-08-12', 8.65, 8.95, 7.9, 8.26]
['2019-08-13', 8.21, 8.83, 8.21, 8.81]
['2019-08-14', 8.52, 8.62, 8.2, 8.47]
['2019-08-15', 8.6, 8.75, 8.6, 8.67]
['2019-08-16', 8.74, 9.21, 8.55, 9.15]
['2019-08-19', 9.21, 9.28, 8.63, 8.84]
['2019-08-20', 8.79, 8.94, 8.44, 8.49]
['2019-08-21', 8.47, 8.87, 8.26, 8.76]
['2019-08-22', 8.42, 9.15, 8.42, 9.12]
['2019-08-23', 8.95, 9.6, 8.95, 9.12]
['2019-08-26', 9.39, 9.39, 8.97, 9.29]
['2019-08-27', 9.35, 9.84, 9.25, 9.59]
['2019-08-28', 9.35, 9.66, 9.18, 9.28]
['2019-08-29', 9.5, 10.0, 9.27, 9.99]
['2019-08-30', 10.0, 10.39, 9.65, 9.81]
['2019-09-03', 9.67, 9.9, 9.5, 9.6]
['2019-09-04', 10.06, 10.06, 8.5, 9.59]
['2019-09-05', 9.38, 9.62, 9.25, 9.38]
['2019-09-06', 9.52, 9.52, 9.29, 9.35]
['2019-09-09', 8.87, 9.29, 8.53, 9.09]
['2019-09-10', 8.95, 9.1, 8.6, 8.68]
['2019-09-11', 9.39, 10.49, 9.22, 10.26]
['2019-09-12', 10.45, 10.48, 10.2, 10.47]
['2019-09-13', 10.49, 10.86, 10.2, 10.44]
['2019-09-16', 10.45, 10.78, 10.45, 10.54]
['2019-09-17', 10.77, 10.98, 10.48, 10.98]
['2019-09-18', 11.0, 11.37, 10.6, 11.09]
['2019-09-19', 11.1, 12.0, 11.1, 11.77]
['2019-09-20', 11.91, 11.91, 10.5, 10.67]
['2019-09-23', 10.76, 10.76, 10.01, 10.01]
['2019-09-24', 10.02, 10.13, 9.38, 9.72]
['2019-09-25', 9.84, 10.21, 9.68, 9.81]
['2019-09-26', 8.25, 8.35, 6.86, 7.5]
['2019-09-27', 7.53, 7.85, 7.33, 7.52]
['2019-09-30', 7.8, 7.99, 6.95, 7.04]
['2019-10-01', 7.04, 7.51, 6.1, 6.41]
['2019-10-02', 6.33, 6.77, 6.3, 6.46]
['2019-10-03', 6.28, 6.59, 5.95, 5.97]
['2019-10-04', 6.04, 6.32, 5.97, 6.3]
['2019-10-07', 6.55, 6.88, 6.4, 6.46]
['2019-10-08', 6.4, 6.77, 5.94, 6.08]
['2019-10-09', 6.1, 6.38, 5.83, 6.22]
['2019-10-10', 6.22, 6.41, 5.8, 6.09]
['2019-10-11', 6.2, 6.43, 6.12, 6.24]
['2019-10-14', 6.22, 6.32, 6.11, 6.15]
['2019-10-15', 6.18, 6.4, 5.95, 6.26]
['2019-10-16', 6.21, 6.48, 6.01, 6.23]
['2019-10-17', 6.2, 6.4, 5.79, 5.8]
['2019-10-18', 5.8, 5.91, 5.21, 5.3]
['2019-10-21', 5.36, 5.43, 5.0, 5.23]
['2019-10-22', 5.24, 5.68, 5.01, 5.04]
['2019-10-23', 5.04, 5.24, 4.99, 5.0]
['2019-10-24', 5.13, 5.15, 4.78, 4.8]
['2019-10-25', 4.77, 5.24, 4.51, 4.58]
['2019-10-28', 4.66, 5.01, 4.26, 4.32]
['2019-10-29', 4.28, 4.59, 4.28, 4.4]
['2019-10-30', 4.41, 4.47, 4.09, 4.2]
['2019-10-31', 4.19, 4.35, 3.95, 4.16]
['2019-11-01', 4.2, 4.31, 3.76, 4.26]
['2019-11-04', 4.29, 4.36, 4.0, 4.24]
['2019-11-05', 4.25, 4.49, 4.18, 4.32]
['2019-11-06', 4.34, 4.5, 3.98, 4.14]
['2019-11-07', 4.18, 4.23, 3.95, 4.05]
['2019-11-08', 4.05, 4.14, 3.88, 4.08]
['2019-11-11', 4.04, 4.29, 4.04, 4.11]
['2019-11-12', 4.68, 4.94, 4.36, 4.45]
['2019-11-13', 4.5, 4.9, 4.5, 4.58]
['2019-11-14', 4.63, 4.69, 4.2, 4.36]
['2019-11-15', 4.79, 5.25, 4.48, 5.15]
['2019-11-18', 5.28, 6.17, 5.24, 5.86]
['2019-11-19', 5.99, 6.9, 5.86, 6.44]
['2019-11-20', 6.5, 7.35, 6.03, 6.25]
['2019-11-21', 6.01, 6.21, 5.43, 6.02]
['2019-11-22', 5.95, 6.06, 5.68, 6.03]
['2019-11-25', 6.08, 7.09, 5.94, 6.85]
['2019-11-26', 7.0, 7.0, 6.2, 6.72]
['2019-11-27', 6.7, 6.87, 6.29, 6.35]
['2019-11-29', 6.37, 6.37, 5.84, 6.22]
['2019-12-02', 6.3, 6.6, 6.0, 6.18]
['2019-12-03', 6.24, 6.89, 6.11, 6.67]
['2019-12-04', 6.67, 6.69, 6.14, 6.2]
['2019-12-05', 6.21, 6.55, 6.21, 6.35]
['2019-12-06', 6.41, 6.65, 6.29, 6.6]
['2019-12-09', 6.6, 6.73, 6.1, 6.16]
['2019-12-10', 6.15, 6.46, 5.97, 6.12]
['2019-12-11', 6.22, 6.22, 5.58, 5.92]
['2019-12-12', 5.92, 6.39, 5.92, 6.31]
['2019-12-13', 6.32, 6.9, 6.05, 6.79]
['2019-12-16', 6.95, 8.59, 6.89, 8.19]
['2019-12-17', 8.25, 8.88, 7.95, 8.67]
['2019-12-18', 8.99, 8.99, 8.01, 8.18]
['2019-12-19', 8.25, 8.5, 8.02, 8.41]
['2019-12-20', 8.46, 8.64, 8.03, 8.31]
['2019-12-23', 8.4, 10.0, 8.18, 9.75]
['2019-12-24', 9.89, 10.18, 9.22, 10.1]
['2019-12-26', 10.11, 10.69, 9.78, 9.96]
['2019-12-27', 9.99, 10.45, 9.84, 10.06]
['2019-12-30', 10.34, 10.57, 9.8, 10.41]
['2019-12-31', 10.65, 14.8, 10.52, 14.61]
['2020-01-02', 14.5, 14.6, 13.1, 13.6]
['2020-01-03', 13.26, 19.89, 13.1, 16.71]
['2020-01-06', 16.6, 16.64, 15.34, 16.04]
['2020-01-07', 16.05, 16.12, 15.5, 15.63]
['2020-01-08', 15.97, 15.97, 12.31, 13.34]
['2020-01-09', 13.13, 14.15, 11.95, 12.26]
['2020-01-10', 12.26, 15.21, 12.25, 14.24]
['2020-01-13', 14.31, 16.49, 14.31, 15.55]
['2020-01-14', 15.34, 15.67, 13.99, 15.3]
['2020-01-15', 15.1, 16.85, 15.05, 15.87]
['2020-01-16', 16.5, 17.69, 15.97, 17.45]
['2020-01-17', 17.5, 17.8, 16.38, 16.67]
['2020-01-21', 16.56, 17.5, 16.5, 17.34]
['2020-01-22', 17.5, 17.68, 16.94, 17.19]
['2020-01-23', 17.03, 17.6, 15.74, 16.91]
['2020-01-24', 16.9, 17.67, 16.3, 17.49]
['2020-01-27', 16.79, 17.65, 16.5, 17.4]
['2020-01-28', 17.43, 18.68, 17.23, 17.92]
['2020-01-29', 18.13, 18.29, 17.22, 17.45]
['2020-01-30', 17.29, 17.95, 16.8, 17.45]
['2020-01-31', 17.17, 17.44, 15.87, 16.57]
['2020-02-03', 16.52, 17.45, 16.15, 17.23]
['2020-02-04', 17.53, 17.88, 16.9, 17.35]
['2020-02-05', 18.0, 21.98, 17.78, 19.98]
['2020-02-06', 20.65, 21.5, 19.67, 20.0]
['2020-02-07', 20.65, 20.65, 19.55, 20.0]
['2020-02-10', 20.0, 21.3, 19.16, 21.18]
['2020-02-11', 21.3, 21.98, 19.95, 21.46]
['2020-02-12', 21.51, 21.7, 18.25, 18.9]
['2020-02-13', 21.7, 25.04, 20.85, 23.85]
['2020-02-14', 38.73, 41.59, 32.0, 36.97]
['2020-02-18', 37.98, 43.63, 36.03, 39.59]
['2020-02-19', 39.4, 41.59, 37.0, 41.14]
['2020-02-20', 35.0, 37.0, 31.5, 34.2]
['2020-02-21', 35.06, 37.5, 34.06, 34.89]
['2020-02-24', 32.35, 33.68, 31.03, 32.2]
['2020-02-25', 32.98, 34.25, 28.5, 29.73]
['2020-02-26', 31.7, 35.45, 30.91, 32.48]
['2020-02-27', 31.55, 35.66, 29.46, 32.57]
['2020-02-28', 31.25, 37.5, 31.2, 37.5]
['2020-03-02', 38.01, 39.23, 31.06, 31.48]
['2020-03-03', 32.37, 34.35, 30.86, 31.4]
['2020-03-04', 31.8, 32.19, 28.85, 29.96]
['2020-03-05', 29.05, 35.0, 29.05, 32.17]
['2020-03-06', 31.24, 35.48, 31.24, 33.06]
['2020-03-09', 28.77, 31.9, 26.26, 29.14]
['2020-03-10', 33.95, 34.41, 29.55, 31.78]
['2020-03-11', 30.48, 33.0, 29.34, 29.48]
['2020-03-12', 26.66, 27.0, 20.0, 21.07]
['2020-03-13', 22.86, 23.48, 16.99, 19.91]
['2020-03-16', 17.22, 18.0, 14.21, 14.79]
['2020-03-17', 15.12, 18.25, 13.77, 17.65]
['2020-03-18', 16.21, 19.37, 14.72, 16.11]
['2020-03-19', 17.03, 18.9, 16.0, 18.35]
['2020-03-20', 18.79, 19.36, 16.5, 17.26]
['2020-03-23', 16.89, 17.77, 14.27, 17.74]
['2020-03-24', 19.27, 19.48, 16.02, 18.38]
['2020-03-25', 18.75, 22.36, 18.0, 20.32]
['2020-03-26', 20.67, 22.98, 20.34, 22.23]
['2020-03-27', 21.55, 25.94, 21.0, 24.43]
['2020-03-30', 24.08, 24.56, 22.0, 24.31]
['2020-03-31', 24.23, 25.14, 21.21, 22.35]
['2020-04-01', 21.61, 22.97, 19.9, 20.52]
['2020-04-02', 20.45, 20.9, 18.55, 18.75]
['2020-04-03', 18.82, 19.42, 16.0, 17.62]
['2020-04-06', 18.56, 20.9, 18.55, 20.12]
['2020-04-07', 21.65, 21.98, 19.12, 19.67]
['2020-04-08', 19.67, 22.15, 19.18, 21.31]
['2020-04-09', 21.5, 23.29, 20.92, 23.22]
['2020-04-13', 22.8, 25.94, 22.5, 23.8]
['2020-04-14', 24.36, 26.0, 23.57, 25.02]
['2020-04-15', 25.15, 25.74, 21.56, 23.92]
['2020-04-16', 24.0, 27.66, 24.0, 27.5]
['2020-04-17', 28.95, 31.0, 26.42, 29.37]
['2020-04-20', 28.75, 30.0, 28.0, 28.16]
['2020-04-21', 27.79, 29.28, 25.92, 27.52]
['2020-04-22', 28.31, 30.13, 28.03, 28.91]
['2020-04-23', 29.5, 30.98, 29.01, 30.13]
['2020-04-24', 30.3, 31.5, 29.2, 30.87]
['2020-04-27', 31.8, 33.4, 30.35, 32.48]
['2020-04-28', 33.35, 34.66, 31.05, 33.12]
['2020-04-29', 34.4, 37.67, 33.5, 36.66]
['2020-04-30', 36.56, 37.37, 34.52, 37.0]
['2020-05-01', 35.56, 36.71, 33.2, 35.0]
['2020-05-04', 34.13, 36.7, 33.5, 36.62]
['2020-05-05', 37.65, 42.5, 36.62, 38.43]
['2020-05-06', 39.34, 39.34, 36.61, 38.64]
['2020-05-07', 39.29, 39.78, 37.18, 38.07]
['2020-05-08', 38.1, 41.45, 37.57, 40.41]
['2020-05-11', 40.06, 43.56, 40.0, 43.01]
['2020-05-12', 40.39, 44.41, 39.75, 40.68]
['2020-05-13', 40.85, 45.92, 38.69, 43.07]
['2020-05-14', 42.06, 46.12, 41.02, 45.85]
['2020-05-15', 45.78, 50.0, 45.32, 47.16]
['2020-05-18', 49.79, 51.03, 48.1, 49.88]
['2020-05-19', 50.0, 51.83, 47.03, 48.05]
['2020-05-20', 49.41, 51.15, 48.5, 50.3]
['2020-05-21', 50.32, 50.8, 48.4, 49.74]
['2020-05-22', 50.0, 50.56, 48.13, 48.91]
['2020-05-26', 49.88, 50.41, 44.77, 45.99]
['2020-05-27', 46.01, 47.05, 41.09, 46.05]
['2020-05-28', 45.97, 47.51, 42.94, 43.0]
['2020-05-29', 43.33, 47.39, 41.27, 46.56]
