['2018-02-09', 12.1, 13.9, 11.1, 13.37]
['2018-02-12', 14.09, 16.79, 14.01, 15.55]
['2018-02-13', 15.53, 19.41, 15.53, 17.8]
['2018-02-14', 18.0, 19.3, 17.86, 18.03]
['2018-02-15', 17.85, 18.5, 16.6, 17.53]
['2018-02-16', 18.05, 18.75, 17.76, 18.5]
['2018-02-20', 18.74, 19.0, 18.35, 18.52]
['2018-02-21', 18.4, 18.93, 17.3, 17.42]
['2018-02-22', 17.46, 18.42, 17.11, 17.59]
['2018-02-23', 17.44, 18.97, 17.03, 18.82]
['2018-02-26', 18.51, 20.99, 17.85, 18.13]
['2018-02-27', 17.94, 18.71, 17.86, 17.87]
['2018-02-28', 18.1, 18.96, 17.9, 18.19]
['2018-03-01', 18.15, 18.3, 17.55, 17.76]
['2018-03-02', 17.53, 17.77, 16.12, 17.3]
['2018-03-05', 17.39, 18.35, 16.7, 16.8]
['2018-03-06', 16.92, 17.49, 16.7, 16.85]
['2018-03-07', 16.82, 17.29, 16.67, 16.8]
['2018-03-08', 16.99, 17.65, 16.87, 17.53]
['2018-03-09', 17.77, 17.99, 17.1, 17.68]
['2018-03-12', 17.6, 17.92, 17.2, 17.48]
['2018-03-13', 17.53, 17.85, 16.5, 16.5]
['2018-03-14', 16.55, 17.2, 16.55, 16.8]
['2018-03-15', 16.79, 17.09, 16.25, 16.67]
['2018-03-16', 16.5, 16.8, 16.25, 16.43]
['2018-03-19', 16.33, 16.88, 16.25, 16.57]
['2018-03-20', 16.97, 16.97, 16.12, 16.6]
['2018-03-21', 16.64, 16.99, 16.52, 16.67]
['2018-03-22', 16.54, 16.86, 16.23, 16.28]
['2018-03-23', 16.4, 17.0, 16.33, 16.52]
['2018-03-26', 16.77, 16.78, 15.02, 16.12]
['2018-03-27', 16.07, 16.18, 14.62, 14.98]
['2018-03-28', 14.86, 15.43, 14.1, 14.79]
['2018-03-29', 14.94, 15.13, 14.49, 14.63]
['2018-04-02', 14.58, 14.64, 13.82, 14.2]
['2018-04-03', 14.38, 15.16, 13.55, 14.64]
['2018-04-04', 14.39, 14.54, 13.9, 14.14]
['2018-04-05', 14.24, 14.96, 14.18, 14.59]
['2018-04-06', 14.47, 15.57, 14.43, 14.58]
['2018-04-09', 14.69, 15.41, 14.29, 14.57]
['2018-04-10', 14.73, 15.49, 14.5, 14.5]
['2018-04-11', 14.55, 14.92, 14.51, 14.58]
['2018-04-12', 14.66, 15.03, 14.19, 14.26]
['2018-04-13', 14.34, 14.58, 13.98, 14.22]
['2018-04-16', 14.32, 14.63, 13.95, 14.44]
['2018-04-17', 14.61, 14.86, 14.02, 14.12]
['2018-04-18', 14.18, 14.68, 14.06, 14.19]
['2018-04-19', 14.16, 14.62, 13.91, 14.04]
['2018-04-20', 13.93, 13.93, 13.19, 13.53]
['2018-04-23', 13.55, 14.32, 13.55, 14.31]
['2018-04-24', 14.08, 14.08, 13.37, 13.6]
['2018-04-25', 13.58, 14.42, 13.1, 13.54]
['2018-04-26', 13.62, 14.38, 13.18, 13.56]
['2018-04-27', 13.59, 13.9, 13.35, 13.41]
['2018-04-30', 13.46, 14.09, 13.12, 14.02]
['2018-05-01', 13.95, 14.15, 13.43, 14.11]
['2018-05-02', 14.11, 15.15, 13.65, 15.08]
['2018-05-03', 15.01, 15.01, 14.09, 14.59]
['2018-05-04', 14.54, 14.98, 14.05, 14.44]
['2018-05-07', 14.59, 15.05, 14.38, 14.71]
['2018-05-08', 15.56, 19.08, 15.54, 18.95]
['2018-05-09', 19.07, 20.7, 18.2, 20.44]
['2018-05-10', 20.45, 20.85, 19.5, 20.29]
['2018-05-11', 19.5, 22.57, 18.34, 20.23]
['2018-05-14', 20.22, 20.47, 18.64, 18.94]
['2018-05-15', 18.83, 19.68, 18.65, 18.93]
['2018-05-16', 18.93, 19.61, 18.29, 19.58]
['2018-05-17', 19.6, 19.99, 18.86, 19.45]
['2018-05-18', 19.31, 19.87, 18.87, 19.43]
['2018-05-21', 19.51, 20.16, 19.14, 20.11]
['2018-05-22', 20.2, 21.42, 19.23, 19.36]
['2018-05-23', 19.27, 20.27, 19.13, 20.1]
['2018-05-24', 19.81, 20.21, 19.08, 19.87]
['2018-05-25', 19.75, 20.33, 19.65, 20.02]
['2018-05-29', 19.93, 21.15, 19.25, 20.94]
['2018-05-30', 20.93, 21.71, 20.58, 21.31]
['2018-05-31', 21.19, 22.0, 20.25, 20.42]
['2018-06-01', 20.46, 20.92, 20.08, 20.82]
['2018-06-04', 20.88, 21.79, 20.51, 20.8]
['2018-06-05', 20.74, 21.48, 20.62, 21.37]
['2018-06-06', 21.4, 23.45, 20.25, 21.58]
['2018-06-07', 21.68, 22.17, 20.76, 21.85]
['2018-06-08', 21.82, 22.31, 21.24, 21.77]
['2018-06-11', 21.77, 22.17, 21.42, 21.74]
['2018-06-12', 21.71, 22.08, 21.64, 21.83]
['2018-06-13', 21.86, 22.94, 21.86, 22.46]
['2018-06-14', 22.4, 22.64, 21.43, 21.71]
['2018-06-15', 21.65, 22.51, 21.21, 22.22]
['2018-06-18', 22.2, 25.43, 22.1, 25.11]
['2018-06-19', 24.85, 25.56, 24.46, 25.06]
['2018-06-20', 25.06, 25.71, 24.72, 24.92]
['2018-06-21', 24.98, 24.98, 24.06, 24.44]
['2018-06-22', 24.42, 24.67, 23.51, 24.45]
['2018-06-25', 24.41, 24.49, 23.28, 23.81]
['2018-06-26', 23.77, 24.55, 23.06, 23.92]
['2018-06-27', 23.93, 24.5, 21.89, 22.13]
['2018-06-28', 22.14, 23.29, 20.77, 22.49]
['2018-06-29', 22.56, 23.08, 21.15, 21.76]
['2018-07-02', 21.61, 23.12, 20.73, 21.82]
['2018-07-03', 21.95, 22.8, 20.77, 21.28]
['2018-07-05', 21.33, 22.16, 21.25, 22.1]
['2018-07-06', 22.02, 22.59, 21.69, 22.12]
['2018-07-09', 22.15, 22.58, 21.5, 22.12]
['2018-07-10', 22.25, 22.58, 21.59, 21.87]
['2018-07-11', 21.76, 23.69, 21.58, 22.78]
['2018-07-12', 22.88, 23.54, 22.16, 23.38]
['2018-07-13', 23.31, 23.81, 22.16, 22.34]
['2018-07-16', 22.33, 22.88, 20.75, 21.3]
['2018-07-17', 21.23, 21.75, 20.48, 20.82]
['2018-07-18', 20.81, 22.03, 19.6, 20.53]
['2018-07-19', 20.49, 21.28, 20.38, 20.71]
['2018-07-20', 20.88, 20.88, 19.87, 20.5]
['2018-07-23', 20.4, 21.07, 19.45, 20.87]
['2018-07-24', 20.9, 21.05, 19.6, 19.91]
['2018-07-25', 20.31, 20.92, 20.05, 20.64]
['2018-07-26', 20.58, 21.49, 20.08, 20.45]
['2018-07-27', 20.53, 20.75, 18.34, 19.28]
['2018-07-30', 19.2, 19.32, 17.65, 17.97]
['2018-07-31', 17.91, 19.4, 17.54, 18.82]
['2018-08-01', 18.6, 19.11, 18.14, 18.54]
['2018-08-02', 18.41, 19.02, 17.9, 19.01]
['2018-08-03', 19.04, 19.59, 17.77, 18.75]
['2018-08-06', 19.3, 19.44, 18.29, 19.16]
['2018-08-07', 19.21, 20.11, 18.82, 19.25]
['2018-08-08', 19.21, 20.17, 18.76, 18.82]
['2018-08-09', 18.5, 20.0, 17.66, 19.43]
['2018-08-10', 19.4, 20.58, 19.3, 19.82]
['2018-08-13', 20.17, 20.85, 19.26, 20.01]
['2018-08-14', 20.12, 21.01, 19.96, 20.24]
['2018-08-15', 21.29, 21.75, 18.24, 20.08]
['2018-08-16', 20.33, 21.47, 19.94, 21.08]
['2018-08-17', 21.0, 21.12, 18.69, 20.62]
['2018-08-20', 20.88, 20.88, 18.0, 18.43]
['2018-08-21', 18.5, 19.25, 17.93, 18.25]
['2018-08-22', 18.24, 18.89, 17.85, 18.46]
['2018-08-23', 18.39, 19.37, 18.29, 18.98]
['2018-08-24', 18.73, 19.58, 18.73, 19.21]
['2018-08-27', 19.5, 20.24, 19.17, 20.04]
['2018-08-28', 20.1, 20.63, 19.32, 20.46]
['2018-08-29', 20.5, 21.1, 20.07, 21.0]
['2018-08-30', 20.88, 21.24, 20.51, 20.92]
['2018-08-31', 20.96, 21.02, 20.25, 20.39]
['2018-09-04', 20.33, 20.86, 20.03, 20.71]
['2018-09-05', 20.17, 20.97, 19.71, 20.23]
['2018-09-06', 20.33, 20.45, 19.91, 20.25]
['2018-09-07', 20.25, 21.2, 20.25, 21.04]
['2018-09-10', 21.08, 21.7, 20.81, 21.13]
['2018-09-11', 21.13, 24.43, 20.93, 24.4]
['2018-09-12', 24.53, 25.42, 23.81, 25.39]
['2018-09-13', 25.49, 26.77, 25.05, 25.48]
['2018-09-14', 25.55, 27.94, 25.11, 27.51]
['2018-09-17', 27.75, 28.29, 26.54, 27.65]
['2018-09-18', 27.42, 27.5, 25.28, 26.06]
['2018-09-19', 25.82, 26.56, 25.32, 26.3]
['2018-09-20', 26.5, 26.5, 25.18, 25.55]
['2018-09-21', 25.72, 25.99, 24.52, 25.29]
['2018-09-24', 25.29, 25.56, 25.0, 25.5]
['2018-09-25', 25.6, 25.92, 25.0, 25.58]
['2018-09-26', 25.72, 25.72, 25.0, 25.06]
['2018-09-27', 25.14, 25.18, 24.13, 24.77]
['2018-09-28', 24.65, 26.44, 24.65, 25.04]
['2018-10-01', 25.25, 25.42, 22.56, 23.12]
['2018-10-02', 23.09, 23.26, 22.28, 22.75]
['2018-10-03', 22.68, 23.12, 22.22, 22.93]
['2018-10-04', 23.18, 24.17, 22.71, 23.84]
['2018-10-05', 23.85, 24.0, 22.5, 22.8]
['2018-10-08', 22.59, 23.0, 21.85, 22.48]
['2018-10-09', 22.43, 22.77, 20.9, 21.14]
['2018-10-10', 21.1, 21.3, 20.67, 20.97]
['2018-10-11', 20.82, 21.11, 20.23, 20.41]
['2018-10-12', 20.71, 21.09, 19.77, 20.03]
['2018-10-15', 20.06, 20.23, 19.43, 20.1]
['2018-10-16', 20.2, 21.05, 20.2, 20.9]
['2018-10-17', 20.86, 21.12, 20.28, 20.68]
['2018-10-18', 20.59, 21.05, 20.27, 20.44]
['2018-10-19', 20.84, 20.84, 20.28, 20.39]
['2018-10-22', 20.43, 20.85, 19.84, 20.01]
['2018-10-23', 19.7, 19.98, 19.01, 19.77]
['2018-10-24', 19.73, 19.87, 18.21, 18.31]
['2018-10-25', 18.5, 19.12, 18.4, 18.85]
['2018-10-26', 18.75, 21.18, 18.64, 19.04]
['2018-10-29', 19.24, 19.65, 18.31, 19.03]
['2018-10-30', 18.97, 20.3, 18.45, 19.76]
['2018-10-31', 19.89, 21.34, 19.89, 21.16]
['2018-11-01', 21.18, 21.42, 20.86, 20.96]
['2018-11-02', 20.96, 21.42, 20.6, 21.25]
['2018-11-05', 21.38, 21.38, 19.92, 20.0]
['2018-11-06', 19.89, 20.39, 19.72, 19.79]
['2018-11-07', 19.89, 20.16, 19.67, 19.86]
['2018-11-08', 19.65, 19.95, 19.02, 19.2]
['2018-11-09', 19.3, 20.04, 18.74, 19.24]
['2018-11-12', 19.12, 19.18, 18.16, 18.28]
['2018-11-13', 18.32, 19.52, 17.68, 17.75]
['2018-11-14', 16.37, 16.37, 13.5, 13.73]
['2018-11-15', 13.68, 14.83, 13.51, 13.66]
['2018-11-16', 13.79, 15.03, 13.66, 14.65]
['2018-11-19', 14.31, 14.44, 13.59, 14.03]
['2018-11-20', 13.81, 14.67, 13.09, 14.05]
['2018-11-21', 14.06, 15.4, 13.93, 15.2]
['2018-11-23', 15.16, 15.4, 14.4, 14.79]
['2018-11-26', 14.92, 15.29, 14.72, 15.0]
['2018-11-27', 14.99, 15.86, 14.0, 14.51]
['2018-11-28', 14.32, 14.98, 14.32, 14.8]
['2018-11-29', 14.65, 15.18, 14.25, 14.36]
['2018-11-30', 14.17, 14.4, 14.0, 14.38]
['2018-12-03', 14.53, 14.72, 14.0, 14.5]
['2018-12-04', 14.5, 14.58, 14.0, 14.03]
['2018-12-06', 13.92, 14.35, 13.41, 14.03]
['2018-12-07', 13.94, 14.11, 13.09, 13.51]
['2018-12-10', 13.5, 14.24, 13.3, 13.49]
['2018-12-11', 13.65, 13.78, 13.05, 13.43]
['2018-12-12', 13.44, 13.87, 12.66, 12.71]
['2018-12-13', 12.85, 13.19, 12.31, 12.92]
['2018-12-14', 12.66, 13.95, 12.51, 13.53]
['2018-12-17', 13.63, 13.63, 12.24, 12.34]
['2018-12-18', 12.34, 12.42, 11.75, 11.87]
['2018-12-19', 11.78, 12.14, 11.16, 11.25]
['2018-12-20', 11.12, 11.46, 10.19, 10.85]
['2018-12-21', 10.93, 11.27, 10.3, 10.4]
['2018-12-24', 10.21, 10.64, 10.09, 10.5]
['2018-12-26', 10.31, 11.35, 10.31, 11.29]
['2018-12-27', 11.3, 11.65, 10.95, 11.55]
['2018-12-28', 11.3, 11.41, 10.54, 10.62]
['2018-12-31', 10.5, 11.2, 9.8, 10.83]
['2019-01-02', 10.62, 11.15, 10.3, 10.86]
['2019-01-03', 10.71, 11.25, 10.5, 10.85]
['2019-01-04', 10.84, 11.22, 10.61, 11.13]
['2019-01-07', 11.14, 12.05, 11.01, 11.65]
['2019-01-08', 11.75, 12.03, 11.16, 11.84]
['2019-01-09', 11.91, 12.29, 11.65, 12.09]
['2019-01-10', 12.2, 12.88, 11.78, 12.7]
['2019-01-11', 12.96, 14.13, 12.66, 13.43]
['2019-01-14', 14.5, 15.38, 13.92, 15.0]
['2019-01-15', 16.0, 18.08, 15.78, 16.37]
['2019-01-16', 16.48, 19.07, 16.48, 18.18]
['2019-01-17', 17.83, 18.29, 17.06, 17.58]
['2019-01-18', 17.69, 17.69, 16.2, 17.44]
['2019-01-22', 17.46, 17.58, 16.44, 16.7]
['2019-01-23', 16.69, 17.04, 16.38, 16.7]
['2019-01-24', 16.75, 17.16, 16.72, 16.94]
['2019-01-25', 17.14, 17.72, 16.89, 17.64]
['2019-01-28', 17.57, 18.34, 16.95, 18.29]
['2019-01-29', 18.31, 18.42, 17.65, 18.14]
['2019-01-30', 17.68, 17.95, 16.37, 17.35]
['2019-01-31', 17.31, 17.73, 17.04, 17.49]
['2019-02-01', 17.52, 17.85, 17.3, 17.59]
['2019-02-04', 17.52, 17.52, 16.07, 16.38]
['2019-02-05', 16.32, 16.75, 16.16, 16.56]
['2019-02-06', 16.53, 16.86, 15.87, 16.8]
['2019-02-07', 16.4, 16.88, 15.53, 16.47]
['2019-02-08', 16.46, 16.74, 16.21, 16.43]
['2019-02-11', 16.49, 16.77, 16.23, 16.63]
['2019-02-12', 16.64, 17.2, 16.54, 17.15]
['2019-02-13', 17.31, 17.33, 16.63, 17.3]
['2019-02-14', 17.26, 17.31, 16.83, 17.14]
['2019-02-15', 17.16, 17.31, 16.82, 17.22]
['2019-02-19', 17.31, 18.32, 17.05, 18.0]
['2019-02-20', 18.16, 18.88, 18.0, 18.47]
['2019-02-21', 18.46, 18.46, 17.86, 18.31]
['2019-02-22', 18.36, 18.78, 18.0, 18.53]
['2019-02-25', 18.68, 18.8, 18.35, 18.35]
['2019-02-26', 18.35, 18.49, 17.59, 17.68]
['2019-02-27', 17.6, 18.27, 17.35, 17.69]
['2019-02-28', 17.75, 17.82, 17.26, 17.62]
['2019-03-01', 17.82, 19.98, 17.82, 19.24]
['2019-03-04', 19.53, 19.64, 17.21, 18.11]
['2019-03-05', 18.11, 18.77, 17.93, 18.41]
['2019-03-06', 17.0, 17.67, 16.5, 17.09]
['2019-03-07', 17.18, 17.39, 16.41, 16.51]
['2019-03-08', 16.22, 16.68, 15.59, 16.0]
['2019-03-11', 16.08, 16.35, 15.67, 16.19]
['2019-03-12', 16.28, 16.5, 15.7, 15.91]
['2019-03-13', 15.97, 16.07, 15.34, 15.51]
['2019-03-14', 15.44, 15.77, 15.16, 15.51]
['2019-03-15', 15.54, 15.84, 15.26, 15.55]
['2019-03-18', 15.56, 15.83, 15.5, 15.69]
['2019-03-19', 15.68, 15.92, 15.44, 15.65]
['2019-03-20', 15.63, 16.41, 15.45, 16.0]
['2019-03-21', 15.92, 16.36, 15.7, 16.13]
['2019-03-22', 16.09, 16.09, 15.1, 15.35]
['2019-03-25', 15.36, 15.82, 15.14, 15.78]
['2019-03-26', 15.94, 16.1, 15.67, 15.8]
['2019-03-27', 15.86, 16.05, 15.38, 15.99]
['2019-03-28', 16.02, 16.93, 16.02, 16.52]
['2019-03-29', 16.53, 16.97, 16.4, 16.54]
['2019-04-01', 16.73, 17.14, 16.46, 17.05]
['2019-04-02', 17.04, 17.21, 16.61, 17.09]
['2019-04-03', 17.23, 17.23, 16.59, 16.74]
['2019-04-04', 16.83, 16.86, 16.47, 16.8]
['2019-04-05', 16.88, 17.1, 16.56, 16.82]
['2019-04-08', 16.77, 16.93, 16.2, 16.28]
['2019-04-09', 16.23, 16.23, 15.89, 15.95]
['2019-04-10', 15.57, 15.98, 15.03, 15.72]
['2019-04-11', 15.77, 15.8, 15.25, 15.7]
['2019-04-12', 15.88, 15.88, 15.38, 15.49]
['2019-04-15', 15.44, 15.84, 15.13, 15.3]
['2019-04-16', 15.39, 15.63, 15.3, 15.51]
['2019-04-17', 15.61, 15.65, 14.89, 14.89]
['2019-04-18', 14.88, 14.98, 14.14, 14.75]
['2019-04-22', 14.71, 14.76, 14.43, 14.58]
['2019-04-23', 14.61, 15.06, 14.53, 14.89]
['2019-04-24', 14.88, 15.0, 14.55, 14.93]
['2019-04-25', 14.88, 15.12, 14.72, 14.98]
['2019-04-26', 14.98, 15.12, 14.84, 15.05]
['2019-04-29', 15.13, 15.38, 14.96, 15.12]
['2019-04-30', 15.11, 15.64, 15.02, 15.6]
['2019-05-01', 15.57, 15.96, 15.48, 15.61]
['2019-05-02', 15.52, 15.98, 15.46, 15.8]
['2019-05-03', 15.87, 17.0, 15.87, 16.96]
['2019-05-06', 16.65, 17.47, 15.64, 17.39]
['2019-05-07', 17.17, 17.39, 17.05, 17.12]
['2019-05-08', 17.12, 17.69, 16.59, 17.58]
['2019-05-09', 17.41, 17.44, 16.81, 16.87]
['2019-05-10', 16.51, 22.0, 16.51, 21.25]
['2019-05-13', 20.34, 21.42, 20.22, 21.0]
['2019-05-14', 20.64, 20.96, 20.08, 20.18]
['2019-05-15', 20.05, 20.45, 19.73, 20.07]
['2019-05-16', 20.1, 20.89, 19.88, 20.1]
['2019-05-17', 19.71, 19.99, 19.44, 19.78]
['2019-05-20', 19.54, 20.47, 19.21, 20.38]
['2019-05-21', 20.46, 21.67, 20.46, 21.41]
['2019-05-22', 21.46, 21.81, 21.16, 21.8]
['2019-05-23', 21.54, 21.84, 21.16, 21.79]
['2019-05-24', 21.79, 22.75, 21.69, 22.5]
['2019-05-28', 22.5, 23.57, 22.35, 23.55]
['2019-05-29', 23.52, 23.55, 22.8, 23.07]
['2019-05-30', 23.18, 23.71, 23.1, 23.15]
['2019-05-31', 22.95, 23.15, 22.22, 22.95]
['2019-06-03', 23.0, 23.35, 22.74, 23.01]
['2019-06-04', 23.24, 23.5, 22.91, 23.26]
['2019-06-05', 23.36, 25.4, 23.15, 24.99]
['2019-06-06', 24.98, 25.48, 24.43, 24.49]
['2019-06-07', 24.78, 25.97, 24.51, 25.86]
['2019-06-10', 26.0, 26.47, 25.45, 25.55]
['2019-06-11', 25.63, 26.03, 24.92, 25.09]
['2019-06-12', 25.09, 25.4, 24.74, 25.05]
['2019-06-13', 25.17, 25.76, 24.72, 25.67]
['2019-06-14', 25.74, 25.78, 24.9, 25.17]
['2019-06-17', 25.2, 25.69, 24.89, 25.01]
['2019-06-18', 25.19, 25.28, 24.86, 24.93]
['2019-06-19', 24.87, 25.11, 24.11, 24.44]
['2019-06-20', 24.66, 24.92, 23.86, 24.01]
['2019-06-21', 23.74, 23.93, 22.7, 23.86]
['2019-06-24', 23.77, 24.3, 23.56, 23.87]
['2019-06-25', 23.91, 24.57, 23.5, 23.61]
['2019-06-26', 23.61, 23.8, 23.5, 23.54]
['2019-06-27', 23.6, 24.61, 23.5, 24.59]
['2019-06-28', 24.5, 26.1, 24.35, 25.98]
['2019-07-01', 26.98, 29.24, 26.5, 28.51]
['2019-07-02', 28.86, 30.07, 27.9, 29.79]
['2019-07-03', 29.8, 30.38, 29.25, 29.5]
['2019-07-05', 29.47, 29.87, 28.76, 29.58]
['2019-07-08', 29.34, 29.38, 28.8, 28.89]
['2019-07-09', 28.75, 29.19, 28.48, 28.71]
['2019-07-10', 28.96, 29.49, 28.19, 28.25]
['2019-07-11', 28.24, 28.48, 27.74, 27.97]
['2019-07-12', 28.07, 28.42, 27.7, 28.04]
['2019-07-15', 28.14, 28.45, 27.28, 27.65]
['2019-07-16', 27.55, 28.29, 27.18, 27.65]
['2019-07-17', 27.71, 27.83, 27.12, 27.6]
['2019-07-18', 27.62, 28.28, 27.07, 27.95]
['2019-07-19', 27.9, 28.61, 27.41, 27.7]
['2019-07-22', 27.75, 27.8, 26.23, 27.63]
['2019-07-23', 27.75, 28.61, 27.44, 28.25]
['2019-07-24', 28.57, 29.8, 28.29, 29.76]
['2019-07-25', 29.28, 29.66, 28.15, 28.51]
['2019-07-26', 28.7, 29.2, 27.92, 29.06]
['2019-07-29', 28.95, 29.3, 28.23, 29.15]
['2019-07-30', 28.87, 29.72, 28.45, 29.11]
['2019-07-31', 29.2, 29.98, 27.78, 28.4]
['2019-08-01', 28.57, 29.43, 28.34, 28.53]
['2019-08-02', 28.36, 28.69, 27.94, 28.28]
['2019-08-05', 27.68, 28.0, 27.06, 27.29]
['2019-08-06', 27.34, 27.97, 26.56, 27.19]
['2019-08-07', 26.86, 27.52, 26.07, 27.41]
['2019-08-08', 29.34, 33.66, 29.33, 32.94]
['2019-08-09', 32.16, 34.3, 32.06, 32.9]
['2019-08-12', 33.39, 33.39, 31.1, 31.54]
['2019-08-13', 31.51, 34.16, 31.31, 34.01]
['2019-08-14', 33.86, 34.2, 32.61, 33.93]
['2019-08-15', 33.93, 34.07, 32.54, 33.26]
['2019-08-16', 33.43, 34.64, 33.28, 33.98]
['2019-08-19', 34.46, 34.46, 31.97, 32.63]
['2019-08-20', 32.57, 33.43, 31.77, 32.5]
['2019-08-21', 32.97, 33.99, 32.05, 32.53]
['2019-08-22', 32.89, 32.89, 30.99, 32.41]
['2019-08-23', 32.35, 33.74, 31.75, 33.37]
['2019-08-26', 33.8, 34.73, 32.87, 34.48]
['2019-08-27', 34.8, 36.51, 34.71, 36.2]
['2019-08-28', 36.3, 37.92, 36.14, 36.92]
['2019-08-29', 37.17, 38.45, 37.08, 37.25]
['2019-08-30', 37.52, 38.36, 36.99, 37.57]
['2019-09-03', 37.56, 37.81, 36.03, 36.35]
['2019-09-04', 36.81, 37.07, 34.65, 35.44]
['2019-09-05', 35.64, 37.69, 35.33, 37.49]
['2019-09-06', 37.45, 38.49, 37.45, 38.31]
['2019-09-09', 38.64, 39.62, 38.0, 38.27]
['2019-09-10', 36.35, 36.59, 33.81, 34.15]
['2019-09-11', 35.47, 37.96, 34.4, 37.42]
['2019-09-12', 37.98, 39.11, 37.35, 37.47]
['2019-09-13', 37.26, 38.07, 34.77, 35.42]
['2019-09-16', 35.22, 35.35, 33.64, 33.91]
['2019-09-17', 34.36, 34.65, 33.31, 34.42]
['2019-09-18', 34.45, 34.58, 33.18, 34.1]
['2019-09-19', 34.13, 36.39, 33.95, 35.51]
['2019-09-20', 35.41, 36.3, 35.25, 36.1]
['2019-09-23', 36.16, 36.96, 35.31, 35.79]
['2019-09-24', 35.93, 36.45, 33.07, 33.37]
['2019-09-25', 33.24, 33.65, 31.72, 33.26]
['2019-09-26', 33.29, 34.2, 32.47, 33.27]
['2019-09-27', 33.37, 34.62, 33.12, 33.4]
['2019-09-30', 33.41, 34.22, 32.6, 33.52]
['2019-10-01', 33.97, 34.38, 32.86, 33.87]
['2019-10-02', 33.59, 35.05, 33.25, 34.77]
['2019-10-03', 34.77, 35.1, 34.06, 34.63]
['2019-10-04', 34.65, 35.45, 33.08, 33.44]
['2019-10-07', 33.3, 34.08, 32.57, 33.73]
['2019-10-08', 33.41, 33.64, 32.58, 33.02]
['2019-10-09', 33.15, 33.99, 32.83, 33.78]
['2019-10-10', 34.31, 35.77, 34.11, 34.78]
['2019-10-11', 35.27, 37.5, 34.93, 36.98]
['2019-10-14', 37.0, 37.2, 36.09, 37.1]
['2019-10-15', 37.15, 39.13, 36.99, 38.25]
['2019-10-16', 38.16, 39.23, 37.28, 38.77]
['2019-10-17', 38.88, 39.83, 38.3, 38.85]
['2019-10-18', 38.97, 39.25, 37.16, 38.12]
['2019-10-21', 38.15, 38.71, 37.4, 37.95]
['2019-10-22', 37.95, 38.15, 36.75, 37.08]
['2019-10-23', 37.22, 38.78, 36.84, 37.06]
['2019-10-24', 37.16, 37.76, 36.87, 37.19]
['2019-10-25', 37.02, 38.42, 36.68, 38.1]
['2019-10-28', 38.58, 39.0, 37.43, 38.27]
['2019-10-29', 38.26, 41.16, 37.83, 39.6]
['2019-10-30', 39.74, 40.62, 38.46, 40.6]
['2019-10-31', 40.52, 42.19, 39.28, 41.91]
['2019-11-01', 42.07, 42.07, 40.73, 41.45]
['2019-11-04', 41.88, 42.0, 40.54, 41.0]
['2019-11-05', 41.11, 41.45, 39.7, 40.67]
['2019-11-06', 40.59, 41.94, 40.05, 41.69]
['2019-11-07', 41.87, 41.95, 39.9, 40.0]
['2019-11-08', 39.95, 40.93, 39.79, 40.01]
['2019-11-11', 40.1, 40.54, 39.11, 39.64]
['2019-11-12', 39.79, 40.54, 39.27, 39.85]
['2019-11-13', 47.65, 57.51, 47.62, 56.94]
['2019-11-14', 55.19, 58.46, 51.99, 58.45]
['2019-11-15', 57.47, 58.0, 53.15, 56.66]
['2019-11-18', 56.25, 57.77, 54.66, 54.95]
['2019-11-19', 55.01, 59.59, 54.76, 59.03]
['2019-11-20', 58.7, 59.48, 57.63, 59.36]
['2019-11-21', 59.27, 59.92, 54.65, 56.45]
['2019-11-22', 56.5, 58.27, 56.17, 57.84]
['2019-11-25', 56.38, 57.93, 54.75, 54.78]
['2019-11-26', 55.24, 57.21, 54.52, 56.69]
['2019-11-27', 56.75, 58.06, 56.08, 56.62]
['2019-11-29', 56.78, 57.27, 55.86, 56.05]
['2019-12-02', 55.94, 60.0, 55.94, 58.91]
['2019-12-03', 58.89, 61.98, 57.19, 61.72]
['2019-12-04', 61.99, 64.42, 60.82, 63.94]
['2019-12-05', 63.96, 65.43, 62.26, 63.7]
['2019-12-06', 63.97, 64.55, 61.14, 61.35]
['2019-12-09', 59.53, 59.62, 56.48, 59.22]
['2019-12-10', 58.78, 59.54, 57.0, 58.34]
['2019-12-11', 58.3, 58.3, 57.0, 57.69]
['2019-12-12', 57.54, 59.0, 56.49, 57.25]
['2019-12-13', 56.68, 57.81, 54.02, 56.99]
['2019-12-16', 57.0, 59.22, 57.0, 58.95]
['2019-12-17', 58.81, 59.31, 54.96, 58.52]
['2019-12-18', 58.5, 59.89, 58.22, 58.84]
['2019-12-19', 58.55, 59.73, 58.49, 59.6]
['2019-12-20', 59.8, 61.68, 58.81, 61.24]
['2019-12-23', 61.44, 61.8, 60.26, 61.22]
['2019-12-24', 61.37, 62.62, 61.02, 62.45]
['2019-12-26', 62.94, 65.25, 62.59, 64.28]
['2019-12-27', 64.48, 65.08, 62.23, 64.96]
['2019-12-30', 64.88, 64.96, 60.59, 61.51]
['2019-12-31', 61.45, 63.24, 61.45, 62.86]
['2020-01-02', 63.22, 64.27, 59.49, 62.09]
['2020-01-03', 61.7, 64.46, 60.95, 63.3]
['2020-01-06', 62.91, 64.23, 62.29, 63.53]
['2020-01-07', 63.84, 67.26, 63.13, 66.66]
['2020-01-08', 66.61, 67.99, 66.02, 67.09]
['2020-01-09', 67.65, 69.58, 67.14, 68.87]
['2020-01-10', 69.25, 69.33, 67.53, 68.23]
['2020-01-13', 75.08, 85.51, 73.84, 85.05]
['2020-01-14', 86.54, 90.5, 83.25, 87.73]
['2020-01-15', 85.02, 86.1, 81.11, 82.99]
['2020-01-16', 83.11, 85.13, 82.79, 83.95]
['2020-01-17', 84.86, 84.99, 81.56, 83.5]
['2020-01-21', 83.5, 89.13, 83.13, 86.07]
['2020-01-22', 86.38, 88.0, 85.94, 87.3]
['2020-01-23', 87.24, 87.88, 85.72, 86.82]
['2020-01-24', 87.2, 88.41, 86.13, 88.0]
['2020-01-27', 86.67, 88.07, 83.43, 84.18]
['2020-01-28', 84.73, 86.61, 84.35, 85.46]
['2020-01-29', 85.52, 86.54, 83.2, 85.7]
['2020-01-30', 84.33, 86.39, 81.45, 84.66]
['2020-01-31', 84.78, 85.42, 83.35, 83.92]
['2020-02-03', 84.23, 85.19, 83.35, 84.94]
['2020-02-04', 85.71, 87.18, 83.49, 86.57]
['2020-02-05', 87.44, 88.49, 84.53, 85.52]
['2020-02-06', 85.89, 94.04, 84.86, 92.97]
['2020-02-07', 92.89, 94.62, 91.14, 93.63]
['2020-02-10', 93.58, 98.89, 93.2, 97.77]
['2020-02-11', 98.76, 98.87, 92.61, 93.52]
['2020-02-12', 94.3, 95.16, 89.15, 93.69]
['2020-02-13', 91.7, 95.41, 91.35, 93.07]
['2020-02-14', 93.2, 98.5, 93.2, 98.16]
['2020-02-18', 98.12, 107.5, 98.0, 102.66]
['2020-02-19', 103.91, 106.68, 102.87, 102.99]
['2020-02-20', 102.98, 102.98, 95.31, 98.88]
['2020-02-21', 98.44, 98.44, 93.76, 95.87]
['2020-02-24', 90.0, 92.4, 87.43, 91.24]
['2020-02-25', 92.55, 93.8, 82.62, 84.97]
['2020-02-26', 83.87, 87.0, 82.5, 83.88]
['2020-02-27', 81.41, 82.5, 78.05, 80.23]
['2020-02-28', 78.57, 80.09, 74.26, 79.39]
['2020-03-02', 80.11, 86.15, 77.14, 85.73]
['2020-03-03', 86.6, 88.2, 83.74, 86.2]
['2020-03-04', 60.46, 62.0, 53.11, 54.55]
['2020-03-05', 53.53, 56.74, 51.13, 52.86]
['2020-03-06', 51.87, 52.0, 47.39, 48.25]
['2020-03-09', 42.07, 47.49, 41.0, 42.35]
['2020-03-10', 43.66, 45.99, 42.98, 45.42]
['2020-03-11', 44.47, 48.64, 44.2, 45.83]
['2020-03-12', 39.04, 46.53, 38.08, 43.48]
['2020-03-13', 46.29, 50.96, 43.52, 50.89]
['2020-03-16', 44.45, 45.12, 38.31, 43.68]
['2020-03-17', 44.57, 48.34, 42.0, 44.42]
['2020-03-18', 42.76, 42.95, 27.33, 29.9]
['2020-03-19', 30.51, 33.32, 28.5, 30.53]
['2020-03-20', 32.5, 34.69, 29.01, 30.39]
['2020-03-23', 30.52, 31.03, 27.42, 29.49]
['2020-03-24', 31.2, 40.63, 31.2, 39.51]
['2020-03-25', 40.49, 44.84, 38.62, 41.64]
['2020-03-26', 42.31, 46.74, 42.26, 42.88]
['2020-03-27', 41.0, 41.93, 36.95, 37.0]
['2020-03-30', 37.11, 38.5, 35.76, 36.39]
['2020-03-31', 36.05, 36.97, 34.7, 34.96]
['2020-04-01', 33.33, 33.5, 31.71, 32.47]
['2020-04-02', 32.53, 32.8, 30.25, 30.63]
['2020-04-03', 30.95, 31.3, 28.57, 29.72]
['2020-04-06', 31.81, 38.13, 31.51, 37.51]
['2020-04-07', 39.23, 42.91, 37.02, 38.36]
['2020-04-08', 40.0, 44.63, 39.41, 42.89]
['2020-04-09', 45.4, 47.93, 43.03, 43.68]
['2020-04-13', 41.02, 42.9, 40.02, 42.07]
['2020-04-14', 43.75, 47.44, 43.47, 46.21]
['2020-04-15', 43.93, 44.51, 41.72, 43.25]
['2020-04-16', 43.94, 44.52, 42.0, 44.05]
['2020-04-17', 47.71, 48.5, 45.03, 46.44]
['2020-04-20', 45.29, 46.92, 44.01, 44.37]
['2020-04-21', 40.55, 42.29, 38.0, 39.84]
['2020-04-22', 41.01, 41.86, 39.58, 40.82]
['2020-04-23', 41.39, 43.42, 40.19, 41.72]
['2020-04-24', 42.26, 42.75, 39.52, 42.36]
['2020-04-27', 43.0, 46.42, 42.5, 43.23]
['2020-04-28', 44.51, 47.42, 44.2, 46.94]
['2020-04-29', 47.95, 50.0, 46.65, 48.81]
['2020-04-30', 48.5, 48.5, 44.44, 44.95]
['2020-05-01', 44.13, 45.43, 42.41, 44.76]
['2020-05-04', 43.78, 45.08, 42.14, 44.18]
['2020-05-05', 45.42, 48.1, 45.16, 46.1]
['2020-05-06', 46.5, 47.22, 45.09, 46.43]
['2020-05-07', 46.9, 50.99, 45.51, 48.71]
['2020-05-08', 49.4, 50.84, 49.0, 50.66]
['2020-05-11', 52.2, 52.2, 47.26, 47.82]
['2020-05-12', 54.99, 63.4, 53.5, 57.23]
['2020-05-13', 58.11, 58.11, 48.58, 49.51]
['2020-05-14', 49.0, 52.19, 45.63, 51.49]
['2020-05-15', 51.37, 56.86, 51.15, 55.19]
