['2015-06-25', 31.4085, 32.2036, 30.2953, 31.0109]
['2015-06-26', 31.0109, 31.0109, 29.7387, 30.3748]
['2015-06-29', 28.1484, 30.6133, 28.1484, 30.1124]
['2015-06-30', 26.8761, 30.6133, 24.0136, 25.0791]
['2015-07-01', 25.588, 26.3752, 25.2063, 25.2063]
['2015-07-02', 25.2063, 25.4448, 25.0393, 25.3097]
['2015-07-06', 25.3653, 25.3653, 24.8087, 25.254]
['2015-07-07', 25.0473, 25.2858, 24.8087, 25.1268]
['2015-07-08', 24.8087, 25.1665, 24.7292, 24.9996]
['2015-07-09', 25.2222, 25.2222, 24.4589, 24.5702]
['2015-07-10', 24.4907, 25.1268, 24.4907, 25.0473]
['2015-07-13', 30.1362, 30.1362, 24.4907, 24.8962]
['2015-07-14', 25.0473, 25.0473, 24.0136, 24.0136]
['2015-07-15', 24.0136, 24.3316, 24.0136, 24.2521]
['2015-07-16', 24.936, 27.8303, 24.0931, 25.6913]
['2015-07-17', 25.1268, 26.9556, 24.4907, 25.8424]
['2015-07-20', 24.7292, 25.6436, 23.5365, 23.608]
['2015-07-21', 23.6955, 23.6955, 23.2184, 23.2184]
['2015-07-22', 23.2184, 23.5524, 21.3101, 21.5486]
['2015-07-23', 21.477, 23.5365, 21.4691, 22.9799]
['2015-07-24', 22.6618, 22.6618, 21.8667, 22.5187]
['2015-07-27', 21.6838, 23.1389, 21.6838, 23.1389]
['2015-07-28', 22.9004, 23.1866, 22.2563, 22.2563]
['2015-07-29', 21.4691, 22.9799, 21.4691, 21.9462]
['2015-07-30', 24.3316, 25.6198, 22.7413, 22.9004]
['2015-07-31', 22.6618, 23.2979, 22.6618, 22.9799]
['2015-08-03', 22.4233, 23.0594, 21.4691, 21.8667]
['2015-08-04', 21.4691, 22.9799, 20.6739, 20.9125]
['2015-08-05', 22.6618, 22.6618, 20.7535, 21.0715]
['2015-08-06', 22.1847, 23.0594, 22.1847, 22.3438]
['2015-08-07', 22.5744, 22.5744, 22.5744, 22.5744]
['2015-08-10', 22.9719, 23.2184, 22.5028, 23.2184]
['2015-08-11', 22.2642, 22.6618, 22.2642, 22.463]
['2015-08-12', 22.3438, 22.3438, 19.9583, 20.2764]
['2015-08-13', 20.2764, 21.2305, 19.8788, 19.9583]
['2015-08-14', 19.4017, 22.8208, 18.6861, 20.3956]
['2015-08-17', 21.4691, 21.6281, 19.0836, 19.7198]
['2015-08-18', 20.1173, 20.5944, 19.4017, 19.8788]
['2015-08-19', 20.2764, 21.0397, 20.1173, 20.1173]
['2015-08-20', 20.0378, 20.1968, 19.2427, 19.2427]
['2015-08-21', 18.8451, 21.8667, 18.8451, 19.6402]
['2015-08-24', 18.9246, 22.0893, 17.7319, 17.7319]
['2015-08-25', 18.527, 19.0041, 17.9704, 18.2885]
['2015-08-26', 18.209, 18.209, 17.5728, 18.0658]
['2015-08-27', 18.9405, 18.9405, 18.1295, 18.6861]
['2015-08-28', 18.9246, 19.7993, 18.2885, 19.1632]
['2015-08-31', 19.4017, 19.4017, 17.6524, 18.0499]
['2015-09-01', 21.8667, 21.978, 18.6861, 19.4812]
['2015-09-02', 19.0836, 19.0836, 17.9784, 19.0836]
['2015-09-03', 19.0836, 19.7993, 18.7656, 19.6402]
['2015-09-04', 20.4195, 20.4195, 19.2427, 19.7993]
['2015-09-08', 19.8788, 20.5944, 19.2427, 20.4354]
['2015-09-09', 20.4354, 22.8208, 20.3559, 22.8208]
['2015-09-10', 23.457, 29.1821, 22.2245, 26.7171]
['2015-09-11', 26.9556, 29.9772, 26.24, 29.5001]
['2015-09-14', 31.8061, 41.2684, 31.0109, 34.5891]
['2015-09-15', 34.5891, 34.5891, 24.3316, 31.0109]
['2015-09-16', 31.4085, 32.2036, 29.1025, 31.0109]
['2015-09-17', 29.8977, 31.0109, 26.4785, 30.7724]
['2015-09-18', 28.864, 30.5338, 25.0473, 25.0473]
['2015-09-21', 28.9435, 29.2616, 26.6535, 27.7508]
['2015-09-22', 25.8424, 39.2805, 24.7292, 34.4301]
['2015-09-23', 30.3748, 31.4085, 27.3532, 28.705]
['2015-09-24', 27.9098, 29.4047, 26.6376, 27.5122]
['2015-09-25', 27.8303, 29.023, 26.7171, 28.1484]
['2015-09-28', 28.1484, 31.4085, 27.3532, 28.3869]
['2015-09-29', 28.6255, 30.1362, 27.1942, 28.0688]
['2015-09-30', 28.7447, 28.9435, 26.5183, 27.2737]
['2015-10-01', 27.1306, 27.8303, 26.3195, 26.399]
['2015-10-02', 26.0015, 26.7171, 25.6198, 26.3195]
['2015-10-05', 26.0015, 26.081, 22.3438, 22.8208]
['2015-10-06', 22.8208, 23.0594, 21.3101, 21.3101]
['2015-10-07', 21.3896, 23.616, 21.3896, 22.2642]
['2015-10-08', 22.0257, 23.3775, 22.0257, 22.5028]
['2015-10-09', 22.5823, 23.0594, 21.6202, 21.8667]
['2015-10-12', 21.3896, 22.1847, 20.9045, 20.992]
['2015-10-13', 20.992, 22.2642, 20.1571, 20.5149]
['2015-10-14', 20.833, 22.5823, 20.3559, 21.7076]
['2015-10-15', 22.1847, 22.5744, 21.4691, 22.1847]
['2015-10-16', 22.1847, 22.6618, 21.4691, 21.5486]
['2015-10-19', 22.6618, 22.6618, 21.4691, 21.4691]
['2015-10-20', 24.6497, 24.6497, 21.3101, 21.3101]
['2015-10-21', 21.0715, 22.0973, 21.0715, 21.5486]
['2015-10-22', 21.7872, 21.7872, 21.1113, 21.151]
['2015-10-23', 21.9462, 21.9462, 21.1669, 21.4691]
['2015-10-26', 20.5149, 21.2305, 20.4274, 21.0715]
['2015-10-27', 19.9583, 20.9125, 19.8788, 20.2764]
['2015-10-28', 21.7872, 21.9462, 20.6739, 20.7535]
['2015-10-29', 20.833, 22.5823, 20.6739, 21.3896]
['2015-10-30', 21.0715, 22.0655, 20.2764, 21.2305]
['2015-11-02', 21.2305, 21.7076, 21.151, 21.4691]
['2015-11-03', 21.2305, 21.5645, 20.7535, 21.3101]
['2015-11-04', 21.2305, 21.2305, 20.7535, 21.2305]
['2015-11-05', 21.4373, 21.8667, 20.9125, 21.2305]
['2015-11-06', 20.992, 21.8667, 20.833, 20.9125]
['2015-11-09', 21.5486, 21.5486, 20.5944, 20.992]
['2015-11-10', 20.7057, 20.992, 20.5149, 20.9125]
['2015-11-11', 20.9125, 21.0636, 20.4354, 20.5149]
['2015-11-12', 20.4354, 21.0715, 20.1173, 21.0715]
['2015-11-13', 20.5149, 20.6739, 19.9583, 20.0378]
['2015-11-16', 20.2764, 20.2764, 18.6861, 19.3222]
['2015-11-17', 18.9246, 19.7198, 18.9246, 19.4017]
['2015-11-18', 19.0041, 19.4653, 18.368, 18.7656]
['2015-11-19', 19.4812, 19.8788, 18.527, 19.2427]
['2015-11-20', 19.4812, 22.2642, 19.2427, 20.5944]
['2015-11-23', 20.992, 21.7633, 20.992, 21.2305]
['2015-11-24', 21.2305, 21.2305, 20.1571, 20.833]
['2015-11-25', 20.9125, 20.9125, 20.3082, 20.5149]
['2015-11-27', 20.833, 20.833, 20.5149, 20.6739]
['2015-11-30', 20.6739, 21.7872, 20.5149, 21.2305]
['2015-12-01', 21.4691, 22.9799, 21.2305, 22.2642]
['2015-12-02', 22.4233, 23.616, 21.9462, 23.616]
['2015-12-03', 24.0931, 24.9678, 23.0594, 23.5365]
['2015-12-04', 23.9341, 27.5918, 23.5365, 26.5581]
['2015-12-07', 27.1942, 29.7387, 26.5581, 27.3532]
['2015-12-08', 26.9556, 27.4327, 26.3195, 26.7171]
['2015-12-09', 25.9219, 26.4785, 25.4448, 25.7232]
['2015-12-10', 25.9219, 26.4785, 24.3316, 24.4112]
['2015-12-11', 25.8424, 25.8742, 24.4112, 24.5702]
['2015-12-14', 24.5702, 26.4388, 23.2979, 23.8545]
['2015-12-15', 23.9977, 24.3555, 23.0594, 23.8545]
['2015-12-16', 24.6497, 24.9916, 23.8545, 23.9341]
['2015-12-17', 23.8545, 26.1605, 23.8545, 25.4448]
['2015-12-18', 25.7629, 25.7629, 23.0594, 23.775]
['2015-12-21', 23.9341, 24.5702, 21.8667, 22.5823]
['2015-12-22', 22.3438, 22.4789, 20.6739, 20.833]
['2015-12-23', 21.3101, 22.4074, 21.3101, 21.6281]
['2015-12-24', 21.4691, 22.7334, 20.833, 21.6281]
['2015-12-28', 21.8667, 22.1291, 20.7535, 20.7535]
['2015-12-29', 21.3896, 21.3896, 18.527, 19.195]
['2015-12-30', 19.0041, 19.8788, 19.0041, 19.1632]
['2015-12-31', 19.4812, 19.7198, 18.6065, 18.7656]
['2016-01-04', 20.6739, 22.0257, 19.513, 19.8788]
['2016-01-05', 19.8788, 21.151, 19.8788, 20.6739]
['2016-01-06', 20.2764, 20.6739, 19.8788, 20.1968]
['2016-01-07', 19.8788, 21.3816, 19.0041, 19.7198]
['2016-01-08', 21.3498, 21.3498, 19.7993, 19.8788]
['2016-01-11', 19.8788, 22.6618, 19.8311, 22.6618]
['2016-01-12', 22.9004, 22.9004, 20.833, 21.4691]
['2016-01-13', 20.992, 20.992, 18.2885, 19.0836]
['2016-01-14', 18.6065, 19.4812, 18.527, 19.4812]
['2016-01-15', 18.8451, 19.0836, 17.8114, 17.8114]
['2016-01-19', 17.8909, 18.0499, 16.3801, 17.0958]
['2016-01-20', 17.5728, 17.5728, 16.4596, 17.0162]
['2016-01-21', 21.5804, 21.5804, 17.5728, 18.5191]
['2016-01-22', 19.0598, 19.0836, 18.0499, 18.368]
['2016-01-25', 18.1295, 18.527, 17.8909, 17.8909]
['2016-01-26', 20.6739, 21.0715, 16.9367, 18.1295]
['2016-01-27', 18.2885, 18.2885, 16.7777, 17.3343]
['2016-01-28', 17.3343, 17.4138, 16.0621, 16.6187]
['2016-01-29', 16.4596, 16.5392, 15.903, 16.4596]
['2016-02-01', 16.3881, 17.3343, 16.3881, 17.0162]
['2016-02-02', 17.3343, 17.8193, 16.3801, 17.1753]
['2016-02-03', 17.7955, 17.9466, 16.5392, 17.6524]
['2016-02-04', 17.8512, 17.8512, 16.3801, 16.3801]
['2016-02-05', 16.8572, 17.3343, 16.3801, 16.9367]
['2016-02-08', 16.6982, 16.9367, 16.1416, 16.2211]
['2016-02-09', 16.2211, 16.3006, 14.9488, 15.585]
['2016-02-10', 15.8235, 16.2688, 15.2669, 15.2669]
['2016-02-11', 16.3006, 16.6982, 13.279, 14.0742]
['2016-02-12', 14.0742, 14.3127, 12.4044, 13.112]
['2016-02-16', 13.8356, 18.2487, 12.8815, 16.4596]
['2016-02-17', 17.4933, 18.1295, 15.1874, 18.0499]
['2016-02-18', 18.4475, 18.4475, 15.5134, 18.2885]
['2016-02-19', 17.8114, 20.833, 17.0958, 18.527]
['2016-02-22', 19.1632, 20.6739, 17.8114, 19.4017]
['2016-02-23', 19.7198, 19.7198, 17.1753, 17.7319]
['2016-02-24', 16.9685, 18.9246, 16.7777, 17.7319]
['2016-02-25', 18.1295, 18.5747, 17.4138, 18.0499]
['2016-02-26', 18.209, 18.209, 16.3006, 16.3801]
['2016-02-29', 15.9825, 17.0162, 15.9825, 16.6187]
['2016-03-01', 16.4596, 17.4933, 14.7898, 15.6645]
['2016-03-02', 15.744, 16.6187, 13.6766, 14.0742]
['2016-03-03', 14.1537, 15.5055, 14.1537, 14.9488]
['2016-03-04', 15.3464, 17.3343, 15.3464, 16.6187]
['2016-03-07', 16.6982, 19.5051, 16.5392, 17.9704]
['2016-03-08', 17.8114, 19.4812, 17.8114, 18.6065]
['2016-03-09', 19.0041, 19.0041, 17.5728, 18.209]
['2016-03-10', 18.368, 18.368, 16.7777, 16.8572]
['2016-03-11', 17.3343, 17.3343, 16.7777, 16.9367]
['2016-03-14', 17.0958, 17.0958, 16.4596, 16.6187]
['2016-03-15', 16.3801, 16.6505, 15.903, 16.0621]
['2016-03-16', 16.0064, 16.2211, 15.903, 15.9825]
['2016-03-17', 15.6645, 16.5392, 15.6645, 16.0621]
['2016-03-18', 15.903, 15.903, 14.7103, 14.7103]
['2016-03-21', 14.8693, 15.903, 14.6308, 15.585]
['2016-03-22', 15.6645, 16.8572, 15.585, 16.3801]
['2016-03-23', 16.4278, 16.5392, 15.585, 15.744]
['2016-03-24', 15.8235, 16.4596, 14.7898, 15.903]
['2016-03-28', 15.9825, 16.4596, 15.9825, 16.4596]
['2016-03-29', 16.6187, 16.6982, 16.3006, 16.3801]
['2016-03-30', 16.6982, 16.6982, 16.3006, 16.3006]
['2016-03-31', 16.5392, 16.5392, 16.3006, 16.3006]
['2016-04-01', 16.3006, 17.0958, 15.9825, 16.6982]
['2016-04-04', 17.0958, 19.0041, 17.0958, 18.209]
['2016-04-05', 17.8114, 19.5607, 17.6524, 18.8451]
['2016-04-06', 19.2427, 19.2427, 17.9386, 18.368]
['2016-04-07', 18.209, 18.9246, 17.8909, 18.5509]
['2016-04-08', 18.4475, 18.6861, 15.903, 16.1416]
['2016-04-11', 16.0621, 17.0162, 16.0621, 16.4596]
['2016-04-12', 16.6982, 17.0958, 16.0621, 16.6982]
['2016-04-13', 16.5153, 16.8572, 16.0621, 16.0621]
['2016-04-14', 15.9825, 17.6524, 15.9825, 17.3343]
['2016-04-15', 17.3343, 18.2885, 17.3343, 17.4933]
['2016-04-18', 17.7319, 17.875, 17.1753, 17.3343]
['2016-04-19', 17.1753, 17.3661, 16.7777, 16.8572]
['2016-04-20', 17.1753, 17.1753, 16.1416, 16.3006]
['2016-04-21', 16.1416, 16.9367, 16.1416, 16.4596]
['2016-04-22', 17.2548, 17.3343, 16.5392, 16.6982]
['2016-04-25', 16.9367, 17.1594, 16.6187, 16.9367]
['2016-04-26', 17.0958, 17.4138, 16.7777, 16.8572]
['2016-04-27', 16.8572, 17.3343, 16.8572, 16.8572]
['2016-04-28', 16.9367, 16.9367, 15.903, 15.9825]
['2016-04-29', 15.585, 16.2211, 15.4259, 16.1416]
['2016-05-02', 16.5551, 17.0083, 15.8235, 16.2211]
['2016-05-03', 16.3404, 16.897, 15.903, 16.3006]
['2016-05-04', 16.3006, 17.0958, 16.3006, 17.0958]
['2016-05-05', 17.3343, 17.3343, 16.0223, 16.2211]
['2016-05-06', 15.903, 16.7459, 15.5055, 15.585]
['2016-05-09', 15.6645, 15.8235, 14.6308, 15.2669]
['2016-05-10', 15.6645, 16.2131, 15.0284, 15.1079]
['2016-05-11', 15.1874, 15.9825, 15.1874, 15.1874]
['2016-05-12', 15.4259, 15.5055, 15.1874, 15.2669]
['2016-05-13', 15.4259, 17.2548, 15.4259, 17.0162]
['2016-05-16', 17.2548, 19.3222, 17.1753, 18.6065]
['2016-05-17', 19.8788, 23.775, 19.2427, 19.7993]
['2016-05-18', 20.0378, 20.2764, 17.8114, 18.6065]
['2016-05-19', 18.6065, 19.0836, 15.585, 16.8572]
['2016-05-20', 17.3343, 17.4138, 15.585, 17.3343]
['2016-05-23', 17.8114, 17.8909, 15.585, 16.1416]
['2016-05-24', 15.903, 16.1416, 15.2669, 15.9825]
['2016-05-25', 16.1416, 16.1416, 15.2669, 15.4259]
['2016-05-26', 15.3464, 16.6982, 15.2669, 16.1416]
['2016-05-27', 16.3006, 17.4138, 15.8235, 16.1416]
['2016-05-31', 16.3006, 16.6346, 16.1416, 16.3801]
['2016-06-01', 16.5869, 17.4933, 16.4437, 17.0958]
['2016-06-02', 17.9704, 23.6955, 17.9704, 19.2427]
['2016-06-03', 20.0378, 23.2979, 20.0378, 21.9462]
['2016-06-06', 23.8545, 27.8303, 23.457, 27.1942]
['2016-06-07', 26.5581, 28.864, 24.8087, 26.24]
['2016-06-08', 25.4448, 27.5122, 24.8087, 27.3532]
['2016-06-09', 26.4785, 27.1942, 24.1726, 25.6039]
['2016-06-10', 26.7171, 30.3748, 26.24, 27.8303]
['2016-06-13', 28.3074, 29.8182, 25.1268, 26.24]
['2016-06-14', 25.6039, 27.5122, 25.2858, 27.5122]
['2016-06-15', 26.6376, 28.1404, 26.6376, 27.2737]
['2016-06-16', 27.0352, 27.2737, 26.24, 26.6376]
['2016-06-17', 26.24, 27.4327, 26.24, 26.9556]
['2016-06-20', 26.6376, 27.0352, 25.2858, 25.7629]
['2016-06-21', 25.7629, 25.7629, 23.95, 24.4907]
['2016-06-22', 24.1726, 32.2036, 24.1726, 28.4664]
['2016-06-23', 29.2616, 29.2616, 26.7171, 28.7845]
['2016-06-24', 27.9893, 28.4664, 26.4785, 27.8303]
['2016-06-27', 26.3195, 26.9556, 22.4233, 24.4112]
['2016-06-28', 24.6497, 26.7966, 24.6497, 26.7966]
['2016-06-29', 26.7966, 27.6713, 26.081, 27.5918]
['2016-06-30', 31.8061, 31.8061, 28.7845, 29.3411]
['2016-07-01', 29.9772, 30.1362, 28.6255, 29.5001]
['2016-07-05', 29.5001, 29.5001, 27.1147, 29.5001]
['2016-07-06', 28.6255, 31.4085, 28.3074, 31.2495]
['2016-07-07', 31.488, 31.488, 30.3827, 31.0904]
['2016-07-08', 31.488, 31.488, 29.4206, 30.9314]
['2016-07-11', 31.4085, 34.112, 30.3827, 33.5554]
['2016-07-12', 34.5891, 36.3384, 32.8398, 33.8735]
['2016-07-13', 34.0325, 34.5096, 32.4422, 32.9988]
['2016-07-14', 32.5217, 32.9829, 31.8061, 32.2036]
['2016-07-15', 31.8061, 32.8398, 30.1601, 32.2036]
['2016-07-18', 32.9988, 34.9072, 31.0904, 33.3964]
['2016-07-19', 33.8735, 35.0662, 33.0783, 34.5891]
['2016-07-20', 34.1915, 35.7023, 34.1915, 35.5433]
['2016-07-21', 35.7818, 38.3263, 35.6864, 38.0878]
['2016-07-22', 38.0878, 42.0635, 38.0878, 40.2347]
['2016-07-25', 40.7118, 45.2441, 40.5527, 43.2562]
['2016-07-26', 44.3695, 49.0608, 39.9166, 42.6996]
['2016-07-27', 43.0972, 46.4369, 41.7455, 43.2562]
['2016-07-28', 44.3695, 44.5205, 42.2225, 43.0177]
['2016-07-29', 43.0972, 43.5584, 41.1888, 41.7455]
['2016-08-01', 41.7455, 42.143, 36.4975, 38.8034]
['2016-08-02', 37.9287, 38.1673, 34.5096, 37.6107]
['2016-08-03', 36.3384, 41.0934, 36.0999, 40.3937]
['2016-08-04', 40.1552, 40.2108, 37.7697, 37.8492]
['2016-08-05', 37.8492, 40.3937, 36.4975, 40.3142]
['2016-08-08', 46.1188, 52.4005, 44.9261, 47.3115]
['2016-08-09', 47.073, 47.7886, 43.4948, 44.6875]
['2016-08-10', 44.5285, 45.4668, 42.3895, 45.0851]
['2016-08-11', 45.4827, 46.0393, 43.7333, 45.4827]
['2016-08-12', 45.7212, 45.7212, 44.2184, 45.0851]
['2016-08-15', 45.0851, 45.3554, 42.6996, 42.9382]
['2016-08-16', 41.3479, 42.5327, 36.9745, 37.3721]
['2016-08-17', 37.7697, 41.2684, 37.7697, 40.2347]
['2016-08-18', 40.3937, 41.6659, 39.7576, 41.0298]
['2016-08-19', 40.6322, 40.6322, 37.7697, 38.8829]
['2016-08-22', 37.8492, 38.4217, 36.2589, 36.895]
['2016-08-23', 35.7818, 38.0082, 35.1457, 37.2926]
['2016-08-24', 37.3721, 40.3937, 37.3721, 39.201]
['2016-08-25', 38.8829, 39.2805, 38.3263, 38.3263]
['2016-08-26', 38.5648, 39.2169, 37.8492, 38.1673]
['2016-08-29', 38.1673, 42.4531, 37.7697, 41.1888]
['2016-08-30', 42.4611, 44.8465, 42.0635, 43.5743]
['2016-08-31', 43.5743, 44.767, 39.8371, 40.6322]
['2016-09-01', 40.6322, 41.0298, 39.7576, 40.5527]
['2016-09-02', 39.9961, 40.8628, 38.8034, 38.9624]
['2016-09-06', 38.9624, 39.7576, 37.7697, 38.3263]
['2016-09-07', 38.3263, 38.7954, 32.6807, 33.953]
['2016-09-08', 34.1915, 35.7818, 33.7939, 33.8735]
['2016-09-09', 33.6349, 33.7939, 29.4206, 31.1699]
['2016-09-12', 30.6928, 34.9072, 30.0567, 34.9072]
['2016-09-13', 35.3047, 35.7818, 32.6012, 32.7602]
['2016-09-14', 32.4422, 33.3168, 31.0109, 31.2495]
['2016-09-15', 31.488, 31.5675, 30.2953, 30.3748]
['2016-09-16', 30.3748, 32.2036, 29.8977, 30.9314]
['2016-09-19', 30.4543, 33.2373, 30.4543, 32.4422]
['2016-09-20', 32.1241, 32.6728, 31.5675, 32.3627]
['2016-09-21', 32.0446, 32.5217, 31.2574, 31.7265]
['2016-09-22', 32.2036, 33.3089, 31.5675, 32.6012]
['2016-09-23', 32.5217, 32.9193, 30.8519, 30.8519]
['2016-09-26', 31.2495, 31.6868, 29.8977, 31.1699]
['2016-09-27', 31.2495, 31.8061, 30.6133, 31.4085]
['2016-09-28', 31.647, 33.4759, 31.4801, 32.7602]
['2016-09-29', 32.3865, 32.6012, 30.6133, 30.6133]
['2016-09-30', 31.0109, 31.973, 31.0109, 31.488]
['2016-10-03', 31.8061, 32.1241, 31.3687, 31.488]
['2016-10-04', 31.9651, 32.4422, 31.5675, 32.2831]
['2016-10-05', 32.3627, 33.953, 32.3627, 33.3964]
['2016-10-06', 33.6349, 33.6349, 31.647, 31.7265]
['2016-10-07', 31.647, 32.0923, 31.647, 31.8856]
['2016-10-10', 31.8061, 32.6012, 31.4085, 31.8061]
['2016-10-11', 32.9988, 33.7144, 31.9651, 31.9651]
['2016-10-12', 32.2036, 32.6012, 31.8061, 32.5217]
['2016-10-13', 32.6012, 33.3089, 31.7265, 31.7265]
['2016-10-14', 31.9651, 32.0446, 31.4085, 31.5675]
['2016-10-17', 31.5675, 32.0605, 29.8977, 29.8977]
['2016-10-18', 30.0567, 31.0109, 29.8977, 29.9772]
['2016-10-19', 29.9772, 31.7265, 29.8182, 31.7265]
['2016-10-20', 31.4085, 31.8061, 30.6133, 31.6073]
['2016-10-21', 31.488, 31.8061, 30.9791, 31.647]
['2016-10-24', 31.647, 32.4422, 31.647, 32.2831]
['2016-10-25', 32.4422, 32.6012, 31.7743, 32.5217]
['2016-10-26', 32.5217, 37.8492, 32.5217, 34.1915]
['2016-10-27', 35.6228, 36.4975, 34.3267, 35.9408]
['2016-10-28', 36.0999, 39.7576, 35.7818, 37.7697]
['2016-10-31', 38.2468, 41.2684, 38.2468, 39.7576]
['2016-11-01', 39.7576, 40.1552, 36.895, 37.1336]
['2016-11-02', 38.4853, 38.4853, 33.7939, 34.0325]
['2016-11-03', 34.0325, 34.9867, 31.6947, 32.4422]
['2016-11-04', 32.4422, 33.5872, 31.9651, 33.0783]
['2016-11-07', 33.7939, 35.3842, 33.7065, 34.5891]
['2016-11-08', 34.1915, 34.1915, 32.2036, 33.8735]
['2016-11-09', 32.2832, 33.293, 31.9651, 32.3627]
['2016-11-10', 32.6012, 32.9988, 31.8061, 31.9651]
['2016-11-11', 31.8061, 33.953, 31.8061, 33.953]
['2016-11-14', 33.3964, 34.0961, 31.8856, 32.5217]
['2016-11-15', 32.1241, 35.5989, 32.1241, 34.5096]
['2016-11-16', 33.8735, 36.3384, 33.7939, 36.0999]
['2016-11-17', 35.7818, 36.736, 33.8735, 34.1915]
['2016-11-18', 34.0325, 34.1915, 32.2036, 33.0783]
['2016-11-21', 33.5554, 33.7224, 32.2036, 33.2373]
['2016-11-22', 33.1578, 35.5353, 32.8398, 34.112]
['2016-11-23', 34.112, 35.5433, 33.2294, 34.112]
['2016-11-25', 34.4301, 35.4638, 33.7144, 35.1457]
['2016-11-28', 35.1457, 37.5311, 34.1915, 36.4179]
['2016-11-29', 36.9745, 37.0541, 34.8276, 36.3384]
['2016-11-30', 36.3384, 36.6883, 35.3842, 36.0204]
['2016-12-01', 35.7818, 36.5054, 32.6012, 32.7602]
['2016-12-02', 32.9988, 34.4301, 32.8398, 33.7144]
['2016-12-05', 34.1915, 34.9867, 32.9193, 33.7144]
['2016-12-06', 33.7939, 35.0821, 33.5554, 34.5891]
['2016-12-07', 34.5891, 35.3842, 34.112, 34.9867]
['2016-12-08', 34.6686, 36.1317, 34.271, 35.2252]
['2016-12-09', 35.6228, 35.7421, 33.7939, 33.8735]
['2016-12-12', 33.8735, 34.9072, 33.8735, 34.5096]
['2016-12-13', 35.2252, 40.1552, 34.3505, 40.1552]
['2016-12-14', 40.9503, 42.9382, 38.1673, 40.7913]
['2016-12-15', 40.1552, 41.984, 38.5728, 39.36]
['2016-12-16', 38.6444, 39.6781, 36.577, 36.8155]
['2016-12-19', 37.5312, 40.0756, 36.8155, 40.0756]
['2016-12-20', 39.7576, 40.2347, 38.5648, 39.36]
['2016-12-21', 38.5648, 39.36, 37.8492, 38.2468]
['2016-12-22', 43.7333, 47.1525, 41.7455, 45.1646]
['2016-12-23', 43.7333, 45.2044, 41.7455, 44.9261]
['2016-12-27', 45.3236, 51.6848, 43.8924, 51.0487]
['2016-12-28', 51.6848, 51.7564, 46.5164, 48.2657]
['2016-12-29', 48.4247, 57.2509, 47.1525, 55.8196]
['2016-12-30', 56.3762, 59.4773, 52.7981, 58.6822]
['2017-01-03', 58.9207, 65.6, 57.2509, 64.0097]
['2017-01-04', 64.8048, 65.1786, 59.2388, 61.5447]
['2017-01-05', 64.4868, 66.8722, 61.7038, 64.0097]
['2017-01-06', 65.1229, 66.3156, 62.817, 63.7712]
['2017-01-09', 64.4868, 65.1229, 59.6364, 60.6701]
['2017-01-10', 60.2725, 60.6303, 53.5932, 58.4436]
['2017-01-11', 58.0461, 58.0461, 53.4342, 55.0245]
['2017-01-12', 54.945, 55.263, 51.0487, 53.6727]
['2017-01-13', 53.3547, 53.5455, 51.0487, 52.2415]
['2017-01-17', 52.8776, 56.5353, 52.8537, 54.0703]
['2017-01-18', 53.2751, 53.5137, 49.4902, 52.9571]
['2017-01-19', 53.5137, 55.5811, 52.4005, 54.7859]
['2017-01-20', 54.2293, 56.0582, 51.9632, 52.4005]
['2017-01-23', 51.6849, 53.2752, 50.9692, 52.0029]
['2017-01-24', 51.6849, 52.4402, 49.8401, 52.0029]
['2017-01-25', 52.48, 52.48, 50.7307, 51.6848]
['2017-01-26', 51.6848, 53.5932, 51.3668, 53.4342]
['2017-01-27', 53.0366, 53.4342, 50.8897, 51.2873]
['2017-01-30', 50.9692, 52.1619, 49.0609, 50.4126]
['2017-01-31', 50.4921, 50.675, 48.6633, 50.0945]
['2017-02-01', 50.8897, 50.9692, 48.9018, 49.0608]
['2017-02-02', 48.9018, 49.0609, 44.5285, 44.8465]
['2017-02-03', 45.2441, 47.4705, 44.5285, 47.391]
['2017-02-06', 46.9139, 52.0824, 46.4369, 50.4126]
['2017-02-07', 50.6511, 53.5694, 48.6633, 51.4463]
['2017-02-08', 51.4463, 52.0029, 49.2994, 51.5258]
['2017-02-09', 54.0703, 59.6364, 47.4546, 48.3452]
['2017-02-10', 49.2994, 52.1619, 48.2657, 48.2657]
['2017-02-13', 47.7091, 48.9018, 45.0851, 47.232]
['2017-02-14', 48.0272, 48.218, 45.4032, 46.1983]
['2017-02-15', 45.3236, 48.2657, 45.0851, 47.5501]
['2017-02-16', 47.391, 48.2657, 45.8405, 46.9139]
['2017-02-17', 46.8344, 47.6296, 45.6417, 45.8802]
['2017-02-21', 46.1188, 46.3573, 39.8371, 40.7118]
['2017-02-22', 40.9503, 41.7455, 21.9462, 27.0352]
['2017-02-23', 29.5001, 35.2252, 27.9337, 31.9651]
['2017-02-24', 31.7265, 33.7939, 29.8897, 31.8856]
['2017-02-27', 30.3748, 31.5278, 29.4206, 30.3748]
['2017-02-28', 30.0567, 30.4543, 28.0688, 28.1484]
['2017-03-01', 26.399, 33.7144, 26.1605, 32.2036]
['2017-03-02', 31.4085, 32.2036, 28.864, 29.1025]
['2017-03-03', 29.2616, 30.1362, 28.9435, 29.1821]
['2017-03-06', 28.5459, 28.5459, 24.3316, 26.6376]
['2017-03-07', 27.5918, 29.023, 26.3195, 26.9556]
['2017-03-08', 27.1942, 27.5918, 25.5244, 26.7966]
['2017-03-09', 26.4785, 28.3074, 25.7232, 27.5918]
['2017-03-10', 27.5918, 28.2279, 27.1942, 27.9893]
['2017-03-13', 28.5459, 28.864, 27.0352, 27.4327]
['2017-03-14', 27.4327, 27.5679, 26.24, 26.4785]
['2017-03-15', 26.24, 26.7966, 25.2063, 25.9219]
['2017-03-16', 26.4785, 26.8761, 25.4448, 26.399]
['2017-03-17', 26.6376, 26.7966, 25.2063, 25.2063]
['2017-03-20', 25.0473, 25.5244, 22.3438, 24.3316]
['2017-03-21', 24.9678, 25.3892, 23.9341, 24.4112]
['2017-03-22', 24.5702, 26.1605, 24.0931, 25.2063]
['2017-03-23', 25.3653, 26.7966, 24.9678, 26.081]
['2017-03-24', 26.24, 27.4327, 26.081, 26.3195]
['2017-03-27', 26.399, 27.6713, 24.9678, 26.6376]
['2017-03-28', 26.399, 27.393, 26.0015, 26.24]
['2017-03-29', 26.4, 27.328, 26.4, 27.28]
['2017-03-30', 27.52, 30.72, 27.52, 28.8]
['2017-03-31', 29.92, 30.88, 28.0, 28.24]
['2017-04-03', 28.0, 28.64, 26.48, 26.8]
['2017-04-04', 26.4, 28.32, 26.0, 26.16]
['2017-04-05', 26.0, 26.4, 24.8, 25.2]
['2017-04-06', 25.2, 25.936, 24.528, 25.2]
['2017-04-07', 25.2, 25.92, 24.56, 24.8]
['2017-04-10', 28.08, 29.92, 24.88, 25.28]
['2017-04-11', 25.36, 25.84, 24.16, 24.48]
['2017-04-12', 24.56, 25.44, 24.24, 24.8]
['2017-04-13', 24.56, 25.976, 24.32, 24.8]
['2017-04-17', 24.96, 25.6, 24.64, 25.12]
['2017-04-18', 25.84, 26.56, 25.2, 25.76]
['2017-04-19', 26.88, 27.44, 25.768, 26.56]
['2017-04-20', 27.2, 27.2, 26.16, 26.8]
['2017-04-21', 26.64, 27.36, 26.16, 26.96]
['2017-04-24', 27.04, 27.04, 26.0, 26.0]
['2017-04-25', 26.0, 26.24, 25.2, 25.84]
['2017-04-26', 25.68, 26.656, 25.2, 25.44]
['2017-04-27', 25.28, 25.92, 25.24, 25.84]
['2017-04-28', 25.84, 25.84, 25.2, 25.52]
['2017-05-01', 25.44, 25.568, 24.4, 24.64]
['2017-05-02', 24.56, 25.944, 24.24, 25.36]
['2017-05-03', 25.36, 25.52, 24.8, 25.28]
['2017-05-04', 25.12, 25.28, 24.88, 25.28]
['2017-05-05', 25.44, 25.76, 25.08, 25.76]
['2017-05-08', 25.52, 26.064, 25.28, 25.84]
['2017-05-09', 26.0, 27.52, 25.92, 27.28]
['2017-05-10', 27.6, 27.6, 26.48, 26.72]
['2017-05-11', 24.4, 26.32, 24.32, 25.6]
['2017-05-12', 25.6, 26.0, 24.8, 25.76]
['2017-05-15', 26.0, 26.4, 25.6, 25.6]
['2017-05-16', 26.0, 26.0, 25.12, 25.2]
['2017-05-17', 29.84, 36.4, 29.6, 31.52]
['2017-05-18', 31.44, 32.64, 28.8, 30.48]
['2017-05-19', 30.64, 30.88, 28.88, 30.56]
['2017-05-22', 30.8, 32.4, 29.2, 29.76]
['2017-05-23', 29.68, 30.144, 28.16, 29.04]
['2017-05-24', 29.28, 29.44, 26.4, 27.12]
['2017-05-25', 26.88, 28.144, 26.8, 27.6]
['2017-05-26', 27.44, 27.68, 26.8, 27.12]
['2017-05-30', 27.52, 29.6, 27.12, 29.6]
['2017-05-31', 29.92, 30.368, 28.24, 29.36]
['2017-06-01', 28.24, 29.504, 28.24, 28.56]
['2017-06-02', 28.88, 29.76, 28.56, 29.76]
['2017-06-05', 29.44, 29.84, 28.56, 28.8]
['2017-06-06', 28.56, 29.6, 28.4, 28.88]
['2017-06-07', 28.8, 29.008, 28.0, 28.4]
['2017-06-08', 28.4, 29.04, 28.4, 28.64]
['2017-06-09', 28.48, 29.36, 28.4, 28.56]
['2017-06-12', 28.88, 28.88, 27.2, 27.28]
['2017-06-13', 27.28, 27.84, 26.88, 27.2]
['2017-06-14', 27.52, 27.52, 26.56, 26.64]
['2017-06-15', 26.56, 26.56, 25.6, 25.76]
['2017-06-16', 25.76, 26.8, 25.76, 26.4]
['2017-06-19', 26.24, 26.8, 25.44, 26.32]
['2017-06-20', 26.32, 26.96, 25.856, 26.48]
['2017-06-21', 26.48, 26.96, 25.6, 26.8]
['2017-06-22', 26.8, 27.6, 26.4, 27.6]
['2017-06-23', 27.52, 28.4, 26.8, 28.4]
['2017-06-26', 28.0, 28.4, 27.36, 28.24]
['2017-06-27', 28.4, 29.52, 28.0, 29.04]
['2017-06-28', 28.72, 29.12, 28.48, 28.76]
['2017-06-29', 28.56, 29.44, 28.024, 28.56]
['2017-06-30', 28.712, 29.2, 28.08, 28.8]
['2017-07-03', 28.56, 29.288, 28.48, 28.88]
['2017-07-05', 28.88, 29.52, 28.4, 29.2]
['2017-07-06', 29.44, 29.44, 28.0, 28.32]
['2017-07-07', 27.92, 28.8, 27.728, 28.24]
['2017-07-10', 28.16, 28.76, 27.744, 28.08]
['2017-07-11', 28.24, 28.32, 27.84, 27.92]
['2017-07-12', 28.32, 29.68, 28.2, 28.48]
['2017-07-13', 28.64, 28.8, 28.16, 28.16]
['2017-07-14', 28.56, 28.72, 27.6, 28.0]
['2017-07-17', 28.16, 28.64, 27.92, 28.32]
['2017-07-18', 28.64, 28.64, 27.672, 28.56]
['2017-07-19', 28.56, 28.88, 27.28, 28.32]
['2017-07-20', 28.64, 28.904, 28.08, 28.72]
['2017-07-21', 28.8, 28.8, 27.808, 28.08]
['2017-07-24', 28.08, 28.4, 28.0, 28.24]
['2017-07-25', 28.16, 28.64, 27.52, 27.6]
['2017-07-26', 27.76, 27.92, 26.88, 26.88]
['2017-07-27', 27.04, 27.44, 26.48, 26.72]
['2017-07-28', 26.96, 27.12, 26.48, 26.64]
['2017-07-31', 26.72, 27.36, 26.48, 26.72]
['2017-08-01', 26.72, 27.36, 25.76, 25.92]
['2017-08-02', 26.08, 26.24, 25.44, 25.76]
['2017-08-03', 25.92, 25.92, 25.12, 25.28]
['2017-08-04', 25.12, 25.44, 24.936, 25.12]
['2017-08-07', 25.04, 25.84, 24.8, 24.8]
['2017-08-08', 25.44, 26.16, 25.256, 25.36]
['2017-08-09', 25.6, 25.8, 24.8, 25.12]
['2017-08-10', 25.36, 25.792, 24.88, 25.52]
['2017-08-11', 26.4, 28.0, 25.52, 27.36]
['2017-08-14', 27.6, 28.16, 25.04, 25.76]
['2017-08-15', 26.4, 26.672, 24.96, 25.6]
['2017-08-16', 25.28, 25.328, 24.08, 24.4]
['2017-08-17', 24.16, 24.28, 21.68, 22.56]
['2017-08-18', 23.2, 24.24, 22.88, 23.04]
['2017-08-21', 23.36, 23.36, 21.76, 22.64]
['2017-08-22', 22.4, 22.968, 21.68, 22.08]
['2017-08-23', 22.0, 22.24, 21.672, 21.92]
['2017-08-24', 22.0, 22.56, 21.84, 22.48]
['2017-08-25', 22.48, 23.52, 22.48, 22.96]
['2017-08-28', 23.04, 23.2, 22.88, 23.12]
['2017-08-29', 23.04, 23.04, 22.4, 22.56]
['2017-08-30', 22.56, 22.88, 22.48, 22.8]
['2017-08-31', 22.56, 23.76, 22.56, 23.36]
['2017-09-01', 23.36, 24.24, 23.2, 24.0]
['2017-09-05', 24.0, 25.2, 23.76, 24.96]
['2017-09-06', 24.72, 25.84, 24.72, 25.2]
['2017-09-07', 25.2, 25.28, 24.08, 24.32]
['2017-09-08', 24.24, 25.28, 24.08, 25.2]
['2017-09-11', 25.36, 26.0, 24.48, 24.72]
['2017-09-12', 24.88, 25.44, 24.56, 25.12]
['2017-09-13', 25.68, 26.56, 25.12, 25.28]
['2017-09-14', 25.28, 26.16, 25.2, 25.52]
['2017-09-15', 25.84, 27.92, 25.608, 26.8]
['2017-09-18', 27.04, 27.2, 25.68, 25.84]
['2017-09-19', 25.6, 26.4, 25.36, 25.92]
['2017-09-20', 25.76, 26.64, 25.712, 26.4]
['2017-09-21', 26.08, 26.24, 25.664, 25.68]
['2017-09-22', 25.68, 25.76, 25.368, 25.76]
['2017-09-25', 25.52, 26.32, 25.44, 25.68]
['2017-09-26', 25.44, 25.784, 24.56, 24.64]
['2017-09-27', 24.56, 24.8, 24.08, 24.4]
['2017-09-28', 24.56, 24.56, 24.04, 24.08]
['2017-09-29', 24.0, 24.32, 23.84, 23.92]
['2017-10-02', 23.92, 23.92, 22.8, 22.8]
['2017-10-03', 22.64, 23.84, 22.64, 22.64]
['2017-10-04', 22.64, 23.072, 22.64, 22.96]
['2017-10-05', 22.8, 24.32, 22.8, 24.112]
['2017-10-06', 24.0, 24.32, 22.88, 23.28]
['2017-10-09', 23.44, 23.44, 22.8, 22.96]
['2017-10-10', 22.96, 23.68, 22.96, 23.52]
['2017-10-11', 23.84, 23.856, 23.328, 23.36]
['2017-10-12', 23.28, 23.36, 22.96, 23.12]
['2017-10-13', 22.64, 23.2, 22.64, 22.64]
['2017-10-16', 22.8, 23.072, 22.4, 22.56]
['2017-10-17', 22.48, 23.44, 22.16, 23.44]
['2017-10-18', 23.28, 24.16, 22.72, 23.6]
['2017-10-19', 23.68, 23.912, 23.04, 23.12]
['2017-10-20', 23.04, 23.36, 22.8, 23.36]
['2017-10-23', 23.52, 23.88, 22.8, 23.76]
['2017-10-24', 24.0, 24.96, 23.6, 23.92]
['2017-10-25', 23.928, 23.928, 22.8, 23.44]
['2017-10-26', 23.52, 23.52, 22.4, 22.48]
['2017-10-27', 22.56, 23.92, 22.0, 23.84]
['2017-10-30', 23.68, 24.16, 23.36, 23.56]
['2017-10-31', 23.52, 23.6, 22.72, 22.88]
['2017-11-01', 22.8, 22.84, 22.16, 22.32]
['2017-11-02', 22.32, 22.64, 21.68, 22.64]
['2017-11-03', 22.32, 22.32, 21.752, 22.24]
['2017-11-06', 22.4, 22.4, 20.88, 21.28]
['2017-11-07', 21.2, 21.92, 21.04, 21.52]
['2017-11-08', 21.76, 22.4, 21.44, 22.24]
['2017-11-09', 22.4, 23.2, 22.056, 22.48]
['2017-11-10', 22.64, 23.2, 22.64, 22.88]
['2017-11-13', 22.8, 23.2, 22.704, 23.2]
['2017-11-14', 22.96, 23.2, 22.272, 22.4]
['2017-11-15', 22.32, 22.32, 21.4, 21.92]
['2017-11-16', 21.92, 22.4, 21.92, 22.16]
['2017-11-17', 22.32, 22.4, 22.048, 22.4]
['2017-11-20', 22.32, 22.4, 21.992, 22.32]
['2017-11-21', 22.64, 23.92, 22.592, 23.6]
['2017-11-22', 23.6, 23.6, 22.8, 23.056]
['2017-11-24', 23.12, 23.592, 22.88, 23.36]
['2017-11-27', 23.44, 23.68, 22.4, 22.8]
['2017-11-28', 23.04, 23.12, 22.4, 22.8]
['2017-11-29', 22.8, 23.04, 22.64, 22.8]
['2017-11-30', 22.88, 22.88, 21.728, 22.32]
['2017-12-01', 22.48, 22.52, 21.04, 21.52]
['2017-12-04', 21.6, 22.24, 21.12, 21.36]
['2017-12-05', 21.44, 21.52, 20.408, 20.8]
['2017-12-06', 20.96, 20.96, 19.04, 20.08]
['2017-12-07', 22.0, 22.72, 19.68, 20.96]
['2017-12-08', 21.6, 21.6, 20.712, 21.408]
['2017-12-11', 21.6, 21.752, 20.0, 20.64]
['2017-12-12', 20.64, 21.272, 19.84, 19.84]
['2017-12-13', 20.0, 21.52, 20.0, 20.56]
['2017-12-14', 20.8, 21.36, 20.8, 21.12]
['2017-12-15', 21.28, 21.36, 20.0, 20.0]
['2017-12-18', 20.0, 21.2, 20.0, 21.12]
['2017-12-19', 21.12, 21.44, 20.48, 20.72]
['2017-12-20', 20.96, 22.0, 20.48, 21.52]
['2017-12-21', 21.44, 22.64, 21.36, 22.16]
['2017-12-22', 22.0, 22.56, 21.76, 22.32]
['2017-12-26', 22.48, 22.48, 21.04, 21.6]
['2017-12-27', 21.6, 21.6, 20.56, 20.64]
['2017-12-28', 20.8, 20.8, 20.4, 20.72]
['2017-12-29', 20.64, 21.04, 20.08, 20.392]
['2018-01-02', 20.88, 21.6, 20.68, 21.2]
['2018-01-03', 21.44, 21.76, 21.2, 21.36]
['2018-01-04', 21.44, 21.44, 21.2, 21.44]
['2018-01-05', 21.44, 21.68, 21.288, 21.6]
['2018-01-08', 21.68, 21.68, 21.44, 21.52]
['2018-01-09', 21.2, 21.6, 20.4, 20.48]
['2018-01-10', 20.48, 21.08, 20.36, 20.64]
['2018-01-11', 20.48, 20.912, 20.16, 20.48]
['2018-01-12', 20.48, 20.8, 20.32, 20.68]
['2018-01-16', 20.8, 21.128, 20.0, 20.96]
['2018-01-17', 21.12, 24.8, 21.12, 23.04]
['2018-01-18', 23.68, 24.32, 22.92, 23.68]
['2018-01-19', 23.92, 24.24, 23.448, 23.92]
['2018-01-22', 24.16, 24.48, 23.36, 23.44]
['2018-01-23', 23.44, 23.44, 22.0, 22.536]
['2018-01-24', 26.48, 28.56, 23.92, 24.328]
['2018-01-25', 24.32, 24.72, 22.888, 24.08]
['2018-01-26', 24.0, 24.32, 23.048, 23.44]
['2018-01-29', 23.6, 24.0, 22.56, 23.28]
['2018-01-30', 23.28, 23.52, 22.72, 23.2]
['2018-01-31', 23.44, 23.44, 22.48, 22.48]
['2018-02-01', 22.4, 23.04, 22.4, 22.56]
['2018-02-02', 22.64, 23.2, 22.4, 22.88]
['2018-02-05', 22.88, 23.32, 22.4, 22.48]
['2018-02-06', 22.4, 22.936, 22.16, 22.24]
['2018-02-07', 22.16, 22.392, 21.64, 21.68]
['2018-02-08', 22.0, 23.6, 21.04, 21.04]
['2018-02-09', 21.2, 21.76, 18.96, 20.0]
['2018-02-12', 20.16, 21.192, 20.0, 20.8]
['2018-02-13', 20.88, 22.128, 20.0, 21.92]
['2018-02-14', 22.08, 22.84, 20.52, 20.8]
['2018-02-15', 21.52, 21.76, 21.048, 21.12]
['2018-02-16', 21.04, 21.84, 20.8, 20.96]
['2018-02-20', 20.64, 21.6, 20.4, 20.96]
['2018-02-21', 20.96, 20.96, 20.56, 20.88]
['2018-02-22', 20.808, 21.2, 20.48, 20.48]
['2018-02-23', 20.48, 20.952, 20.16, 20.32]
['2018-02-26', 20.64, 20.96, 19.8, 20.56]
['2018-02-27', 20.48, 20.8, 19.92, 20.08]
['2018-02-28', 20.32, 20.32, 19.2, 19.68]
['2018-03-01', 20.16, 21.6, 19.608, 20.24]
['2018-03-02', 20.0, 20.56, 19.608, 20.56]
['2018-03-05', 20.72, 20.72, 20.0, 20.64]
['2018-03-06', 20.56, 20.64, 19.768, 19.92]
['2018-03-07', 20.0, 20.64, 19.848, 20.08]
['2018-03-08', 20.32, 20.44, 19.76, 20.4]
['2018-03-09', 20.8, 20.8, 19.76, 20.64]
['2018-03-12', 20.8, 21.04, 20.4, 20.56]
['2018-03-13', 20.64, 21.6, 20.4, 21.2]
['2018-03-14', 21.52, 21.6, 20.92, 21.04]
['2018-03-15', 21.52, 22.0, 20.96, 21.52]
['2018-03-16', 22.0, 23.6, 22.0, 23.36]
['2018-03-19', 23.6, 23.816, 22.4, 23.28]
['2018-03-20', 23.76, 23.76, 22.808, 23.2]
['2018-03-21', 23.36, 23.36, 22.16, 22.48]
['2018-03-22', 22.56, 23.6, 22.48, 23.52]
['2018-03-23', 23.6, 26.64, 23.368, 24.24]
['2018-03-26', 25.2, 25.832, 22.88, 22.96]
['2018-03-27', 22.96, 23.68, 21.76, 22.96]
['2018-03-28', 23.12, 23.656, 22.744, 23.44]
['2018-03-29', 24.0, 24.0, 22.88, 22.88]
['2018-04-02', 22.48, 23.096, 21.84, 22.144]
['2018-04-03', 22.08, 23.2, 21.608, 21.76]
['2018-04-04', 21.68, 21.92, 21.2, 21.76]
['2018-04-05', 21.84, 22.88, 21.84, 22.4]
['2018-04-06', 22.16, 22.96, 21.888, 22.08]
['2018-04-09', 22.24, 22.24, 20.96, 22.0]
['2018-04-10', 22.0, 22.24, 21.76, 21.92]
['2018-04-11', 21.92, 22.24, 21.6, 22.0]
['2018-04-12', 22.08, 23.04, 22.08, 22.88]
['2018-04-13', 22.96, 23.44, 22.08, 22.96]
['2018-04-16', 22.96, 23.76, 22.96, 23.44]
['2018-04-17', 23.52, 23.52, 22.16, 22.56]
['2018-04-18', 22.64, 22.88, 22.4, 22.56]
['2018-04-19', 22.56, 22.96, 22.56, 22.8]
['2018-04-20', 22.88, 22.88, 22.08, 22.72]
['2018-04-23', 22.56, 22.8, 22.488, 22.72]
['2018-04-24', 22.8, 22.8, 22.4, 22.72]
['2018-04-25', 22.24, 22.44, 22.0, 22.0]
['2018-04-26', 22.0, 22.0, 21.68, 21.92]
['2018-04-27', 22.08, 22.104, 21.68, 21.68]
['2018-04-30', 21.76, 22.8, 21.76, 22.48]
['2018-05-01', 22.48, 22.56, 22.08, 22.48]
['2018-05-02', 22.504, 22.72, 21.808, 22.4]
['2018-05-03', 22.24, 22.24, 21.2, 21.6]
['2018-05-04', 21.28, 21.92, 21.28, 21.6]
['2018-05-07', 21.6, 22.0, 21.392, 21.68]
['2018-05-08', 21.84, 21.92, 21.04, 21.92]
['2018-05-09', 21.92, 21.92, 21.44, 21.6]
['2018-05-10', 21.36, 21.84, 21.12, 21.76]
['2018-05-11', 21.92, 21.92, 20.92, 20.96]
['2018-05-14', 20.96, 21.408, 20.4, 20.56]
['2018-05-15', 20.48, 21.2, 20.48, 21.2]
['2018-05-16', 18.0, 18.72, 15.2, 16.4]
['2018-05-17', 16.48, 17.832, 16.48, 17.36]
['2018-05-18', 17.36, 18.08, 17.12, 18.08]
['2018-05-21', 18.16, 18.32, 16.88, 17.4]
['2018-05-22', 17.28, 17.44, 16.72, 16.8]
['2018-05-23', 16.64, 17.04, 16.64, 16.88]
['2018-05-24', 17.04, 17.44, 16.568, 17.12]
['2018-05-25', 17.28, 17.36, 16.808, 17.36]
['2018-05-29', 17.36, 17.36, 17.0, 17.08]
['2018-05-30', 17.12, 17.6, 16.96, 17.36]
['2018-05-31', 17.28, 17.76, 16.896, 17.76]
['2018-06-01', 17.76, 18.24, 17.52, 18.24]
['2018-06-04', 18.24, 19.2, 18.0, 18.0]
['2018-06-05', 18.16, 18.8, 18.128, 18.4]
['2018-06-06', 18.56, 18.56, 18.144, 18.24]
['2018-06-07', 18.32, 18.392, 18.16, 18.32]
['2018-06-08', 18.32, 19.76, 18.248, 19.6]
['2018-06-11', 19.28, 20.08, 18.56, 18.56]
['2018-06-12', 18.64, 19.6, 18.56, 18.56]
['2018-06-13', 19.28, 19.28, 18.16, 18.16]
['2018-06-14', 18.24, 19.36, 17.736, 18.8]
['2018-06-15', 18.8, 19.04, 17.84, 18.24]
['2018-06-18', 18.4, 18.456, 16.08, 16.96]
['2018-06-19', 16.8, 17.52, 16.8, 17.36]
['2018-06-20', 17.6, 18.256, 16.8, 17.6]
['2018-06-21', 17.904, 18.0, 17.2, 17.92]
['2018-06-22', 17.6, 17.92, 16.56, 17.12]
['2018-06-25', 16.96, 16.96, 16.32, 16.56]
['2018-06-26', 16.8, 17.28, 16.4, 16.8]
['2018-06-27', 16.8, 17.36, 16.288, 16.56]
['2018-06-28', 16.64, 16.96, 16.32, 16.496]
['2018-06-29', 17.12, 17.12, 16.4, 16.72]
['2018-07-02', 16.8, 16.912, 16.408, 16.88]
['2018-07-03', 16.96, 17.152, 16.64, 17.04]
['2018-07-05', 17.28, 17.28, 16.4, 17.04]
['2018-07-06', 16.88, 17.04, 16.68, 16.88]
['2018-07-09', 16.88, 17.04, 16.752, 16.8]
['2018-07-10', 16.96, 17.12, 16.48, 16.48]
['2018-07-11', 16.4, 17.76, 16.4, 17.76]
['2018-07-12', 17.76, 18.24, 17.696, 18.08]
['2018-07-13', 18.16, 18.16, 17.2, 17.36]
['2018-07-16', 17.6, 17.6, 16.88, 17.28]
['2018-07-17', 17.12, 17.6, 17.04, 17.12]
['2018-07-18', 17.104, 17.28, 16.48, 16.536]
['2018-07-19', 16.16, 17.064, 16.16, 16.4]
['2018-07-20', 16.48, 16.72, 16.16, 16.16]
['2018-07-23', 16.96, 20.24, 16.4, 16.96]
['2018-07-24', 16.24, 17.28, 16.08, 16.08]
['2018-07-25', 16.008, 17.6, 16.0, 17.2]
['2018-07-26', 17.04, 17.2, 16.56, 17.2]
['2018-07-27', 16.72, 17.2, 16.56, 16.56]
['2018-07-30', 16.48, 16.8, 16.24, 16.4]
['2018-07-31', 16.16, 16.72, 16.0, 16.08]
['2018-08-01', 16.0, 16.48, 16.0, 16.32]
['2018-08-02', 16.24, 16.4, 16.0, 16.24]
['2018-08-03', 16.32, 16.32, 16.0, 16.08]
['2018-08-06', 16.08, 16.32, 16.08, 16.32]
['2018-08-07', 16.32, 16.32, 16.0, 16.0]
['2018-08-08', 16.0, 16.56, 16.0, 16.24]
['2018-08-09', 16.0, 16.56, 15.992, 16.16]
['2018-08-10', 16.32, 16.48, 16.16, 16.16]
['2018-08-13', 16.0, 16.32, 15.36, 15.76]
['2018-08-14', 16.08, 16.32, 15.928, 16.24]
['2018-08-15', 15.04, 15.04, 13.12, 14.8]
['2018-08-16', 14.72, 15.52, 14.56, 15.44]
['2018-08-17', 14.816, 15.04, 14.16, 15.04]
['2018-08-20', 15.2, 15.36, 14.8, 15.04]
['2018-08-21', 14.96, 15.84, 14.48, 14.56]
['2018-08-22', 13.92, 14.0, 13.04, 13.2]
['2018-08-23', 13.2, 13.52, 13.2, 13.2]
['2018-08-24', 13.2, 13.28, 13.2, 13.2]
['2018-08-27', 13.2, 13.28, 13.2, 13.2]
['2018-08-28', 13.2, 13.6, 13.2, 13.2]
['2018-08-29', 13.28, 13.44, 13.2, 13.28]
['2018-08-30', 13.2, 13.44, 13.2, 13.2]
['2018-08-31', 13.2, 13.28, 13.2, 13.2]
['2018-09-04', 13.2, 13.28, 12.32, 12.32]
['2018-09-05', 12.4, 12.64, 12.0, 12.24]
['2018-09-06', 12.0, 12.16, 10.96, 11.6]
['2018-09-07', 11.6, 12.0, 10.4, 11.84]
['2018-09-10', 11.76, 11.84, 11.28, 11.28]
['2018-09-11', 11.28, 11.832, 11.28, 11.52]
['2018-09-12', 11.44, 12.0, 11.288, 11.68]
['2018-09-13', 11.6, 13.44, 11.6, 12.8]
['2018-09-14', 13.28, 13.36, 12.16, 12.32]
['2018-09-17', 12.16, 12.64, 11.848, 12.08]
['2018-09-18', 12.08, 12.952, 11.84, 12.08]
['2018-09-19', 12.0, 12.32, 11.448, 11.76]
['2018-09-20', 12.16, 12.16, 11.36, 11.52]
['2018-09-21', 11.28, 12.32, 11.0, 12.08]
['2018-09-24', 12.0, 12.48, 11.84, 11.84]
['2018-09-25', 11.92, 12.56, 11.36, 12.56]
['2018-09-26', 12.0, 12.176, 11.36, 11.76]
['2018-09-27', 11.76, 12.32, 11.36, 11.6]
['2018-09-28', 11.44, 11.6, 11.44, 11.44]
['2018-10-01', 11.52, 12.08, 11.44, 11.6]
['2018-10-02', 11.84, 12.4, 11.28, 11.52]
['2018-10-03', 12.08, 12.32, 11.52, 12.0]
['2018-10-04', 12.0, 12.08, 11.2, 11.84]
['2018-10-05', 11.68, 11.68, 10.48, 11.52]
['2018-10-08', 11.36, 11.36, 10.0, 10.8]
['2018-10-09', 10.8, 13.12, 10.8, 11.52]
['2018-10-10', 11.6, 11.6, 10.608, 10.96]
['2018-10-11', 10.4, 11.2, 10.16, 10.4]
['2018-10-12', 10.48, 11.2, 10.28, 10.72]
['2018-10-15', 10.64, 11.2, 10.16, 10.16]
['2018-10-16', 10.24, 11.032, 8.72, 9.84]
['2018-10-17', 10.32, 11.2, 10.0, 10.4]
['2018-10-18', 10.8, 11.2, 10.08, 10.16]
['2018-10-19', 10.24, 11.072, 10.0, 10.0]
['2018-10-22', 10.24, 10.32, 9.52, 9.52]
['2018-10-23', 9.12, 9.624, 9.12, 9.36]
['2018-10-24', 9.12, 9.52, 9.12, 9.52]
['2018-10-25', 9.2, 9.6, 9.2, 9.36]
['2018-10-26', 9.36, 9.912, 9.28, 9.44]
['2018-10-29', 9.44, 10.0, 9.44, 10.0]
['2018-10-30', 9.92, 9.92, 9.28, 9.92]
['2018-10-31', 9.84, 9.928, 9.44, 9.44]
['2018-11-01', 9.52, 10.0, 9.52, 9.68]
['2018-11-02', 9.76, 9.92, 9.76, 9.92]
['2018-11-05', 10.0, 10.392, 10.0, 10.16]
['2018-11-06', 10.32, 10.32, 9.44, 10.32]
['2018-11-07', 10.32, 10.32, 10.064, 10.32]
['2018-11-08', 10.24, 10.32, 9.888, 10.16]
['2018-11-09', 10.0, 10.24, 9.504, 9.52]
['2018-11-12', 9.76, 10.32, 9.68, 10.16]
['2018-11-13', 10.32, 10.4, 9.84, 10.24]
['2018-11-14', 10.32, 10.32, 8.8, 9.12]
['2018-11-15', 9.12, 9.12, 8.8, 8.96]
['2018-11-16', 9.92, 9.92, 8.48, 8.64]
['2018-11-19', 8.88, 8.88, 8.48, 8.56]
['2018-11-20', 8.56, 8.64, 8.0, 8.08]
['2018-11-21', 8.24, 8.72, 6.76, 7.352]
['2018-11-23', 7.6, 7.8, 7.52, 7.68]
['2018-11-26', 7.92, 7.92, 7.28, 7.48]
['2018-11-27', 7.28, 8.32, 7.28, 7.92]
['2018-11-28', 7.92, 8.16, 7.84, 7.936]
['2018-11-29', 8.0, 8.072, 7.856, 7.904]
['2018-11-30', 7.96, 8.08, 7.6, 7.76]
['2018-12-03', 7.6, 7.808, 7.2, 7.512]
['2018-12-04', 7.432, 7.768, 6.88, 7.44]
['2018-12-06', 7.48, 8.0, 6.72, 7.272]
['2018-12-07', 7.28, 7.84, 7.04, 7.6]
['2018-12-10', 7.28, 7.36, 6.72, 6.88]
['2018-12-11', 6.72, 7.24, 6.72, 6.992]
['2018-12-12', 6.72, 7.6, 6.72, 7.04]
['2018-12-13', 6.8, 7.48, 6.424, 6.512]
['2018-12-14', 6.56, 6.64, 5.76, 6.56]
['2018-12-17', 6.4, 6.4, 5.872, 6.16]
['2018-12-18', 6.0, 6.0, 5.44, 5.76]
['2018-12-19', 6.0, 6.64, 5.52, 6.304]
['2018-12-20', 6.0, 6.8, 6.0, 6.4]
['2018-12-21', 6.4, 6.64, 5.68, 6.2]
['2018-12-24', 5.76, 6.24, 5.68, 5.92]
['2018-12-26', 5.68, 6.32, 4.8, 5.056]
['2018-12-27', 4.84, 5.12, 4.8, 4.816]
['2018-12-28', 4.72, 5.2, 4.32, 4.8]
['2018-12-31', 4.8, 4.8, 4.4, 4.592]
['2019-01-02', 4.8, 5.6, 4.8, 5.12]
['2019-01-03', 5.112, 5.56, 4.976, 5.36]
['2019-01-04', 5.52, 6.136, 5.52, 5.8]
['2019-01-07', 5.76, 6.4, 5.6, 5.904]
['2019-01-08', 6.024, 6.24, 5.216, 5.68]
['2019-01-09', 5.544, 6.048, 5.216, 5.752]
['2019-01-10', 5.92, 5.92, 5.28, 5.4]
['2019-01-11', 5.424, 6.08, 5.424, 5.824]
['2019-01-14', 6.64, 6.64, 5.64, 5.776]
['2019-01-15', 5.776, 6.32, 5.536, 6.32]
['2019-01-16', 5.84, 6.56, 5.68, 6.0]
['2019-01-17', 6.4, 7.04, 5.68, 6.24]
['2019-01-18', 6.4, 6.48, 5.92, 6.392]
['2019-01-22', 6.4, 6.4, 6.0, 6.0]
['2019-01-23', 6.296, 6.32, 6.056, 6.24]
['2019-01-24', 6.096, 6.32, 6.0, 6.0]
['2019-01-25', 6.304, 7.2, 6.304, 6.72]
['2019-01-28', 6.712, 6.8, 6.64, 6.8]
['2019-01-29', 6.4, 6.4, 6.008, 6.056]
['2019-01-30', 6.08, 6.16, 5.92, 5.92]
['2019-01-31', 5.92, 6.032, 5.28, 5.496]
['2019-02-01', 5.712, 6.032, 5.52, 5.696]
['2019-02-04', 5.92, 6.16, 5.76, 5.96]
['2019-02-05', 6.16, 6.16, 5.36, 5.88]
['2019-02-06', 6.16, 8.08, 6.0, 7.44]
['2019-02-07', 6.8, 7.432, 6.32, 6.44]
['2019-02-08', 6.56, 6.8, 6.4, 6.48]
['2019-02-11', 6.8, 6.8, 6.504, 6.672]
['2019-02-12', 6.88, 7.44, 6.752, 7.12]
['2019-02-13', 7.44, 7.92, 7.12, 7.28]
['2019-02-14', 7.44, 7.68, 6.408, 6.64]
['2019-02-15', 6.976, 6.976, 6.744, 6.8]
['2019-02-19', 6.8, 6.96, 6.6, 6.72]
['2019-02-20', 6.88, 6.88, 5.76, 6.064]
['2019-02-21', 6.24, 6.24, 5.68, 5.84]
['2019-02-22', 6.088, 6.088, 5.44, 5.6]
['2019-02-25', 5.88, 5.92, 4.8, 5.104]
['2019-02-26', 5.168, 5.248, 4.944, 4.944]
['2019-02-27', 4.888, 4.992, 4.64, 4.784]
['2019-02-28', 4.8, 4.96, 4.648, 4.72]
['2019-03-01', 4.768, 4.92, 4.72, 4.8]
['2019-03-04', 4.944, 4.96, 4.024, 4.48]
['2019-03-05', 4.48, 4.64, 4.168, 4.64]
['2019-03-06', 4.64, 4.88, 4.216, 4.496]
['2019-03-07', 4.4, 4.632, 4.32, 4.4]
['2019-03-08', 4.392, 4.8, 4.36, 4.8]
['2019-03-11', 4.8, 4.88, 4.48, 4.72]
['2019-03-12', 5.2, 5.584, 4.88, 4.88]
['2019-03-13', 5.04, 5.192, 4.8, 4.992]
['2019-03-14', 5.04, 5.056, 4.808, 5.032]
['2019-03-15', 5.024, 5.04, 4.824, 4.824]
['2019-03-18', 4.8, 5.04, 4.64, 5.04]
['2019-03-19', 4.912, 5.04, 4.48, 4.752]
['2019-03-20', 4.568, 4.752, 4.56, 4.56]
['2019-03-21', 4.56, 4.8, 4.48, 4.488]
['2019-03-22', 4.52, 4.584, 4.08, 4.376]
['2019-03-25', 4.4, 4.8, 4.248, 4.336]
['2019-03-26', 4.4, 4.664, 4.04, 4.08]
['2019-03-27', 4.128, 4.272, 4.12, 4.272]
['2019-03-28', 4.272, 4.272, 4.032, 4.032]
['2019-03-29', 4.104, 4.184, 4.0, 4.0]
['2019-04-01', 4.12, 4.312, 4.12, 4.312]
['2019-04-02', 4.28, 4.32, 4.12, 4.216]
['2019-04-03', 4.312, 4.312, 3.84, 3.936]
['2019-04-04', 4.04, 4.16, 3.52, 3.664]
['2019-04-05', 3.68, 3.848, 3.68, 3.68]
['2019-04-08', 3.84, 3.856, 3.624, 3.68]
['2019-04-09', 3.752, 4.16, 3.6, 3.84]
['2019-04-10', 3.76, 3.912, 3.68, 3.76]
['2019-04-11', 3.76, 3.896, 3.72, 3.728]
['2019-04-12', 3.72, 3.8, 3.68, 3.8]
['2019-04-15', 3.8, 4.024, 3.76, 3.76]
['2019-04-16', 3.76, 3.96, 3.52, 3.68]
['2019-04-17', 3.68, 3.68, 3.048, 3.192]
['2019-04-18', 3.088, 3.192, 2.76, 3.12]
['2019-04-22', 3.12, 3.12, 2.4, 2.88]
['2019-04-23', 2.8, 2.96, 2.584, 2.944]
['2019-04-24', 2.944, 2.944, 2.696, 2.696]
['2019-04-25', 2.72, 2.96, 2.712, 2.816]
['2019-04-26', 2.848, 2.92, 2.64, 2.768]
['2019-04-29', 2.8, 3.2, 2.664, 3.056]
['2019-04-30', 3.2, 3.2, 2.48, 2.64]
['2019-05-01', 2.68, 2.712, 2.512, 2.56]
['2019-05-02', 2.528, 2.88, 2.496, 2.696]
['2019-05-03', 2.648, 2.76, 2.528, 2.544]
['2019-05-06', 2.56, 2.624, 2.104, 2.52]
['2019-05-07', 2.44, 2.576, 2.208, 2.48]
['2019-05-08', 2.544, 2.552, 2.32, 2.448]
['2019-05-09', 2.4, 2.48, 2.24, 2.424]
['2019-05-10', 2.504, 2.504, 2.28, 2.48]
['2019-05-13', 2.56, 2.56, 2.24, 2.32]
['2019-05-14', 2.44, 2.472, 2.32, 2.472]
['2019-05-15', 2.472, 2.48, 2.32, 2.44]
['2019-05-16', 2.44, 2.48, 2.256, 2.344]
['2019-05-17', 2.28, 2.32, 2.0, 2.08]
['2019-05-20', 2.184, 2.192, 2.016, 2.128]
['2019-05-21', 2.2, 2.264, 2.0, 2.08]
['2019-05-22', 2.12, 2.2, 1.76, 1.864]
['2019-05-23', 1.92, 2.84, 1.776, 1.96]
['2019-05-24', 2.0, 2.08, 1.76, 1.84]
['2019-05-28', 1.84, 2.168, 1.84, 2.0]
['2019-05-29', 2.16, 2.16, 1.8, 1.96]
['2019-05-30', 1.952, 1.952, 1.76, 1.808]
['2019-05-31', 1.88, 1.88, 1.4, 1.8]
['2019-06-03', 1.696, 1.784, 1.568, 1.704]
['2019-06-04', 1.784, 2.0, 1.6, 1.904]
['2019-06-05', 1.904, 2.56, 1.648, 1.808]
['2019-06-06', 1.84, 1.968, 1.744, 1.92]
['2019-06-07', 1.912, 2.32, 1.72, 1.808]
['2019-06-10', 1.808, 2.008, 1.68, 1.92]
['2019-06-11', 1.92, 2.0, 1.76, 1.76]
['2019-06-12', 1.784, 2.24, 1.696, 2.24]
['2019-06-13', 2.24, 2.24, 2.24, 2.24]
['2019-06-14', 2.7, 2.9, 2.414, 2.69]
['2019-06-17', 2.69, 2.938, 2.45, 2.91]
['2019-06-18', 2.87, 3.282, 2.72, 3.08]
['2019-06-19', 3.04, 3.37, 2.93, 3.28]
['2019-06-20', 3.33, 3.55, 3.07, 3.39]
['2019-06-21', 3.35, 3.4, 3.05, 3.27]
['2019-06-24', 3.22, 3.4, 3.01, 3.28]
['2019-06-25', 2.6, 2.6, 2.211, 2.31]
['2019-06-26', 2.26, 2.27, 1.8, 1.83]
['2019-06-27', 2.16, 5.39, 2.13, 3.8]
['2019-06-28', 3.27, 3.48, 2.85, 3.18]
['2019-07-01', 2.81, 2.85, 2.36, 2.48]
['2019-07-02', 2.5, 2.505, 2.25, 2.35]
['2019-07-03', 2.37, 2.5, 2.33, 2.37]
['2019-07-05', 2.4, 2.49, 2.35, 2.45]
['2019-07-08', 2.47, 2.5, 2.32, 2.35]
['2019-07-09', 2.33, 2.46, 2.3, 2.37]
['2019-07-10', 2.38, 2.42, 2.12, 2.15]
['2019-07-11', 3.07, 3.2, 2.27, 2.38]
['2019-07-12', 2.28, 2.4, 2.18, 2.25]
['2019-07-15', 2.15, 2.3, 2.08, 2.16]
['2019-07-16', 2.15, 2.25, 2.095, 2.19]
['2019-07-17', 2.17, 2.23, 2.03, 2.08]
['2019-07-18', 2.05, 2.15, 2.0, 2.05]
['2019-07-19', 2.05, 2.38, 2.01, 2.02]
['2019-07-22', 2.03, 2.08, 1.9, 1.99]
['2019-07-23', 2.0, 2.09, 1.971, 2.02]
['2019-07-24', 2.02, 2.08, 1.934, 1.99]
['2019-07-25', 2.0, 2.03, 1.95, 2.01]
['2019-07-26', 2.0, 2.01, 1.91, 1.93]
['2019-07-29', 1.91, 1.95, 1.8, 1.81]
['2019-07-30', 1.86, 1.899, 1.66, 1.74]
['2019-07-31', 1.72, 1.75, 1.62, 1.7]
['2019-08-01', 1.69, 1.709, 1.57, 1.6]
['2019-08-02', 1.68, 1.73, 1.626, 1.68]
['2019-08-05', 1.62, 1.66, 1.569, 1.66]
['2019-08-06', 1.67, 1.67, 1.57, 1.6]
['2019-08-07', 1.57, 1.625, 1.54, 1.6]
['2019-08-08', 1.63, 1.83, 1.52, 1.62]
['2019-08-09', 1.64, 1.75, 1.57, 1.69]
['2019-08-12', 1.69, 1.76, 1.63, 1.73]
['2019-08-13', 1.72, 1.95, 1.65, 1.74]
['2019-08-14', 1.72, 1.72, 1.53, 1.58]
['2019-08-15', 1.56, 1.67, 1.52, 1.6]
['2019-08-16', 1.55, 1.55, 1.2, 1.36]
['2019-08-19', 1.44, 1.54, 1.393, 1.52]
['2019-08-20', 2.19, 3.3, 1.96, 1.97]
['2019-08-21', 1.95, 2.03, 1.75, 1.82]
['2019-08-22', 2.35, 2.59, 2.1, 2.23]
['2019-08-23', 2.18, 2.19, 1.93, 1.98]
['2019-08-26', 1.87, 1.908, 1.8, 1.81]
['2019-08-27', 1.83, 1.84, 1.61, 1.65]
['2019-08-28', 1.63, 1.824, 1.61, 1.71]
['2019-08-29', 1.75, 1.78, 1.65, 1.72]
['2019-08-30', 1.72, 1.72, 1.52, 1.58]
['2019-09-03', 1.5, 1.55, 1.5, 1.54]
['2019-09-04', 1.54, 1.64, 1.415, 1.58]
['2019-09-05', 1.59, 1.64, 1.52, 1.55]
['2019-09-06', 1.55, 1.585, 1.5, 1.52]
['2019-09-09', 1.52, 1.57, 1.45, 1.48]
['2019-09-10', 1.47, 1.56, 1.45, 1.48]
['2019-09-11', 1.47, 1.62, 1.43, 1.565]
['2019-09-12', 1.55, 1.62, 1.47, 1.47]
['2019-09-13', 1.49, 1.51, 1.46, 1.48]
['2019-09-16', 1.59, 1.59, 1.46, 1.54]
['2019-09-17', 1.55, 1.57, 1.47, 1.52]
['2019-09-18', 1.52, 1.57, 1.46, 1.47]
['2019-09-19', 1.5, 1.53, 1.4, 1.41]
['2019-09-20', 1.42, 1.48, 1.32, 1.42]
['2019-09-23', 1.43, 1.5, 1.35, 1.4]
['2019-09-24', 1.37, 1.46, 1.33, 1.33]
['2019-09-25', 1.33, 1.41, 1.31, 1.35]
['2019-09-26', 1.34, 1.548, 1.33, 1.37]
['2019-09-27', 1.44, 1.44, 1.33, 1.41]
['2019-09-30', 1.351, 1.38, 1.3, 1.35]
['2019-10-01', 1.357, 1.357, 1.25, 1.3]
['2019-10-02', 1.3, 1.3, 1.25, 1.28]
['2019-10-03', 1.28, 1.3, 1.24, 1.25]
['2019-10-04', 1.3, 1.314, 1.27, 1.3]
['2019-10-07', 1.33, 1.46, 1.324, 1.33]
['2019-10-08', 1.34, 1.35, 1.29, 1.3]
['2019-10-09', 1.28, 1.36, 1.28, 1.31]
['2019-10-10', 1.3, 1.33, 1.29, 1.3]
['2019-10-11', 1.3, 1.35, 1.3, 1.31]
['2019-10-14', 1.31, 1.54, 1.3, 1.43]
['2019-10-15', 1.38, 1.54, 1.29, 1.3]
['2019-10-16', 1.3, 1.45, 1.27, 1.33]
['2019-10-17', 1.32, 1.47, 1.32, 1.37]
['2019-10-18', 1.41, 1.54, 1.386, 1.51]
['2019-10-21', 1.53, 1.65, 1.41, 1.42]
['2019-10-22', 1.41, 1.5, 1.37, 1.4]
['2019-10-23', 1.69, 2.32, 1.64, 1.64]
['2019-10-24', 1.55, 1.73, 1.436, 1.56]
['2019-10-25', 1.52, 1.54, 1.43, 1.43]
['2019-10-28', 1.44, 1.44, 1.35, 1.4]
['2019-10-29', 1.36, 1.46, 1.34, 1.45]
['2019-10-30', 1.49, 1.49, 1.36, 1.43]
['2019-10-31', 1.43, 1.432, 1.37, 1.38]
['2019-11-01', 1.37, 1.52, 1.37, 1.47]
['2019-11-04', 1.48, 1.48, 1.34, 1.43]
['2019-11-05', 1.41, 1.44, 1.399, 1.43]
['2019-11-06', 1.41, 1.47, 1.41, 1.45]
['2019-11-07', 1.47, 1.47, 1.38, 1.41]
['2019-11-08', 1.41, 1.43, 1.4, 1.42]
['2019-11-11', 1.4, 1.44, 1.4, 1.42]
['2019-11-12', 1.41, 1.45, 1.405, 1.41]
['2019-11-13', 1.4, 1.41, 1.37, 1.38]
['2019-11-14', 1.35, 1.39, 1.33, 1.38]
['2019-11-15', 1.36, 1.41, 1.34, 1.41]
['2019-11-18', 1.39, 1.44, 1.36, 1.397]
['2019-11-19', 1.37, 1.47, 1.34, 1.45]
['2019-11-20', 1.42, 1.43, 1.384, 1.4]
['2019-11-21', 1.38, 1.402, 1.35, 1.38]
['2019-11-22', 1.35, 1.44, 1.35, 1.41]
['2019-11-25', 1.44, 1.55, 1.39, 1.39]
['2019-11-26', 1.4, 1.446, 1.39, 1.43]
['2019-11-27', 1.4, 1.45, 1.39, 1.45]
['2019-11-29', 1.44, 1.44, 1.383, 1.41]
['2019-12-02', 1.417, 1.426, 1.38, 1.38]
['2019-12-03', 1.41, 1.42, 1.38, 1.42]
['2019-12-04', 1.4, 1.45, 1.38, 1.4]
['2019-12-05', 1.39, 1.44, 1.251, 1.4]
['2019-12-06', 1.35, 1.44, 1.32, 1.35]
['2019-12-09', 1.36, 1.4, 1.23, 1.246]
['2019-12-10', 1.22, 1.267, 1.11, 1.18]
['2019-12-11', 1.15, 1.26, 1.15, 1.2]
['2019-12-12', 1.25, 1.3, 1.18, 1.27]
['2019-12-13', 1.25, 1.26, 1.18, 1.259]
['2019-12-16', 1.23, 1.25, 1.18, 1.2]
['2019-12-17', 1.19, 1.27, 1.19, 1.24]
['2019-12-18', 1.25, 1.29, 1.19, 1.23]
['2019-12-19', 1.21, 1.26, 1.2, 1.25]
['2019-12-20', 1.23, 1.37, 1.2, 1.29]
['2019-12-23', 1.26, 1.32, 1.25, 1.26]
['2019-12-24', 1.29, 1.29, 1.21, 1.26]
['2019-12-26', 1.25, 1.276, 1.22, 1.225]
['2019-12-27', 1.22, 1.29, 1.2, 1.24]
['2019-12-30', 1.27, 1.32, 1.24, 1.29]
['2019-12-31', 1.26, 1.34, 1.26, 1.3]
['2020-01-02', 1.27, 1.29, 1.25, 1.25]
['2020-01-03', 1.25, 1.25, 1.18, 1.23]
['2020-01-06', 1.23, 1.23, 1.16, 1.21]
['2020-01-07', 1.2, 1.2, 1.105, 1.14]
['2020-01-08', 1.14, 1.2, 1.13, 1.15]
['2020-01-09', 1.18, 1.18, 1.11, 1.16]
['2020-01-10', 1.16, 1.17, 1.13, 1.14]
['2020-01-13', 1.15, 1.17, 1.11, 1.12]
['2020-01-14', 1.11, 1.21, 1.11, 1.18]
['2020-01-15', 1.94, 2.75, 1.82, 1.82]
['2020-01-16', 3.2, 3.31, 2.23, 2.51]
['2020-01-17', 2.27, 2.37, 2.01, 2.02]
['2020-01-21', 1.94, 2.0, 1.85, 1.88]
['2020-01-22', 1.88, 2.03, 1.8, 1.91]
['2020-01-23', 1.86, 1.95, 1.71, 1.73]
['2020-01-24', 1.74, 1.74, 1.5, 1.53]
['2020-01-27', 1.47, 1.49, 1.4, 1.43]
['2020-01-28', 1.42, 1.424, 1.29, 1.37]
['2020-01-29', 1.37, 1.37, 1.29, 1.29]
['2020-01-30', 1.31, 1.43, 1.3, 1.41]
['2020-01-31', 1.41, 1.418, 1.33, 1.37]
['2020-02-03', 1.36, 1.39, 1.32, 1.32]
['2020-02-04', 1.33, 1.35, 1.18, 1.3]
['2020-02-05', 1.57, 1.75, 1.26, 1.33]
['2020-02-06', 1.29, 1.33, 1.23, 1.27]
['2020-02-07', 1.27, 1.27, 1.19, 1.22]
['2020-02-10', 1.27, 1.28, 1.16, 1.18]
['2020-02-11', 1.23, 1.23, 1.13, 1.17]
['2020-02-12', 1.15, 1.3, 1.14, 1.29]
['2020-02-13', 1.29, 1.29, 1.2, 1.22]
['2020-02-14', 1.25, 1.45, 1.23, 1.31]
['2020-02-18', 1.65, 1.65, 1.4, 1.54]
['2020-02-19', 1.88, 1.92, 1.56, 1.74]
['2020-02-20', 1.62, 1.67, 1.42, 1.45]
['2020-02-21', 1.43, 1.46, 1.35, 1.39]
['2020-02-24', 1.8, 2.05, 1.55, 1.63]
['2020-02-25', 1.57, 1.64, 1.44, 1.6]
['2020-02-26', 1.51, 1.85, 1.47, 1.54]
['2020-02-27', 1.47, 1.48, 1.35, 1.37]
['2020-02-28', 1.35, 1.43, 1.25, 1.42]
['2020-03-02', 1.38, 1.45, 1.3, 1.34]
['2020-03-03', 1.3, 1.34, 1.28, 1.32]
['2020-03-04', 1.3, 1.32, 1.26, 1.3]
['2020-03-05', 1.27, 1.29, 1.22, 1.25]
['2020-03-06', 1.21, 1.25, 1.16, 1.17]
['2020-03-09', 1.15, 1.21, 0.99, 0.99]
['2020-03-10', 1.1, 1.14, 0.91, 0.959]
['2020-03-11', 1.0, 1.0, 0.891, 0.898]
['2020-03-12', 0.79, 0.8, 0.6, 0.755]
['2020-03-13', 0.8, 0.8, 0.617, 0.673]
['2020-03-16', 0.6, 0.787, 0.6, 0.662]
['2020-03-17', 0.87, 0.91, 0.66, 0.72]
['2020-03-18', 0.71, 0.736, 0.65, 0.66]
['2020-03-19', 0.65, 0.77, 0.63, 0.75]
['2020-03-20', 0.77, 0.797, 0.7, 0.717]
['2020-03-23', 0.72, 0.785, 0.655, 0.682]
['2020-03-24', 0.707, 0.73, 0.65, 0.68]
['2020-03-25', 0.686, 0.83, 0.67, 0.736]
['2020-03-26', 0.75, 0.8, 0.705, 0.758]
['2020-03-27', 0.77, 0.817, 0.7, 0.748]
['2020-03-30', 0.738, 0.75, 0.673, 0.689]
['2020-03-31', 0.675, 0.71, 0.675, 0.695]
['2020-04-01', 0.69, 0.77, 0.66, 0.712]
['2020-04-02', 0.7, 0.7, 0.655, 0.67]
['2020-04-03', 0.66, 0.725, 0.65, 0.667]
['2020-04-06', 0.67, 0.727, 0.64, 0.7]
['2020-04-07', 0.72, 0.79, 0.67, 0.775]
['2020-04-08', 0.76, 0.8, 0.71, 0.765]
['2020-04-09', 0.75, 0.818, 0.72, 0.756]
['2020-04-13', 0.765, 0.768, 0.72, 0.768]
['2020-04-14', 0.795, 0.95, 0.785, 0.859]
['2020-04-15', 0.86, 0.97, 0.806, 0.866]
['2020-04-16', 0.9, 0.93, 0.8, 0.815]
['2020-04-17', 0.82, 0.861, 0.77, 0.806]
['2020-04-20', 0.8, 0.804, 0.75, 0.77]
['2020-04-21', 0.78, 0.78, 0.702, 0.77]
['2020-04-22', 0.78, 0.829, 0.75, 0.77]
['2020-04-23', 0.755, 0.776, 0.741, 0.77]
['2020-04-24', 0.75, 0.77, 0.73, 0.763]
['2020-04-27', 0.76, 0.848, 0.735, 0.81]
['2020-04-28', 0.81, 0.83, 0.76, 0.795]
['2020-04-29', 0.82, 0.895, 0.78, 0.845]
['2020-04-30', 0.845, 0.862, 0.77, 0.845]
['2020-05-01', 0.83, 0.839, 0.77, 0.82]
['2020-05-04', 0.85, 0.87, 0.795, 0.85]
['2020-05-05', 0.88, 0.99, 0.81, 0.933]
['2020-05-06', 0.88, 0.919, 0.79, 0.825]
['2020-05-07', 0.84, 0.84, 0.77, 0.799]
['2020-05-08', 0.8, 0.83, 0.76, 0.813]
['2020-05-11', 0.82, 0.829, 0.762, 0.801]
['2020-05-12', 0.8, 0.819, 0.78, 0.805]
['2020-05-13', 1.05, 1.17, 0.788, 0.87]
['2020-05-14', 0.85, 0.875, 0.79, 0.85]
['2020-05-15', 0.85, 0.875, 0.81, 0.82]
['2020-05-18', 0.85, 0.89, 0.82, 0.831]
['2020-05-19', 0.84, 0.84, 0.77, 0.808]
['2020-05-20', 0.802, 0.804, 0.78, 0.797]
['2020-05-21', 0.805, 0.815, 0.78, 0.811]
['2020-05-22', 0.81, 0.816, 0.79, 0.798]
