['2020-01-10', 9.9, 9.9, 9.9, 9.9]
['2020-01-13', 9.87, 9.87, 9.87, 9.87]
['2020-01-14', 9.87, 9.87, 9.87, 9.87]
['2020-01-15', 9.87, 9.87, 9.87, 9.87]
['2020-01-16', 9.88, 9.9, 9.88, 9.9]
['2020-01-17', 9.92, 9.92, 9.92, 9.92]
['2020-01-21', 9.98, 9.99, 9.95, 9.99]
['2020-01-22', 9.8, 9.95, 9.8, 9.92]
['2020-01-23', 9.92, 9.92, 9.92, 9.92]
['2020-01-24', 9.92, 9.92, 9.92, 9.92]
['2020-01-27', 9.92, 9.92, 9.92, 9.92]
['2020-01-28', 9.92, 9.92, 9.92, 9.92]
['2020-01-29', 9.92, 9.92, 9.92, 9.92]
['2020-01-30', 9.92, 9.92, 9.92, 9.92]
['2020-01-31', 9.92, 9.92, 9.92, 9.92]
['2020-02-03', 9.92, 9.92, 9.92, 9.92]
['2020-02-04', 9.9, 9.9, 9.9, 9.9]
['2020-02-05', 9.94, 9.94, 9.94, 9.94]
['2020-02-06', 9.94, 9.94, 9.94, 9.94]
['2020-02-07', 9.95, 9.95, 9.95, 9.95]
['2020-02-10', 9.95, 9.95, 9.95, 9.95]
['2020-02-11', 9.99, 9.99, 9.96, 9.96]
['2020-02-12', 9.96, 10.0, 9.96, 9.99]
['2020-02-13', 9.99, 9.99, 9.99, 9.99]
['2020-02-14', 9.95, 9.99, 9.95, 9.99]
['2020-02-18', 9.96, 10.02, 9.96, 10.02]
['2020-02-19', 9.95, 10.02, 9.95, 10.02]
['2020-02-20', 10.02, 10.02, 10.02, 10.02]
['2020-02-21', 10.0, 10.0, 10.0, 10.0]
['2020-02-24', 10.01, 10.02, 10.0, 10.0]
['2020-02-25', 10.0, 10.0, 10.0, 10.0]
['2020-02-26', 9.95, 10.0, 9.95, 9.98]
['2020-02-27', 9.98, 9.98, 9.98, 9.98]
['2020-02-28', 9.98, 9.98, 9.98, 9.98]
['2020-03-02', 9.91, 9.94, 9.9, 9.92]
['2020-03-03', 9.92, 9.92, 9.92, 9.92]
['2020-03-04', 9.95, 9.95, 9.92, 9.95]
['2020-03-05', 9.95, 9.95, 9.92, 9.92]
['2020-03-06', 9.92, 9.92, 9.8, 9.81]
['2020-03-09', 9.9, 9.9, 9.78, 9.78]
['2020-03-10', 9.88, 9.92, 9.88, 9.9]
['2020-03-11', 9.9, 9.9, 9.81, 9.86]
['2020-03-12', 9.8, 9.8, 9.7, 9.8]
['2020-03-13', 9.72, 9.72, 9.63, 9.69]
['2020-03-16', 9.51, 9.7, 9.49, 9.5]
['2020-03-17', 9.5, 9.5, 9.5, 9.5]
['2020-03-18', 9.45, 9.45, 9.45, 9.45]
['2020-03-19', 9.42, 9.5, 9.41, 9.5]
['2020-03-20', 9.51, 9.51, 9.4, 9.4]
['2020-03-23', 9.4, 9.53, 9.2, 9.53]
['2020-03-24', 9.35, 9.75, 9.35, 9.72]
['2020-03-25', 9.5, 9.5, 9.5, 9.5]
['2020-03-26', 9.49, 9.8, 9.49, 9.77]
['2020-03-27', 9.77, 9.77, 9.77, 9.77]
['2020-03-30', 9.7, 9.7, 9.7, 9.7]
['2020-03-31', 9.7, 9.7, 9.7, 9.7]
['2020-04-01', 9.47, 9.83, 9.47, 9.83]
['2020-04-02', 9.83, 9.83, 9.83, 9.83]
['2020-04-03', 9.83, 9.83, 9.83, 9.83]
['2020-04-06', 9.83, 9.83, 9.83, 9.83]
['2020-04-07', 9.83, 9.83, 9.83, 9.83]
['2020-04-08', 9.83, 9.83, 9.83, 9.83]
['2020-04-09', 9.83, 9.83, 9.83, 9.83]
['2020-04-13', 9.83, 9.83, 9.83, 9.83]
['2020-04-14', 9.6, 9.83, 9.6, 9.83]
['2020-04-15', 9.83, 9.83, 9.83, 9.83]
['2020-04-16', 9.7, 9.7, 9.7, 9.7]
['2020-04-17', 9.7, 9.7, 9.7, 9.7]
['2020-04-20', 9.72, 9.72, 9.7, 9.7]
['2020-04-21', 9.72, 9.83, 9.72, 9.83]
['2020-04-22', 9.8, 9.8, 9.78, 9.78]
['2020-04-23', 9.78, 9.78, 9.78, 9.78]
['2020-04-24', 9.8, 9.8, 9.8, 9.8]
['2020-04-27', 9.78, 9.81, 9.77, 9.81]
['2020-04-28', 9.79, 9.79, 9.78, 9.78]
['2020-04-29', 9.77, 9.77, 9.77, 9.77]
['2020-04-30', 9.77, 9.77, 9.77, 9.77]
['2020-05-01', 9.77, 9.77, 9.77, 9.77]
['2020-05-04', 9.77, 9.77, 9.77, 9.77]
['2020-05-05', 9.77, 9.77, 9.77, 9.77]
['2020-05-06', 9.77, 9.77, 9.77, 9.77]
['2020-05-07', 9.77, 9.77, 9.77, 9.77]
['2020-05-08', 9.77, 9.77, 9.77, 9.77]
['2020-05-11', 9.77, 9.77, 9.77, 9.77]
['2020-05-12', 9.77, 9.77, 9.77, 9.77]
['2020-05-13', 9.77, 9.77, 9.77, 9.77]
['2020-05-14', 9.72, 9.72, 9.72, 9.72]
['2020-05-15', 9.72, 9.72, 9.72, 9.72]
['2020-05-18', 9.72, 9.72, 9.72, 9.72]
['2020-05-19', 9.72, 9.72, 9.72, 9.72]
['2020-05-20', 9.72, 9.72, 9.72, 9.72]
['2020-05-21', 9.72, 9.72, 9.72, 9.72]
['2020-05-22', 9.72, 9.72, 9.72, 9.72]
