['2014-11-06', 12.75, 13.15, 12.27, 12.61]
['2014-11-07', 12.74, 15.55, 12.62, 15.1]
['2014-11-10', 15.8, 16.25, 14.55, 15.26]
['2014-11-11', 14.42, 15.37, 13.8, 14.95]
['2014-11-12', 14.72, 14.72, 14.01, 14.42]
['2014-11-13', 14.79, 14.79, 13.63, 13.9]
['2014-11-14', 14.25, 14.25, 13.33, 13.92]
['2014-11-17', 13.38, 14.1, 12.5, 13.15]
['2014-11-18', 13.2, 13.88, 13.16, 13.16]
['2014-11-19', 12.97, 13.5, 12.97, 13.16]
['2014-11-20', 13.14, 13.56, 12.7, 13.0]
['2014-11-21', 12.75, 13.38, 12.75, 13.05]
['2014-11-24', 13.22, 13.54, 13.09, 13.41]
['2014-11-25', 13.71, 14.49, 13.63, 13.75]
['2014-11-26', 13.77, 14.12, 13.25, 13.59]
['2014-11-28', 13.75, 13.82, 13.21, 13.73]
['2014-12-01', 13.62, 13.69, 13.1, 13.37]
['2014-12-02', 13.75, 14.48, 13.3, 14.14]
['2014-12-03', 14.34, 14.89, 13.82, 14.25]
['2014-12-04', 14.43, 14.59, 14.0, 14.18]
['2014-12-05', 13.96, 14.63, 13.96, 14.37]
['2014-12-08', 14.77, 15.0, 14.12, 14.34]
['2014-12-09', 14.0, 15.53, 13.85, 15.19]
['2014-12-10', 15.0, 15.24, 14.76, 14.97]
['2014-12-11', 15.1, 15.53, 14.35, 14.52]
['2014-12-12', 14.26, 14.78, 13.8, 14.12]
['2014-12-15', 14.01, 14.55, 13.01, 13.78]
['2014-12-16', 13.82, 14.47, 13.19, 13.63]
['2014-12-17', 13.5, 13.94, 12.5, 13.04]
['2014-12-18', 13.31, 13.43, 12.38, 13.15]
['2014-12-19', 13.07, 13.43, 12.7, 12.76]
['2014-12-22', 12.84, 13.18, 12.8, 12.82]
['2014-12-23', 12.97, 14.42, 12.97, 14.06]
['2014-12-24', 14.02, 15.14, 13.84, 14.85]
['2014-12-26', 14.94, 15.7, 14.88, 15.68]
['2014-12-29', 15.75, 16.47, 15.67, 16.36]
['2014-12-30', 16.72, 17.31, 16.0, 16.03]
['2014-12-31', 16.13, 16.61, 16.13, 16.32]
['2015-01-02', 16.45, 16.73, 15.59, 15.82]
['2015-01-05', 16.0, 16.58, 15.5, 16.06]
['2015-01-06', 16.16, 17.51, 15.94, 16.84]
['2015-01-07', 16.96, 19.99, 16.67, 19.79]
['2015-01-08', 20.97, 23.63, 20.1, 21.32]
['2015-01-09', 21.32, 23.6, 21.0, 22.24]
['2015-01-12', 22.15, 22.81, 20.78, 21.38]
['2015-01-13', 21.39, 23.27, 21.39, 22.44]
['2015-01-14', 22.47, 24.46, 22.34, 22.78]
['2015-01-15', 23.53, 23.74, 20.5, 20.99]
['2015-01-16', 21.0, 21.67, 18.5, 20.6]
['2015-01-20', 20.34, 21.64, 20.01, 21.08]
['2015-01-21', 21.09, 21.09, 20.01, 20.44]
['2015-01-22', 20.8, 21.11, 19.54, 20.86]
['2015-01-23', 20.93, 20.94, 19.97, 20.17]
['2015-01-26', 20.71, 22.99, 20.29, 22.14]
['2015-01-27', 22.0, 23.2, 21.89, 22.26]
['2015-01-28', 22.4, 22.62, 21.28, 22.19]
['2015-01-29', 22.6, 23.05, 22.0, 23.0]
['2015-01-30', 22.74, 23.51, 22.2, 22.44]
['2015-02-02', 22.58, 22.84, 21.81, 22.49]
['2015-02-03', 22.5, 22.5, 21.0, 21.91]
['2015-02-04', 22.4, 22.4, 21.0, 21.65]
['2015-02-05', 21.64, 24.78, 21.64, 24.39]
['2015-02-06', 24.45, 29.4, 23.93, 28.66]
['2015-02-09', 28.0, 32.71, 27.29, 32.36]
['2015-02-10', 32.95, 32.95, 29.08, 29.36]
['2015-02-11', 29.43, 29.5, 27.11, 27.46]
['2015-02-12', 27.56, 29.36, 26.78, 27.82]
['2015-02-13', 28.1, 28.47, 26.06, 27.11]
['2015-02-17', 28.05, 28.47, 26.16, 26.58]
['2015-02-18', 26.66, 28.17, 26.55, 27.99]
['2015-02-19', 27.79, 28.21, 27.17, 27.39]
['2015-02-20', 27.47, 27.74, 26.5, 27.45]
['2015-02-23', 27.5, 28.11, 26.76, 28.11]
['2015-02-24', 28.24, 30.38, 28.09, 29.86]
['2015-02-25', 29.68, 33.0, 29.68, 32.16]
['2015-02-26', 32.16, 33.16, 30.41, 32.7]
['2015-02-27', 32.58, 32.78, 30.6, 31.59]
['2015-03-02', 31.46, 33.0, 31.39, 32.85]
['2015-03-03', 32.93, 33.3, 31.54, 31.77]
['2015-03-04', 31.75, 32.99, 30.69, 32.62]
['2015-03-05', 33.07, 33.15, 29.26, 29.71]
['2015-03-06', 29.8, 30.4, 27.01, 27.48]
['2015-03-09', 27.64, 27.97, 25.41, 26.98]
['2015-03-10', 26.5, 28.95, 26.17, 27.84]
['2015-03-11', 27.79, 28.25, 27.1, 27.48]
['2015-03-12', 27.64, 28.72, 27.47, 28.02]
['2015-03-13', 28.13, 29.65, 28.0, 28.96]
['2015-03-16', 29.22, 32.5, 29.18, 29.91]
['2015-03-17', 29.94, 31.68, 29.91, 30.77]
['2015-03-18', 30.85, 32.42, 30.75, 31.79]
['2015-03-19', 31.9, 32.37, 28.34, 28.73]
['2015-03-20', 28.4, 28.87, 25.25, 26.46]
['2015-03-23', 26.58, 26.98, 25.09, 25.6]
['2015-03-24', 28.6, 30.0, 27.0, 27.18]
['2015-03-25', 27.04, 27.16, 23.25, 24.55]
['2015-03-26', 24.54, 28.4, 24.36, 26.97]
['2015-03-27', 27.13, 28.47, 26.08, 28.41]
['2015-03-30', 28.42, 31.5, 27.83, 30.02]
['2015-03-31', 29.61, 31.11, 28.98, 30.58]
['2015-04-01', 29.7, 29.7, 26.76, 27.28]
['2015-04-02', 27.46, 28.13, 26.64, 28.05]
['2015-04-06', 28.09, 28.25, 26.74, 27.42]
['2015-04-07', 27.49, 27.73, 26.0, 27.01]
['2015-04-08', 27.04, 27.2, 25.99, 26.5]
['2015-04-09', 26.62, 27.73, 25.99, 27.27]
['2015-04-10', 27.11, 27.61, 25.97, 26.05]
['2015-04-13', 26.05, 26.32, 23.2, 23.76]
['2015-04-14', 23.68, 27.42, 23.65, 27.08]
['2015-04-15', 27.1, 27.25, 25.85, 26.53]
['2015-04-16', 26.44, 26.91, 25.8, 26.0]
['2015-04-17', 25.83, 25.88, 24.62, 25.44]
['2015-04-20', 25.55, 26.43, 25.16, 26.25]
['2015-04-21', 26.43, 26.74, 25.13, 25.68]
['2015-04-22', 25.57, 26.0, 24.71, 24.79]
['2015-04-23', 24.79, 24.84, 23.85, 24.4]
['2015-04-24', 24.42, 24.43, 23.41, 23.52]
['2015-04-27', 23.63, 23.72, 21.66, 22.74]
['2015-04-28', 23.02, 23.36, 20.02, 21.7]
['2015-04-29', 21.68, 22.86, 21.0, 22.65]
['2015-04-30', 22.53, 22.56, 21.65, 21.77]
['2015-05-01', 21.99, 23.79, 21.88, 23.62]
['2015-05-04', 23.74, 24.16, 22.42, 23.55]
['2015-05-05', 23.45, 23.69, 21.87, 22.15]
['2015-05-06', 22.1, 22.41, 21.54, 21.95]
['2015-05-07', 21.98, 22.06, 21.22, 21.44]
['2015-05-08', 21.82, 21.95, 21.0, 21.07]
['2015-05-11', 21.17, 21.87, 20.9, 21.08]
['2015-05-12', 21.5, 22.25, 20.18, 21.1]
['2015-05-13', 21.06, 21.53, 20.91, 21.23]
['2015-05-14', 21.35, 22.74, 21.1, 22.63]
['2015-05-15', 22.63, 24.09, 21.89, 24.05]
['2015-05-18', 24.0, 24.8, 23.6, 24.59]
['2015-05-19', 24.57, 25.68, 24.41, 25.3]
['2015-05-20', 25.52, 25.74, 24.93, 25.19]
['2015-05-21', 25.19, 25.48, 24.52, 25.26]
['2015-05-22', 25.17, 25.44, 24.62, 24.98]
['2015-05-26', 24.71, 25.14, 24.63, 25.11]
['2015-05-27', 24.94, 25.46, 24.65, 25.34]
['2015-05-28', 25.34, 25.54, 24.66, 24.97]
['2015-05-29', 24.99, 24.99, 24.33, 24.57]
['2015-06-01', 24.25, 25.26, 24.25, 24.99]
['2015-06-02', 24.87, 25.32, 24.69, 24.99]
['2015-06-03', 25.05, 25.8, 24.76, 24.97]
['2015-06-04', 24.81, 25.24, 24.09, 24.93]
['2015-06-05', 24.79, 25.8, 24.05, 25.11]
['2015-06-08', 25.13, 26.63, 24.89, 26.46]
['2015-06-09', 26.56, 26.75, 25.5, 26.44]
['2015-06-10', 26.64, 27.95, 25.54, 27.75]
['2015-06-11', 27.79, 27.88, 26.83, 27.75]
['2015-06-12', 27.52, 27.52, 25.9, 26.6]
['2015-06-15', 26.33, 27.22, 25.79, 26.62]
['2015-06-16', 26.54, 26.73, 26.3, 26.58]
['2015-06-17', 26.75, 27.27, 26.15, 27.02]
['2015-06-18', 27.07, 27.46, 26.27, 27.1]
['2015-06-19', 27.0, 27.97, 26.77, 27.84]
['2015-06-22', 27.98, 29.25, 27.73, 28.65]
['2015-06-23', 28.61, 28.94, 27.28, 28.06]
['2015-06-24', 27.99, 28.47, 26.73, 27.27]
['2015-06-25', 27.32, 28.75, 26.15, 27.47]
['2015-06-26', 27.48, 28.99, 27.36, 28.31]
['2015-06-29', 28.0, 28.48, 27.45, 27.74]
['2015-06-30', 28.09, 29.11, 27.7, 28.9]
['2015-07-01', 29.0, 29.9, 28.69, 29.84]
['2015-07-02', 29.9, 29.9, 27.67, 29.0]
['2015-07-06', 28.51, 29.79, 28.24, 29.28]
['2015-07-07', 29.39, 29.61, 28.63, 29.49]
['2015-07-08', 29.25, 29.25, 28.08, 28.56]
['2015-07-09', 28.95, 30.19, 28.45, 29.87]
['2015-07-10', 30.56, 34.99, 30.31, 33.06]
['2015-07-13', 33.35, 34.71, 33.16, 33.99]
['2015-07-14', 34.11, 36.49, 33.51, 34.45]
['2015-07-15', 34.61, 35.68, 34.42, 34.76]
['2015-07-16', 35.31, 36.9, 34.76, 36.85]
['2015-07-17', 36.76, 37.34, 36.18, 36.52]
['2015-07-20', 36.52, 37.22, 35.59, 37.18]
['2015-07-21', 37.18, 37.72, 36.25, 37.08]
['2015-07-22', 36.71, 38.1, 36.23, 37.46]
['2015-07-23', 37.6, 37.99, 35.1, 35.99]
['2015-07-24', 35.77, 36.69, 35.08, 35.46]
['2015-07-27', 34.81, 36.39, 34.36, 36.2]
['2015-07-28', 36.23, 36.81, 35.52, 36.09]
['2015-07-29', 36.04, 37.02, 35.38, 35.39]
['2015-07-30', 35.15, 35.5, 31.68, 33.72]
['2015-07-31', 33.56, 35.6, 33.56, 35.08]
['2015-08-03', 35.0, 35.75, 34.37, 35.03]
['2015-08-04', 35.18, 35.33, 34.54, 34.67]
['2015-08-05', 35.0, 35.72, 34.62, 35.4]
['2015-08-06', 35.78, 35.78, 33.19, 33.51]
['2015-08-07', 33.22, 34.01, 32.13, 33.84]
['2015-08-10', 33.78, 34.19, 33.09, 33.87]
['2015-08-11', 34.0, 34.0, 31.58, 33.15]
['2015-08-12', 32.69, 33.67, 31.9, 33.5]
['2015-08-13', 33.27, 35.05, 32.81, 34.31]
['2015-08-14', 34.11, 34.53, 33.42, 34.14]
['2015-08-17', 33.88, 34.31, 32.95, 33.2]
['2015-08-18', 33.29, 33.52, 31.87, 31.99]
['2015-08-19', 31.7, 31.7, 30.35, 30.42]
['2015-08-20', 29.8, 30.41, 28.92, 29.51]
['2015-08-21', 28.55, 30.93, 28.53, 29.87]
['2015-08-24', 28.21, 30.22, 26.93, 27.99]
['2015-08-25', 29.0, 29.0, 27.3, 27.4]
['2015-08-26', 27.68, 29.01, 26.76, 27.4]
['2015-08-27', 27.5, 28.61, 27.06, 28.54]
['2015-08-28', 28.45, 29.25, 28.15, 28.98]
['2015-08-31', 29.05, 29.33, 27.46, 27.6]
['2015-09-01', 27.02, 27.94, 26.0, 26.95]
['2015-09-02', 27.38, 28.19, 26.85, 27.68]
['2015-09-03', 27.7, 27.99, 26.55, 26.72]
['2015-09-04', 26.56, 27.15, 25.24, 27.07]
['2015-09-08', 27.11, 27.11, 24.78, 25.85]
['2015-09-09', 25.68, 26.8, 25.5, 25.63]
['2015-09-10', 25.69, 26.13, 25.54, 25.78]
['2015-09-11', 25.62, 26.48, 25.25, 26.41]
['2015-09-14', 26.57, 26.57, 25.73, 25.78]
['2015-09-15', 25.9, 26.77, 25.68, 26.39]
['2015-09-16', 26.31, 26.6, 25.7, 26.49]
['2015-09-17', 26.5, 28.75, 26.5, 28.16]
['2015-09-18', 27.81, 28.45, 27.22, 27.69]
['2015-09-21', 28.02, 28.2, 26.01, 27.01]
['2015-09-22', 26.64, 27.05, 26.02, 26.19]
['2015-09-23', 26.18, 26.62, 25.56, 26.1]
['2015-09-24', 25.98, 26.37, 25.14, 26.27]
['2015-09-25', 26.64, 26.68, 23.14, 23.19]
['2015-09-28', 23.18, 23.35, 21.54, 22.49]
['2015-09-29', 22.44, 22.44, 19.32, 19.92]
['2015-09-30', 20.15, 20.96, 19.79, 20.04]
['2015-10-01', 20.15, 20.15, 18.01, 18.83]
['2015-10-02', 18.0, 20.64, 16.96, 20.63]
['2015-10-05', 20.73, 22.68, 20.73, 22.56]
['2015-10-06', 22.48, 24.02, 22.22, 23.48]
['2015-10-07', 23.85, 24.16, 22.74, 23.82]
['2015-10-08', 23.67, 23.86, 22.23, 23.36]
['2015-10-09', 23.43, 23.99, 23.09, 23.29]
['2015-10-12', 23.45, 23.68, 22.55, 22.84]
['2015-10-13', 22.63, 23.01, 21.27, 21.51]
['2015-10-14', 21.58, 22.31, 21.43, 21.8]
['2015-10-15', 21.76, 23.67, 21.62, 23.54]
['2015-10-16', 23.64, 25.17, 23.64, 24.8]
['2015-10-19', 24.75, 25.16, 23.09, 23.74]
['2015-10-20', 23.82, 24.41, 23.05, 23.19]
['2015-10-21', 23.37, 24.24, 21.7, 23.02]
['2015-10-22', 23.2, 23.5, 22.13, 23.03]
['2015-10-23', 23.37, 25.05, 23.22, 24.66]
['2015-10-26', 24.6, 25.7, 23.92, 25.04]
['2015-10-27', 25.01, 27.25, 25.01, 27.15]
['2015-10-28', 27.21, 29.08, 26.0, 27.54]
['2015-10-29', 27.47, 28.81, 27.47, 28.39]
['2015-10-30', 28.25, 28.69, 27.55, 27.85]
['2015-11-02', 28.0, 29.53, 28.0, 28.71]
['2015-11-03', 28.59, 29.48, 28.19, 28.81]
['2015-11-04', 28.95, 29.62, 28.35, 29.31]
['2015-11-05', 29.16, 29.89, 28.29, 29.09]
['2015-11-06', 28.93, 29.61, 28.16, 29.4]
['2015-11-09', 29.38, 30.33, 28.91, 29.06]
['2015-11-10', 28.7, 29.73, 27.93, 29.55]
['2015-11-11', 29.82, 29.96, 28.37, 28.44]
['2015-11-12', 28.16, 28.56, 26.8, 26.94]
['2015-11-13', 26.76, 28.29, 26.69, 26.82]
['2015-11-16', 27.08, 27.66, 26.39, 26.98]
['2015-11-17', 27.0, 28.29, 27.0, 27.26]
['2015-11-18', 27.49, 27.49, 26.26, 27.23]
['2015-11-19', 26.88, 27.26, 26.6, 27.1]
['2015-11-20', 27.09, 28.27, 26.92, 27.61]
['2015-11-23', 28.22, 29.98, 28.05, 29.59]
['2015-11-24', 29.52, 30.05, 28.91, 29.96]
['2015-11-25', 30.04, 30.81, 29.1, 29.52]
['2015-11-27', 29.52, 30.66, 29.35, 30.56]
['2015-11-30', 30.99, 31.84, 30.0, 30.37]
['2015-12-01', 29.78, 30.05, 28.19, 29.83]
['2015-12-02', 29.83, 30.83, 29.41, 29.83]
['2015-12-03', 30.0, 30.48, 28.25, 28.3]
['2015-12-04', 28.23, 29.39, 27.05, 29.23]
['2015-12-07', 29.15, 29.15, 27.53, 27.68]
['2015-12-08', 27.42, 28.69, 27.36, 28.2]
['2015-12-09', 26.85, 26.85, 23.96, 24.3]
['2015-12-10', 24.37, 25.9, 24.2, 25.89]
['2015-12-11', 25.5, 26.52, 24.28, 24.59]
['2015-12-14', 24.69, 25.5, 23.73, 24.36]
['2015-12-15', 24.74, 26.13, 24.48, 25.87]
['2015-12-16', 26.13, 26.99, 25.2, 25.35]
['2015-12-17', 25.53, 25.57, 23.18, 23.3]
['2015-12-18', 23.17, 23.91, 22.2, 22.41]
['2015-12-21', 22.39, 23.3, 22.01, 22.31]
['2015-12-22', 22.33, 22.35, 21.1, 21.55]
['2015-12-23', 21.73, 22.55, 21.52, 22.4]
['2015-12-24', 22.43, 23.19, 22.27, 22.97]
['2015-12-28', 22.84, 22.93, 22.01, 22.27]
['2015-12-29', 22.42, 23.91, 22.15, 23.74]
['2015-12-30', 23.64, 24.18, 23.14, 23.32]
['2015-12-31', 23.19, 23.51, 22.83, 22.96]
['2016-01-04', 22.49, 22.57, 21.01, 21.07]
['2016-01-05', 21.19, 21.35, 20.32, 20.59]
['2016-01-06', 20.29, 20.46, 18.36, 18.87]
['2016-01-07', 18.38, 18.77, 17.34, 18.28]
['2016-01-08', 18.51, 18.96, 17.8, 18.27]
['2016-01-11', 18.47, 18.63, 16.68, 17.71]
['2016-01-12', 17.97, 18.55, 16.19, 16.7]
['2016-01-13', 16.74, 17.04, 13.68, 14.07]
['2016-01-14', 14.3, 16.07, 13.24, 16.0]
['2016-01-15', 15.33, 16.21, 15.05, 16.19]
['2016-01-19', 16.42, 16.5, 14.59, 15.1]
['2016-01-20', 14.78, 15.97, 12.96, 15.02]
['2016-01-21', 15.46, 15.57, 13.97, 14.03]
['2016-01-22', 14.41, 14.89, 14.15, 14.49]
['2016-01-25', 14.38, 15.09, 14.38, 14.69]
['2016-01-26', 14.82, 14.82, 13.77, 14.55]
['2016-01-27', 14.56, 14.62, 13.43, 13.61]
['2016-01-28', 13.7, 13.92, 12.98, 13.36]
['2016-01-29', 13.28, 13.62, 12.95, 13.26]
['2016-02-01', 13.2, 13.4, 12.34, 13.16]
['2016-02-02', 13.36, 13.59, 12.94, 13.12]
['2016-02-03', 13.26, 13.33, 12.17, 12.75]
['2016-02-04', 12.62, 13.37, 12.42, 13.24]
['2016-02-05', 13.48, 15.28, 13.35, 14.33]
['2016-02-08', 14.02, 14.32, 12.35, 12.54]
['2016-02-09', 12.23, 13.09, 12.04, 12.71]
['2016-02-10', 12.78, 13.67, 12.59, 12.85]
['2016-02-11', 12.48, 13.52, 12.31, 13.34]
['2016-02-12', 13.56, 13.99, 12.8, 13.61]
['2016-02-16', 13.9, 15.27, 13.81, 14.69]
['2016-02-17', 14.8, 16.2, 14.69, 15.41]
['2016-02-18', 15.52, 15.6, 14.52, 14.66]
['2016-02-19', 14.58, 14.72, 13.9, 14.63]
['2016-02-22', 14.81, 14.88, 14.39, 14.6]
['2016-02-23', 14.53, 14.73, 13.85, 13.94]
['2016-02-24', 13.75, 14.07, 13.1, 13.99]
['2016-02-25', 14.04, 14.18, 13.41, 13.82]
['2016-02-26', 13.99, 14.62, 13.98, 14.43]
['2016-02-29', 14.38, 14.89, 14.0, 14.19]
['2016-03-01', 13.85, 15.03, 13.12, 15.02]
['2016-03-02', 15.0, 19.07, 14.92, 17.64]
['2016-03-03', 17.82, 18.08, 16.8, 18.06]
['2016-03-04', 18.02, 19.44, 17.44, 18.46]
['2016-03-07', 18.4, 20.82, 18.4, 19.93]
['2016-03-08', 19.84, 20.16, 18.07, 19.27]
['2016-03-09', 19.29, 19.75, 17.94, 19.61]
['2016-03-10', 19.44, 19.6, 17.58, 18.0]
['2016-03-11', 18.28, 19.11, 18.22, 19.09]
['2016-03-14', 19.12, 20.69, 19.12, 20.04]
['2016-03-15', 19.78, 19.89, 18.05, 18.26]
['2016-03-16', 18.22, 19.07, 17.68, 18.41]
['2016-03-17', 18.21, 18.64, 17.01, 18.42]
['2016-03-18', 18.57, 19.68, 18.09, 19.39]
['2016-03-21', 19.07, 20.83, 19.07, 20.24]
['2016-03-22', 20.0, 20.71, 19.87, 20.0]
['2016-03-23', 19.99, 20.12, 18.83, 19.11]
['2016-03-24', 19.01, 19.87, 18.29, 19.41]
['2016-03-28', 19.54, 19.82, 18.47, 18.83]
['2016-03-29', 18.89, 19.9, 18.12, 19.82]
['2016-03-30', 20.01, 20.95, 19.15, 19.25]
['2016-03-31', 19.41, 21.77, 19.41, 21.23]
['2016-04-01', 20.97, 22.57, 20.6, 22.47]
['2016-04-04', 22.5, 23.59, 20.84, 22.07]
['2016-04-05', 21.77, 22.97, 21.51, 22.62]
['2016-04-06', 22.78, 24.9, 22.77, 23.85]
['2016-04-07', 23.53, 24.38, 22.37, 22.52]
['2016-04-08', 22.87, 22.98, 21.68, 22.23]
['2016-04-11', 22.29, 22.48, 21.52, 21.6]
['2016-04-12', 21.58, 21.66, 20.59, 21.56]
['2016-04-13', 22.13, 22.42, 21.65, 22.11]
['2016-04-14', 22.07, 22.33, 21.56, 21.88]
['2016-04-15', 21.91, 21.96, 21.25, 21.86]
['2016-04-18', 21.68, 22.32, 21.57, 21.99]
['2016-04-19', 22.14, 22.14, 21.07, 21.17]
['2016-04-20', 21.51, 21.53, 20.6, 21.06]
['2016-04-21', 20.95, 21.7, 20.81, 21.66]
['2016-04-22', 21.82, 22.22, 21.16, 21.74]
['2016-04-25', 21.61, 21.7, 19.87, 20.98]
['2016-04-26', 21.06, 21.08, 20.25, 20.46]
['2016-04-27', 20.39, 20.58, 19.22, 20.09]
['2016-04-28', 20.0, 20.15, 19.16, 19.25]
['2016-04-29', 19.12, 19.22, 18.4, 18.83]
['2016-05-02', 18.9, 20.0, 18.58, 19.97]
['2016-05-03', 19.68, 19.8, 18.96, 19.11]
['2016-05-04', 19.0, 19.17, 18.58, 18.65]
['2016-05-05', 18.81, 18.91, 18.32, 18.57]
['2016-05-06', 18.38, 19.21, 18.33, 19.21]
['2016-05-09', 19.15, 19.74, 18.9, 19.2]
['2016-05-10', 18.82, 19.17, 15.04, 18.0]
['2016-05-11', 17.84, 18.65, 17.13, 17.17]
['2016-05-12', 17.33, 17.33, 15.61, 16.02]
['2016-05-13', 15.99, 16.13, 15.06, 15.23]
['2016-05-16', 15.4, 16.3, 15.02, 16.27]
['2016-05-17', 16.12, 20.01, 16.0, 18.85]
['2016-05-18', 18.54, 19.88, 18.0, 19.49]
['2016-05-19', 19.27, 19.3, 17.98, 18.96]
['2016-05-20', 19.03, 19.52, 18.75, 19.5]
['2016-05-23', 18.29, 18.96, 17.75, 18.12]
['2016-05-24', 18.3, 18.55, 17.87, 18.28]
['2016-05-25', 18.48, 18.57, 18.1, 18.26]
['2016-05-26', 18.31, 18.59, 17.9, 18.01]
['2016-05-27', 18.02, 18.27, 17.3, 17.96]
['2016-05-31', 18.16, 19.18, 17.83, 18.65]
['2016-06-01', 18.57, 19.0, 18.11, 18.88]
['2016-06-02', 18.74, 19.7, 18.52, 19.47]
['2016-06-03', 19.54, 19.54, 18.02, 18.28]
['2016-06-06', 18.32, 18.32, 17.36, 17.81]
['2016-06-07', 17.66, 18.06, 17.1, 17.42]
['2016-06-08', 17.43, 18.15, 16.56, 18.04]
['2016-06-09', 17.83, 18.17, 16.95, 16.95]
['2016-06-10', 16.96, 17.02, 15.62, 16.01]
['2016-06-13', 16.01, 16.87, 15.65, 16.51]
['2016-06-14', 16.41, 16.84, 15.34, 16.0]
['2016-06-15', 16.09, 16.59, 15.82, 16.44]
['2016-06-16', 16.25, 16.25, 15.72, 16.01]
['2016-06-17', 16.07, 16.07, 15.33, 15.57]
['2016-06-20', 15.92, 16.49, 15.39, 15.63]
['2016-06-21', 15.81, 15.81, 14.87, 15.69]
['2016-06-22', 15.7, 16.62, 15.41, 16.02]
['2016-06-23', 16.2, 16.8, 15.52, 16.47]
['2016-06-24', 15.56, 16.0, 15.03, 15.32]
['2016-06-27', 15.1, 15.16, 14.0, 14.13]
['2016-06-28', 14.44, 15.99, 14.44, 15.64]
['2016-06-29', 15.9, 17.58, 15.4, 16.79]
['2016-06-30', 16.81, 16.9, 15.86, 16.89]
['2016-07-01', 16.78, 17.45, 16.52, 16.84]
['2016-07-05', 16.69, 17.07, 16.49, 16.66]
['2016-07-06', 16.58, 17.13, 16.33, 16.51]
['2016-07-07', 16.67, 16.85, 16.29, 16.43]
['2016-07-08', 16.5, 17.29, 16.11, 17.22]
['2016-07-11', 17.88, 22.0, 17.65, 21.93]
['2016-07-12', 20.98, 22.98, 20.94, 22.91]
['2016-07-13', 23.0, 23.13, 22.08, 22.6]
['2016-07-14', 22.81, 22.81, 21.21, 22.12]
['2016-07-15', 22.33, 23.95, 21.95, 23.61]
['2016-07-18', 23.7, 23.9, 22.02, 23.44]
['2016-07-19', 23.43, 24.15, 23.07, 23.85]
['2016-07-20', 24.07, 26.13, 23.41, 26.1]
['2016-07-21', 26.23, 26.61, 23.53, 23.98]
['2016-07-22', 24.19, 24.33, 23.16, 24.22]
['2016-07-25', 24.25, 24.44, 23.8, 24.12]
['2016-07-26', 24.06, 24.85, 24.0, 24.7]
['2016-07-27', 25.23, 26.22, 25.15, 25.78]
['2016-07-28', 26.15, 26.27, 24.42, 24.57]
['2016-07-29', 24.44, 25.57, 24.42, 25.39]
['2016-08-01', 25.67, 25.97, 25.2, 25.82]
['2016-08-02', 25.78, 27.49, 25.59, 27.33]
['2016-08-03', 27.06, 28.26, 26.88, 27.92]
['2016-08-04', 27.92, 28.35, 27.31, 28.09]
['2016-08-05', 28.18, 29.57, 27.94, 29.12]
['2016-08-08', 30.0, 30.68, 29.53, 30.04]
['2016-08-09', 29.96, 30.39, 29.25, 29.7]
['2016-08-10', 29.73, 30.5, 27.23, 29.04]
['2016-08-11', 29.19, 30.37, 28.98, 30.05]
['2016-08-12', 29.84, 29.95, 28.85, 29.5]
['2016-08-15', 29.7, 30.3, 29.7, 30.1]
['2016-08-16', 29.86, 30.24, 28.99, 29.16]
['2016-08-17', 29.19, 29.82, 29.0, 29.71]
['2016-08-18', 29.77, 30.23, 29.31, 30.14]
['2016-08-19', 30.1, 31.42, 29.72, 30.51]
['2016-08-22', 30.74, 31.19, 29.52, 30.21]
['2016-08-23', 30.3, 30.7, 29.53, 29.89]
['2016-08-24', 30.02, 30.73, 28.69, 28.95]
['2016-08-25', 28.78, 29.39, 27.75, 29.35]
['2016-08-26', 29.36, 30.0, 28.79, 29.39]
['2016-08-29', 29.57, 29.79, 28.49, 29.25]
['2016-08-30', 29.26, 29.68, 29.11, 29.51]
['2016-08-31', 29.46, 29.85, 28.92, 29.77]
['2016-09-01', 29.74, 30.3, 29.55, 29.98]
['2016-09-02', 30.37, 30.95, 29.74, 30.81]
['2016-09-06', 30.5, 30.8, 29.45, 30.03]
['2016-09-07', 30.25, 30.5, 29.64, 30.35]
['2016-09-08', 30.35, 30.81, 30.06, 30.58]
['2016-09-09', 30.12, 30.45, 29.5, 29.78]
['2016-09-12', 29.53, 31.48, 29.53, 31.36]
['2016-09-13', 30.81, 31.28, 29.55, 29.84]
['2016-09-14', 29.97, 31.0, 29.97, 30.67]
['2016-09-15', 30.64, 31.0, 30.03, 30.22]
['2016-09-16', 30.27, 31.98, 29.83, 30.98]
['2016-09-19', 31.2, 31.72, 29.99, 30.03]
['2016-09-20', 30.34, 31.78, 30.0, 31.57]
['2016-09-21', 31.62, 31.74, 29.99, 30.75]
['2016-09-22', 30.93, 31.3, 30.21, 30.88]
['2016-09-23', 30.75, 31.33, 30.0, 30.0]
['2016-09-26', 30.03, 30.33, 29.58, 29.69]
['2016-09-27', 30.23, 31.12, 29.61, 30.92]
['2016-09-28', 31.08, 31.16, 28.75, 28.79]
['2016-09-29', 28.86, 29.33, 26.04, 26.29]
['2016-09-30', 26.5, 27.19, 26.0, 26.78]
['2016-10-03', 26.43, 26.84, 24.93, 25.45]
['2016-10-04', 25.74, 26.19, 25.26, 25.33]
['2016-10-05', 25.39, 26.17, 25.12, 25.78]
['2016-10-06', 25.41, 25.79, 25.05, 25.25]
['2016-10-07', 25.15, 27.4, 25.15, 27.04]
['2016-10-10', 27.26, 28.81, 27.26, 28.71]
['2016-10-11', 28.68, 28.82, 27.88, 28.52]
['2016-10-12', 28.64, 28.84, 27.49, 27.88]
['2016-10-13', 27.51, 28.93, 27.51, 28.44]
['2016-10-14', 28.69, 28.98, 28.11, 28.18]
['2016-10-17', 28.25, 28.98, 27.98, 28.88]
['2016-10-18', 29.26, 29.68, 28.68, 29.22]
['2016-10-19', 30.31, 30.52, 29.04, 29.76]
['2016-10-20', 29.58, 30.81, 29.48, 30.39]
['2016-10-21', 30.29, 31.1, 29.93, 30.49]
['2016-10-24', 30.68, 31.48, 30.59, 30.69]
['2016-10-25', 30.77, 31.32, 30.12, 30.52]
['2016-10-26', 30.4, 31.05, 29.58, 29.73]
['2016-10-27', 29.8, 30.43, 29.3, 29.5]
['2016-10-28', 29.07, 30.43, 28.62, 28.7]
['2016-10-31', 28.55, 28.63, 26.95, 27.35]
['2016-11-01', 27.5, 28.5, 27.0, 27.8]
['2016-11-02', 27.7, 29.6, 26.35, 29.05]
['2016-11-03', 29.05, 29.35, 27.2, 27.3]
['2016-11-04', 27.3, 29.2, 26.6, 28.15]
['2016-11-07', 29.1, 29.4, 22.92, 25.6]
['2016-11-08', 24.65, 25.6, 23.55, 24.15]
['2016-11-09', 24.0, 27.35, 23.0, 27.1]
['2016-11-10', 26.25, 29.55, 23.25, 27.95]
['2016-11-11', 28.0, 28.2, 26.65, 27.65]
['2016-11-14', 28.0, 28.35, 26.4, 28.05]
['2016-11-15', 27.65, 28.95, 27.15, 28.5]
['2016-11-16', 28.55, 28.95, 27.65, 27.7]
['2016-11-17', 27.8, 28.25, 27.5, 28.0]
['2016-11-18', 28.15, 28.6, 27.95, 28.25]
['2016-11-21', 28.4, 28.69, 28.02, 28.45]
['2016-11-22', 28.5, 28.55, 27.58, 27.75]
['2016-11-23', 26.95, 28.3, 26.75, 28.1]
['2016-11-25', 28.25, 28.4, 27.7, 28.05]
['2016-11-28', 28.25, 28.5, 27.15, 27.8]
['2016-11-29', 27.9, 28.5, 27.65, 27.85]
['2016-11-30', 27.85, 27.85, 26.7, 26.9]
['2016-12-01', 26.9, 28.05, 26.34, 27.55]
['2016-12-02', 27.6, 28.1, 27.15, 27.9]
['2016-12-05', 28.15, 28.85, 28.0, 28.15]
['2016-12-06', 28.35, 28.5, 27.65, 28.15]
['2016-12-07', 27.9, 28.25, 27.05, 27.5]
['2016-12-08', 27.4, 28.05, 27.0, 27.85]
['2016-12-09', 28.0, 28.75, 27.55, 28.15]
['2016-12-12', 28.05, 28.05, 27.35, 27.8]
['2016-12-13', 27.8, 28.15, 27.0, 27.6]
['2016-12-14', 27.6, 28.1, 27.35, 27.8]
['2016-12-15', 27.9, 27.95, 27.5, 27.75]
['2016-12-16', 27.8, 28.95, 27.75, 28.3]
['2016-12-19', 28.35, 28.8, 27.75, 27.8]
['2016-12-20', 28.0, 28.25, 27.7, 27.9]
['2016-12-21', 27.85, 28.15, 27.5, 27.9]
['2016-12-22', 27.95, 28.15, 27.65, 28.0]
['2016-12-23', 28.1, 28.45, 27.95, 28.05]
['2016-12-27', 28.05, 28.7, 27.85, 27.9]
['2016-12-28', 27.95, 29.4, 27.7, 28.55]
['2016-12-29', 28.65, 28.8, 27.95, 28.25]
['2016-12-30', 28.15, 28.4, 27.4, 28.15]
['2017-01-03', 28.55, 28.65, 27.45, 28.0]
['2017-01-04', 28.1, 29.2, 28.05, 29.05]
['2017-01-05', 29.0, 29.59, 27.75, 28.0]
['2017-01-06', 27.9, 28.55, 27.75, 27.9]
['2017-01-09', 28.0, 28.35, 27.48, 27.65]
['2017-01-10', 27.9, 28.2, 27.05, 28.0]
['2017-01-11', 27.95, 28.05, 26.55, 27.25]
['2017-01-12', 27.05, 27.4, 26.4, 27.0]
['2017-01-13', 27.05, 27.35, 26.7, 27.15]
['2017-01-17', 26.95, 27.25, 24.9, 25.2]
['2017-01-18', 25.3, 25.6, 25.05, 25.45]
['2017-01-19', 25.45, 26.2, 25.35, 26.1]
['2017-01-20', 26.15, 26.8, 25.7, 26.05]
['2017-01-23', 26.0, 26.25, 25.65, 26.2]
['2017-01-24', 26.3, 26.6, 25.6, 26.5]
['2017-01-25', 26.7, 28.05, 26.5, 27.75]
['2017-01-26', 27.75, 27.9, 26.85, 27.55]
['2017-01-27', 27.5, 27.95, 27.35, 27.75]
['2017-01-30', 27.65, 28.0, 26.55, 27.95]
['2017-01-31', 27.9, 28.6, 27.55, 27.9]
['2017-02-01', 27.9, 28.0, 26.9, 27.2]
['2017-02-02', 27.1, 27.7, 26.75, 27.0]
['2017-02-03', 27.35, 27.45, 26.85, 27.25]
['2017-02-06', 27.15, 27.25, 26.55, 26.95]
['2017-02-07', 27.0, 27.3, 26.5, 26.65]
['2017-02-08', 24.4, 24.45, 22.9, 23.6]
['2017-02-09', 23.55, 23.8, 23.05, 23.55]
['2017-02-10', 23.55, 23.55, 22.95, 23.25]
['2017-02-13', 23.3, 23.6, 22.65, 23.0]
['2017-02-14', 22.85, 23.5, 22.35, 23.05]
['2017-02-15', 23.1, 23.17, 22.45, 22.8]
['2017-02-16', 22.85, 23.1, 22.48, 23.0]
['2017-02-17', 22.9, 23.12, 22.5, 22.5]
['2017-02-21', 22.7, 23.08, 22.5, 22.7]
['2017-02-22', 22.65, 22.95, 21.5, 21.7]
['2017-02-23', 21.8, 22.15, 20.88, 21.65]
['2017-02-24', 21.5, 21.95, 21.25, 21.75]
['2017-02-27', 21.75, 22.95, 21.55, 22.9]
['2017-02-28', 22.85, 23.85, 22.45, 23.6]
['2017-03-01', 23.95, 24.9, 23.75, 24.9]
['2017-03-02', 24.9, 26.55, 24.49, 24.8]
['2017-03-03', 24.8, 25.45, 24.4, 25.45]
['2017-03-06', 25.2, 25.35, 24.41, 24.8]
['2017-03-07', 24.55, 24.9, 24.31, 24.5]
['2017-03-08', 24.55, 24.9, 23.85, 24.0]
['2017-03-09', 24.1, 24.38, 23.45, 23.45]
['2017-03-10', 23.6, 24.7, 23.1, 23.45]
['2017-03-13', 23.55, 23.55, 22.75, 23.45]
['2017-03-14', 22.2, 23.02, 21.2, 22.17]
['2017-03-15', 22.3, 23.05, 22.05, 22.5]
['2017-03-16', 22.6, 23.4, 22.12, 23.2]
['2017-03-17', 23.05, 23.55, 22.95, 23.25]
['2017-03-20', 23.2, 23.85, 22.95, 23.7]
['2017-03-21', 23.8, 23.95, 21.85, 22.35]
['2017-03-22', 22.4, 22.95, 21.65, 22.55]
['2017-03-23', 22.5, 22.58, 21.8, 21.85]
['2017-03-24', 21.95, 22.05, 21.3, 21.55]
['2017-03-27', 21.35, 21.8, 20.9, 21.5]
['2017-03-28', 21.45, 21.6, 20.75, 20.9]
['2017-03-29', 20.95, 21.15, 20.4, 20.7]
['2017-03-30', 20.7, 20.9, 19.65, 20.5]
['2017-03-31', 20.5, 21.25, 20.1, 21.15]
['2017-04-03', 21.2, 21.23, 20.0, 20.15]
['2017-04-04', 20.15, 20.35, 19.3, 19.55]
['2017-04-05', 19.65, 19.85, 19.3, 19.5]
['2017-04-06', 19.55, 19.8, 19.15, 19.4]
['2017-04-07', 19.4, 19.67, 18.7, 19.55]
['2017-04-10', 19.6, 20.05, 19.35, 19.4]
['2017-04-11', 19.4, 19.7, 18.7, 18.8]
['2017-04-12', 18.75, 19.25, 18.62, 18.85]
['2017-04-13', 18.75, 19.5, 18.5, 19.35]
['2017-04-17', 19.3, 19.8, 19.2, 19.7]
['2017-04-18', 19.65, 19.85, 19.1, 19.25]
['2017-04-19', 19.25, 19.6, 18.6, 18.65]
['2017-04-20', 18.75, 19.15, 18.5, 18.75]
['2017-04-21', 18.8, 18.8, 18.1, 18.35]
['2017-04-24', 18.6, 19.17, 18.48, 19.05]
['2017-04-25', 19.25, 20.7, 19.25, 20.15]
['2017-04-26', 20.15, 20.22, 19.55, 20.15]
['2017-04-27', 20.2, 20.45, 19.85, 19.9]
['2017-04-28', 19.9, 20.1, 19.05, 19.2]
['2017-05-01', 19.3, 20.45, 19.2, 20.3]
['2017-05-02', 20.4, 20.5, 19.7, 20.05]
['2017-05-03', 19.9, 19.95, 19.5, 19.55]
['2017-05-04', 19.6, 19.7, 19.05, 19.3]
['2017-05-05', 19.9, 20.25, 19.1, 19.75]
['2017-05-08', 19.65, 20.7, 19.55, 20.25]
['2017-05-09', 19.65, 20.55, 18.55, 19.45]
['2017-05-10', 19.4, 22.41, 19.35, 21.4]
['2017-05-11', 21.4, 22.33, 21.05, 22.15]
['2017-05-12', 22.2, 23.1, 22.1, 22.35]
['2017-05-15', 22.5, 23.05, 21.6, 22.0]
['2017-05-16', 22.0, 22.2, 21.55, 22.05]
['2017-05-17', 23.9, 24.4, 23.34, 23.8]
['2017-05-18', 23.8, 24.5, 23.55, 24.5]
['2017-05-19', 24.5, 24.7, 22.25, 22.3]
['2017-05-22', 22.25, 22.5, 21.0, 21.1]
['2017-05-23', 21.15, 21.9, 21.1, 21.85]
['2017-05-24', 21.8, 21.83, 20.2, 20.4]
['2017-05-25', 20.5, 21.15, 20.05, 20.2]
['2017-05-26', 20.15, 20.55, 19.7, 20.25]
['2017-05-30', 20.2, 21.55, 20.15, 20.75]
['2017-05-31', 20.75, 21.2, 19.5, 19.75]
['2017-06-01', 19.85, 21.35, 19.75, 21.35]
['2017-06-02', 21.25, 22.52, 21.25, 22.45]
['2017-06-05', 22.5, 22.56, 21.7, 21.9]
['2017-06-06', 21.75, 21.85, 20.95, 21.35]
['2017-06-07', 21.45, 21.65, 20.15, 20.65]
['2017-06-08', 20.65, 23.24, 20.65, 22.7]
['2017-06-09', 22.95, 23.16, 20.55, 20.65]
['2017-06-12', 14.15, 15.88, 14.05, 15.73]
['2017-06-13', 16.05, 16.94, 15.52, 16.0]
['2017-06-14', 15.9, 15.95, 15.12, 15.5]
['2017-06-15', 15.5, 15.5, 14.65, 15.05]
['2017-06-16', 14.95, 15.4, 14.8, 14.85]
['2017-06-19', 14.75, 15.5, 14.65, 15.3]
['2017-06-20', 15.25, 15.6, 14.85, 15.15]
['2017-06-21', 15.15, 15.5, 15.05, 15.45]
['2017-06-22', 15.6, 15.85, 15.3, 15.8]
['2017-06-23', 15.9, 16.08, 15.55, 15.65]
['2017-06-26', 15.85, 16.24, 15.7, 16.0]
['2017-06-27', 16.0, 16.1, 15.35, 15.4]
['2017-06-28', 15.55, 15.55, 14.73, 14.85]
['2017-06-29', 14.95, 15.0, 14.0, 14.45]
['2017-06-30', 14.4, 14.55, 13.55, 14.35]
['2017-07-03', 14.45, 14.7, 14.25, 14.65]
['2017-07-05', 14.95, 15.0, 14.15, 14.4]
['2017-07-06', 14.4, 14.52, 13.7, 13.9]
['2017-07-07', 14.05, 14.25, 13.35, 13.5]
['2017-07-10', 13.35, 13.55, 13.0, 13.15]
['2017-07-11', 13.15, 13.65, 12.85, 13.65]
['2017-07-12', 13.8, 14.1, 13.57, 13.85]
['2017-07-13', 13.95, 13.98, 13.38, 13.85]
['2017-07-14', 13.9, 13.9, 13.32, 13.4]
['2017-07-17', 13.4, 14.0, 13.12, 13.25]
['2017-07-18', 13.25, 13.48, 13.05, 13.45]
['2017-07-19', 13.5, 13.75, 13.3, 13.65]
['2017-07-20', 13.75, 13.95, 13.4, 13.7]
['2017-07-21', 13.8, 13.85, 13.55, 13.65]
['2017-07-24', 13.7, 13.85, 13.5, 13.85]
['2017-07-25', 13.95, 14.0, 13.65, 13.7]
['2017-07-26', 13.7, 13.9, 13.45, 13.65]
['2017-07-27', 13.7, 13.85, 13.07, 13.2]
['2017-07-28', 13.1, 13.65, 13.1, 13.4]
['2017-07-31', 13.15, 13.4, 13.05, 13.1]
['2017-08-01', 13.15, 13.2, 12.7, 12.8]
['2017-08-02', 12.8, 12.95, 12.3, 12.85]
['2017-08-03', 12.9, 13.15, 12.45, 12.75]
['2017-08-04', 12.8, 13.0, 12.5, 12.7]
['2017-08-07', 12.65, 12.7, 12.05, 12.4]
['2017-08-08', 12.65, 15.15, 12.65, 13.5]
['2017-08-09', 13.35, 13.35, 12.55, 12.6]
['2017-08-10', 12.55, 12.65, 10.8, 11.52]
['2017-08-11', 11.6, 12.15, 11.25, 11.65]
['2017-08-14', 11.9, 12.25, 11.45, 12.2]
['2017-08-15', 12.15, 12.2, 11.35, 11.75]
['2017-08-16', 11.8, 12.45, 11.5, 11.5]
['2017-08-17', 11.5, 11.73, 11.3, 11.35]
['2017-08-18', 11.25, 11.35, 11.01, 11.1]
['2017-08-21', 11.3, 13.8, 11.3, 13.55]
['2017-08-22', 13.55, 13.85, 12.6, 13.8]
['2017-08-23', 13.45, 13.85, 13.15, 13.5]
['2017-08-24', 13.55, 14.1, 13.45, 14.1]
['2017-08-25', 14.1, 14.25, 13.75, 14.15]
['2017-08-28', 14.5, 15.18, 14.0, 14.25]
['2017-08-29', 14.0, 14.25, 13.7, 14.0]
['2017-08-30', 13.95, 14.3, 13.8, 14.25]
['2017-08-31', 14.2, 14.68, 14.02, 14.45]
['2017-09-01', 14.5, 14.82, 14.1, 14.4]
['2017-09-05', 14.3, 14.7, 14.15, 14.5]
['2017-09-06', 14.65, 14.85, 14.25, 14.4]
['2017-09-07', 14.35, 14.85, 12.8, 13.5]
['2017-09-08', 13.1, 13.55, 12.45, 12.55]
['2017-09-11', 12.7, 12.95, 12.2, 12.3]
['2017-09-12', 12.3, 12.7, 12.15, 12.35]
['2017-09-13', 12.0, 13.07, 12.0, 12.9]
['2017-09-14', 12.9, 13.07, 12.6, 12.9]
['2017-09-15', 12.95, 13.05, 12.75, 13.0]
['2017-09-18', 13.1, 13.25, 12.65, 12.7]
['2017-09-19', 12.8, 12.95, 12.3, 12.85]
['2017-09-20', 12.9, 13.1, 12.7, 12.95]
['2017-09-21', 12.85, 13.05, 12.5, 12.55]
['2017-09-22', 12.55, 13.0, 12.4, 12.85]
['2017-09-25', 12.8, 13.98, 12.8, 13.5]
['2017-09-26', 13.55, 13.8, 13.2, 13.4]
['2017-09-27', 13.2, 13.5, 13.1, 13.3]
['2017-09-28', 13.35, 13.65, 13.2, 13.5]
['2017-09-29', 13.55, 13.7, 13.2, 13.35]
['2017-10-02', 13.45, 13.75, 13.2, 13.75]
['2017-10-03', 13.75, 13.77, 13.32, 13.5]
['2017-10-04', 13.55, 14.15, 13.35, 13.95]
['2017-10-05', 13.9, 14.25, 13.85, 14.0]
['2017-10-06', 13.9, 14.05, 13.55, 13.55]
['2017-10-09', 13.7, 13.8, 13.3, 13.4]
['2017-10-10', 13.55, 13.9, 13.4, 13.7]
['2017-10-11', 13.8, 14.85, 13.65, 14.3]
['2017-10-12', 14.3, 14.52, 14.0, 14.4]
['2017-10-13', 14.45, 14.5, 14.1, 14.15]
['2017-10-16', 14.2, 14.25, 13.75, 13.75]
['2017-10-17', 13.75, 14.1, 13.4, 13.7]
['2017-10-18', 13.8, 14.0, 13.4, 13.85]
['2017-10-19', 13.65, 14.2, 13.6, 13.9]
['2017-10-20', 13.95, 14.0, 13.5, 13.7]
['2017-10-23', 13.65, 13.75, 13.2, 13.25]
['2017-10-24', 13.2, 13.25, 12.6, 12.6]
['2017-10-25', 12.6, 12.8, 11.7, 11.8]
['2017-10-26', 11.75, 12.1, 10.85, 10.85]
['2017-10-27', 10.85, 11.25, 10.65, 11.1]
['2017-10-30', 11.0, 11.8, 11.0, 11.5]
['2017-10-31', 11.6, 11.7, 11.2, 11.25]
['2017-11-01', 11.35, 11.6, 11.07, 11.1]
['2017-11-02', 11.25, 11.35, 11.0, 11.35]
['2017-11-03', 11.15, 12.0, 11.15, 11.95]
['2017-11-06', 12.0, 12.4, 11.85, 12.25]
['2017-11-07', 11.95, 12.09, 10.07, 11.12]
['2017-11-08', 10.9, 11.15, 10.5, 11.05]
['2017-11-09', 10.95, 11.05, 10.45, 10.6]
['2017-11-10', 10.6, 10.85, 10.0, 10.05]
['2017-11-13', 9.95, 9.95, 9.1, 9.15]
['2017-11-14', 9.05, 9.15, 8.4, 9.1]
['2017-11-15', 9.05, 9.5, 8.7, 9.3]
['2017-11-16', 9.3, 9.6, 8.85, 9.45]
['2017-11-17', 9.35, 9.35, 8.1, 8.35]
['2017-11-20', 8.25, 8.95, 8.05, 8.9]
['2017-11-21', 9.05, 9.25, 8.45, 9.05]
['2017-11-22', 9.0, 9.55, 8.95, 9.35]
['2017-11-24', 9.35, 9.5, 8.75, 8.75]
['2017-11-27', 8.75, 8.86, 8.45, 8.6]
['2017-11-28', 8.65, 8.9, 8.38, 8.9]
['2017-11-29', 8.85, 9.3, 8.65, 8.9]
['2017-11-30', 8.9, 9.05, 8.7, 8.95]
['2017-12-01', 9.0, 9.0, 8.5, 8.8]
['2017-12-04', 8.95, 9.2, 8.85, 8.9]
['2017-12-05', 8.95, 9.15, 8.45, 8.5]
['2017-12-06', 8.45, 8.55, 8.3, 8.4]
['2017-12-07', 8.4, 8.5, 8.2, 8.45]
['2017-12-08', 8.45, 9.2, 8.45, 9.05]
['2017-12-11', 9.4, 9.43, 8.55, 8.6]
['2017-12-12', 8.55, 8.9, 8.45, 8.6]
['2017-12-13', 8.65, 9.0, 8.55, 8.7]
['2017-12-14', 8.8, 8.9, 8.3, 8.6]
['2017-12-15', 8.6, 8.9, 8.4, 8.85]
['2017-12-18', 8.9, 9.13, 8.8, 8.95]
['2017-12-19', 8.85, 9.18, 8.8, 9.05]
['2017-12-20', 9.1, 9.95, 9.05, 9.45]
['2017-12-21', 9.5, 9.75, 9.4, 9.5]
['2017-12-22', 9.35, 9.8, 9.25, 9.55]
['2017-12-26', 9.6, 9.7, 9.2, 9.25]
['2017-12-27', 9.25, 9.5, 9.05, 9.3]
['2017-12-28', 9.35, 9.48, 8.85, 8.95]
['2017-12-29', 9.0, 9.05, 8.55, 8.8]
['2018-01-02', 9.0, 9.55, 8.7, 9.55]
['2018-01-03', 9.7, 11.75, 9.6, 11.4]
['2018-01-04', 11.55, 12.55, 11.35, 11.95]
['2018-01-05', 11.85, 12.45, 11.35, 12.35]
['2018-01-08', 12.0, 12.4, 11.4, 11.95]
['2018-01-09', 12.05, 12.3, 11.8, 12.3]
['2018-01-10', 12.25, 12.4, 11.75, 12.3]
['2018-01-11', 12.65, 14.3, 12.35, 13.7]
['2018-01-12', 13.7, 14.5, 13.1, 13.6]
['2018-01-16', 13.6, 13.9, 12.2, 12.6]
['2018-01-17', 12.75, 12.95, 11.9, 12.07]
['2018-01-18', 11.75, 12.1, 11.3, 11.4]
['2018-01-19', 11.1, 11.25, 10.55, 10.75]
['2018-01-22', 10.85, 11.5, 10.57, 11.5]
['2018-01-23', 11.45, 12.0, 11.45, 11.95]
['2018-01-24', 12.1, 12.3, 11.5, 11.65]
['2018-01-25', 11.9, 12.45, 11.75, 12.1]
['2018-01-26', 12.15, 12.35, 11.95, 12.1]
['2018-01-29', 12.1, 12.48, 11.56, 12.05]
['2018-01-30', 11.8, 12.05, 10.82, 10.98]
['2018-01-31', 11.05, 11.17, 9.98, 10.1]
['2018-02-01', 10.0, 10.45, 9.3, 10.05]
['2018-02-02', 9.9, 10.35, 9.78, 9.95]
['2018-02-05', 9.75, 10.1, 9.5, 9.55]
['2018-02-06', 9.3, 10.35, 9.25, 10.05]
['2018-02-07', 10.0, 10.25, 9.75, 9.9]
['2018-02-08', 9.95, 10.07, 9.35, 9.4]
['2018-02-09', 9.55, 9.75, 8.75, 9.45]
['2018-02-12', 9.5, 10.0, 9.35, 9.75]
['2018-02-13', 9.7, 9.75, 9.25, 9.65]
['2018-02-14', 9.55, 10.0, 9.55, 9.8]
['2018-02-15', 9.8, 9.9, 9.45, 9.7]
['2018-02-16', 9.7, 9.93, 9.4, 9.55]
['2018-02-20', 9.45, 9.5, 9.07, 9.1]
['2018-02-21', 9.1, 9.6, 9.05, 9.15]
['2018-02-22', 9.15, 10.0, 9.1, 9.15]
['2018-02-23', 9.25, 9.65, 9.05, 9.55]
['2018-02-26', 9.55, 10.45, 9.4, 10.25]
['2018-02-27', 10.2, 11.25, 10.18, 10.5]
['2018-02-28', 10.55, 10.65, 9.9, 9.9]
['2018-03-01', 9.9, 10.2, 9.65, 9.8]
['2018-03-02', 9.7, 10.1, 9.5, 10.05]
['2018-03-05', 9.95, 10.68, 9.95, 10.45]
['2018-03-06', 10.5, 10.5, 9.45, 9.6]
['2018-03-07', 9.45, 9.6, 9.1, 9.2]
['2018-03-08', 9.3, 9.45, 8.55, 9.1]
['2018-03-09', 9.4, 13.35, 9.4, 11.85]
['2018-03-12', 11.9, 12.57, 11.35, 12.45]
['2018-03-13', 12.45, 12.8, 12.25, 12.45]
['2018-03-14', 12.65, 12.68, 11.97, 12.25]
['2018-03-15', 12.45, 12.45, 11.85, 12.15]
['2018-03-16', 12.15, 12.9, 11.75, 12.5]
['2018-03-19', 12.4, 12.57, 11.77, 12.1]
['2018-03-20', 12.1, 12.55, 11.82, 12.0]
['2018-03-21', 11.9, 12.4, 11.75, 11.85]
['2018-03-22', 11.6, 11.95, 11.3, 11.4]
['2018-03-23', 11.35, 11.9, 11.05, 11.15]
['2018-03-26', 11.2, 11.5, 10.6, 11.05]
['2018-03-27', 11.15, 11.45, 10.9, 10.95]
['2018-03-28', 10.9, 11.45, 10.75, 11.2]
['2018-03-29', 11.3, 11.4, 10.95, 11.05]
['2018-04-02', 10.95, 11.35, 9.85, 10.25]
['2018-04-03', 10.35, 11.1, 10.25, 10.9]
['2018-04-04', 10.5, 12.0, 10.5, 11.85]
['2018-04-05', 11.95, 11.95, 11.5, 11.65]
['2018-04-06', 11.55, 11.7, 10.5, 11.4]
['2018-04-09', 11.55, 11.65, 11.15, 11.2]
['2018-04-10', 11.4, 12.1, 11.1, 11.95]
['2018-04-11', 11.8, 12.65, 11.8, 12.4]
['2018-04-12', 12.45, 12.85, 12.2, 12.8]
['2018-04-13', 13.0, 13.0, 12.5, 12.7]
['2018-04-16', 12.85, 12.85, 12.3, 12.75]
['2018-04-17', 12.75, 13.15, 12.5, 13.0]
['2018-04-18', 13.15, 13.3, 12.43, 12.55]
['2018-04-19', 12.4, 12.55, 12.05, 12.05]
['2018-04-20', 11.95, 12.25, 11.65, 11.9]
['2018-04-23', 12.0, 12.05, 11.45, 11.8]
['2018-04-24', 11.9, 11.9, 11.25, 11.45]
['2018-04-25', 11.5, 11.9, 11.35, 11.65]
['2018-04-26', 11.75, 12.1, 11.55, 11.85]
['2018-04-27', 11.9, 12.35, 11.75, 12.27]
['2018-04-30', 12.4, 12.6, 12.0, 12.1]
['2018-05-01', 12.1, 12.2, 11.8, 12.15]
['2018-05-02', 12.05, 12.9, 11.95, 12.7]
['2018-05-03', 12.9, 15.1, 12.75, 14.9]
['2018-05-04', 15.0, 15.7, 14.5, 15.2]
['2018-05-07', 15.2, 15.7, 14.85, 15.5]
['2018-05-08', 15.6, 15.75, 15.2, 15.25]
['2018-05-09', 15.3, 15.75, 15.1, 15.6]
['2018-05-10', 15.65, 15.75, 14.9, 14.95]
['2018-05-11', 14.95, 16.7, 14.85, 16.5]
['2018-05-14', 16.7, 17.05, 15.98, 16.75]
['2018-05-15', 16.8, 16.95, 16.2, 16.3]
['2018-05-16', 16.3, 16.55, 16.0, 16.1]
['2018-05-17', 16.2, 16.2, 15.7, 15.95]
['2018-05-18', 16.05, 16.05, 15.4, 15.5]
['2018-05-21', 15.5, 15.8, 15.07, 15.25]
['2018-05-22', 14.5, 15.85, 13.1, 15.4]
['2018-05-23', 15.0, 15.45, 14.7, 15.3]
['2018-05-24', 15.35, 15.85, 15.05, 15.6]
['2018-05-25', 15.55, 15.98, 15.25, 15.3]
['2018-05-29', 15.25, 15.6, 15.0, 15.2]
['2018-05-30', 15.2, 15.6, 14.95, 15.5]
['2018-05-31', 15.4, 16.0, 15.4, 15.6]
['2018-06-01', 15.75, 16.2, 15.4, 15.6]
['2018-06-04', 15.6, 15.72, 14.88, 15.2]
['2018-06-05', 15.2, 16.5, 15.2, 16.05]
['2018-06-06', 16.05, 16.3, 15.45, 15.65]
['2018-06-07', 15.8, 16.52, 15.65, 16.45]
['2018-06-08', 16.3, 16.45, 15.45, 15.88]
['2018-06-11', 15.95, 16.15, 15.62, 16.0]
['2018-06-12', 16.1, 16.7, 16.05, 16.35]
['2018-06-13', 16.25, 16.55, 15.6, 15.65]
['2018-06-14', 15.7, 15.85, 14.75, 15.1]
['2018-06-15', 15.0, 15.4, 14.75, 14.8]
['2018-06-18', 14.7, 15.5, 14.6, 15.25]
['2018-06-19', 15.2, 16.95, 15.12, 16.4]
['2018-06-20', 16.55, 17.8, 16.5, 17.45]
['2018-06-21', 17.4, 17.55, 16.2, 16.3]
['2018-06-22', 16.45, 17.45, 15.95, 17.2]
['2018-06-25', 16.95, 16.95, 14.95, 15.4]
['2018-06-26', 15.55, 15.95, 14.9, 15.1]
['2018-06-27', 15.15, 15.15, 14.45, 14.55]
['2018-06-28', 14.6, 14.82, 14.3, 14.75]
['2018-06-29', 14.8, 15.1, 13.9, 14.0]
['2018-07-02', 14.0, 14.95, 14.0, 14.95]
['2018-07-03', 14.95, 15.35, 14.65, 15.1]
['2018-07-05', 15.25, 15.45, 14.2, 14.45]
['2018-07-06', 14.5, 15.2, 14.5, 15.05]
['2018-07-09', 15.05, 15.2, 14.5, 14.9]
['2018-07-10', 14.95, 15.05, 14.48, 14.75]
['2018-07-11', 14.75, 15.1, 14.5, 14.9]
['2018-07-12', 15.1, 15.15, 14.6, 15.1]
['2018-07-13', 15.1, 15.25, 14.95, 15.2]
['2018-07-16', 15.2, 15.3, 14.65, 14.85]
['2018-07-17', 14.85, 15.1, 14.4, 14.9]
['2018-07-18', 17.1, 18.1, 16.25, 17.9]
['2018-07-19', 17.9, 18.7, 17.5, 18.45]
['2018-07-20', 18.45, 18.7, 18.15, 18.6]
['2018-07-23', 18.6, 19.12, 18.2, 18.95]
['2018-07-24', 19.1, 19.35, 18.75, 18.95]
['2018-07-25', 19.0, 19.33, 18.4, 18.6]
['2018-07-26', 18.45, 18.9, 18.24, 18.35]
['2018-07-27', 19.6, 19.6, 17.25, 17.6]
['2018-07-30', 17.65, 18.25, 17.5, 18.0]
['2018-07-31', 17.85, 19.25, 17.75, 19.05]
['2018-08-01', 19.15, 19.2, 18.3, 18.7]
['2018-08-02', 18.25, 18.55, 17.9, 18.05]
['2018-08-03', 18.05, 18.45, 17.5, 18.15]
['2018-08-06', 18.35, 18.55, 17.98, 18.4]
['2018-08-07', 18.4, 18.55, 18.05, 18.3]
['2018-08-08', 18.15, 18.5, 18.0, 18.35]
['2018-08-09', 18.5, 19.1, 17.8, 18.75]
['2018-08-10', 18.5, 19.15, 18.45, 19.0]
['2018-08-13', 18.95, 19.3, 18.65, 18.75]
['2018-08-14', 18.85, 19.5, 18.85, 19.4]
['2018-08-15', 19.2, 19.27, 18.3, 18.4]
['2018-08-16', 18.55, 19.05, 18.3, 18.75]
['2018-08-17', 18.8, 19.1, 18.5, 19.0]
['2018-08-20', 19.1, 19.25, 18.6, 19.1]
['2018-08-21', 19.05, 19.45, 18.85, 19.15]
['2018-08-22', 19.05, 19.5, 19.05, 19.25]
['2018-08-23', 19.15, 19.3, 18.65, 19.0]
['2018-08-24', 19.3, 19.3, 18.6, 18.9]
['2018-08-27', 18.95, 19.6, 18.75, 18.85]
['2018-08-28', 19.55, 20.66, 19.15, 20.25]
['2018-08-29', 20.0, 20.65, 19.25, 20.15]
['2018-08-30', 20.4, 20.6, 19.95, 20.0]
['2018-08-31', 20.15, 20.6, 19.85, 20.15]
['2018-09-04', 20.0, 20.0, 19.0, 19.95]
['2018-09-05', 19.95, 20.1, 19.45, 20.05]
['2018-09-06', 19.95, 20.1, 19.3, 19.8]
['2018-09-07', 19.75, 19.75, 18.7, 18.8]
['2018-09-10', 18.9, 19.13, 17.85, 17.9]
['2018-09-11', 18.0, 18.67, 17.45, 17.55]
['2018-09-12', 17.6, 18.15, 17.35, 17.85]
['2018-09-13', 17.75, 18.05, 16.9, 17.75]
['2018-09-14', 17.65, 17.85, 16.36, 17.35]
['2018-09-17', 17.65, 17.67, 16.95, 17.0]
['2018-09-18', 16.95, 17.2, 16.65, 17.1]
['2018-09-19', 17.05, 17.15, 16.0, 16.5]
['2018-09-20', 16.65, 16.7, 16.0, 16.35]
['2018-09-21', 16.3, 16.52, 15.7, 15.95]
['2018-09-24', 16.0, 16.1, 15.6, 16.1]
['2018-09-25', 16.05, 17.2, 16.0, 16.6]
['2018-09-26', 16.75, 16.9, 16.0, 16.0]
['2018-09-27', 16.15, 16.55, 16.0, 16.3]
['2018-09-28', 16.25, 16.95, 16.25, 16.5]
['2018-10-01', 16.51, 17.25, 15.95, 16.26]
['2018-10-02', 16.28, 16.68, 15.91, 16.18]
['2018-10-03', 16.19, 16.55, 15.91, 16.28]
['2018-10-04', 16.18, 16.33, 15.02, 15.39]
['2018-10-05', 15.37, 15.47, 13.88, 14.92]
['2018-10-08', 14.84, 14.93, 13.79, 14.13]
['2018-10-09', 13.83, 14.14, 13.64, 13.68]
['2018-10-10', 13.57, 13.57, 12.8, 13.24]
['2018-10-11', 13.26, 13.71, 12.86, 13.21]
['2018-10-12', 13.53, 13.53, 13.06, 13.33]
['2018-10-15', 13.2, 13.2, 12.97, 13.05]
['2018-10-16', 13.12, 13.56, 12.91, 13.38]
['2018-10-17', 13.39, 13.39, 12.78, 12.99]
['2018-10-18', 12.96, 12.99, 12.16, 12.71]
['2018-10-19', 12.71, 12.93, 12.04, 12.33]
['2018-10-22', 12.36, 12.36, 11.81, 12.09]
['2018-10-23', 11.8, 12.38, 11.34, 12.09]
['2018-10-24', 12.1, 12.17, 10.87, 10.87]
['2018-10-25', 10.89, 11.91, 10.89, 11.63]
['2018-10-26', 11.42, 11.72, 11.05, 11.52]
['2018-10-29', 11.68, 11.81, 11.17, 11.53]
['2018-10-30', 11.45, 11.78, 11.35, 11.75]
['2018-10-31', 11.94, 12.24, 11.61, 11.69]
['2018-11-01', 11.79, 12.12, 11.43, 11.6]
['2018-11-02', 11.8, 13.21, 10.98, 12.3]
['2018-11-05', 12.6, 12.78, 11.04, 11.32]
['2018-11-06', 11.7, 12.24, 11.69, 11.93]
['2018-11-07', 11.97, 12.48, 11.57, 12.48]
['2018-11-08', 12.45, 12.49, 11.69, 11.93]
['2018-11-09', 11.14, 11.44, 10.01, 10.06]
['2018-11-12', 9.92, 10.98, 9.51, 10.94]
['2018-11-13', 10.98, 11.33, 10.78, 11.14]
['2018-11-14', 11.23, 11.73, 10.94, 10.96]
['2018-11-15', 11.0, 12.12, 11.0, 12.08]
['2018-11-16', 11.78, 12.44, 11.54, 12.27]
['2018-11-19', 12.19, 12.38, 11.49, 11.62]
['2018-11-20', 11.36, 11.85, 11.28, 11.61]
['2018-11-21', 11.79, 12.51, 11.6, 12.16]
['2018-11-23', 12.05, 12.31, 11.54, 11.78]
['2018-11-26', 11.96, 11.96, 11.0, 11.57]
['2018-11-27', 11.53, 11.53, 10.81, 10.9]
['2018-11-28', 10.96, 11.44, 10.66, 11.0]
['2018-11-29', 10.92, 11.17, 10.55, 10.77]
['2018-11-30', 10.74, 11.08, 10.53, 11.06]
['2018-12-03', 11.37, 11.37, 10.61, 10.88]
['2018-12-04', 10.78, 11.09, 10.19, 10.23]
['2018-12-06', 10.07, 10.76, 9.92, 10.69]
['2018-12-07', 10.7, 10.88, 10.38, 10.44]
['2018-12-10', 10.4, 10.66, 9.85, 9.95]
['2018-12-11', 10.08, 10.23, 9.56, 9.88]
['2018-12-12', 10.02, 10.25, 9.67, 10.02]
['2018-12-13', 10.04, 10.34, 9.84, 9.98]
['2018-12-14', 9.92, 10.05, 9.72, 9.73]
['2018-12-17', 9.7, 10.0, 9.52, 9.68]
['2018-12-18', 9.73, 10.0, 9.3, 9.5]
['2018-12-19', 9.53, 10.28, 9.28, 9.49]
['2018-12-20', 9.46, 9.79, 9.14, 9.4]
['2018-12-21', 9.47, 9.67, 8.55, 8.65]
['2018-12-24', 8.57, 8.88, 8.51, 8.66]
['2018-12-26', 8.7, 9.3, 8.54, 9.27]
['2018-12-27', 9.17, 9.32, 8.39, 8.79]
['2018-12-28', 8.75, 9.13, 8.54, 8.93]
['2018-12-31', 8.94, 9.49, 8.77, 9.05]
['2019-01-02', 8.93, 9.22, 8.7, 9.12]
['2019-01-03', 9.08, 9.13, 8.34, 8.38]
['2019-01-04', 8.54, 8.88, 8.32, 8.67]
['2019-01-07', 8.8, 10.38, 8.75, 10.25]
['2019-01-08', 10.49, 11.19, 10.4, 10.95]
['2019-01-09', 10.95, 11.67, 10.79, 11.54]
['2019-01-10', 11.7, 12.24, 11.31, 12.2]
['2019-01-11', 12.06, 12.44, 11.94, 12.37]
['2019-01-14', 12.26, 12.58, 11.96, 12.34]
['2019-01-15', 11.99, 12.47, 11.99, 12.19]
['2019-01-16', 12.17, 12.22, 11.4, 11.51]
['2019-01-17', 11.46, 11.78, 11.08, 11.11]
['2019-01-18', 11.12, 11.8, 11.01, 11.72]
['2019-01-22', 11.63, 12.04, 11.48, 11.7]
['2019-01-23', 11.75, 11.86, 10.83, 11.11]
['2019-01-24', 11.1, 11.64, 10.95, 11.47]
['2019-01-25', 11.56, 12.3, 11.47, 12.22]
['2019-01-28', 12.2, 12.52, 11.98, 12.17]
['2019-01-29', 12.15, 12.74, 12.04, 12.69]
['2019-01-30', 12.7, 13.23, 12.6, 13.07]
['2019-01-31', 13.1, 14.11, 12.98, 13.46]
['2019-02-01', 13.5, 14.66, 13.5, 14.3]
['2019-02-04', 14.13, 14.65, 14.01, 14.55]
['2019-02-05', 14.63, 14.82, 14.23, 14.58]
['2019-02-06', 14.57, 14.75, 14.15, 14.33]
['2019-02-07', 14.2, 14.44, 13.91, 14.38]
['2019-02-08', 14.3, 14.5, 13.86, 14.08]
['2019-02-11', 14.2, 14.2, 13.64, 13.75]
['2019-02-12', 13.85, 14.36, 13.74, 14.29]
['2019-02-13', 14.38, 14.43, 14.16, 14.27]
['2019-02-14', 14.22, 14.37, 14.1, 14.18]
['2019-02-15', 14.24, 14.42, 13.66, 13.94]
['2019-02-19', 13.95, 14.09, 13.77, 13.79]
['2019-02-20', 13.82, 14.65, 13.67, 14.5]
['2019-02-21', 14.47, 15.03, 14.34, 14.94]
['2019-02-22', 14.96, 15.12, 14.58, 14.74]
['2019-02-25', 14.84, 15.16, 14.5, 14.81]
['2019-02-26', 14.56, 14.77, 13.61, 13.84]
['2019-02-27', 13.67, 14.38, 13.64, 14.03]
['2019-02-28', 14.29, 14.87, 14.18, 14.34]
['2019-03-01', 14.22, 14.61, 13.28, 14.36]
['2019-03-04', 14.55, 15.48, 14.31, 15.03]
['2019-03-05', 15.04, 15.14, 14.32, 14.39]
['2019-03-06', 14.35, 14.47, 13.42, 13.42]
['2019-03-07', 13.41, 13.88, 13.25, 13.62]
['2019-03-08', 13.52, 14.03, 13.3, 14.01]
['2019-03-11', 14.1, 14.78, 13.91, 14.7]
['2019-03-12', 14.75, 15.22, 14.14, 14.94]
['2019-03-13', 14.9, 15.28, 14.12, 14.84]
['2019-03-14', 14.83, 14.88, 14.35, 14.51]
['2019-03-15', 14.61, 14.85, 14.38, 14.41]
['2019-03-18', 14.41, 15.62, 14.09, 14.9]
['2019-03-19', 14.93, 15.11, 14.48, 14.84]
['2019-03-20', 14.86, 15.55, 14.74, 15.09]
['2019-03-21', 14.97, 15.52, 14.78, 15.5]
['2019-03-22', 15.43, 15.46, 14.23, 14.32]
['2019-03-25', 14.28, 14.4, 13.4, 14.13]
['2019-03-26', 14.29, 14.44, 13.88, 14.1]
['2019-03-27', 14.09, 14.09, 13.5, 13.51]
['2019-03-28', 13.41, 13.8, 13.41, 13.74]
['2019-03-29', 13.7, 13.84, 13.45, 13.64]
['2019-04-01', 13.69, 13.78, 12.95, 13.1]
['2019-04-02', 13.26, 13.56, 13.09, 13.11]
['2019-04-03', 13.28, 13.85, 13.11, 13.82]
['2019-04-04', 13.82, 14.28, 13.66, 13.93]
['2019-04-05', 14.0, 14.82, 14.0, 14.49]
['2019-04-08', 17.32, 17.51, 15.36, 15.49]
['2019-04-09', 15.5, 15.64, 14.55, 14.58]
['2019-04-10', 14.66, 14.89, 14.5, 14.76]
['2019-04-11', 14.83, 15.54, 14.61, 14.99]
['2019-04-12', 15.15, 15.3, 14.65, 14.78]
['2019-04-15', 14.76, 14.93, 14.4, 14.87]
['2019-04-16', 14.9, 15.35, 14.72, 15.09]
['2019-04-17', 15.15, 15.27, 14.4, 14.74]
['2019-04-18', 14.66, 15.24, 14.15, 14.71]
['2019-04-22', 14.72, 14.86, 14.35, 14.55]
['2019-04-23', 14.58, 14.64, 13.89, 14.18]
['2019-04-24', 14.25, 14.72, 13.55, 14.5]
['2019-04-25', 14.43, 15.03, 14.23, 14.95]
['2019-04-26', 14.95, 15.55, 14.6, 15.5]
['2019-04-29', 15.5, 16.21, 15.36, 15.9]
['2019-04-30', 15.93, 16.17, 15.72, 15.92]
['2019-05-01', 16.0, 16.16, 15.85, 15.95]
['2019-05-02', 15.95, 16.24, 15.81, 16.13]
['2019-05-03', 16.25, 16.91, 16.22, 16.38]
['2019-05-06', 15.7, 16.79, 15.7, 16.71]
['2019-05-07', 16.76, 16.98, 15.67, 15.94]
['2019-05-08', 15.95, 16.27, 15.65, 16.12]
['2019-05-09', 15.85, 16.32, 15.33, 16.1]
['2019-05-10', 16.25, 18.45, 15.97, 17.47]
['2019-05-13', 17.02, 17.23, 16.16, 16.74]
['2019-05-14', 16.91, 17.1, 16.65, 16.87]
['2019-05-15', 16.66, 17.22, 16.64, 17.19]
['2019-05-16', 17.23, 17.72, 17.05, 17.56]
['2019-05-17', 17.39, 18.58, 17.27, 18.55]
['2019-05-20', 18.32, 19.31, 17.99, 19.05]
['2019-05-21', 19.06, 20.04, 18.81, 19.78]
['2019-05-22', 19.75, 21.18, 19.74, 20.56]
['2019-05-23', 20.28, 20.53, 19.6, 20.36]
['2019-05-24', 20.58, 20.62, 19.8, 20.37]
['2019-05-28', 20.38, 20.51, 18.99, 19.17]
['2019-05-29', 19.58, 19.98, 19.0, 19.66]
['2019-05-30', 19.44, 19.65, 19.12, 19.49]
['2019-05-31', 19.17, 19.6, 18.74, 18.9]
['2019-06-03', 18.98, 19.03, 18.2, 18.37]
['2019-06-04', 18.65, 18.75, 17.92, 18.63]
['2019-06-05', 18.72, 18.86, 18.33, 18.64]
['2019-06-06', 18.59, 18.87, 17.94, 17.97]
['2019-06-07', 18.01, 18.33, 17.78, 17.91]
['2019-06-10', 17.99, 18.44, 17.22, 17.26]
['2019-06-11', 17.79, 18.16, 17.18, 17.56]
['2019-06-12', 17.59, 18.1, 17.39, 17.91]
['2019-06-13', 17.94, 18.26, 17.53, 18.25]
['2019-06-14', 18.11, 18.78, 18.11, 18.65]
['2019-06-17', 18.69, 19.7, 18.53, 19.55]
['2019-06-18', 19.69, 19.69, 19.01, 19.36]
['2019-06-19', 19.7, 20.97, 19.61, 20.67]
['2019-06-20', 20.99, 21.87, 20.7, 21.66]
['2019-06-21', 21.73, 22.03, 21.28, 21.77]
['2019-06-24', 21.68, 21.79, 20.71, 21.34]
['2019-06-25', 21.47, 21.98, 20.75, 21.14]
['2019-06-26', 21.29, 21.61, 20.65, 20.89]
['2019-06-27', 20.95, 21.51, 20.95, 21.49]
['2019-06-28', 21.62, 22.17, 21.49, 22.1]
['2019-07-01', 22.31, 22.58, 21.48, 22.52]
['2019-07-02', 22.52, 23.18, 22.32, 22.96]
['2019-07-03', 23.15, 23.43, 22.65, 23.37]
['2019-07-05', 23.16, 23.29, 22.38, 22.74]
['2019-07-08', 22.76, 23.43, 17.81, 19.72]
['2019-07-09', 19.75, 20.55, 19.34, 20.29]
['2019-07-10', 20.31, 20.48, 19.6, 20.39]
['2019-07-11', 20.53, 20.6, 19.7, 19.75]
['2019-07-12', 19.67, 19.99, 19.17, 19.23]
['2019-07-15', 19.2, 19.23, 18.65, 18.86]
['2019-07-16', 18.9, 19.27, 18.43, 18.52]
['2019-07-17', 18.46, 18.52, 17.76, 17.78]
['2019-07-18', 17.73, 18.24, 17.51, 18.08]
['2019-07-19', 18.03, 18.29, 17.66, 17.68]
['2019-07-22', 17.81, 17.81, 16.99, 17.06]
['2019-07-23', 17.11, 18.8, 16.79, 18.1]
['2019-07-24', 18.07, 18.21, 17.37, 17.8]
['2019-07-25', 17.88, 17.9, 16.87, 16.89]
['2019-07-26', 16.93, 17.22, 16.67, 16.69]
['2019-07-29', 16.68, 17.24, 16.18, 16.3]
['2019-07-30', 16.16, 16.79, 16.16, 16.78]
['2019-07-31', 16.74, 17.31, 16.58, 16.82]
['2019-08-01', 16.85, 17.53, 16.71, 17.03]
['2019-08-02', 18.15, 20.07, 17.8, 20.02]
['2019-08-05', 19.7, 20.01, 18.98, 19.63]
['2019-08-06', 19.75, 19.97, 18.76, 19.37]
['2019-08-07', 19.11, 19.14, 18.56, 19.04]
['2019-08-08', 19.06, 19.98, 19.06, 19.71]
['2019-08-09', 19.74, 20.09, 17.73, 19.15]
['2019-08-12', 19.12, 19.16, 18.13, 18.61]
['2019-08-13', 19.3, 19.76, 18.69, 19.37]
['2019-08-14', 19.0, 19.21, 18.54, 18.59]
['2019-08-15', 18.45, 18.93, 18.01, 18.51]
['2019-08-16', 18.73, 19.25, 18.45, 18.88]
['2019-08-19', 19.04, 19.77, 18.66, 19.71]
['2019-08-20', 19.72, 20.14, 19.5, 20.07]
['2019-08-21', 20.32, 22.33, 20.31, 21.92]
['2019-08-22', 22.0, 22.79, 21.72, 21.96]
['2019-08-23', 21.9, 22.33, 21.52, 22.01]
['2019-08-26', 22.5, 22.73, 22.15, 22.4]
['2019-08-27', 22.65, 22.65, 21.63, 21.9]
['2019-08-28', 21.8, 22.59, 21.39, 21.94]
['2019-08-29', 22.13, 22.29, 21.46, 21.88]
['2019-08-30', 22.1, 22.48, 21.95, 22.19]
['2019-09-03', 22.26, 22.71, 21.89, 21.92]
['2019-09-04', 21.98, 22.11, 21.06, 21.77]
['2019-09-05', 21.97, 22.05, 20.81, 21.05]
['2019-09-06', 21.11, 21.39, 20.42, 20.46]
['2019-09-09', 20.53, 20.53, 19.46, 19.7]
['2019-09-10', 19.55, 20.07, 18.87, 19.94]
['2019-09-11', 19.93, 20.61, 19.77, 20.3]
['2019-09-12', 20.23, 20.31, 19.68, 19.94]
['2019-09-13', 20.02, 20.49, 19.84, 20.2]
['2019-09-16', 20.03, 20.84, 19.88, 20.73]
['2019-09-17', 20.69, 20.77, 19.67, 20.0]
['2019-09-18', 20.1, 20.84, 19.81, 20.57]
['2019-09-19', 20.59, 20.8, 19.74, 20.57]
['2019-09-20', 20.57, 21.92, 20.28, 21.74]
['2019-09-23', 21.78, 21.95, 20.8, 21.38]
['2019-09-24', 21.5, 22.26, 21.27, 22.1]
['2019-09-25', 22.28, 23.91, 21.68, 22.53]
['2019-09-26', 22.5, 23.06, 20.82, 20.86]
['2019-09-27', 20.92, 21.05, 20.18, 20.48]
['2019-09-30', 20.41, 20.86, 19.58, 20.26]
['2019-10-01', 20.34, 20.76, 18.86, 19.18]
['2019-10-02', 19.0, 21.03, 18.72, 20.1]
['2019-10-03', 20.12, 20.95, 19.42, 19.97]
['2019-10-04', 20.75, 22.0, 20.68, 20.99]
['2019-10-07', 20.94, 22.08, 20.85, 21.37]
['2019-10-08', 21.0, 21.21, 20.46, 20.6]
['2019-10-09', 20.6, 20.64, 18.45, 18.75]
['2019-10-10', 18.7, 19.25, 18.56, 18.64]
['2019-10-11', 18.8, 19.33, 18.5, 18.55]
['2019-10-14', 18.4, 18.73, 17.9, 17.99]
['2019-10-15', 17.98, 18.98, 17.8, 18.89]
['2019-10-16', 18.99, 19.25, 18.57, 18.6]
['2019-10-17', 18.6, 19.57, 18.53, 19.19]
['2019-10-18', 19.02, 19.31, 18.5, 19.27]
['2019-10-21', 19.42, 19.72, 18.84, 19.18]
['2019-10-22', 18.8, 19.14, 17.5, 18.62]
['2019-10-23', 18.57, 18.65, 17.39, 17.59]
['2019-10-24', 17.66, 17.83, 16.73, 16.92]
['2019-10-25', 16.93, 17.05, 16.6, 16.88]
['2019-10-28', 17.0, 17.15, 16.77, 16.84]
['2019-10-29', 16.84, 17.93, 16.36, 17.72]
['2019-10-30', 17.7, 17.98, 17.21, 17.48]
['2019-10-31', 17.33, 17.52, 16.92, 17.37]
['2019-11-01', 17.42, 17.96, 17.28, 17.66]
['2019-11-04', 17.82, 17.98, 17.09, 17.15]
['2019-11-05', 15.63, 16.69, 15.5, 16.33]
['2019-11-06', 16.36, 17.03, 16.21, 16.46]
['2019-11-07', 17.5, 19.6, 17.42, 19.0]
['2019-11-08', 19.08, 19.74, 18.71, 19.06]
['2019-11-11', 18.84, 19.25, 18.59, 18.8]
['2019-11-12', 18.93, 19.0, 18.11, 18.43]
['2019-11-13', 18.39, 19.4, 18.27, 19.2]
['2019-11-14', 19.26, 19.37, 18.62, 18.98]
['2019-11-15', 19.09, 19.17, 18.62, 18.96]
['2019-11-18', 18.95, 19.44, 18.7, 19.18]
['2019-11-19', 19.1, 19.89, 19.09, 19.61]
['2019-11-20', 19.63, 20.21, 18.89, 19.25]
['2019-11-21', 19.28, 19.39, 18.39, 18.49]
['2019-11-22', 18.59, 18.92, 18.46, 18.82]
['2019-11-25', 18.75, 19.63, 18.73, 19.24]
['2019-11-26', 19.07, 19.18, 17.5, 17.74]
['2019-11-27', 17.82, 19.43, 17.44, 18.34]
['2019-11-29', 18.36, 18.39, 17.92, 17.99]
['2019-12-02', 18.16, 18.84, 18.08, 18.45]
['2019-12-03', 18.2, 18.56, 17.22, 17.48]
['2019-12-04', 17.67, 18.39, 17.63, 18.3]
['2019-12-05', 18.18, 18.28, 17.45, 17.57]
['2019-12-06', 17.75, 18.61, 17.65, 18.15]
['2019-12-09', 18.05, 18.4, 17.36, 17.57]
['2019-12-10', 17.54, 18.11, 17.5, 17.82]
['2019-12-11', 18.14, 18.14, 17.52, 17.9]
['2019-12-12', 17.9, 18.34, 17.7, 18.25]
['2019-12-13', 18.12, 18.72, 18.1, 18.52]
['2019-12-16', 18.69, 19.02, 18.38, 18.46]
['2019-12-17', 18.54, 18.78, 18.17, 18.58]
['2019-12-18', 18.55, 18.67, 17.87, 17.98]
['2019-12-19', 17.99, 18.22, 17.41, 18.01]
['2019-12-20', 18.19, 18.5, 17.85, 18.35]
['2019-12-23', 18.35, 18.69, 18.15, 18.24]
['2019-12-24', 18.32, 18.97, 18.09, 18.96]
['2019-12-26', 18.96, 18.96, 18.37, 18.57]
['2019-12-27', 18.77, 18.8, 18.03, 18.2]
['2019-12-30', 18.15, 18.27, 17.51, 17.54]
['2019-12-31', 17.51, 18.09, 17.33, 18.0]
['2020-01-02', 18.21, 18.36, 17.36, 18.32]
['2020-01-03', 18.16, 18.36, 17.32, 17.55]
['2020-01-06', 17.48, 18.24, 16.81, 18.11]
['2020-01-07', 18.0, 18.32, 17.56, 18.24]
['2020-01-08', 18.17, 18.47, 17.88, 18.04]
['2020-01-09', 18.24, 18.24, 17.54, 17.59]
['2020-01-10', 17.63, 18.1, 17.41, 17.73]
['2020-01-13', 17.75, 17.75, 17.08, 17.39]
['2020-01-14', 17.34, 19.96, 17.14, 19.89]
['2020-01-15', 19.53, 20.56, 18.6, 19.81]
['2020-01-16', 19.93, 20.07, 19.59, 19.86]
['2020-01-17', 19.96, 19.96, 18.98, 19.16]
['2020-01-21', 19.11, 19.7, 19.11, 19.28]
['2020-01-22', 19.28, 19.4, 18.96, 18.99]
['2020-01-23', 18.87, 19.14, 18.36, 18.72]
['2020-01-24', 18.81, 19.31, 17.91, 18.15]
['2020-01-27', 17.83, 18.87, 17.5, 18.73]
['2020-01-28', 18.95, 19.3, 18.72, 18.89]
['2020-01-29', 19.02, 19.21, 18.62, 18.78]
['2020-01-30', 18.53, 18.91, 18.27, 18.44]
['2020-01-31', 18.32, 18.37, 17.58, 18.04]
['2020-02-03', 18.18, 18.74, 17.99, 18.72]
['2020-02-04', 18.93, 19.86, 18.9, 19.46]
['2020-02-05', 19.16, 19.64, 18.72, 19.06]
['2020-02-06', 19.3, 19.83, 18.87, 19.44]
['2020-02-07', 19.49, 20.87, 19.4, 20.59]
['2020-02-10', 20.73, 21.82, 20.59, 21.57]
['2020-02-11', 22.06, 22.1, 21.35, 21.58]
['2020-02-12', 21.65, 21.89, 21.32, 21.76]
['2020-02-13', 21.8, 22.25, 21.63, 21.97]
['2020-02-14', 21.94, 22.03, 21.36, 21.74]
['2020-02-18', 21.64, 22.45, 21.45, 22.16]
['2020-02-19', 22.45, 22.85, 22.03, 22.5]
['2020-02-20', 22.41, 23.03, 22.01, 22.5]
['2020-02-21', 22.43, 22.72, 22.07, 22.53]
['2020-02-24', 21.83, 21.92, 21.14, 21.68]
['2020-02-25', 21.84, 21.95, 20.84, 21.3]
['2020-02-26', 21.41, 21.63, 20.1, 20.38]
['2020-02-27', 20.04, 20.19, 19.11, 19.19]
['2020-02-28', 18.52, 19.68, 17.64, 19.35]
['2020-03-02', 19.62, 20.81, 19.15, 20.7]
['2020-03-03', 20.42, 21.48, 19.46, 19.57]
['2020-03-04', 20.06, 20.6, 19.76, 20.56]
['2020-03-05', 20.04, 20.63, 19.84, 20.45]
['2020-03-06', 19.67, 20.58, 18.92, 19.42]
['2020-03-09', 17.92, 18.94, 17.47, 17.84]
['2020-03-10', 18.43, 18.43, 15.67, 17.55]
['2020-03-11', 17.06, 17.5, 15.53, 15.87]
['2020-03-12', 14.22, 15.22, 13.14, 14.45]
['2020-03-13', 14.97, 15.33, 13.4, 14.95]
['2020-03-16', 13.0, 14.17, 12.61, 12.68]
['2020-03-17', 12.92, 13.48, 12.2, 13.39]
['2020-03-18', 12.48, 12.9, 10.86, 11.67]
['2020-03-19', 11.61, 14.0, 11.22, 12.86]
['2020-03-20', 13.0, 14.3, 12.73, 13.84]
['2020-03-23', 14.0, 14.88, 13.66, 14.23]
['2020-03-24', 15.0, 16.74, 14.84, 16.26]
['2020-03-25', 16.21, 17.32, 15.77, 15.94]
['2020-03-26', 16.02, 17.42, 16.02, 16.79]
['2020-03-27', 16.0, 17.0, 15.69, 16.26]
['2020-03-30', 16.36, 16.83, 15.86, 16.79]
['2020-03-31', 16.79, 17.26, 15.65, 16.22]
['2020-04-01', 15.63, 15.93, 15.01, 15.16]
['2020-04-02', 14.96, 15.57, 14.4, 14.96]
['2020-04-03', 14.86, 15.19, 14.12, 14.43]
['2020-04-06', 14.85, 15.97, 14.85, 15.95]
['2020-04-07', 16.5, 16.63, 15.94, 16.12]
['2020-04-08', 16.49, 16.56, 15.63, 16.45]
['2020-04-09', 16.94, 17.21, 16.39, 16.7]
['2020-04-13', 17.1, 17.1, 15.74, 15.84]
['2020-04-14', 14.91, 15.17, 14.23, 14.81]
['2020-04-15', 14.5, 14.81, 14.12, 14.49]
['2020-04-16', 14.69, 15.07, 14.32, 15.0]
['2020-04-17', 15.57, 15.64, 14.98, 15.53]
['2020-04-20', 15.43, 17.12, 15.21, 16.55]
['2020-04-21', 15.74, 16.83, 15.7, 16.23]
['2020-04-22', 16.52, 16.67, 15.96, 16.32]
['2020-04-23', 16.55, 17.17, 16.46, 16.6]
['2020-04-24', 16.66, 17.45, 16.66, 17.33]
['2020-04-27', 17.52, 18.22, 17.42, 17.66]
['2020-04-28', 18.0, 18.19, 16.88, 16.97]
['2020-04-29', 17.42, 17.45, 16.49, 16.83]
['2020-04-30', 16.66, 17.06, 16.49, 16.6]
['2020-05-01', 16.26, 16.66, 15.58, 16.03]
['2020-05-04', 15.85, 16.19, 15.56, 16.02]
['2020-05-05', 16.35, 16.84, 16.1, 16.62]
['2020-05-06', 16.82, 16.82, 15.87, 16.19]
['2020-05-07', 16.37, 17.15, 16.22, 16.66]
['2020-05-08', 16.8, 17.41, 16.52, 17.3]
['2020-05-11', 17.18, 17.9, 16.92, 17.68]
['2020-05-12', 17.89, 18.27, 16.95, 16.99]
['2020-05-13', 16.93, 17.42, 16.08, 16.38]
['2020-05-14', 16.13, 16.57, 15.78, 16.43]
['2020-05-15', 16.37, 16.99, 16.2, 16.62]
['2020-05-18', 17.17, 17.28, 16.44, 16.86]
['2020-05-19', 16.72, 17.21, 16.45, 16.82]
['2020-05-20', 17.19, 17.82, 16.93, 17.24]
['2020-05-21', 17.14, 17.45, 15.93, 16.25]
['2020-05-22', 16.16, 17.14, 16.15, 17.09]
