['2016-06-02', 8.0, 8.45, 7.14, 7.25]
['2016-06-03', 7.2, 7.505, 7.0, 7.06]
['2016-06-06', 7.06, 7.41, 6.85, 7.0]
['2016-06-07', 7.0, 7.024, 6.89, 6.92]
['2016-06-08', 7.0, 7.0, 6.86, 7.0]
['2016-06-09', 6.8, 6.96, 6.74, 6.96]
['2016-06-10', 7.02, 7.02, 6.78, 6.9]
['2016-06-13', 6.916, 6.95, 6.725, 6.9]
['2016-06-14', 6.94, 6.99, 6.75, 6.99]
['2016-06-15', 6.82, 7.11, 6.76, 7.01]
['2016-06-16', 7.057, 7.15, 6.938, 7.0]
['2016-06-17', 6.92, 7.1, 6.9, 7.1]
['2016-06-20', 7.1, 7.15, 7.0, 7.04]
['2016-06-21', 7.035, 7.1, 6.85, 6.97]
['2016-06-22', 6.87, 7.1, 6.75, 7.1]
['2016-06-23', 7.0, 7.0, 6.85, 6.9]
['2016-06-24', 6.7, 6.831, 6.67, 6.8]
['2016-06-27', 6.81, 7.35, 6.79, 7.0]
['2016-06-28', 7.03, 7.2, 6.8, 6.91]
['2016-06-29', 6.849, 6.94, 6.8, 6.93]
['2016-06-30', 6.75, 7.03, 6.75, 7.01]
['2016-07-01', 7.2, 7.2, 6.75, 6.78]
['2016-07-05', 6.81, 7.13, 6.81, 6.9]
['2016-07-06', 6.81, 6.81, 6.5, 6.63]
['2016-07-07', 6.62, 6.79, 6.55, 6.79]
['2016-07-08', 6.75, 6.75, 6.5, 6.545]
['2016-07-11', 6.65, 6.7, 5.75, 6.55]
['2016-07-12', 6.41, 6.893, 6.3, 6.78]
['2016-07-13', 7.07, 7.2, 7.0, 7.0]
['2016-07-14', 7.03, 7.039, 6.37, 6.75]
['2016-07-15', 6.76, 6.76, 6.48, 6.6]
['2016-07-18', 6.76, 6.76, 6.47, 6.59]
['2016-07-19', 6.5, 6.62, 6.49, 6.49]
['2016-07-20', 6.49, 6.8, 6.47, 6.55]
['2016-07-21', 6.493, 6.493, 6.493, 6.493]
['2016-07-22', 6.52, 6.79, 6.47, 6.59]
['2016-07-25', 6.58, 6.6, 6.5, 6.57]
['2016-07-26', 6.49, 6.77, 6.49, 6.72]
['2016-07-27', 6.71, 6.71, 6.52, 6.52]
['2016-07-28', 6.61, 6.64, 6.52, 6.53]
['2016-07-29', 6.58, 6.58, 6.05, 6.05]
['2016-08-01', 5.95, 6.43, 5.95, 6.08]
['2016-08-02', 6.3, 6.45, 6.3, 6.44]
['2016-08-03', 6.14, 6.73, 6.13, 6.41]
['2016-08-04', 6.4, 6.48, 6.4, 6.48]
['2016-08-05', 6.46, 6.47, 6.15, 6.19]
['2016-08-08', 6.22, 6.237, 5.87, 6.005]
['2016-08-09', 6.682, 6.77, 5.65, 6.77]
['2016-08-10', 6.47, 6.8, 6.46, 6.77]
['2016-08-11', 6.31, 7.19, 5.99, 7.19]
['2016-08-12', 7.19, 7.199, 6.84, 7.19]
['2016-08-15', 6.93, 7.196, 6.93, 7.14]
['2016-08-16', 7.12, 7.12, 6.7, 6.76]
['2016-08-17', 6.73, 7.0, 6.72, 7.0]
['2016-08-18', 6.92, 7.0, 6.879, 7.0]
['2016-08-19', 6.95, 7.02, 6.72, 7.02]
['2016-08-22', 7.0, 7.08, 6.96, 7.08]
['2016-08-23', 7.07, 7.45, 6.88, 7.45]
['2016-08-24', 7.45, 7.45, 7.01, 7.13]
['2016-08-25', 7.14, 7.3, 6.95, 7.2]
['2016-08-26', 7.1, 7.1, 6.887, 7.01]
['2016-08-29', 7.037, 7.29, 7.037, 7.13]
['2016-08-30', 7.2, 7.46, 7.15, 7.46]
['2016-08-31', 7.345, 7.4, 7.155, 7.38]
['2016-09-01', 7.15, 7.75, 7.15, 7.71]
['2016-09-02', 7.73, 8.18, 7.67, 8.16]
['2016-09-06', 8.06, 8.25, 7.71, 8.105]
['2016-09-07', 8.08, 8.33, 7.64, 8.3]
['2016-09-08', 8.26, 8.3, 7.83, 8.18]
['2016-09-09', 8.16, 8.5, 8.16, 8.4]
['2016-09-12', 8.4, 8.47, 7.68, 7.92]
['2016-09-13', 7.65, 8.3, 7.36, 8.0]
['2016-09-14', 7.91, 8.45, 7.91, 8.14]
['2016-09-15', 8.205, 8.45, 7.95, 8.13]
['2016-09-16', 8.35, 8.8, 8.03, 8.37]
['2016-09-19', 8.62, 11.31, 8.35, 10.44]
['2016-09-20', 10.4, 12.0, 10.0, 11.01]
['2016-09-21', 10.8, 12.0, 10.5, 11.88]
['2016-09-22', 11.95, 12.5, 11.211, 11.75]
['2016-09-23', 11.77, 13.98, 11.5, 13.98]
['2016-09-26', 14.1, 16.79, 14.1, 15.26]
['2016-09-27', 15.15, 17.114, 14.56, 16.65]
['2016-09-28', 16.65, 17.67, 15.15, 17.54]
['2016-09-29', 17.69, 18.2, 15.06, 16.5]
['2016-09-30', 16.6, 18.02, 15.668, 17.35]
['2016-10-03', 17.35, 18.607, 16.59, 18.07]
['2016-10-04', 18.12, 18.12, 16.76, 17.33]
['2016-10-05', 17.27, 18.78, 17.1, 18.4]
['2016-10-06', 18.27, 20.75, 17.701, 20.15]
['2016-10-07', 20.27, 23.5, 20.09, 23.37]
['2016-10-10', 24.4, 25.08, 23.29, 24.68]
['2016-10-11', 24.68, 24.93, 23.48, 24.72]
['2016-10-12', 24.52, 24.595, 21.15, 21.41]
['2016-10-13', 21.29, 22.119, 18.08, 19.11]
['2016-10-14', 19.27, 20.47, 19.27, 20.16]
['2016-10-17', 20.35, 22.2, 19.99, 21.23]
['2016-10-18', 21.35, 22.24, 21.35, 21.86]
['2016-10-19', 21.86, 22.19, 20.04, 20.19]
['2016-10-20', 20.68, 20.68, 18.97, 19.5]
['2016-10-21', 19.32, 19.32, 18.51, 18.88]
['2016-10-24', 19.09, 20.28, 19.06, 19.72]
['2016-10-25', 20.35, 20.35, 19.13, 19.75]
['2016-10-26', 19.75, 19.75, 18.869, 19.44]
['2016-10-27', 19.35, 20.48, 19.09, 19.42]
['2016-10-28', 18.88, 20.161, 18.88, 19.93]
['2016-10-31', 20.08, 21.83, 19.66, 21.63]
['2016-11-01', 21.8, 22.31, 18.08, 18.15]
['2016-11-02', 18.01, 18.25, 14.37, 14.48]
['2016-11-03', 14.54, 14.89, 13.65, 14.8]
['2016-11-04', 14.8, 16.545, 14.8, 16.1]
['2016-11-07', 16.36, 16.9, 16.01, 16.48]
['2016-11-08', 16.42, 16.9, 15.832, 16.71]
['2016-11-09', 15.15, 17.73, 13.93, 17.71]
['2016-11-10', 17.88, 19.92, 17.88, 19.08]
['2016-11-11', 19.08, 20.0, 18.84, 19.83]
['2016-11-14', 19.98, 21.13, 19.78, 20.99]
['2016-11-15', 21.22, 21.75, 20.62, 20.84]
['2016-11-16', 20.8, 21.49, 20.55, 20.67]
['2016-11-17', 20.84, 22.18, 20.06, 21.95]
['2016-11-18', 21.97, 24.73, 21.22, 23.05]
['2016-11-21', 23.05, 23.15, 22.56, 22.95]
['2016-11-22', 23.01, 23.79, 22.03, 22.39]
['2016-11-23', 22.14, 22.14, 20.92, 21.72]
['2016-11-25', 21.79, 22.97, 20.84, 21.42]
['2016-11-28', 21.55, 22.05, 20.74, 21.82]
['2016-11-29', 21.57, 21.57, 18.46, 18.51]
['2016-11-30', 17.77, 18.0, 14.171, 14.64]
['2016-12-01', 14.52, 15.9, 13.9, 15.36]
['2016-12-02', 15.59, 17.31, 15.31, 15.62]
['2016-12-05', 15.64, 16.13, 14.216, 14.83]
['2016-12-06', 14.9, 15.495, 14.26, 15.18]
['2016-12-07', 15.02, 15.05, 14.24, 14.43]
['2016-12-08', 13.94, 14.14, 11.26, 11.53]
['2016-12-09', 8.8, 9.72, 8.61, 9.0]
['2016-12-12', 9.09, 9.4, 8.6, 8.68]
['2016-12-13', 8.65, 8.93, 8.087, 8.5]
['2016-12-14', 8.56, 9.1, 8.51, 8.58]
['2016-12-15', 8.51, 9.1, 8.5, 8.9]
['2016-12-16', 8.95, 9.43, 8.89, 9.07]
['2016-12-19', 9.1, 9.43, 8.95, 9.26]
['2016-12-20', 9.26, 9.4, 8.91, 8.99]
['2016-12-21', 9.04, 9.24, 8.65, 9.01]
['2016-12-22', 9.0, 9.19, 8.99, 9.09]
['2016-12-23', 9.08, 9.35, 8.93, 9.05]
['2016-12-27', 9.13, 9.24, 8.99, 9.0]
['2016-12-28', 9.07, 9.115, 8.9, 9.0]
['2016-12-29', 9.1, 9.2, 8.98, 8.99]
['2016-12-30', 8.99, 9.05, 8.89, 8.94]
['2017-01-03', 9.02, 9.43, 9.0, 9.37]
['2017-01-04', 9.4, 10.1, 9.37, 9.87]
['2017-01-05', 9.87, 10.13, 9.51, 10.08]
['2017-01-06', 10.4, 10.461, 10.05, 10.16]
['2017-01-09', 10.2, 10.35, 9.28, 9.35]
['2017-01-10', 9.39, 9.67, 9.22, 9.66]
['2017-01-11', 9.68, 9.92, 9.08, 9.41]
['2017-01-12', 9.35, 9.443, 9.01, 9.17]
['2017-01-13', 9.21, 9.64, 9.1, 9.25]
['2017-01-17', 9.22, 9.22, 8.68, 8.81]
['2017-01-18', 8.79, 8.84, 8.39, 8.59]
['2017-01-19', 8.65, 8.65, 8.01, 8.22]
['2017-01-20', 8.16, 8.16, 7.62, 7.69]
['2017-01-23', 7.64, 7.68, 7.26, 7.49]
['2017-01-24', 7.5, 8.05, 7.35, 7.93]
['2017-01-25', 8.03, 8.39, 7.96, 8.33]
['2017-01-26', 8.27, 8.305, 8.0, 8.09]
['2017-01-27', 8.09, 8.11, 7.72, 7.87]
['2017-01-30', 7.84, 7.9, 7.21, 7.25]
['2017-01-31', 7.24, 7.69, 7.22, 7.45]
['2017-02-01', 7.51, 7.64, 7.38, 7.47]
['2017-02-02', 7.44, 7.44, 7.18, 7.38]
['2017-02-03', 7.41, 7.8, 7.35, 7.64]
['2017-02-06', 7.58, 7.59, 7.21, 7.25]
['2017-02-07', 7.29, 7.33, 7.05, 7.1]
['2017-02-08', 7.02, 7.25, 7.0, 7.21]
['2017-02-09', 7.22, 7.73, 7.22, 7.55]
['2017-02-10', 7.6, 7.815, 7.45, 7.71]
['2017-02-13', 7.77, 8.15, 7.47, 7.54]
['2017-02-14', 7.52, 7.65, 7.36, 7.58]
['2017-02-15', 7.61, 7.71, 7.45, 7.67]
['2017-02-16', 7.7, 7.98, 7.37, 7.64]
['2017-02-17', 7.62, 7.67, 7.37, 7.67]
['2017-02-21', 7.66, 7.67, 7.415, 7.64]
['2017-02-22', 7.57, 7.6, 7.1, 7.19]
['2017-02-23', 7.19, 7.2, 6.501, 6.9]
['2017-02-24', 7.7, 8.15, 7.1, 8.06]
['2017-02-27', 8.44, 8.756, 8.22, 8.64]
['2017-02-28', 8.72, 9.05, 7.84, 7.85]
['2017-03-01', 7.99, 8.74, 7.501, 8.45]
['2017-03-02', 8.6, 9.42, 8.38, 8.53]
['2017-03-03', 8.78, 8.78, 8.37, 8.47]
['2017-03-06', 8.5, 8.5, 7.69, 7.71]
['2017-03-07', 7.78, 7.78, 7.01, 7.12]
['2017-03-08', 7.2, 7.49, 7.05, 7.26]
['2017-03-09', 7.27, 7.49, 7.19, 7.29]
['2017-03-10', 7.4, 7.47, 7.12, 7.35]
['2017-03-13', 7.36, 7.39, 7.025, 7.31]
['2017-03-14', 6.96, 6.96, 5.44, 6.38]
['2017-03-15', 6.77, 6.84, 6.07, 6.59]
['2017-03-16', 6.66, 7.6, 6.435, 7.34]
['2017-03-17', 7.45, 7.529, 6.9, 6.93]
['2017-03-20', 6.97, 7.155, 6.74, 6.91]
['2017-03-21', 7.15, 7.15, 6.85, 7.0]
['2017-03-22', 7.0, 7.02, 6.713, 6.99]
['2017-03-23', 7.12, 7.38, 6.99, 7.12]
['2017-03-24', 7.12, 7.15, 6.87, 7.06]
['2017-03-27', 6.94, 7.39, 6.91, 7.34]
['2017-03-28', 7.34, 7.64, 7.08, 7.56]
['2017-03-29', 7.57, 8.3, 7.57, 7.89]
['2017-03-30', 7.89, 7.89, 7.3, 7.65]
['2017-03-31', 7.68, 8.15, 7.68, 7.94]
['2017-04-03', 7.95, 7.95, 7.4, 7.52]
['2017-04-04', 7.5, 7.76, 7.32, 7.73]
['2017-04-05', 7.78, 7.8, 7.495, 7.7]
['2017-04-06', 7.67, 7.86, 7.46, 7.83]
['2017-04-07', 7.77, 8.07, 7.77, 8.01]
['2017-04-10', 8.02, 8.256, 7.63, 7.66]
['2017-04-11', 7.65, 7.78, 7.41, 7.65]
['2017-04-12', 7.63, 7.65, 7.51, 7.59]
['2017-04-13', 7.57, 7.9, 7.57, 7.71]
['2017-04-17', 7.71, 7.86, 7.25, 7.49]
['2017-04-18', 7.43, 7.64, 7.35, 7.44]
['2017-04-19', 7.45, 7.63, 7.31, 7.43]
['2017-04-20', 7.42, 7.64, 7.4, 7.49]
['2017-04-21', 7.54, 7.55, 7.35, 7.43]
['2017-04-24', 7.58, 7.62, 7.365, 7.55]
['2017-04-25', 7.58, 7.749, 7.57, 7.65]
['2017-04-26', 7.66, 8.05, 7.64, 7.97]
['2017-04-27', 8.04, 8.04, 7.68, 7.83]
['2017-04-28', 7.77, 8.04, 7.59, 7.96]
['2017-05-01', 7.95, 8.25, 7.95, 8.16]
['2017-05-02', 8.28, 8.58, 8.19, 8.48]
['2017-05-03', 8.38, 8.39, 7.89, 8.19]
['2017-05-04', 8.18, 8.39, 7.81, 8.11]
['2017-05-05', 8.1, 8.1, 7.676, 7.9]
['2017-05-08', 7.9, 8.11, 7.538, 7.94]
['2017-05-09', 7.94, 7.98, 7.7, 7.87]
['2017-05-10', 7.84, 8.3, 7.51, 8.19]
['2017-05-11', 8.17, 8.73, 8.08, 8.64]
['2017-05-12', 8.64, 9.17, 8.29, 8.98]
['2017-05-15', 8.98, 9.16, 8.7, 8.75]
['2017-05-16', 8.76, 8.78, 8.41, 8.69]
['2017-05-17', 8.55, 8.64, 8.253, 8.43]
['2017-05-18', 8.42, 8.6, 8.05, 8.47]
['2017-05-19', 8.48, 8.58, 8.0, 8.03]
['2017-05-22', 8.02, 8.23, 7.4, 7.47]
['2017-05-23', 7.45, 7.5, 7.2, 7.35]
['2017-05-24', 7.72, 7.82, 7.39, 7.54]
['2017-05-25', 7.94, 8.3, 7.48, 7.5]
['2017-05-26', 7.5, 7.55, 7.17, 7.25]
['2017-05-30', 7.3, 7.318, 6.95, 7.05]
['2017-05-31', 7.05, 7.1, 6.8, 6.88]
['2017-06-01', 6.9, 7.191, 6.9, 7.16]
['2017-06-02', 7.2, 7.504, 7.03, 7.37]
['2017-06-05', 7.36, 7.47, 7.221, 7.4]
['2017-06-06', 7.45, 7.548, 7.24, 7.39]
['2017-06-07', 7.44, 7.68, 7.26, 7.34]
['2017-06-08', 7.31, 8.03, 7.31, 7.98]
['2017-06-09', 8.1, 8.11, 7.46, 7.65]
['2017-06-12', 7.6, 7.81, 7.53, 7.61]
['2017-06-13', 7.62, 8.02, 7.61, 7.89]
['2017-06-14', 7.9, 8.27, 7.723, 8.12]
['2017-06-15', 8.03, 8.25, 7.69, 7.75]
['2017-06-16', 7.67, 8.05, 7.651, 7.82]
['2017-06-19', 7.83, 8.43, 7.83, 8.22]
['2017-06-20', 8.15, 9.15, 8.15, 8.78]
['2017-06-21', 8.85, 8.95, 8.4, 8.61]
['2017-06-22', 8.7, 9.09, 8.363, 8.81]
['2017-06-23', 8.77, 9.76, 8.77, 9.69]
['2017-06-26', 9.65, 10.033, 9.59, 9.89]
['2017-06-27', 9.81, 9.81, 9.21, 9.26]
['2017-06-28', 9.33, 9.725, 9.01, 9.64]
['2017-06-29', 9.64, 9.74, 9.01, 9.36]
['2017-06-30', 9.38, 9.38, 9.05, 9.11]
['2017-07-03', 9.15, 9.5, 8.75, 9.4]
['2017-07-05', 9.43, 9.74, 9.04, 9.69]
['2017-07-06', 9.52, 9.7, 9.26, 9.4]
['2017-07-07', 9.49, 9.715, 9.25, 9.51]
['2017-07-10', 9.44, 9.48, 9.109, 9.27]
['2017-07-11', 9.28, 9.65, 9.12, 9.41]
['2017-07-12', 9.5, 10.0, 9.37, 9.82]
['2017-07-13', 9.79, 9.98, 9.52, 9.73]
['2017-07-14', 9.59, 9.7, 9.385, 9.52]
['2017-07-17', 9.58, 10.0, 9.46, 9.62]
['2017-07-18', 9.5, 9.99, 9.36, 9.76]
['2017-07-19', 9.76, 10.08, 9.58, 9.83]
['2017-07-20', 9.83, 9.98, 9.6, 9.82]
['2017-07-21', 9.96, 10.36, 9.84, 9.93]
['2017-07-24', 10.16, 10.16, 9.0, 9.24]
['2017-07-25', 9.34, 9.39, 9.09, 9.3]
['2017-07-26', 9.35, 9.39, 9.11, 9.17]
['2017-07-27', 9.27, 9.35, 8.87, 8.96]
['2017-07-28', 8.91, 9.07, 8.68, 8.79]
['2017-07-31', 8.73, 8.87, 8.51, 8.62]
['2017-08-01', 8.7, 8.71, 8.22, 8.45]
['2017-08-02', 8.51, 8.51, 8.115, 8.23]
['2017-08-03', 8.23, 8.62, 8.1, 8.15]
['2017-08-04', 8.09, 8.285, 8.06, 8.13]
['2017-08-07', 8.02, 8.187, 7.929, 8.0]
['2017-08-08', 8.01, 8.125, 7.85, 7.96]
['2017-08-09', 7.55, 7.95, 6.42, 7.13]
['2017-08-10', 6.92, 7.18, 6.81, 6.855]
['2017-08-11', 6.84, 7.237, 6.84, 7.04]
['2017-08-14', 7.25, 7.28, 6.83, 7.1]
['2017-08-15', 7.21, 7.225, 6.85, 6.91]
['2017-08-16', 7.02, 7.11, 6.9, 7.08]
['2017-08-17', 7.02, 7.34, 6.99, 7.03]
['2017-08-18', 6.92, 7.06, 6.91, 6.95]
['2017-08-21', 6.98, 6.99, 6.65, 6.73]
['2017-08-22', 6.75, 6.97, 6.7, 6.95]
['2017-08-23', 6.87, 7.06, 6.82, 6.97]
['2017-08-24', 6.98, 7.28, 6.94, 6.98]
['2017-08-25', 7.0, 7.01, 6.76, 6.78]
['2017-08-28', 6.86, 7.0, 6.81, 6.95]
['2017-08-29', 6.94, 7.06, 6.77, 6.86]
['2017-08-30', 6.89, 7.0, 6.84, 6.9]
['2017-08-31', 6.88, 7.079, 6.78, 6.99]
['2017-09-01', 7.0, 7.2, 6.94, 7.2]
['2017-09-05', 7.1, 7.3, 6.84, 7.3]
['2017-09-06', 7.26, 7.53, 7.17, 7.48]
['2017-09-07', 7.45, 7.67, 7.25, 7.57]
['2017-09-08', 7.61, 7.73, 7.457, 7.67]
['2017-09-11', 7.72, 8.14, 7.69, 8.07]
['2017-09-12', 7.99, 8.0, 7.52, 7.66]
['2017-09-13', 7.68, 7.69, 7.38, 7.53]
['2017-09-14', 7.45, 7.71, 7.3, 7.54]
['2017-09-15', 7.57, 7.72, 7.37, 7.6]
['2017-09-18', 7.53, 7.89, 7.47, 7.6]
['2017-09-19', 7.65, 7.697, 7.45, 7.56]
['2017-09-20', 7.61, 7.895, 7.58, 7.74]
['2017-09-21', 7.81, 8.2, 7.52, 8.15]
['2017-09-22', 8.16, 8.39, 7.67, 8.3]
['2017-09-25', 8.35, 8.35, 8.09, 8.3]
['2017-09-26', 8.35, 8.35, 7.86, 7.91]
['2017-09-27', 7.97, 8.66, 7.83, 8.55]
['2017-09-28', 8.6, 8.69, 8.28, 8.5]
['2017-09-29', 8.54, 8.97, 8.451, 8.74]
['2017-10-02', 8.81, 9.13, 8.79, 9.12]
['2017-10-03', 9.09, 9.09, 8.33, 8.81]
['2017-10-04', 8.78, 9.02, 8.31, 8.38]
['2017-10-05', 8.05, 8.55, 8.05, 8.48]
['2017-10-06', 8.5, 8.65, 8.25, 8.35]
['2017-10-09', 8.35, 8.42, 7.78, 7.79]
['2017-10-10', 7.87, 8.0, 7.68, 7.73]
['2017-10-11', 7.7, 7.81, 7.5, 7.62]
['2017-10-12', 7.58, 7.71, 7.47, 7.56]
['2017-10-13', 7.58, 7.88, 7.41, 7.74]
['2017-10-16', 7.78, 8.01, 7.59, 7.77]
['2017-10-17', 7.75, 8.01, 7.65, 7.81]
['2017-10-18', 7.91, 7.92, 7.71, 7.88]
['2017-10-19', 7.84, 7.93, 7.68, 7.89]
['2017-10-20', 7.98, 7.98, 7.73, 7.9]
['2017-10-23', 7.88, 8.02, 7.71, 8.0]
['2017-10-24', 7.98, 7.98, 7.71, 7.71]
['2017-10-25', 7.59, 7.76, 7.48, 7.51]
['2017-10-26', 7.52, 7.58, 7.15, 7.2]
['2017-10-27', 7.21, 7.312, 7.02, 7.12]
['2017-10-30', 7.15, 7.297, 6.84, 7.02]
['2017-10-31', 7.1, 7.26, 6.98, 7.12]
['2017-11-01', 7.23, 7.23, 6.86, 7.01]
['2017-11-02', 6.98, 7.07, 6.86, 6.9]
['2017-11-03', 6.9, 7.08, 6.86, 6.95]
['2017-11-06', 7.0, 7.26, 7.0, 7.08]
['2017-11-07', 7.06, 7.59, 6.98, 7.49]
['2017-11-08', 6.95, 7.57, 6.95, 7.38]
['2017-11-09', 7.3, 7.47, 7.05, 7.34]
['2017-11-10', 7.26, 7.45, 7.21, 7.3]
['2017-11-13', 7.26, 7.48, 7.061, 7.38]
['2017-11-14', 7.34, 7.45, 6.9, 7.05]
['2017-11-15', 7.0, 7.17, 6.84, 6.94]
['2017-11-16', 6.97, 7.22, 6.85, 6.96]
['2017-11-17', 6.91, 7.15, 6.84, 7.09]
['2017-11-20', 7.11, 7.2, 6.94, 7.0]
['2017-11-21', 7.06, 7.08, 6.84, 7.01]
['2017-11-22', 7.02, 7.435, 6.99, 7.17]
['2017-11-24', 7.18, 7.532, 7.014, 7.26]
['2017-11-27', 7.28, 7.3, 7.0, 7.16]
['2017-11-28', 7.16, 7.39, 7.09, 7.31]
['2017-11-29', 7.3, 7.44, 7.03, 7.09]
['2017-11-30', 7.1, 7.18, 6.96, 7.12]
['2017-12-01', 7.14, 7.17, 6.84, 7.0]
['2017-12-04', 7.03, 7.07, 6.84, 6.85]
['2017-12-05', 6.85, 6.85, 6.15, 6.175]
['2017-12-06', 6.26, 6.5, 5.93, 5.97]
['2017-12-07', 6.0, 6.399, 5.83, 6.2]
['2017-12-08', 6.24, 6.35, 5.75, 5.89]
['2017-12-11', 5.92, 7.39, 5.92, 7.05]
['2017-12-12', 7.06, 7.115, 6.62, 6.69]
['2017-12-13', 6.7, 6.95, 6.31, 6.4]
['2017-12-14', 6.41, 6.48, 5.87, 5.94]
['2017-12-15', 5.96, 6.19, 5.88, 5.97]
['2017-12-18', 6.0, 6.16, 5.71, 6.06]
['2017-12-19', 6.09, 6.12, 5.7, 5.78]
['2017-12-20', 5.81, 6.4, 5.778, 6.08]
['2017-12-21', 6.09, 6.71, 6.09, 6.55]
['2017-12-22', 6.55, 6.69, 6.29, 6.34]
['2017-12-26', 6.33, 6.62, 6.3, 6.58]
['2017-12-27', 6.53, 7.0, 6.53, 6.86]
['2017-12-28', 6.87, 7.1, 6.75, 6.99]
['2017-12-29', 6.98, 7.19, 6.805, 7.0]
['2018-01-02', 7.07, 7.2, 7.01, 7.19]
['2018-01-03', 7.19, 7.25, 7.05, 7.08]
['2018-01-04', 7.13, 7.24, 6.9, 7.22]
['2018-01-05', 7.25, 7.78, 7.23, 7.5]
['2018-01-08', 7.48, 7.48, 6.6, 6.94]
['2018-01-09', 6.97, 7.01, 6.63, 6.635]
['2018-01-10', 6.57, 6.626, 6.25, 6.32]
['2018-01-11', 6.45, 6.67, 6.2, 6.22]
['2018-01-12', 6.22, 6.52, 6.2, 6.35]
['2018-01-16', 6.41, 6.57, 6.16, 6.24]
['2018-01-17', 6.3, 6.5, 6.08, 6.14]
['2018-01-18', 6.15, 6.325, 6.07, 6.22]
['2018-01-19', 6.19, 6.46, 6.13, 6.44]
['2018-01-22', 6.44, 6.53, 6.18, 6.22]
['2018-01-23', 6.19, 6.74, 6.15, 6.33]
['2018-01-24', 6.5, 6.94, 6.5, 6.62]
['2018-01-25', 6.69, 7.15, 6.65, 6.79]
['2018-01-26', 6.84, 6.84, 6.42, 6.48]
['2018-01-29', 6.42, 6.69, 6.3, 6.43]
['2018-01-30', 6.55, 6.61, 6.32, 6.37]
['2018-01-31', 6.39, 6.68, 6.19, 6.5]
['2018-02-01', 6.46, 6.55, 6.25, 6.33]
['2018-02-02', 6.31, 6.445, 6.11, 6.16]
['2018-02-05', 6.11, 6.11, 5.71, 5.74]
['2018-02-06', 5.72, 5.89, 5.55, 5.57]
['2018-02-07', 5.58, 6.0, 5.58, 5.95]
['2018-02-08', 5.98, 6.15, 5.6, 5.62]
['2018-02-09', 5.66, 5.88, 5.3, 5.77]
['2018-02-12', 5.77, 6.3, 5.6, 5.75]
['2018-02-13', 5.7, 6.04, 5.7, 5.97]
['2018-02-14', 5.9, 6.1, 5.8, 5.87]
['2018-02-15', 5.92, 6.09, 5.8, 5.93]
['2018-02-16', 5.92, 6.57, 5.92, 6.44]
['2018-02-20', 6.39, 6.495, 6.01, 6.24]
['2018-02-21', 6.16, 6.65, 6.16, 6.43]
['2018-02-22', 6.41, 6.53, 6.225, 6.32]
['2018-02-23', 6.32, 6.37, 5.97, 6.08]
['2018-02-26', 6.1, 6.489, 6.071, 6.23]
['2018-02-27', 6.2, 6.4, 6.119, 6.36]
['2018-02-28', 6.4, 6.59, 6.29, 6.46]
['2018-03-01', 6.48, 7.08, 6.368, 7.03]
['2018-03-02', 6.97, 7.9, 6.9, 7.82]
['2018-03-05', 11.029, 13.25, 10.0, 10.33]
['2018-03-06', 10.65, 13.35, 10.65, 12.95]
['2018-03-07', 13.3, 15.06, 13.15, 14.28]
['2018-03-08', 13.59, 14.2, 12.88, 13.0]
['2018-03-09', 13.02, 13.28, 12.7, 13.0]
['2018-03-12', 13.15, 13.27, 12.22, 12.64]
['2018-03-13', 12.66, 12.76, 12.06, 12.43]
['2018-03-14', 12.56, 13.18, 11.82, 11.96]
['2018-03-15', 12.03, 12.19, 11.41, 11.78]
['2018-03-16', 11.73, 12.16, 11.21, 11.73]
['2018-03-19', 11.71, 12.45, 11.655, 11.95]
['2018-03-20', 11.91, 12.25, 11.72, 11.85]
['2018-03-21', 11.85, 12.5, 11.7, 12.16]
['2018-03-22', 12.0, 12.35, 11.51, 11.72]
['2018-03-23', 11.96, 12.16, 11.604, 11.75]
['2018-03-26', 11.84, 12.13, 11.22, 11.68]
['2018-03-27', 11.89, 11.95, 10.22, 10.41]
['2018-03-28', 10.41, 10.95, 10.153, 10.74]
['2018-03-29', 10.74, 11.23, 10.48, 10.73]
['2018-04-02', 10.64, 10.79, 10.13, 10.26]
['2018-04-03', 10.25, 10.69, 10.19, 10.38]
['2018-04-04', 10.14, 10.8, 10.14, 10.69]
['2018-04-05', 10.7, 11.07, 10.3, 10.31]
['2018-04-06', 10.25, 10.68, 10.2, 10.42]
['2018-04-09', 10.48, 10.79, 10.226, 10.52]
['2018-04-10', 10.59, 11.03, 10.524, 10.79]
['2018-04-11', 10.73, 11.0, 10.55, 10.57]
['2018-04-12', 10.6, 10.67, 10.35, 10.42]
['2018-04-13', 10.5, 10.89, 10.47, 10.57]
['2018-04-16', 10.66, 10.66, 10.06, 10.52]
['2018-04-17', 10.56, 11.73, 10.47, 11.54]
['2018-04-18', 11.52, 12.19, 11.14, 11.42]
['2018-04-19', 11.39, 11.73, 11.01, 11.42]
['2018-04-20', 11.36, 11.6, 11.05, 11.42]
['2018-04-23', 11.46, 11.5, 11.021, 11.21]
['2018-04-24', 11.3, 11.71, 11.1, 11.67]
['2018-04-25', 11.64, 11.64, 11.09, 11.4]
['2018-04-26', 11.43, 12.38, 11.4, 12.09]
['2018-04-27', 12.13, 12.26, 11.828, 12.13]
['2018-04-30', 12.1, 12.56, 12.1, 12.18]
['2018-05-01', 12.08, 12.65, 11.69, 12.47]
['2018-05-02', 12.4, 12.76, 12.271, 12.49]
['2018-05-03', 12.42, 12.64, 12.08, 12.15]
['2018-05-04', 12.12, 12.38, 11.95, 12.15]
['2018-05-07', 12.11, 12.33, 11.633, 11.88]
['2018-05-08', 11.85, 11.87, 11.578, 11.62]
['2018-05-09', 11.5, 12.9, 10.27, 12.53]
['2018-05-10', 12.4, 12.73, 11.55, 11.555]
['2018-05-11', 11.61, 11.74, 11.34, 11.65]
['2018-05-14', 11.71, 12.26, 11.71, 12.06]
['2018-05-15', 11.97, 12.28, 11.54, 12.1]
['2018-05-16', 12.11, 12.29, 12.05, 12.17]
['2018-05-17', 12.23, 13.37, 12.23, 13.04]
['2018-05-18', 13.19, 13.41, 12.97, 13.02]
['2018-05-21', 13.04, 13.62, 12.76, 13.17]
['2018-05-22', 13.16, 13.65, 13.05, 13.22]
['2018-05-23', 13.22, 13.81, 13.145, 13.38]
['2018-05-24', 13.38, 13.62, 13.13, 13.42]
['2018-05-25', 13.46, 13.53, 13.16, 13.34]
['2018-05-29', 13.3, 14.17, 13.22, 14.12]
['2018-05-30', 14.29, 15.329, 14.18, 14.54]
['2018-05-31', 12.45, 12.45, 9.0, 9.86]
['2018-06-01', 10.14, 10.49, 9.735, 9.75]
['2018-06-04', 9.82, 9.97, 8.99, 9.19]
['2018-06-05', 9.4, 9.67, 8.88, 8.98]
['2018-06-06', 8.93, 9.16, 8.9, 8.91]
['2018-06-07', 9.0, 9.53, 8.777, 9.39]
['2018-06-08', 9.33, 9.99, 9.27, 9.86]
['2018-06-11', 9.84, 10.2, 9.58, 9.59]
['2018-06-12', 9.61, 9.93, 9.54, 9.83]
['2018-06-13', 9.88, 10.325, 9.66, 10.13]
['2018-06-14', 10.11, 10.55, 10.04, 10.49]
['2018-06-15', 10.45, 10.72, 10.38, 10.7]
['2018-06-18', 10.68, 10.89, 10.45, 10.59]
['2018-06-19', 10.5, 10.699, 10.45, 10.61]
['2018-06-20', 10.66, 10.96, 10.603, 10.74]
['2018-06-21', 10.73, 10.75, 10.215, 10.32]
['2018-06-22', 10.32, 10.37, 10.1, 10.36]
['2018-06-25', 10.31, 10.45, 9.92, 10.09]
['2018-06-26', 10.13, 10.305, 9.76, 10.26]
['2018-06-27', 10.25, 10.68, 10.15, 10.21]
['2018-06-28', 10.81, 10.81, 10.48, 10.74]
['2018-06-29', 10.76, 10.96, 10.57, 10.69]
['2018-07-02', 10.66, 11.19, 10.44, 10.77]
['2018-07-03', 10.82, 11.15, 10.551, 11.05]
['2018-07-05', 11.11, 11.24, 10.76, 10.8]
['2018-07-06', 10.8, 11.245, 10.319, 10.96]
['2018-07-09', 10.97, 11.04, 10.74, 10.82]
['2018-07-10', 10.86, 11.0, 10.49, 10.66]
['2018-07-11', 10.6, 11.03, 10.52, 10.96]
['2018-07-12', 11.01, 11.24, 10.72, 11.24]
['2018-07-13', 11.22, 11.22, 10.16, 10.28]
['2018-07-16', 10.58, 10.69, 10.063, 10.63]
['2018-07-17', 10.61, 10.83, 10.2, 10.37]
['2018-07-18', 10.32, 10.46, 9.94, 10.37]
['2018-07-19', 10.38, 10.38, 9.93, 9.99]
['2018-07-20', 9.97, 10.13, 9.91, 10.0]
['2018-07-23', 10.04, 10.12, 9.82, 10.01]
['2018-07-24', 10.01, 10.02, 9.4, 9.5]
['2018-07-25', 9.55, 9.71, 9.219, 9.28]
['2018-07-26', 9.3, 9.4, 8.91, 8.96]
['2018-07-27', 9.01, 9.01, 8.44, 8.56]
['2018-07-30', 8.57, 8.9, 8.235, 8.78]
['2018-07-31', 8.85, 9.05, 8.7, 8.91]
['2018-08-01', 8.81, 8.95, 8.23, 8.25]
['2018-08-02', 8.25, 8.48, 7.86, 8.17]
['2018-08-03', 8.22, 8.25, 7.6, 7.81]
['2018-08-06', 7.78, 8.0, 7.76, 7.82]
['2018-08-07', 7.8, 7.85, 7.41, 7.43]
['2018-08-08', 7.4, 7.93, 7.4, 7.88]
['2018-08-09', 7.76, 7.942, 7.51, 7.56]
['2018-08-10', 7.55, 7.73, 7.45, 7.59]
['2018-08-13', 7.59, 7.59, 7.2, 7.29]
['2018-08-14', 7.34, 7.49, 7.13, 7.2]
['2018-08-15', 7.2, 7.27, 6.48, 6.79]
['2018-08-16', 6.83, 7.13, 6.726, 6.97]
['2018-08-17', 6.96, 7.07, 6.66, 6.77]
['2018-08-20', 6.76, 6.81, 6.49, 6.61]
['2018-08-21', 6.61, 6.86, 6.5, 6.78]
['2018-08-22', 6.7, 6.9, 6.615, 6.78]
['2018-08-23', 6.76, 6.85, 6.5, 6.52]
['2018-08-24', 6.52, 6.89, 6.52, 6.73]
['2018-08-27', 6.78, 6.843, 6.6, 6.64]
['2018-08-28', 6.65, 6.705, 6.52, 6.6]
['2018-08-29', 6.59, 6.75, 6.461, 6.55]
['2018-08-30', 6.56, 7.07, 6.56, 6.95]
['2018-08-31', 6.97, 6.98, 6.49, 6.81]
['2018-09-04', 6.8, 6.9, 6.63, 6.87]
['2018-09-05', 6.94, 6.95, 6.68, 6.84]
['2018-09-06', 6.83, 6.86, 6.56, 6.62]
['2018-09-07', 6.62, 6.74, 6.55, 6.64]
['2018-09-10', 6.67, 6.803, 6.445, 6.55]
['2018-09-11', 6.53, 6.595, 6.15, 6.28]
['2018-09-12', 6.35, 6.66, 6.21, 6.22]
['2018-09-13', 6.49, 6.73, 6.1, 6.67]
['2018-09-14', 6.66, 6.72, 6.366, 6.58]
['2018-09-17', 6.57, 6.75, 6.33, 6.34]
['2018-09-18', 6.35, 6.47, 6.2, 6.29]
['2018-09-19', 6.29, 6.47, 6.19, 6.44]
['2018-09-20', 6.49, 6.62, 6.4, 6.52]
['2018-09-21', 6.51, 6.603, 6.19, 6.23]
['2018-09-24', 6.2, 6.3, 6.0, 6.18]
['2018-09-25', 6.21, 6.41, 6.19, 6.32]
['2018-09-26', 6.31, 6.38, 6.01, 6.03]
['2018-09-27', 6.05, 6.25, 5.82, 6.09]
['2018-09-28', 6.1, 6.3, 6.04, 6.15]
['2018-10-01', 6.19, 6.22, 5.95, 6.09]
['2018-10-02', 6.08, 6.085, 5.73, 5.75]
['2018-10-03', 5.78, 6.15, 5.61, 6.12]
['2018-10-04', 6.08, 6.17, 5.76, 5.79]
['2018-10-05', 5.82, 5.92, 5.39, 5.62]
['2018-10-08', 5.61, 5.86, 5.6, 5.8]
['2018-10-09', 5.76, 5.89, 5.5, 5.78]
['2018-10-10', 5.8, 5.86, 5.46, 5.5]
['2018-10-11', 5.46, 5.8, 5.37, 5.58]
['2018-10-12', 5.7, 5.79, 5.35, 5.36]
['2018-10-15', 5.36, 5.68, 5.23, 5.65]
['2018-10-16', 5.64, 5.9, 5.58, 5.84]
['2018-10-17', 5.85, 5.85, 5.28, 5.44]
['2018-10-18', 5.43, 5.62, 5.31, 5.33]
['2018-10-19', 5.33, 5.53, 5.33, 5.48]
['2018-10-22', 5.47, 5.47, 5.22, 5.3]
['2018-10-23', 5.22, 5.47, 5.07, 5.32]
['2018-10-24', 5.33, 5.355, 5.03, 5.04]
['2018-10-25', 5.18, 6.04, 5.09, 5.78]
['2018-10-26', 5.64, 5.83, 5.17, 5.75]
['2018-10-29', 5.77, 6.04, 5.07, 5.09]
['2018-10-30', 5.11, 5.63, 5.11, 5.51]
['2018-10-31', 5.65, 5.74, 5.34, 5.42]
['2018-11-01', 5.45, 6.27, 5.39, 6.09]
['2018-11-02', 6.13, 6.15, 5.49, 5.56]
['2018-11-05', 2.5, 2.717, 2.05, 2.07]
['2018-11-06', 2.09, 2.28, 1.95, 2.22]
['2018-11-07', 2.3, 2.39, 2.06, 2.19]
['2018-11-08', 2.23, 2.26, 1.9, 1.975]
['2018-11-09', 1.98, 2.04, 1.83, 1.84]
['2018-11-12', 1.84, 1.87, 1.72, 1.72]
['2018-11-13', 1.7, 1.74, 1.56, 1.59]
['2018-11-14', 1.56, 1.68, 1.48, 1.5]
['2018-11-15', 1.48, 1.65, 1.42, 1.62]
['2018-11-16', 1.63, 1.63, 1.53, 1.62]
['2018-11-19', 1.66, 1.82, 1.57, 1.76]
['2018-11-20', 1.72, 1.82, 1.612, 1.82]
['2018-11-21', 1.82, 1.87, 1.731, 1.8]
['2018-11-23', 1.79, 1.92, 1.79, 1.85]
['2018-11-26', 1.89, 1.9, 1.65, 1.73]
['2018-11-27', 1.71, 1.72, 1.52, 1.52]
['2018-11-28', 1.55, 1.85, 1.51, 1.59]
['2018-11-29', 1.58, 1.61, 1.51, 1.54]
['2018-11-30', 1.54, 1.6, 1.44, 1.47]
['2018-12-03', 1.48, 1.54, 1.4, 1.52]
['2018-12-04', 1.48, 1.52, 1.33, 1.36]
['2018-12-06', 1.33, 1.44, 1.31, 1.41]
['2018-12-07', 1.41, 1.5, 1.33, 1.37]
['2018-12-10', 1.37, 1.45, 1.35, 1.44]
['2018-12-11', 1.47, 1.5, 1.35, 1.37]
['2018-12-12', 1.38, 1.4, 1.32, 1.35]
['2018-12-13', 1.39, 1.45, 1.26, 1.3]
['2018-12-14', 1.29, 1.36, 1.26, 1.26]
['2018-12-17', 1.28, 1.34, 1.25, 1.26]
['2018-12-18', 1.27, 1.32, 1.25, 1.3]
['2018-12-19', 1.29, 1.3, 1.22, 1.24]
['2018-12-20', 1.4, 1.4, 1.19, 1.21]
['2018-12-21', 1.19, 1.2, 1.0, 1.0]
['2018-12-24', 1.05, 1.1, 1.0, 1.03]
['2018-12-26', 1.02, 1.08, 1.01, 1.05]
['2018-12-27', 1.05, 1.083, 0.99, 1.08]
['2018-12-28', 1.09, 1.122, 1.01, 1.04]
['2018-12-31', 1.13, 1.13, 1.05, 1.07]
['2019-01-02', 1.05, 1.21, 1.05, 1.15]
['2019-01-03', 1.17, 1.275, 1.12, 1.25]
['2019-01-04', 1.27, 1.36, 1.22, 1.24]
['2019-01-07', 1.26, 1.31, 1.17, 1.19]
['2019-01-08', 1.24, 1.26, 1.16, 1.2]
['2019-01-09', 1.2, 1.261, 1.16, 1.18]
['2019-01-10', 1.18, 1.25, 1.18, 1.2]
['2019-01-11', 1.19, 1.24, 1.17, 1.21]
['2019-01-14', 1.22, 1.23, 1.12, 1.12]
['2019-01-15', 1.15, 1.18, 1.1, 1.1]
['2019-01-16', 1.13, 1.15, 1.1, 1.11]
['2019-01-17', 1.1, 1.16, 1.1, 1.13]
['2019-01-18', 1.12, 1.17, 1.11, 1.16]
['2019-01-22', 1.19, 1.21, 1.11, 1.12]
['2019-01-23', 1.15, 1.24, 1.14, 1.17]
['2019-01-24', 1.19, 1.19, 1.15, 1.17]
['2019-01-25', 1.16, 1.21, 1.15, 1.16]
['2019-01-28', 1.16, 1.16, 1.11, 1.12]
['2019-01-29', 1.12, 1.14, 1.09, 1.11]
['2019-01-30', 1.12, 1.2, 1.1, 1.17]
['2019-01-31', 1.17, 1.24, 1.16, 1.18]
['2019-02-01', 1.17, 1.22, 1.16, 1.19]
['2019-02-04', 1.22, 1.24, 1.19, 1.22]
['2019-02-05', 1.23, 1.26, 1.21, 1.24]
['2019-02-06', 1.28, 1.32, 1.24, 1.27]
['2019-02-07', 1.29, 1.29, 1.19, 1.23]
['2019-02-08', 1.24, 1.38, 1.23, 1.36]
['2019-02-11', 1.45, 1.45, 1.3, 1.41]
['2019-02-12', 1.47, 1.47, 1.33, 1.36]
['2019-02-13', 1.4, 1.48, 1.331, 1.44]
['2019-02-14', 1.5, 1.61, 1.47, 1.55]
['2019-02-15', 1.62, 1.73, 1.57, 1.58]
['2019-02-19', 1.65, 1.7, 1.25, 1.45]
['2019-02-20', 1.69, 1.9, 1.61, 1.74]
['2019-02-21', 1.72, 1.75, 1.41, 1.51]
['2019-02-22', 1.52, 1.54, 1.48, 1.49]
['2019-02-25', 1.52, 1.62, 1.5, 1.54]
['2019-02-26', 1.55, 1.6, 1.5, 1.51]
['2019-02-27', 1.52, 1.56, 1.46, 1.51]
['2019-02-28', 1.51, 1.54, 1.43, 1.45]
['2019-03-01', 1.45, 1.49, 1.42, 1.43]
['2019-03-04', 1.44, 1.47, 1.38, 1.4]
['2019-03-05', 1.39, 1.44, 1.37, 1.39]
['2019-03-06', 1.39, 1.41, 1.36, 1.38]
['2019-03-07', 1.37, 1.4, 1.32, 1.34]
['2019-03-08', 1.32, 1.37, 1.3, 1.3]
['2019-03-11', 1.3, 1.35, 1.26, 1.28]
['2019-03-12', 1.28, 1.47, 1.255, 1.4]
['2019-03-13', 1.32, 1.4, 1.32, 1.37]
['2019-03-14', 1.36, 1.36, 1.3, 1.33]
['2019-03-15', 1.33, 1.46, 1.32, 1.42]
['2019-03-18', 1.5, 1.56, 1.38, 1.41]
['2019-03-19', 1.4, 1.45, 1.39, 1.42]
['2019-03-20', 1.44, 1.49, 1.41, 1.46]
['2019-03-21', 1.46, 1.57, 1.45, 1.54]
['2019-03-22', 1.55, 1.58, 1.45, 1.47]
['2019-03-25', 1.48, 1.506, 1.38, 1.38]
['2019-03-26', 1.4, 1.438, 1.33, 1.37]
['2019-03-27', 1.37, 1.42, 1.33, 1.37]
['2019-03-28', 1.37, 1.4, 1.34, 1.37]
['2019-03-29', 1.38, 1.39, 1.35, 1.38]
['2019-04-01', 1.37, 1.43, 1.36, 1.38]
['2019-04-02', 1.382, 1.383, 1.35, 1.35]
['2019-04-03', 1.35, 1.382, 1.33, 1.36]
['2019-04-04', 1.36, 1.5, 1.36, 1.42]
['2019-04-05', 1.43, 1.47, 1.4, 1.4]
['2019-04-08', 1.4, 1.44, 1.37, 1.38]
['2019-04-09', 1.39, 1.43, 1.37, 1.39]
['2019-04-10', 1.39, 1.415, 1.38, 1.39]
['2019-04-11', 1.38, 1.41, 1.36, 1.36]
['2019-04-12', 1.37, 1.38, 1.33, 1.34]
['2019-04-15', 1.34, 1.354, 1.28, 1.32]
['2019-04-16', 1.31, 1.32, 1.28, 1.28]
['2019-04-17', 1.3, 1.3, 1.22, 1.26]
['2019-04-18', 1.26, 1.271, 1.21, 1.24]
['2019-04-22', 1.24, 1.29, 1.23, 1.25]
['2019-04-23', 1.23, 1.34, 1.21, 1.3]
['2019-04-24', 1.3, 1.33, 1.25, 1.26]
['2019-04-25', 1.26, 1.284, 1.225, 1.24]
['2019-04-26', 1.23, 1.26, 1.21, 1.26]
['2019-04-29', 1.29, 1.29, 1.24, 1.25]
['2019-04-30', 1.25, 1.27, 1.22, 1.24]
['2019-05-01', 1.25, 1.27, 1.22, 1.24]
['2019-05-02', 1.24, 1.24, 1.175, 1.19]
['2019-05-03', 1.21, 1.24, 1.19, 1.22]
['2019-05-06', 1.2, 1.26, 1.2, 1.24]
['2019-05-07', 1.24, 1.25, 1.2, 1.22]
['2019-05-08', 1.2, 1.24, 1.19, 1.21]
['2019-05-09', 1.21, 1.225, 1.175, 1.21]
['2019-05-10', 1.2, 1.22, 1.16, 1.18]
['2019-05-13', 1.18, 1.2, 1.14, 1.19]
['2019-05-14', 1.2, 1.3, 1.19, 1.28]
['2019-05-15', 1.26, 1.31, 1.23, 1.26]
['2019-05-16', 1.26, 1.273, 1.23, 1.23]
['2019-05-17', 1.23, 1.25, 1.2, 1.22]
['2019-05-20', 1.24, 1.24, 1.19, 1.21]
['2019-05-21', 1.21, 1.214, 1.17, 1.2]
['2019-05-22', 1.21, 1.22, 1.185, 1.2]
['2019-05-23', 1.22, 1.22, 1.15, 1.17]
['2019-05-24', 1.19, 1.21, 1.16, 1.2]
['2019-05-28', 1.19, 1.2, 1.15, 1.16]
['2019-05-29', 1.15, 1.18, 1.11, 1.15]
['2019-05-30', 1.14, 1.16, 1.11, 1.12]
['2019-05-31', 1.11, 1.12, 1.07, 1.09]
['2019-06-03', 1.08, 1.11, 1.07, 1.08]
['2019-06-04', 1.08, 1.145, 1.075, 1.13]
['2019-06-05', 1.14, 1.16, 1.02, 1.03]
['2019-06-06', 1.04, 1.08, 1.02, 1.065]
['2019-06-07', 1.08, 1.08, 1.03, 1.04]
['2019-06-10', 1.04, 1.11, 1.02, 1.08]
['2019-06-11', 1.08, 1.1, 1.02, 1.04]
['2019-06-12', 1.03, 1.05, 0.95, 1.01]
['2019-06-13', 1.01, 1.06, 1.0, 1.06]
['2019-06-14', 1.05, 1.08, 1.026, 1.04]
['2019-06-17', 1.05, 1.07, 1.02, 1.03]
['2019-06-18', 1.04, 1.06, 1.03, 1.055]
['2019-06-19', 1.05, 1.15, 1.05, 1.05]
['2019-06-20', 1.07, 1.09, 1.03, 1.07]
['2019-06-21', 1.06, 1.1, 1.03, 1.03]
['2019-06-24', 1.04, 1.07, 1.03, 1.03]
['2019-06-25', 1.06, 1.06, 1.02, 1.03]
['2019-06-26', 1.05, 1.06, 1.0, 1.0]
['2019-06-27', 1.01, 1.02, 0.967, 0.99]
['2019-06-28', 0.992, 1.0, 0.956, 0.972]
['2019-07-01', 0.996, 1.1, 0.982, 1.04]
['2019-07-02', 1.05, 1.12, 1.02, 1.12]
['2019-07-03', 1.12, 1.12, 1.062, 1.12]
['2019-07-05', 1.12, 1.125, 1.06, 1.075]
['2019-07-08', 1.06, 1.11, 1.05, 1.09]
['2019-07-09', 1.11, 1.12, 1.06, 1.09]
['2019-07-10', 1.09, 1.12, 1.08, 1.11]
['2019-07-11', 1.1, 1.22, 1.1, 1.2]
['2019-07-12', 1.21, 1.24, 1.18, 1.18]
['2019-07-15', 1.2, 1.2, 1.11, 1.19]
['2019-07-16', 1.19, 1.2, 1.151, 1.19]
['2019-07-17', 1.19, 1.19, 1.14, 1.15]
['2019-07-18', 1.17, 1.18, 1.14, 1.18]
['2019-07-19', 1.17, 1.18, 1.13, 1.15]
['2019-07-22', 1.16, 1.16, 1.1, 1.1]
['2019-07-23', 1.09, 1.113, 1.05, 1.09]
['2019-07-24', 1.09, 1.1, 1.07, 1.1]
['2019-07-25', 1.093, 1.1, 1.07, 1.1]
['2019-07-26', 1.1, 1.13, 1.08, 1.13]
['2019-07-29', 1.11, 1.15, 1.09, 1.11]
['2019-07-30', 1.13, 1.15, 1.11, 1.15]
['2019-07-31', 1.14, 1.16, 1.12, 1.13]
['2019-08-01', 1.14, 1.15, 1.08, 1.12]
['2019-08-02', 1.11, 1.12, 1.06, 1.06]
['2019-08-05', 1.07, 1.08, 1.03, 1.06]
['2019-08-06', 1.06, 1.07, 0.99, 1.02]
['2019-08-07', 1.0, 1.02, 0.98, 1.0]
['2019-08-08', 1.08, 1.32, 1.04, 1.28]
['2019-08-09', 1.33, 1.44, 1.223, 1.32]
['2019-08-12', 1.33, 1.35, 1.26, 1.3]
['2019-08-13', 1.33, 1.33, 1.26, 1.28]
['2019-08-14', 1.27, 1.27, 1.2, 1.2]
['2019-08-15', 1.22, 1.22, 1.15, 1.16]
['2019-08-16', 1.2, 1.22, 1.155, 1.18]
['2019-08-19', 1.22, 1.24, 1.18, 1.19]
['2019-08-20', 1.2, 1.2, 1.16, 1.17]
['2019-08-21', 1.18, 1.28, 1.17, 1.26]
['2019-08-22', 0.706, 0.84, 0.68, 0.779]
['2019-08-23', 0.75, 0.798, 0.704, 0.705]
['2019-08-26', 0.717, 0.717, 0.64, 0.65]
['2019-08-27', 0.648, 0.69, 0.58, 0.59]
['2019-08-28', 0.59, 0.62, 0.56, 0.615]
['2019-08-29', 0.62, 0.65, 0.6, 0.61]
['2019-08-30', 0.61, 0.62, 0.59, 0.605]
['2019-09-03', 0.57, 0.62, 0.57, 0.586]
['2019-09-04', 0.71, 0.95, 0.65, 0.679]
['2019-09-05', 0.66, 0.704, 0.627, 0.65]
['2019-09-06', 0.65, 0.687, 0.612, 0.67]
['2019-09-09', 0.67, 0.68, 0.65, 0.675]
['2019-09-10', 0.675, 0.74, 0.675, 0.735]
['2019-09-11', 0.75, 0.82, 0.73, 0.819]
['2019-09-12', 0.833, 0.84, 0.756, 0.78]
['2019-09-13', 0.78, 0.8, 0.754, 0.79]
['2019-09-16', 0.798, 0.83, 0.78, 0.816]
['2019-09-17', 0.815, 0.815, 0.713, 0.751]
['2019-09-18', 0.751, 0.78, 0.705, 0.725]
['2019-09-19', 0.72, 0.776, 0.71, 0.742]
['2019-09-20', 0.744, 0.77, 0.711, 0.734]
['2019-09-23', 0.736, 0.751, 0.68, 0.708]
['2019-09-24', 0.71, 0.718, 0.661, 0.689]
['2019-09-25', 0.689, 0.73, 0.674, 0.713]
['2019-09-26', 0.706, 0.718, 0.68, 0.68]
['2019-09-27', 0.687, 0.713, 0.64, 0.658]
['2019-09-30', 0.66, 0.7, 0.608, 0.63]
['2019-10-01', 0.66, 0.669, 0.6, 0.615]
['2019-10-02', 0.629, 0.72, 0.6, 0.65]
['2019-10-03', 0.65, 0.79, 0.65, 0.732]
['2019-10-04', 0.72, 0.765, 0.716, 0.75]
['2019-10-07', 0.753, 0.78, 0.682, 0.759]
['2019-10-08', 0.754, 0.78, 0.72, 0.75]
['2019-10-09', 0.751, 0.755, 0.72, 0.735]
['2019-10-10', 0.738, 0.76, 0.725, 0.725]
['2019-10-11', 0.734, 0.78, 0.73, 0.77]
['2019-10-14', 0.79, 0.8, 0.75, 0.752]
['2019-10-15', 0.765, 0.819, 0.75, 0.8]
['2019-10-16', 0.805, 0.84, 0.805, 0.83]
['2019-10-17', 0.84, 0.88, 0.78, 0.809]
['2019-10-18', 0.84, 0.85, 0.8, 0.828]
['2019-10-21', 0.78, 0.865, 0.75, 0.819]
['2019-10-22', 0.8, 0.828, 0.783, 0.794]
['2019-10-23', 0.86, 1.06, 0.84, 0.94]
['2019-10-24', 0.96, 0.99, 0.893, 0.918]
['2019-10-25', 0.95, 0.96, 0.878, 0.93]
['2019-10-28', 0.94, 0.989, 0.922, 0.97]
['2019-10-29', 0.97, 1.03, 0.951, 1.02]
['2019-10-30', 1.08, 1.38, 1.06, 1.2]
['2019-10-31', 1.25, 1.33, 1.11, 1.26]
['2019-11-01', 1.3, 1.3, 1.21, 1.27]
['2019-11-04', 1.27, 1.39, 1.26, 1.29]
['2019-11-05', 1.31, 1.34, 1.23, 1.27]
['2019-11-06', 1.25, 1.266, 1.2, 1.21]
['2019-11-07', 1.1, 1.2, 1.02, 1.12]
['2019-11-08', 1.11, 1.2, 1.11, 1.14]
['2019-11-11', 1.14, 1.19, 1.14, 1.16]
['2019-11-12', 1.16, 1.22, 1.11, 1.11]
['2019-11-13', 1.1, 1.14, 1.1, 1.11]
['2019-11-14', 1.11, 1.13, 1.05, 1.07]
['2019-11-15', 1.06, 1.07, 1.01, 1.01]
['2019-11-18', 1.03, 1.076, 1.01, 1.01]
['2019-11-19', 1.03, 1.06, 0.962, 1.04]
['2019-11-20', 0.98, 1.099, 0.97, 1.01]
['2019-11-21', 1.02, 1.07, 0.99, 1.06]
['2019-11-22', 1.05, 1.2, 1.03, 1.15]
['2019-11-25', 1.17, 1.27, 1.15, 1.26]
['2019-11-26', 1.27, 1.33, 1.22, 1.28]
['2019-11-27', 1.28, 1.48, 1.27, 1.44]
['2019-11-29', 1.45, 1.5, 1.32, 1.44]
['2019-12-02', 1.51, 1.83, 1.5, 1.72]
['2019-12-03', 1.729, 1.74, 1.59, 1.72]
['2019-12-04', 1.73, 1.774, 1.63, 1.65]
['2019-12-05', 1.68, 1.7, 1.54, 1.62]
['2019-12-06', 1.64, 1.699, 1.61, 1.64]
['2019-12-09', 1.65, 1.65, 1.52, 1.57]
['2019-12-10', 1.57, 1.687, 1.54, 1.64]
['2019-12-11', 1.64, 1.83, 1.6, 1.71]
['2019-12-12', 1.72, 1.87, 1.72, 1.73]
['2019-12-13', 1.74, 1.85, 1.73, 1.81]
['2019-12-16', 1.83, 2.28, 1.81, 2.22]
['2019-12-17', 2.2, 2.28, 1.99, 2.16]
['2019-12-18', 2.2, 2.44, 2.15, 2.36]
['2019-12-19', 2.39, 2.85, 2.38, 2.47]
['2019-12-20', 2.5, 2.69, 2.38, 2.51]
['2019-12-23', 2.52, 2.78, 2.41, 2.695]
['2019-12-24', 2.76, 3.19, 2.744, 3.06]
['2019-12-26', 3.06, 3.95, 3.06, 3.4]
['2019-12-27', 3.35, 3.4, 2.8, 3.14]
['2019-12-30', 3.11, 3.45, 3.05, 3.12]
['2019-12-31', 3.1, 3.14, 2.77, 2.9]
['2020-01-02', 2.85, 2.9, 2.01, 2.11]
['2020-01-03', 2.06, 2.169, 1.782, 1.93]
['2020-01-06', 1.8, 2.5, 1.8, 2.39]
['2020-01-07', 2.49, 2.87, 2.32, 2.49]
['2020-01-08', 2.54, 2.73, 2.19, 2.37]
['2020-01-09', 2.38, 2.48, 2.25, 2.32]
['2020-01-10', 2.38, 2.59, 2.17, 2.2]
['2020-01-13', 2.1, 2.16, 1.95, 2.1]
['2020-01-14', 2.08, 2.41, 2.03, 2.4]
['2020-01-15', 2.46, 2.5, 2.35, 2.42]
['2020-01-16', 2.4, 2.55, 2.34, 2.48]
['2020-01-17', 2.51, 2.985, 2.5, 2.84]
['2020-01-21', 2.97, 3.305, 2.705, 2.85]
['2020-01-22', 2.86, 3.05, 2.66, 2.73]
['2020-01-23', 2.72, 2.77, 2.7, 2.74]
['2020-01-24', 2.76, 3.2, 2.6, 2.77]
['2020-01-27', 2.75, 3.01, 2.653, 2.93]
['2020-01-28', 3.08, 3.42, 3.01, 3.14]
['2020-01-29', 3.15, 3.49, 2.92, 3.47]
['2020-01-30', 3.5, 3.78, 3.33, 3.58]
['2020-01-31', 3.55, 3.92, 3.55, 3.77]
['2020-02-03', 3.82, 4.13, 2.86, 3.18]
['2020-02-04', 3.28, 3.547, 3.21, 3.32]
['2020-02-05', 3.35, 3.5, 3.24, 3.36]
['2020-02-06', 3.4, 3.43, 3.11, 3.13]
['2020-02-07', 3.11, 3.32, 2.95, 3.14]
['2020-02-10', 3.13, 3.13, 2.85, 2.9]
['2020-02-11', 2.88, 2.97, 2.7, 2.8]
['2020-02-12', 2.82, 3.07, 2.75, 2.93]
['2020-02-13', 2.93, 2.992, 2.713, 2.77]
['2020-02-14', 2.76, 2.77, 2.49, 2.52]
['2020-02-18', 2.4, 2.72, 2.35, 2.64]
['2020-02-19', 2.64, 2.84, 2.6, 2.77]
['2020-02-20', 2.77, 2.798, 2.6, 2.72]
['2020-02-21', 2.72, 2.73, 2.56, 2.66]
['2020-02-24', 2.53, 2.55, 2.4, 2.53]
['2020-02-25', 2.53, 2.59, 2.445, 2.565]
['2020-02-26', 2.56, 2.7, 2.44, 2.51]
['2020-02-27', 2.45, 2.465, 2.05, 2.15]
['2020-02-28', 1.98, 2.3, 1.91, 2.24]
['2020-03-02', 2.28, 2.6, 2.2, 2.57]
['2020-03-03', 2.6, 2.6, 2.32, 2.43]
['2020-03-04', 2.52, 2.76, 2.39, 2.69]
['2020-03-05', 2.68, 3.26, 2.62, 3.25]
['2020-03-06', 3.2, 3.3, 2.89, 3.02]
['2020-03-09', 2.87, 2.93, 2.46, 2.46]
['2020-03-10', 2.48, 2.75, 2.375, 2.5]
['2020-03-11', 2.55, 2.745, 2.5, 2.59]
['2020-03-12', 1.8, 2.4, 1.77, 1.92]
['2020-03-13', 2.12, 2.17, 1.79, 2.01]
['2020-03-16', 1.72, 1.93, 1.48, 1.48]
['2020-03-17', 1.56, 1.82, 1.234, 1.35]
['2020-03-18', 1.19, 1.58, 1.1, 1.33]
['2020-03-19', 1.31, 1.6, 1.18, 1.39]
['2020-03-20', 1.46, 1.69, 1.26, 1.32]
['2020-03-23', 1.28, 1.45, 1.26, 1.37]
['2020-03-24', 1.47, 1.64, 1.43, 1.5]
['2020-03-25', 1.51, 1.74, 1.49, 1.72]
['2020-03-26', 1.74, 1.97, 1.67, 1.85]
['2020-03-27', 1.76, 1.86, 1.68, 1.74]
['2020-03-30', 1.75, 1.807, 1.66, 1.76]
['2020-03-31', 1.77, 1.84, 1.56, 1.7]
['2020-04-01', 1.62, 1.66, 1.458, 1.55]
['2020-04-02', 1.48, 1.68, 1.472, 1.6]
['2020-04-03', 1.61, 1.64, 1.53, 1.58]
['2020-04-06', 1.65, 1.73, 1.56, 1.57]
['2020-04-07', 1.58, 1.71, 1.5, 1.61]
['2020-04-08', 1.62, 1.74, 1.56, 1.72]
['2020-04-09', 1.75, 1.75, 1.63, 1.74]
['2020-04-13', 1.74, 1.8, 1.69, 1.79]
['2020-04-14', 1.85, 2.14, 1.8, 2.11]
['2020-04-15', 2.11, 2.47, 2.01, 2.41]
['2020-04-16', 2.48, 2.54, 2.11, 2.16]
['2020-04-17', 2.25, 2.42, 2.15, 2.18]
['2020-04-20', 2.14, 2.35, 2.1, 2.13]
['2020-04-21', 2.11, 2.17, 1.89, 2.09]
['2020-04-22', 2.1, 2.11, 1.9, 1.99]
['2020-04-23', 1.98, 2.1, 1.98, 2.07]
['2020-04-24', 2.11, 2.25, 2.103, 2.2]
['2020-04-27', 2.3, 2.35, 2.13, 2.17]
['2020-04-28', 2.07, 2.07, 1.769, 1.9]
['2020-04-29', 1.97, 2.04, 1.92, 1.97]
['2020-04-30', 2.01, 2.17, 1.95, 1.98]
['2020-05-01', 1.95, 1.95, 1.837, 1.93]
['2020-05-04', 1.88, 2.05, 1.866, 1.94]
['2020-05-05', 1.99, 2.0, 1.88, 1.94]
['2020-05-06', 1.95, 1.99, 1.82, 1.83]
['2020-05-07', 1.85, 1.91, 1.82, 1.83]
['2020-05-08', 1.87, 1.93, 1.83, 1.84]
['2020-05-11', 1.85, 2.1, 1.85, 1.98]
['2020-05-12', 1.99, 2.06, 1.95, 1.96]
['2020-05-13', 2.15, 2.35, 1.975, 2.07]
['2020-05-14', 2.16, 2.19, 2.0, 2.13]
['2020-05-15', 2.15, 2.18, 1.81, 1.98]
['2020-05-18', 2.03, 2.12, 1.98, 2.02]
['2020-05-19', 2.03, 2.08, 1.83, 1.87]
['2020-05-20', 1.88, 1.97, 1.82, 1.9]
['2020-05-21', 1.89, 1.92, 1.83, 1.88]
['2020-05-22', 1.88, 2.0, 1.86, 1.98]
['2020-05-26', 1.97, 2.15, 1.97, 2.03]
['2020-05-27', 2.04, 2.13, 1.874, 2.08]
['2020-05-28', 2.07, 2.09, 1.86, 1.89]
['2020-05-29', 1.9, 1.98, 1.81, 1.86]
['2020-06-01', 1.87, 1.95, 1.85, 1.85]
['2020-06-02', 1.96, 1.96, 1.81, 1.89]
['2020-06-03', 1.87, 2.04, 1.85, 1.91]
['2020-06-04', 1.91, 2.24, 1.86, 2.22]
['2020-06-05', 2.52, 2.55, 2.11, 2.15]
