['2011-11-16', 13.05, 13.39, 12.29, 12.56]
['2011-11-17', 12.56, 12.7, 12.44, 12.69]
['2011-11-18', 12.7, 12.77, 12.5, 12.58]
['2011-11-21', 12.51, 12.59, 12.5, 12.55]
['2011-11-22', 12.5, 12.59, 12.45, 12.54]
['2011-11-23', 12.54, 12.55, 12.47, 12.55]
['2011-11-25', 13.4, 13.42, 12.4, 13.01]
['2011-11-28', 14.0, 14.0, 13.0, 13.01]
['2011-11-29', 13.0, 13.0, 12.59, 12.75]
['2011-11-30', 13.49, 13.49, 12.84, 12.87]
['2011-12-01', 13.24, 13.24, 12.25, 12.26]
['2011-12-02', 12.98, 12.98, 12.2, 12.67]
['2011-12-05', 12.96, 13.05, 12.2, 12.78]
['2011-12-06', 12.26, 12.45, 12.2, 12.26]
['2011-12-07', 12.25, 12.7, 12.25, 12.29]
['2011-12-08', 12.26, 12.4, 11.45, 11.7]
['2011-12-09', 11.68, 11.9, 11.68, 11.78]
['2011-12-12', 13.26, 13.26, 11.78, 13.03]
['2011-12-13', 13.2, 13.21, 12.31, 12.9]
['2011-12-14', 12.79, 13.03, 12.34, 12.82]
['2011-12-15', 12.41, 12.7, 12.33, 12.53]
['2011-12-16', 12.37, 13.27, 11.95, 12.4]
['2011-12-19', 12.55, 12.61, 11.8, 11.93]
['2011-12-20', 12.17, 13.07, 11.85, 12.82]
['2011-12-21', 12.75, 14.82, 12.75, 13.76]
['2011-12-22', 13.91, 14.19, 13.76, 14.08]
['2011-12-23', 14.1, 14.85, 13.63, 14.02]
['2011-12-27', 13.87, 14.34, 13.78, 14.13]
['2011-12-28', 14.05, 14.19, 13.0, 13.72]
['2011-12-29', 13.55, 14.34, 13.42, 14.27]
['2011-12-30', 14.19, 14.45, 13.7, 14.09]
['2012-01-03', 14.37, 14.87, 13.41, 13.98]
['2012-01-04', 14.13, 14.82, 13.95, 14.03]
['2012-01-05', 14.3, 14.99, 14.19, 14.5]
['2012-01-06', 15.0, 15.0, 14.32, 14.52]
['2012-01-09', 14.61, 14.61, 14.36, 14.5]
['2012-01-10', 14.51, 14.98, 14.32, 14.81]
['2012-01-11', 14.76, 14.76, 14.2, 14.48]
['2012-01-12', 14.47, 14.58, 14.3, 14.5]
['2012-01-13', 14.31, 14.83, 13.86, 14.54]
['2012-01-17', 14.67, 14.75, 14.61, 14.61]
['2012-01-18', 14.81, 17.72, 14.81, 17.1]
['2012-01-19', 17.0, 20.0, 16.67, 19.71]
['2012-01-20', 19.7, 20.0, 18.03, 19.9]
['2012-01-23', 19.8, 19.8, 19.22, 19.53]
['2012-01-24', 19.2, 19.33, 18.65, 19.0]
['2012-01-25', 18.91, 19.0, 18.56, 19.0]
['2012-01-26', 19.0, 19.16, 18.41, 18.69]
['2012-01-27', 18.59, 19.78, 18.59, 19.6]
['2012-01-30', 19.24, 19.24, 18.44, 18.89]
['2012-01-31', 19.0, 19.09, 18.07, 18.98]
['2012-02-01', 19.14, 20.59, 19.04, 20.36]
['2012-02-02', 20.27, 21.27, 20.27, 21.0]
['2012-02-03', 21.39, 24.07, 21.39, 23.81]
['2012-02-06', 23.78, 24.49, 22.94, 24.26]
['2012-02-07', 24.5, 27.29, 24.24, 24.59]
['2012-02-08', 24.72, 26.23, 23.91, 24.29]
['2012-02-09', 24.28, 25.5, 23.88, 23.89]
['2012-02-10', 23.72, 24.59, 21.87, 21.9]
['2012-02-13', 22.23, 23.18, 21.73, 22.68]
['2012-02-14', 22.6, 22.6, 21.5, 21.93]
['2012-02-15', 22.12, 24.11, 22.0, 23.65]
['2012-02-16', 23.79, 23.86, 22.89, 23.4]
['2012-02-17', 23.51, 24.27, 23.35, 23.48]
['2012-02-21', 22.89, 24.06, 22.89, 23.71]
['2012-02-22', 23.57, 24.3, 23.23, 23.75]
['2012-02-23', 23.75, 23.8, 22.74, 23.49]
['2012-02-24', 23.37, 24.77, 23.37, 24.49]
['2012-02-27', 24.17, 24.98, 24.1, 24.75]
['2012-02-28', 24.84, 24.88, 24.04, 24.35]
['2012-02-29', 24.47, 25.35, 24.13, 24.99]
['2012-03-01', 25.0, 25.2, 24.15, 24.74]
['2012-03-02', 24.62, 24.82, 23.37, 23.55]
['2012-03-05', 23.49, 24.93, 23.1, 23.2]
['2012-03-06', 22.99, 23.98, 22.5, 22.52]
['2012-03-07', 22.49, 23.92, 22.49, 23.0]
['2012-03-08', 22.8, 22.8, 19.5, 22.4]
['2012-03-09', 22.3, 23.38, 21.86, 22.04]
['2012-03-12', 22.11, 22.57, 21.17, 21.7]
['2012-03-13', 21.99, 22.15, 21.33, 22.1]
['2012-03-14', 22.08, 22.76, 21.76, 22.01]
['2012-03-15', 22.17, 22.71, 21.8, 22.68]
['2012-03-16', 22.72, 23.08, 22.3, 23.0]
['2012-03-19', 22.9, 24.98, 22.23, 24.53]
['2012-03-20', 24.38, 24.88, 23.46, 24.39]
['2012-03-21', 22.95, 27.55, 22.95, 25.99]
['2012-03-22', 25.86, 25.86, 24.95, 25.0]
['2012-03-23', 24.98, 26.5, 24.29, 26.5]
['2012-03-26', 26.86, 26.86, 25.0, 26.16]
['2012-03-27', 26.0, 26.44, 25.25, 25.47]
['2012-03-28', 25.45, 26.0, 24.91, 25.66]
['2012-03-29', 25.54, 25.69, 25.06, 25.1]
['2012-03-30', 25.37, 25.64, 23.7, 25.45]
['2012-04-02', 25.18, 25.18, 23.61, 24.1]
['2012-04-03', 23.96, 23.97, 20.57, 20.86]
['2012-04-04', 20.3, 20.3, 18.84, 18.85]
['2012-04-05', 18.9, 19.65, 18.76, 19.24]
['2012-04-09', 18.99, 19.2, 18.85, 18.86]
['2012-04-10', 18.93, 19.12, 17.85, 17.98]
['2012-04-11', 18.34, 19.0, 18.02, 18.94]
['2012-04-12', 18.92, 19.24, 18.61, 18.91]
['2012-04-13', 18.88, 18.88, 18.5, 18.55]
['2012-04-16', 18.72, 18.9, 17.84, 18.67]
['2012-04-17', 18.8, 18.9, 18.38, 18.47]
['2012-04-18', 18.42, 18.5, 17.9, 18.07]
['2012-04-19', 18.07, 18.4, 17.35, 17.41]
['2012-04-20', 17.98, 17.98, 17.08, 17.64]
['2012-04-23', 17.45, 18.17, 17.44, 18.06]
['2012-04-24', 18.16, 18.38, 18.16, 18.34]
['2012-04-25', 18.34, 18.49, 17.9, 18.38]
['2012-04-26', 18.4, 18.48, 18.06, 18.36]
['2012-04-27', 18.35, 18.43, 18.24, 18.24]
['2012-04-30', 18.2, 18.26, 17.78, 17.93]
['2012-05-01', 18.01, 18.85, 17.72, 18.71]
['2012-05-02', 18.54, 19.14, 18.4, 18.89]
['2012-05-03', 18.56, 18.96, 18.28, 18.89]
['2012-05-04', 18.43, 18.79, 17.65, 18.0]
['2012-05-07', 18.09, 18.35, 17.76, 18.0]
['2012-05-08', 17.75, 18.62, 17.72, 17.99]
['2012-05-09', 17.84, 18.84, 17.84, 18.7]
['2012-05-10', 18.88, 19.37, 18.78, 19.03]
['2012-05-11', 18.82, 19.32, 18.75, 19.31]
['2012-05-14', 19.08, 19.08, 18.57, 18.59]
['2012-05-15', 18.55, 19.93, 18.46, 18.85]
['2012-05-16', 19.06, 19.69, 18.97, 19.15]
['2012-05-17', 19.23, 19.36, 18.77, 18.93]
['2012-05-18', 18.96, 19.66, 18.34, 18.49]
['2012-05-21', 18.58, 19.1, 18.42, 18.97]
['2012-05-22', 18.99, 19.34, 18.51, 18.82]
['2012-05-23', 18.63, 19.16, 18.44, 18.87]
['2012-05-24', 18.93, 19.17, 18.66, 19.0]
['2012-05-25', 19.0, 19.0, 18.42, 18.55]
['2012-05-29', 18.73, 18.74, 18.12, 18.25]
['2012-05-30', 18.33, 18.33, 17.69, 17.83]
['2012-05-31', 17.95, 18.3, 17.71, 17.81]
['2012-06-01', 17.65, 18.05, 16.91, 17.04]
['2012-06-04', 17.12, 17.67, 17.07, 17.45]
['2012-06-05', 17.34, 18.58, 17.34, 18.03]
['2012-06-06', 18.18, 18.79, 17.89, 18.63]
['2012-06-07', 18.91, 18.99, 18.16, 18.37]
['2012-06-08', 18.27, 18.54, 18.02, 18.45]
['2012-06-11', 18.73, 19.17, 18.62, 18.89]
['2012-06-12', 18.95, 19.21, 18.48, 19.19]
['2012-06-13', 19.23, 19.44, 18.83, 19.08]
['2012-06-14', 19.03, 19.54, 19.03, 19.46]
['2012-06-15', 19.52, 19.97, 19.49, 19.75]
['2012-06-18', 19.71, 20.02, 19.64, 19.95]
['2012-06-19', 20.1, 21.06, 20.0, 20.69]
['2012-06-20', 20.74, 21.25, 20.63, 21.16]
['2012-06-21', 21.21, 21.74, 20.18, 20.49]
['2012-06-22', 20.52, 21.58, 20.52, 21.4]
['2012-06-25', 21.24, 22.22, 21.07, 22.03]
['2012-06-26', 22.17, 22.42, 21.82, 21.99]
['2012-06-27', 22.0, 22.68, 21.89, 22.28]
['2012-06-28', 22.09, 22.21, 20.21, 20.59]
['2012-06-29', 21.02, 21.74, 20.58, 21.68]
['2012-07-02', 22.05, 23.19, 21.87, 23.15]
['2012-07-03', 23.24, 23.42, 22.0, 22.6]
['2012-07-05', 22.4, 22.82, 21.76, 21.82]
['2012-07-06', 21.55, 21.71, 21.04, 21.5]
['2012-07-09', 21.51, 22.02, 21.42, 22.0]
['2012-07-10', 21.98, 21.98, 21.46, 21.67]
['2012-07-11', 21.67, 21.83, 21.3, 21.56]
['2012-07-12', 21.5, 21.59, 21.04, 21.38]
['2012-07-13', 21.38, 21.92, 21.38, 21.74]
['2012-07-16', 21.6, 21.61, 21.3, 21.41]
['2012-07-17', 21.58, 21.87, 21.0, 21.46]
['2012-07-18', 21.59, 21.82, 21.38, 21.5]
['2012-07-19', 21.5, 21.57, 20.52, 20.62]
['2012-07-20', 20.38, 20.79, 19.62, 19.64]
['2012-07-23', 19.28, 19.65, 18.67, 18.81]
['2012-07-24', 18.99, 19.0, 17.77, 17.93]
['2012-07-25', 18.28, 18.33, 17.46, 17.52]
['2012-07-26', 17.88, 17.98, 17.3, 17.65]
['2012-07-27', 17.78, 18.65, 17.6, 17.97]
['2012-07-30', 18.06, 18.6, 17.7, 17.7]
['2012-07-31', 21.26, 21.26, 17.56, 17.69]
['2012-08-01', 17.73, 17.81, 15.71, 15.71]
['2012-08-02', 15.6, 16.23, 13.34, 13.55]
['2012-08-03', 13.34, 14.39, 13.24, 14.08]
['2012-08-06', 14.43, 14.85, 13.75, 14.56]
['2012-08-07', 14.63, 15.7, 14.55, 15.36]
['2012-08-08', 15.5, 16.54, 14.96, 15.76]
['2012-08-09', 15.75, 15.88, 14.58, 14.7]
['2012-08-10', 14.6, 16.95, 14.28, 15.3]
['2012-08-13', 15.25, 15.5, 15.06, 15.5]
['2012-08-14', 15.69, 15.69, 15.25, 15.56]
['2012-08-15', 15.59, 15.89, 15.43, 15.6]
['2012-08-16', 15.49, 16.19, 15.39, 16.19]
['2012-08-17', 16.09, 18.18, 16.09, 18.11]
['2012-08-20', 18.2, 18.38, 17.62, 18.23]
['2012-08-21', 18.35, 18.44, 17.83, 18.08]
['2012-08-22', 18.08, 18.5, 18.0, 18.48]
['2012-08-23', 18.44, 18.49, 18.03, 18.28]
['2012-08-24', 18.25, 18.58, 18.07, 18.42]
['2012-08-27', 18.61, 18.61, 18.23, 18.49]
['2012-08-28', 18.4, 19.0, 18.3, 18.53]
['2012-08-29', 18.49, 18.61, 18.12, 18.3]
['2012-08-30', 18.12, 18.39, 17.55, 18.03]
['2012-08-31', 18.15, 18.15, 17.05, 17.49]
['2012-09-04', 17.55, 18.2, 17.31, 17.5]
['2012-09-05', 17.42, 18.48, 17.22, 18.14]
['2012-09-06', 18.35, 18.6, 17.6, 18.56]
['2012-09-07', 18.74, 18.9, 18.56, 18.76]
['2012-09-10', 18.85, 19.8, 18.85, 19.75]
['2012-09-11', 19.8, 20.1, 19.29, 20.0]
['2012-09-12', 20.0, 20.12, 19.55, 20.12]
['2012-09-13', 19.11, 21.4, 18.52, 21.15]
['2012-09-14', 21.38, 21.38, 20.44, 20.55]
['2012-09-17', 20.57, 21.17, 19.0, 21.07]
['2012-09-18', 20.75, 21.1, 20.56, 21.1]
['2012-09-19', 21.15, 22.49, 21.13, 22.06]
['2012-09-20', 21.84, 22.18, 21.34, 22.01]
['2012-09-21', 22.26, 22.34, 21.48, 22.33]
['2012-09-24', 22.16, 22.16, 21.0, 21.41]
['2012-09-25', 21.54, 21.83, 20.97, 21.0]
['2012-09-26', 21.03, 21.05, 20.01, 20.26]
['2012-09-27', 20.31, 20.86, 20.23, 20.56]
['2012-09-28', 20.4, 20.74, 20.4, 20.45]
['2012-10-01', 20.55, 21.57, 20.49, 21.5]
['2012-10-02', 21.55, 22.21, 21.55, 22.04]
['2012-10-03', 22.04, 22.23, 21.59, 21.75]
['2012-10-04', 21.8, 22.3, 21.66, 22.26]
['2012-10-05', 22.45, 22.54, 21.96, 22.31]
['2012-10-08', 22.18, 22.4, 21.93, 22.25]
['2012-10-09', 22.22, 22.53, 21.68, 22.02]
['2012-10-10', 22.13, 22.41, 21.17, 22.38]
['2012-10-11', 22.59, 22.74, 22.26, 22.5]
['2012-10-12', 22.45, 22.75, 21.6, 21.63]
['2012-10-15', 21.67, 22.26, 21.17, 21.54]
['2012-10-16', 21.74, 22.21, 21.33, 21.77]
['2012-10-17', 21.93, 21.93, 20.61, 20.72]
['2012-10-18', 20.73, 20.73, 19.64, 20.13]
['2012-10-19', 19.93, 20.4, 19.93, 20.23]
['2012-10-22', 20.29, 20.75, 20.19, 20.71]
['2012-10-23', 20.49, 20.77, 20.21, 20.54]
['2012-10-24', 20.72, 20.74, 19.68, 19.92]
['2012-10-25', 20.11, 20.98, 19.05, 20.98]
['2012-10-26', 21.04, 21.47, 20.73, 21.34]
['2012-10-31', 21.3, 21.59, 20.91, 21.41]
['2012-11-01', 21.65, 22.3, 21.39, 22.08]
['2012-11-02', 22.05, 22.53, 21.8, 22.1]
['2012-11-05', 22.03, 22.44, 21.52, 22.37]
['2012-11-06', 22.42, 23.34, 22.0, 22.5]
['2012-11-07', 22.29, 22.29, 21.17, 21.85]
['2012-11-08', 21.72, 21.72, 20.86, 21.14]
['2012-11-09', 21.07, 22.39, 21.07, 21.49]
['2012-11-12', 12.57, 15.25, 12.45, 12.5]
['2012-11-13', 12.27, 13.25, 12.27, 12.84]
['2012-11-14', 12.84, 12.91, 11.58, 11.71]
['2012-11-15', 11.75, 12.11, 11.74, 11.93]
['2012-11-16', 11.89, 11.95, 11.19, 11.65]
['2012-11-19', 11.83, 12.19, 11.67, 11.79]
['2012-11-20', 11.73, 12.04, 11.67, 11.89]
['2012-11-21', 11.97, 11.97, 11.73, 11.8]
['2012-11-23', 11.87, 12.08, 11.87, 12.03]
['2012-11-26', 12.01, 12.35, 11.78, 11.97]
['2012-11-27', 11.93, 12.34, 11.93, 12.22]
['2012-11-28', 12.13, 13.21, 12.13, 13.1]
['2012-11-29', 13.2, 15.24, 12.87, 15.12]
['2012-11-30', 15.14, 16.26, 14.95, 15.38]
['2012-12-03', 15.48, 15.89, 15.21, 15.28]
['2012-12-04', 15.3, 15.89, 14.4, 15.82]
['2012-12-05', 15.82, 16.06, 15.3, 15.66]
['2012-12-06', 15.6, 16.15, 15.6, 15.82]
['2012-12-07', 15.96, 15.96, 15.33, 15.53]
['2012-12-10', 15.52, 15.67, 15.2, 15.43]
['2012-12-11', 15.56, 16.06, 15.52, 15.96]
['2012-12-12', 16.0, 16.0, 15.69, 15.79]
['2012-12-13', 15.7, 15.72, 15.34, 15.54]
['2012-12-14', 15.44, 15.46, 14.95, 15.07]
['2012-12-17', 15.16, 15.95, 15.16, 15.84]
['2012-12-18', 15.83, 16.07, 15.56, 15.73]
['2012-12-19', 15.79, 16.46, 15.65, 15.98]
['2012-12-20', 15.95, 16.2, 15.71, 16.05]
['2012-12-21', 15.87, 16.08, 15.54, 15.82]
['2012-12-24', 15.79, 15.9, 15.4, 15.57]
['2012-12-26', 15.58, 15.94, 15.43, 15.61]
['2012-12-27', 15.68, 16.02, 15.49, 15.96]
['2012-12-28', 15.83, 15.83, 15.52, 15.63]
['2012-12-31', 15.6, 16.36, 15.6, 16.0]
['2013-01-02', 16.37, 17.25, 15.96, 16.99]
['2013-01-03', 17.08, 17.08, 16.57, 16.76]
['2013-01-04', 16.9, 17.18, 16.86, 16.88]
['2013-01-07', 16.87, 17.04, 16.5, 16.86]
['2013-01-08', 16.89, 17.32, 16.68, 17.09]
['2013-01-09', 17.2, 17.71, 17.01, 17.32]
['2013-01-10', 17.45, 18.7, 17.33, 18.54]
['2013-01-11', 18.57, 19.0, 18.51, 18.76]
['2013-01-14', 18.63, 18.95, 18.61, 18.84]
['2013-01-15', 18.65, 19.02, 18.65, 19.02]
['2013-01-16', 18.93, 19.44, 18.9, 19.12]
['2013-01-17', 19.27, 19.45, 18.99, 19.26]
['2013-01-18', 19.19, 20.18, 19.18, 20.08]
['2013-01-22', 20.14, 20.7, 19.66, 20.67]
['2013-01-23', 20.68, 21.28, 20.35, 20.54]
['2013-01-24', 20.5, 20.5, 19.72, 19.95]
['2013-01-25', 20.0, 20.26, 19.74, 19.99]
['2013-01-28', 20.14, 20.21, 19.65, 19.75]
['2013-01-29', 19.79, 19.94, 19.54, 19.88]
['2013-01-30', 19.79, 20.12, 19.4, 19.69]
['2013-01-31', 19.71, 19.93, 19.69, 19.74]
['2013-02-01', 19.91, 20.07, 19.41, 19.72]
['2013-02-04', 19.69, 19.77, 19.15, 19.25]
['2013-02-05', 19.26, 20.21, 19.2, 19.8]
['2013-02-06', 19.49, 19.81, 18.94, 19.49]
['2013-02-07', 19.45, 19.45, 18.91, 19.08]
['2013-02-08', 19.24, 19.75, 19.06, 19.13]
['2013-02-11', 19.18, 19.2, 18.68, 18.88]
['2013-02-12', 18.9, 19.4, 18.71, 19.22]
['2013-02-13', 19.17, 19.5, 18.92, 19.06]
['2013-02-14', 18.98, 19.25, 18.28, 18.74]
['2013-02-15', 18.93, 19.16, 18.33, 18.64]
['2013-02-19', 18.64, 19.85, 18.64, 19.03]
['2013-02-20', 19.02, 19.31, 18.51, 18.67]
['2013-02-21', 18.48, 19.98, 18.15, 18.65]
['2013-02-22', 18.84, 18.84, 18.46, 18.76]
['2013-02-25', 19.05, 19.28, 18.58, 18.62]
['2013-02-26', 18.69, 18.88, 18.61, 18.75]
['2013-02-27', 18.72, 19.1, 18.72, 18.92]
['2013-02-28', 18.83, 19.18, 18.55, 18.86]
['2013-03-01', 18.75, 21.92, 18.75, 21.81]
['2013-03-04', 21.84, 25.97, 21.84, 24.44]
['2013-03-05', 24.0, 25.08, 24.0, 24.67]
['2013-03-06', 24.7, 25.08, 24.18, 24.74]
['2013-03-07', 24.82, 25.67, 24.46, 25.51]
['2013-03-08', 25.68, 26.22, 25.37, 26.05]
['2013-03-11', 26.33, 28.29, 26.33, 27.45]
['2013-03-12', 27.5, 28.05, 27.27, 27.55]
['2013-03-13', 27.66, 28.5, 27.35, 28.35]
['2013-03-14', 28.45, 29.3, 28.01, 28.22]
['2013-03-15', 28.27, 28.27, 27.4, 27.9]
['2013-03-18', 27.75, 29.15, 27.52, 28.95]
['2013-03-19', 29.0, 29.14, 27.03, 27.62]
['2013-03-20', 27.78, 28.2, 27.4, 27.75]
['2013-03-21', 27.54, 28.02, 27.15, 27.96]
['2013-03-22', 28.2, 28.24, 27.99, 28.23]
['2013-03-25', 28.18, 28.36, 27.91, 28.18]
['2013-03-26', 28.44, 28.7, 27.77, 28.45]
['2013-03-27', 28.24, 28.56, 28.24, 28.51]
['2013-03-28', 28.62, 29.0, 28.09, 28.67]
['2013-04-01', 28.58, 28.79, 27.17, 27.36]
['2013-04-02', 27.53, 29.53, 27.52, 28.75]
['2013-04-03', 28.75, 28.96, 27.77, 28.18]
['2013-04-04', 28.29, 28.29, 27.31, 28.14]
['2013-04-05', 27.62, 28.94, 27.59, 28.91]
['2013-04-08', 29.05, 29.57, 28.59, 29.53]
['2013-04-09', 29.69, 30.25, 29.25, 29.99]
['2013-04-10', 30.0, 31.18, 29.97, 30.92]
['2013-04-11', 30.98, 31.16, 30.71, 30.94]
['2013-04-12', 30.98, 31.05, 30.01, 30.93]
['2013-04-15', 30.7, 30.9, 29.15, 29.93]
['2013-04-16', 30.31, 31.45, 30.08, 31.08]
['2013-04-17', 30.77, 31.25, 29.96, 30.75]
['2013-04-18', 30.92, 32.31, 30.43, 31.99]
['2013-04-19', 31.93, 32.24, 31.76, 32.0]
['2013-04-22', 32.15, 33.0, 31.34, 32.84]
['2013-04-23', 33.16, 36.63, 32.69, 36.58]
['2013-04-24', 36.43, 38.06, 36.11, 37.0]
['2013-04-25', 37.22, 38.12, 36.51, 37.25]
['2013-04-26', 37.15, 38.13, 37.15, 37.84]
['2013-04-29', 37.5, 38.3, 37.45, 37.49]
['2013-04-30', 37.66, 37.84, 37.18, 37.42]
['2013-05-01', 37.33, 38.13, 36.69, 37.0]
['2013-05-02', 37.21, 37.48, 37.05, 37.38]
['2013-05-03', 37.95, 39.63, 37.49, 37.91]
['2013-05-06', 37.92, 38.33, 37.5, 38.03]
['2013-05-07', 37.07, 37.07, 32.22, 33.01]
['2013-05-08', 33.47, 37.2, 32.98, 37.11]
['2013-05-09', 37.47, 37.6, 36.3, 36.45]
['2013-05-10', 37.27, 37.27, 35.7, 36.51]
['2013-05-13', 36.61, 38.08, 36.55, 37.98]
['2013-05-14', 38.09, 40.27, 37.9, 39.78]
['2013-05-15', 39.74, 39.88, 36.65, 37.33]
['2013-05-16', 37.28, 37.28, 35.0, 36.73]
['2013-05-17', 36.72, 38.14, 36.11, 36.91]
['2013-05-20', 36.9, 37.19, 35.35, 35.62]
['2013-05-21', 35.54, 36.11, 35.05, 35.19]
['2013-05-22', 35.14, 35.34, 33.13, 33.29]
['2013-05-23', 32.74, 33.83, 32.32, 33.5]
['2013-05-24', 33.18, 35.07, 33.18, 34.6]
['2013-05-28', 35.18, 35.8, 34.09, 34.93]
['2013-05-29', 34.72, 35.67, 34.01, 34.21]
['2013-05-30', 34.29, 37.78, 34.29, 36.88]
['2013-05-31', 36.56, 37.1, 35.56, 36.58]
['2013-06-03', 50.0, 86.29, 50.0, 74.59]
['2013-06-04', 69.51, 74.98, 60.78, 73.91]
['2013-06-05', 71.63, 74.59, 65.02, 69.9]
['2013-06-06', 74.0, 74.17, 69.04, 72.21]
['2013-06-07', 72.53, 73.5, 71.07, 71.83]
['2013-06-10', 72.06, 75.77, 71.84, 73.15]
['2013-06-11', 72.05, 75.56, 71.5, 74.83]
['2013-06-12', 75.77, 77.0, 71.47, 72.1]
['2013-06-13', 72.1, 72.5, 70.01, 71.11]
['2013-06-14', 67.89, 71.19, 66.27, 67.23]
['2013-06-17', 68.82, 70.0, 67.29, 68.99]
['2013-06-18', 68.69, 69.3, 64.89, 66.06]
['2013-06-19', 66.97, 67.04, 62.4, 64.55]
['2013-06-20', 63.27, 64.52, 61.96, 61.99]
['2013-06-21', 62.37, 65.97, 60.33, 65.05]
['2013-06-24', 62.02, 64.42, 61.54, 62.9]
['2013-06-25', 65.0, 65.58, 62.95, 64.19]
['2013-06-26', 63.85, 66.7, 63.85, 65.57]
['2013-06-27', 65.55, 68.84, 65.55, 68.08]
['2013-06-28', 67.5, 69.18, 66.98, 66.98]
['2013-07-01', 67.6, 71.5, 67.03, 69.63]
['2013-07-02', 69.09, 72.53, 69.09, 71.61]
['2013-07-03', 70.68, 72.1, 69.74, 71.85]
['2013-07-05', 72.98, 75.49, 72.11, 75.45]
['2013-07-08', 76.41, 77.0, 73.76, 74.88]
['2013-07-09', 74.92, 76.06, 70.63, 72.04]
['2013-07-10', 72.19, 73.98, 71.71, 73.92]
['2013-07-11', 74.85, 75.0, 73.52, 73.93]
['2013-07-12', 73.47, 75.57, 73.04, 74.74]
['2013-07-15', 74.67, 75.51, 73.41, 74.56]
['2013-07-16', 74.65, 75.21, 73.86, 74.97]
['2013-07-17', 75.67, 80.51, 75.67, 77.21]
['2013-07-18', 77.24, 78.17, 75.8, 77.9]
['2013-07-19', 77.71, 79.45, 76.21, 78.59]
['2013-07-22', 77.82, 80.56, 77.72, 80.09]
['2013-07-23', 80.32, 80.8, 78.28, 78.4]
['2013-07-24', 78.95, 79.67, 77.0, 77.28]
['2013-07-25', 76.9, 77.62, 73.81, 75.2]
['2013-07-26', 74.6, 76.64, 74.22, 75.72]
['2013-07-29', 74.18, 75.22, 71.75, 72.94]
['2013-07-30', 73.44, 75.95, 72.69, 75.32]
['2013-07-31', 75.68, 78.46, 75.43, 77.88]
['2013-08-01', 79.25, 81.81, 74.01, 77.36]
['2013-08-02', 77.02, 77.71, 75.59, 76.09]
['2013-08-05', 76.14, 77.37, 75.46, 76.74]
['2013-08-06', 76.73, 76.73, 72.8, 73.66]
['2013-08-07', 73.65, 73.74, 71.04, 72.07]
['2013-08-08', 72.79, 73.97, 71.66, 72.38]
['2013-08-09', 72.41, 73.53, 71.38, 73.35]
['2013-08-12', 73.14, 73.78, 72.54, 73.31]
['2013-08-13', 73.47, 73.65, 72.84, 73.15]
['2013-08-14', 73.16, 73.54, 71.0, 71.47]
['2013-08-15', 70.61, 70.61, 67.9, 67.91]
['2013-08-16', 67.25, 69.43, 66.0, 67.05]
['2013-08-19', 66.8, 68.35, 66.58, 67.91]
['2013-08-20', 67.87, 69.53, 67.39, 68.13]
['2013-08-21', 68.0, 69.32, 68.0, 68.7]
['2013-08-22', 68.87, 69.36, 67.33, 68.56]
['2013-08-23', 68.56, 68.73, 67.65, 68.44]
['2013-08-26', 68.44, 69.25, 68.11, 69.1]
['2013-08-27', 68.11, 70.06, 66.51, 66.52]
['2013-08-28', 66.72, 68.0, 64.5, 64.65]
['2013-08-29', 64.65, 66.15, 64.14, 64.38]
['2013-08-30', 64.59, 64.86, 63.71, 64.5]
['2013-09-03', 65.51, 66.6, 64.78, 65.55]
['2013-09-04', 65.48, 66.97, 65.46, 66.26]
['2013-09-05', 66.6, 66.84, 63.38, 63.94]
['2013-09-06', 63.71, 63.75, 59.03, 60.26]
['2013-09-09', 60.59, 60.7, 58.91, 59.73]
['2013-09-10', 59.85, 64.79, 59.46, 64.34]
['2013-09-11', 64.46, 66.88, 63.58, 66.71]
['2013-09-12', 66.94, 68.1, 66.25, 67.07]
['2013-09-13', 67.15, 67.88, 66.12, 66.85]
['2013-09-16', 67.5, 68.25, 65.83, 67.49]
['2013-09-17', 67.5, 81.94, 67.15, 72.44]
['2013-09-18', 72.49, 75.0, 71.57, 74.42]
['2013-09-19', 74.2, 75.57, 74.08, 75.23]
['2013-09-20', 78.17, 78.72, 73.83, 74.56]
['2013-09-23', 74.82, 74.82, 71.82, 72.94]
['2013-09-24', 72.74, 73.73, 71.86, 73.52]
['2013-09-25', 64.1, 65.75, 61.5, 64.99]
['2013-09-26', 65.06, 65.52, 60.26, 61.51]
['2013-09-27', 60.0, 64.41, 58.74, 60.59]
['2013-09-30', 58.2, 61.02, 54.38, 60.8]
['2013-10-01', 60.3, 62.18, 60.26, 62.04]
['2013-10-02', 60.7, 61.93, 59.66, 60.29]
['2013-10-03', 59.97, 59.99, 57.4, 57.5]
['2013-10-04', 57.82, 58.25, 55.64, 56.99]
['2013-10-07', 56.31, 57.01, 55.81, 55.85]
['2013-10-08', 56.03, 56.5, 53.47, 54.48]
['2013-10-09', 54.68, 54.8, 48.77, 49.46]
['2013-10-10', 50.27, 53.2, 49.74, 52.59]
['2013-10-11', 52.2, 52.76, 48.1, 50.22]
['2013-10-14', 49.89, 50.25, 49.18, 49.58]
['2013-10-15', 49.34, 50.31, 48.3, 48.41]
['2013-10-16', 48.86, 49.37, 48.51, 48.98]
['2013-10-17', 48.95, 53.39, 48.25, 52.79]
['2013-10-18', 52.07, 54.0, 50.37, 50.58]
['2013-10-21', 50.41, 52.16, 49.06, 51.3]
['2013-10-22', 51.74, 52.89, 49.24, 51.41]
['2013-10-23', 51.05, 53.65, 50.61, 53.51]
['2013-10-24', 53.66, 54.92, 52.92, 54.63]
['2013-10-25', 54.79, 59.45, 53.76, 56.93]
['2013-10-28', 63.63, 64.0, 54.2, 54.86]
['2013-10-29', 55.16, 56.55, 54.01, 55.87]
['2013-10-30', 55.99, 58.04, 51.42, 52.77]
['2013-10-31', 52.97, 52.97, 50.19, 51.11]
['2013-11-01', 51.38, 52.0, 49.89, 50.99]
['2013-11-04', 51.16, 51.63, 50.09, 51.07]
['2013-11-05', 50.77, 51.51, 50.26, 51.0]
['2013-11-06', 51.36, 51.71, 50.11, 50.7]
['2013-11-07', 50.96, 51.1, 49.59, 50.0]
['2013-11-08', 49.98, 53.35, 49.98, 52.85]
['2013-11-11', 52.58, 52.86, 51.46, 52.13]
['2013-11-12', 51.81, 52.16, 50.3, 51.16]
['2013-11-13', 50.78, 52.79, 50.59, 52.65]
['2013-11-14', 52.78, 53.02, 51.74, 52.94]
['2013-11-15', 52.76, 52.76, 51.13, 51.27]
['2013-11-18', 51.15, 51.73, 47.6, 48.34]
['2013-11-19', 48.24, 48.99, 46.57, 46.76]
['2013-11-20', 45.19, 54.97, 43.86, 54.56]
['2013-11-21', 56.25, 58.47, 55.31, 57.03]
['2013-11-22', 57.03, 60.39, 57.03, 58.42]
['2013-11-25', 58.8, 59.22, 57.12, 57.44]
['2013-11-26', 57.62, 62.24, 57.38, 62.03]
['2013-11-27', 62.3, 63.99, 59.5, 60.92]
['2013-11-29', 61.35, 61.64, 59.83, 60.29]
['2013-12-02', 60.26, 63.47, 59.85, 62.99]
['2013-12-03', 60.66, 60.66, 57.01, 58.95]
['2013-12-04', 56.85, 58.95, 55.11, 55.99]
['2013-12-05', 56.39, 56.57, 55.47, 55.59]
['2013-12-06', 56.2, 56.75, 55.04, 55.21]
['2013-12-09', 55.19, 55.54, 52.6, 54.12]
['2013-12-10', 53.85, 55.7, 53.0, 53.03]
['2013-12-11', 53.0, 54.0, 50.73, 50.94]
['2013-12-12', 50.85, 51.85, 50.64, 50.73]
['2013-12-13', 51.01, 52.75, 50.41, 52.67]
['2013-12-16', 52.85, 54.2, 52.85, 53.89]
['2013-12-17', 53.71, 54.96, 53.03, 54.68]
['2013-12-18', 54.68, 55.16, 52.52, 55.16]
['2013-12-19', 54.89, 55.5, 53.05, 53.79]
['2013-12-20', 54.09, 56.91, 54.09, 56.37]
['2013-12-23', 56.82, 58.22, 55.89, 57.98]
['2013-12-24', 58.1, 58.75, 57.67, 58.05]
['2013-12-26', 58.11, 58.98, 58.0, 58.68]
['2013-12-27', 58.6, 59.08, 57.99, 58.73]
['2013-12-30', 58.52, 59.23, 58.35, 58.72]
['2013-12-31', 58.86, 60.5, 58.86, 60.27]
['2014-01-02', 59.88, 60.8, 58.25, 59.2]
['2014-01-03', 59.47, 60.66, 58.72, 60.48]
['2014-01-06', 60.99, 62.24, 58.18, 62.1]
['2014-01-07', 62.59, 62.88, 59.78, 61.42]
['2014-01-08', 61.66, 63.49, 60.57, 62.99]
['2014-01-09', 63.5, 70.68, 63.05, 70.65]
['2014-01-10', 71.36, 74.75, 69.5, 73.98]
['2014-01-13', 79.25, 83.27, 75.0, 76.26]
['2014-01-14', 77.93, 79.0, 73.4, 75.45]
['2014-01-15', 75.7, 76.18, 72.03, 73.65]
['2014-01-16', 73.65, 75.21, 72.65, 74.57]
['2014-01-17', 74.57, 75.16, 72.03, 72.9]
['2014-01-21', 75.16, 75.36, 72.35, 72.9]
['2014-01-22', 72.83, 73.69, 70.76, 71.01]
['2014-01-23', 71.28, 71.28, 68.93, 70.25]
['2014-01-24', 69.63, 70.11, 66.11, 68.34]
['2014-01-27', 69.47, 69.49, 63.46, 65.38]
['2014-01-28', 67.35, 67.69, 65.66, 66.12]
['2014-01-29', 64.51, 67.82, 63.36, 67.55]
['2014-01-30', 67.56, 69.44, 67.13, 67.44]
['2014-01-31', 65.57, 66.44, 64.1, 65.03]
['2014-02-03', 65.33, 65.98, 62.25, 62.6]
['2014-02-04', 63.0, 64.58, 62.46, 63.16]
['2014-02-05', 62.4, 63.0, 60.05, 62.11]
['2014-02-06', 62.48, 65.27, 62.48, 63.53]
['2014-02-07', 62.08, 67.88, 61.94, 65.69]
['2014-02-10', 65.7, 68.12, 65.55, 67.33]
['2014-02-11', 67.59, 68.04, 65.6, 66.64]
['2014-02-12', 66.73, 71.01, 66.22, 69.31]
['2014-02-13', 68.5, 70.38, 67.66, 69.15]
['2014-02-14', 69.17, 70.66, 67.45, 67.63]
['2014-02-18', 68.23, 70.96, 68.01, 70.71]
['2014-02-19', 70.65, 75.42, 70.65, 72.41]
['2014-02-20', 72.48, 73.5, 71.03, 73.13]
['2014-02-21', 73.51, 76.38, 73.32, 75.09]
['2014-02-24', 75.34, 78.28, 75.33, 76.61]
['2014-02-25', 76.88, 77.3, 75.15, 76.9]
['2014-02-26', 76.87, 79.67, 76.61, 78.36]
['2014-02-27', 78.0, 79.23, 76.6, 78.38]
['2014-02-28', 81.1, 88.99, 79.01, 79.62]
['2014-03-03', 78.78, 85.29, 76.79, 83.49]
['2014-03-04', 84.21, 87.03, 84.21, 86.92]
['2014-03-05', 87.99, 88.99, 86.69, 88.97]
['2014-03-06', 92.41, 93.33, 85.06, 85.4]
['2014-03-07', 86.15, 86.46, 81.05, 83.83]
['2014-03-10', 84.0, 84.16, 79.5, 83.77]
['2014-03-11', 83.46, 85.05, 81.1, 81.87]
['2014-03-12', 81.12, 84.57, 80.12, 83.02]
['2014-03-13', 83.66, 84.44, 80.0, 81.48]
['2014-03-14', 80.9, 82.59, 80.05, 81.4]
['2014-03-17', 82.17, 84.35, 80.78, 81.36]
['2014-03-18', 81.55, 86.15, 81.55, 85.04]
['2014-03-19', 85.33, 87.18, 83.29, 86.76]
['2014-03-20', 86.38, 87.23, 84.0, 85.8]
['2014-03-21', 85.8, 86.74, 78.58, 79.91]
['2014-03-24', 79.11, 82.19, 72.5, 73.52]
['2014-03-25', 73.84, 75.9, 71.19, 73.87]
['2014-03-26', 75.15, 80.74, 74.06, 77.5]
['2014-03-27', 77.5, 80.88, 72.5, 80.32]
['2014-03-28', 80.13, 80.25, 68.56, 70.33]
['2014-03-31', 70.61, 71.58, 67.66, 69.27]
['2014-04-01', 69.47, 72.47, 68.37, 71.03]
['2014-04-02', 71.53, 72.24, 67.61, 69.22]
['2014-04-03', 71.05, 71.27, 65.75, 66.4]
['2014-04-04', 66.93, 70.1, 63.5, 64.66]
['2014-04-07', 64.37, 66.72, 62.68, 64.61]
['2014-04-08', 64.49, 66.65, 63.55, 65.53]
['2014-04-09', 65.5, 68.7, 65.14, 66.73]
['2014-04-10', 66.01, 66.43, 60.5, 61.56]
['2014-04-11', 60.57, 62.29, 56.12, 57.28]
['2014-04-14', 58.03, 58.2, 52.89, 54.92]
['2014-04-15', 54.91, 57.12, 49.77, 56.27]
['2014-04-16', 56.75, 57.39, 54.91, 56.22]
['2014-04-17', 56.1, 56.56, 53.66, 54.85]
['2014-04-21', 54.73, 55.89, 53.52, 54.54]
['2014-04-22', 55.31, 56.8, 54.66, 55.02]
['2014-04-23', 54.96, 55.52, 52.91, 53.5]
['2014-04-24', 53.71, 56.06, 50.44, 54.91]
['2014-04-25', 54.47, 54.47, 50.26, 51.5]
['2014-04-28', 51.95, 52.85, 49.62, 51.81]
['2014-04-29', 50.87, 53.54, 50.86, 53.15]
['2014-04-30', 53.71, 55.32, 52.1, 54.07]
['2014-05-01', 53.81, 55.91, 52.62, 54.54]
['2014-05-02', 55.03, 55.3, 52.59, 53.34]
['2014-05-05', 52.75, 54.44, 51.92, 53.77]
['2014-05-06', 53.45, 53.87, 51.05, 52.07]
['2014-05-07', 51.91, 52.28, 50.25, 50.89]
['2014-05-08', 51.0, 51.5, 49.14, 49.32]
['2014-05-09', 49.3, 50.39, 46.42, 47.83]
['2014-05-12', 48.25, 51.92, 48.24, 51.2]
['2014-05-13', 51.16, 53.08, 50.94, 51.45]
['2014-05-14', 51.26, 54.34, 50.48, 51.09]
['2014-05-15', 55.11, 60.5, 55.1, 59.25]
['2014-05-16', 58.06, 59.32, 54.53, 55.96]
['2014-05-19', 55.56, 57.58, 55.03, 56.77]
['2014-05-20', 60.21, 61.7, 55.64, 56.88]
['2014-05-21', 57.15, 57.94, 54.4, 54.68]
['2014-05-22', 54.86, 58.5, 54.75, 57.91]
['2014-05-23', 57.54, 59.09, 56.53, 57.0]
['2014-05-27', 58.59, 58.72, 50.51, 51.78]
['2014-05-28', 51.37, 52.54, 48.82, 48.98]
['2014-05-29', 49.15, 53.28, 49.14, 51.55]
['2014-05-30', 52.84, 52.98, 50.87, 51.21]
['2014-06-02', 48.15, 48.41, 45.03, 47.75]
['2014-06-03', 41.85, 43.4, 38.22, 38.23]
['2014-06-04', 38.23, 38.82, 36.11, 38.4]
['2014-06-05', 39.65, 41.75, 39.12, 40.77]
['2014-06-06', 40.95, 41.62, 39.58, 39.92]
['2014-06-09', 39.92, 41.75, 39.58, 41.66]
['2014-06-10', 41.39, 45.7, 41.11, 44.74]
['2014-06-11', 43.74, 45.15, 43.28, 43.8]
['2014-06-12', 43.34, 45.04, 42.83, 44.52]
['2014-06-13', 44.69, 45.94, 43.61, 45.29]
['2014-06-16', 45.14, 45.84, 43.6, 43.86]
['2014-06-17', 44.0, 44.74, 43.08, 43.79]
['2014-06-18', 44.04, 44.7, 42.71, 42.94]
['2014-06-19', 43.29, 43.31, 42.02, 42.42]
['2014-06-20', 42.71, 42.99, 40.88, 41.57]
['2014-06-23', 41.75, 43.11, 41.01, 41.1]
['2014-06-24', 41.16, 42.67, 40.76, 41.21]
['2014-06-25', 40.76, 42.24, 40.65, 42.0]
['2014-06-26', 41.65, 42.48, 41.24, 41.56]
['2014-06-27', 41.21, 42.83, 41.16, 42.53]
['2014-06-30', 42.29, 42.8, 41.09, 41.41]
['2014-07-01', 41.93, 42.89, 41.04, 41.49]
['2014-07-02', 41.55, 42.83, 41.11, 41.5]
['2014-07-03', 41.77, 42.89, 41.41, 42.77]
['2014-07-07', 42.5, 42.7, 40.4, 40.65]
['2014-07-08', 40.6, 40.65, 37.82, 37.92]
['2014-07-09', 38.21, 39.15, 37.17, 38.3]
['2014-07-10', 37.47, 38.58, 36.62, 38.43]
['2014-07-11', 38.35, 38.77, 37.36, 38.68]
['2014-07-14', 38.96, 40.22, 37.85, 39.67]
['2014-07-15', 39.55, 40.98, 38.25, 38.65]
['2014-07-16', 38.9, 39.11, 36.77, 37.3]
['2014-07-17', 37.21, 37.38, 35.86, 36.44]
['2014-07-18', 36.39, 37.85, 35.92, 37.63]
['2014-07-21', 37.4, 37.7, 36.69, 37.39]
['2014-07-22', 37.46, 37.57, 36.25, 36.36]
['2014-07-23', 36.69, 37.3, 35.92, 36.85]
['2014-07-24', 36.9, 37.11, 36.02, 37.01]
['2014-07-25', 36.68, 37.77, 36.5, 37.68]
['2014-07-28', 37.63, 37.86, 36.28, 36.61]
['2014-07-29', 36.7, 39.11, 36.7, 39.0]
['2014-07-30', 39.52, 39.75, 38.39, 38.48]
['2014-07-31', 38.07, 38.44, 36.37, 36.45]
['2014-08-01', 36.31, 37.35, 35.71, 36.8]
['2014-08-04', 37.17, 37.35, 35.33, 36.24]
['2014-08-05', 35.76, 38.01, 35.52, 37.15]
['2014-08-06', 36.98, 38.0, 36.59, 37.29]
['2014-08-07', 37.4, 37.51, 36.31, 36.88]
['2014-08-08', 37.35, 42.07, 37.02, 40.88]
['2014-08-11', 40.99, 42.27, 40.0, 41.61]
['2014-08-12', 41.41, 42.08, 41.08, 41.89]
['2014-08-13', 42.01, 44.04, 42.01, 42.74]
['2014-08-14', 42.75, 43.48, 42.36, 43.33]
['2014-08-15', 43.71, 44.56, 43.28, 44.22]
['2014-08-18', 44.23, 44.48, 43.69, 44.01]
['2014-08-19', 44.16, 44.16, 42.6, 43.54]
['2014-08-20', 43.28, 43.79, 42.8, 43.6]
['2014-08-21', 43.6, 43.98, 41.84, 41.94]
['2014-08-22', 41.98, 43.87, 41.66, 43.82]
['2014-08-25', 43.87, 46.73, 43.79, 46.68]
['2014-08-26', 46.82, 50.32, 46.39, 49.89]
['2014-08-27', 49.79, 50.87, 48.27, 48.61]
['2014-08-28', 48.42, 49.49, 47.19, 47.75]
['2014-08-29', 47.68, 48.75, 47.02, 47.56]
['2014-09-02', 48.09, 49.53, 47.52, 48.3]
['2014-09-03', 46.11, 46.75, 44.0, 45.0]
['2014-09-04', 45.14, 45.15, 43.49, 44.01]
['2014-09-05', 43.74, 44.01, 41.77, 43.34]
['2014-09-08', 43.25, 44.0, 42.8, 43.82]
['2014-09-09', 43.57, 45.18, 42.98, 43.9]
['2014-09-10', 43.65, 45.7, 43.25, 45.55]
['2014-09-11', 45.48, 46.49, 44.5, 46.08]
['2014-09-12', 45.93, 46.46, 45.31, 46.08]
['2014-09-15', 46.0, 46.0, 43.52, 44.25]
['2014-09-16', 44.03, 44.88, 43.39, 44.04]
['2014-09-17', 45.36, 46.48, 44.2, 46.01]
['2014-09-18', 46.14, 46.41, 44.5, 45.35]
['2014-09-19', 45.47, 45.82, 43.66, 44.54]
['2014-09-22', 44.05, 44.05, 41.42, 42.27]
['2014-09-23', 41.84, 42.97, 40.99, 41.58]
['2014-09-24', 41.71, 42.16, 41.32, 41.83]
['2014-09-25', 41.5, 41.88, 39.45, 40.02]
['2014-09-26', 40.11, 42.69, 40.11, 42.49]
['2014-09-29', 43.7, 49.3, 43.53, 48.08]
['2014-09-30', 47.74, 48.16, 44.89, 45.36]
['2014-10-01', 45.3, 46.57, 44.66, 46.37]
['2014-10-02', 46.25, 48.24, 45.88, 48.01]
['2014-10-03', 48.55, 49.16, 47.9, 48.8]
['2014-10-06', 48.79, 49.46, 47.3, 47.37]
['2014-10-07', 47.02, 48.05, 46.0, 46.78]
['2014-10-08', 46.77, 47.81, 45.32, 47.77]
['2014-10-09', 48.0, 48.59, 46.6, 47.5]
['2014-10-10', 47.52, 48.43, 44.49, 44.67]
['2014-10-13', 44.45, 46.03, 41.94, 42.75]
['2014-10-14', 43.09, 44.66, 41.6, 42.85]
['2014-10-15', 42.12, 44.54, 40.66, 44.22]
['2014-10-16', 42.94, 47.38, 42.23, 46.76]
['2014-10-17', 47.98, 49.37, 47.25, 48.51]
['2014-10-20', 48.08, 49.65, 48.08, 49.34]
['2014-10-21', 49.77, 51.5, 48.91, 51.09]
['2014-10-22', 50.74, 52.13, 49.43, 51.44]
['2014-10-23', 52.16, 54.54, 51.95, 54.05]
['2014-10-24', 53.73, 55.85, 53.41, 55.58]
['2014-10-27', 55.31, 55.87, 53.73, 55.7]
['2014-10-28', 56.07, 59.92, 55.95, 59.05]
['2014-10-29', 58.97, 59.49, 56.92, 57.24]
['2014-10-30', 57.08, 59.29, 56.59, 59.16]
['2014-10-31', 60.03, 62.2, 59.11, 59.66]
['2014-11-03', 59.53, 60.97, 58.94, 60.23]
['2014-11-04', 59.7, 60.21, 56.57, 58.95]
['2014-11-05', 59.57, 59.57, 56.36, 57.14]
['2014-11-06', 57.44, 59.0, 56.67, 58.57]
['2014-11-07', 56.23, 58.74, 54.54, 58.31]
['2014-11-10', 58.25, 60.15, 57.51, 60.14]
['2014-11-11', 60.25, 61.43, 59.62, 61.31]
['2014-11-12', 60.92, 61.48, 57.55, 58.44]
['2014-11-13', 58.68, 59.77, 56.03, 56.8]
['2014-11-14', 56.95, 56.95, 54.55, 54.89]
['2014-11-17', 54.61, 55.19, 53.25, 53.33]
['2014-11-18', 53.66, 54.55, 53.26, 53.78]
['2014-11-19', 50.0, 52.37, 47.56, 48.28]
['2014-11-20', 48.33, 50.8, 48.3, 50.79]
['2014-11-21', 50.66, 51.56, 47.67, 48.6]
['2014-11-24', 48.98, 49.32, 48.06, 48.28]
['2014-11-25', 48.28, 48.31, 47.08, 47.45]
['2014-11-26', 47.31, 48.67, 47.07, 48.2]
['2014-11-28', 48.5, 48.65, 47.43, 47.58]
['2014-12-01', 47.4, 47.4, 45.5, 46.77]
['2014-12-02', 47.0, 48.92, 47.0, 48.74]
['2014-12-03', 49.02, 49.99, 48.32, 48.78]
['2014-12-04', 48.58, 49.48, 48.21, 48.63]
['2014-12-05', 48.7, 51.26, 48.5, 51.05]
['2014-12-08', 51.1, 52.35, 50.67, 51.64]
['2014-12-09', 50.62, 53.81, 49.61, 53.47]
['2014-12-10', 53.49, 54.5, 52.88, 53.21]
['2014-12-11', 53.53, 55.08, 53.07, 54.83]
['2014-12-12', 53.94, 55.57, 53.91, 55.15]
['2014-12-15', 55.69, 55.85, 52.59, 53.19]
['2014-12-16', 52.82, 55.79, 51.52, 53.28]
['2014-12-17', 53.31, 55.84, 52.62, 55.78]
['2014-12-18', 56.81, 57.72, 55.98, 57.68]
['2014-12-19', 57.54, 58.71, 56.42, 56.64]
['2014-12-22', 56.45, 57.44, 55.25, 56.93]
['2014-12-23', 57.34, 57.34, 53.42, 54.15]
['2014-12-24', 54.26, 55.67, 53.15, 54.58]
['2014-12-26', 54.53, 56.93, 54.53, 56.25]
['2014-12-29', 56.5, 57.97, 55.1, 55.97]
['2014-12-30', 55.72, 56.58, 55.01, 55.15]
['2014-12-31', 55.47, 57.54, 55.47, 56.0]
['2015-01-02', 56.7, 57.64, 55.78, 56.98]
['2015-01-05', 56.71, 58.22, 55.26, 55.99]
['2015-01-06', 56.42, 57.28, 54.88, 55.78]
['2015-01-07', 56.42, 59.2, 55.59, 58.2]
['2015-01-08', 58.98, 59.37, 57.47, 58.96]
['2015-01-09', 59.42, 59.63, 58.0, 59.05]
['2015-01-12', 59.46, 59.95, 55.97, 57.95]
['2015-01-13', 58.95, 62.46, 58.02, 61.34]
['2015-01-14', 60.21, 64.98, 60.14, 63.78]
['2015-01-15', 63.86, 65.2, 62.04, 63.59]
['2015-01-16', 63.24, 67.77, 63.15, 67.56]
['2015-01-20', 67.75, 68.85, 65.75, 68.49]
['2015-01-21', 68.0, 71.18, 65.46, 66.54]
['2015-01-22', 66.9, 66.9, 61.51, 65.62]
['2015-01-23', 65.64, 66.28, 63.5, 64.74]
['2015-01-26', 64.25, 68.77, 64.25, 68.76]
['2015-01-27', 67.73, 69.97, 66.65, 68.44]
['2015-01-28', 69.23, 70.02, 64.63, 65.39]
['2015-01-29', 65.32, 66.5, 63.26, 66.08]
['2015-01-30', 65.67, 66.99, 64.23, 65.19]
['2015-02-02', 65.28, 66.25, 63.29, 64.91]
['2015-02-03', 65.15, 65.31, 63.13, 65.13]
['2015-02-04', 64.48, 64.55, 61.62, 63.34]
['2015-02-05', 63.88, 67.32, 63.35, 66.91]
['2015-02-06', 67.18, 68.71, 65.02, 66.42]
['2015-02-09', 66.21, 67.73, 65.04, 66.39]
['2015-02-10', 67.19, 69.71, 66.37, 69.56]
['2015-02-11', 69.15, 70.28, 67.58, 67.99]
['2015-02-12', 68.43, 68.98, 66.46, 68.08]
['2015-02-13', 68.24, 69.82, 66.82, 68.79]
['2015-02-17', 69.0, 73.2, 68.71, 73.02]
['2015-02-18', 73.23, 74.36, 71.07, 73.86]
['2015-02-19', 74.1, 75.32, 72.4, 75.16]
['2015-02-20', 75.21, 75.67, 72.92, 73.8]
['2015-02-23', 73.95, 75.41, 72.83, 73.71]
['2015-02-24', 73.68, 73.92, 71.57, 73.23]
['2015-02-25', 73.44, 76.99, 71.91, 76.55]
['2015-02-26', 74.4, 79.8, 74.0, 77.89]
['2015-02-27', 77.15, 78.36, 75.06, 76.46]
['2015-03-02', 76.65, 79.59, 76.12, 79.05]
['2015-03-03', 78.25, 78.88, 74.24, 75.55]
['2015-03-04', 75.41, 77.7, 73.58, 77.4]
['2015-03-05', 77.84, 80.38, 77.0, 79.66]
['2015-03-06', 78.91, 80.16, 77.37, 79.19]
['2015-03-09', 79.14, 80.47, 78.02, 78.69]
['2015-03-10', 77.5, 80.0, 76.51, 78.87]
['2015-03-11', 79.0, 80.15, 76.07, 78.71]
['2015-03-12', 78.95, 79.8, 75.3, 79.28]
['2015-03-13', 79.22, 80.49, 77.54, 77.98]
['2015-03-16', 78.24, 82.29, 77.78, 81.78]
['2015-03-17', 81.21, 83.46, 79.45, 83.3]
['2015-03-18', 82.68, 83.17, 80.47, 80.92]
['2015-03-19', 80.85, 82.11, 80.69, 81.43]
['2015-03-20', 82.0, 82.18, 77.54, 78.26]
['2015-03-23', 78.0, 78.28, 74.03, 75.9]
['2015-03-24', 76.15, 78.33, 74.75, 75.1]
['2015-03-25', 75.7, 76.44, 70.51, 72.01]
['2015-03-26', 71.29, 74.21, 69.13, 72.22]
['2015-03-27', 72.34, 74.28, 71.52, 73.44]
['2015-03-30', 74.52, 75.38, 73.39, 74.95]
['2015-03-31', 74.67, 75.81, 74.14, 74.23]
['2015-04-01', 74.38, 74.8, 69.84, 71.12]
['2015-04-02', 71.12, 71.73, 69.13, 69.52]
['2015-04-06', 69.13, 70.79, 68.4, 68.64]
['2015-04-07', 74.49, 77.22, 72.5, 74.1]
['2015-04-08', 74.54, 76.26, 73.51, 76.2]
['2015-04-09', 76.05, 76.82, 73.23, 74.8]
['2015-04-10', 75.09, 78.16, 74.85, 77.4]
['2015-04-13', 84.5, 89.98, 84.02, 87.49]
['2015-04-14', 88.0, 88.22, 85.3, 86.35]
['2015-04-15', 87.0, 93.8, 86.03, 92.85]
['2015-04-16', 92.34, 94.88, 89.74, 90.99]
['2015-04-17', 87.5, 87.6, 82.03, 86.15]
['2015-04-20', 87.0, 87.13, 84.19, 85.92]
['2015-04-21', 86.76, 87.5, 85.25, 86.4]
['2015-04-22', 86.88, 87.69, 83.25, 85.04]
['2015-04-23', 86.03, 90.48, 85.16, 90.25]
['2015-04-24', 90.2, 92.6, 88.87, 92.03]
['2015-04-27', 92.19, 92.19, 83.5, 83.71]
['2015-04-28', 84.02, 86.19, 79.29, 83.11]
['2015-04-29', 83.02, 85.3, 78.72, 82.48]
['2015-04-30', 82.25, 84.65, 78.31, 80.36]
['2015-05-01', 81.12, 84.5, 80.39, 82.09]
['2015-05-04', 81.84, 85.91, 81.24, 81.96]
['2015-05-05', 81.8, 82.36, 79.06, 79.72]
['2015-05-06', 80.36, 82.32, 78.34, 79.91]
['2015-05-07', 78.26, 81.0, 75.89, 78.49]
['2015-05-08', 79.88, 83.06, 79.42, 82.87]
['2015-05-11', 82.78, 86.64, 82.41, 86.58]
['2015-05-12', 85.28, 86.55, 83.5, 85.84]
['2015-05-13', 86.44, 86.89, 83.72, 86.0]
['2015-05-14', 85.34, 102.28, 82.34, 100.4]
['2015-05-15', 97.31, 98.24, 91.18, 92.74]
['2015-05-18', 92.98, 95.89, 91.56, 93.36]
['2015-05-19', 93.36, 93.36, 90.68, 91.18]
['2015-05-20', 91.54, 92.96, 89.02, 91.67]
['2015-05-21', 91.88, 92.83, 90.02, 90.53]
['2015-05-22', 90.25, 92.73, 90.1, 90.76]
['2015-05-26', 90.52, 92.98, 90.5, 92.21]
['2015-05-27', 92.78, 93.81, 92.08, 93.8]
['2015-05-28', 93.1, 93.44, 89.55, 90.6]
['2015-05-29', 90.79, 93.25, 89.5, 92.44]
['2015-06-01', 85.8, 91.25, 83.51, 87.0]
['2015-06-02', 86.53, 86.9, 82.52, 82.81]
['2015-06-03', 83.0, 85.38, 83.0, 84.42]
['2015-06-04', 83.4, 84.81, 82.02, 83.57]
['2015-06-05', 83.5, 86.77, 83.2, 85.98]
['2015-06-08', 84.81, 86.5, 84.2, 84.79]
['2015-06-09', 84.98, 86.0, 83.54, 85.59]
['2015-06-10', 85.08, 86.83, 82.65, 86.33]
['2015-06-11', 86.92, 87.74, 85.6, 87.15]
['2015-06-12', 86.6, 86.6, 83.3, 83.32]
['2015-06-15', 83.5, 85.46, 82.02, 84.91]
['2015-06-16', 84.98, 86.34, 84.47, 85.15]
['2015-06-17', 85.8, 89.71, 85.15, 88.38]
['2015-06-18', 89.29, 91.48, 88.64, 91.18]
['2015-06-19', 90.8, 93.37, 90.8, 93.19]
['2015-06-22', 92.75, 93.39, 90.22, 93.19]
['2015-06-23', 92.84, 93.4, 87.45, 88.32]
['2015-06-24', 88.28, 88.67, 85.22, 85.89]
['2015-06-25', 86.65, 87.67, 85.04, 86.12]
['2015-06-26', 86.52, 87.49, 84.0, 86.02]
['2015-06-29', 84.87, 86.94, 83.62, 83.81]
['2015-06-30', 85.38, 88.01, 83.33, 87.88]
['2015-07-01', 88.78, 89.62, 84.62, 85.88]
['2015-07-02', 85.93, 85.93, 82.22, 82.94]
['2015-07-06', 82.16, 85.25, 80.77, 84.83]
['2015-07-07', 84.77, 86.4, 82.77, 85.76]
['2015-07-08', 82.18, 83.79, 77.75, 79.03]
['2015-07-09', 78.96, 79.25, 77.0, 78.2]
['2015-07-10', 78.61, 81.2, 78.26, 80.02]
['2015-07-13', 80.43, 85.83, 80.25, 84.61]
['2015-07-14', 85.45, 88.47, 84.2, 87.49]
['2015-07-15', 88.43, 92.55, 87.75, 88.56]
['2015-07-16', 88.75, 90.0, 87.13, 87.37]
['2015-07-17', 87.72, 88.45, 85.7, 87.06]
['2015-07-20', 91.72, 91.82, 85.04, 86.06]
['2015-07-21', 86.0, 87.26, 83.1, 86.16]
['2015-07-22', 84.95, 86.4, 84.3, 86.02]
['2015-07-23', 86.45, 86.65, 84.11, 85.96]
['2015-07-24', 85.25, 86.61, 82.21, 82.61]
['2015-07-27', 81.86, 83.95, 81.02, 82.92]
['2015-07-28', 83.52, 86.98, 81.95, 86.74]
['2015-07-29', 86.87, 87.0, 84.06, 85.54]
['2015-07-30', 85.72, 86.18, 83.25, 83.96]
['2015-07-31', 83.85, 86.48, 82.42, 84.43]
['2015-08-03', 84.53, 87.92, 84.53, 85.65]
['2015-08-04', 86.44, 87.41, 85.27, 86.85]
['2015-08-05', 87.5, 87.7, 85.59, 86.54]
['2015-08-06', 86.24, 86.51, 81.66, 83.17]
['2015-08-07', 82.47, 84.86, 78.02, 80.54]
['2015-08-10', 81.68, 82.48, 78.82, 79.81]
['2015-08-11', 78.0, 80.25, 77.05, 78.47]
['2015-08-12', 77.9, 79.62, 75.51, 78.81]
['2015-08-13', 78.61, 80.39, 76.87, 77.25]
['2015-08-14', 76.85, 78.09, 74.34, 77.07]
['2015-08-17', 77.52, 80.6, 76.14, 80.32]
['2015-08-18', 80.4, 81.39, 79.05, 79.56]
['2015-08-19', 78.49, 79.32, 75.69, 76.61]
['2015-08-20', 75.99, 76.4, 73.14, 73.23]
['2015-08-21', 71.78, 74.62, 69.64, 72.68]
['2015-08-24', 66.84, 72.88, 65.0, 67.02]
['2015-08-25', 70.91, 71.49, 68.01, 69.5]
['2015-08-26', 71.47, 71.7, 67.03, 71.51]
['2015-08-27', 72.5, 76.61, 72.09, 76.08]
['2015-08-28', 75.57, 80.76, 75.57, 80.54]
['2015-08-31', 79.27, 80.94, 77.5, 77.86]
['2015-09-01', 76.18, 81.99, 75.13, 79.0]
['2015-09-02', 80.0, 83.42, 77.68, 83.36]
['2015-09-03', 84.1, 85.69, 80.65, 81.39]
['2015-09-04', 80.31, 84.56, 79.58, 83.83]
['2015-09-08', 85.6, 85.6, 81.92, 84.38]
['2015-09-09', 87.0, 100.82, 87.0, 96.05]
['2015-09-10', 96.39, 105.57, 95.69, 104.26]
['2015-09-11', 103.45, 105.42, 102.55, 104.1]
['2015-09-14', 104.1, 104.82, 101.5, 104.61]
['2015-09-15', 105.27, 109.0, 103.71, 108.55]
['2015-09-16', 109.21, 109.87, 106.04, 108.71]
['2015-09-17', 109.26, 116.75, 108.1, 114.64]
['2015-09-18', 112.56, 116.65, 111.47, 114.39]
['2015-09-21', 115.85, 115.85, 102.4, 105.45]
['2015-09-22', 100.12, 102.4, 98.13, 100.24]
['2015-09-23', 100.57, 102.3, 96.59, 99.72]
['2015-09-24', 99.72, 100.28, 95.35, 99.86]
['2015-09-25', 100.49, 101.21, 91.64, 93.35]
['2015-09-28', 93.24, 96.34, 88.08, 90.54]
['2015-09-29', 90.88, 96.53, 87.5, 89.03]
['2015-09-30', 91.77, 94.76, 89.42, 91.96]
['2015-10-01', 91.41, 92.76, 88.56, 92.01]
['2015-10-02', 89.85, 95.0, 89.04, 94.85]
['2015-10-05', 95.62, 96.47, 90.65, 93.6]
['2015-10-06', 93.42, 93.93, 88.0, 90.39]
['2015-10-07', 90.63, 94.55, 88.04, 91.75]
['2015-10-08', 91.71, 94.4, 85.0, 89.98]
['2015-10-09', 92.5, 95.5, 91.06, 93.6]
['2015-10-12', 93.86, 94.74, 89.33, 90.69]
['2015-10-13', 90.48, 95.0, 89.0, 90.59]
['2015-10-14', 91.01, 94.16, 89.02, 92.78]
['2015-10-15', 91.91, 101.83, 91.1, 101.48]
['2015-10-16', 101.7, 103.43, 95.02, 97.03]
['2015-10-19', 97.09, 100.32, 93.59, 98.2]
['2015-10-20', 98.31, 99.19, 93.56, 95.02]
['2015-10-21', 95.92, 96.9, 87.75, 92.8]
['2015-10-22', 93.26, 94.17, 90.5, 93.24]
['2015-10-23', 94.12, 96.75, 92.63, 96.52]
['2015-10-26', 96.24, 98.72, 94.01, 95.78]
['2015-10-27', 95.7, 98.23, 95.0, 97.88]
['2015-10-28', 97.19, 101.38, 95.01, 101.3]
['2015-10-29', 101.38, 104.8, 99.21, 100.26]
['2015-10-30', 100.8, 102.88, 97.34, 99.91]
['2015-11-02', 100.81, 109.18, 99.48, 106.2]
['2015-11-03', 106.0, 109.0, 103.13, 104.88]
['2015-11-04', 104.86, 106.39, 101.81, 104.75]
['2015-11-05', 103.75, 104.74, 100.9, 103.55]
['2015-11-06', 98.26, 103.02, 95.32, 99.22]
['2015-11-09', 98.89, 103.08, 98.35, 99.17]
['2015-11-10', 99.46, 108.49, 96.57, 105.89]
['2015-11-11', 106.53, 106.73, 99.22, 100.28]
['2015-11-12', 99.42, 102.71, 99.16, 99.41]
['2015-11-13', 99.27, 100.93, 96.27, 99.43]
['2015-11-16', 29.27, 35.93, 26.05, 30.24]
['2015-11-17', 29.0, 29.4, 26.05, 26.81]
['2015-11-18', 27.5, 27.78, 26.02, 26.99]
['2015-11-19', 26.8, 27.7, 25.91, 26.81]
['2015-11-20', 26.82, 27.61, 26.34, 26.41]
['2015-11-23', 26.41, 26.66, 24.5, 25.71]
['2015-11-24', 25.73, 28.65, 25.54, 27.83]
['2015-11-25', 27.37, 29.8, 26.83, 29.16]
['2015-11-27', 30.03, 32.5, 29.8, 32.22]
['2015-11-30', 32.0, 32.0, 29.62, 31.45]
['2015-12-01', 31.5, 33.2, 30.57, 32.05]
['2015-12-02', 31.63, 35.76, 31.61, 33.81]
['2015-12-03', 34.02, 34.36, 32.67, 33.27]
['2015-12-04', 33.25, 34.72, 32.63, 33.94]
['2015-12-07', 33.56, 33.78, 31.06, 31.84]
['2015-12-08', 31.5, 33.38, 31.2, 32.97]
['2015-12-09', 32.67, 33.56, 32.15, 32.71]
['2015-12-10', 32.4, 33.37, 32.25, 32.76]
['2015-12-11', 32.11, 32.65, 31.21, 31.95]
['2015-12-14', 31.85, 32.19, 30.91, 31.15]
['2015-12-15', 31.2, 33.95, 31.2, 33.42]
['2015-12-16', 33.53, 33.53, 31.71, 32.53]
['2015-12-17', 33.17, 35.88, 33.17, 33.36]
['2015-12-18', 33.3, 34.49, 32.67, 32.8]
['2015-12-21', 32.84, 33.65, 32.1, 33.45]
['2015-12-22', 33.45, 33.89, 32.83, 33.64]
['2015-12-23', 33.75, 34.15, 33.33, 33.86]
['2015-12-24', 33.94, 34.19, 32.84, 34.14]
['2015-12-28', 33.99, 34.02, 32.58, 33.27]
['2015-12-29', 33.53, 35.25, 33.16, 35.02]
['2015-12-30', 35.0, 36.42, 34.27, 34.4]
['2015-12-31', 34.28, 35.58, 33.75, 35.0]
['2016-01-04', 34.24, 34.75, 32.84, 33.37]
['2016-01-05', 33.5, 34.0, 31.33, 31.7]
['2016-01-06', 31.13, 31.77, 30.22, 30.8]
['2016-01-07', 29.57, 30.35, 29.18, 29.83]
['2016-01-08', 30.15, 31.46, 29.03, 29.17]
['2016-01-11', 29.37, 29.76, 25.33, 26.14]
['2016-01-12', 26.83, 28.13, 26.13, 27.45]
['2016-01-13', 27.6, 27.78, 24.0, 24.18]
['2016-01-14', 24.52, 25.2, 21.78, 23.82]
['2016-01-15', 22.79, 23.39, 21.78, 22.52]
['2016-01-19', 22.9, 23.42, 21.17, 21.81]
['2016-01-20', 21.29, 22.88, 19.8, 22.28]
['2016-01-21', 23.25, 23.46, 21.56, 21.71]
['2016-01-22', 22.46, 22.75, 21.37, 22.55]
['2016-01-25', 22.3, 24.18, 22.12, 22.99]
['2016-01-26', 23.01, 23.39, 21.8, 22.39]
['2016-01-27', 22.1, 22.46, 21.07, 21.26]
['2016-01-28', 21.47, 21.99, 20.26, 20.63]
['2016-01-29', 20.59, 21.69, 19.87, 20.92]
['2016-02-01', 20.97, 21.29, 19.76, 20.9]
['2016-02-02', 20.83, 20.84, 19.5, 19.79]
['2016-02-03', 19.89, 20.34, 18.64, 20.08]
['2016-02-04', 19.83, 22.05, 19.83, 20.55]
['2016-02-05', 20.6, 20.98, 19.69, 19.87]
['2016-02-08', 19.34, 19.47, 18.06, 18.81]
['2016-02-09', 18.42, 19.5, 17.76, 18.56]
['2016-02-10', 18.85, 20.8, 18.53, 18.98]
['2016-02-11', 18.46, 19.05, 17.9, 18.6]
['2016-02-12', 18.87, 19.18, 17.8, 18.97]
['2016-02-16', 19.41, 19.82, 18.61, 19.46]
['2016-02-17', 19.72, 20.45, 18.96, 19.86]
['2016-02-18', 19.89, 20.12, 17.47, 17.81]
['2016-02-19', 17.75, 18.39, 17.17, 17.92]
['2016-02-22', 18.14, 18.39, 17.65, 18.26]
['2016-02-23', 18.37, 18.37, 17.5, 17.63]
['2016-02-24', 17.63, 18.24, 16.78, 18.08]
['2016-02-25', 18.24, 18.57, 17.07, 17.29]
['2016-02-26', 16.79, 19.95, 16.79, 19.7]
['2016-02-29', 19.81, 19.83, 18.51, 18.62]
['2016-03-01', 18.85, 19.4, 18.27, 19.37]
['2016-03-02', 19.36, 21.53, 19.06, 20.94]
['2016-03-03', 21.07, 21.95, 20.83, 21.48]
['2016-03-04', 21.58, 22.85, 20.84, 21.58]
['2016-03-07', 21.52, 22.85, 21.26, 22.51]
['2016-03-08', 22.43, 22.86, 20.38, 20.61]
['2016-03-09', 20.8, 21.03, 19.51, 19.77]
['2016-03-10', 19.87, 20.3, 18.52, 18.96]
['2016-03-11', 19.28, 19.72, 18.88, 19.68]
['2016-03-14', 19.55, 20.61, 19.55, 20.28]
['2016-03-15', 20.24, 20.43, 18.53, 18.92]
['2016-03-16', 18.9, 19.62, 18.39, 18.92]
['2016-03-17', 18.95, 19.0, 17.75, 18.47]
['2016-03-18', 18.61, 19.5, 18.16, 19.44]
['2016-03-21', 19.27, 20.39, 19.11, 19.76]
['2016-03-22', 19.52, 20.7, 19.52, 20.56]
['2016-03-23', 20.5, 21.19, 18.58, 18.62]
['2016-03-24', 18.45, 19.5, 17.87, 19.03]
['2016-03-28', 19.21, 19.44, 18.42, 18.58]
['2016-03-29', 18.59, 19.86, 17.76, 19.84]
['2016-03-30', 19.97, 20.99, 18.96, 19.24]
['2016-03-31', 19.27, 19.79, 18.85, 19.2]
['2016-04-01', 19.02, 19.55, 18.51, 19.37]
['2016-04-04', 19.22, 19.31, 17.25, 17.26]
['2016-04-05', 17.5, 18.07, 16.69, 17.51]
['2016-04-06', 17.72, 18.6, 17.3, 18.56]
['2016-04-07', 18.7, 20.58, 18.6, 19.17]
['2016-04-08', 20.14, 20.9, 15.75, 15.77]
['2016-04-11', 15.97, 16.05, 14.38, 15.06]
['2016-04-12', 12.91, 14.25, 12.25, 14.24]
['2016-04-13', 13.66, 13.74, 12.29, 13.49]
['2016-04-14', 13.51, 14.51, 13.34, 14.21]
['2016-04-15', 13.77, 14.32, 13.54, 13.84]
['2016-04-18', 14.0, 14.83, 13.26, 14.3]
['2016-04-19', 14.21, 14.35, 13.51, 14.19]
['2016-04-20', 14.32, 14.65, 13.73, 14.06]
['2016-04-21', 14.03, 14.93, 14.01, 14.73]
['2016-04-22', 14.78, 15.06, 14.48, 14.99]
['2016-04-25', 15.0, 15.15, 14.56, 14.6]
['2016-04-26', 14.59, 14.65, 13.76, 14.39]
['2016-04-27', 14.33, 14.48, 13.86, 14.16]
['2016-04-28', 14.17, 14.95, 13.79, 14.48]
['2016-04-29', 14.5, 14.82, 13.67, 13.91]
['2016-05-02', 13.98, 14.55, 13.71, 14.54]
['2016-05-03', 14.26, 14.57, 13.9, 13.95]
['2016-05-04', 13.78, 14.01, 12.94, 13.19]
['2016-05-05', 13.19, 13.66, 12.58, 12.66]
['2016-05-06', 12.74, 14.69, 12.57, 13.11]
['2016-05-09', 13.15, 13.85, 13.15, 13.74]
['2016-05-10', 13.85, 13.88, 13.02, 13.09]
['2016-05-11', 13.01, 13.06, 12.33, 12.39]
['2016-05-12', 12.51, 12.57, 11.58, 12.17]
['2016-05-13', 12.09, 12.73, 12.01, 12.5]
['2016-05-16', 12.66, 13.34, 12.21, 13.09]
['2016-05-17', 12.97, 13.21, 12.66, 12.78]
['2016-05-18', 12.77, 13.8, 12.73, 13.75]
['2016-05-19', 13.74, 14.1, 13.19, 13.65]
['2016-05-20', 13.76, 14.65, 13.67, 14.5]
['2016-05-23', 14.35, 15.3, 14.32, 14.91]
['2016-05-24', 15.11, 15.85, 14.81, 15.58]
['2016-05-25', 15.65, 16.11, 15.51, 16.0]
['2016-05-26', 16.0, 16.8, 15.97, 16.44]
['2016-05-27', 16.45, 16.75, 15.72, 16.7]
['2016-05-31', 16.8, 17.21, 16.32, 16.83]
['2016-06-01', 16.93, 17.22, 16.68, 17.05]
['2016-06-02', 17.05, 17.44, 16.93, 17.27]
['2016-06-03', 17.3, 17.48, 16.26, 16.3]
['2016-06-06', 16.42, 17.38, 16.11, 17.34]
['2016-06-07', 17.19, 17.34, 16.37, 16.39]
['2016-06-08', 16.32, 16.43, 15.67, 15.87]
['2016-06-09', 15.74, 15.89, 15.01, 15.23]
['2016-06-10', 14.9, 15.1, 14.05, 14.11]
['2016-06-13', 14.0, 14.4, 13.55, 13.57]
['2016-06-14', 13.55, 13.9, 13.34, 13.83]
['2016-06-15', 13.88, 14.07, 13.5, 13.54]
['2016-06-16', 13.41, 13.88, 13.08, 13.77]
['2016-06-17', 13.71, 14.2, 13.37, 13.46]
['2016-06-20', 13.68, 14.26, 13.47, 13.81]
['2016-06-21', 13.84, 13.96, 12.78, 13.18]
['2016-06-22', 13.16, 13.83, 12.75, 13.28]
['2016-06-23', 13.43, 13.96, 13.27, 13.93]
['2016-06-24', 13.23, 13.86, 12.99, 13.01]
['2016-06-27', 12.9, 13.01, 11.57, 11.57]
['2016-06-28', 11.89, 12.49, 11.73, 12.36]
['2016-06-29', 14.27, 15.36, 13.89, 15.06]
['2016-06-30', 14.64, 14.88, 13.1, 13.72]
['2016-07-01', 13.65, 15.12, 13.47, 14.69]
['2016-07-05', 14.45, 14.65, 14.1, 14.24]
['2016-07-06', 14.13, 15.23, 14.09, 15.02]
['2016-07-07', 15.23, 15.35, 14.37, 14.7]
['2016-07-08', 14.67, 14.98, 14.29, 14.73]
['2016-07-11', 14.87, 15.12, 14.48, 14.7]
['2016-07-12', 15.02, 15.02, 14.48, 14.71]
['2016-07-13', 14.82, 14.93, 13.68, 13.71]
['2016-07-14', 13.99, 14.17, 13.52, 13.89]
['2016-07-15', 13.93, 14.48, 13.64, 14.39]
['2016-07-18', 14.39, 14.58, 14.07, 14.54]
['2016-07-19', 14.44, 14.52, 14.03, 14.12]
['2016-07-20', 14.24, 14.57, 13.97, 14.55]
['2016-07-21', 14.62, 15.12, 14.35, 14.54]
['2016-07-22', 14.65, 14.97, 14.12, 14.19]
['2016-07-25', 14.23, 14.37, 13.88, 13.91]
['2016-07-26', 13.82, 14.0, 13.43, 13.96]
['2016-07-27', 14.04, 14.54, 13.94, 14.49]
['2016-07-28', 14.54, 14.69, 13.92, 14.03]
['2016-07-29', 13.96, 14.5, 13.71, 14.28]
['2016-08-01', 14.4, 15.1, 14.36, 15.04]
['2016-08-02', 14.98, 15.05, 13.98, 14.67]
['2016-08-03', 14.62, 15.35, 14.62, 15.23]
['2016-08-04', 15.3, 15.74, 15.04, 15.44]
['2016-08-05', 15.9, 17.8, 15.6, 17.41]
['2016-08-08', 17.49, 17.75, 15.55, 15.69]
['2016-08-09', 15.85, 16.96, 15.21, 16.55]
['2016-08-10', 16.52, 16.65, 15.8, 15.9]
['2016-08-11', 15.99, 16.25, 15.41, 16.21]
['2016-08-12', 16.12, 16.93, 15.87, 16.87]
['2016-08-15', 16.94, 17.79, 16.72, 17.67]
['2016-08-16', 17.65, 17.73, 17.1, 17.46]
['2016-08-17', 17.52, 17.69, 16.58, 17.2]
['2016-08-18', 17.13, 17.49, 16.81, 17.25]
['2016-08-19', 17.22, 17.29, 16.74, 17.25]
['2016-08-22', 18.0, 18.45, 17.61, 18.1]
['2016-08-23', 18.3, 24.97, 16.61, 23.03]
['2016-08-24', 24.22, 24.9, 21.85, 22.36]
['2016-08-25', 22.64, 23.4, 21.25, 22.73]
['2016-08-26', 23.01, 24.45, 22.56, 23.15]
['2016-08-29', 23.27, 23.91, 22.85, 23.39]
['2016-08-30', 23.41, 24.57, 23.29, 24.22]
['2016-08-31', 24.68, 26.24, 24.26, 24.77]
['2016-09-01', 25.01, 25.3, 23.14, 23.59]
['2016-09-02', 23.19, 23.83, 22.73, 23.4]
['2016-09-06', 23.5, 24.24, 23.28, 23.71]
['2016-09-07', 23.75, 24.35, 23.65, 24.35]
['2016-09-08', 25.5, 29.75, 25.35, 28.01]
['2016-09-09', 27.29, 28.4, 26.37, 27.65]
['2016-09-12', 27.83, 28.91, 27.25, 28.05]
['2016-09-13', 27.83, 29.47, 27.58, 29.01]
['2016-09-14', 29.42, 30.95, 28.56, 29.1]
['2016-09-15', 29.29, 30.67, 29.0, 30.63]
['2016-09-16', 30.49, 32.63, 30.14, 32.45]
['2016-09-19', 32.6, 33.16, 30.57, 30.91]
['2016-09-20', 31.44, 35.75, 30.76, 34.83]
['2016-09-21', 37.28, 37.6, 33.62, 35.68]
['2016-09-22', 36.43, 38.69, 35.51, 38.36]
['2016-09-23', 39.4, 40.29, 36.84, 37.14]
['2016-09-26', 36.88, 37.49, 36.06, 36.82]
['2016-09-27', 36.8, 38.14, 36.5, 37.44]
['2016-09-28', 37.61, 37.94, 35.63, 36.34]
['2016-09-29', 36.12, 36.55, 34.21, 34.64]
['2016-09-30', 34.65, 36.15, 33.88, 36.05]
['2016-10-03', 36.2, 36.2, 34.5, 35.35]
['2016-10-04', 35.76, 36.97, 34.72, 34.76]
['2016-10-05', 34.61, 38.46, 34.02, 37.28]
['2016-10-06', 37.07, 37.48, 35.02, 35.77]
['2016-10-07', 27.56, 31.49, 25.5, 29.41]
['2016-10-10', 28.01, 32.98, 27.84, 32.44]
['2016-10-11', 32.08, 33.19, 31.62, 32.58]
['2016-10-12', 32.53, 33.93, 32.05, 32.68]
['2016-10-13', 31.97, 33.39, 31.61, 33.12]
['2016-10-14', 33.2, 33.49, 31.74, 31.81]
['2016-10-17', 31.32, 32.27, 30.73, 31.85]
['2016-10-18', 32.25, 33.37, 31.86, 32.93]
['2016-10-19', 32.92, 33.28, 32.5, 32.6]
['2016-10-20', 32.3, 34.93, 32.12, 34.47]
['2016-10-21', 34.18, 34.58, 33.63, 34.24]
['2016-10-24', 34.01, 34.21, 31.88, 32.31]
['2016-10-25', 30.0, 31.99, 29.89, 30.4]
['2016-10-26', 31.0, 32.16, 30.43, 30.62]
['2016-10-27', 30.78, 32.07, 30.56, 30.87]
['2016-10-28', 30.68, 31.16, 29.06, 30.58]
['2016-10-31', 30.41, 30.41, 28.63, 29.08]
['2016-11-01', 29.2, 29.32, 27.31, 28.53]
['2016-11-02', 28.51, 28.51, 27.55, 27.96]
['2016-11-03', 27.99, 28.53, 25.81, 25.9]
['2016-11-04', 26.26, 27.3, 25.81, 27.1]
['2016-11-07', 27.75, 27.83, 26.96, 27.38]
['2016-11-08', 27.09, 27.79, 26.58, 27.36]
['2016-11-09', 28.75, 33.31, 28.17, 32.2]
['2016-11-10', 33.0, 33.5, 31.23, 32.5]
['2016-11-11', 32.34, 34.07, 31.64, 33.98]
['2016-11-14', 34.07, 35.85, 34.02, 35.5]
['2016-11-15', 34.9, 36.0, 34.3, 35.66]
['2016-11-16', 35.26, 36.09, 34.73, 34.9]
['2016-11-17', 35.06, 36.83, 34.21, 36.3]
['2016-11-18', 36.36, 36.73, 35.23, 35.73]
['2016-11-21', 35.73, 37.15, 35.41, 36.31]
['2016-11-22', 36.3, 36.65, 34.47, 34.78]
['2016-11-23', 33.97, 36.87, 33.23, 36.79]
['2016-11-25', 36.94, 37.47, 36.08, 37.38]
['2016-11-28', 37.15, 37.19, 34.04, 34.39]
['2016-11-29', 34.54, 36.45, 34.16, 35.62]
['2016-11-30', 35.74, 36.69, 34.11, 34.27]
['2016-12-01', 34.32, 36.53, 34.27, 35.56]
['2016-12-02', 35.51, 36.88, 35.35, 36.03]
['2016-12-05', 36.5, 37.35, 35.79, 37.24]
['2016-12-06', 36.93, 40.3, 36.51, 39.48]
['2016-12-07', 38.77, 39.4, 35.65, 38.41]
['2016-12-08', 38.82, 38.82, 36.58, 37.34]
['2016-12-09', 37.5, 37.75, 36.03, 36.46]
['2016-12-12', 36.03, 37.5, 35.81, 37.31]
['2016-12-13', 37.63, 38.1, 36.35, 36.48]
['2016-12-14', 36.03, 37.08, 35.38, 36.08]
['2016-12-15', 36.1, 37.36, 35.82, 36.72]
['2016-12-16', 36.71, 37.55, 36.56, 37.2]
['2016-12-19', 36.95, 46.97, 36.4, 40.48]
['2016-12-20', 40.42, 43.0, 39.9, 42.52]
['2016-12-21', 42.4, 46.58, 42.07, 46.2]
['2016-12-22', 46.68, 46.85, 44.04, 45.03]
['2016-12-23', 45.34, 45.79, 44.54, 45.35]
['2016-12-27', 45.65, 45.68, 44.26, 45.05]
['2016-12-28', 45.09, 45.49, 43.64, 44.37]
['2016-12-29', 44.28, 44.57, 43.38, 43.92]
['2016-12-30', 43.89, 44.96, 43.65, 44.42]
['2017-01-03', 43.7, 43.7, 39.83, 42.95]
['2017-01-04', 42.3, 44.93, 41.31, 44.67]
['2017-01-05', 44.61, 46.78, 43.52, 46.33]
['2017-01-06', 46.35, 46.75, 45.89, 46.03]
['2017-01-09', 47.0, 51.2, 47.0, 50.86]
['2017-01-10', 51.02, 51.72, 47.81, 50.38]
['2017-01-11', 50.48, 52.29, 47.9, 49.33]
['2017-01-12', 48.88, 54.38, 48.25, 53.49]
['2017-01-13', 54.15, 57.93, 53.5, 55.46]
['2017-01-17', 54.0, 56.55, 52.95, 56.26]
['2017-01-18', 56.3, 57.48, 55.55, 56.62]
['2017-01-19', 56.76, 59.74, 56.33, 57.11]
['2017-01-20', 56.97, 58.43, 55.43, 58.29]
['2017-01-23', 60.0, 61.0, 57.97, 58.83]
['2017-01-24', 58.91, 59.99, 58.32, 59.49]
['2017-01-25', 59.88, 60.64, 58.15, 58.42]
['2017-01-26', 60.2, 62.99, 56.9, 61.69]
['2017-01-27', 63.25, 64.65, 61.6, 62.5]
['2017-01-30', 62.24, 63.13, 60.0, 61.83]
['2017-01-31', 61.61, 64.9, 60.36, 64.8]
['2017-02-01', 65.0, 67.16, 63.35, 65.18]
['2017-02-02', 65.55, 66.38, 64.75, 65.36]
['2017-02-03', 62.64, 64.48, 61.5, 64.29]
['2017-02-06', 64.16, 65.44, 60.75, 61.04]
['2017-02-07', 61.0, 61.53, 58.61, 60.0]
['2017-02-08', 59.64, 65.12, 58.72, 63.41]
['2017-02-09', 63.41, 66.53, 62.52, 65.13]
['2017-02-10', 64.89, 64.99, 63.13, 63.13]
['2017-02-13', 63.51, 63.79, 61.77, 62.09]
['2017-02-14', 61.85, 62.79, 61.4, 62.6]
['2017-02-15', 62.27, 63.4, 62.17, 62.39]
['2017-02-16', 62.19, 63.49, 60.81, 61.37]
['2017-02-17', 61.86, 66.06, 61.5, 65.8]
['2017-02-21', 65.38, 65.59, 62.9, 62.99]
['2017-02-22', 63.07, 63.67, 61.04, 61.19]
['2017-02-23', 62.41, 63.83, 56.81, 57.71]
['2017-02-24', 57.51, 59.33, 56.56, 57.9]
['2017-02-27', 57.69, 61.24, 57.51, 60.92]
['2017-02-28', 60.4, 60.5, 57.5, 57.81]
['2017-03-01', 58.5, 59.85, 58.32, 59.27]
['2017-03-02', 58.95, 61.04, 58.86, 59.89]
['2017-03-03', 60.0, 62.29, 60.0, 62.17]
['2017-03-06', 61.67, 61.7, 60.13, 61.2]
['2017-03-07', 60.43, 61.24, 59.65, 60.06]
['2017-03-08', 59.27, 61.43, 58.76, 59.08]
['2017-03-09', 59.2, 62.05, 58.26, 60.32]
['2017-03-10', 60.6, 62.49, 60.07, 62.4]
['2017-03-13', 62.8, 63.01, 60.35, 60.6]
['2017-03-14', 60.1, 68.58, 59.13, 66.95]
['2017-03-15', 66.95, 73.81, 66.79, 71.93]
['2017-03-16', 71.5, 74.94, 70.39, 71.27]
['2017-03-17', 70.62, 73.34, 70.02, 71.32]
['2017-03-20', 71.45, 71.87, 68.92, 70.05]
['2017-03-21', 70.14, 71.1, 64.46, 64.6]
['2017-03-22', 64.88, 69.21, 64.34, 67.18]
['2017-03-23', 67.16, 70.8, 66.2, 68.53]
['2017-03-24', 68.58, 70.98, 68.54, 70.32]
['2017-03-27', 69.3, 71.44, 67.34, 68.31]
['2017-03-28', 68.42, 71.97, 66.72, 67.06]
['2017-03-29', 67.39, 67.83, 64.25, 64.39]
['2017-03-30', 64.51, 64.68, 61.41, 62.8]
['2017-03-31', 62.53, 64.03, 61.58, 63.67]
['2017-04-03', 63.65, 64.31, 60.8, 60.94]
['2017-04-04', 60.78, 62.09, 60.24, 61.15]
['2017-04-05', 61.46, 62.66, 59.52, 59.65]
['2017-04-06', 60.12, 60.32, 55.52, 56.83]
['2017-04-07', 56.97, 57.21, 53.19, 55.46]
['2017-04-10', 55.45, 57.68, 54.83, 55.2]
['2017-04-11', 55.12, 55.94, 53.4, 54.48]
['2017-04-12', 54.17, 55.22, 53.59, 53.74]
['2017-04-13', 53.61, 57.63, 53.1, 56.17]
['2017-04-17', 55.55, 57.58, 54.63, 57.38]
['2017-04-18', 57.68, 57.68, 55.72, 56.13]
['2017-04-19', 56.92, 56.95, 54.05, 54.44]
['2017-04-20', 54.89, 56.46, 54.59, 55.1]
['2017-04-21', 55.01, 55.89, 54.15, 54.39]
['2017-04-24', 55.11, 56.94, 54.46, 56.92]
['2017-04-25', 57.31, 59.46, 57.31, 57.86]
['2017-04-26', 57.95, 59.0, 56.6, 58.64]
['2017-04-27', 58.75, 59.7, 57.73, 58.21]
['2017-04-28', 58.33, 59.24, 56.76, 57.89]
['2017-05-01', 58.29, 58.95, 57.3, 57.85]
['2017-05-02', 58.4, 59.07, 54.67, 55.32]
['2017-05-03', 55.19, 55.47, 52.86, 53.3]
['2017-05-04', 55.76, 57.46, 48.9, 51.36]
['2017-05-05', 51.51, 51.95, 49.05, 50.37]
['2017-05-08', 50.25, 50.43, 46.96, 47.69]
['2017-05-09', 47.62, 49.33, 46.88, 47.99]
['2017-05-10', 48.08, 48.46, 47.04, 47.22]
['2017-05-11', 46.88, 46.95, 45.42, 45.93]
['2017-05-12', 45.84, 48.72, 45.5, 47.6]
['2017-05-15', 47.33, 48.9, 47.33, 48.51]
['2017-05-16', 48.63, 49.67, 48.11, 49.56]
['2017-05-17', 51.29, 51.93, 48.97, 50.5]
['2017-05-18', 50.6, 54.97, 50.42, 54.63]
['2017-05-19', 55.31, 55.92, 52.2, 52.24]
['2017-05-22', 52.56, 54.71, 52.5, 54.44]
['2017-05-23', 54.3, 55.65, 53.22, 54.98]
['2017-05-24', 54.97, 55.62, 53.54, 55.48]
['2017-05-25', 55.9, 55.9, 54.82, 55.04]
['2017-05-26', 54.91, 55.04, 51.73, 52.17]
['2017-05-30', 52.15, 53.33, 51.83, 52.25]
['2017-05-31', 52.18, 52.89, 49.88, 51.66]
['2017-06-01', 52.4, 56.64, 52.09, 55.21]
['2017-06-02', 55.62, 58.33, 54.16, 57.59]
['2017-06-05', 57.36, 58.4, 55.98, 56.65]
['2017-06-06', 56.58, 57.78, 55.36, 57.25]
['2017-06-07', 57.59, 59.37, 57.5, 59.32]
['2017-06-08', 59.52, 60.84, 57.44, 59.56]
['2017-06-09', 60.0, 60.56, 58.23, 60.43]
['2017-06-12', 60.25, 61.4, 58.88, 60.09]
['2017-06-13', 61.72, 63.04, 60.14, 62.99]
['2017-06-14', 62.91, 64.03, 61.62, 63.31]
['2017-06-15', 62.22, 62.85, 58.85, 59.7]
['2017-06-16', 59.74, 60.74, 58.19, 59.97]
['2017-06-19', 87.8, 91.0, 84.08, 87.88]
['2017-06-20', 88.31, 92.5, 87.35, 88.68]
['2017-06-21', 89.03, 94.97, 86.7, 94.29]
['2017-06-22', 94.8, 96.92, 92.96, 96.78]
['2017-06-23', 96.5, 96.7, 92.33, 95.0]
['2017-06-26', 95.01, 95.33, 90.63, 94.46]
['2017-06-27', 94.3, 94.3, 89.79, 89.96]
['2017-06-28', 90.5, 93.66, 88.81, 93.56]
['2017-06-29', 93.3, 94.12, 91.5, 92.0]
['2017-06-30', 92.08, 93.95, 91.03, 93.63]
['2017-07-03', 93.95, 94.38, 91.76, 93.18]
['2017-07-05', 92.98, 93.74, 91.47, 93.56]
['2017-07-06', 93.1, 93.53, 92.12, 92.78]
['2017-07-07', 93.9, 96.17, 93.27, 95.65]
['2017-07-10', 96.0, 96.6, 94.05, 94.98]
['2017-07-11', 94.58, 95.79, 92.22, 94.09]
['2017-07-12', 94.76, 96.85, 93.48, 95.34]
['2017-07-13', 95.78, 95.93, 88.65, 92.49]
['2017-07-14', 92.12, 94.48, 91.46, 91.55]
['2017-07-17', 91.55, 91.88, 88.1, 88.87]
['2017-07-18', 88.62, 89.26, 84.81, 84.99]
['2017-07-19', 85.94, 86.75, 83.28, 83.85]
['2017-07-20', 84.1, 87.4, 83.46, 85.27]
['2017-07-21', 85.26, 89.05, 85.03, 86.64]
['2017-07-24', 86.98, 87.23, 84.33, 87.04]
['2017-07-25', 87.42, 87.5, 84.31, 85.97]
['2017-07-26', 86.24, 88.0, 85.44, 87.43]
['2017-07-27', 87.05, 93.81, 87.05, 92.25]
['2017-07-28', 91.46, 99.45, 90.54, 98.02]
['2017-07-31', 90.9, 92.75, 84.0, 84.81]
['2017-08-01', 85.55, 86.65, 79.81, 81.86]
['2017-08-02', 82.31, 82.95, 79.11, 81.61]
['2017-08-03', 80.27, 83.5, 75.87, 77.43]
['2017-08-04', 78.17, 80.35, 76.95, 78.5]
['2017-08-07', 78.68, 79.98, 76.07, 77.29]
['2017-08-08', 77.32, 78.33, 74.6, 75.6]
['2017-08-09', 74.87, 74.87, 70.65, 70.98]
['2017-08-10', 70.34, 71.68, 68.4, 69.59]
['2017-08-11', 70.02, 72.61, 68.28, 70.99]
['2017-08-14', 71.84, 72.64, 68.89, 69.54]
['2017-08-15', 70.05, 72.38, 67.82, 71.88]
['2017-08-16', 71.88, 72.19, 70.66, 71.77]
['2017-08-17', 70.82, 73.52, 66.97, 69.87]
['2017-08-18', 69.55, 74.74, 68.5, 71.96]
['2017-08-21', 71.93, 72.57, 70.5, 71.2]
['2017-08-22', 71.52, 72.3, 70.41, 72.1]
['2017-08-23', 71.93, 72.72, 71.01, 71.61]
['2017-08-24', 72.15, 74.68, 71.16, 74.36]
['2017-08-25', 74.51, 75.28, 72.34, 73.16]
['2017-08-28', 74.09, 75.68, 72.64, 73.71]
['2017-08-29', 72.59, 72.82, 70.58, 70.64]
['2017-08-30', 70.6, 74.59, 70.15, 73.87]
['2017-08-31', 74.62, 76.65, 73.2, 76.07]
['2017-09-01', 76.72, 79.1, 76.16, 78.26]
['2017-09-05', 77.87, 78.42, 75.23, 76.65]
['2017-09-06', 77.22, 78.3, 74.26, 75.04]
['2017-09-07', 75.14, 75.75, 71.23, 72.32]
['2017-09-08', 74.3, 74.93, 67.04, 67.17]
['2017-09-11', 68.4, 69.12, 64.61, 68.76]
['2017-09-12', 68.51, 70.81, 67.27, 70.61]
['2017-09-13', 71.67, 72.76, 70.0, 70.78]
['2017-09-14', 70.71, 71.3, 69.55, 70.03]
['2017-09-15', 69.87, 70.39, 68.76, 69.46]
['2017-09-18', 69.67, 76.99, 69.2, 76.74]
['2017-09-19', 78.53, 78.56, 73.0, 76.01]
['2017-09-20', 75.67, 76.6, 73.75, 75.04]
['2017-09-21', 75.08, 76.99, 73.98, 76.95]
['2017-09-22', 76.19, 78.9, 75.01, 78.56]
['2017-09-25', 78.12, 78.4, 75.52, 75.96]
['2017-09-26', 76.05, 77.21, 71.99, 72.34]
['2017-09-27', 72.7, 77.45, 72.67, 76.86]
['2017-09-28', 76.76, 80.78, 74.95, 80.11]
['2017-09-29', 80.41, 83.93, 80.14, 82.4]
['2017-10-02', 82.18, 82.94, 78.37, 80.36]
['2017-10-03', 80.33, 83.46, 79.87, 82.67]
['2017-10-04', 82.59, 84.0, 81.0, 81.98]
['2017-10-05', 81.96, 83.3, 80.3, 83.23]
['2017-10-06', 82.85, 85.56, 82.22, 84.39]
['2017-10-09', 84.23, 84.79, 82.22, 83.5]
['2017-10-10', 84.14, 84.51, 81.57, 82.82]
['2017-10-11', 83.17, 85.27, 82.47, 82.78]
['2017-10-12', 82.79, 84.35, 81.75, 84.21]
['2017-10-13', 84.2, 86.26, 83.2, 84.27]
['2017-10-16', 84.52, 85.93, 83.37, 84.58]
['2017-10-17', 84.14, 85.2, 80.66, 81.32]
['2017-10-18', 81.5, 81.88, 77.85, 78.72]
['2017-10-19', 77.0, 78.2, 75.82, 76.77]
['2017-10-20', 77.9, 79.37, 77.26, 77.5]
['2017-10-23', 78.44, 79.6, 75.33, 75.57]
['2017-10-24', 76.18, 76.44, 74.27, 75.68]
['2017-10-25', 75.46, 77.06, 74.01, 76.63]
['2017-10-26', 76.1, 76.45, 73.23, 74.35]
['2017-10-27', 74.59, 77.29, 74.4, 76.99]
['2017-10-30', 76.55, 78.43, 75.38, 76.17]
['2017-10-31', 76.33, 77.44, 74.95, 75.37]
['2017-11-01', 76.06, 76.18, 71.81, 72.86]
['2017-11-02', 69.5, 71.88, 66.6, 71.64]
['2017-11-03', 71.65, 74.0, 71.65, 73.59]
['2017-11-06', 73.26, 74.6, 72.29, 72.38]
['2017-11-07', 72.64, 72.9, 71.08, 71.71]
['2017-11-08', 71.39, 71.57, 64.5, 68.77]
['2017-11-09', 67.87, 68.5, 66.46, 67.21]
['2017-11-10', 67.19, 67.63, 65.51, 66.95]
['2017-11-13', 66.4, 67.16, 65.23, 65.99]
['2017-11-14', 65.6, 66.35, 62.68, 65.49]
['2017-11-15', 63.62, 65.75, 63.17, 64.56]
['2017-11-16', 66.88, 67.16, 64.48, 66.88]
['2017-11-17', 66.78, 67.09, 63.15, 63.21]
['2017-11-20', 63.25, 65.33, 63.25, 63.88]
['2017-11-21', 64.0, 64.06, 60.8, 61.17]
['2017-11-22', 61.5, 62.16, 59.85, 61.52]
['2017-11-24', 61.6, 62.0, 60.63, 60.94]
['2017-11-27', 61.16, 61.45, 58.62, 59.49]
['2017-11-28', 59.6, 59.7, 57.6, 58.97]
['2017-11-29', 58.83, 60.7, 58.06, 60.26]
['2017-11-30', 60.3, 63.21, 59.99, 62.87]
['2017-12-01', 62.5, 62.76, 58.75, 61.33]
['2017-12-04', 61.88, 62.57, 59.22, 59.31]
['2017-12-05', 59.31, 60.0, 57.47, 57.69]
['2017-12-06', 58.0, 59.9, 57.33, 58.97]
['2017-12-07', 59.1, 60.05, 58.16, 59.49]
['2017-12-08', 59.61, 62.97, 58.51, 62.15]
['2017-12-11', 62.5, 65.35, 61.83, 62.9]
['2017-12-12', 62.9, 64.2, 62.08, 62.53]
['2017-12-13', 62.6, 64.41, 62.5, 63.77]
['2017-12-14', 64.07, 64.94, 63.25, 64.14]
['2017-12-15', 64.08, 65.4, 63.0, 64.13]
['2017-12-18', 64.66, 65.4, 63.15, 64.48]
['2017-12-19', 64.68, 65.05, 63.34, 63.8]
['2017-12-20', 63.5, 64.02, 61.12, 61.58]
['2017-12-21', 61.99, 64.45, 60.8, 64.27]
['2017-12-22', 65.25, 68.29, 64.3, 65.9]
['2017-12-26', 66.15, 66.96, 63.55, 64.97]
['2017-12-27', 64.89, 68.36, 64.12, 67.17]
['2017-12-28', 67.3, 68.14, 65.86, 67.92]
['2017-12-29', 68.19, 69.02, 67.43, 68.0]
['2018-01-02', 68.6, 68.74, 65.09, 66.05]
['2018-01-03', 65.62, 68.22, 64.82, 66.64]
['2018-01-04', 66.7, 68.92, 65.83, 67.72]
['2018-01-05', 68.8, 68.8, 65.9, 66.49]
['2018-01-08', 66.02, 66.06, 61.97, 62.98]
['2018-01-09', 63.23, 63.73, 61.48, 62.01]
['2018-01-10', 61.74, 63.06, 60.19, 62.78]
['2018-01-11', 62.99, 63.49, 59.66, 59.93]
['2018-01-12', 60.0, 60.48, 57.7, 59.01]
['2018-01-16', 59.16, 60.04, 54.25, 55.41]
['2018-01-17', 56.2, 56.73, 54.0, 54.93]
['2018-01-18', 54.7, 56.4, 53.91, 55.87]
['2018-01-19', 56.0, 56.87, 55.72, 56.76]
['2018-01-22', 58.0, 61.39, 57.34, 60.67]
['2018-01-23', 61.0, 65.97, 60.72, 64.1]
['2018-01-24', 63.83, 64.43, 59.02, 61.25]
['2018-01-25', 61.4, 62.18, 60.03, 61.4]
['2018-01-26', 61.5, 63.6, 61.09, 61.75]
['2018-01-29', 61.75, 63.25, 61.5, 62.39]
['2018-01-30', 61.23, 61.99, 59.88, 60.97]
['2018-01-31', 61.59, 61.86, 60.29, 60.5]
['2018-02-01', 60.7, 60.83, 58.51, 59.25]
['2018-02-02', 58.97, 59.88, 56.38, 56.82]
['2018-02-05', 56.96, 58.3, 53.2, 53.96]
['2018-02-06', 52.74, 54.2, 51.63, 53.33]
['2018-02-07', 53.06, 54.01, 52.4, 52.82]
['2018-02-08', 52.86, 52.96, 50.09, 50.12]
['2018-02-09', 50.62, 51.64, 46.78, 50.92]
['2018-02-12', 51.31, 54.52, 51.0, 53.06]
['2018-02-13', 52.62, 54.96, 51.71, 54.76]
['2018-02-14', 54.33, 56.35, 53.89, 54.09]
['2018-02-15', 54.09, 55.28, 53.62, 54.58]
['2018-02-16', 54.41, 56.36, 54.09, 54.15]
['2018-02-20', 54.0, 56.38, 53.44, 53.71]
['2018-02-21', 54.24, 56.41, 54.02, 54.93]
['2018-02-22', 58.88, 60.03, 58.04, 59.88]
['2018-02-23', 59.97, 60.25, 56.34, 56.84]
['2018-02-26', 57.08, 57.8, 54.56, 55.51]
['2018-02-27', 54.4, 61.83, 54.2, 59.15]
['2018-02-28', 59.02, 60.31, 57.11, 58.07]
['2018-03-01', 58.16, 59.25, 57.21, 58.43]
['2018-03-02', 57.83, 60.62, 57.16, 59.96]
['2018-03-05', 60.13, 60.35, 58.94, 59.58]
['2018-03-06', 60.0, 60.19, 57.78, 58.72]
['2018-03-07', 58.28, 59.82, 57.12, 59.67]
['2018-03-08', 61.47, 62.69, 59.68, 61.66]
['2018-03-09', 61.8, 62.92, 61.19, 62.12]
['2018-03-12', 62.53, 63.25, 61.87, 62.34]
['2018-03-13', 62.44, 62.81, 60.27, 62.0]
['2018-03-14', 62.21, 62.21, 59.42, 59.6]
['2018-03-15', 60.0, 60.03, 57.91, 59.03]
['2018-03-16', 59.13, 59.36, 57.83, 58.72]
['2018-03-19', 58.21, 58.9, 55.76, 56.75]
['2018-03-20', 56.69, 57.79, 55.89, 56.71]
['2018-03-21', 56.65, 58.65, 56.22, 57.94]
['2018-03-22', 57.7, 59.8, 56.99, 57.31]
['2018-03-23', 58.24, 59.24, 56.21, 57.27]
['2018-03-26', 58.24, 58.84, 55.47, 56.4]
['2018-03-27', 56.81, 57.65, 53.32, 53.67]
['2018-03-28', 53.84, 54.77, 52.27, 52.88]
['2018-03-29', 52.94, 53.64, 52.08, 52.8]
['2018-04-02', 52.26, 52.4, 49.12, 50.24]
['2018-04-03', 50.8, 51.28, 48.7, 50.2]
['2018-04-04', 49.66, 53.13, 49.0, 52.93]
['2018-04-05', 53.41, 53.77, 51.58, 52.45]
['2018-04-06', 52.34, 56.25, 51.45, 55.52]
['2018-04-09', 57.0, 60.72, 56.55, 58.79]
['2018-04-10', 56.84, 61.47, 55.52, 61.08]
['2018-04-11', 60.42, 65.24, 60.42, 62.4]
['2018-04-12', 62.52, 63.4, 61.15, 61.44]
['2018-04-13', 62.01, 62.01, 59.77, 60.64]
['2018-04-16', 57.52, 59.32, 54.25, 54.41]
['2018-04-17', 54.7, 55.15, 52.98, 53.27]
['2018-04-18', 53.08, 54.62, 52.75, 54.12]
['2018-04-19', 53.82, 54.2, 51.0, 51.32]
['2018-04-20', 51.25, 51.81, 49.91, 50.17]
['2018-04-23', 50.17, 50.85, 47.51, 48.36]
['2018-04-24', 48.54, 50.19, 46.14, 46.26]
['2018-04-25', 46.36, 47.4, 44.83, 45.1]
['2018-04-26', 45.47, 46.35, 44.84, 45.3]
['2018-04-27', 45.52, 45.98, 44.38, 45.61]
['2018-04-30', 45.72, 46.17, 43.34, 43.38]
['2018-05-01', 43.27, 45.35, 42.2, 45.14]
['2018-05-02', 44.51, 45.71, 44.29, 45.05]
['2018-05-03', 45.1, 45.31, 43.2, 43.31]
['2018-05-04', 43.2, 43.94, 41.72, 42.81]
['2018-05-07', 42.82, 43.9, 42.63, 43.13]
['2018-05-08', 43.04, 43.83, 41.96, 42.61]
['2018-05-09', 42.65, 47.26, 41.89, 46.39]
['2018-05-10', 46.35, 48.43, 46.17, 47.93]
['2018-05-11', 48.26, 51.5, 48.1, 51.19]
['2018-05-14', 51.1, 52.05, 49.49, 50.02]
['2018-05-15', 49.77, 50.84, 49.32, 50.72]
['2018-05-16', 50.96, 52.0, 50.76, 51.83]
['2018-05-17', 52.0, 53.9, 51.25, 52.01]
['2018-05-18', 51.83, 52.15, 49.96, 50.09]
['2018-05-21', 50.56, 50.61, 49.35, 49.74]
['2018-05-22', 49.82, 51.76, 48.72, 49.93]
['2018-05-23', 49.85, 50.73, 48.04, 48.27]
['2018-05-24', 48.27, 48.3, 47.38, 47.52]
['2018-05-25', 47.6, 48.97, 47.36, 48.63]
['2018-05-29', 48.78, 49.4, 47.53, 48.71]
['2018-05-30', 48.53, 49.33, 46.71, 47.48]
['2018-05-31', 47.39, 48.18, 46.47, 46.96]
['2018-06-01', 47.25, 48.1, 46.58, 47.7]
['2018-06-04', 48.0, 48.43, 46.14, 46.78]
['2018-06-05', 46.58, 48.38, 46.22, 47.51]
['2018-06-06', 47.82, 48.2, 46.65, 47.36]
['2018-06-07', 47.5, 47.79, 44.77, 45.56]
['2018-06-08', 45.25, 45.96, 43.31, 43.74]
['2018-06-11', 43.41, 43.83, 41.31, 42.77]
['2018-06-12', 43.01, 43.56, 41.93, 42.06]
['2018-06-13', 42.08, 45.06, 41.4, 45.03]
['2018-06-14', 45.18, 45.93, 44.72, 45.03]
['2018-06-15', 44.98, 46.1, 44.54, 45.56]
['2018-06-18', 45.17, 46.24, 44.36, 45.23]
['2018-06-19', 45.05, 46.32, 44.88, 45.75]
['2018-06-20', 46.1, 49.46, 46.0, 48.47]
['2018-06-21', 48.47, 48.92, 46.9, 47.33]
['2018-06-22', 47.34, 48.7, 46.57, 48.65]
['2018-06-25', 48.18, 48.47, 45.27, 45.56]
['2018-06-26', 45.39, 45.61, 44.1, 44.84]
['2018-06-27', 45.69, 47.25, 44.72, 44.81]
['2018-06-28', 44.93, 45.6, 44.0, 44.99]
['2018-06-29', 45.18, 45.74, 44.11, 45.47]
['2018-07-02', 45.22, 45.87, 44.29, 45.14]
['2018-07-03', 45.43, 47.69, 45.09, 47.4]
['2018-07-05', 48.1, 48.35, 44.69, 45.55]
['2018-07-06', 45.78, 48.73, 45.56, 48.47]
['2018-07-09', 48.64, 50.0, 47.86, 48.91]
['2018-07-10', 48.78, 49.79, 48.61, 49.48]
['2018-07-11', 49.36, 49.9, 48.61, 49.08]
['2018-07-12', 49.65, 49.81, 47.3, 47.81]
['2018-07-13', 47.13, 49.0, 47.13, 48.53]
['2018-07-16', 48.4, 48.4, 45.4, 45.94]
['2018-07-17', 45.64, 47.29, 45.51, 46.62]
['2018-07-18', 46.49, 46.52, 45.8, 46.43]
['2018-07-19', 46.2, 47.62, 45.85, 47.04]
['2018-07-20', 47.04, 48.32, 46.65, 47.87]
['2018-07-23', 47.85, 48.21, 46.84, 47.0]
['2018-07-24', 47.48, 47.68, 45.0, 45.06]
['2018-07-25', 44.92, 45.48, 43.9, 44.32]
['2018-07-26', 44.36, 45.86, 44.02, 45.65]
['2018-07-27', 45.76, 46.04, 44.88, 45.21]
['2018-07-30', 45.02, 45.64, 42.91, 43.58]
['2018-07-31', 43.83, 44.75, 43.77, 44.14]
['2018-08-01', 43.95, 46.39, 43.38, 46.01]
['2018-08-02', 44.48, 46.8, 40.8, 41.11]
['2018-08-03', 41.21, 41.75, 37.05, 37.68]
['2018-08-06', 37.48, 38.17, 35.32, 36.19]
['2018-08-07', 36.37, 37.97, 35.04, 36.88]
['2018-08-08', 37.3, 37.38, 34.07, 35.05]
['2018-08-09', 34.76, 35.6, 34.07, 34.68]
['2018-08-10', 34.63, 35.05, 33.85, 34.77]
['2018-08-13', 34.77, 35.13, 33.93, 34.67]
['2018-08-14', 34.94, 35.47, 34.08, 34.55]
['2018-08-15', 34.46, 35.54, 34.32, 34.88]
['2018-08-16', 34.94, 35.77, 34.6, 35.37]
['2018-08-17', 35.21, 35.6, 34.43, 35.25]
['2018-08-20', 35.16, 35.35, 34.46, 34.75]
['2018-08-21', 34.88, 36.84, 34.87, 36.28]
['2018-08-22', 36.35, 37.27, 36.25, 37.03]
['2018-08-23', 37.11, 37.21, 35.42, 35.95]
['2018-08-24', 35.91, 36.47, 35.13, 35.15]
['2018-08-27', 35.24, 36.33, 35.24, 36.0]
['2018-08-28', 36.11, 36.6, 35.47, 36.22]
['2018-08-29', 36.35, 36.88, 36.04, 36.55]
['2018-08-30', 36.47, 37.05, 35.76, 35.81]
['2018-08-31', 35.63, 35.89, 35.27, 35.75]
['2018-09-04', 35.65, 36.09, 34.85, 35.08]
['2018-09-05', 35.2, 36.98, 35.12, 35.69]
['2018-09-06', 35.6, 35.7, 34.54, 35.24]
['2018-09-07', 35.13, 35.67, 34.7, 35.19]
['2018-09-10', 35.2, 35.56, 34.94, 35.31]
['2018-09-11', 35.5, 35.84, 33.82, 33.91]
['2018-09-12', 33.91, 34.2, 32.25, 32.81]
['2018-09-13', 32.79, 32.91, 31.19, 32.3]
['2018-09-14', 32.21, 32.49, 31.38, 31.77]
['2018-09-17', 31.73, 32.8, 31.73, 32.23]
['2018-09-18', 32.68, 33.42, 31.97, 32.19]
['2018-09-19', 32.18, 33.08, 31.74, 32.21]
['2018-09-20', 32.34, 32.82, 31.82, 32.48]
['2018-09-21', 32.32, 32.58, 31.45, 32.38]
['2018-09-24', 32.4, 33.0, 32.2, 32.64]
['2018-09-25', 32.51, 32.9, 29.74, 31.43]
['2018-09-26', 31.46, 32.19, 31.1, 31.34]
['2018-09-27', 31.41, 31.99, 29.52, 29.69]
['2018-09-28', 29.54, 29.86, 28.7, 29.37]
['2018-10-01', 29.5, 30.15, 29.13, 29.14]
['2018-10-02', 31.73, 34.63, 30.94, 31.39]
['2018-10-03', 32.13, 33.91, 31.35, 32.67]
['2018-10-04', 32.36, 32.7, 31.44, 31.81]
['2018-10-05', 31.71, 32.06, 30.21, 30.69]
['2018-10-08', 30.76, 31.22, 29.4, 30.3]
['2018-10-09', 30.31, 30.67, 28.62, 29.08]
['2018-10-10', 29.06, 29.35, 28.25, 28.39]
['2018-10-11', 28.36, 28.74, 27.17, 27.92]
['2018-10-12', 28.32, 28.36, 26.4, 26.73]
['2018-10-15', 26.88, 28.31, 26.21, 27.84]
['2018-10-16', 28.18, 30.72, 28.18, 30.53]
['2018-10-17', 30.49, 32.01, 29.5, 31.45]
['2018-10-18', 31.54, 31.54, 29.19, 29.96]
['2018-10-19', 30.9, 30.9, 26.13, 26.36]
['2018-10-22', 25.21, 25.5, 20.57, 21.12]
['2018-10-23', 20.7, 21.0, 19.7, 20.11]
['2018-10-24', 20.11, 20.52, 17.92, 18.01]
['2018-10-25', 18.04, 19.22, 17.64, 18.78]
['2018-10-26', 18.59, 18.78, 17.66, 17.98]
['2018-10-29', 18.13, 18.33, 16.33, 16.7]
['2018-10-30', 16.52, 16.84, 15.6, 16.61]
['2018-10-31', 14.0, 14.1, 11.5, 11.63]
['2018-11-01', 11.76, 14.35, 11.75, 13.73]
['2018-11-02', 13.8, 14.76, 13.32, 14.51]
['2018-11-05', 14.41, 14.57, 13.35, 14.3]
['2018-11-06', 14.41, 16.46, 14.31, 15.35]
['2018-11-07', 15.3, 16.2, 15.3, 16.09]
['2018-11-08', 16.29, 16.29, 15.46, 15.69]
['2018-11-09', 15.5, 16.67, 15.1, 15.65]
['2018-11-12', 15.5, 15.5, 13.88, 14.48]
['2018-11-13', 14.49, 15.44, 14.49, 15.26]
['2018-11-14', 15.35, 15.76, 14.35, 15.08]
['2018-11-15', 14.92, 15.58, 14.59, 15.44]
['2018-11-16', 15.31, 17.4, 15.22, 16.75]
['2018-11-19', 16.55, 16.91, 15.65, 16.49]
['2018-11-20', 16.4, 18.09, 15.59, 17.37]
['2018-11-21', 17.4, 17.64, 16.86, 17.49]
['2018-11-23', 17.35, 17.71, 16.35, 16.62]
['2018-11-26', 16.83, 17.35, 16.46, 17.06]
['2018-11-27', 16.88, 17.42, 16.2, 16.61]
['2018-11-28', 16.68, 17.09, 16.12, 16.87]
['2018-11-29', 16.79, 17.65, 16.5, 17.2]
['2018-11-30', 17.08, 17.29, 16.59, 17.21]
['2018-12-03', 22.0, 22.25, 18.25, 19.08]
['2018-12-04', 21.23, 22.88, 19.81, 19.99]
['2018-12-06', 19.54, 20.34, 18.51, 19.87]
['2018-12-07', 19.73, 22.05, 19.53, 21.24]
['2018-12-10', 21.24, 22.47, 21.1, 21.73]
['2018-12-11', 22.0, 22.66, 21.18, 21.48]
['2018-12-12', 21.66, 22.04, 20.74, 20.8]
['2018-12-13', 20.86, 22.27, 20.17, 21.63]
['2018-12-14', 21.0, 21.57, 18.6, 20.76]
['2018-12-17', 20.6, 20.6, 18.65, 18.88]
['2018-12-18', 19.0, 19.48, 18.2, 18.88]
['2018-12-19', 18.82, 19.48, 17.47, 17.72]
['2018-12-20', 17.72, 17.98, 17.06, 17.5]
['2018-12-21', 17.64, 17.81, 16.75, 17.11]
['2018-12-24', 16.79, 17.66, 16.55, 17.31]
['2018-12-26', 17.51, 19.02, 17.42, 18.95]
['2018-12-27', 18.57, 18.83, 17.19, 17.99]
['2018-12-28', 17.79, 18.24, 17.35, 17.97]
['2018-12-31', 17.94, 18.42, 17.54, 17.96]
['2019-01-02', 17.55, 19.48, 17.46, 19.39]
['2019-01-03', 19.52, 19.6, 17.3, 17.66]
['2019-01-04', 17.87, 18.83, 17.52, 18.34]
['2019-01-07', 20.62, 22.35, 20.02, 21.73]
['2019-01-08', 22.51, 24.63, 21.87, 23.9]
['2019-01-09', 24.09, 24.86, 22.6, 23.81]
['2019-01-10', 23.13, 25.38, 23.06, 24.8]
['2019-01-11', 24.73, 24.75, 23.96, 24.08]
['2019-01-14', 23.88, 23.88, 22.68, 22.73]
['2019-01-15', 22.83, 23.33, 22.28, 23.31]
['2019-01-16', 23.42, 23.79, 22.68, 22.72]
['2019-01-17', 22.64, 23.21, 22.22, 22.37]
['2019-01-18', 22.36, 24.11, 21.66, 24.0]
['2019-01-22', 23.71, 23.9, 22.55, 22.65]
['2019-01-23', 22.77, 23.38, 22.21, 23.04]
['2019-01-24', 22.97, 24.1, 22.75, 23.94]
['2019-01-25', 24.13, 24.98, 23.45, 24.48]
['2019-01-28', 24.13, 24.95, 23.8, 24.71]
['2019-01-29', 24.73, 25.13, 24.36, 24.48]
['2019-01-30', 24.63, 24.94, 23.9, 24.6]
['2019-01-31', 24.49, 25.49, 24.25, 25.36]
['2019-02-01', 25.23, 25.87, 24.8, 25.75]
['2019-02-04', 25.73, 25.85, 25.01, 25.3]
['2019-02-05', 25.53, 25.73, 24.54, 25.07]
['2019-02-06', 25.01, 26.57, 24.68, 26.13]
['2019-02-07', 26.07, 26.42, 25.32, 25.38]
['2019-02-08', 25.23, 26.03, 25.04, 25.32]
['2019-02-11', 25.45, 25.57, 24.18, 24.89]
['2019-02-12', 25.06, 25.31, 24.74, 25.19]
['2019-02-13', 25.86, 25.9, 25.0, 25.1]
['2019-02-14', 24.98, 25.65, 24.66, 25.47]
['2019-02-15', 25.75, 26.07, 25.35, 25.49]
['2019-02-19', 25.51, 25.75, 24.33, 24.37]
['2019-02-20', 24.4, 24.9, 23.67, 24.24]
['2019-02-21', 24.1, 24.67, 23.83, 24.18]
['2019-02-22', 24.19, 25.4, 24.0, 25.32]
['2019-02-25', 25.6, 26.0, 25.18, 25.47]
['2019-02-26', 24.8, 26.72, 23.54, 26.05]
['2019-02-27', 25.9, 30.8, 25.68, 29.48]
['2019-02-28', 29.37, 32.05, 28.81, 30.28]
['2019-03-01', 30.37, 31.17, 29.58, 29.99]
['2019-03-04', 30.42, 30.76, 29.08, 29.62]
['2019-03-05', 29.43, 29.62, 28.57, 29.02]
['2019-03-06', 29.1, 29.1, 27.3, 27.48]
['2019-03-07', 27.33, 28.5, 26.44, 27.58]
['2019-03-08', 27.12, 28.14, 26.9, 27.47]
['2019-03-11', 27.37, 27.66, 25.84, 27.64]
['2019-03-12', 27.52, 28.5, 27.01, 28.02]
['2019-03-13', 28.05, 28.8, 27.77, 27.87]
['2019-03-14', 27.95, 28.2, 27.32, 27.39]
['2019-03-15', 27.41, 28.11, 27.12, 27.44]
['2019-03-18', 28.08, 28.71, 27.44, 27.48]
['2019-03-19', 27.41, 27.5, 26.24, 26.28]
['2019-03-20', 26.13, 26.25, 24.94, 25.3]
['2019-03-21', 25.04, 26.17, 25.04, 26.13]
['2019-03-22', 26.05, 26.33, 24.8, 24.84]
['2019-03-25', 24.72, 24.73, 22.95, 23.04]
['2019-03-26', 23.12, 23.86, 22.49, 23.55]
['2019-03-27', 23.57, 23.83, 22.86, 23.28]
['2019-03-28', 23.18, 24.79, 23.0, 24.36]
['2019-03-29', 24.5, 25.1, 24.46, 24.82]
['2019-04-01', 25.07, 25.36, 23.87, 24.25]
['2019-04-02', 24.24, 25.11, 24.05, 24.79]
['2019-04-03', 24.99, 25.7, 24.72, 25.28]
['2019-04-04', 25.29, 25.5, 24.69, 25.11]
['2019-04-05', 25.22, 25.84, 24.98, 25.67]
['2019-04-08', 25.57, 25.88, 25.06, 25.15]
['2019-04-09', 25.02, 25.29, 24.29, 24.34]
['2019-04-10', 24.38, 24.77, 24.01, 24.74]
['2019-04-11', 24.76, 24.81, 23.67, 23.76]
['2019-04-12', 23.88, 24.75, 23.11, 23.48]
['2019-04-15', 21.75, 21.79, 20.42, 20.55]
['2019-04-16', 20.53, 21.35, 19.9, 21.21]
['2019-04-17', 21.39, 21.44, 20.15, 20.8]
['2019-04-18', 20.73, 21.0, 19.8, 20.88]
['2019-04-22', 20.67, 20.97, 20.11, 20.32]
['2019-04-23', 20.25, 20.98, 19.96, 20.83]
['2019-04-24', 20.83, 20.93, 19.83, 19.87]
['2019-04-25', 19.83, 19.87, 19.05, 19.1]
['2019-04-26', 19.13, 19.16, 18.68, 19.07]
['2019-04-29', 19.07, 19.34, 18.74, 18.81]
['2019-04-30', 18.8, 19.15, 18.12, 18.27]
['2019-05-01', 18.28, 18.4, 17.67, 17.71]
['2019-05-02', 18.32, 18.58, 17.2, 18.44]
['2019-05-03', 18.41, 19.25, 18.27, 18.95]
['2019-05-06', 18.55, 19.31, 18.27, 19.1]
['2019-05-07', 19.05, 20.69, 19.05, 19.46]
['2019-05-08', 19.31, 20.37, 19.25, 19.98]
['2019-05-09', 19.78, 19.85, 19.1, 19.46]
['2019-05-10', 19.31, 19.64, 18.77, 19.28]
['2019-05-13', 18.8, 19.18, 18.04, 18.2]
['2019-05-14', 18.45, 19.09, 18.12, 18.74]
['2019-05-15', 18.63, 18.89, 18.29, 18.77]
['2019-05-16', 18.9, 19.47, 17.9, 18.09]
['2019-05-17', 17.93, 18.09, 16.97, 17.07]
['2019-05-20', 17.0, 17.2, 16.28, 16.36]
['2019-05-21', 16.71, 17.61, 16.63, 17.41]
['2019-05-22', 17.25, 17.56, 16.83, 17.29]
['2019-05-23', 17.04, 17.14, 16.41, 16.58]
['2019-05-24', 16.75, 17.02, 16.61, 16.74]
['2019-05-28', 16.77, 16.98, 16.03, 16.08]
['2019-05-29', 14.95, 15.97, 14.5, 15.9]
['2019-05-30', 15.86, 16.11, 14.91, 15.01]
['2019-05-31', 14.89, 15.16, 14.44, 14.78]
['2019-06-03', 14.91, 15.34, 14.79, 14.9]
['2019-06-04', 15.07, 15.49, 14.8, 15.46]
['2019-06-05', 15.55, 15.57, 14.69, 14.93]
['2019-06-06', 14.92, 15.05, 14.1, 14.66]
['2019-06-07', 14.81, 14.98, 14.26, 14.84]
['2019-06-10', 14.97, 15.13, 13.69, 13.79]
['2019-06-11', 13.86, 14.03, 13.57, 13.73]
['2019-06-12', 13.71, 13.99, 13.03, 13.1]
['2019-06-13', 13.16, 13.43, 13.0, 13.37]
['2019-06-14', 13.29, 13.38, 12.75, 12.95]
['2019-06-17', 13.2, 14.25, 13.13, 14.11]
['2019-06-18', 14.22, 14.92, 14.14, 14.55]
['2019-06-19', 14.61, 15.75, 14.49, 14.77]
['2019-06-20', 14.7, 14.98, 14.03, 14.44]
['2019-06-21', 14.35, 15.35, 14.05, 15.04]
['2019-06-24', 15.01, 15.16, 13.27, 13.34]
['2019-06-25', 13.62, 13.86, 13.29, 13.42]
['2019-06-26', 13.49, 13.74, 12.61, 12.81]
['2019-06-27', 12.87, 13.53, 12.75, 13.52]
['2019-06-28', 13.49, 15.09, 13.4, 14.87]
['2019-07-01', 15.13, 15.44, 14.56, 15.35]
['2019-07-02', 15.1, 15.1, 14.04, 14.43]
['2019-07-03', 14.5, 14.83, 14.35, 14.69]
['2019-07-05', 14.61, 15.05, 14.08, 14.2]
['2019-07-08', 14.06, 14.53, 13.95, 14.24]
['2019-07-09', 14.09, 14.33, 13.68, 14.07]
['2019-07-10', 14.12, 14.28, 13.7, 13.83]
['2019-07-11', 13.86, 13.98, 13.2, 13.24]
['2019-07-12', 13.13, 13.38, 12.9, 13.25]
['2019-07-15', 13.32, 13.53, 12.88, 12.96]
['2019-07-16', 12.98, 13.36, 12.72, 12.8]
['2019-07-17', 12.8, 12.84, 12.27, 12.33]
['2019-07-18', 12.3, 12.32, 11.23, 11.57]
['2019-07-19', 11.66, 11.7, 10.7, 10.95]
['2019-07-22', 10.99, 11.14, 10.63, 10.84]
['2019-07-23', 10.92, 11.4, 10.72, 11.2]
['2019-07-24', 11.22, 11.25, 10.84, 11.07]
['2019-07-25', 11.04, 11.19, 10.54, 10.63]
['2019-07-26', 10.72, 10.85, 10.42, 10.79]
['2019-07-29', 10.78, 10.9, 10.53, 10.7]
['2019-07-30', 10.62, 11.22, 10.53, 11.13]
['2019-07-31', 11.2, 11.22, 10.52, 10.55]
['2019-08-01', 9.33, 9.55, 8.77, 8.87]
['2019-08-02', 8.46, 9.37, 8.35, 9.26]
['2019-08-05', 9.0, 9.24, 8.51, 8.86]
['2019-08-06', 8.97, 9.5, 8.85, 9.42]
['2019-08-07', 9.25, 9.35, 8.84, 8.97]
['2019-08-08', 7.76, 7.77, 5.45, 5.83]
['2019-08-09', 5.68, 5.87, 5.2, 5.68]
['2019-08-12', 5.69, 6.03, 5.58, 5.67]
['2019-08-13', 5.4, 5.77, 5.36, 5.69]
['2019-08-14', 5.51, 5.78, 5.33, 5.34]
['2019-08-15', 5.31, 5.45, 4.98, 5.2]
['2019-08-16', 5.46, 5.85, 5.45, 5.6]
['2019-08-19', 5.9, 6.07, 5.72, 5.95]
['2019-08-20', 6.0, 6.09, 5.82, 6.03]
['2019-08-21', 6.12, 6.12, 5.93, 6.06]
['2019-08-22', 6.06, 6.09, 5.85, 5.89]
['2019-08-23', 5.85, 6.1, 5.81, 5.95]
['2019-08-26', 6.01, 6.09, 5.89, 6.04]
['2019-08-27', 6.09, 6.16, 5.51, 5.52]
['2019-08-28', 5.5, 5.79, 5.36, 5.73]
['2019-08-29', 5.78, 5.81, 5.4, 5.76]
['2019-08-30', 5.75, 5.75, 5.51, 5.61]
['2019-09-03', 5.55, 5.65, 5.14, 5.18]
['2019-09-04', 5.21, 5.29, 5.04, 5.12]
['2019-09-05', 5.23, 5.26, 5.01, 5.22]
['2019-09-06', 5.23, 5.55, 5.13, 5.27]
['2019-09-09', 5.29, 5.32, 5.06, 5.29]
['2019-09-10', 5.29, 6.0, 5.28, 6.0]
['2019-09-11', 6.0, 6.07, 5.77, 6.03]
['2019-09-12', 6.19, 6.2, 5.53, 5.71]
['2019-09-13', 5.76, 5.86, 5.41, 5.41]
['2019-09-16', 5.42, 5.68, 5.2, 5.65]
['2019-09-17', 5.64, 5.65, 5.16, 5.34]
['2019-09-18', 5.31, 5.35, 5.0, 5.14]
['2019-09-19', 5.17, 5.25, 4.82, 4.87]
['2019-09-20', 4.8, 5.04, 4.72, 4.74]
['2019-09-23', 4.76, 4.87, 4.56, 4.59]
['2019-09-24', 4.45, 4.45, 3.97, 4.27]
['2019-09-25', 4.27, 4.43, 4.08, 4.18]
['2019-09-26', 4.16, 4.24, 4.0, 4.01]
['2019-09-27', 4.02, 4.33, 3.97, 4.0]
['2019-09-30', 4.09, 4.13, 3.76, 3.93]
['2019-10-01', 3.91, 4.22, 3.83, 4.0]
['2019-10-02', 3.95, 4.13, 3.7, 4.05]
['2019-10-03', 4.02, 4.08, 3.74, 3.86]
['2019-10-04', 3.85, 3.89, 3.7, 3.71]
['2019-10-07', 3.7, 3.71, 3.57, 3.6]
['2019-10-08', 3.5, 3.55, 3.14, 3.16]
['2019-10-09', 3.18, 3.27, 3.13, 3.19]
['2019-10-10', 3.22, 3.4, 3.12, 3.17]
['2019-10-11', 3.21, 3.37, 3.17, 3.28]
['2019-10-14', 3.3, 3.36, 3.11, 3.12]
['2019-10-15', 3.11, 3.33, 3.01, 3.21]
['2019-10-16', 3.23, 3.32, 3.19, 3.2]
['2019-10-17', 3.26, 3.76, 3.21, 3.66]
['2019-10-18', 3.7, 3.75, 3.29, 3.34]
['2019-10-21', 3.36, 3.6, 3.31, 3.44]
['2019-10-22', 3.5, 3.6, 3.38, 3.44]
['2019-10-23', 3.45, 3.48, 3.2, 3.2]
['2019-10-24', 3.21, 3.29, 3.06, 3.09]
['2019-10-25', 3.06, 3.16, 3.0, 3.0]
['2019-10-28', 3.06, 4.03, 2.93, 3.95]
['2019-10-29', 3.76, 3.88, 3.55, 3.71]
['2019-10-30', 3.7, 3.77, 3.36, 3.4]
['2019-10-31', 3.4, 3.4, 3.08, 3.17]
['2019-11-01', 3.22, 3.65, 3.18, 3.59]
['2019-11-04', 3.6, 3.83, 3.57, 3.75]
['2019-11-05', 3.72, 3.94, 3.58, 3.61]
['2019-11-06', 3.66, 3.77, 3.54, 3.59]
['2019-11-07', 4.3, 4.49, 4.11, 4.32]
['2019-11-08', 4.42, 6.25, 4.29, 5.88]
['2019-11-11', 6.02, 6.35, 5.26, 5.38]
['2019-11-12', 5.33, 5.91, 5.25, 5.47]
['2019-11-13', 5.82, 6.8, 5.64, 6.55]
['2019-11-14', 6.7, 7.0, 5.97, 6.31]
['2019-11-15', 6.37, 6.58, 6.21, 6.38]
['2019-11-18', 6.49, 7.17, 6.26, 7.06]
['2019-11-19', 7.39, 8.2, 7.18, 7.79]
['2019-11-20', 7.54, 7.79, 6.9, 7.01]
['2019-11-21', 7.29, 8.02, 7.0, 7.76]
['2019-11-22', 7.81, 8.73, 7.7, 8.66]
['2019-11-25', 9.1, 10.33, 8.83, 10.27]
['2019-11-26', 10.2, 11.6, 9.68, 10.92]
['2019-11-27', 11.05, 12.66, 11.05, 12.41]
['2019-11-29', 12.99, 16.62, 12.55, 14.93]
['2019-12-02', 16.35, 17.37, 13.99, 16.43]
['2019-12-03', 14.65, 15.55, 11.43, 11.67]
['2019-12-04', 12.55, 13.15, 11.39, 12.12]
['2019-12-05', 11.94, 12.16, 8.72, 8.86]
['2019-12-06', 8.9, 10.25, 8.8, 9.61]
['2019-12-09', 10.0, 10.87, 9.7, 10.71]
['2019-12-10', 11.0, 12.6, 10.8, 12.1]
['2019-12-11', 12.21, 12.4, 10.85, 11.72]
['2019-12-12', 11.22, 13.53, 11.17, 13.43]
['2019-12-13', 13.15, 14.09, 12.65, 12.86]
['2019-12-16', 13.08, 13.25, 11.85, 12.11]
['2019-12-17', 11.14, 12.29, 10.5, 12.17]
['2019-12-18', 12.18, 12.58, 11.8, 12.03]
['2019-12-19', 11.98, 12.1, 11.2, 11.36]
['2019-12-20', 11.3, 11.36, 10.71, 10.98]
['2019-12-23', 10.98, 12.04, 10.52, 11.74]
['2019-12-24', 11.82, 11.89, 11.38, 11.7]
['2019-12-26', 11.61, 11.95, 11.32, 11.42]
['2019-12-27', 11.45, 11.64, 10.86, 11.15]
['2019-12-30', 11.15, 11.3, 10.13, 10.2]
['2019-12-31', 10.11, 10.75, 9.82, 10.43]
['2020-01-02', 10.43, 10.48, 9.96, 10.25]
['2020-01-03', 10.0, 10.26, 9.81, 9.91]
['2020-01-06', 10.0, 10.0, 9.22, 9.25]
['2020-01-07', 8.97, 9.04, 8.2, 8.47]
['2020-01-08', 8.35, 11.28, 8.11, 10.78]
['2020-01-09', 10.69, 10.69, 9.5, 9.98]
['2020-01-10', 9.87, 10.24, 9.18, 9.19]
['2020-01-13', 9.31, 9.4, 8.57, 8.7]
['2020-01-14', 8.71, 9.49, 8.57, 8.9]
['2020-01-15', 10.85, 11.18, 9.15, 9.43]
['2020-01-16', 9.6, 9.75, 9.16, 9.48]
['2020-01-17', 9.37, 10.19, 9.36, 9.85]
['2020-01-21', 9.83, 10.1, 9.26, 9.35]
['2020-01-22', 9.37, 9.52, 8.87, 9.13]
['2020-01-23', 9.03, 9.62, 8.85, 9.21]
['2020-01-24', 9.28, 9.39, 8.55, 8.93]
['2020-01-27', 8.54, 8.77, 8.35, 8.57]
['2020-01-28', 8.63, 8.78, 8.27, 8.39]
['2020-01-29', 8.42, 9.28, 8.38, 8.89]
['2020-01-30', 8.74, 8.99, 8.36, 8.62]
['2020-01-31', 8.5, 8.68, 8.09, 8.29]
['2020-02-03', 8.62, 8.73, 8.27, 8.39]
['2020-02-04', 8.4, 8.9, 8.28, 8.83]
['2020-02-05', 8.95, 10.06, 8.88, 9.73]
['2020-02-06', 10.01, 10.63, 9.42, 10.1]
['2020-02-07', 10.1, 10.4, 9.27, 9.3]
['2020-02-10', 9.4, 9.57, 9.14, 9.54]
['2020-02-11', 9.59, 9.95, 9.32, 9.84]
['2020-02-12', 10.0, 10.24, 9.56, 10.08]
['2020-02-13', 9.94, 10.03, 9.7, 9.71]
['2020-02-14', 9.67, 9.89, 9.0, 9.44]
['2020-02-18', 9.37, 9.56, 9.08, 9.26]
['2020-02-19', 9.3, 10.65, 9.29, 10.46]
['2020-02-20', 10.64, 11.63, 10.22, 10.78]
['2020-02-21', 10.75, 11.1, 10.32, 11.0]
['2020-02-24', 10.45, 10.7, 9.5, 9.92]
['2020-02-25', 9.27, 9.35, 7.6, 7.99]
['2020-02-26', 8.4, 8.41, 7.29, 7.48]
['2020-02-27', 6.91, 7.57, 6.52, 6.85]
['2020-02-28', 6.45, 7.6, 6.33, 7.53]
['2020-03-02', 7.54, 7.6, 6.83, 7.25]
['2020-03-03', 7.2, 7.97, 7.16, 7.42]
['2020-03-04', 7.56, 8.27, 7.32, 8.18]
['2020-03-05', 7.88, 8.74, 7.78, 8.3]
['2020-03-06', 7.91, 8.46, 7.75, 7.86]
['2020-03-09', 6.82, 7.13, 6.21, 6.26]
['2020-03-10', 6.64, 6.73, 5.35, 6.27]
['2020-03-11', 6.12, 6.8, 5.95, 6.17]
['2020-03-12', 5.5, 5.89, 4.9, 4.94]
['2020-03-13', 5.41, 5.64, 4.4, 5.02]
['2020-03-16', 4.1, 4.65, 3.75, 3.77]
['2020-03-17', 4.0, 4.47, 3.62, 4.08]
['2020-03-18', 3.76, 4.55, 3.75, 4.48]
['2020-03-19', 4.34, 4.92, 4.08, 4.5]
['2020-03-20', 4.6, 5.09, 4.32, 4.43]
['2020-03-23', 4.6, 4.68, 3.98, 4.2]
['2020-03-24', 4.56, 4.8, 4.35, 4.67]
['2020-03-25', 4.64, 4.8, 4.4, 4.43]
['2020-03-26', 4.48, 5.47, 4.37, 5.4]
['2020-03-27', 5.3, 7.7, 5.15, 7.13]
['2020-03-30', 7.08, 7.34, 6.25, 6.43]
['2020-03-31', 6.25, 6.9, 6.01, 6.36]
['2020-04-01', 6.1, 6.44, 5.52, 5.69]
['2020-04-02', 5.66, 6.13, 5.65, 6.07]
['2020-04-03', 6.08, 6.25, 5.56, 6.1]
['2020-04-06', 6.36, 6.98, 6.04, 6.8]
['2020-04-07', 6.96, 7.14, 6.57, 6.79]
['2020-04-08', 6.93, 7.19, 6.7, 6.93]
['2020-04-09', 6.75, 7.08, 6.6, 6.7]
['2020-04-13', 6.58, 7.29, 6.43, 7.18]
['2020-04-14', 7.35, 7.58, 7.03, 7.11]
['2020-04-15', 6.97, 7.31, 6.85, 7.21]
['2020-04-16', 7.25, 7.5, 7.07, 7.36]
['2020-04-17', 7.53, 8.22, 7.45, 8.16]
['2020-04-20', 8.0, 9.95, 7.97, 9.4]
['2020-04-21', 9.22, 9.89, 8.72, 9.18]
['2020-04-22', 9.25, 9.58, 9.08, 9.17]
['2020-04-23', 9.18, 9.8, 9.09, 9.35]
['2020-04-24', 9.61, 9.61, 8.81, 9.03]
['2020-04-27', 8.51, 8.75, 8.1, 8.17]
['2020-04-28', 8.41, 8.45, 7.88, 7.99]
['2020-04-29', 8.13, 8.47, 7.98, 8.19]
['2020-04-30', 8.1, 8.11, 7.36, 7.61]
['2020-05-01', 7.6, 7.63, 7.04, 7.16]
['2020-05-04', 7.44, 8.14, 7.22, 8.05]
['2020-05-05', 8.1, 8.35, 7.57, 7.71]
['2020-05-06', 8.39, 9.29, 8.02, 8.07]
['2020-05-07', 8.26, 9.1, 8.08, 8.62]
['2020-05-08', 8.73, 9.19, 8.66, 9.02]
['2020-05-11', 9.08, 9.6, 8.99, 9.24]
['2020-05-12', 9.33, 10.64, 9.1, 9.55]
['2020-05-13', 9.74, 10.08, 8.63, 9.19]
['2020-05-14', 9.09, 9.67, 8.56, 9.5]
['2020-05-15', 9.45, 10.38, 9.04, 9.69]
['2020-05-18', 10.15, 10.2, 8.91, 8.96]
['2020-05-19', 8.6, 8.7, 7.51, 7.52]
['2020-05-20', 7.5, 7.66, 7.04, 7.5]
['2020-05-21', 7.54, 7.7, 7.2, 7.53]
['2020-05-22', 7.41, 7.5, 6.95, 7.01]
