['2017-05-30', 73.5, 73.5, 73.5, 73.5]
['2017-05-31', 77.0014, 77.0014, 77.0, 77.0]
['2017-06-01', 70.0, 70.0, 70.0, 70.0]
['2017-06-02', 70.0, 81.9, 70.0, 81.9]
['2017-06-05', 77.0, 77.0, 77.0, 77.0]
['2017-06-06', 78.4, 78.4, 78.4, 78.4]
['2017-06-07', 74.9, 86.8, 74.9, 84.0]
['2017-06-08', 86.1, 86.1, 86.1, 86.1]
['2017-06-09', 86.1, 86.1, 86.1, 86.1]
['2017-06-12', 84.0, 84.0, 81.2, 81.2]
['2017-06-13', 87.5, 87.5, 87.5, 87.5]
['2017-06-14', 87.5, 87.5, 87.5, 87.5]
['2017-06-15', 81.2, 81.2, 81.2, 81.2]
['2017-06-16', 83.44, 83.44, 83.02, 83.02]
['2017-06-19', 81.9, 81.9, 81.9, 81.9]
['2017-06-20', 82.6, 82.6, 82.6, 82.6]
['2017-06-21', 77.0, 77.0, 77.0, 77.0]
['2017-06-22', 77.0, 77.0, 77.0, 77.0]
['2017-06-23', 77.0, 77.0, 77.0, 77.0]
['2017-06-26', 74.62, 74.62, 74.62, 74.62]
['2017-06-27', 74.9, 74.9, 74.9, 74.9]
['2017-06-28', 75.6, 75.6, 75.6, 75.6]
['2017-06-29', 73.5, 73.5, 73.5, 73.5]
['2017-06-30', 74.9, 74.9, 74.9, 74.9]
['2017-07-03', 74.9, 74.9, 74.9, 74.9]
['2017-07-05', 66.5, 71.75, 66.5, 71.75]
['2017-07-06', 66.5, 75.6, 66.5, 75.6]
['2017-07-07', 75.6, 75.6, 75.6, 75.6]
['2017-07-10', 63.0, 75.6, 63.0, 75.6]
['2017-07-11', 63.14, 75.6, 63.0, 75.6]
['2017-07-12', 63.0, 74.2, 63.0, 74.2]
['2017-07-13', 57.54, 72.1, 57.54, 57.54]
['2017-07-14', 57.4, 61.74, 56.0, 61.74]
['2017-07-17', 66.36, 66.36, 66.36, 66.36]
['2017-07-18', 66.36, 66.36, 66.36, 66.36]
['2017-07-19', 66.36, 66.36, 66.36, 66.36]
['2017-07-20', 66.36, 66.36, 66.36, 66.36]
['2017-07-21', 66.36, 66.36, 66.36, 66.36]
['2017-07-24', 66.36, 66.36, 66.36, 66.36]
['2017-07-25', 66.36, 66.36, 66.36, 66.36]
['2017-07-26', 66.36, 66.36, 66.36, 66.36]
['2017-07-27', 66.36, 66.36, 66.36, 66.36]
['2017-07-28', 66.36, 66.36, 66.36, 66.36]
['2017-07-31', 66.36, 66.36, 66.36, 66.36]
['2017-08-01', 56.0, 56.0, 56.0, 56.0]
['2017-08-02', 56.0, 56.0, 56.0, 56.0]
['2017-08-03', 43.12, 43.12, 43.12, 43.12]
['2017-08-04', 43.12, 43.12, 43.12, 43.12]
['2017-08-07', 43.12, 43.12, 43.12, 43.12]
['2017-08-08', 43.12, 43.12, 43.12, 43.12]
['2017-08-09', 42.0, 42.0, 42.0, 42.0]
['2017-08-10', 42.0, 42.0, 42.0, 42.0]
['2017-08-11', 42.0, 42.0, 42.0, 42.0]
['2017-08-14', 42.0, 42.0, 42.0, 42.0]
['2017-08-15', 42.0, 42.0, 42.0, 42.0]
['2017-08-16', 40.6, 40.6, 40.6, 40.6]
['2017-08-17', 40.6, 40.6, 40.6, 40.6]
['2017-08-18', 40.6, 40.6, 40.6, 40.6]
['2017-08-21', 40.6, 40.6, 40.6, 40.6]
['2017-08-22', 40.74, 40.74, 40.74, 40.74]
['2017-08-23', 36.82, 36.82, 35.0, 35.7]
['2017-08-24', 35.686, 35.686, 35.686, 35.686]
['2017-08-25', 35.686, 35.686, 35.686, 35.686]
['2017-08-28', 35.686, 35.686, 35.686, 35.686]
['2017-08-29', 35.686, 35.686, 35.686, 35.686]
['2017-08-30', 35.686, 35.686, 35.686, 35.686]
['2017-08-31', 35.686, 35.686, 35.686, 35.686]
['2017-09-01', 35.686, 35.686, 35.686, 35.686]
['2017-09-05', 35.686, 35.686, 35.686, 35.686]
['2017-09-06', 35.686, 35.686, 35.686, 35.686]
['2017-09-07', 35.686, 35.686, 35.686, 35.686]
['2017-09-08', 35.686, 35.686, 35.686, 35.686]
['2017-09-11', 35.686, 35.686, 35.686, 35.686]
['2017-09-12', 35.686, 35.686, 35.686, 35.686]
['2017-09-13', 35.686, 35.686, 35.686, 35.686]
['2017-09-14', 35.686, 35.686, 35.686, 35.686]
['2017-09-15', 38.5, 38.5, 38.5, 38.5]
['2017-09-18', 37.1, 38.5, 37.1, 38.5]
['2017-09-19', 37.1, 37.1, 37.1, 37.1]
['2017-09-20', 37.1, 37.1, 37.1, 37.1]
['2017-09-21', 37.1, 37.1, 37.1, 37.1]
['2017-09-22', 37.1, 37.1, 37.1, 37.1]
['2017-09-25', 37.1, 37.1, 37.1, 37.1]
['2017-09-26', 37.1, 37.1, 37.1, 37.1]
['2017-09-27', 37.1, 37.1, 37.1, 37.1]
['2017-09-28', 37.1, 37.1, 37.1, 37.1]
['2017-09-29', 37.1, 37.1, 37.1, 37.1]
['2017-10-02', 37.1, 37.1, 37.1, 37.1]
['2017-10-03', 37.1, 37.1, 37.1, 37.1]
['2017-10-04', 37.1, 37.1, 37.1, 37.1]
['2017-10-05', 37.1, 37.1, 37.1, 37.1]
['2017-10-06', 37.1, 37.1, 37.1, 37.1]
['2017-10-09', 37.1, 37.1, 37.1, 37.1]
['2017-10-10', 35.0, 35.0, 35.0, 35.0]
['2017-10-11', 35.0, 35.0, 35.0, 35.0]
['2017-10-12', 35.0, 35.0, 35.0, 35.0]
['2017-10-13', 35.0, 35.0, 35.0, 35.0]
['2017-10-16', 35.14, 35.14, 31.5, 31.5]
['2017-10-17', 31.5, 31.5, 31.5, 31.5]
['2017-10-18', 31.5, 31.5, 31.5, 31.5]
['2017-10-19', 31.5, 31.5, 31.5, 31.5]
['2017-10-20', 31.5, 31.5, 31.5, 31.5]
['2017-10-23', 42.0, 42.0, 41.86, 41.86]
['2017-10-24', 41.86, 41.86, 41.86, 41.86]
['2017-10-25', 31.5, 31.5, 21.0, 21.0]
['2017-10-26', 21.0, 21.0, 21.0, 21.0]
['2017-10-27', 21.0, 21.0, 21.0, 21.0]
['2017-10-30', 21.0, 21.0, 21.0, 21.0]
['2017-10-31', 21.0, 21.0, 21.0, 21.0]
['2017-11-01', 21.0, 21.0, 21.0, 21.0]
['2017-11-02', 21.0, 21.0, 21.0, 21.0]
['2017-11-03', 21.0, 21.0, 21.0, 21.0]
['2017-11-06', 21.0, 21.0, 21.0, 21.0]
['2017-11-07', 21.0, 21.0, 21.0, 21.0]
['2017-11-08', 21.0, 21.0, 21.0, 21.0]
['2017-11-09', 21.0, 21.0, 21.0, 21.0]
['2017-11-10', 21.0, 21.0, 21.0, 21.0]
['2017-11-13', 21.0, 21.0, 21.0, 21.0]
['2017-11-14', 21.0, 21.0, 21.0, 21.0]
['2017-11-15', 21.0, 21.0, 21.0, 21.0]
['2017-11-16', 21.0, 21.0, 21.0, 21.0]
['2017-11-17', 21.0, 21.0, 21.0, 21.0]
['2017-11-20', 21.0, 21.0, 21.0, 21.0]
['2017-11-21', 21.0, 21.0, 21.0, 21.0]
['2017-11-22', 21.0, 21.0, 21.0, 21.0]
['2017-11-24', 21.0, 21.0, 21.0, 21.0]
['2017-11-27', 21.0, 21.0, 21.0, 21.0]
['2017-11-28', 21.0, 21.0, 21.0, 21.0]
['2017-11-29', 28.0, 28.0, 28.0, 28.0]
['2017-11-30', 24.5, 24.5, 21.0, 21.0]
['2017-12-01', 21.0, 22.68, 21.0, 22.4]
['2017-12-04', 21.28, 21.28, 21.0, 21.0]
['2017-12-05', 20.86, 20.86, 20.86, 20.86]
['2017-12-06', 20.86, 20.86, 20.86, 20.86]
['2017-12-07', 20.86, 20.86, 20.86, 20.86]
['2017-12-08', 21.7, 21.7, 21.7, 21.7]
['2017-12-11', 21.7, 21.7, 21.7, 21.7]
['2017-12-12', 21.56, 21.7, 20.3, 20.3]
['2017-12-13', 20.3, 20.3, 20.3, 20.3]
['2017-12-14', 19.6, 19.6, 18.2, 18.2]
['2017-12-15', 18.2, 18.2, 18.2, 18.2]
['2017-12-18', 18.2, 18.2, 18.2, 18.2]
['2017-12-19', 18.2, 18.2, 18.2, 18.2]
['2017-12-20', 21.56, 21.56, 21.56, 21.56]
['2017-12-21', 21.56, 21.56, 21.56, 21.56]
['2017-12-22', 21.56, 21.56, 21.56, 21.56]
['2017-12-26', 18.2, 18.2, 18.2, 18.2]
['2017-12-27', 18.2, 18.2014, 14.0, 14.14]
['2017-12-28', 14.14, 14.14, 14.14, 14.14]
['2017-12-29', 14.0, 14.0, 7.56, 7.56]
['2018-01-02', 7.98, 7.98, 7.21, 7.84]
['2018-01-03', 8.4, 8.4, 7.14, 7.14]
['2018-01-04', 7.14, 7.14, 7.14, 7.14]
['2018-01-05', 7.14, 7.14, 7.14, 7.14]
['2018-01-08', 7.14, 7.14, 7.14, 7.14]
['2018-01-09', 6.86, 6.86, 6.72, 6.72]
['2018-01-10', 6.86, 6.86, 6.86, 6.86]
['2018-01-11', 6.86, 6.86, 6.86, 6.86]
['2018-01-12', 6.86, 7.0, 6.86, 7.0]
['2018-01-16', 7.0, 7.0, 7.0, 7.0]
['2018-01-17', 7.0, 7.0, 7.0, 7.0]
['2018-01-18', 7.0, 7.0, 6.86, 6.86]
['2018-01-19', 6.86, 6.86, 6.86, 6.86]
['2018-01-22', 6.86, 6.86, 6.86, 6.86]
['2018-01-23', 6.86, 6.86, 6.86, 6.86]
['2018-01-24', 5.6, 7.28, 4.41, 7.0]
['2018-01-25', 7.0, 7.0, 6.86, 6.86]
['2018-01-26', 6.86, 6.86, 6.86, 6.86]
['2018-01-29', 6.86, 6.86, 6.86, 6.86]
['2018-01-30', 6.72, 6.72, 6.72, 6.72]
['2018-01-31', 6.7186, 6.72, 6.7186, 6.72]
['2018-02-01', 6.72, 6.72, 6.72, 6.72]
['2018-02-02', 6.72, 6.72, 6.72, 6.72]
['2018-02-05', 6.72, 6.72, 6.72, 6.72]
['2018-02-06', 6.72, 6.72, 6.72, 6.72]
['2018-02-07', 6.72, 6.72, 6.72, 6.72]
['2018-02-08', 6.72, 6.72, 6.72, 6.72]
['2018-02-09', 6.72, 6.72, 6.72, 6.72]
['2018-02-12', 2.38, 2.38, 2.38, 2.38]
['2018-02-13', 2.38, 2.38, 2.38, 2.38]
['2018-02-14', 2.38, 2.38, 2.38, 2.38]
['2018-02-15', 2.38, 2.38, 2.38, 2.38]
['2018-02-16', 2.38, 2.38, 2.38, 2.38]
['2018-02-20', 2.38, 2.38, 2.38, 2.38]
['2018-02-21', 2.38, 2.38, 2.38, 2.38]
['2018-02-22', 2.38, 2.38, 2.38, 2.38]
['2018-02-23', 2.38, 2.38, 2.38, 2.38]
['2018-02-26', 2.38, 2.38, 2.38, 2.38]
['2018-02-27', 2.38, 2.38, 2.38, 2.38]
['2018-02-28', 6.72, 6.72, 6.72, 6.72]
['2018-03-01', 6.86, 6.86, 6.37, 6.72]
['2018-03-02', 6.72, 6.72, 6.72, 6.72]
['2018-03-05', 6.44, 6.44, 6.44, 6.44]
['2018-03-06', 5.6, 5.6, 5.6, 5.6]
['2018-03-07', 5.6, 5.6, 5.6, 5.6]
['2018-03-08', 5.6, 5.6, 5.6, 5.6]
['2018-03-09', 6.3, 6.3, 6.3, 6.3]
['2018-03-12', 6.3, 6.3, 6.3, 6.3]
['2018-03-13', 5.6, 5.6, 5.6, 5.6]
['2018-03-14', 5.6, 5.6, 5.6, 5.6]
['2018-03-15', 5.6, 5.6, 5.6, 5.6]
['2018-03-16', 5.6, 5.6, 5.6, 5.6]
['2018-03-19', 5.6, 5.6, 5.6, 5.6]
['2018-03-20', 6.3, 6.3, 5.6, 5.6]
['2018-03-21', 5.6, 5.6, 5.6, 5.6]
['2018-03-22', 5.6, 5.6, 5.6, 5.6]
['2018-03-23', 5.6, 5.6, 5.6, 5.6]
['2018-03-26', 5.6, 5.6, 5.6, 5.6]
['2018-03-27', 5.6, 5.6, 5.6, 5.6]
['2018-03-28', 5.6, 5.6, 5.6, 5.6]
['2018-03-29', 5.46, 5.46, 5.46, 5.46]
['2018-04-02', 5.18, 5.18, 5.18, 5.18]
['2018-04-03', 4.2, 4.9, 4.2, 4.9]
['2018-04-04', 4.9, 4.9, 4.9, 4.9]
['2018-04-05', 4.9, 4.9, 4.9, 4.9]
['2018-04-06', 4.9, 4.9, 4.9, 4.9]
['2018-04-09', 5.04, 5.6, 5.04, 5.6]
['2018-04-10', 5.6, 5.6, 5.6, 5.6]
['2018-04-11', 5.6, 5.6, 5.6, 5.6]
['2018-04-12', 5.6, 5.6, 5.6, 5.6]
['2018-04-13', 3.78, 3.78, 3.78, 3.78]
['2018-04-16', 3.78, 3.78, 3.78, 3.78]
['2018-04-17', 5.6, 5.6, 5.6, 5.6]
['2018-04-18', 5.32, 6.16, 3.57, 6.16]
['2018-04-19', 4.9, 4.9, 4.9, 4.9]
['2018-04-20', 4.9, 4.9, 3.5, 3.5]
['2018-04-23', 3.654, 5.46, 3.57, 3.57]
['2018-04-24', 3.57, 3.57, 3.57, 3.57]
['2018-04-25', 3.57, 3.57, 3.57, 3.57]
['2018-04-26', 3.57, 3.57, 3.5, 3.5]
['2018-04-27', 3.78, 3.78, 3.528, 3.528]
['2018-04-30', 4.2, 4.2, 3.64, 3.64]
['2018-05-01', 4.2, 4.2, 4.2, 4.2]
['2018-05-02', 4.2, 4.2, 4.2, 4.2]
['2018-05-03', 4.48, 4.76, 4.48, 4.648]
['2018-05-04', 4.48, 4.48, 3.64, 3.64]
['2018-05-07', 3.64, 3.64, 3.64, 3.64]
['2018-05-08', 4.13, 4.2, 3.5, 3.5]
['2018-05-09', 3.5014, 3.57, 3.5, 3.5]
['2018-05-10', 3.5, 3.5014, 3.5, 3.5014]
['2018-05-11', 3.5, 3.5, 3.5, 3.5]
['2018-05-14', 3.5, 3.5, 3.5, 3.5]
['2018-05-15', 4.06, 5.6, 4.06, 4.48]
['2018-05-16', 5.32, 5.32, 4.62, 4.62]
['2018-05-17', 4.9, 5.6, 4.9, 5.6]
['2018-05-18', 5.6, 6.286, 5.6, 6.16]
['2018-05-21', 6.286, 6.51, 5.6, 6.37]
['2018-05-22', 6.3, 6.3, 5.46, 5.46]
['2018-05-23', 6.0186, 6.02, 5.46, 5.95]
['2018-05-24', 6.16, 6.58, 6.16, 6.3]
['2018-05-25', 6.44, 6.44, 6.3, 6.3]
['2018-05-29', 6.37, 6.37, 5.74, 5.74]
['2018-05-30', 5.88, 5.88, 5.46, 5.88]
['2018-05-31', 5.74, 5.88, 5.46, 5.74]
['2018-06-01', 5.74, 5.88, 5.74, 5.74]
['2018-06-04', 5.74, 5.74, 5.74, 5.74]
['2018-06-05', 5.88, 5.88, 5.46, 5.46]
['2018-06-06', 5.6, 5.6, 5.6, 5.6]
['2018-06-07', 5.3228, 5.88, 5.3228, 5.6]
['2018-06-08', 5.3214, 5.3214, 5.3214, 5.3214]
['2018-06-11', 5.3214, 5.3214, 5.3214, 5.3214]
['2018-06-12', 5.6, 5.88, 5.6, 5.6014]
['2018-06-13', 5.6014, 5.6014, 5.6014, 5.6014]
['2018-06-14', 5.88, 6.86, 5.7414, 5.7414]
['2018-06-15', 5.81, 6.3, 5.81, 5.8828]
['2018-06-18', 6.3, 6.3, 6.16, 6.3]
['2018-06-19', 6.3, 6.3, 6.3, 6.3]
['2018-06-20', 6.58, 6.58, 6.16, 6.16]
['2018-06-21', 6.58, 6.72, 6.3, 6.44]
['2018-06-22', 6.1607, 6.44, 6.1607, 6.44]
['2018-06-25', 6.44, 6.44, 6.44, 6.44]
['2018-06-26', 6.58, 6.58, 6.44, 6.44]
['2018-06-27', 6.44, 6.44, 6.3, 6.3]
['2018-06-28', 6.3, 6.44, 6.3, 6.44]
['2018-06-29', 6.44, 6.44, 6.44, 6.44]
['2018-07-02', 6.44, 6.44, 6.44, 6.44]
['2018-07-03', 6.44, 6.44, 6.44, 6.44]
['2018-07-05', 6.44, 6.44, 6.44, 6.44]
['2018-07-06', 6.44, 6.44, 6.44, 6.44]
['2018-07-09', 6.44, 6.44, 6.44, 6.44]
['2018-07-10', 6.58, 6.72, 6.44, 6.58]
['2018-07-11', 6.72, 6.86, 6.3, 6.72]
['2018-07-12', 6.44, 6.72, 6.3, 6.3]
['2018-07-13', 6.51, 6.58, 5.9507, 6.44]
['2018-07-16', 6.44, 6.44, 6.44, 6.44]
['2018-07-17', 6.44, 6.44, 6.44, 6.44]
['2018-07-18', 6.44, 6.44, 6.16, 6.16]
['2018-07-19', 6.72, 6.72, 6.16, 6.3]
['2018-07-20', 6.58, 6.72, 6.23, 6.23]
['2018-07-23', 6.72, 6.72, 6.37, 6.44]
['2018-07-24', 6.72, 6.72, 6.3, 6.3]
['2018-07-25', 6.44, 6.44, 6.3, 6.3]
['2018-07-26', 6.44, 6.58, 6.44, 6.58]
['2018-07-27', 6.3, 6.72, 6.3, 6.44]
['2018-07-30', 6.44, 6.44, 5.88, 6.02]
['2018-07-31', 6.02, 6.02, 6.02, 6.02]
['2018-08-01', 5.88, 6.02, 5.88, 6.02]
['2018-08-02', 6.02, 7.0, 5.88, 6.02]
['2018-08-03', 6.02, 6.02, 5.32, 5.32]
['2018-08-06', 5.992, 5.992, 5.992, 5.992]
['2018-08-07', 5.88, 5.88, 5.6, 5.88]
['2018-08-08', 5.88, 5.88, 5.74, 5.88]
['2018-08-09', 6.09, 6.58, 5.6, 6.02]
['2018-08-10', 6.3, 6.3, 6.3, 6.3]
['2018-08-13', 5.46, 6.16, 5.46, 6.16]
['2018-08-14', 6.72, 6.72, 6.16, 6.16]
['2018-08-15', 6.51, 6.51, 6.02, 6.16]
['2018-08-16', 6.23, 6.3, 6.02, 6.3]
['2018-08-17', 6.3, 6.72, 5.74, 6.3]
['2018-08-20', 6.3, 6.3, 6.3, 6.3]
['2018-08-21', 6.86, 6.86, 6.86, 6.86]
['2018-08-22', 6.3, 6.3, 6.02, 6.02]
['2018-08-23', 6.02, 6.72, 6.02, 6.02]
['2018-08-24', 6.72, 7.0, 6.44, 6.44]
['2018-08-27', 6.72, 7.0, 6.44, 6.58]
['2018-08-28', 6.86, 7.28, 6.188, 6.44]
['2018-08-29', 6.86, 7.56, 6.02, 6.86]
['2018-08-30', 7.0, 7.0, 6.16, 6.3]
['2018-08-31', 6.72, 7.0, 6.3, 6.44]
['2018-09-04', 6.86, 6.86, 6.44, 6.44]
['2018-09-05', 6.72, 6.72, 6.3, 6.3]
['2018-09-06', 6.58, 7.28, 6.3, 7.0]
['2018-09-07', 7.14, 7.28, 6.51, 6.8614]
['2018-09-10', 7.0, 7.84, 6.7214, 7.84]
['2018-09-11', 7.84, 7.84, 7.77, 7.84]
['2018-09-12', 7.84, 8.26, 7.7, 8.26]
['2018-09-13', 8.155, 8.4, 7.42, 7.42]
['2018-09-14', 7.7, 7.728, 7.28, 7.7]
['2018-09-17', 7.7, 7.7, 7.3514, 7.7]
['2018-09-18', 7.7, 7.84, 7.28, 7.84]
['2018-09-19', 7.84, 7.84, 7.84, 7.84]
['2018-09-20', 7.2814, 7.84, 7.28, 7.84]
['2018-09-21', 7.84, 7.84, 7.7, 7.84]
['2018-09-24', 7.84, 7.84, 7.42, 7.84]
['2018-09-25', 7.84, 7.84, 7.84, 7.84]
['2018-09-26', 7.56, 7.56, 7.0014, 7.14]
['2018-09-27', 7.14, 7.14, 7.14, 7.14]
['2018-09-28', 7.42, 7.42, 7.42, 7.42]
['2018-10-01', 7.42, 7.42, 7.14, 7.14]
['2018-10-02', 7.14, 7.28, 7.14, 7.28]
['2018-10-03', 7.28, 7.28, 7.0, 7.0]
['2018-10-04', 7.28, 7.28, 7.0, 7.28]
['2018-10-05', 7.0, 7.0, 7.0, 7.0]
['2018-10-08', 7.28, 7.28, 7.28, 7.28]
['2018-10-09', 7.0, 7.0, 7.0, 7.0]
['2018-10-10', 6.888, 6.888, 6.888, 6.888]
['2018-10-11', 7.0, 7.0, 7.0, 7.0]
['2018-10-12', 7.0, 7.28, 7.0, 7.28]
['2018-10-15', 6.86, 6.86, 6.86, 6.86]
['2018-10-16', 7.0, 7.14, 7.0, 7.14]
['2018-10-17', 7.14, 7.14, 6.86, 6.86]
['2018-10-18', 7.0, 7.0, 6.86, 7.0]
['2018-10-19', 7.14, 7.14, 7.0, 7.0]
['2018-10-22', 7.14, 7.14, 7.014, 7.014]
['2018-10-23', 6.86, 7.14, 6.86, 7.0]
['2018-10-24', 7.0, 7.42, 7.0, 7.42]
['2018-10-25', 7.42, 7.7, 6.86, 6.86]
['2018-10-26', 7.0, 7.42, 6.72, 7.14]
['2018-10-29', 7.28, 7.28, 6.86, 7.28]
['2018-10-30', 6.44, 7.28, 6.44, 7.28]
['2018-10-31', 7.28, 7.28, 7.28, 7.28]
['2018-11-01', 6.44, 7.28, 6.44, 7.28]
['2018-11-02', 7.28, 7.56, 7.28, 7.28]
['2018-11-05', 7.42, 7.56, 7.42, 7.56]
['2018-11-06', 7.56, 7.56, 7.42, 7.42]
['2018-11-07', 7.42, 7.42, 7.42, 7.42]
['2018-11-08', 7.28, 7.42, 6.72, 7.42]
['2018-11-09', 7.0, 7.42, 7.0, 7.42]
['2018-11-12', 7.0, 7.42, 7.0, 7.42]
['2018-11-13', 6.72, 7.42, 6.72, 7.42]
['2018-11-14', 7.42, 7.56, 7.0, 7.0]
['2018-11-15', 7.28, 7.28, 7.0, 7.0]
['2018-11-16', 7.14, 7.28, 7.14, 7.14]
['2018-11-19', 7.14, 7.28, 7.0, 7.0]
['2018-11-20', 7.0, 7.0, 7.0, 7.0]
['2018-11-21', 7.0, 7.14, 7.0, 7.14]
['2018-11-23', 7.0, 7.0, 7.0, 7.0]
['2018-11-26', 7.0, 7.0, 7.0, 7.0]
['2018-11-27', 7.0, 7.0, 7.0, 7.0]
['2018-11-28', 7.0, 7.0, 7.0, 7.0]
['2018-11-29', 7.0, 7.0, 6.72, 7.0]
['2018-11-30', 7.0, 7.0, 7.0, 7.0]
['2018-12-03', 7.42, 7.56, 6.944, 7.0]
['2018-12-04', 7.14, 7.14, 7.0, 7.0]
['2018-12-06', 7.0, 7.0, 7.0, 7.0]
['2018-12-07', 7.0, 7.0, 6.72, 7.0]
['2018-12-10', 6.72, 7.0, 5.6, 6.3]
['2018-12-11', 6.3, 6.3, 5.6, 6.3]
['2018-12-12', 6.3, 6.3, 6.3, 6.3]
['2018-12-13', 6.3, 6.3, 6.3, 6.3]
['2018-12-14', 6.3, 6.3, 6.3, 6.3]
['2018-12-17', 6.3, 6.3, 6.3, 6.3]
['2018-12-18', 5.88, 5.88, 5.88, 5.88]
['2018-12-19', 6.3, 6.3, 6.02, 6.3]
['2018-12-20', 5.95, 6.3, 5.6, 6.3]
['2018-12-21', 6.3, 6.3, 6.3, 6.3]
['2018-12-24', 6.3, 6.3, 6.3, 6.3]
['2018-12-26', 6.3, 6.3, 6.3, 6.3]
['2018-12-27', 5.6, 6.3, 5.32, 6.3]
['2018-12-28', 6.16, 6.16, 6.16, 6.16]
['2018-12-31', 6.16, 7.0, 6.16, 7.0]
['2019-01-02', 7.0, 7.0, 7.0, 7.0]
['2019-01-03', 5.6, 7.0, 5.6, 7.0]
['2019-01-04', 7.0, 7.0, 7.0, 7.0]
['2019-01-07', 7.0, 7.0, 7.0, 7.0]
['2019-01-08', 7.0, 7.0, 7.0, 7.0]
['2019-01-09', 6.3, 7.0, 6.3, 7.0]
['2019-01-10', 7.0, 7.0, 6.86, 7.0]
['2019-01-11', 7.0, 7.56, 7.0, 7.42]
['2019-01-14', 7.406, 7.56, 7.406, 7.56]
['2019-01-15', 7.42, 7.42, 7.28, 7.42]
['2019-01-16', 7.7, 7.7, 7.42, 7.42]
['2019-01-17', 7.56, 7.56, 7.56, 7.56]
['2019-01-18', 7.7, 7.7, 7.0, 7.56]
['2019-01-22', 7.42, 7.42, 7.42, 7.42]
['2019-01-23', 7.42, 7.42, 7.42, 7.42]
['2019-01-24', 7.28, 7.56, 7.28, 7.28]
['2019-01-25', 7.56, 7.84, 7.42, 7.56]
['2019-01-28', 7.42, 7.42, 7.28, 7.28]
['2019-01-29', 7.42, 7.63, 7.42, 7.42]
['2019-01-30', 7.42, 7.56, 7.42, 7.56]
['2019-01-31', 7.7, 7.7, 7.14, 7.56]
['2019-02-01', 7.14, 7.686, 7.0, 7.42]
['2019-02-04', 7.28, 7.308, 6.79, 7.0]
['2019-02-05', 7.42, 8.4, 7.28, 8.4]
['2019-02-06', 8.4, 8.4, 7.896, 7.98]
['2019-02-07', 7.826, 7.8386, 7.826, 7.8386]
['2019-02-08', 8.204, 8.26, 7.98, 7.98]
['2019-02-11', 7.98, 7.98, 7.84, 7.98]
['2019-02-12', 7.98, 7.98, 7.98, 7.98]
['2019-02-13', 7.98, 7.98, 6.44, 6.44]
['2019-02-14', 7.0, 7.98, 7.0, 7.98]
['2019-02-15', 8.3972, 8.3972, 7.0, 7.546]
['2019-02-19', 7.98, 7.98, 7.0, 7.7]
['2019-02-20', 6.3, 7.98, 6.3, 7.98]
['2019-02-21', 7.98, 7.98, 7.7, 7.84]
['2019-02-22', 7.966, 7.98, 7.7, 7.7]
['2019-02-25', 7.84, 7.98, 7.7, 7.7]
['2019-02-26', 7.98, 7.98, 7.7, 7.7]
['2019-02-27', 7.84, 7.84, 7.7, 7.7]
['2019-02-28', 7.84, 8.4, 7.7, 8.4]
['2019-03-01', 8.68, 8.771, 7.84, 8.68]
['2019-03-04', 8.68, 8.68, 8.68, 8.68]
['2019-03-05', 8.4, 8.68, 8.4, 8.4]
['2019-03-06', 8.4, 8.799, 8.4, 8.75]
['2019-03-07', 8.729, 9.52, 8.729, 9.38]
['2019-03-08', 9.66, 9.8, 9.1, 9.1]
['2019-03-11', 9.1, 9.1, 9.1, 9.1]
['2019-03-12', 9.086, 9.086, 9.086, 9.086]
['2019-03-13', 9.8, 9.8, 9.52, 9.52]
['2019-03-14', 9.66, 9.66, 9.66, 9.66]
['2019-03-15', 9.52, 9.52, 8.12, 9.52]
['2019-03-18', 9.52, 9.52, 9.38, 9.52]
['2019-03-19', 9.5186, 9.52, 9.38, 9.52]
['2019-03-20', 9.52, 9.52, 9.1, 9.24]
['2019-03-21', 9.24, 9.24, 9.24, 9.24]
['2019-03-22', 9.24, 9.24, 9.24, 9.24]
['2019-03-25', 8.414, 9.1, 7.91, 8.54]
['2019-03-26', 8.54, 10.36, 8.54, 10.08]
['2019-03-27', 10.5, 10.5, 10.08, 10.36]
['2019-03-28', 9.8, 10.36, 9.8, 10.36]
['2019-03-29', 10.36, 10.36, 10.08, 10.36]
['2019-04-01', 10.22, 10.36, 10.22, 10.36]
['2019-04-02', 10.36, 10.5, 9.8, 10.5]
['2019-04-03', 10.5, 10.5, 10.5, 10.5]
['2019-04-04', 10.64, 11.2, 10.5, 10.5]
['2019-04-05', 10.64, 11.2, 10.5, 10.5]
['2019-04-08', 10.5, 10.5, 9.8, 9.8]
['2019-04-09', 9.87, 10.36, 9.1, 9.1]
['2019-04-10', 9.38, 9.38, 9.1, 9.38]
['2019-04-11', 9.1, 9.1, 9.1, 9.1]
['2019-04-12', 9.1, 10.08, 9.1, 10.08]
['2019-04-15', 10.08, 10.5, 9.8, 9.94]
['2019-04-16', 9.387, 10.99, 9.387, 9.8]
['2019-04-17', 10.5, 11.2, 10.5, 11.2]
['2019-04-18', 10.36, 11.2, 10.08, 10.08]
['2019-04-22', 9.66, 10.0786, 9.38, 10.0786]
['2019-04-23', 10.92, 10.92, 10.92, 10.92]
['2019-04-24', 10.766, 10.9186, 9.8, 10.906]
['2019-04-25', 10.5, 10.5, 10.08, 10.08]
['2019-04-26', 10.08, 10.08, 10.08, 10.08]
['2019-04-29', 9.8, 10.5, 9.8, 10.36]
['2019-04-30', 10.08, 10.08, 10.08, 10.08]
['2019-05-01', 10.08, 10.08, 9.8, 9.8]
['2019-05-02', 9.9752, 10.08, 9.8, 9.8]
['2019-05-03', 9.8, 10.08, 9.1, 9.8]
['2019-05-06', 10.5, 10.64, 9.52, 9.52]
['2019-05-07', 10.024, 10.08, 9.52, 9.52]
['2019-05-08', 9.52, 9.8, 9.52, 9.8]
['2019-05-09', 9.8, 9.8, 9.24, 9.8]
['2019-05-10', 9.569, 9.8, 9.52, 9.8]
['2019-05-13', 9.94, 9.94, 8.4, 9.52]
['2019-05-14', 9.4528, 9.8, 9.4528, 9.8]
['2019-05-15', 10.15, 10.5, 8.68, 10.08]
['2019-05-16', 10.08, 10.08, 9.59, 9.8]
['2019-05-17', 10.36, 10.36, 9.1, 9.52]
['2019-05-20', 9.8, 10.08, 9.66, 9.66]
['2019-05-21', 9.94, 10.1108, 9.38, 10.08]
['2019-05-22', 10.08, 10.08, 9.38, 10.08]
['2019-05-23', 10.08, 10.08, 9.38, 10.0772]
['2019-05-24', 10.0646, 10.0646, 10.0646, 10.0646]
['2019-05-28', 10.0786, 10.36, 10.0786, 10.08]
['2019-05-29', 10.36, 10.36, 10.276, 10.36]
['2019-05-30', 10.36, 10.36, 10.08, 10.08]
['2019-05-31', 10.36, 10.5, 10.15, 10.36]
['2019-06-03', 10.36, 10.36, 10.36, 10.36]
['2019-06-04', 10.36, 10.36, 10.15, 10.15]
['2019-06-05', 10.36, 10.36, 10.08, 10.22]
['2019-06-06', 10.5, 10.5, 9.94, 10.36]
['2019-06-07', 10.92, 10.92, 10.08, 10.36]
['2019-06-10', 10.92, 12.46, 10.78, 10.78]
['2019-06-11', 11.48, 11.9, 10.43, 10.5]
['2019-06-12', 10.57, 11.2, 10.36, 11.2]
['2019-06-13', 11.62, 11.62, 10.78, 11.2]
['2019-06-14', 11.2, 12.6, 10.99, 11.9]
['2019-06-17', 11.9, 11.9, 11.48, 11.9]
['2019-06-18', 11.9, 11.9, 11.83, 11.9]
['2019-06-19', 11.76, 12.18, 11.76, 11.9]
['2019-06-20', 11.9, 11.9, 10.5, 11.1286]
['2019-06-21', 10.64, 10.78, 9.8, 10.78]
['2019-06-24', 10.78, 11.2, 9.52, 10.9186]
['2019-06-25', 11.06, 11.2, 10.78, 11.06]
['2019-06-26', 10.64, 11.2, 9.66, 11.2]
['2019-06-27', 11.2, 14.28, 11.06, 11.9]
['2019-06-28', 11.9, 11.9, 10.15, 10.15]
['2019-07-01', 11.62, 11.62, 10.22, 10.5]
['2019-07-02', 10.5, 10.5, 10.5, 10.5]
['2019-07-03', 10.5, 10.5, 10.5, 10.5]
['2019-07-05', 10.5, 10.5, 10.22, 10.22]
['2019-07-08', 10.5, 10.5, 9.52, 9.8]
['2019-07-09', 9.52, 10.22, 9.1, 9.9386]
['2019-07-10', 9.38, 10.22, 9.24, 9.8]
['2019-07-11', 9.94, 9.94, 9.0804, 9.8]
['2019-07-12', 9.8, 9.8, 9.59, 9.8]
['2019-07-15', 9.0804, 9.8, 9.0804, 9.8]
['2019-07-16', 9.8, 9.8, 9.8, 9.8]
['2019-07-17', 9.8, 9.94, 9.45, 9.94]
['2019-07-18', 9.429, 10.36, 9.429, 10.22]
['2019-07-19', 10.22, 10.22, 10.22, 10.22]
['2019-07-22', 9.59, 10.22, 9.59, 9.8]
['2019-07-23', 9.8, 10.36, 8.498, 8.498]
['2019-07-24', 8.68, 11.06, 8.47, 10.29]
['2019-07-25', 9.1, 10.5, 8.75, 9.1]
['2019-07-26', 9.8, 9.8, 8.26, 8.4]
['2019-07-29', 8.12, 9.52, 8.12, 8.96]
['2019-07-30', 8.295, 8.3475, 8.0095, 8.0095]
['2019-07-31', 7.98, 8.68, 7.98, 8.19]
['2019-08-01', 8.33, 8.33, 7.84, 7.98]
['2019-08-02', 7.875, 8.26, 7.42, 7.56]
['2019-08-05', 7.98, 7.98, 7.14, 7.35]
['2019-08-06', 7.98, 7.98, 6.93, 7.0297]
['2019-08-07', 6.51, 7.98, 6.51, 6.9986]
['2019-08-08', 6.58, 7.6986, 6.58, 7.0]
['2019-08-09', 6.4498, 7.42, 6.44, 7.2786]
['2019-08-12', 6.44, 7.7, 5.88, 7.7]
['2019-08-13', 7.7, 7.7, 6.72, 6.9986]
['2019-08-14', 0.495, 0.6, 0.47, 0.59]
['2019-08-15', 0.595, 0.595, 0.45, 0.51]
['2019-08-16', 0.5, 0.555, 0.4, 0.555]
['2019-08-19', 0.555, 0.608, 0.555, 0.601]
['2019-08-20', 0.61, 0.635, 0.55, 0.6]
['2019-08-21', 0.575, 0.6, 0.52, 0.52]
['2019-08-22', 0.52, 0.56, 0.5, 0.524]
['2019-08-23', 0.51, 0.51, 0.45, 0.48]
['2019-08-26', 0.48, 0.48, 0.42, 0.48]
['2019-08-27', 0.48, 0.5, 0.42, 0.48]
['2019-08-28', 0.478, 0.51, 0.439, 0.439]
['2019-08-29', 0.44, 0.508, 0.44, 0.49]
['2019-08-30', 0.49, 0.49, 0.49, 0.49]
['2019-09-03', 0.44, 0.48, 0.429, 0.48]
['2019-09-04', 0.48, 0.48, 0.452, 0.452]
['2019-09-05', 0.44, 0.45, 0.4, 0.403]
['2019-09-06', 0.45, 0.47, 0.395, 0.4]
['2019-09-09', 0.395, 0.42, 0.39, 0.393]
['2019-09-10', 0.4, 0.43, 0.32, 0.32]
['2019-09-11', 0.32, 0.49, 0.32, 0.371]
['2019-09-12', 0.411, 0.411, 0.371, 0.371]
['2019-09-13', 0.38, 0.399, 0.368, 0.399]
['2019-09-16', 0.399, 0.399, 0.355, 0.399]
['2019-09-17', 0.399, 0.399, 0.399, 0.399]
['2019-09-18', 0.377, 0.42, 0.355, 0.42]
['2019-09-19', 0.42, 0.46, 0.4, 0.45]
['2019-09-20', 0.37, 0.44, 0.37, 0.44]
['2019-09-23', 0.44, 0.45, 0.4, 0.45]
['2019-09-24', 0.45, 0.49, 0.445, 0.49]
['2019-09-25', 0.45, 0.53, 0.45, 0.5]
['2019-09-26', 0.5, 0.55, 0.48, 0.53]
['2019-09-27', 0.54, 0.54, 0.488, 0.53]
['2019-09-30', 0.51, 0.51, 0.49, 0.49]
['2019-10-01', 0.51, 0.51, 0.488, 0.5]
['2019-10-02', 0.5, 0.5, 0.5, 0.5]
['2019-10-03', 0.5, 0.51, 0.48, 0.51]
['2019-10-04', 0.51, 0.51, 0.51, 0.51]
['2019-10-07', 0.51, 0.52, 0.5, 0.51]
['2019-10-08', 0.5, 0.659, 0.493, 0.505]
['2019-10-09', 0.51, 0.52, 0.5, 0.5]
['2019-10-10', 0.5, 0.53, 0.49, 0.525]
['2019-10-11', 0.502, 0.502, 0.47, 0.47]
['2019-10-14', 0.5, 0.51, 0.5, 0.51]
['2019-10-15', 0.51, 0.51, 0.48, 0.51]
['2019-10-16', 0.49, 0.49, 0.465, 0.465]
['2019-10-17', 0.49, 0.506, 0.47, 0.47]
['2019-10-18', 0.46, 0.475, 0.46, 0.47]
['2019-10-21', 0.51, 0.52, 0.47, 0.52]
['2019-10-22', 0.52, 0.52, 0.47, 0.47]
['2019-10-23', 0.47, 0.51, 0.45, 0.47]
['2019-10-24', 0.5, 0.5, 0.5, 0.5]
['2019-10-25', 0.45, 0.5, 0.45, 0.5]
['2019-10-28', 0.5, 0.5, 0.5, 0.5]
['2019-10-29', 0.5, 0.5, 0.44, 0.44]
['2019-10-30', 0.43, 0.5, 0.428, 0.5]
['2019-10-31', 0.488, 0.488, 0.488, 0.488]
['2019-11-01', 0.488, 0.488, 0.488, 0.488]
['2019-11-04', 0.43, 0.48, 0.43, 0.48]
['2019-11-05', 0.48, 0.48, 0.46, 0.48]
['2019-11-06', 0.47, 0.48, 0.47, 0.48]
['2019-11-07', 0.47, 0.49, 0.44, 0.44]
['2019-11-08', 0.38, 0.48, 0.38, 0.455]
['2019-11-11', 0.455, 0.48, 0.455, 0.48]
['2019-11-12', 0.46, 0.48, 0.46, 0.48]
['2019-11-13', 0.45, 0.48, 0.45, 0.48]
['2019-11-14', 0.48, 0.48, 0.42, 0.48]
['2019-11-15', 0.48, 0.48, 0.47, 0.48]
['2019-11-18', 6.72, 6.72, 6.72, 6.72]
['2019-11-19', 6.72, 6.86, 6.58, 6.86]
['2019-11-20', 6.79, 6.79, 6.3, 6.58]
['2019-11-21', 6.58, 6.58, 6.58, 6.58]
['2019-11-22', 6.72, 6.72, 6.72, 6.72]
['2019-11-25', 6.72, 6.72, 6.16, 6.65]
['2019-11-26', 6.65, 6.65, 6.65, 6.65]
['2019-11-27', 6.65, 6.65, 6.65, 6.65]
['2019-11-29', 6.65, 6.65, 6.65, 6.65]
['2019-12-02', 6.58, 6.846, 6.58, 6.72]
['2019-12-03', 6.846, 6.846, 6.16, 6.72]
['2019-12-04', 6.846, 6.846, 6.02, 6.5156]
['2019-12-05', 6.37, 6.72, 6.16, 6.44]
['2019-12-06', 6.048, 6.79, 6.048, 6.72]
['2019-12-09', 6.72, 6.72, 6.37, 6.72]
['2019-12-10', 6.37, 6.545, 6.37, 6.545]
['2019-12-11', 6.545, 6.545, 6.545, 6.545]
['2019-12-12', 6.09, 7.0, 5.6, 6.86]
['2019-12-13', 7.0, 7.21, 6.706, 6.72]
['2019-12-16', 6.776, 6.9986, 6.776, 6.86]
['2019-12-17', 6.86, 6.9986, 6.8243, 6.9986]
['2019-12-18', 6.9986, 6.9986, 6.86, 6.86]
['2019-12-19', 6.86, 6.86, 6.02, 6.65]
['2019-12-20', 6.65, 6.86, 6.3, 6.86]
['2019-12-23', 6.86, 6.86, 6.58, 6.86]
['2019-12-24', 6.93, 6.9986, 6.93, 6.9986]
['2019-12-26', 6.9539, 6.9986, 6.4414, 6.9986]
['2019-12-27', 6.86, 7.0, 6.86, 7.0]
['2019-12-30', 7.0, 7.0, 6.4414, 6.9986]
['2019-12-31', 6.4414, 6.72, 6.4414, 6.6977]
['2020-01-02', 6.9986, 6.9986, 6.86, 6.86]
['2020-01-03', 6.72, 6.72, 6.72, 6.72]
['2020-01-06', 6.72, 6.9986, 5.6168, 6.9986]
['2020-01-07', 6.93, 6.93, 6.58, 6.72]
['2020-01-08', 6.72, 6.72, 6.72, 6.72]
['2020-01-09', 6.58, 6.58, 6.44, 6.44]
['2020-01-10', 6.048, 6.44, 5.656, 6.44]
['2020-01-13', 6.2664, 6.986, 6.2664, 6.986]
['2020-01-14', 6.923, 7.0, 6.86, 6.8705]
['2020-01-15', 6.93, 6.93, 6.86, 6.86]
['2020-01-16', 6.86, 6.93, 6.8495, 6.86]
['2020-01-17', 6.9, 7.0, 6.6, 7.0]
['2020-01-21', 6.96, 7.0, 6.95, 7.0]
['2020-01-22', 7.0, 7.0, 7.0, 7.0]
['2020-01-23', 6.94, 7.0, 6.56, 7.0]
['2020-01-28', 7.0, 7.0, 6.75, 6.8]
['2020-01-29', 6.8, 6.8, 6.8, 6.8]
['2020-02-12', 7.05, 7.15, 7.0, 7.0]
['2020-02-13', 6.06, 6.2, 5.96, 6.05]
['2020-02-14', 6.05, 6.1, 5.97, 5.99]
['2020-02-18', 6.34, 6.34, 5.97, 6.145]
['2020-02-19', 6.25, 6.25, 6.03, 6.05]
['2020-02-20', 6.053, 6.207, 6.05, 6.183]
['2020-02-21', 6.27, 6.338, 6.042, 6.09]
['2020-02-24', 6.058, 6.09, 6.023, 6.04]
['2020-02-25', 6.079, 6.241, 5.96, 5.96]
['2020-02-26', 6.038, 6.05, 5.96, 5.997]
['2020-02-27', 5.971, 5.971, 5.8, 5.92]
['2020-02-28', 5.71, 5.827, 5.6, 5.6]
['2020-03-02', 5.868, 6.0, 5.68, 5.7]
['2020-03-03', 5.64, 5.7, 5.52, 5.547]
['2020-03-04', 5.82, 5.895, 5.794, 5.794]
['2020-03-05', 5.631, 5.9, 5.62, 5.9]
['2020-03-06', 5.9, 5.9, 5.4, 5.69]
['2020-03-09', 5.34, 5.5, 5.15, 5.5]
['2020-03-10', 5.402, 5.9, 5.04, 5.8]
['2020-03-11', 5.71, 5.71, 5.04, 5.2]
['2020-03-12', 4.9, 5.99, 4.01, 4.01]
['2020-03-13', 4.4, 4.9, 4.1, 4.52]
['2020-03-16', 3.26, 4.81, 3.26, 3.8]
['2020-03-17', 4.119, 4.298, 4.119, 4.2]
['2020-03-18', 3.95, 4.5, 3.67, 4.22]
['2020-03-19', 3.97, 4.22, 3.642, 3.89]
['2020-03-20', 3.9, 4.72, 3.9, 4.72]
['2020-03-23', 4.69, 4.69, 4.69, 4.69]
['2020-03-24', 4.7, 4.7, 3.84, 4.46]
['2020-03-25', 4.105, 4.34, 4.105, 4.28]
['2020-03-26', 4.64, 4.64, 4.64, 4.64]
['2020-03-27', 4.74, 4.74, 4.49, 4.49]
['2020-03-30', 4.74, 4.75, 4.3, 4.5]
['2020-03-31', 4.74, 4.74, 4.472, 4.74]
['2020-04-01', 4.705, 4.705, 4.6, 4.695]
['2020-04-02', 4.6, 4.79, 4.45, 4.79]
['2020-04-03', 4.84, 4.84, 4.598, 4.6]
['2020-04-06', 4.825, 4.99, 4.825, 4.989]
['2020-04-07', 5.0, 5.165, 4.728, 4.982]
['2020-04-08', 4.8, 4.8, 4.782, 4.8]
['2020-04-09', 4.79, 4.8, 4.623, 4.8]
['2020-04-13', 5.0, 5.0, 4.222, 4.289]
['2020-04-14', 4.21, 4.4, 4.19, 4.4]
['2020-04-15', 4.4, 4.4, 4.0, 4.4]
['2020-04-16', 4.035, 4.37, 4.035, 4.25]
['2020-04-17', 4.16, 5.0, 4.16, 4.4]
['2020-04-20', 4.59, 4.95, 4.374, 4.428]
['2020-04-21', 4.39, 4.5, 4.25, 4.271]
['2020-04-22', 4.49, 4.49, 4.15, 4.15]
['2020-04-23', 4.3, 4.75, 4.11, 4.577]
['2020-04-24', 4.58, 5.4, 4.58, 5.0]
['2020-04-27', 5.32, 5.5, 5.131, 5.45]
['2020-04-28', 5.72, 5.72, 5.3, 5.43]
['2020-04-29', 5.65, 5.65, 5.36, 5.37]
['2020-04-30', 5.5, 5.55, 5.36, 5.36]
['2020-05-01', 5.38, 5.501, 5.35, 5.5]
['2020-05-04', 5.5, 5.5, 5.5, 5.5]
['2020-05-05', 5.319, 5.4, 5.269, 5.269]
['2020-05-06', 5.27, 5.27, 4.878, 4.878]
['2020-05-07', 5.3, 5.3, 4.76, 4.76]
['2020-05-08', 5.3, 5.3, 5.233, 5.233]
['2020-05-11', 5.19, 5.19, 5.115, 5.115]
['2020-05-12', 5.115, 5.19, 4.9, 4.995]
['2020-05-13', 5.16, 5.23, 5.0, 5.0]
['2020-05-14', 5.1, 5.102, 4.6, 4.82]
['2020-05-15', 4.39, 4.8, 4.25, 4.45]
