['2010-05-03', 17.5, 18.75, 16.5, 18.25]
['2010-05-04', 18.2, 20.5, 18.2, 20.5]
['2010-05-05', 21.0, 25.0, 20.0, 24.5]
['2010-05-06', 26.5, 28.0, 25.0, 28.0]
['2010-05-07', 28.0, 30.0, 25.0, 30.0]
['2010-05-10', 32.5, 32.5, 26.0, 32.5]
['2010-05-11', 33.0, 33.0, 30.5, 30.5]
['2010-05-12', 30.0, 30.5, 26.5, 26.5]
['2010-05-13', 25.55, 29.5, 25.0, 29.25]
['2010-05-14', 29.25, 29.25, 28.0, 29.0]
['2010-05-17', 29.0, 30.0, 28.05, 28.05]
['2010-05-18', 29.5, 29.5, 25.0, 26.5]
['2010-05-19', 26.5, 26.5, 25.5, 26.5]
['2010-05-20', 26.5, 26.5, 25.0, 26.5]
['2010-05-21', 26.5, 26.5, 25.0, 26.5]
['2010-05-24', 26.5, 26.5, 26.5, 26.5]
['2010-05-25', 24.0, 26.5, 24.0, 25.5]
['2010-05-26', 24.0, 25.5, 22.5, 25.5]
['2010-05-27', 25.5, 26.0, 25.0, 26.0]
['2010-05-28', 26.0, 26.0, 25.0, 25.0]
['2010-06-01', 23.0, 25.0, 23.0, 25.0]
['2010-06-02', 23.0, 25.0, 23.0, 25.0]
['2010-06-03', 23.0, 25.0, 23.0, 25.0]
['2010-06-04', 24.0, 25.0, 24.0, 25.0]
['2010-06-07', 24.5, 25.0, 24.5, 25.0]
['2010-06-08', 22.5, 25.0, 22.5, 25.0]
['2010-06-09', 25.0, 25.0, 23.0, 25.0]
['2010-06-10', 25.0, 26.5, 23.5, 25.5]
['2010-06-11', 25.5, 25.5, 25.5, 25.5]
['2010-06-14', 23.5, 27.0, 23.5, 27.0]
['2010-06-15', 26.0, 26.0, 25.0, 26.0]
['2010-06-16', 26.0, 26.0, 26.0, 26.0]
['2010-06-17', 25.5, 25.5, 25.5, 25.5]
['2010-06-18', 25.0, 25.25, 25.0, 25.25]
['2010-06-21', 25.0, 25.5, 23.5, 25.5]
['2010-06-22', 25.5, 25.5, 25.5, 25.5]
['2010-06-23', 23.5, 25.0, 23.5, 25.0]
['2010-06-24', 23.6, 25.0, 23.6, 25.0]
['2010-06-25', 25.0, 25.0, 25.0, 25.0]
['2010-06-28', 25.5, 25.5, 24.0, 25.5]
['2010-06-29', 25.5, 25.5, 25.5, 25.5]
['2010-06-30', 24.0, 25.0, 23.5, 24.0]
['2010-07-01', 23.5, 24.0, 23.5, 24.0]
['2010-07-02', 23.5, 24.0, 23.0, 23.5]
['2010-07-06', 24.0, 24.0, 23.5, 23.5]
['2010-07-07', 24.0, 24.0, 23.5, 24.0]
['2010-07-08', 21.75, 24.0, 21.75, 24.0]
['2010-07-09', 22.5, 25.0, 22.5, 24.5]
['2010-07-12', 28.0, 32.0, 27.5, 29.5]
['2010-07-13', 30.5, 30.75, 22.25, 24.0]
['2010-07-14', 24.45, 24.5, 22.0, 23.0]
['2010-07-15', 24.0, 25.0, 23.0, 24.5]
['2010-07-16', 25.0, 25.5, 22.5, 23.5]
['2010-07-19', 22.5, 24.5, 22.0, 24.0]
['2010-07-20', 23.5, 24.0, 21.8, 23.25]
['2010-07-21', 25.0, 25.0, 22.5, 23.5]
['2010-07-22', 24.5, 24.5, 20.5, 20.5]
['2010-07-23', 22.5, 22.5, 20.5, 20.5]
['2010-07-26', 22.5, 22.5, 20.5, 22.0]
['2010-07-27', 21.0, 22.5, 20.5, 21.5]
['2010-07-28', 21.5, 21.5, 20.0, 20.0]
['2010-07-29', 20.0, 20.0, 16.5, 19.5]
['2010-07-30', 19.0, 19.0, 17.5, 19.0]
['2010-08-02', 17.5, 19.0, 17.25, 18.0]
['2010-08-03', 18.0, 18.0, 16.5, 18.0]
['2010-08-04', 17.0, 18.0, 16.5, 17.0]
['2010-08-05', 17.0, 18.0, 17.0, 18.0]
['2010-08-06', 17.0, 17.0, 15.5, 15.5]
['2010-08-09', 16.75, 16.75, 13.0, 16.75]
['2010-08-10', 16.75, 16.75, 13.5, 16.7]
['2010-08-11', 15.0, 16.65, 15.0, 16.5]
['2010-08-12', 15.0, 16.5, 13.5, 14.0]
['2010-08-13', 13.5, 14.5, 13.5, 14.05]
['2010-08-16', 14.05, 14.05, 13.75, 13.75]
['2010-08-17', 13.75, 14.5, 12.5, 14.0]
['2010-08-18', 12.55, 13.5, 12.55, 12.8]
['2010-08-19', 12.55, 13.75, 12.5, 13.5]
['2010-08-20', 14.0, 14.5, 13.0, 14.5]
['2010-08-23', 14.5, 14.5, 13.5, 14.5]
['2010-08-24', 13.5, 14.0, 12.5, 12.5]
['2010-08-25', 12.5, 14.25, 12.5, 14.25]
['2010-08-26', 13.0, 15.5, 13.0, 15.5]
['2010-08-27', 15.0, 17.25, 13.0, 17.25]
['2010-08-30', 16.5, 17.25, 14.0, 15.0]
['2010-08-31', 16.5, 16.5, 12.5, 13.5]
['2010-09-01', 16.5, 16.5, 13.5, 15.5]
['2010-09-02', 15.5, 15.5, 14.0, 14.5]
['2010-09-03', 15.0, 15.0, 15.0, 15.0]
['2010-09-07', 15.0, 15.0, 14.0, 14.0]
['2010-09-08', 13.75, 13.75, 13.75, 13.75]
['2010-09-09', 13.75, 15.0, 13.75, 15.0]
['2010-09-10', 15.0, 16.0, 13.75, 16.0]
['2010-09-13', 15.4, 16.0, 15.0, 16.0]
['2010-09-14', 16.0, 17.0, 16.0, 16.0]
['2010-09-15', 16.5, 21.5, 16.5, 17.5]
['2010-09-16', 18.05, 21.0, 18.05, 20.5]
['2010-09-17', 21.0, 22.5, 21.0, 21.5]
['2010-09-20', 22.25, 22.25, 22.0, 22.25]
['2010-09-21', 22.0, 22.0, 21.0, 21.0]
['2010-09-22', 21.0, 22.0, 21.0, 22.0]
['2010-09-23', 21.0, 22.0, 21.0, 22.0]
['2010-09-24', 22.0, 22.0, 20.5, 21.0]
['2010-09-27', 21.5, 21.5, 20.0, 21.25]
['2010-09-28', 21.25, 21.5, 21.25, 21.5]
['2010-09-29', 20.1, 21.75, 20.1, 21.75]
['2010-09-30', 20.1, 21.5, 20.0, 21.5]
['2010-10-01', 22.0, 22.0, 20.0, 22.0]
['2010-10-04', 22.0, 22.0, 22.0, 22.0]
['2010-10-05', 22.0, 22.0, 19.5, 19.5]
['2010-10-06', 22.0, 22.0, 19.5, 19.5]
['2010-10-07', 19.5, 22.0, 19.5, 22.0]
['2010-10-08', 22.0, 22.5, 22.0, 22.0]
['2010-10-11', 23.0, 23.0, 20.0, 22.5]
['2010-10-12', 22.5, 22.5, 21.0, 22.5]
['2010-10-13', 23.0, 31.5, 22.5, 24.5]
['2010-10-14', 24.0, 25.0, 24.0, 25.0]
['2010-10-15', 25.0, 25.5, 23.0, 25.5]
['2010-10-18', 26.0, 26.0, 23.0, 25.0]
['2010-10-19', 23.5, 25.0, 22.5, 24.95]
['2010-10-20', 24.95, 25.0, 23.05, 24.95]
['2010-10-21', 24.95, 24.95, 23.5, 23.5]
['2010-10-22', 23.5, 23.5, 22.5, 22.5]
['2010-10-25', 22.5, 22.75, 21.5, 22.75]
['2010-10-26', 21.5, 22.5, 20.0, 22.5]
['2010-10-27', 20.25, 22.5, 20.25, 22.5]
['2010-10-28', 22.5, 22.5, 20.5, 22.0]
['2010-10-29', 22.0, 22.0, 21.0, 21.5]
['2010-11-01', 21.5, 21.95, 20.75, 20.75]
['2010-11-02', 20.75, 21.95, 20.75, 21.95]
['2010-11-03', 20.75, 21.95, 20.75, 21.9]
['2010-11-04', 20.75, 21.9, 20.75, 20.75]
['2010-11-05', 20.0, 20.75, 18.5, 18.5]
['2010-11-08', 20.5, 22.95, 19.95, 20.0]
['2010-11-09', 20.0, 22.45, 20.0, 20.0]
['2010-11-10', 19.5, 22.45, 19.5, 22.45]
['2010-11-11', 20.0, 21.0, 20.0, 21.0]
['2010-11-12', 20.0, 20.0, 20.0, 20.0]
['2010-11-15', 19.5, 22.0, 19.5, 21.0]
['2010-11-16', 20.5, 21.0, 20.5, 20.5]
['2010-11-17', 20.0, 20.0, 20.0, 20.0]
['2010-11-18', 19.5, 21.0, 19.5, 21.0]
['2010-11-19', 21.0, 21.0, 19.75, 20.0]
['2010-11-22', 20.0, 22.0, 20.0, 21.75]
['2010-11-23', 21.75, 22.0, 19.5, 22.0]
['2010-11-24', 20.0, 20.0, 20.0, 20.0]
['2010-11-26', 19.5, 20.0, 19.5, 20.0]
['2010-11-29', 19.5, 20.0, 19.5, 20.0]
['2010-11-30', 22.0, 22.0, 19.5, 20.0]
['2010-12-01', 20.0, 20.0, 18.0, 20.0]
['2010-12-02', 19.0, 20.0, 19.0, 20.0]
['2010-12-03', 19.0, 20.0, 19.0, 19.5]
['2010-12-06', 19.25, 20.0, 19.25, 20.0]
['2010-12-07', 20.0, 20.0, 19.0, 20.0]
['2010-12-08', 20.0, 20.0, 18.5, 20.0]
['2010-12-09', 20.0, 20.0, 17.5, 17.5]
['2010-12-10', 21.0, 21.0, 17.5, 20.0]
['2010-12-13', 17.5, 21.0, 17.5, 21.0]
['2010-12-14', 18.0, 20.0, 18.0, 20.0]
['2010-12-15', 19.05, 21.0, 19.05, 20.5]
['2010-12-16', 20.0, 20.0, 19.0, 19.0]
['2010-12-17', 19.5, 20.0, 19.5, 19.5]
['2010-12-20', 19.0, 20.0, 19.0, 19.5]
['2010-12-21', 19.5, 21.0, 19.5, 20.0]
['2010-12-22', 21.0, 21.0, 20.5, 20.5]
['2010-12-23', 20.5, 21.0, 20.5, 21.0]
['2010-12-27', 20.5, 21.0, 20.5, 21.0]
['2010-12-28', 21.0, 21.0, 20.5, 20.5]
['2010-12-29', 20.0, 20.0, 20.0, 20.0]
['2010-12-30', 20.0, 20.0, 20.0, 20.0]
['2010-12-31', 20.0, 21.0, 20.0, 21.0]
['2011-01-03', 19.0, 21.0, 18.5, 21.0]
['2011-01-04', 19.05, 21.0, 19.05, 20.5]
['2011-01-05', 19.55, 20.5, 19.55, 19.8]
['2011-01-06', 19.75, 22.5, 19.75, 22.5]
['2011-01-07', 20.05, 20.05, 20.05, 20.05]
['2011-01-10', 19.75, 21.0, 19.5, 21.0]
['2011-01-11', 21.0, 24.0, 20.0, 24.0]
['2011-01-12', 23.7, 24.0, 21.0, 24.0]
['2011-01-13', 24.0, 24.0, 21.0, 24.0]
['2011-01-14', 24.0, 24.0, 24.0, 24.0]
['2011-01-18', 24.0, 24.0, 22.0, 24.0]
['2011-01-19', 24.0, 24.0, 24.0, 24.0]
['2011-01-20', 23.5, 23.5, 22.0, 23.5]
['2011-01-21', 23.0, 23.0, 22.1, 22.1]
['2011-01-24', 22.5, 24.0, 22.5, 24.0]
['2011-01-25', 23.3, 25.0, 23.3, 24.5]
['2011-01-26', 29.5, 29.5, 25.5, 27.25]
['2011-01-27', 26.5, 28.5, 26.0, 26.25]
['2011-01-28', 26.5, 28.0, 26.5, 27.45]
['2011-01-31', 27.4, 28.5, 27.4, 27.5]
['2011-02-01', 27.0, 29.0, 27.0, 27.5]
['2011-02-02', 27.5, 28.75, 27.5, 27.75]
['2011-02-03', 29.0, 29.0, 26.5, 28.75]
['2011-02-04', 28.75, 29.0, 27.8, 29.0]
['2011-02-07', 28.4, 29.0, 27.8, 28.5]
['2011-02-08', 28.0, 28.0, 28.0, 28.0]
['2011-02-09', 28.5, 28.5, 28.0, 28.0]
['2011-02-10', 27.8, 27.8, 25.5, 25.75]
['2011-02-11', 28.0, 29.7, 27.5, 29.7]
['2011-02-14', 29.7, 29.7, 28.25, 28.5]
['2011-02-15', 29.7, 29.7, 28.5, 29.0]
['2011-02-16', 29.0, 31.0, 28.55, 31.0]
['2011-02-17', 31.0, 31.25, 30.25, 31.25]
['2011-02-18', 31.5, 36.0, 31.15, 36.0]
['2011-02-22', 37.0, 37.0, 31.5, 34.75]
['2011-02-23', 35.0, 35.5, 31.5, 33.95]
['2011-02-24', 35.75, 37.5, 34.0, 37.45]
['2011-02-25', 38.0, 39.0, 37.45, 38.5]
['2011-02-28', 39.25, 41.0, 39.0, 41.0]
['2011-03-01', 41.25, 41.5, 33.0, 37.5]
['2011-03-02', 35.6, 39.5, 35.6, 38.0]
['2011-03-03', 38.5, 39.95, 37.0, 39.75]
['2011-03-04', 40.0, 40.25, 36.0, 37.5]
['2011-03-07', 36.0, 37.0, 31.0, 32.0]
['2011-03-08', 32.0, 32.0, 27.5, 31.0]
['2011-03-09', 32.0, 32.5, 30.5, 32.0]
['2011-03-10', 31.55, 35.0, 31.55, 33.5]
['2011-03-11', 32.5, 37.45, 32.5, 37.0]
['2011-03-14', 36.95, 37.95, 36.0, 37.75]
['2011-03-15', 37.5, 37.95, 35.5, 37.95]
['2011-03-16', 36.5, 37.95, 33.0, 36.0]
['2011-03-17', 34.55, 36.0, 34.5, 35.95]
['2011-03-18', 35.95, 36.4, 34.5, 35.5]
['2011-03-21', 37.4, 37.5, 35.5, 36.5]
['2011-03-22', 36.25, 37.5, 35.0, 35.75]
['2011-03-23', 37.0, 37.5, 33.5, 36.5]
['2011-03-24', 36.5, 36.5, 31.5, 34.0]
['2011-03-25', 34.25, 34.25, 30.5, 32.0]
['2011-03-28', 32.0, 33.5, 22.25, 27.1]
['2011-03-29', 26.5, 34.0, 26.5, 29.05]
['2011-03-30', 29.0, 31.5, 29.0, 30.0]
['2011-03-31', 31.5, 31.5, 29.0, 30.5]
['2011-04-01', 32.5, 32.5, 29.5, 30.5]
['2011-04-04', 30.5, 31.5, 29.5, 31.0]
['2011-04-05', 31.5, 32.0, 29.55, 29.55]
['2011-04-06', 30.25, 32.5, 29.75, 32.5]
['2011-04-07', 32.5, 33.0, 31.0, 31.0]
['2011-04-08', 31.5, 36.0, 28.0, 35.0]
['2011-04-11', 34.5, 35.0, 30.0, 31.5]
['2011-04-12', 31.0, 34.0, 30.0, 31.0]
['2011-04-13', 30.0, 32.5, 28.0, 29.5]
['2011-04-14', 29.5, 32.5, 29.5, 31.5]
['2011-04-15', 31.5, 31.5, 29.5, 31.0]
['2011-04-18', 29.5, 32.5, 29.5, 29.5]
['2011-04-19', 28.5, 31.0, 28.5, 30.0]
['2011-04-20', 28.25, 30.5, 27.5, 28.0]
['2011-04-21', 28.0, 30.0, 27.5, 29.0]
['2011-04-25', 29.0, 29.0, 27.5, 28.0]
['2011-04-26', 27.5, 27.95, 26.6, 27.0]
['2011-04-27', 27.75, 27.9, 26.6, 27.05]
['2011-04-28', 27.0, 27.0, 25.5, 25.5]
['2011-04-29', 25.5, 25.5, 19.0, 24.5]
['2011-05-02', 23.5, 24.5, 23.1, 23.1]
['2011-05-03', 23.1, 24.5, 22.55, 23.5]
['2011-05-04', 24.5, 24.5, 22.5, 23.5]
['2011-05-05', 23.0, 25.0, 23.0, 25.0]
['2011-05-06', 22.5, 26.5, 22.5, 23.5]
['2011-05-09', 25.0, 26.0, 21.3, 23.5]
['2011-05-10', 26.0, 26.0, 23.0, 23.5]
['2011-05-11', 23.1, 23.5, 20.05, 23.0]
['2011-05-12', 20.05, 25.5, 20.05, 23.5]
['2011-05-13', 24.5, 24.5, 20.05, 23.0]
['2011-05-16', 22.0, 27.25, 21.25, 21.25]
['2011-05-17', 21.55, 24.5, 21.55, 24.5]
['2011-05-18', 24.5, 24.5, 22.5, 24.0]
['2011-05-19', 24.5, 26.0, 24.0, 25.5]
['2011-05-20', 25.0, 25.5, 24.0, 24.0]
['2011-05-23', 23.5, 25.5, 22.0, 23.0]
['2011-05-24', 23.5, 26.0, 23.5, 25.0]
['2011-05-25', 26.0, 27.45, 24.55, 27.45]
['2011-05-26', 27.5, 27.9, 26.0, 27.0]
['2011-05-27', 27.0, 28.0, 26.0, 27.0]
['2011-05-31', 27.95, 28.5, 26.0, 26.0]
['2011-06-01', 25.5, 27.95, 25.5, 26.75]
['2011-06-02', 27.45, 28.0, 26.3, 27.5]
['2011-06-03', 27.0, 28.45, 26.3, 27.5]
['2011-06-06', 27.5, 28.45, 21.5, 26.25]
['2011-06-07', 26.0, 26.95, 24.75, 25.5]
['2011-06-08', 25.0, 25.5, 22.5, 22.5]
['2011-06-09', 22.0, 23.0, 21.0, 21.5]
['2011-06-10', 21.0, 22.0, 20.0, 21.0]
['2011-06-13', 22.5, 22.5, 20.0, 21.0]
['2011-06-14', 22.0, 22.0, 19.5, 19.75]
['2011-06-15', 20.0, 20.0, 17.75, 20.0]
['2011-06-16', 20.0, 20.0, 15.6, 18.75]
['2011-06-17', 17.1, 18.95, 16.25, 17.0]
['2011-06-20', 16.5, 18.95, 16.5, 18.9]
['2011-06-21', 18.75, 18.95, 17.05, 18.95]
['2011-06-22', 19.0, 19.0, 16.8, 18.75]
['2011-06-23', 17.5, 18.75, 16.8, 16.85]
['2011-06-24', 17.0, 17.75, 17.0, 17.05]
['2011-06-27', 18.4, 18.4, 16.75, 18.15]
['2011-06-28', 17.05, 18.65, 16.5, 18.65]
['2011-06-29', 19.45, 19.75, 18.25, 18.75]
['2011-06-30', 19.5, 19.5, 17.55, 18.0]
['2011-07-01', 19.0, 19.7, 17.55, 18.5]
['2011-07-05', 17.55, 19.65, 17.55, 18.5]
['2011-07-06', 18.5, 18.5, 17.5, 18.0]
['2011-07-07', 17.5, 18.75, 17.5, 18.0]
['2011-07-08', 18.5, 18.5, 17.55, 18.5]
['2011-07-11', 17.55, 18.2, 17.05, 17.05]
['2011-07-12', 16.5, 17.95, 15.1, 15.5]
['2011-07-13', 16.95, 16.95, 15.5, 15.5]
['2011-07-14', 15.05, 16.0, 14.0, 15.5]
['2011-07-15', 14.0, 15.4, 11.55, 13.9]
['2011-07-18', 13.85, 13.95, 12.0, 13.5]
['2011-07-19', 13.45, 13.45, 12.5, 12.5]
['2011-07-20', 12.5, 12.75, 11.5, 11.55]
['2011-07-21', 11.55, 13.35, 11.5, 12.5]
['2011-07-22', 13.3, 13.3, 12.5, 13.3]
['2011-07-25', 12.5, 13.95, 12.05, 13.95]
['2011-07-26', 13.95, 13.95, 12.1, 13.0]
['2011-07-27', 15.0, 15.0, 12.6, 14.0]
['2011-07-28', 12.05, 14.0, 12.05, 13.45]
['2011-07-29', 13.45, 14.95, 12.25, 12.5]
['2011-08-01', 12.55, 14.75, 12.55, 14.65]
['2011-08-02', 14.0, 14.0, 13.5, 13.5]
['2011-08-03', 13.15, 14.5, 13.15, 14.5]
['2011-08-04', 15.0, 15.0, 12.5, 14.25]
['2011-08-05', 12.5, 14.15, 12.5, 13.5]
['2011-08-08', 13.5, 14.45, 12.5, 14.45]
['2011-08-09', 13.5, 14.4, 12.5, 14.4]
['2011-08-10', 14.75, 14.75, 12.5, 13.7]
['2011-08-11', 13.5, 14.25, 13.0, 13.5]
['2011-08-12', 14.0, 14.0, 12.0, 13.0]
['2011-08-15', 12.0, 13.4, 12.0, 12.25]
['2011-08-16', 12.5, 14.0, 12.5, 14.0]
['2011-08-17', 14.0, 16.0, 11.55, 15.25]
['2011-08-18', 17.4, 17.5, 13.1, 16.0]
['2011-08-19', 17.0, 17.0, 12.5, 16.5]
['2011-08-22', 14.55, 17.5, 14.55, 14.55]
['2011-08-23', 15.0, 15.5, 14.55, 15.0]
['2011-08-24', 15.25, 15.25, 14.55, 14.75]
['2011-08-25', 14.75, 15.0, 14.5, 14.5]
['2011-08-26', 14.75, 15.45, 14.55, 14.55]
['2011-08-29', 14.75, 15.5, 14.55, 14.75]
['2011-08-30', 14.55, 15.0, 14.5, 14.75]
['2011-08-31', 14.75, 15.25, 14.5, 15.25]
['2011-09-01', 15.25, 15.25, 14.55, 14.55]
['2011-09-02', 14.5, 17.5, 14.5, 17.5]
['2011-09-06', 17.5, 17.5, 14.5, 17.5]
['2011-09-07', 13.5, 17.45, 13.5, 16.95]
['2011-09-08', 15.5, 16.0, 14.5, 15.0]
['2011-09-09', 15.0, 16.0, 13.5, 16.0]
['2011-09-12', 13.5, 16.9, 13.5, 13.5]
['2011-09-13', 17.0, 17.0, 13.55, 16.0]
['2011-09-14', 17.0, 17.0, 13.6, 17.0]
['2011-09-15', 15.5, 17.0, 15.0, 17.0]
['2011-09-16', 15.0, 16.75, 15.0, 15.0]
['2011-09-19', 15.0, 16.45, 15.0, 16.45]
['2011-09-20', 15.5, 16.2, 14.5, 16.2]
['2011-09-21', 16.2, 16.2, 14.5, 16.15]
['2011-09-22', 15.05, 15.95, 14.5, 14.5]
['2011-09-23', 14.5, 15.5, 14.0, 15.45]
['2011-09-26', 15.45, 15.45, 14.0, 14.5]
['2011-09-27', 14.5, 14.5, 13.5, 13.5]
['2011-09-28', 13.5, 13.75, 12.5, 12.5]
['2011-09-29', 12.5, 13.5, 12.5, 13.5]
['2011-09-30', 11.5, 14.95, 11.5, 13.25]
['2011-10-03', 11.5, 14.95, 11.5, 12.5]
['2011-10-04', 12.5, 12.5, 11.6, 12.4]
['2011-10-05', 11.75, 12.4, 11.5, 12.4]
['2011-10-06', 11.5, 12.25, 11.0, 12.0]
['2011-10-07', 11.5, 11.5, 10.0, 10.0]
['2011-10-10', 12.0, 12.0, 10.75, 12.0]
['2011-10-11', 12.0, 12.0, 12.0, 12.0]
['2011-10-12', 12.0, 12.0, 10.0, 11.95]
['2011-10-13', 10.0, 11.5, 10.0, 11.5]
['2011-10-14', 10.0, 11.5, 7.4, 10.25]
['2011-10-17', 8.55, 10.0, 8.55, 10.0]
['2011-10-18', 10.2, 10.2, 9.05, 10.2]
['2011-10-19', 9.25, 10.25, 9.25, 10.25]
['2011-10-20', 9.55, 10.25, 9.55, 10.2]
['2011-10-21', 10.2, 12.4, 9.55, 12.4]
['2011-10-24', 12.25, 12.25, 11.0, 11.5]
['2011-10-25', 11.5, 12.25, 11.5, 12.25]
['2011-10-26', 11.25, 12.5, 11.25, 12.25]
['2011-10-27', 12.4, 12.5, 11.25, 12.4]
['2011-10-28', 12.5, 12.95, 11.3, 12.95]
['2011-10-31', 12.5, 13.0, 11.3, 13.0]
['2011-11-01', 13.0, 13.0, 11.8, 13.0]
['2011-11-02', 13.0, 13.0, 10.75, 13.0]
['2011-11-03', 13.0, 13.0, 11.0, 11.5]
['2011-11-04', 11.5, 13.0, 11.5, 13.0]
['2011-11-07', 13.0, 13.0, 12.0, 13.0]
['2011-11-08', 11.55, 12.0, 11.55, 12.0]
['2011-11-09', 12.0, 13.0, 11.55, 13.0]
['2011-11-10', 12.5, 13.0, 11.6, 13.0]
['2011-11-11', 11.6, 15.5, 11.6, 15.0]
['2011-11-14', 14.0, 15.0, 12.5, 12.5]
['2011-11-15', 13.0, 15.0, 12.0, 15.0]
['2011-11-16', 15.0, 16.5, 13.5, 15.5]
['2011-11-17', 14.5, 14.5, 13.5, 13.5]
['2011-11-18', 13.5, 14.5, 13.5, 13.5]
['2011-11-21', 12.55, 14.75, 12.55, 14.75]
['2011-11-22', 14.25, 15.0, 14.25, 14.5]
['2011-11-23', 14.5, 14.5, 14.5, 14.5]
['2011-11-25', 14.5, 14.5, 14.5, 14.5]
['2011-11-28', 12.5, 14.25, 12.5, 14.25]
['2011-11-29', 12.5, 14.2, 12.5, 12.5]
['2011-11-30', 12.5, 14.15, 12.5, 13.95]
['2011-12-01', 13.95, 14.0, 11.6, 12.5]
['2011-12-02', 12.15, 13.0, 12.15, 13.0]
['2011-12-05', 13.0, 13.7, 12.4, 13.7]
['2011-12-06', 13.65, 13.65, 13.0, 13.65]
['2011-12-07', 12.5, 13.65, 12.25, 13.0]
['2011-12-08', 13.0, 13.0, 12.5, 12.55]
['2011-12-09', 12.55, 13.0, 12.25, 12.25]
['2011-12-12', 11.5, 12.45, 11.5, 12.45]
['2011-12-13', 11.55, 12.5, 11.55, 12.5]
['2011-12-14', 11.55, 12.0, 11.55, 11.8]
['2011-12-15', 11.8, 13.95, 11.5, 13.95]
['2011-12-16', 11.55, 14.0, 11.55, 14.0]
['2011-12-19', 12.0, 12.5, 12.0, 12.05]
['2011-12-20', 12.05, 13.9, 12.0, 12.5]
['2011-12-21', 12.05, 13.7, 12.0, 13.7]
['2011-12-22', 13.7, 13.75, 12.0, 13.5]
['2011-12-23', 12.05, 13.75, 12.0, 12.05]
['2011-12-27', 12.05, 13.7, 11.65, 11.65]
['2011-12-28', 11.65, 11.75, 11.6, 11.75]
['2011-12-29', 11.8, 12.0, 11.6, 11.6]
['2011-12-30', 11.5, 12.75, 11.5, 11.55]
['2012-01-03', 11.65, 11.65, 11.5, 11.5]
['2012-01-04', 12.5, 12.6, 11.5, 11.5]
['2012-01-05', 11.5, 12.5, 10.75, 10.75]
['2012-01-06', 10.75, 10.75, 10.75, 10.75]
['2012-01-09', 10.75, 12.45, 10.5, 12.45]
['2012-01-10', 10.8, 11.0, 10.8, 11.0]
['2012-01-11', 12.0, 12.4, 10.85, 12.4]
['2012-01-12', 12.45, 12.45, 12.0, 12.0]
['2012-01-13', 10.5, 12.0, 10.0, 11.9]
['2012-01-17', 11.9, 11.9, 11.0, 11.05]
['2012-01-18', 11.95, 12.0, 11.05, 11.5]
['2012-01-19', 11.0, 11.95, 10.3, 11.5]
['2012-01-20', 11.5, 12.0, 11.0, 12.0]
['2012-01-23', 11.95, 11.95, 11.0, 11.0]
['2012-01-24', 11.25, 12.4, 10.75, 10.75]
['2012-01-25', 11.5, 11.5, 10.7, 11.0]
['2012-01-26', 11.0, 11.7, 11.0, 11.7]
['2012-01-27', 12.0, 12.0, 11.5, 11.55]
['2012-01-30', 11.5, 12.0, 11.0, 11.0]
['2012-01-31', 11.0, 12.35, 10.0, 11.5]
['2012-02-01', 10.5, 11.45, 9.5, 11.2]
['2012-02-02', 9.05, 11.2, 9.05, 11.0]
['2012-02-03', 9.05, 11.0, 9.05, 9.5]
['2012-02-06', 11.0, 11.0, 9.55, 11.0]
['2012-02-07', 10.5, 11.2, 10.1, 11.2]
['2012-02-08', 10.1, 11.0, 10.0, 11.0]
['2012-02-09', 10.0, 11.2, 10.0, 11.0]
['2012-02-10', 11.0, 11.0, 10.05, 11.0]
['2012-02-13', 10.05, 11.0, 10.05, 10.6]
['2012-02-14', 11.0, 11.05, 10.6, 11.05]
['2012-02-15', 11.0, 11.5, 11.0, 11.5]
['2012-02-16', 11.5, 12.4, 11.5, 12.2]
['2012-02-17', 11.1, 12.35, 11.1, 12.25]
['2012-02-21', 12.25, 12.25, 12.0, 12.25]
['2012-02-22', 12.4, 12.5, 11.1, 11.5]
['2012-02-23', 11.55, 12.25, 11.55, 12.0]
['2012-02-24', 11.6, 12.2, 11.55, 12.2]
['2012-02-27', 12.2, 12.2, 11.55, 11.55]
['2012-02-28', 11.55, 12.15, 11.55, 12.15]
['2012-02-29', 12.0, 12.45, 12.0, 12.0]
['2012-03-01', 11.6, 12.25, 11.05, 11.05]
['2012-03-02', 11.1, 12.15, 11.1, 11.1]
['2012-03-05', 12.1, 12.1, 11.15, 12.05]
['2012-03-06', 11.05, 11.05, 11.05, 11.05]
['2012-03-07', 11.05, 11.4, 11.0, 11.05]
['2012-03-08', 11.05, 12.05, 11.05, 12.0]
['2012-03-09', 12.05, 12.15, 11.05, 12.0]
['2012-03-12', 12.0, 12.25, 12.0, 12.0]
['2012-03-13', 12.0, 12.45, 12.0, 12.45]
['2012-03-14', 11.05, 11.1, 11.05, 11.1]
['2012-03-15', 11.1, 12.45, 11.1, 11.1]
['2012-03-16', 11.1, 11.25, 11.1, 11.25]
['2012-03-19', 11.25, 12.4, 11.25, 12.25]
['2012-03-20', 11.55, 12.25, 11.55, 11.75]
['2012-03-21', 12.0, 12.2, 11.75, 12.2]
['2012-03-22', 12.2, 12.2, 12.2, 12.2]
['2012-03-23', 11.5, 12.45, 11.5, 12.0]
['2012-03-26', 11.55, 13.0, 11.55, 12.5]
['2012-03-27', 12.5, 12.5, 11.75, 12.5]
['2012-03-28', 12.95, 12.95, 10.5, 12.95]
['2012-03-29', 13.0, 14.5, 12.5, 14.5]
['2012-03-30', 13.0, 14.5, 13.0, 14.5]
['2012-04-02', 14.5, 14.5, 12.5, 14.45]
['2012-04-03', 14.5, 14.9, 13.5, 14.45]
['2012-04-04', 12.55, 14.5, 12.55, 14.5]
['2012-04-05', 14.5, 17.45, 14.25, 17.45]
['2012-04-09', 17.5, 20.0, 16.5, 19.0]
['2012-04-10', 19.0, 19.75, 17.0, 17.1]
['2012-04-11', 18.0, 19.45, 17.1, 18.0]
['2012-04-12', 19.0, 19.25, 18.0, 19.0]
['2012-04-13', 19.45, 19.45, 17.1, 18.0]
['2012-04-16', 17.15, 18.0, 17.15, 17.5]
['2012-04-17', 17.5, 17.5, 17.25, 17.25]
['2012-04-18', 17.25, 17.25, 17.0, 17.0]
['2012-04-19', 16.55, 17.2, 13.6, 15.0]
['2012-04-20', 15.0, 15.0, 13.6, 14.5]
['2012-04-23', 14.95, 14.95, 14.85, 14.85]
['2012-04-24', 13.6, 14.85, 12.0, 14.85]
['2012-04-25', 14.85, 14.85, 14.85, 14.85]
['2012-04-26', 14.7, 14.7, 12.0, 14.5]
['2012-04-27', 14.35, 14.35, 12.0, 14.3]
['2012-04-30', 14.3, 14.3, 14.2, 14.3]
['2012-05-01', 12.5, 14.0, 12.0, 12.0]
['2012-05-02', 12.0, 12.9, 11.5, 12.85]
['2012-05-03', 11.05, 13.0, 11.05, 13.0]
['2012-05-04', 13.0, 13.0, 13.0, 13.0]
['2012-05-07', 13.25, 13.25, 13.25, 13.25]
['2012-05-08', 11.25, 12.5, 11.25, 12.5]
['2012-05-09', 12.5, 12.5, 11.0, 12.0]
['2012-05-10', 12.0, 12.0, 11.25, 12.0]
['2012-05-11', 12.0, 12.0, 11.5, 12.0]
['2012-05-14', 11.25, 11.5, 11.25, 11.5]
['2012-05-15', 11.0, 12.0, 9.75, 11.0]
['2012-05-16', 11.0, 11.0, 11.0, 11.0]
['2012-05-17', 10.0, 10.0, 10.0, 10.0]
['2012-05-18', 10.0, 11.75, 10.0, 11.0]
['2012-05-21', 11.85, 11.85, 10.0, 11.4]
['2012-05-22', 10.25, 11.4, 10.25, 11.4]
['2012-05-23', 11.25, 11.5, 11.25, 11.5]
['2012-05-24', 11.5, 11.5, 10.25, 11.25]
['2012-05-25', 11.25, 11.25, 10.25, 10.25]
['2012-05-29', 10.25, 10.25, 10.25, 10.25]
['2012-05-30', 10.25, 11.25, 10.25, 11.25]
['2012-05-31', 10.0, 12.4, 10.0, 10.25]
['2012-06-01', 11.25, 11.5, 10.0, 11.5]
['2012-06-04', 11.95, 11.95, 10.0, 10.0]
['2012-06-05', 11.0, 11.0, 11.0, 11.0]
['2012-06-06', 12.45, 12.45, 10.0, 10.0]
['2012-06-07', 10.0, 11.0, 10.0, 11.0]
['2012-06-08', 10.25, 10.25, 10.0, 10.25]
['2012-06-11', 10.0, 10.25, 10.0, 10.25]
['2012-06-12', 10.0, 10.0, 9.5, 9.5]
['2012-06-13', 10.0, 11.0, 10.0, 10.0]
['2012-06-14', 11.0, 11.0, 8.85, 8.9]
['2012-06-15', 10.0, 11.5, 9.25, 11.5]
['2012-06-18', 10.0, 10.5, 9.5, 10.5]
['2012-06-19', 9.5, 10.0, 9.5, 10.0]
['2012-06-20', 9.5, 9.5, 9.5, 9.5]
['2012-06-21', 9.5, 11.75, 9.5, 11.5]
['2012-06-22', 9.5, 9.5, 9.5, 9.5]
['2012-06-25', 9.5, 9.5, 9.0, 9.5]
['2012-06-26', 11.25, 11.25, 9.0, 9.0]
['2012-06-27', 11.25, 11.25, 11.25, 11.25]
['2012-06-28', 9.0, 9.0, 9.0, 9.0]
['2012-06-29', 9.0, 10.0, 9.0, 9.5]
['2012-07-02', 10.0, 10.0, 10.0, 10.0]
['2012-07-03', 9.95, 9.95, 9.0, 9.0]
['2012-07-05', 9.5, 9.95, 9.0, 9.95]
['2012-07-06', 9.95, 9.95, 9.95, 9.95]
['2012-07-09', 9.95, 9.95, 9.25, 9.5]
['2012-07-10', 9.25, 9.5, 9.25, 9.5]
['2012-07-11', 9.0, 9.0, 9.0, 9.0]
['2012-07-12', 9.0, 9.0, 8.5, 8.5]
['2012-07-13', 8.5, 8.5, 8.5, 8.5]
['2012-07-16', 8.5, 9.5, 8.5, 9.5]
['2012-07-17', 8.25, 8.25, 8.25, 8.25]
['2012-07-18', 8.5, 9.5, 8.5, 8.5]
['2012-07-19', 8.5, 8.5, 8.25, 8.25]
['2012-07-20', 8.5, 8.95, 8.25, 8.95]
['2012-07-23', 9.5, 9.5, 8.45, 9.0]
['2012-07-24', 9.0, 9.0, 9.0, 9.0]
['2012-07-25', 9.05, 9.5, 9.0, 9.0]
['2012-07-26', 10.0, 11.0, 9.5, 10.0]
['2012-07-27', 10.0, 10.0, 9.0, 9.0]
['2012-07-30', 9.0, 9.0, 8.75, 9.0]
['2012-07-31', 8.5, 9.0, 8.5, 8.5]
['2012-08-01', 8.75, 8.75, 8.75, 8.75]
['2012-08-02', 9.0, 9.0, 9.0, 9.0]
['2012-08-03', 8.75, 9.0, 8.5, 8.55]
['2012-08-06', 8.75, 9.0, 8.55, 9.0]
['2012-08-07', 9.0, 9.5, 8.55, 9.0]
['2012-08-08', 8.55, 9.0, 8.5, 8.5]
['2012-08-09', 9.0, 9.0, 8.05, 8.5]
['2012-08-10', 8.25, 8.25, 8.05, 8.25]
['2012-08-13', 8.25, 8.25, 7.75, 8.0]
['2012-08-14', 8.75, 9.0, 8.0, 8.0]
['2012-08-15', 8.0, 8.0, 7.75, 8.0]
['2012-08-16', 8.75, 8.75, 8.75, 8.75]
['2012-08-17', 8.25, 8.25, 7.75, 7.75]
['2012-08-20', 8.0, 8.5, 8.0, 8.0]
['2012-08-21', 8.5, 8.5, 8.5, 8.5]
['2012-08-22', 8.5, 8.5, 8.1, 8.1]
['2012-08-23', 8.25, 8.25, 8.25, 8.25]
['2012-08-24', 8.1, 8.1, 8.1, 8.1]
['2012-08-27', 8.1, 8.5, 8.0, 8.0]
['2012-08-28', 8.0, 8.0, 8.0, 8.0]
['2012-08-29', 8.45, 8.5, 8.45, 8.5]
['2012-08-30', 8.0, 8.0, 8.0, 8.0]
['2012-08-31', 8.0, 8.7, 8.0, 8.0]
['2012-09-04', 8.0, 8.0, 7.75, 8.0]
['2012-09-05', 8.0, 8.0, 8.0, 8.0]
['2012-09-06', 7.75, 8.0, 7.75, 8.0]
['2012-09-07', 8.0, 8.0, 7.75, 7.75]
['2012-09-10', 7.75, 7.75, 7.75, 7.75]
['2012-09-11', 8.25, 8.25, 7.75, 7.75]
['2012-09-12', 7.75, 8.25, 7.75, 8.2]
['2012-09-13', 8.25, 8.25, 7.75, 8.2]
['2012-09-14', 8.2, 8.2, 8.2, 8.2]
['2012-09-17', 8.0, 8.15, 7.75, 8.15]
['2012-09-18', 8.0, 8.0, 7.75, 7.75]
['2012-09-19', 7.75, 8.0, 7.25, 7.25]
['2012-09-20', 7.0, 8.0, 6.5, 7.0]
['2012-09-21', 7.0, 7.5, 6.75, 6.75]
['2012-09-24', 6.75, 6.75, 6.75, 6.75]
['2012-09-25', 7.9, 8.0, 7.25, 7.5]
['2012-09-26', 7.5, 7.5, 6.5, 6.5]
['2012-09-27', 7.5, 7.5, 6.5, 6.5]
['2012-09-28', 7.5, 7.5, 7.5, 7.5]
['2012-10-01', 6.5, 6.5, 6.5, 6.5]
['2012-10-02', 6.5, 6.5, 6.5, 6.5]
['2012-10-03', 7.5, 7.5, 6.5, 7.5]
['2012-10-04', 7.5, 7.5, 6.5, 7.5]
['2012-10-05', 6.5, 6.5, 6.5, 6.5]
['2012-10-08', 6.5, 7.5, 6.5, 6.5]
['2012-10-09', 6.5, 6.5, 6.5, 6.5]
['2012-10-10', 6.5, 7.0, 6.5, 7.0]
['2012-10-11', 6.75, 7.0, 6.5, 6.5]
['2012-10-12', 6.5, 8.0, 6.5, 8.0]
['2012-10-15', 6.5, 8.0, 6.5, 8.0]
['2012-10-16', 6.5, 8.0, 6.5, 7.9]
['2012-10-17', 7.75, 7.75, 7.75, 7.75]
['2012-10-18', 6.5, 7.0, 5.75, 7.0]
['2012-10-19', 7.0, 7.0, 7.0, 7.0]
['2012-10-22', 6.0, 7.0, 6.0, 7.0]
['2012-10-23', 5.75, 6.0, 5.75, 6.0]
['2012-10-24', 5.75, 6.0, 5.75, 6.0]
['2012-10-25', 5.75, 7.0, 5.75, 5.75]
['2012-10-26', 7.0, 7.0, 5.75, 5.75]
['2012-10-31', 6.15, 6.15, 5.75, 5.75]
['2012-11-01', 5.75, 5.75, 5.75, 5.75]
['2012-11-02', 7.0, 7.0, 5.75, 6.5]
['2012-11-05', 6.5, 7.0, 6.0, 6.5]
['2012-11-06', 7.0, 7.25, 6.75, 7.25]
['2012-11-07', 7.5, 7.75, 6.75, 7.05]
['2012-11-08', 7.75, 7.75, 7.75, 7.75]
['2012-11-09', 7.5, 7.75, 7.25, 7.75]
['2012-11-12', 7.25, 7.25, 7.25, 7.25]
['2012-11-13', 7.5, 7.75, 7.0, 7.0]
['2012-11-14', 7.0, 7.25, 7.0, 7.0]
['2012-11-15', 6.75, 7.0, 6.75, 7.0]
['2012-11-16', 7.0, 7.5, 7.0, 7.5]
['2012-11-19', 7.0, 7.5, 7.0, 7.5]
['2012-11-20', 7.5, 7.5, 7.0, 7.25]
['2012-11-21', 7.25, 7.25, 7.25, 7.25]
['2012-11-23', 7.25, 7.25, 7.25, 7.25]
['2012-11-26', 7.25, 7.75, 6.75, 6.75]
['2012-11-27', 6.75, 8.0, 6.75, 7.0]
['2012-11-28', 6.75, 8.0, 6.75, 6.75]
['2012-11-29', 6.75, 7.0, 6.75, 7.0]
['2012-11-30', 7.0, 8.5, 7.0, 8.5]
['2012-12-03', 8.5, 8.5, 7.95, 7.95]
['2012-12-04', 8.5, 8.5, 6.75, 8.0]
['2012-12-05', 8.0, 8.0, 7.25, 7.25]
['2012-12-06', 7.25, 8.0, 7.25, 8.0]
['2012-12-07', 8.2, 8.2, 7.75, 8.0]
['2012-12-10', 8.0, 8.2, 8.0, 8.0]
['2012-12-11', 7.25, 8.75, 7.25, 8.0]
['2012-12-12', 8.0, 8.75, 8.0, 8.75]
['2012-12-13', 8.5, 9.0, 8.5, 9.0]
['2012-12-14', 9.0, 9.0, 8.5, 8.5]
['2012-12-17', 8.5, 9.0, 8.5, 8.5]
['2012-12-18', 8.5, 8.5, 8.5, 8.5]
['2012-12-19', 8.5, 8.5, 8.5, 8.5]
['2012-12-20', 8.5, 9.25, 7.5, 8.0]
['2012-12-21', 7.65, 8.5, 7.65, 8.5]
['2012-12-24', 8.5, 8.5, 8.5, 8.5]
['2012-12-26', 8.5, 8.5, 8.5, 8.5]
['2012-12-27', 8.0, 9.0, 8.0, 9.0]
['2012-12-28', 8.0, 8.75, 8.0, 8.0]
['2012-12-31', 8.0, 8.5, 8.0, 8.5]
['2013-01-02', 8.0, 8.75, 8.0, 8.75]
['2013-01-03', 8.75, 8.75, 8.75, 8.75]
['2013-01-04', 8.0, 9.0, 8.0, 8.0]
['2013-01-07', 8.25, 8.25, 8.0, 8.0]
['2013-01-08', 8.5, 9.0, 8.0, 8.75]
['2013-01-09', 8.55, 9.0, 8.55, 9.0]
['2013-01-10', 8.0, 8.0, 8.0, 8.0]
['2013-01-11', 9.0, 9.0, 8.5, 8.5]
['2013-01-14', 8.75, 8.75, 8.75, 8.75]
['2013-01-15', 9.0, 9.5, 9.0, 9.0]
['2013-01-16', 9.25, 9.5, 9.0, 9.5]
['2013-01-17', 9.0, 10.0, 9.0, 9.5]
['2013-01-18', 8.5, 9.5, 8.5, 9.5]
['2013-01-22', 9.95, 9.95, 8.75, 8.75]
['2013-01-23', 8.75, 9.75, 8.5, 9.0]
['2013-01-24', 9.0, 9.0, 9.0, 9.0]
['2013-01-25', 9.0, 9.95, 9.0, 9.95]
['2013-01-28', 9.0, 9.95, 8.0, 9.0]
['2013-01-29', 9.0, 9.5, 8.75, 8.75]
['2013-01-30', 10.0, 10.0, 9.0, 9.0]
['2013-01-31', 9.5, 11.0, 9.35, 11.0]
['2013-02-01', 11.0, 11.5, 10.0, 11.5]
['2013-02-04', 11.0, 17.5, 10.25, 14.5]
['2013-02-05', 14.5, 14.5, 11.5, 14.0]
['2013-02-06', 14.0, 14.0, 11.75, 14.0]
['2013-02-07', 12.0, 13.0, 12.0, 13.0]
['2013-02-08', 13.0, 14.0, 13.0, 13.0]
['2013-02-11', 12.5, 14.5, 12.25, 13.0]
['2013-02-12', 14.0, 14.45, 12.0, 12.0]
['2013-02-13', 11.5, 13.0, 11.5, 11.5]
['2013-02-14', 13.0, 13.0, 11.0, 12.75]
['2013-02-15', 12.75, 13.0, 12.5, 12.5]
['2013-02-19', 13.5, 13.5, 12.5, 12.5]
['2013-02-20', 12.75, 13.75, 12.0, 13.75]
['2013-02-21', 13.75, 13.75, 11.5, 13.75]
['2013-02-22', 12.0, 13.75, 12.0, 13.5]
['2013-02-25', 13.5, 13.5, 12.0, 13.5]
['2013-02-26', 12.0, 12.75, 12.0, 12.75]
['2013-02-27', 12.75, 12.75, 11.5, 12.75]
['2013-02-28', 12.0, 12.0, 11.5, 11.5]
['2013-03-01', 11.5, 13.5, 11.5, 13.5]
['2013-03-04', 13.45, 13.45, 12.75, 13.45]
['2013-03-05', 13.45, 13.45, 12.5, 12.5]
['2013-03-06', 12.5, 12.5, 12.5, 12.5]
['2013-03-07', 12.45, 12.45, 11.5, 11.5]
['2013-03-08', 12.45, 12.45, 10.5, 10.5]
['2013-03-11', 9.5, 11.0, 9.5, 9.5]
['2013-03-12', 10.5, 10.5, 10.0, 10.0]
['2013-03-13', 10.25, 13.0, 10.25, 12.0]
['2013-03-14', 12.0, 12.75, 12.0, 12.0]
['2013-03-15', 12.0, 12.0, 12.0, 12.0]
['2013-03-18', 12.5, 12.5, 8.9, 12.5]
['2013-03-19', 12.0, 12.0, 10.5, 10.5]
['2013-03-20', 11.0, 11.0, 10.5, 10.5]
['2013-03-21', 12.5, 12.5, 10.0, 10.0]
['2013-03-22', 10.0, 10.0, 9.0, 10.0]
['2013-03-25', 10.0, 10.0, 8.5, 10.0]
['2013-03-26', 10.0, 10.0, 8.5, 10.0]
['2013-03-27', 8.5, 10.0, 8.5, 10.0]
['2013-03-28', 10.0, 10.0, 10.0, 10.0]
['2013-04-01', 11.25, 11.25, 11.0, 11.25]
['2013-04-02', 11.25, 11.25, 10.5, 10.5]
['2013-04-03', 9.0, 9.0, 9.0, 9.0]
['2013-04-04', 11.25, 12.5, 11.25, 12.5]
['2013-04-05', 11.5, 12.0, 9.1, 9.55]
['2013-04-08', 10.95, 12.0, 10.25, 12.0]
['2013-04-09', 12.5, 12.5, 12.0, 12.45]
['2013-04-10', 12.0, 12.0, 9.05, 9.5]
['2013-04-11', 10.0, 10.0, 9.75, 9.75]
['2013-04-12', 9.75, 11.55, 9.75, 11.0]
['2013-04-15', 11.0, 11.0, 9.5, 9.5]
['2013-04-16', 9.5, 11.25, 9.5, 10.05]
['2013-04-17', 10.05, 10.05, 10.05, 10.05]
['2013-04-18', 10.05, 11.5, 10.05, 11.5]
['2013-04-19', 10.05, 10.55, 10.05, 10.05]
['2013-04-22', 10.3, 10.5, 9.0, 9.25]
['2013-04-23', 10.0, 11.0, 9.0, 9.0]
['2013-04-24', 11.0, 11.0, 9.0, 9.0]
['2013-04-25', 10.7, 10.7, 9.0, 9.0]
['2013-04-26', 9.0, 9.0, 9.0, 9.0]
['2013-04-29', 8.5, 10.7, 8.5, 9.0]
['2013-04-30', 10.5, 10.7, 8.5, 9.0]
['2013-05-01', 9.0, 9.0, 9.0, 9.0]
['2013-05-02', 9.0, 9.0, 9.0, 9.0]
['2013-05-03', 8.5, 9.5, 8.5, 8.5]
['2013-05-06', 8.5, 8.5, 8.5, 8.5]
['2013-05-07', 8.5, 8.5, 8.5, 8.5]
['2013-05-08', 8.5, 9.0, 8.5, 8.5]
['2013-05-09', 9.5, 9.5, 8.5, 8.5]
['2013-05-10', 8.5, 8.75, 8.0, 8.0]
['2013-05-13', 9.85, 10.0, 8.0, 8.0]
['2013-05-14', 8.0, 9.0, 8.0, 9.0]
['2013-05-15', 9.0, 9.95, 8.05, 9.95]
['2013-05-16', 8.05, 10.0, 8.05, 8.05]
['2013-05-17', 9.0, 9.95, 9.0, 9.95]
['2013-05-20', 10.0, 10.5, 9.0, 10.5]
['2013-05-21', 11.0, 11.0, 10.0, 10.0]
['2013-05-22', 10.0, 10.5, 10.0, 10.5]
['2013-05-23', 10.5, 10.5, 9.25, 9.25]
['2013-05-24', 7.5, 11.0, 7.5, 10.5]
['2013-05-28', 9.5, 9.5, 9.5, 9.5]
['2013-05-29', 12.5, 12.5, 9.5, 10.5]
['2013-05-30', 12.25, 12.25, 9.0, 10.0]
['2013-05-31', 10.0, 10.0, 10.0, 10.0]
['2013-06-03', 10.0, 10.0, 10.0, 10.0]
['2013-06-04', 10.0, 10.0, 9.75, 9.75]
['2013-06-05', 10.5, 11.0, 9.75, 10.0]
['2013-06-06', 10.0, 10.0, 10.0, 10.0]
['2013-06-07', 10.0, 11.0, 10.0, 11.0]
['2013-06-10', 10.5, 10.5, 10.0, 10.0]
['2013-06-11', 10.0, 10.0, 10.0, 10.0]
['2013-06-12', 10.0, 10.0, 10.0, 10.0]
['2013-06-13', 10.0, 10.0, 9.75, 9.75]
['2013-06-14', 10.0, 10.0, 9.75, 9.95]
['2013-06-17', 9.0, 9.0, 9.0, 9.0]
['2013-06-18', 9.0, 9.0, 9.0, 9.0]
['2013-06-19', 9.0, 10.5, 9.0, 10.5]
['2013-06-20', 10.5, 10.5, 9.0, 9.0]
['2013-06-21', 10.0, 10.0, 10.0, 10.0]
['2013-06-24', 9.0, 9.0, 9.0, 9.0]
['2013-06-25', 10.5, 10.5, 10.5, 10.5]
['2013-06-26', 10.5, 10.5, 10.5, 10.5]
['2013-06-27', 9.2, 10.5, 9.0, 10.5]
['2013-06-28', 10.5, 10.5, 10.5, 10.5]
['2013-07-01', 9.0, 10.0, 9.0, 10.0]
['2013-07-02', 9.0, 11.0, 9.0, 9.0]
['2013-07-03', 11.0, 11.0, 10.0, 10.0]
['2013-07-05', 9.0, 11.0, 9.0, 11.0]
['2013-07-08', 11.0, 11.0, 11.0, 11.0]
['2013-07-09', 9.0, 10.5, 9.0, 10.5]
['2013-07-10', 9.0, 10.5, 9.0, 10.5]
['2013-07-11', 9.1, 9.25, 9.0, 9.25]
['2013-07-12', 10.25, 10.75, 10.25, 10.75]
['2013-07-15', 10.75, 11.5, 9.0, 10.5]
['2013-07-16', 9.25, 10.0, 9.25, 9.25]
['2013-07-17', 9.3, 9.3, 9.3, 9.3]
['2013-07-18', 9.3, 9.35, 9.3, 9.35]
['2013-07-19', 10.0, 10.0, 9.25, 9.25]
['2013-07-22', 10.0, 10.0, 9.25, 9.25]
['2013-07-23', 9.25, 9.25, 9.25, 9.25]
['2013-07-24', 9.25, 9.25, 9.25, 9.25]
['2013-07-25', 9.25, 10.5, 9.25, 10.5]
['2013-07-26', 10.5, 10.5, 10.5, 10.5]
['2013-07-29', 11.0, 11.0, 11.0, 11.0]
['2013-07-30', 11.0, 11.25, 10.5, 11.25]
['2013-07-31', 11.25, 11.25, 10.0, 10.0]
['2013-08-01', 10.25, 11.25, 10.25, 11.0]
['2013-08-02', 11.0, 11.25, 11.0, 11.25]
['2013-08-05', 11.25, 11.25, 9.5, 10.5]
['2013-08-06', 9.5, 9.5, 9.5, 9.5]
['2013-08-07', 9.5, 9.5, 9.5, 9.5]
['2013-08-08', 9.5, 9.5, 9.5, 9.5]
['2013-08-09', 9.5, 10.0, 9.5, 10.0]
['2013-08-12', 10.0, 11.0, 9.5, 9.55]
['2013-08-13', 9.55, 9.55, 9.55, 9.55]
['2013-08-14', 9.55, 10.0, 9.55, 10.0]
['2013-08-15', 10.0, 10.25, 9.75, 10.25]
['2013-08-16', 10.0, 10.0, 9.75, 9.75]
['2013-08-19', 10.0, 10.0, 9.75, 10.0]
['2013-08-20', 10.0, 12.45, 10.0, 10.25]
['2013-08-21', 10.5, 10.5, 10.25, 10.25]
['2013-08-22', 10.25, 10.25, 10.0, 10.25]
['2013-08-23', 9.55, 10.0, 9.0, 9.0]
['2013-08-26', 9.0, 10.0, 9.0, 10.0]
['2013-08-27', 10.0, 10.5, 9.05, 10.45]
['2013-08-28', 10.45, 10.45, 6.75, 9.5]
['2013-08-29', 7.5, 9.5, 7.5, 9.25]
['2013-08-30', 7.0, 8.75, 6.75, 8.75]
['2013-09-03', 7.25, 7.25, 7.25, 7.25]
['2013-09-04', 7.5, 7.5, 7.5, 7.5]
['2013-09-05', 9.25, 9.25, 7.75, 7.75]
['2013-09-06', 9.0, 9.0, 9.0, 9.0]
['2013-09-09', 9.0, 9.0, 7.55, 9.0]
['2013-09-10', 9.0, 9.0, 9.0, 9.0]
['2013-09-11', 8.5, 9.0, 8.5, 9.0]
['2013-09-12', 8.5, 8.5, 8.5, 8.5]
['2013-09-13', 9.0, 9.0, 9.0, 9.0]
['2013-09-16', 8.15, 9.0, 8.15, 9.0]
['2013-09-17', 8.5, 9.0, 8.5, 9.0]
['2013-09-18', 9.0, 9.0, 8.85, 8.85]
['2013-09-19', 8.95, 8.95, 8.5, 8.5]
['2013-09-20', 9.05, 9.05, 7.5, 8.25]
['2013-09-23', 8.25, 8.85, 8.25, 8.85]
['2013-09-24', 9.0, 9.0, 8.5, 8.95]
['2013-09-25', 8.95, 8.95, 8.25, 8.25]
['2013-09-26', 8.25, 8.25, 7.5, 7.6]
['2013-09-27', 8.95, 8.95, 6.75, 8.25]
['2013-09-30', 8.0, 8.75, 7.0, 8.5]
['2013-10-01', 8.75, 9.0, 8.75, 9.0]
['2013-10-02', 9.0, 9.0, 9.0, 9.0]
['2013-10-03', 8.0, 8.0, 7.5, 7.5]
['2013-10-04', 8.5, 8.5, 7.5, 7.5]
['2013-10-07', 7.4, 8.0, 6.75, 8.0]
['2013-10-08', 8.0, 8.0, 7.5, 8.0]
['2013-10-09', 8.0, 8.0, 8.0, 8.0]
['2013-10-10', 7.5, 8.0, 7.5, 8.0]
['2013-10-11', 7.5, 7.5, 7.5, 7.5]
['2013-10-14', 7.5, 8.0, 7.5, 8.0]
['2013-10-15', 8.0, 8.0, 7.5, 7.5]
['2013-10-16', 8.0, 8.0, 7.5, 7.5]
['2013-10-17', 7.5, 8.0, 7.5, 8.0]
['2013-10-18', 8.0, 8.5, 7.5, 7.5]
['2013-10-21', 8.0, 9.0, 8.0, 9.0]
['2013-10-22', 7.5, 8.7, 7.5, 8.0]
['2013-10-23', 7.5, 8.25, 7.5, 7.5]
['2013-10-24', 7.5, 8.25, 7.5, 8.25]
['2013-10-25', 8.25, 8.25, 7.5, 8.25]
['2013-10-28', 8.25, 8.25, 8.25, 8.25]
['2013-10-29', 7.75, 8.25, 7.75, 7.75]
['2013-10-30', 7.75, 7.75, 7.75, 7.75]
['2013-10-31', 7.5, 7.5, 7.5, 7.5]
['2013-11-01', 7.9, 7.9, 7.9, 7.9]
['2013-11-04', 7.5, 7.5, 7.5, 7.5]
['2013-11-05', 7.5, 7.5, 7.5, 7.5]
['2013-11-06', 7.5, 7.5, 7.5, 7.5]
['2013-11-07', 6.0, 7.0, 6.0, 7.0]
['2013-11-08', 8.0, 8.0, 7.75, 7.75]
['2013-11-11', 7.5, 8.0, 7.5, 7.5]
['2013-11-12', 6.0, 7.25, 6.0, 7.25]
['2013-11-13', 7.5, 8.75, 7.0, 8.75]
['2013-11-14', 8.0, 8.75, 7.5, 8.75]
['2013-11-15', 8.5, 8.5, 7.25, 8.0]
['2013-11-18', 8.0, 8.0, 7.25, 7.25]
['2013-11-19', 7.0, 7.25, 7.0, 7.25]
['2013-11-20', 8.0, 8.0, 7.5, 7.75]
['2013-11-21', 7.75, 8.0, 7.5, 8.0]
['2013-11-22', 8.0, 8.0, 6.0, 8.0]
['2013-11-25', 8.0, 8.75, 7.75, 8.25]
['2013-11-26', 8.0, 8.0, 8.0, 8.0]
['2013-11-27', 8.0, 8.5, 8.0, 8.5]
['2013-11-29', 8.5, 8.5, 8.5, 8.5]
['2013-12-02', 7.5, 8.5, 7.5, 7.5]
['2013-12-03', 7.0, 8.5, 7.0, 8.4]
['2013-12-04', 8.5, 8.75, 7.55, 7.55]
['2013-12-05', 8.0, 8.0, 7.3, 7.5]
['2013-12-06', 8.0, 8.0, 7.25, 7.5]
['2013-12-09', 7.5, 8.0, 7.25, 8.0]
['2013-12-10', 7.5, 7.9, 7.5, 7.9]
['2013-12-11', 7.9, 7.9, 7.25, 7.5]
['2013-12-12', 7.35, 7.7, 6.5, 7.5]
['2013-12-13', 6.4, 7.5, 6.4, 6.4]
['2013-12-16', 6.5, 7.0, 6.4, 6.4]
['2013-12-17', 6.0, 7.75, 6.0, 7.0]
['2013-12-18', 7.75, 8.45, 6.6, 8.25]
['2013-12-19', 8.45, 8.5, 7.2, 8.5]
['2013-12-20', 8.7, 8.75, 7.25, 8.7]
['2013-12-23', 8.75, 8.75, 8.0, 8.65]
['2013-12-24', 8.5, 8.5, 8.25, 8.25]
['2013-12-26', 7.8, 8.45, 7.8, 8.45]
['2013-12-27', 7.75, 8.25, 7.75, 8.25]
['2013-12-30', 8.5, 8.5, 7.75, 7.75]
['2013-12-31', 7.75, 9.0, 7.75, 9.0]
['2014-01-02', 9.0, 9.0, 8.5, 8.5]
['2014-01-03', 8.5, 8.5, 8.5, 8.5]
['2014-01-06', 9.0, 9.0, 8.5, 9.0]
['2014-01-07', 9.0, 9.0, 9.0, 9.0]
['2014-01-08', 9.0, 9.0, 8.5, 9.0]
['2014-01-09', 9.0, 9.0, 7.75, 7.75]
['2014-01-10', 9.0, 9.0, 7.8, 9.0]
['2014-01-13', 9.0, 9.0, 8.15, 8.5]
['2014-01-14', 8.5, 8.95, 7.75, 8.95]
['2014-01-15', 7.75, 8.5, 7.75, 8.5]
['2014-01-16', 7.85, 9.0, 7.85, 9.0]
['2014-01-17', 9.0, 9.0, 7.75, 8.95]
['2014-01-21', 7.75, 8.0, 6.75, 8.0]
['2014-01-22', 8.0, 8.0, 6.55, 6.55]
['2014-01-23', 8.25, 8.25, 8.25, 8.25]
['2014-01-24', 7.5, 8.5, 7.5, 8.25]
['2014-01-27', 8.5, 9.0, 7.0, 8.4]
['2014-01-28', 8.4, 9.0, 8.4, 8.85]
['2014-01-29', 9.0, 9.25, 7.4, 7.4]
['2014-01-30', 7.5, 9.0, 7.5, 9.0]
['2014-01-31', 9.0, 9.0, 9.0, 9.0]
['2014-02-03', 7.6, 9.0, 7.6, 7.6]
['2014-02-04', 7.6, 7.6, 7.6, 7.6]
['2014-02-05', 8.5, 8.5, 7.6, 8.5]
['2014-02-06', 7.75, 9.45, 7.75, 9.45]
['2014-02-07', 9.5, 9.5, 8.05, 8.5]
['2014-02-10', 8.5, 10.45, 8.5, 9.75]
['2014-02-11', 9.6, 10.45, 9.0, 10.45]
['2014-02-12', 10.25, 10.25, 9.05, 9.05]
['2014-02-13', 10.0, 10.0, 8.5, 9.5]
['2014-02-14', 10.0, 10.5, 9.0, 10.5]
['2014-02-18', 10.5, 10.5, 10.0, 10.25]
['2014-02-19', 9.25, 9.5, 8.6, 8.6]
['2014-02-20', 8.9, 9.25, 8.9, 9.0]
['2014-02-21', 9.5, 9.5, 9.15, 9.5]
['2014-02-24', 9.5, 9.5, 9.5, 9.5]
['2014-02-25', 9.5, 9.5, 8.6, 9.5]
['2014-02-26', 9.5, 9.5, 9.5, 9.5]
['2014-02-27', 9.95, 9.95, 8.6, 9.1]
['2014-02-28', 9.0, 9.0, 8.6, 8.6]
['2014-03-03', 8.5, 9.0, 8.5, 9.0]
['2014-03-04', 9.0, 9.0, 8.0, 8.75]
['2014-03-05', 8.0, 8.75, 8.0, 8.75]
['2014-03-06', 8.75, 8.75, 8.0, 8.5]
['2014-03-07', 8.5, 8.5, 8.5, 8.5]
['2014-03-10', 7.8, 8.5, 7.8, 8.0]
['2014-03-11', 8.0, 8.5, 8.0, 8.0]
['2014-03-12', 8.5, 8.5, 7.8, 7.8]
['2014-03-13', 8.5, 8.5, 7.5, 8.0]
['2014-03-14', 7.5, 8.0, 7.5, 7.5]
['2014-03-17', 7.0, 7.5, 6.8, 7.5]
['2014-03-18', 7.5, 7.5, 7.0, 7.5]
['2014-03-19', 7.5, 7.5, 7.0, 7.5]
['2014-03-20', 7.5, 7.5, 7.0, 7.1]
['2014-03-21', 7.15, 7.35, 7.15, 7.35]
['2014-03-24', 8.5, 8.5, 7.0, 7.25]
['2014-03-25', 8.2, 8.2, 7.05, 7.05]
['2014-03-26', 7.05, 8.0, 7.05, 7.1]
['2014-03-27', 8.45, 8.45, 7.1, 8.0]
['2014-03-28', 8.0, 8.0, 8.0, 8.0]
['2014-03-31', 7.25, 8.0, 7.25, 8.0]
['2014-04-01', 8.0, 8.0, 8.0, 8.0]
['2014-04-02', 7.3, 8.0, 7.0, 8.0]
['2014-04-03', 8.0, 8.0, 8.0, 8.0]
['2014-04-04', 7.0, 8.0, 7.0, 7.05]
['2014-04-07', 7.05, 7.85, 7.05, 7.85]
['2014-04-08', 7.5, 7.9, 7.0, 7.0]
['2014-04-09', 7.05, 7.9, 7.0, 7.0]
['2014-04-10', 6.75, 6.95, 6.75, 6.95]
['2014-04-11', 7.9, 7.9, 7.0, 7.9]
['2014-04-14', 7.9, 8.6, 6.75, 7.5]
['2014-04-15', 7.5, 7.9, 7.5, 7.5]
['2014-04-16', 7.5, 7.9, 7.5, 7.9]
['2014-04-17', 7.75, 8.0, 7.4, 8.0]
['2014-04-21', 7.4, 7.75, 7.0, 7.75]
['2014-04-22', 7.0, 8.0, 7.0, 8.0]
['2014-04-23', 7.75, 7.75, 7.75, 7.75]
['2014-04-24', 8.0, 8.0, 7.5, 7.5]
['2014-04-25', 7.1, 7.5, 7.1, 7.5]
['2014-04-28', 7.5, 7.5, 7.5, 7.5]
['2014-04-29', 7.5, 7.5, 7.5, 7.5]
['2014-04-30', 7.1, 7.5, 7.1, 7.5]
['2014-05-01', 7.5, 7.5, 7.1, 7.1]
['2014-05-02', 6.75, 7.5, 6.75, 7.0]
['2014-05-05', 7.5, 7.5, 7.45, 7.45]
['2014-05-06', 7.4, 7.4, 7.4, 7.4]
['2014-05-07', 7.05, 7.05, 7.05, 7.05]
['2014-05-08', 6.75, 6.9, 3.55, 3.55]
['2014-05-09', 5.5, 6.75, 5.25, 6.15]
['2014-05-12', 6.75, 7.0, 6.5, 7.0]
['2014-05-13', 7.25, 7.5, 5.55, 5.55]
['2014-05-14', 5.55, 7.45, 5.55, 7.2]
['2014-05-15', 7.25, 7.4, 6.0, 7.4]
['2014-05-16', 7.25, 7.25, 6.25, 6.25]
['2014-05-19', 6.4, 7.25, 6.4, 7.1]
['2014-05-20', 7.1, 7.5, 6.4, 7.5]
['2014-05-21', 7.25, 7.25, 7.0, 7.0]
['2014-05-22', 6.5, 6.5, 6.5, 6.5]
['2014-05-23', 7.5, 7.5, 7.5, 7.5]
['2014-05-27', 7.5, 7.5, 6.15, 7.5]
['2014-05-28', 6.15, 7.2, 6.15, 7.2]
['2014-05-29', 6.5, 6.5, 6.5, 6.5]
['2014-05-30', 6.1, 7.5, 5.5, 7.2]
['2014-06-02', 7.2, 7.2, 6.0, 6.0]
['2014-06-03', 7.5, 7.5, 3.75, 6.0]
['2014-06-04', 6.0, 6.0, 4.05, 4.05]
['2014-06-05', 6.0, 6.95, 4.1, 6.95]
['2014-06-06', 6.75, 7.5, 6.5, 7.5]
['2014-06-09', 7.5, 7.5, 5.1, 7.5]
['2014-06-10', 7.5, 7.5, 5.3, 7.5]
['2014-06-11', 5.75, 8.0, 5.75, 6.55]
['2014-06-12', 8.0, 10.0, 6.55, 8.5]
['2014-06-13', 15.5, 15.5, 9.0, 10.0]
['2014-06-16', 10.0, 10.0, 9.4, 9.4]
['2014-06-17', 9.0, 9.5, 8.95, 9.5]
['2014-06-18', 10.0, 10.0, 10.0, 10.0]
['2014-06-19', 10.0, 10.5, 9.5, 10.5]
['2014-06-20', 10.5, 11.5, 8.5, 8.5]
['2014-06-23', 10.0, 10.0, 9.0, 9.75]
['2014-06-24', 9.75, 9.75, 9.25, 9.5]
['2014-06-25', 9.5, 9.95, 9.5, 9.95]
['2014-06-26', 10.0, 10.0, 8.75, 9.5]
['2014-06-27', 9.25, 9.5, 9.25, 9.5]
['2014-06-30', 9.5, 9.5, 9.0, 9.5]
['2014-07-01', 8.55, 9.5, 8.55, 9.0]
['2014-07-02', 8.75, 10.0, 7.55, 9.5]
['2014-07-03', 10.0, 10.0, 10.0, 10.0]
['2014-07-07', 9.9, 10.0, 8.0, 8.75]
['2014-07-08', 9.25, 10.0, 7.45, 8.5]
['2014-07-09', 7.25, 9.25, 7.25, 8.25]
['2014-07-10', 9.25, 9.25, 9.25, 9.25]
['2014-07-11', 9.25, 9.25, 9.25, 9.25]
['2014-07-14', 9.5, 9.95, 9.0, 9.5]
['2014-07-15', 9.5, 9.95, 8.3, 8.3]
['2014-07-16', 9.0, 9.75, 8.75, 9.75]
['2014-07-17', 10.0, 10.0, 9.5, 9.5]
['2014-07-18', 9.0, 9.5, 9.0, 9.5]
['2014-07-21', 9.5, 10.0, 9.5, 10.0]
['2014-07-22', 9.5, 9.75, 9.0, 9.75]
['2014-07-23', 9.75, 9.75, 9.75, 9.75]
['2014-07-24', 9.75, 9.75, 9.75, 9.75]
['2014-07-25', 9.75, 9.75, 9.75, 9.75]
['2014-07-28', 9.5, 9.5, 9.5, 9.5]
['2014-07-29', 9.75, 9.75, 9.5, 9.5]
['2014-07-30', 9.25, 9.75, 9.0, 9.5]
['2014-07-31', 9.5, 9.5, 9.0, 9.0]
['2014-08-01', 9.0, 9.5, 8.5, 9.5]
['2014-08-04', 9.5, 9.5, 8.0, 9.5]
['2014-08-05', 9.5, 9.5, 9.5, 9.5]
['2014-08-06', 9.5, 9.5, 8.0, 9.5]
['2014-08-07', 9.5, 9.5, 9.5, 9.5]
['2014-08-08', 9.5, 9.5, 8.0, 8.25]
['2014-08-11', 9.0, 9.0, 8.5, 8.75]
['2014-08-12', 9.0, 9.0, 8.5, 8.5]
['2014-08-13', 9.0, 9.0, 8.5, 8.5]
['2014-08-14', 9.0, 9.0, 8.5, 8.5]
['2014-08-15', 8.05, 8.05, 8.05, 8.05]
['2014-08-18', 8.05, 9.0, 8.05, 9.0]
['2014-08-19', 8.15, 9.0, 8.05, 8.05]
['2014-08-20', 8.5, 9.0, 8.0, 9.0]
['2014-08-21', 8.05, 8.25, 8.05, 8.15]
['2014-08-22', 8.5, 8.5, 8.5, 8.5]
['2014-08-25', 8.05, 9.0, 8.05, 8.5]
['2014-08-26', 8.0, 8.0, 8.0, 8.0]
['2014-08-27', 8.5, 8.75, 8.25, 8.5]
['2014-08-28', 8.0, 8.75, 8.0, 8.75]
['2014-08-29', 8.25, 8.5, 8.0, 8.5]
['2014-09-02', 9.0, 9.0, 8.0, 8.0]
['2014-09-03', 8.0, 9.0, 8.0, 8.0]
['2014-09-04', 8.5, 8.5, 7.6, 8.1]
['2014-09-05', 7.5, 8.5, 7.5, 7.5]
['2014-09-08', 8.0, 8.0, 7.95, 8.0]
['2014-09-09', 8.0, 8.0, 8.0, 8.0]
['2014-09-10', 8.0, 8.0, 8.0, 8.0]
['2014-09-11', 8.5, 8.5, 7.5, 8.0]
['2014-09-12', 7.75, 7.75, 7.5, 7.5]
['2014-09-15', 8.0, 8.25, 7.05, 7.05]
['2014-09-16', 7.5, 8.5, 7.05, 8.0]
['2014-09-17', 8.0, 8.0, 8.0, 8.0]
['2014-09-18', 8.0, 8.5, 8.0, 8.0]
['2014-09-19', 7.5, 7.75, 7.5, 7.75]
['2014-09-22', 8.0, 8.5, 7.5, 8.4]
['2014-09-23', 8.0, 8.0, 7.05, 8.0]
['2014-09-24', 7.5, 8.0, 7.5, 8.0]
['2014-09-25', 7.3, 7.75, 7.3, 7.3]
['2014-09-26', 7.3, 8.0, 7.05, 8.0]
['2014-09-29', 7.05, 7.05, 7.05, 7.05]
['2014-09-30', 7.05, 8.0, 7.05, 8.0]
['2014-10-01', 7.15, 7.25, 7.05, 7.15]
['2014-10-02', 7.5, 8.5, 7.5, 7.5]
['2014-10-03', 8.0, 8.45, 7.5, 8.0]
['2014-10-06', 8.0, 8.5, 7.3, 8.3]
['2014-10-07', 8.5, 8.5, 8.25, 8.5]
['2014-10-08', 8.5, 8.5, 8.25, 8.5]
['2014-10-09', 7.75, 7.75, 7.75, 7.75]
['2014-10-10', 7.75, 8.5, 7.75, 7.75]
['2014-10-13', 8.5, 8.5, 7.5, 7.5]
['2014-10-14', 8.0, 8.15, 6.55, 6.55]
['2014-10-15', 6.55, 8.15, 6.55, 8.15]
['2014-10-16', 6.55, 8.15, 6.55, 8.15]
['2014-10-17', 8.0, 8.0, 6.75, 6.75]
['2014-10-20', 8.0, 8.0, 7.0, 8.0]
['2014-10-21', 8.25, 8.5, 7.6, 8.5]
['2014-10-22', 8.5, 8.5, 7.95, 8.0]
['2014-10-23', 8.5, 9.5, 8.05, 8.25]
['2014-10-24', 8.5, 8.5, 6.0, 8.0]
['2014-10-27', 8.45, 8.45, 7.55, 8.35]
['2014-10-28', 8.3, 8.3, 8.2, 8.2]
['2014-10-29', 8.15, 8.35, 7.75, 7.75]
['2014-10-30', 8.0, 8.0, 7.8, 7.8]
['2014-10-31', 7.8, 8.5, 7.8, 8.5]
['2014-11-03', 8.5, 8.5, 7.55, 8.5]
['2014-11-04', 6.0, 8.45, 6.0, 8.45]
['2014-11-05', 7.85, 7.85, 7.5, 7.75]
['2014-11-06', 6.0, 7.75, 6.0, 7.5]
['2014-11-07', 7.5, 7.55, 7.5, 7.55]
['2014-11-10', 7.9, 7.9, 7.5, 7.5]
['2014-11-11', 7.5, 7.75, 7.5, 7.5]
['2014-11-12', 7.75, 8.0, 7.75, 8.0]
['2014-11-13', 8.0, 8.0, 8.0, 8.0]
['2014-11-14', 7.5, 7.75, 7.3, 7.75]
['2014-11-17', 7.25, 7.65, 7.25, 7.25]
['2014-11-18', 7.25, 8.0, 7.25, 7.3]
['2014-11-19', 8.0, 8.0, 8.0, 8.0]
['2014-11-20', 7.25, 8.0, 7.25, 8.0]
['2014-11-21', 7.25, 8.0, 7.25, 7.75]
['2014-11-24', 7.0, 8.0, 7.0, 8.0]
['2014-11-25', 7.5, 8.0, 7.5, 8.0]
['2014-11-26', 8.0, 8.0, 7.25, 7.25]
['2014-11-28', 8.0, 8.0, 8.0, 8.0]
['2014-12-01', 7.25, 7.25, 7.25, 7.25]
['2014-12-02', 7.25, 7.25, 7.25, 7.25]
['2014-12-03', 7.5, 7.5, 7.25, 7.25]
['2014-12-04', 7.5, 7.5, 7.15, 7.15]
['2014-12-05', 7.15, 7.15, 6.7, 7.1]
['2014-12-08', 7.0, 7.0, 7.0, 7.0]
['2014-12-09', 7.0, 7.0, 7.0, 7.0]
['2014-12-10', 7.0, 7.85, 6.7, 6.75]
['2014-12-11', 6.5, 8.0, 6.5, 7.5]
['2014-12-12', 8.0, 8.0, 7.25, 7.25]
['2014-12-15', 7.25, 7.25, 7.25, 7.25]
['2014-12-16', 7.25, 7.5, 6.0, 7.05]
['2014-12-17', 7.2, 8.0, 7.2, 8.0]
['2014-12-18', 8.0, 8.0, 5.0, 5.5]
['2014-12-19', 6.0, 6.25, 5.5, 6.0]
['2014-12-22', 6.5, 6.5, 5.15, 6.0]
['2014-12-23', 5.5, 7.5, 5.5, 7.5]
['2014-12-24', 5.5, 7.25, 5.5, 7.25]
['2014-12-26', 7.0, 7.25, 5.7, 7.25]
['2014-12-29', 7.25, 7.25, 7.25, 7.25]
['2014-12-30', 5.85, 7.0, 5.6, 7.0]
['2014-12-31', 5.95, 7.0, 5.6, 7.0]
['2015-01-02', 7.0, 7.0, 7.0, 7.0]
['2015-01-05', 7.0, 7.0, 7.0, 7.0]
['2015-01-06', 7.0, 7.0, 5.6, 6.3]
['2015-01-07', 6.95, 6.95, 6.95, 6.95]
['2015-01-08', 5.6, 6.95, 5.6, 6.95]
['2015-01-09', 6.95, 6.95, 5.65, 6.95]
['2015-01-12', 5.65, 6.95, 5.6, 6.95]
['2015-01-13', 5.7, 7.0, 5.7, 7.0]
['2015-01-14', 7.0, 7.0, 7.0, 7.0]
['2015-01-15', 5.7, 7.0, 5.7, 7.0]
['2015-01-16', 6.85, 6.85, 6.85, 6.85]
['2015-01-20', 5.7, 6.0, 5.5, 6.0]
['2015-01-21', 5.5, 6.0, 5.5, 6.0]
['2015-01-22', 6.0, 6.5, 6.0, 6.35]
['2015-01-23', 6.5, 6.75, 6.5, 6.5]
['2015-01-26', 7.0, 7.5, 6.0, 7.0]
['2015-01-27', 7.0, 7.0, 6.75, 6.75]
['2015-01-28', 6.05, 7.0, 6.05, 7.0]
['2015-01-29', 7.0, 7.0, 7.0, 7.0]
['2015-01-30', 6.0, 6.0, 6.0, 6.0]
['2015-02-02', 5.75, 6.0, 5.75, 6.0]
['2015-02-03', 6.0, 7.0, 5.5, 7.0]
['2015-02-04', 5.75, 5.75, 5.75, 5.75]
['2015-02-05', 6.0, 7.0, 5.8, 5.8]
['2015-02-06', 6.0, 6.0, 5.8, 5.8]
['2015-02-09', 7.0, 7.0, 7.0, 7.0]
['2015-02-10', 6.5, 6.5, 5.75, 6.5]
['2015-02-11', 5.75, 6.25, 5.75, 6.25]
['2015-02-12', 6.5, 6.5, 6.25, 6.5]
['2015-02-13', 6.5, 6.5, 6.5, 6.5]
['2015-02-17', 6.5, 7.0, 6.5, 7.0]
['2015-02-18', 5.85, 7.0, 5.85, 7.0]
['2015-02-19', 7.0, 7.0, 6.4, 7.0]
['2015-02-20', 7.0, 7.0, 7.0, 7.0]
['2015-02-23', 7.0, 7.0, 5.5, 5.9]
['2015-02-24', 6.0, 7.0, 6.0, 7.0]
['2015-02-25', 6.75, 6.75, 5.75, 6.5]
['2015-02-26', 6.0, 6.75, 6.0, 6.75]
['2015-02-27', 6.75, 6.75, 6.1, 6.75]
['2015-03-02', 6.3, 7.0, 6.3, 6.6]
['2015-03-03', 6.3, 7.3, 6.3, 7.3]
['2015-03-04', 6.5, 7.0, 6.5, 7.0]
['2015-03-05', 7.25, 8.0, 6.7, 7.0]
['2015-03-06', 7.0, 7.0, 6.75, 7.0]
['2015-03-09', 7.0, 7.0, 6.5, 7.0]
['2015-03-10', 7.0, 7.0, 7.0, 7.0]
['2015-03-11', 6.1, 6.5, 6.1, 6.5]
['2015-03-12', 6.5, 7.5, 6.5, 7.5]
['2015-03-13', 7.25, 7.25, 6.9, 7.25]
['2015-03-16', 6.35, 7.0, 6.35, 7.0]
['2015-03-17', 7.0, 7.0, 6.5, 6.5]
['2015-03-18', 6.5, 7.0, 6.5, 6.5]
['2015-03-19', 7.25, 7.25, 6.25, 6.25]
['2015-03-20', 7.25, 7.25, 7.0, 7.0]
['2015-03-23', 7.0, 7.0, 6.5, 6.5]
['2015-03-24', 6.6, 7.0, 6.6, 7.0]
['2015-03-25', 7.0, 7.0, 6.5, 6.6]
['2015-03-26', 7.0, 7.0, 6.6, 6.75]
['2015-03-27', 6.75, 6.75, 6.75, 6.75]
['2015-03-30', 6.75, 6.75, 6.25, 6.25]
['2015-03-31', 6.25, 6.75, 5.5, 5.55]
['2015-04-01', 5.75, 6.25, 5.75, 6.1]
['2015-04-02', 6.1, 6.25, 5.85, 6.25]
['2015-04-06', 5.55, 6.25, 5.55, 6.25]
['2015-04-07', 6.5, 6.5, 6.4, 6.4]
['2015-04-08', 6.5, 6.55, 6.5, 6.55]
['2015-04-09', 6.55, 6.55, 6.55, 6.55]
['2015-04-10', 6.55, 6.55, 6.5, 6.5]
['2015-04-13', 6.5, 6.5, 5.5, 6.0]
['2015-04-14', 6.45, 6.45, 6.45, 6.45]
['2015-04-15', 6.4, 6.4, 5.5, 6.4]
['2015-04-16', 6.35, 6.35, 5.1, 6.0]
['2015-04-17', 5.25, 6.0, 5.25, 5.95]
['2015-04-20', 6.0, 6.35, 6.0, 6.0]
['2015-04-21', 6.35, 6.35, 6.35, 6.35]
['2015-04-22', 6.0, 6.0, 5.5, 5.5]
['2015-04-23', 6.0, 6.0, 5.5, 5.5]
['2015-04-24', 5.5, 6.0, 5.5, 6.0]
['2015-04-27', 5.75, 5.75, 5.75, 5.75]
['2015-04-28', 5.75, 5.75, 5.75, 5.75]
['2015-04-29', 5.5, 6.0, 5.5, 5.5]
['2015-04-30', 5.85, 5.85, 5.5, 5.85]
['2015-05-01', 5.85, 5.85, 5.85, 5.85]
['2015-05-04', 5.85, 6.05, 5.5, 6.05]
['2015-05-05', 6.0, 6.0, 5.5, 5.5]
['2015-05-06', 5.5, 5.5, 5.5, 5.5]
['2015-05-07', 5.5, 6.35, 5.5, 5.75]
['2015-05-08', 6.0, 6.0, 5.5, 6.0]
['2015-05-11', 6.0, 6.0, 5.5, 6.0]
['2015-05-12', 6.25, 6.25, 6.0, 6.0]
['2015-05-13', 6.0, 6.0, 6.0, 6.0]
['2015-05-14', 6.0, 6.0, 5.75, 5.75]
['2015-05-15', 6.0, 6.25, 6.0, 6.0]
['2015-05-18', 6.0, 6.25, 5.95, 6.25]
['2015-05-19', 6.0, 6.25, 5.5, 6.25]
['2015-05-20', 6.25, 6.25, 6.25, 6.25]
['2015-05-21', 6.0, 6.0, 6.0, 6.0]
['2015-05-22', 6.05, 6.25, 5.75, 5.75]
['2015-05-26', 5.6, 6.25, 5.5, 6.25]
['2015-05-27', 6.5, 6.5, 5.75, 5.9]
['2015-05-28', 6.0, 6.35, 6.0, 6.35]
['2015-05-29', 6.35, 6.35, 6.0, 6.0]
['2015-06-01', 5.9, 5.9, 5.9, 5.9]
['2015-06-02', 6.0, 6.0, 5.85, 6.0]
['2015-06-03', 6.3, 6.3, 6.1, 6.3]
['2015-06-04', 6.35, 6.35, 6.35, 6.35]
['2015-06-05', 6.35, 6.35, 6.35, 6.35]
['2015-06-08', 6.35, 6.35, 6.35, 6.35]
['2015-06-09', 6.0, 6.35, 5.75, 5.75]
['2015-06-10', 6.0, 6.25, 6.0, 6.25]
['2015-06-11', 5.75, 6.25, 5.75, 6.25]
['2015-06-12', 6.5, 6.5, 5.3, 6.35]
['2015-06-15', 6.35, 6.35, 5.85, 5.85]
['2015-06-16', 5.85, 5.85, 5.85, 5.85]
['2015-06-17', 5.25, 6.0, 5.25, 6.0]
['2015-06-18', 6.0, 6.0, 6.0, 6.0]
['2015-06-19', 5.5, 6.0, 5.5, 6.0]
['2015-06-22', 5.6, 6.0, 5.5, 6.0]
['2015-06-23', 5.5, 5.5, 5.5, 5.5]
['2015-06-24', 6.0, 6.0, 5.5, 5.55]
['2015-06-25', 5.0, 5.55, 4.25, 5.3]
['2015-06-26', 5.5, 5.5, 5.0, 5.5]
['2015-06-29', 5.0, 5.45, 5.0, 5.45]
['2015-06-30', 5.0, 5.45, 5.0, 5.45]
['2015-07-01', 5.45, 5.45, 5.45, 5.45]
['2015-07-02', 5.45, 5.45, 5.0, 5.0]
['2015-07-06', 5.45, 5.45, 5.45, 5.45]
['2015-07-07', 5.5, 5.9, 5.5, 5.9]
['2015-07-08', 5.9, 5.9, 5.9, 5.9]
['2015-07-09', 5.9, 5.9, 5.0, 5.0]
['2015-07-10', 5.9, 5.9, 5.25, 5.8]
['2015-07-13', 5.0, 5.8, 5.0, 5.8]
['2015-07-14', 5.8, 6.75, 5.5, 6.75]
['2015-07-15', 6.7, 6.75, 6.0, 6.0]
['2015-07-16', 7.0, 10.0, 7.0, 8.0]
['2015-07-17', 8.0, 9.5, 8.0, 8.75]
['2015-07-20', 9.0, 11.0, 8.9, 9.5]
['2015-07-21', 9.75, 10.0, 6.1, 8.5]
['2015-07-22', 8.5, 8.5, 7.0, 8.0]
['2015-07-23', 8.5, 10.5, 8.5, 8.5]
['2015-07-24', 10.0, 10.0, 8.5, 9.5]
['2015-07-27', 9.75, 10.0, 9.1, 9.1]
['2015-07-28', 9.25, 9.75, 8.0, 8.0]
['2015-07-29', 9.95, 10.0, 9.35, 10.0]
['2015-07-30', 10.0, 10.0, 8.3, 8.3]
['2015-07-31', 10.0, 10.0, 8.3, 10.0]
['2015-08-03', 10.0, 10.0, 8.3, 9.5]
['2015-08-04', 9.6, 9.6, 9.6, 9.6]
['2015-08-05', 8.3, 9.6, 8.3, 8.3]
['2015-08-06', 8.4, 9.0, 8.3, 9.0]
['2015-08-07', 8.5, 9.0, 8.5, 9.0]
['2015-08-10', 8.3, 9.0, 8.3, 9.0]
['2015-08-11', 9.5, 9.5, 8.2, 8.35]
['2015-08-12', 8.35, 10.0, 8.2, 9.65]
['2015-08-13', 10.0, 10.0, 7.5, 8.85]
['2015-08-14', 9.0, 9.0, 9.0, 9.0]
['2015-08-17', 8.95, 8.95, 7.5, 7.95]
['2015-08-18', 8.75, 8.75, 7.5, 8.75]
['2015-08-19', 8.75, 8.75, 8.75, 8.75]
['2015-08-20', 8.5, 8.75, 7.75, 7.75]
['2015-08-21', 8.75, 8.75, 8.0, 8.4]
['2015-08-24', 8.0, 8.5, 6.0, 8.5]
['2015-08-25', 8.9, 8.9, 7.5, 7.5]
['2015-08-26', 7.75, 8.0, 7.75, 8.0]
['2015-08-27', 8.0, 8.0, 8.0, 8.0]
['2015-08-28', 8.0, 8.0, 7.75, 7.75]
['2015-08-31', 8.0, 8.0, 8.0, 8.0]
['2015-09-01', 7.75, 8.0, 7.75, 8.0]
['2015-09-02', 8.0, 8.0, 7.5, 7.5]
['2015-09-03', 7.5, 8.75, 7.5, 8.0]
['2015-09-04', 8.75, 8.75, 8.0, 8.0]
['2015-09-08', 8.0, 8.75, 8.0, 8.0]
['2015-09-09', 8.0, 8.0, 8.0, 8.0]
['2015-09-10', 8.0, 8.75, 7.5, 7.5]
['2015-09-11', 8.0, 8.0, 7.75, 7.75]
['2015-09-14', 7.75, 7.75, 7.5, 7.5]
['2015-09-15', 7.5, 7.5, 7.5, 7.5]
['2015-09-16', 7.5, 8.25, 7.5, 7.5]
['2015-09-17', 7.5, 7.5, 7.5, 7.5]
['2015-09-18', 8.0, 8.0, 7.5, 7.5]
['2015-09-21', 7.5, 8.25, 7.0, 7.0]
['2015-09-22', 7.0, 8.0, 7.0, 8.0]
['2015-09-23', 8.5, 8.5, 7.0, 8.0]
['2015-09-24', 8.0, 8.0, 6.75, 6.75]
['2015-09-25', 8.0, 8.0, 7.5, 7.5]
['2015-09-28', 7.0, 7.5, 6.75, 6.75]
['2015-09-29', 6.75, 8.0, 6.75, 6.75]
['2015-09-30', 7.5, 7.5, 6.75, 6.75]
['2015-10-01', 7.5, 7.5, 7.5, 7.5]
['2015-10-02', 7.25, 7.5, 7.25, 7.5]
['2015-10-05', 7.25, 7.5, 7.25, 7.5]
['2015-10-06', 7.5, 7.5, 7.5, 7.5]
['2015-10-07', 7.5, 7.5, 7.3, 7.5]
['2015-10-08', 7.5, 7.5, 7.5, 7.5]
['2015-10-09', 7.35, 7.5, 7.25, 7.5]
['2015-10-12', 7.5, 7.5, 7.25, 7.25]
['2015-10-13', 7.25, 7.25, 7.25, 7.25]
['2015-10-14', 7.25, 7.25, 7.25, 7.25]
['2015-10-15', 6.75, 7.35, 6.75, 7.35]
['2015-10-16', 7.35, 7.35, 7.35, 7.35]
['2015-10-19', 7.4, 7.5, 7.0, 7.0]
['2015-10-20', 6.75, 7.5, 6.75, 6.75]
['2015-10-21', 8.25, 8.25, 6.8, 6.8]
['2015-10-22', 7.5, 8.0, 7.5, 8.0]
['2015-10-23', 7.95, 7.95, 6.8, 7.95]
['2015-10-26', 7.95, 7.95, 7.95, 7.95]
['2015-10-27', 6.75, 7.95, 6.75, 6.9]
['2015-10-28', 7.15, 7.95, 6.8, 7.9]
['2015-10-29', 7.9, 7.9, 7.9, 7.9]
['2015-10-30', 6.75, 7.9, 6.75, 7.9]
['2015-11-02', 7.9, 7.9, 7.9, 7.9]
['2015-11-03', 7.9, 7.9, 7.9, 7.9]
['2015-11-04', 7.0, 7.0, 7.0, 7.0]
['2015-11-05', 6.75, 7.75, 6.75, 7.35]
['2015-11-06', 7.35, 7.85, 7.35, 7.5]
['2015-11-09', 7.85, 7.85, 7.35, 7.85]
['2015-11-10', 7.35, 7.35, 7.35, 7.35]
['2015-11-11', 7.35, 7.35, 7.35, 7.35]
['2015-11-12', 7.5, 7.85, 7.5, 7.5]
['2015-11-13', 7.85, 7.85, 7.5, 7.7]
['2015-11-16', 7.7, 7.7, 7.05, 7.05]
['2015-11-17', 7.2, 7.45, 6.8, 7.45]
['2015-11-18', 6.8, 7.5, 6.8, 7.5]
['2015-11-19', 7.25, 7.25, 7.0, 7.25]
['2015-11-20', 7.5, 7.5, 6.75, 7.5]
['2015-11-23', 7.5, 7.5, 6.75, 7.25]
['2015-11-24', 6.85, 6.85, 6.75, 6.85]
['2015-11-25', 6.85, 7.0, 6.8, 7.0]
['2015-11-27', 7.0, 7.0, 6.75, 6.75]
['2015-11-30', 6.75, 6.75, 6.75, 6.75]
['2015-12-01', 7.0, 7.0, 6.5, 6.95]
['2015-12-02', 6.95, 6.95, 6.05, 6.85]
['2015-12-03', 6.95, 6.95, 6.0, 6.95]
['2015-12-04', 6.75, 6.75, 6.0, 6.75]
['2015-12-07', 6.75, 6.75, 6.75, 6.75]
['2015-12-08', 6.75, 6.75, 6.75, 6.75]
['2015-12-09', 6.75, 6.75, 6.0, 6.65]
['2015-12-10', 6.75, 6.75, 5.65, 6.75]
['2015-12-11', 6.75, 6.75, 6.05, 6.75]
['2015-12-14', 6.75, 7.0, 6.75, 7.0]
['2015-12-15', 6.5, 6.5, 6.0, 6.5]
['2015-12-16', 6.5, 6.5, 6.05, 6.5]
['2015-12-17', 6.5, 6.5, 6.5, 6.5]
['2015-12-18', 6.5, 6.5, 6.5, 6.5]
['2015-12-21', 6.25, 6.5, 6.25, 6.5]
['2015-12-22', 6.25, 6.25, 6.25, 6.25]
['2015-12-23', 6.5, 6.5, 6.25, 6.5]
['2015-12-24', 6.5, 6.5, 6.0, 6.5]
['2015-12-28', 6.5, 6.5, 5.5, 6.0]
['2015-12-29', 6.5, 6.5, 6.0, 6.0]
['2015-12-30', 5.5, 5.5, 5.5, 5.5]
['2015-12-31', 5.5, 6.5, 5.0, 6.5]
['2016-01-04', 6.5, 6.5, 6.35, 6.5]
['2016-01-05', 6.5, 6.5, 6.5, 6.5]
['2016-01-06', 5.5, 7.5, 5.5, 7.5]
['2016-01-07', 7.5, 7.5, 7.5, 7.5]
['2016-01-08', 7.0, 7.0, 5.3, 6.85]
['2016-01-11', 7.0, 7.0, 7.0, 7.0]
['2016-01-12', 7.0, 7.0, 5.5, 6.45]
['2016-01-13', 6.0, 6.0, 6.0, 6.0]
['2016-01-14', 5.55, 7.0, 5.55, 6.5]
['2016-01-15', 6.5, 7.0, 5.8, 6.5]
['2016-01-19', 5.6, 6.5, 5.6, 6.5]
['2016-01-20', 5.65, 6.95, 5.55, 5.55]
['2016-01-21', 6.85, 7.0, 6.5, 7.0]
['2016-01-22', 7.0, 7.0, 5.6, 6.85]
['2016-01-25', 5.55, 6.25, 5.55, 6.25]
['2016-01-26', 7.0, 7.0, 6.85, 6.95]
['2016-01-27', 7.25, 7.25, 5.55, 7.0]
['2016-01-28', 7.45, 7.45, 7.0, 7.0]
['2016-01-29', 5.75, 7.0, 5.75, 7.0]
['2016-02-01', 7.0, 7.0, 7.0, 7.0]
['2016-02-02', 7.0, 7.0, 7.0, 7.0]
['2016-02-03', 5.8, 5.8, 5.75, 5.8]
['2016-02-04', 5.75, 7.0, 5.75, 7.0]
['2016-02-05', 6.95, 6.95, 6.95, 6.95]
['2016-02-08', 6.95, 7.0, 6.95, 7.0]
['2016-02-09', 6.0, 6.1, 6.0, 6.1]
['2016-02-10', 6.0, 6.25, 6.0, 6.25]
['2016-02-11', 5.75, 6.25, 5.75, 6.25]
['2016-02-12', 6.25, 6.25, 6.25, 6.25]
['2016-02-16', 6.1, 6.5, 6.1, 6.5]
['2016-02-17', 6.5, 6.5, 6.5, 6.5]
['2016-02-18', 6.5, 6.5, 6.5, 6.5]
['2016-02-19', 6.5, 6.5, 6.5, 6.5]
['2016-02-22', 7.0, 7.0, 6.5, 6.95]
['2016-02-23', 6.85, 6.9, 6.85, 6.9]
['2016-02-24', 6.9, 6.95, 6.9, 6.95]
['2016-02-25', 6.5, 6.8, 6.5, 6.75]
['2016-02-26', 6.75, 6.75, 6.75, 6.75]
['2016-02-29', 6.5, 7.0, 6.5, 7.0]
['2016-03-01', 7.0, 7.0, 7.0, 7.0]
['2016-03-02', 6.75, 7.0, 6.1, 6.1]
['2016-03-03', 6.25, 7.0, 6.1, 7.0]
['2016-03-04', 7.0, 8.25, 7.0, 8.1]
['2016-03-07', 8.0, 8.5, 7.0, 7.0]
['2016-03-08', 7.0, 7.0, 7.0, 7.0]
['2016-03-09', 7.0, 7.0, 6.5, 6.85]
['2016-03-10', 6.65, 6.65, 6.65, 6.65]
['2016-03-11', 7.0, 7.0, 6.65, 7.0]
['2016-03-14', 7.0, 7.5, 6.5, 6.8]
['2016-03-15', 6.8, 8.5, 6.2, 6.2]
['2016-03-16', 6.5, 7.15, 6.5, 6.85]
['2016-03-17', 8.0, 8.0, 6.95, 7.35]
['2016-03-18', 7.5, 8.25, 7.5, 8.25]
['2016-03-21', 8.5, 8.5, 7.4, 8.5]
['2016-03-22', 7.5, 8.0, 7.4, 7.5]
['2016-03-23', 7.5, 7.75, 6.5, 6.5]
['2016-03-24', 7.45, 7.5, 7.45, 7.5]
['2016-03-28', 7.5, 7.5, 7.5, 7.5]
['2016-03-29', 8.2, 8.2, 7.5, 7.5]
['2016-03-30', 8.25, 8.25, 7.5, 8.0]
['2016-03-31', 8.25, 9.25, 7.75, 9.25]
['2016-04-01', 9.25, 9.25, 7.75, 8.25]
['2016-04-04', 8.0, 8.75, 8.0, 8.0]
['2016-04-05', 8.5, 8.5, 8.4, 8.5]
['2016-04-06', 8.5, 8.5, 8.0, 8.2]
['2016-04-07', 7.75, 8.25, 7.75, 8.0]
['2016-04-08', 8.0, 8.0, 8.0, 8.0]
['2016-04-11', 9.5, 9.55, 7.75, 8.05]
['2016-04-12', 9.0, 9.0, 7.75, 8.75]
['2016-04-13', 9.0, 9.25, 9.0, 9.0]
['2016-04-14', 9.5, 9.5, 8.05, 8.05]
['2016-04-15', 8.0, 8.9, 7.55, 7.75]
['2016-04-18', 8.9, 9.0, 7.9, 9.0]
['2016-04-19', 9.0, 9.0, 8.45, 8.45]
['2016-04-20', 8.4, 8.5, 8.15, 8.45]
['2016-04-21', 8.45, 9.0, 8.0, 9.0]
['2016-04-22', 9.0, 9.0, 8.1, 8.5]
['2016-04-25', 8.5, 8.75, 8.05, 8.75]
['2016-04-26', 9.0, 9.0, 8.8, 8.8]
['2016-04-27', 9.0, 9.0, 9.0, 9.0]
['2016-04-28', 8.75, 9.0, 8.5, 8.5]
['2016-04-29', 8.75, 8.75, 8.05, 8.75]
['2016-05-02', 8.5, 9.0, 8.5, 8.7]
['2016-05-03', 9.0, 9.0, 8.35, 8.4]
['2016-05-04', 8.4, 8.4, 8.0, 8.4]
['2016-05-05', 8.4, 8.4, 8.1, 8.1]
['2016-05-06', 8.0, 8.25, 8.0, 8.0]
['2016-05-09', 8.05, 8.75, 8.05, 8.05]
['2016-05-10', 8.25, 8.25, 8.05, 8.05]
['2016-05-11', 8.75, 8.75, 7.9, 7.9]
['2016-05-12', 7.85, 7.85, 7.85, 7.85]
['2016-05-13', 7.5, 7.5, 7.0, 7.5]
['2016-05-16', 7.5, 7.5, 7.0, 7.25]
['2016-05-17', 7.5, 7.5, 7.45, 7.45]
['2016-05-18', 7.15, 7.3, 7.05, 7.3]
['2016-05-19', 7.5, 7.5, 7.15, 7.15]
['2016-05-20', 7.05, 7.15, 7.0, 7.15]
['2016-05-23', 7.0, 7.25, 7.0, 7.25]
['2016-05-24', 7.4, 7.5, 7.25, 7.25]
['2016-05-25', 7.5, 8.75, 7.1, 7.65]
['2016-05-26', 7.65, 7.65, 7.65, 7.65]
['2016-05-27', 7.65, 8.0, 7.5, 7.5]
['2016-05-31', 7.6, 8.25, 7.5, 7.5]
['2016-06-01', 8.0, 8.75, 8.0, 8.25]
['2016-06-02', 8.25, 8.25, 8.05, 8.25]
['2016-06-03', 8.25, 8.25, 8.0, 8.0]
['2016-06-06', 8.0, 8.25, 8.0, 8.05]
['2016-06-07', 8.25, 8.25, 8.25, 8.25]
['2016-06-08', 8.1, 8.25, 8.1, 8.25]
['2016-06-09', 8.25, 8.25, 8.25, 8.25]
['2016-06-10', 8.1, 8.1, 8.1, 8.1]
['2016-06-13', 8.1, 8.1, 8.0, 8.0]
['2016-06-14', 8.25, 8.25, 6.95, 6.95]
['2016-06-15', 8.25, 8.25, 7.0, 8.25]
['2016-06-16', 8.0, 8.05, 8.0, 8.05]
['2016-06-17', 8.25, 8.25, 8.25, 8.25]
['2016-06-20', 7.0, 8.25, 7.0, 8.25]
['2016-06-21', 7.0, 7.5, 7.0, 7.5]
['2016-06-22', 7.5, 7.5, 7.5, 7.5]
['2016-06-23', 7.5, 7.5, 7.5, 7.5]
['2016-06-24', 6.5, 7.25, 6.5, 7.25]
['2016-06-27', 6.75, 7.25, 6.75, 7.25]
['2016-06-28', 7.25, 7.25, 7.25, 7.25]
['2016-06-29', 8.0, 8.0, 6.75, 8.0]
['2016-06-30', 7.0, 8.0, 7.0, 8.0]
['2016-07-01', 8.0, 8.0, 8.0, 8.0]
['2016-07-05', 7.0, 8.0, 7.0, 8.0]
['2016-07-06', 8.0, 8.0, 8.0, 8.0]
['2016-07-07', 7.0, 7.0, 7.0, 7.0]
['2016-07-08', 6.75, 7.5, 6.75, 7.5]
['2016-07-11', 7.5, 7.5, 7.5, 7.5]
['2016-07-12', 6.9, 8.0, 6.9, 8.0]
['2016-07-13', 8.0, 8.0, 8.0, 8.0]
['2016-07-14', 6.9, 6.9, 6.9, 6.9]
['2016-07-15', 7.25, 8.0, 7.25, 8.0]
['2016-07-18', 7.65, 7.65, 7.25, 7.25]
['2016-07-19', 7.25, 7.5, 7.25, 7.5]
['2016-07-20', 7.45, 7.45, 7.45, 7.45]
['2016-07-21', 7.5, 8.0, 7.5, 8.0]
['2016-07-22', 7.25, 8.0, 7.25, 7.25]
['2016-07-25', 8.5, 8.5, 8.5, 8.5]
['2016-07-26', 8.5, 8.5, 7.25, 8.45]
['2016-07-27', 8.45, 8.45, 7.5, 7.5]
['2016-07-28', 7.95, 8.45, 7.85, 8.45]
['2016-07-29', 7.25, 8.45, 7.25, 8.45]
['2016-08-01', 8.25, 8.25, 7.25, 7.25]
['2016-08-02', 7.25, 7.25, 7.25, 7.25]
['2016-08-03', 7.25, 7.5, 7.25, 7.25]
['2016-08-04', 7.5, 7.5, 7.5, 7.5]
['2016-08-05', 7.25, 8.0, 7.25, 8.0]
['2016-08-08', 8.45, 8.45, 8.45, 8.45]
['2016-08-09', 8.0, 8.1, 8.0, 8.0]
['2016-08-10', 8.0, 8.0, 8.0, 8.0]
['2016-08-11', 8.5, 8.75, 8.0, 8.75]
['2016-08-12', 9.0, 9.0, 8.35, 8.5]
['2016-08-15', 8.65, 8.65, 7.55, 7.55]
['2016-08-16', 7.9, 8.25, 7.55, 7.9]
['2016-08-17', 8.25, 8.5, 8.25, 8.35]
['2016-08-18', 8.25, 8.25, 7.5, 7.5]
['2016-08-19', 7.55, 8.0, 7.5, 7.75]
['2016-08-22', 8.0, 8.25, 7.5, 8.25]
['2016-08-23', 8.25, 8.25, 7.9, 8.2]
['2016-08-24', 7.65, 8.0, 7.55, 7.7]
['2016-08-25', 8.0, 8.25, 7.75, 8.25]
['2016-08-26', 8.25, 8.5, 7.8, 7.8]
['2016-08-29', 8.5, 8.5, 7.8, 8.35]
['2016-08-30', 8.5, 8.5, 7.95, 7.95]
['2016-08-31', 7.75, 8.4, 7.75, 7.75]
['2016-09-01', 8.5, 8.5, 8.05, 8.4]
['2016-09-02', 8.5, 8.5, 8.4, 8.4]
['2016-09-06', 8.3, 8.3, 8.3, 8.3]
['2016-09-07', 8.0, 8.5, 7.8, 8.35]
['2016-09-08', 8.5, 8.5, 7.75, 8.5]
['2016-09-09', 8.5, 8.5, 7.8, 8.5]
['2016-09-12', 7.85, 8.5, 7.8, 8.5]
['2016-09-13', 8.5, 8.5, 7.8, 8.5]
['2016-09-14', 7.8, 7.8, 7.8, 7.8]
['2016-09-15', 7.8, 8.0, 7.5, 8.0]
['2016-09-16', 7.75, 8.0, 7.75, 8.0]
['2016-09-19', 8.45, 8.45, 8.1, 8.1]
['2016-09-20', 8.25, 8.3, 7.8, 7.8]
['2016-09-21', 7.8, 7.8, 7.8, 7.8]
['2016-09-22', 7.8, 8.0, 7.8, 8.0]
['2016-09-23', 8.0, 8.0, 7.8, 7.95]
['2016-09-26', 7.8, 7.8, 7.8, 7.8]
['2016-09-27', 7.75, 8.0, 7.75, 8.0]
['2016-09-28', 8.0, 8.0, 7.75, 8.0]
['2016-09-29', 8.25, 8.25, 8.25, 8.25]
['2016-09-30', 8.25, 8.25, 7.75, 7.75]
['2016-10-03', 8.25, 8.25, 7.75, 8.25]
['2016-10-04', 7.75, 8.25, 7.75, 8.25]
['2016-10-05', 7.75, 7.75, 7.5, 7.5]
['2016-10-06', 7.5, 7.5, 7.5, 7.5]
['2016-10-07', 8.0, 8.0, 8.0, 8.0]
['2016-10-10', 8.4, 8.4, 7.5, 8.0]
['2016-10-11', 7.6, 8.45, 7.5, 8.45]
['2016-10-12', 8.25, 8.25, 7.5, 7.5]
['2016-10-13', 7.5, 8.0, 7.5, 7.5]
['2016-10-14', 8.1, 8.25, 7.55, 8.1]
['2016-10-17', 7.55, 8.0, 7.55, 7.55]
['2016-10-18', 7.75, 7.75, 7.55, 7.55]
['2016-10-19', 7.55, 7.9, 7.55, 7.9]
['2016-10-20', 8.0, 8.25, 8.0, 8.25]
['2016-10-21', 8.25, 8.25, 7.55, 7.55]
['2016-10-24', 8.0, 8.25, 8.0, 8.2]
['2016-10-25', 8.0, 8.5, 8.0, 8.5]
['2016-10-26', 8.5, 8.75, 8.25, 8.25]
['2016-10-27', 8.5, 8.5, 8.5, 8.5]
['2016-10-28', 8.75, 8.75, 7.5, 8.75]
['2016-10-31', 8.75, 8.75, 8.5, 8.75]
['2016-11-01', 8.75, 8.75, 8.75, 8.75]
['2016-11-02', 8.75, 8.75, 8.25, 8.75]
['2016-11-03', 8.25, 8.75, 8.25, 8.75]
['2016-11-04', 8.75, 8.75, 8.25, 8.75]
['2016-11-07', 8.25, 8.55, 8.25, 8.5]
['2016-11-08', 8.5, 8.75, 8.4, 8.75]
['2016-11-09', 8.25, 8.75, 8.25, 8.25]
['2016-11-10', 8.75, 8.75, 8.25, 8.75]
['2016-11-11', 8.0, 8.75, 8.0, 8.0]
['2016-11-14', 8.0, 8.75, 8.0, 8.5]
['2016-11-15', 8.5, 8.75, 7.5, 7.5]
['2016-11-16', 7.75, 7.75, 7.5, 7.5]
['2016-11-17', 8.2, 8.4, 7.8, 7.8]
['2016-11-18', 7.5, 8.35, 7.5, 7.95]
['2016-11-21', 7.8, 8.2, 7.8, 8.2]
['2016-11-22', 7.55, 8.25, 7.55, 8.05]
['2016-11-23', 8.0, 8.0, 8.0, 8.0]
['2016-11-25', 8.0, 8.0, 8.0, 8.0]
['2016-11-28', 8.25, 8.25, 7.5, 7.5]
['2016-11-29', 8.0, 8.25, 8.0, 8.05]
['2016-11-30', 8.25, 8.25, 7.5, 8.0]
['2016-12-01', 7.75, 8.0, 7.75, 7.95]
['2016-12-02', 7.5, 7.8, 7.5, 7.55]
['2016-12-05', 8.25, 8.25, 7.6, 7.6]
['2016-12-06', 8.2, 8.2, 8.2, 8.2]
['2016-12-07', 8.2, 8.2, 8.2, 8.2]
['2016-12-08', 8.2, 8.2, 7.5, 8.0]
['2016-12-09', 7.5, 8.15, 7.5, 8.0]
['2016-12-12', 8.0, 8.0, 7.9, 8.0]
['2016-12-13', 8.0, 8.0, 7.5, 8.0]
['2016-12-14', 8.0, 8.0, 7.15, 7.85]
['2016-12-15', 7.85, 8.0, 7.05, 8.0]
['2016-12-16', 8.0, 8.0, 7.8, 8.0]
['2016-12-19', 8.0, 8.0, 7.6, 7.6]
['2016-12-20', 7.6, 8.0, 7.05, 7.6]
['2016-12-21', 7.65, 7.65, 7.65, 7.65]
['2016-12-22', 8.0, 8.0, 7.8, 7.8]
['2016-12-23', 8.0, 8.0, 8.0, 8.0]
['2016-12-27', 7.9, 7.9, 7.8, 7.8]
['2016-12-28', 7.6, 7.6, 7.0, 7.0]
['2016-12-29', 7.1, 7.1, 7.0, 7.1]
['2016-12-30', 7.25, 7.25, 6.75, 7.2]
['2017-01-03', 6.75, 7.25, 6.75, 7.25]
['2017-01-04', 6.75, 7.5, 6.65, 6.75]
['2017-01-05', 6.75, 7.0, 6.75, 6.75]
['2017-01-06', 7.85, 7.85, 7.35, 7.8]
['2017-01-09', 7.8, 7.8, 7.25, 7.25]
['2017-01-10', 7.25, 7.25, 7.25, 7.25]
['2017-01-11', 7.8, 7.8, 7.5, 7.5]
['2017-01-12', 7.5, 7.5, 7.0, 7.3]
['2017-01-13', 7.0, 7.5, 7.0, 7.5]
['2017-01-17', 7.25, 7.5, 6.5, 6.9]
['2017-01-18', 7.0, 7.8, 7.0, 7.8]
['2017-01-19', 7.8, 7.8, 7.6, 7.8]
['2017-01-20', 7.5, 7.5, 7.15, 7.45]
['2017-01-23', 7.3, 7.5, 7.0, 7.5]
['2017-01-24', 7.8, 7.8, 7.3, 7.3]
['2017-01-25', 7.0, 7.25, 6.9, 7.25]
['2017-01-26', 7.45, 7.45, 7.45, 7.45]
['2017-01-27', 7.5, 7.5, 7.5, 7.5]
['2017-01-30', 7.0, 7.0, 7.0, 7.0]
['2017-01-31', 7.4, 7.4, 6.65, 7.4]
['2017-02-01', 7.5, 7.5, 6.75, 7.4]
['2017-02-02', 7.5, 7.5, 7.5, 7.5]
['2017-02-03', 7.5, 7.5, 7.4, 7.4]
['2017-02-06', 7.5, 7.95, 7.4, 7.95]
['2017-02-07', 8.0, 8.0, 7.4, 7.7]
['2017-02-08', 7.95, 7.95, 7.95, 7.95]
['2017-02-09', 7.85, 7.85, 7.85, 7.85]
['2017-02-10', 7.6, 7.7, 7.35, 7.35]
['2017-02-13', 7.25, 7.7, 7.25, 7.25]
['2017-02-14', 7.7, 7.7, 7.25, 7.25]
['2017-02-15', 7.25, 7.7, 7.25, 7.7]
['2017-02-16', 7.25, 7.7, 7.0, 7.5]
['2017-02-17', 7.5, 7.5, 6.75, 7.5]
['2017-02-21', 6.75, 7.7, 6.75, 7.25]
['2017-02-22', 7.7, 7.7, 6.75, 6.75]
['2017-02-23', 6.75, 7.7, 6.65, 7.0]
['2017-02-24', 7.35, 7.7, 7.1, 7.5]
['2017-02-27', 7.5, 7.5, 7.25, 7.25]
['2017-02-28', 7.2, 7.5, 7.0, 7.0]
['2017-03-01', 7.0, 7.35, 7.0, 7.35]
['2017-03-02', 7.45, 7.45, 7.35, 7.35]
['2017-03-03', 7.4, 7.4, 7.4, 7.4]
['2017-03-06', 7.5, 7.5, 6.7, 6.7]
['2017-03-07', 6.7, 7.0, 6.7, 7.0]
['2017-03-08', 6.85, 7.75, 6.85, 7.0]
['2017-03-09', 7.0, 7.35, 6.65, 6.65]
['2017-03-10', 6.75, 6.9, 6.75, 6.9]
['2017-03-13', 6.65, 6.9, 6.65, 6.9]
['2017-03-14', 7.1, 7.5, 6.75, 6.75]
['2017-03-15', 7.0, 7.0, 7.0, 7.0]
['2017-03-16', 6.75, 7.0, 6.75, 6.75]
['2017-03-17', 6.9, 7.0, 6.8, 7.0]
['2017-03-20', 7.0, 7.0, 7.0, 7.0]
['2017-03-21', 7.0, 7.5, 7.0, 7.25]
['2017-03-22', 7.5, 7.5, 7.0, 7.0]
['2017-03-23', 7.5, 7.5, 7.0, 7.5]
['2017-03-24', 7.5, 7.5, 7.5, 7.5]
['2017-03-27', 7.5, 7.5, 7.25, 7.25]
['2017-03-28', 7.0, 7.25, 7.0, 7.0]
['2017-03-29', 7.0, 7.0, 6.45, 6.45]
['2017-03-30', 6.95, 7.0, 6.85, 7.0]
['2017-03-31', 7.0, 7.0, 6.8, 7.0]
['2017-04-03', 7.0, 7.0, 7.0, 7.0]
['2017-04-04', 6.5, 7.0, 6.5, 7.0]
['2017-04-05', 6.6, 7.0, 6.5, 7.0]
['2017-04-06', 7.0, 7.0, 6.95, 6.95]
['2017-04-07', 7.0, 7.0, 7.0, 7.0]
['2017-04-10', 7.0, 7.0, 6.65, 6.7]
['2017-04-11', 6.7, 6.95, 6.7, 6.95]
['2017-04-12', 7.0, 7.25, 6.95, 7.0]
['2017-04-13', 6.95, 7.0, 6.75, 6.75]
['2017-04-17', 7.0, 7.25, 7.0, 7.0]
['2017-04-18', 7.25, 7.25, 7.05, 7.25]
['2017-04-19', 7.5, 7.5, 7.05, 7.05]
['2017-04-20', 7.5, 7.5, 7.05, 7.45]
['2017-04-21', 7.05, 7.1, 7.05, 7.05]
['2017-04-24', 7.0, 7.45, 7.0, 7.4]
['2017-04-25', 7.25, 7.5, 6.6, 7.25]
['2017-04-26', 7.1, 7.2, 7.1, 7.2]
['2017-04-27', 6.8, 7.0, 6.7, 6.7]
['2017-04-28', 6.6, 7.5, 6.6, 7.25]
['2017-05-01', 7.5, 7.5, 7.3, 7.5]
['2017-05-02', 6.85, 7.0, 6.85, 6.85]
['2017-05-03', 7.2, 7.5, 6.9, 6.9]
['2017-05-04', 7.25, 7.25, 7.05, 7.25]
['2017-05-05', 7.5, 7.75, 7.0, 7.5]
['2017-05-08', 7.5, 7.55, 7.05, 7.5]
['2017-05-09', 7.5, 7.75, 7.25, 7.5]
['2017-05-10', 7.25, 7.65, 7.25, 7.65]
['2017-05-11', 7.5, 7.75, 7.3, 7.75]
['2017-05-12', 7.45, 7.45, 7.15, 7.25]
['2017-05-15', 7.25, 7.25, 6.8, 6.85]
['2017-05-16', 7.75, 7.75, 7.4, 7.4]
['2017-05-17', 7.0, 7.4, 7.0, 7.4]
['2017-05-18', 7.45, 7.5, 7.1, 7.25]
['2017-05-19', 7.5, 7.5, 7.05, 7.2]
['2017-05-22', 7.2, 7.2, 7.05, 7.05]
['2017-05-23', 7.25, 7.25, 7.0, 7.1]
['2017-05-24', 7.0, 7.0, 7.0, 7.0]
['2017-05-25', 6.9, 7.0, 6.75, 6.75]
['2017-05-26', 7.0, 7.0, 6.8, 6.95]
['2017-05-30', 7.2, 7.2, 6.65, 6.9]
['2017-05-31', 6.9, 6.9, 6.5, 6.65]
['2017-06-01', 6.45, 6.75, 6.3, 6.65]
['2017-06-02', 7.0, 7.0, 6.2, 6.4]
['2017-06-05', 7.0, 7.0, 6.55, 6.8]
['2017-06-06', 6.7, 6.75, 6.0, 6.25]
['2017-06-07', 6.25, 6.25, 6.0, 6.15]
['2017-06-08', 6.4, 6.4, 6.1, 6.25]
['2017-06-09', 6.1, 6.5, 6.1, 6.35]
['2017-06-12', 6.5, 6.5, 5.8, 5.8]
['2017-06-13', 5.4, 6.5, 5.15, 5.75]
['2017-06-14', 5.75, 5.75, 4.6, 4.6]
['2017-06-15', 5.3, 5.35, 4.75, 4.8]
['2017-06-16', 5.15, 5.15, 4.55, 4.75]
['2017-06-19', 5.0, 5.0, 4.5, 4.9]
['2017-06-20', 4.95, 5.0, 4.85, 5.0]
['2017-06-21', 5.5, 5.5, 5.0, 5.3]
['2017-06-22', 5.3, 5.4, 4.95, 5.0]
['2017-06-23', 5.15, 5.15, 4.85, 4.85]
['2017-06-26', 4.85, 5.15, 4.85, 5.1]
['2017-06-27', 5.15, 5.5, 5.0, 5.4]
['2017-06-28', 5.0, 5.35, 4.65, 5.35]
['2017-06-29', 5.0, 5.35, 5.0, 5.1]
['2017-06-30', 5.5, 5.5, 5.0, 5.0]
['2017-07-03', 5.4, 5.4, 5.0, 5.4]
['2017-07-05', 4.9, 5.25, 4.9, 5.0]
['2017-07-06', 5.0, 5.0, 5.0, 5.0]
['2017-07-07', 4.9, 6.0, 4.8, 5.5]
['2017-07-10', 5.95, 5.95, 5.05, 5.65]
['2017-07-11', 5.55, 5.55, 4.8, 4.8]
['2017-07-12', 5.05, 5.65, 5.0, 5.45]
['2017-07-13', 4.95, 4.95, 4.8, 4.8]
['2017-07-14', 5.1, 5.1, 5.0, 5.0]
['2017-07-17', 5.0, 6.0, 4.8, 5.85]
['2017-07-18', 5.9, 6.25, 5.75, 6.15]
['2017-07-19', 6.25, 6.5, 5.5, 5.85]
['2017-07-20', 5.5, 6.5, 5.5, 6.1]
['2017-07-21', 6.35, 6.65, 5.75, 6.5]
['2017-07-24', 6.75, 7.25, 6.75, 7.0]
['2017-07-25', 7.2, 7.25, 6.55, 6.95]
['2017-07-26', 7.0, 7.2, 6.75, 7.0]
['2017-07-27', 7.0, 7.0, 6.75, 7.0]
['2017-07-28', 7.0, 7.0, 6.55, 7.0]
['2017-07-31', 6.9, 7.15, 6.55, 6.65]
['2017-08-01', 6.55, 7.35, 6.55, 6.9]
['2017-08-02', 7.25, 7.45, 6.8, 7.0]
['2017-08-03', 7.0, 7.4, 6.85, 7.25]
['2017-08-04', 7.25, 7.45, 6.0, 6.35]
['2017-08-07', 7.2, 7.5, 6.75, 6.75]
['2017-08-08', 7.0, 7.25, 6.8, 7.0]
['2017-08-09', 7.25, 7.25, 7.0, 7.25]
['2017-08-10', 7.25, 7.25, 6.55, 6.55]
['2017-08-11', 6.5, 7.0, 6.5, 7.0]
['2017-08-14', 6.55, 7.2, 6.0, 7.2]
['2017-08-15', 6.7, 7.25, 6.65, 6.65]
['2017-08-16', 7.0, 7.35, 6.6, 6.85]
['2017-08-17', 7.15, 7.35, 6.6, 7.0]
['2017-08-18', 6.85, 7.25, 6.6, 7.25]
['2017-08-21', 7.25, 7.3, 7.0, 7.05]
['2017-08-22', 7.0, 7.0, 6.5, 6.5]
['2017-08-23', 6.5, 7.45, 6.5, 7.35]
['2017-08-24', 7.45, 7.45, 7.0, 7.0]
['2017-08-25', 7.4, 7.45, 7.25, 7.3]
['2017-08-28', 7.4, 7.5, 7.15, 7.25]
['2017-08-29', 7.25, 7.35, 7.05, 7.35]
['2017-08-30', 7.35, 7.35, 7.05, 7.25]
['2017-08-31', 7.35, 7.35, 7.05, 7.35]
['2017-09-01', 7.45, 7.45, 7.05, 7.05]
['2017-09-05', 7.05, 7.45, 7.05, 7.4]
['2017-09-06', 7.35, 7.4, 7.3, 7.4]
['2017-09-07', 7.5, 7.5, 7.25, 7.25]
['2017-09-08', 7.05, 7.4, 7.0, 7.0]
['2017-09-11', 7.0, 7.1, 5.8, 5.8]
['2017-09-12', 5.8, 7.25, 5.8, 6.85]
['2017-09-13', 7.0, 7.25, 7.0, 7.25]
['2017-09-14', 7.25, 7.5, 6.85, 7.5]
['2017-09-15', 7.5, 7.5, 7.0, 7.2]
['2017-09-18', 7.45, 7.45, 6.5, 7.0]
['2017-09-19', 7.05, 7.35, 6.95, 7.15]
['2017-09-20', 6.65, 7.35, 6.65, 7.0]
['2017-09-21', 7.25, 7.9, 7.0, 7.5]
['2017-09-22', 8.0, 8.0, 7.25, 7.5]
['2017-09-25', 7.5, 7.75, 7.15, 7.75]
['2017-09-26', 7.5, 7.75, 7.0, 7.5]
['2017-09-27', 6.85, 7.7, 6.85, 7.5]
['2017-09-28', 7.0, 7.65, 6.75, 7.4]
['2017-09-29', 7.4, 7.75, 6.85, 7.75]
['2017-10-02', 7.75, 7.75, 6.8, 7.35]
['2017-10-03', 6.9, 7.5, 6.9, 7.5]
['2017-10-04', 7.5, 7.5, 7.0, 7.5]
['2017-10-05', 6.95, 7.55, 6.95, 7.5]
['2017-10-06', 6.95, 7.5, 6.95, 7.5]
['2017-10-09', 7.0, 7.5, 7.0, 7.5]
['2017-10-10', 7.0, 7.5, 7.0, 7.5]
['2017-10-11', 7.35, 7.4, 7.05, 7.4]
['2017-10-12', 7.35, 7.75, 7.15, 7.75]
['2017-10-13', 7.5, 7.75, 7.5, 7.75]
['2017-10-16', 7.55, 8.2, 7.5, 8.0]
['2017-10-17', 8.1, 8.5, 7.6, 8.5]
['2017-10-18', 8.5, 9.95, 8.4, 9.65]
['2017-10-19', 9.75, 10.0, 8.5, 9.95]
['2017-10-20', 9.75, 10.0, 8.5, 9.5]
['2017-10-23', 9.5, 9.5, 9.15, 9.5]
['2017-10-24', 9.5, 9.5, 9.25, 9.5]
['2017-10-25', 9.45, 9.45, 9.15, 9.45]
['2017-10-26', 9.45, 9.45, 9.25, 9.25]
['2017-10-27', 9.25, 9.25, 9.05, 9.25]
['2017-10-30', 9.0, 9.25, 8.0, 9.25]
['2017-10-31', 9.25, 9.25, 8.55, 9.25]
['2017-11-01', 9.25, 9.25, 8.75, 9.25]
['2017-11-02', 9.25, 9.5, 9.0, 9.5]
['2017-11-03', 9.5, 9.5, 9.05, 9.5]
['2017-11-06', 9.5, 9.5, 9.0, 9.45]
['2017-11-07', 9.45, 9.5, 9.0, 9.5]
['2017-11-08', 9.05, 9.5, 9.0, 9.45]
['2017-11-09', 9.45, 9.5, 9.0, 9.5]
['2017-11-10', 9.45, 9.5, 9.05, 9.5]
['2017-11-13', 9.2, 9.5, 9.05, 9.45]
['2017-11-14', 9.5, 9.5, 8.15, 9.25]
['2017-11-15', 8.5, 8.75, 8.0, 8.65]
['2017-11-16', 8.4, 8.75, 8.1, 8.75]
['2017-11-17', 9.0, 9.0, 7.5, 8.45]
['2017-11-20', 8.45, 8.45, 7.75, 8.45]
['2017-11-21', 9.0, 9.0, 8.0, 8.45]
['2017-11-22', 8.05, 8.25, 7.75, 8.15]
['2017-11-24', 8.0, 8.6, 8.0, 8.6]
['2017-11-27', 8.5, 8.85, 8.0, 8.7]
['2017-11-28', 8.7, 8.7, 7.8, 8.25]
['2017-11-29', 8.25, 8.55, 7.75, 8.25]
['2017-11-30', 8.05, 8.3, 7.9, 8.1]
['2017-12-01', 7.8, 8.3, 7.8, 8.25]
['2017-12-04', 8.2, 8.5, 7.85, 8.5]
['2017-12-05', 8.5, 8.5, 8.0, 8.5]
['2017-12-06', 8.5, 8.5, 8.0, 8.3]
['2017-12-07', 8.0, 8.4, 7.8, 8.25]
['2017-12-08', 7.8, 8.0, 7.8, 7.95]
['2017-12-11', 8.25, 8.5, 7.8, 8.5]
['2017-12-12', 8.5, 8.5, 7.9, 8.5]
['2017-12-13', 8.5, 8.5, 7.5, 8.2]
['2017-12-14', 8.2, 8.2, 7.85, 8.1]
['2017-12-15', 8.5, 8.75, 8.0, 8.25]
['2017-12-18', 8.5, 8.5, 7.65, 8.0]
['2017-12-19', 8.0, 8.25, 7.65, 8.0]
['2017-12-20', 7.5, 8.15, 7.5, 7.9]
['2017-12-21', 7.9, 8.25, 7.5, 7.5]
['2017-12-22', 8.0, 8.25, 7.5, 8.25]
['2017-12-26', 7.8, 8.5, 7.65, 8.25]
['2017-12-27', 7.75, 8.25, 7.65, 8.25]
['2017-12-28', 8.2, 8.2, 7.75, 8.0]
['2017-12-29', 8.0, 8.0, 7.5, 7.5]
['2018-01-02', 7.65, 8.0, 7.55, 7.75]
['2018-01-03', 8.0, 8.0, 7.55, 7.55]
['2018-01-04', 7.75, 8.0, 7.5, 7.55]
['2018-01-05', 7.5, 7.75, 7.5, 7.5]
['2018-01-08', 7.7, 7.75, 7.55, 7.55]
['2018-01-09', 7.75, 7.75, 7.55, 7.55]
['2018-01-10', 7.55, 7.7, 7.5, 7.5]
['2018-01-11', 7.7, 7.75, 7.7, 7.75]
['2018-01-12', 7.75, 7.75, 7.5, 7.5]
['2018-01-16', 7.5, 7.75, 7.5, 7.5]
['2018-01-17', 7.75, 7.85, 7.55, 7.75]
['2018-01-18', 8.0, 8.0, 7.5, 7.5]
['2018-01-19', 7.75, 8.0, 7.5, 8.0]
['2018-01-22', 8.0, 8.8, 8.0, 8.8]
['2018-01-23', 9.0, 9.1, 8.25, 9.0]
['2018-01-24', 8.55, 9.1, 8.55, 9.1]
['2018-01-25', 9.1, 9.3, 9.0, 9.05]
['2018-01-26', 9.15, 12.0, 8.1, 9.1]
['2018-01-29', 8.1, 9.9, 8.1, 9.5]
['2018-01-30', 10.0, 10.0, 8.6, 10.0]
['2018-01-31', 9.8, 10.5, 9.25, 10.5]
['2018-02-01', 10.5, 10.75, 10.0, 10.25]
['2018-02-02', 10.0, 10.0, 8.75, 10.0]
['2018-02-05', 10.0, 10.0, 8.6, 8.6]
['2018-02-06', 9.0, 9.0, 8.5, 8.9]
['2018-02-07', 9.0, 9.9, 8.7, 9.0]
['2018-02-08', 9.9, 9.9, 9.4, 9.9]
['2018-02-09', 9.9, 10.5, 9.9, 10.5]
['2018-02-12', 11.55, 11.75, 10.05, 11.5]
['2018-02-13', 11.5, 11.5, 10.55, 11.5]
['2018-02-14', 11.0, 11.5, 10.55, 11.35]
['2018-02-15', 11.5, 11.55, 10.8, 11.55]
['2018-02-16', 11.5, 14.6, 11.5, 13.5]
['2018-02-20', 12.25, 13.5, 11.5, 12.3]
['2018-02-21', 12.5, 12.5, 12.0, 12.0]
['2018-02-22', 12.05, 12.05, 11.5, 11.5]
['2018-02-23', 10.8, 12.25, 10.8, 11.0]
['2018-02-26', 12.05, 12.05, 11.0, 11.4]
['2018-02-27', 12.45, 12.5, 11.0, 11.75]
['2018-02-28', 12.45, 12.5, 11.5, 11.95]
['2018-03-01', 12.5, 12.5, 11.45, 12.0]
['2018-03-02', 12.5, 12.5, 11.5, 12.4]
['2018-03-05', 12.5, 12.5, 12.0, 12.25]
['2018-03-06', 12.75, 12.75, 12.0, 12.7]
['2018-03-07', 11.5, 12.75, 11.5, 12.75]
['2018-03-08', 12.75, 15.5, 12.75, 14.3]
['2018-03-09', 15.4, 18.5, 15.4, 18.5]
['2018-03-12', 20.0, 21.45, 17.5, 21.0]
['2018-03-13', 20.5, 20.5, 19.15, 20.0]
['2018-03-14', 20.5, 20.9, 19.65, 20.75]
['2018-03-15', 20.9, 21.0, 19.75, 20.5]
['2018-03-16', 20.25, 20.25, 19.0, 19.5]
['2018-03-19', 19.75, 20.0, 17.5, 18.5]
['2018-03-20', 18.5, 19.0, 18.0, 19.0]
['2018-03-21', 19.45, 19.5, 17.55, 17.6]
['2018-03-22', 18.7, 18.7, 17.55, 18.0]
['2018-03-23', 18.0, 18.0, 15.1, 17.0]
['2018-03-26', 19.5, 19.5, 15.95, 17.0]
['2018-03-27', 18.5, 18.5, 17.5, 18.4]
['2018-03-28', 17.75, 19.0, 17.75, 18.65]
['2018-03-29', 19.0, 19.0, 17.75, 17.75]
['2018-04-02', 19.5, 19.75, 14.6, 16.5]
['2018-04-03', 16.0, 18.55, 16.0, 17.5]
['2018-04-04', 17.5, 17.5, 16.5, 17.5]
['2018-04-05', 17.7, 17.75, 16.6, 17.75]
['2018-04-06', 17.75, 17.75, 17.5, 17.75]
['2018-04-09', 17.75, 17.75, 16.25, 17.2]
['2018-04-10', 17.5, 17.5, 16.5, 17.0]
['2018-04-11', 17.45, 17.45, 16.55, 16.55]
['2018-04-12', 16.55, 19.45, 16.0, 16.5]
['2018-04-13', 17.5, 18.5, 16.5, 17.1]
['2018-04-16', 19.5, 19.75, 17.0, 17.5]
['2018-04-17', 17.0, 17.5, 17.0, 17.05]
['2018-04-18', 16.75, 17.5, 15.5, 17.5]
['2018-04-19', 16.75, 17.5, 16.15, 17.0]
['2018-04-20', 16.15, 17.0, 13.5, 14.0]
['2018-04-23', 7.5, 14.75, 7.25, 14.25]
['2018-04-24', 14.5, 17.0, 14.5, 15.75]
['2018-04-25', 17.0, 17.0, 15.0, 15.25]
['2018-04-26', 15.0, 16.4, 15.0, 16.15]
['2018-04-27', 20.45, 20.45, 14.05, 14.55]
['2018-04-30', 15.5, 17.0, 14.1, 17.0]
['2018-05-01', 17.0, 17.5, 15.55, 16.0]
['2018-05-02', 16.0, 17.0, 16.0, 16.75]
['2018-05-03', 17.0, 17.0, 16.0, 17.0]
['2018-05-04', 16.05, 17.0, 15.2, 16.9]
['2018-05-07', 17.0, 17.0, 15.2, 16.95]
['2018-05-08', 15.5, 16.95, 15.5, 16.85]
['2018-05-09', 17.0, 17.0, 15.55, 16.8]
['2018-05-10', 16.65, 16.8, 15.75, 16.5]
['2018-05-11', 16.75, 16.75, 15.6, 16.4]
['2018-05-14', 16.5, 16.7, 14.75, 15.0]
['2018-05-15', 15.75, 15.75, 8.55, 14.5]
['2018-05-16', 14.5, 14.55, 13.45, 13.45]
['2018-05-17', 14.5, 14.55, 13.35, 14.55]
['2018-05-18', 15.5, 16.0, 15.0, 16.0]
['2018-05-21', 15.0, 16.0, 14.0, 15.15]
['2018-05-22', 15.0, 15.0, 14.0, 14.0]
['2018-05-23', 15.0, 15.9, 14.0, 15.5]
['2018-05-24', 16.75, 16.75, 14.85, 15.5]
['2018-05-25', 15.5, 16.0, 14.25, 16.0]
['2018-05-29', 14.25, 16.0, 13.5, 14.45]
['2018-05-30', 14.0, 14.5, 13.75, 14.25]
['2018-05-31', 14.0, 14.0, 13.15, 13.25]
['2018-06-01', 13.1, 14.0, 13.1, 14.0]
['2018-06-04', 14.65, 14.65, 13.0, 13.75]
['2018-06-05', 14.0, 14.0, 12.5, 13.5]
['2018-06-06', 13.5, 13.75, 12.5, 13.5]
['2018-06-07', 13.5, 13.5, 12.5, 12.6]
['2018-06-08', 12.5, 14.0, 12.25, 12.5]
['2018-06-11', 12.5, 13.35, 12.0, 13.0]
['2018-06-12', 12.75, 13.15, 12.05, 13.0]
['2018-06-13', 12.65, 13.0, 12.05, 12.45]
['2018-06-14', 12.5, 12.5, 11.5, 12.5]
['2018-06-15', 13.25, 13.25, 11.95, 12.5]
['2018-06-18', 12.4, 14.0, 12.4, 13.5]
['2018-06-19', 13.5, 13.5, 13.0, 13.0]
['2018-06-20', 12.5, 13.5, 11.95, 13.5]
['2018-06-21', 13.5, 13.5, 11.95, 13.5]
['2018-06-22', 13.5, 13.5, 12.5, 12.5]
['2018-06-25', 13.5, 13.5, 12.05, 12.8]
['2018-06-26', 12.8, 13.0, 12.0, 12.0]
['2018-06-27', 13.0, 13.0, 11.5, 12.5]
['2018-06-28', 12.5, 12.5, 10.8, 12.05]
['2018-06-29', 12.5, 12.5, 12.0, 12.0]
['2018-07-02', 10.9, 12.25, 10.75, 10.95]
['2018-07-03', 12.5, 12.5, 10.0, 10.0]
['2018-07-05', 11.0, 11.0, 9.5, 10.2]
['2018-07-06', 10.4, 10.5, 9.5, 10.25]
['2018-07-09', 10.5, 10.5, 9.5, 9.75]
['2018-07-10', 10.0, 10.5, 9.75, 10.2]
['2018-07-11', 12.5, 12.5, 10.5, 10.5]
['2018-07-12', 10.5, 10.95, 10.05, 10.05]
['2018-07-13', 10.5, 11.0, 9.65, 10.5]
['2018-07-16', 10.5, 10.5, 10.0, 10.0]
['2018-07-17', 9.5, 10.5, 9.5, 10.05]
['2018-07-18', 9.75, 10.25, 9.65, 10.0]
['2018-07-19', 11.45, 11.45, 9.5, 10.2]
['2018-07-20', 9.5, 10.0, 9.5, 9.5]
['2018-07-23', 9.5, 10.5, 9.5, 10.2]
['2018-07-24', 9.5, 10.2, 9.5, 10.2]
['2018-07-25', 9.75, 10.2, 9.75, 10.2]
['2018-07-26', 9.75, 10.3, 9.05, 9.5]
['2018-07-27', 9.5, 10.0, 9.5, 10.0]
['2018-07-30', 10.0, 10.2, 9.05, 10.2]
['2018-07-31', 10.3, 10.3, 9.25, 10.2]
['2018-08-01', 10.0, 10.25, 9.5, 10.0]
['2018-08-02', 9.55, 10.0, 9.5, 9.55]
['2018-08-03', 10.0, 10.3, 9.0, 10.25]
['2018-08-06', 9.3, 10.5, 9.3, 9.5]
['2018-08-07', 9.3, 10.2, 9.25, 9.6]
['2018-08-08', 10.2, 10.25, 9.25, 9.25]
['2018-08-09', 9.25, 9.75, 9.25, 9.75]
['2018-08-10', 10.25, 10.25, 9.6, 9.6]
['2018-08-13', 9.5, 10.2, 9.5, 10.0]
['2018-08-14', 10.2, 10.2, 9.5, 9.5]
['2018-08-15', 10.0, 10.0, 9.5, 10.0]
['2018-08-16', 9.95, 10.0, 9.75, 9.75]
['2018-08-17', 9.75, 10.0, 9.75, 10.0]
['2018-08-20', 10.0, 10.2, 9.5, 10.0]
['2018-08-21', 10.1, 10.15, 9.75, 10.0]
['2018-08-22', 9.5, 10.0, 9.5, 10.0]
['2018-08-23', 10.0, 10.25, 9.5, 10.15]
['2018-08-24', 10.15, 10.2, 9.5, 10.2]
['2018-08-27', 10.2, 10.2, 9.5, 10.2]
['2018-08-28', 10.25, 10.5, 9.7, 10.5]
['2018-08-29', 10.0, 10.25, 10.0, 10.0]
['2018-08-30', 9.95, 10.0, 9.75, 10.0]
['2018-08-31', 10.0, 10.0, 9.75, 9.75]
['2018-09-04', 9.75, 10.0, 9.75, 9.9]
['2018-09-05', 10.0, 10.0, 9.75, 10.0]
['2018-09-06', 10.0, 10.0, 9.75, 10.0]
['2018-09-07', 10.0, 10.2, 9.9, 10.0]
['2018-09-10', 10.15, 10.15, 9.5, 10.0]
['2018-09-11', 10.0, 10.0, 9.5, 10.0]
['2018-09-12', 10.0, 10.0, 9.75, 10.0]
['2018-09-13', 9.9, 10.0, 9.75, 10.0]
['2018-09-14', 9.75, 10.0, 9.75, 9.95]
['2018-09-17', 10.0, 10.0, 9.75, 9.75]
['2018-09-18', 9.8, 10.0, 9.8, 9.85]
['2018-09-19', 9.9, 10.0, 9.9, 9.9]
['2018-09-20', 10.0, 10.0, 9.75, 10.0]
['2018-09-21', 10.0, 10.0, 9.85, 9.85]
['2018-09-24', 10.0, 10.3, 9.5, 9.75]
['2018-09-25', 10.0, 10.15, 9.45, 9.45]
['2018-09-26', 10.0, 10.0, 9.15, 9.5]
['2018-09-27', 10.0, 10.0, 9.0, 9.0]
['2018-09-28', 9.25, 9.7, 9.0, 9.25]
['2018-10-01', 8.25, 9.5, 8.25, 8.5]
['2018-10-02', 9.0, 9.0, 8.0, 8.0]
['2018-10-03', 9.0, 9.0, 8.25, 9.0]
['2018-10-04', 8.5, 10.45, 8.5, 9.5]
['2018-10-05', 10.0, 10.0, 8.95, 9.05]
['2018-10-08', 9.0, 9.75, 9.0, 9.1]
['2018-10-09', 9.0, 9.95, 9.0, 9.0]
['2018-10-10', 9.25, 9.85, 8.5, 9.0]
['2018-10-11', 9.05, 9.35, 9.0, 9.0]
['2018-10-12', 9.25, 9.25, 9.0, 9.0]
['2018-10-15', 9.0, 9.3, 8.75, 9.3]
['2018-10-16', 9.35, 9.65, 9.0, 9.25]
['2018-10-17', 9.65, 10.0, 9.45, 9.55]
['2018-10-18', 9.7, 10.45, 9.45, 9.75]
['2018-10-19', 11.5, 11.5, 9.25, 10.25]
['2018-10-22', 10.45, 10.45, 9.55, 10.0]
['2018-10-23', 11.0, 11.0, 9.25, 9.5]
['2018-10-24', 9.45, 9.7, 8.75, 8.9]
['2018-10-25', 9.2, 10.0, 8.9, 9.95]
['2018-10-26', 8.8, 10.0, 8.8, 10.0]
['2018-10-29', 10.0, 10.0, 8.75, 10.0]
['2018-10-30', 10.0, 10.45, 9.5, 10.45]
['2018-10-31', 10.0, 10.45, 9.5, 10.0]
['2018-11-01', 12.0, 12.0, 9.5, 10.45]
['2018-11-02', 10.5, 11.0, 10.25, 10.9]
['2018-11-05', 11.0, 11.0, 10.25, 10.5]
['2018-11-06', 10.0, 10.5, 9.5, 10.0]
['2018-11-07', 10.05, 10.75, 10.05, 10.45]
['2018-11-08', 10.95, 11.0, 10.7, 10.7]
['2018-11-09', 11.5, 11.95, 10.8, 11.2]
['2018-11-12', 12.0, 12.0, 10.95, 11.0]
['2018-11-13', 11.5, 11.5, 10.35, 11.5]
['2018-11-14', 11.5, 11.95, 11.5, 11.5]
['2018-11-15', 11.95, 11.95, 10.75, 11.9]
['2018-11-16', 12.0, 12.4, 11.65, 11.95]
['2018-11-19', 12.0, 12.0, 11.25, 12.0]
['2018-11-20', 12.0, 12.0, 11.0, 11.25]
['2018-11-21', 10.0, 11.75, 8.5, 11.0]
['2018-11-23', 11.0, 11.5, 9.75, 11.5]
['2018-11-26', 11.75, 12.0, 9.75, 11.5]
['2018-11-27', 11.25, 11.35, 10.1, 10.1]
['2018-11-28', 10.35, 11.0, 10.35, 10.5]
['2018-11-29', 10.75, 11.0, 10.75, 10.75]
['2018-11-30', 10.75, 10.75, 10.5, 10.75]
['2018-12-03', 11.5, 11.5, 10.0, 11.0]
['2018-12-04', 11.5, 11.5, 10.5, 11.0]
['2018-12-06', 10.5, 11.5, 10.5, 11.0]
['2018-12-07', 10.75, 10.75, 10.5, 10.5]
['2018-12-10', 11.0, 11.25, 10.0, 11.25]
['2018-12-11', 11.5, 11.5, 9.85, 10.5]
['2018-12-12', 10.0, 10.5, 10.0, 10.5]
['2018-12-13', 10.5, 10.5, 10.35, 10.5]
['2018-12-14', 10.0, 10.5, 10.0, 10.5]
['2018-12-17', 10.5, 10.5, 10.5, 10.5]
['2018-12-18', 9.25, 10.5, 8.5, 10.0]
['2018-12-19', 10.5, 10.5, 8.6, 10.5]
['2018-12-20', 11.0, 11.5, 9.6, 9.6]
['2018-12-21', 8.75, 10.0, 8.75, 10.0]
['2018-12-24', 10.0, 10.0, 10.0, 10.0]
['2018-12-26', 10.0, 10.0, 8.1, 10.0]
['2018-12-27', 9.0, 10.0, 8.0, 8.0]
['2018-12-28', 10.0, 10.0, 9.5, 9.95]
['2018-12-31', 9.95, 10.0, 9.75, 9.75]
['2019-01-02', 10.0, 10.0, 9.5, 9.5]
['2019-01-03', 10.0, 10.0, 9.85, 10.0]
['2019-01-04', 10.0, 10.45, 9.0, 9.95]
['2019-01-07', 9.75, 9.95, 9.0, 9.75]
['2019-01-08', 10.0, 10.4, 9.25, 9.65]
['2019-01-09', 10.0, 10.0, 9.25, 9.25]
['2019-01-10', 9.5, 9.9, 9.05, 9.75]
['2019-01-11', 9.75, 9.95, 9.75, 9.95]
['2019-01-14', 10.5, 10.5, 9.05, 9.05]
['2019-01-15', 10.4, 10.4, 10.2, 10.4]
['2019-01-16', 9.5, 10.4, 9.5, 10.0]
['2019-01-17', 10.0, 10.0, 8.1, 9.75]
['2019-01-18', 10.0, 10.4, 9.8, 10.1]
['2019-01-22', 10.0, 10.4, 9.1, 10.35]
['2019-01-23', 10.0, 10.1, 9.1, 10.1]
['2019-01-24', 10.4, 10.4, 9.1, 10.35]
['2019-01-25', 9.1, 10.1, 9.1, 10.1]
['2019-01-28', 10.1, 10.35, 9.25, 10.0]
['2019-01-29', 9.5, 9.5, 9.5, 9.5]
['2019-01-30', 9.25, 9.65, 9.25, 9.25]
['2019-01-31', 9.15, 11.0, 9.15, 10.0]
['2019-02-01', 10.4, 10.4, 9.25, 9.3]
['2019-02-04', 10.15, 10.15, 9.25, 10.0]
['2019-02-05', 9.95, 9.95, 9.45, 9.45]
['2019-02-06', 9.5, 10.4, 9.5, 10.2]
['2019-02-07', 9.7, 10.35, 9.5, 10.2]
['2019-02-08', 10.0, 10.3, 9.75, 10.3]
['2019-02-11', 10.4, 11.0, 9.6, 11.0]
['2019-02-12', 11.0, 11.0, 9.5, 10.5]
['2019-02-13', 9.65, 10.9, 9.65, 10.9]
['2019-02-14', 10.9, 11.0, 9.75, 10.5]
['2019-02-15', 10.65, 11.0, 10.5, 10.5]
['2019-02-19', 10.5, 10.6, 9.5, 10.35]
['2019-02-20', 10.0, 10.0, 10.0, 10.0]
['2019-02-21', 10.0, 10.6, 9.25, 10.6]
['2019-02-22', 10.15, 10.6, 9.5, 10.35]
['2019-02-25', 10.5, 10.5, 9.5, 10.0]
['2019-02-26', 9.8, 10.4, 9.8, 9.8]
['2019-02-27', 10.5, 10.5, 9.5, 9.75]
['2019-02-28', 9.55, 10.5, 9.25, 9.75]
['2019-03-01', 10.45, 10.45, 9.5, 10.0]
['2019-03-04', 10.25, 10.25, 9.5, 10.25]
['2019-03-05', 10.2, 10.2, 9.3, 9.3]
['2019-03-06', 10.5, 10.5, 9.5, 10.0]
['2019-03-07', 9.75, 10.0, 9.5, 10.0]
['2019-03-08', 10.0, 10.0, 9.5, 9.75]
['2019-03-11', 10.35, 10.35, 9.75, 10.0]
['2019-03-12', 10.0, 10.35, 8.75, 10.05]
['2019-03-13', 10.0, 10.0, 9.4, 9.4]
['2019-03-14', 9.0, 10.25, 9.0, 10.0]
['2019-03-15', 9.65, 10.0, 9.0, 10.0]
['2019-03-18', 9.65, 9.65, 9.0, 9.5]
['2019-03-19', 9.4, 10.0, 8.85, 9.05]
['2019-03-20', 9.95, 9.95, 9.25, 9.5]
['2019-03-21', 10.0, 10.2, 9.2, 9.2]
['2019-03-22', 9.25, 10.0, 9.0, 9.8]
['2019-03-25', 9.85, 9.9, 9.05, 9.1]
['2019-03-26', 9.0, 9.8, 8.75, 9.8]
['2019-03-27', 8.75, 9.55, 8.45, 9.25]
['2019-03-28', 9.1, 10.0, 8.7, 9.5]
['2019-03-29', 9.7, 9.7, 9.05, 9.05]
['2019-04-01', 9.5, 9.5, 7.5, 8.75]
['2019-04-02', 9.05, 9.05, 8.0, 9.0]
['2019-04-03', 9.0, 9.05, 8.8, 9.0]
['2019-04-04', 9.0, 9.0, 8.75, 9.0]
['2019-04-05', 8.35, 9.0, 7.75, 8.65]
['2019-04-08', 9.5, 9.5, 8.5, 9.0]
['2019-04-09', 9.25, 9.25, 8.5, 8.75]
['2019-04-10', 8.8, 9.0, 7.5, 8.2]
['2019-04-11', 8.45, 8.65, 8.2, 8.4]
['2019-04-12', 8.2, 8.35, 7.85, 8.2]
['2019-04-15', 8.05, 9.0, 7.5, 8.25]
['2019-04-16', 5.41, 5.5, 5.06, 5.44]
['2019-04-17', 5.6, 5.6, 5.29, 5.4]
['2019-04-18', 5.5, 5.65, 5.35, 5.5]
['2019-04-22', 5.75, 5.75, 5.4, 5.46]
['2019-04-23', 5.31, 5.65, 5.3, 5.6]
['2019-04-24', 5.54, 5.54, 5.25, 5.35]
['2019-04-25', 5.2, 5.3, 5.2, 5.23]
['2019-04-26', 5.25, 5.32, 5.25, 5.25]
['2019-04-29', 5.25, 5.3, 5.21, 5.22]
['2019-04-30', 5.25, 5.35, 5.22, 5.25]
['2019-05-01', 5.45, 5.45, 5.25, 5.4]
['2019-05-02', 5.5, 5.5, 5.25, 5.25]
['2019-05-03', 5.25, 5.45, 5.25, 5.4]
['2019-05-06', 5.96, 5.96, 5.3, 5.39]
['2019-05-07', 5.38, 5.55, 5.3, 5.4]
['2019-05-08', 5.52, 5.52, 5.3, 5.35]
['2019-05-09', 5.32, 5.4, 5.2, 5.25]
['2019-05-10', 5.34, 5.35, 5.25, 5.25]
['2019-05-13', 5.34, 5.78, 5.2, 5.23]
['2019-05-14', 5.23, 5.35, 5.21, 5.25]
['2019-05-15', 5.44, 5.44, 5.2, 5.22]
['2019-05-16', 5.39, 5.47, 5.22, 5.26]
['2019-05-17', 5.4, 5.4, 5.23, 5.34]
['2019-05-20', 5.23, 5.4, 5.23, 5.35]
['2019-05-21', 5.29, 5.48, 5.26, 5.43]
['2019-05-22', 5.48, 5.61, 5.33, 5.45]
['2019-05-23', 5.49, 5.6, 5.32, 5.32]
['2019-05-24', 5.49, 5.49, 5.25, 5.27]
['2019-05-28', 5.27, 5.55, 5.23, 5.24]
['2019-05-29', 5.23, 5.4, 5.23, 5.23]
['2019-05-30', 5.32, 5.44, 5.21, 5.4]
['2019-05-31', 5.48, 5.48, 5.23, 5.33]
['2019-06-03', 5.28, 5.4, 5.23, 5.23]
['2019-06-04', 5.23, 5.28, 5.15, 5.15]
['2019-06-05', 5.15, 5.25, 5.0, 5.0]
['2019-06-06', 5.03, 5.12, 4.52, 4.69]
['2019-06-07', 4.7, 4.95, 4.69, 4.8]
['2019-06-10', 4.97, 4.98, 4.85, 4.9]
['2019-06-11', 4.94, 4.94, 4.76, 4.77]
['2019-06-12', 4.93, 5.1, 4.84, 4.95]
['2019-06-13', 5.09, 5.09, 4.87, 5.08]
['2019-06-14', 5.05, 5.53, 4.94, 5.35]
['2019-06-17', 5.39, 5.65, 5.35, 5.63]
['2019-06-18', 5.7, 6.0, 5.58, 5.97]
['2019-06-19', 5.83, 6.08, 5.83, 5.93]
['2019-06-20', 5.89, 6.3, 5.84, 5.89]
['2019-06-21', 6.22, 6.25, 5.49, 5.54]
['2019-06-24', 5.55, 5.82, 5.1, 5.15]
['2019-06-25', 5.15, 5.27, 5.11, 5.11]
['2019-06-26', 5.54, 5.54, 5.15, 5.15]
['2019-06-27', 5.17, 5.18, 5.15, 5.15]
['2019-06-28', 5.2, 5.2, 4.93, 4.94]
['2019-07-01', 5.05, 5.1, 4.94, 4.99]
['2019-07-02', 5.0, 5.07, 4.98, 5.07]
['2019-07-03', 4.97, 5.08, 4.94, 4.94]
['2019-07-05', 4.84, 4.93, 4.7, 4.71]
['2019-07-08', 4.75, 4.99, 4.71, 4.97]
['2019-07-09', 5.0, 5.0, 4.73, 4.9]
['2019-07-10', 4.89, 5.08, 4.89, 5.08]
['2019-07-11', 5.08, 5.85, 5.06, 5.56]
['2019-07-12', 5.62, 6.18, 5.53, 5.75]
['2019-07-15', 5.65, 5.94, 5.3, 5.4]
['2019-07-16', 5.7, 5.95, 5.38, 5.95]
['2019-07-17', 6.04, 6.04, 5.6, 5.65]
['2019-07-18', 5.62, 5.8, 5.56, 5.56]
['2019-07-19', 5.65, 5.78, 5.56, 5.74]
['2019-07-22', 5.82, 5.82, 5.6, 5.8]
['2019-07-23', 5.75, 5.78, 5.56, 5.78]
['2019-07-24', 5.61, 6.0, 5.61, 5.95]
['2019-07-25', 5.99, 5.99, 5.82, 5.98]
['2019-07-26', 5.99, 6.1, 5.9, 6.0]
['2019-07-29', 6.05, 6.29, 5.96, 5.98]
['2019-07-30', 6.03, 6.24, 5.82, 6.14]
['2019-07-31', 6.12, 6.15, 5.95, 5.95]
['2019-08-01', 5.98, 5.98, 5.6, 5.71]
['2019-08-02', 5.83, 5.83, 5.75, 5.82]
['2019-08-05', 5.84, 5.98, 5.84, 5.98]
['2019-08-06', 5.98, 6.15, 5.8, 6.15]
['2019-08-07', 6.13, 6.15, 5.95, 6.0]
['2019-08-08', 5.95, 5.95, 5.69, 5.69]
['2019-08-09', 5.74, 6.07, 5.73, 5.94]
['2019-08-12', 5.99, 6.05, 5.75, 6.04]
['2019-08-13', 6.03, 6.1, 5.74, 5.74]
['2019-08-14', 5.85, 5.98, 5.6, 5.8]
['2019-08-15', 5.98, 6.09, 5.58, 5.58]
['2019-08-16', 5.74, 5.99, 5.69, 5.69]
['2019-08-19', 5.9, 5.9, 5.58, 5.58]
['2019-08-20', 5.59, 5.6, 5.3, 5.3]
['2019-08-21', 5.3, 5.3, 4.56, 4.56]
['2019-08-22', 4.75, 5.15, 4.61, 5.0]
['2019-08-23', 4.92, 5.01, 4.9, 4.97]
['2019-08-26', 5.0, 5.0, 4.8, 4.8]
['2019-08-27', 4.9, 4.97, 4.64, 4.96]
['2019-08-28', 4.82, 5.13, 4.82, 5.13]
['2019-08-29', 5.11, 5.11, 4.8, 4.8]
['2019-08-30', 4.84, 4.84, 4.84, 4.84]
['2019-09-03', 4.99, 5.02, 4.61, 4.76]
['2019-09-04', 4.76, 4.99, 4.76, 4.79]
['2019-09-05', 4.75, 5.04, 4.7, 5.0]
['2019-09-06', 5.0, 5.33, 5.0, 5.0]
['2019-09-09', 5.0, 5.25, 5.0, 5.0]
['2019-09-10', 4.96, 5.47, 4.96, 5.4]
['2019-09-11', 5.22, 5.51, 5.22, 5.4]
['2019-09-12', 5.31, 5.56, 5.31, 5.47]
['2019-09-13', 5.37, 5.76, 5.37, 5.75]
['2019-09-16', 5.86, 5.89, 5.7, 5.89]
['2019-09-17', 5.71, 5.82, 5.41, 5.5]
['2019-09-18', 5.41, 5.73, 5.41, 5.55]
['2019-09-19', 5.51, 5.74, 5.4, 5.4]
['2019-09-20', 5.52, 5.7, 5.43, 5.49]
['2019-09-23', 5.46, 5.65, 5.42, 5.6]
['2019-09-24', 5.55, 5.64, 5.4, 5.54]
['2019-09-25', 5.58, 5.65, 5.52, 5.6]
['2019-09-26', 5.69, 5.75, 5.5, 5.75]
['2019-09-27', 5.66, 5.76, 5.52, 5.75]
['2019-09-30', 5.62, 5.9, 5.62, 5.77]
['2019-10-01', 5.78, 6.0, 5.76, 5.97]
['2019-10-02', 6.0, 6.22, 5.89, 6.0]
['2019-10-03', 6.06, 6.22, 6.02, 6.11]
['2019-10-04', 6.12, 6.28, 6.12, 6.25]
['2019-10-07', 6.17, 6.23, 5.9, 5.9]
['2019-10-08', 5.94, 5.98, 5.66, 5.7]
['2019-10-09', 5.74, 5.81, 5.54, 5.68]
['2019-10-10', 5.6, 5.6, 5.5, 5.5]
['2019-10-11', 5.58, 5.72, 5.58, 5.7]
['2019-10-14', 5.7, 5.7, 5.6, 5.68]
['2019-10-15', 5.71, 5.71, 5.55, 5.57]
['2019-10-16', 5.63, 5.79, 5.63, 5.69]
['2019-10-17', 5.69, 5.7, 5.61, 5.68]
['2019-10-18', 5.63, 5.85, 5.55, 5.56]
['2019-10-21', 6.09, 6.09, 5.72, 5.72]
['2019-10-22', 6.01, 6.01, 5.5, 5.85]
['2019-10-23', 5.85, 5.85, 5.23, 5.4]
['2019-10-24', 5.52, 5.52, 5.3, 5.3]
['2019-10-25', 5.28, 5.4, 5.28, 5.4]
['2019-10-28', 5.31, 5.4, 5.3, 5.31]
['2019-10-29', 5.31, 5.4, 5.29, 5.29]
['2019-10-30', 5.29, 5.34, 5.23, 5.34]
['2019-10-31', 5.28, 5.32, 5.28, 5.32]
['2019-11-01', 5.32, 5.4, 5.32, 5.32]
['2019-11-04', 5.32, 5.32, 5.08, 5.18]
['2019-11-05', 5.21, 5.35, 4.84, 5.34]
['2019-11-06', 5.26, 5.38, 5.25, 5.3]
['2019-11-07', 5.35, 5.36, 5.07, 5.1]
['2019-11-08', 5.2, 5.4, 5.2, 5.35]
['2019-11-11', 5.25, 5.33, 5.18, 5.18]
['2019-11-12', 5.3, 5.3, 5.28, 5.28]
['2019-11-13', 5.2, 5.2, 5.15, 5.15]
['2019-11-14', 5.27, 5.32, 5.11, 5.13]
['2019-11-15', 5.09, 5.1, 5.0, 5.0]
['2019-11-18', 5.07, 5.15, 4.89, 4.89]
['2019-11-19', 4.88, 5.1, 4.79, 4.81]
['2019-11-20', 4.9, 4.91, 4.75, 4.75]
['2019-11-21', 4.7, 5.01, 4.68, 4.71]
['2019-11-22', 4.75, 4.81, 4.6, 4.61]
['2019-11-25', 4.79, 4.79, 4.59, 4.66]
['2019-11-26', 4.59, 4.67, 4.55, 4.55]
['2019-11-27', 4.59, 4.67, 4.55, 4.57]
['2019-11-29', 4.6, 4.6, 4.58, 4.58]
['2019-12-02', 4.6, 4.6, 4.49, 4.57]
['2019-12-03', 4.49, 4.58, 4.49, 4.56]
['2019-12-04', 4.47, 4.48, 4.3, 4.33]
['2019-12-05', 4.26, 4.46, 4.17, 4.26]
['2019-12-06', 4.3, 4.48, 4.23, 4.23]
['2019-12-09', 4.18, 4.53, 4.16, 4.28]
['2019-12-10', 4.49, 4.5, 4.18, 4.35]
['2019-12-11', 4.43, 4.55, 4.19, 4.24]
['2019-12-12', 4.24, 4.3, 4.19, 4.19]
['2019-12-13', 4.19, 4.25, 4.15, 4.15]
['2019-12-16', 4.16, 4.25, 3.91, 3.94]
['2019-12-17', 4.15, 4.15, 4.02, 4.05]
['2019-12-18', 4.13, 4.13, 4.01, 4.03]
['2019-12-19', 4.07, 4.1, 3.94, 3.94]
['2019-12-20', 4.01, 4.1, 3.95, 4.09]
['2019-12-23', 4.11, 4.11, 3.95, 3.98]
['2019-12-24', 3.93, 4.08, 3.93, 4.08]
['2019-12-26', 4.01, 4.03, 3.91, 3.92]
['2019-12-27', 3.92, 4.01, 3.92, 3.99]
['2019-12-30', 3.94, 4.01, 3.92, 3.92]
['2019-12-31', 3.9, 5.64, 3.9, 4.66]
['2020-01-02', 4.63, 4.63, 4.32, 4.57]
['2020-01-03', 4.58, 4.58, 4.35, 4.43]
['2020-01-06', 4.4, 4.48, 4.31, 4.4]
['2020-01-07', 4.49, 4.5, 4.33, 4.38]
['2020-01-08', 4.31, 4.56, 4.28, 4.36]
['2020-01-09', 4.36, 5.49, 4.36, 4.7]
['2020-01-10', 4.79, 4.97, 4.61, 4.65]
['2020-01-13', 4.53, 4.81, 4.36, 4.46]
['2020-01-14', 4.57, 4.84, 4.57, 4.62]
['2020-01-15', 4.87, 5.35, 4.77, 5.35]
['2020-01-16', 5.41, 6.15, 5.22, 5.81]
['2020-01-17', 6.09, 6.67, 5.85, 6.38]
['2020-01-21', 6.71, 6.84, 6.32, 6.58]
['2020-01-22', 6.68, 6.69, 6.1, 6.15]
['2020-01-23', 6.22, 6.3, 5.61, 5.87]
['2020-01-24', 5.88, 5.9, 5.77, 5.8]
['2020-01-27', 5.71, 6.77, 5.71, 6.19]
['2020-01-28', 6.35, 6.75, 6.15, 6.58]
['2020-01-29', 6.6, 7.19, 6.6, 6.95]
['2020-01-30', 7.04, 7.17, 6.3, 6.51]
['2020-01-31', 6.45, 6.87, 6.42, 6.45]
['2020-02-03', 6.47, 7.22, 6.47, 7.22]
['2020-02-04', 7.37, 8.25, 7.1, 7.96]
['2020-02-05', 8.2, 8.2, 7.52, 7.73]
['2020-02-06', 7.95, 8.7, 7.87, 8.68]
['2020-02-07', 8.8, 9.49, 8.51, 9.49]
['2020-02-10', 9.54, 10.55, 9.53, 9.85]
['2020-02-11', 10.03, 10.4, 9.77, 10.2]
['2020-02-12', 10.44, 10.44, 9.0, 9.16]
['2020-02-13', 9.1, 9.76, 9.07, 9.75]
['2020-02-14', 9.75, 10.09, 9.64, 9.74]
['2020-02-18', 9.93, 10.33, 9.75, 10.25]
['2020-02-19', 10.32, 10.95, 9.73, 9.89]
['2020-02-20', 10.06, 10.5, 10.0, 10.33]
['2020-02-21', 10.44, 10.46, 10.21, 10.34]
['2020-02-24', 9.97, 10.2, 9.7, 9.81]
['2020-02-25', 9.8, 9.8, 8.9, 8.91]
['2020-02-26', 8.91, 8.91, 7.95, 8.18]
['2020-02-27', 8.2, 9.75, 8.05, 8.83]
['2020-02-28', 8.74, 9.57, 8.53, 9.4]
['2020-03-02', 9.46, 10.1, 9.43, 9.75]
['2020-03-03', 9.75, 10.2, 9.51, 10.2]
['2020-03-04', 10.3, 10.33, 8.95, 10.0]
['2020-03-05', 10.1, 12.0, 9.87, 12.0]
['2020-03-06', 11.96, 12.85, 11.35, 12.21]
['2020-03-09', 11.86, 11.86, 8.89, 9.78]
['2020-03-10', 10.1, 10.98, 9.36, 10.19]
['2020-03-11', 10.1, 10.24, 7.15, 8.73]
['2020-03-12', 8.13, 8.41, 7.5, 7.84]
['2020-03-13', 8.02, 8.39, 7.55, 8.25]
['2020-03-16', 7.0, 7.63, 6.87, 7.0]
['2020-03-17', 7.04, 7.86, 6.96, 7.46]
['2020-03-18', 7.25, 7.35, 6.12, 6.35]
['2020-03-19', 6.44, 7.5, 6.09, 6.91]
['2020-03-20', 7.35, 8.5, 6.81, 6.81]
['2020-03-23', 6.84, 7.52, 6.55, 7.13]
['2020-03-24', 7.76, 8.46, 7.01, 7.75]
['2020-03-25', 8.02, 8.7, 7.65, 8.0]
['2020-03-26', 8.38, 8.89, 7.5, 8.24]
['2020-03-27', 8.3, 8.47, 7.6, 8.18]
['2020-03-30', 8.06, 8.45, 7.86, 7.9]
['2020-03-31', 8.29, 8.6, 7.5, 7.59]
['2020-04-01', 7.28, 7.65, 6.72, 7.34]
['2020-04-02', 7.16, 7.46, 6.96, 6.96]
['2020-04-03', 7.1, 7.66, 6.74, 7.12]
['2020-04-06', 7.47, 7.7, 7.11, 7.44]
['2020-04-07', 7.83, 7.83, 6.61, 6.81]
['2020-04-08', 6.96, 7.04, 6.31, 6.38]
['2020-04-09', 6.69, 6.93, 6.5, 6.55]
['2020-04-13', 6.56, 6.88, 6.5, 6.72]
['2020-04-14', 7.24, 7.24, 6.4, 6.9]
['2020-04-15', 6.71, 6.95, 6.54, 6.73]
['2020-04-16', 6.86, 6.94, 6.55, 6.55]
['2020-04-17', 6.78, 7.14, 6.75, 7.14]
['2020-04-20', 7.14, 7.63, 6.57, 6.9]
['2020-04-21', 6.67, 7.02, 6.57, 6.76]
['2020-04-22', 6.65, 8.0, 6.65, 7.81]
['2020-04-23', 7.95, 7.95, 7.25, 7.43]
['2020-04-24', 7.46, 7.49, 6.66, 7.37]
['2020-04-27', 7.27, 7.61, 7.24, 7.49]
['2020-04-28', 7.52, 7.76, 6.84, 7.11]
['2020-04-29', 7.38, 7.73, 7.25, 7.41]
['2020-04-30', 7.57, 8.12, 7.26, 8.05]
['2020-05-01', 8.02, 8.02, 7.23, 7.23]
['2020-05-04', 7.79, 7.98, 6.94, 7.48]
['2020-05-05', 7.81, 8.09, 7.5, 7.73]
['2020-05-06', 7.69, 7.69, 7.45, 7.59]
['2020-05-07', 7.6, 7.95, 7.56, 7.7]
['2020-05-08', 7.82, 8.39, 7.81, 7.87]
['2020-05-11', 7.87, 8.29, 7.87, 7.87]
['2020-05-12', 8.13, 8.39, 7.44, 8.11]
['2020-05-13', 8.11, 8.29, 7.59, 7.7]
['2020-05-14', 7.75, 8.0, 7.5, 8.0]
['2020-05-15', 8.0, 8.42, 7.58, 8.07]
['2020-05-18', 8.3, 8.95, 8.23, 8.46]
['2020-05-19', 8.87, 8.95, 8.35, 8.56]
['2020-05-20', 8.64, 9.44, 8.5, 9.3]
['2020-05-21', 9.01, 9.33, 8.85, 8.96]
['2020-05-22', 9.06, 9.23, 8.62, 9.06]
