['2019-11-05', 9.75, 9.75, 9.75, 9.75]
['2019-11-06', 9.7, 9.75, 9.7, 9.75]
['2019-11-07', 9.77, 9.77, 9.77, 9.77]
['2019-11-08', 9.75, 9.75, 9.75, 9.75]
['2019-11-11', 9.75, 9.75, 9.75, 9.75]
['2019-11-12', 9.75, 9.75, 9.75, 9.75]
['2019-11-13', 9.75, 9.76, 9.75, 9.75]
['2019-11-14', 9.74, 9.75, 9.73, 9.73]
['2019-11-15', 9.73, 9.73, 9.73, 9.73]
['2019-11-18', 9.72, 9.72, 9.72, 9.72]
['2019-11-19', 9.78, 9.78, 9.78, 9.78]
['2019-11-20', 9.78, 9.78, 9.78, 9.78]
['2019-11-21', 9.78, 9.78, 9.78, 9.78]
['2019-11-22', 9.78, 9.78, 9.78, 9.78]
['2019-11-25', 9.78, 9.78, 9.78, 9.78]
['2019-11-26', 9.78, 9.78, 9.78, 9.78]
['2019-11-27', 9.78, 9.78, 9.78, 9.78]
['2019-11-29', 9.78, 9.78, 9.78, 9.78]
['2019-12-02', 9.78, 9.78, 9.78, 9.78]
['2019-12-03', 9.78, 9.78, 9.78, 9.78]
['2019-12-04', 9.79, 9.79, 9.79, 9.79]
['2019-12-05', 9.79, 9.79, 9.79, 9.79]
['2019-12-06', 9.8, 9.8, 9.8, 9.8]
['2019-12-09', 9.8, 9.8, 9.8, 9.8]
['2019-12-10', 9.8, 9.8, 9.8, 9.8]
['2019-12-11', 9.81, 9.82, 9.81, 9.82]
['2019-12-12', 9.82, 9.82, 9.82, 9.82]
['2019-12-13', 9.82, 9.82, 9.82, 9.82]
['2019-12-16', 9.83, 9.85, 9.83, 9.85]
['2019-12-17', 9.85, 9.85, 9.85, 9.85]
['2019-12-18', 9.83, 9.83, 9.83, 9.83]
['2019-12-19', 9.83, 9.83, 9.83, 9.83]
['2019-12-20', 9.83, 9.83, 9.83, 9.83]
['2019-12-23', 9.83, 9.83, 9.83, 9.83]
['2019-12-24', 9.83, 9.83, 9.83, 9.83]
['2019-12-26', 9.83, 9.83, 9.83, 9.83]
['2019-12-27', 9.83, 9.83, 9.83, 9.83]
['2019-12-30', 9.83, 9.83, 9.83, 9.83]
['2019-12-31', 9.83, 9.83, 9.83, 9.83]
['2020-01-02', 9.83, 9.83, 9.83, 9.83]
['2020-01-03', 9.88, 9.88, 9.87, 9.87]
['2020-01-06', 9.88, 9.88, 9.88, 9.88]
['2020-01-07', 9.88, 9.88, 9.88, 9.88]
['2020-01-08', 9.92, 9.92, 9.87, 9.92]
['2020-01-09', 9.88, 10.28, 9.88, 10.02]
['2020-01-10', 10.0, 10.0, 9.96, 10.0]
['2020-01-13', 10.0, 10.0, 9.97, 10.0]
['2020-01-14', 10.0, 10.0, 10.0, 10.0]
['2020-01-15', 10.0, 10.0, 10.0, 10.0]
['2020-01-16', 10.0, 10.0, 9.99, 10.0]
['2020-01-17', 10.0, 10.0, 10.0, 10.0]
['2020-01-21', 10.0, 10.0, 10.0, 10.0]
['2020-01-22', 10.01, 10.02, 10.0, 10.02]
['2020-01-23', 10.02, 10.02, 10.02, 10.02]
['2020-01-24', 10.02, 10.02, 10.02, 10.02]
['2020-01-27', 10.0, 10.0, 10.0, 10.0]
['2020-01-28', 10.0, 10.0, 10.0, 10.0]
['2020-01-29', 10.0, 10.0, 10.0, 10.0]
['2020-01-30', 10.02, 10.02, 10.02, 10.02]
['2020-01-31', 10.0, 10.0, 10.0, 10.0]
['2020-02-03', 10.0, 10.0, 10.0, 10.0]
['2020-02-04', 10.02, 10.02, 10.02, 10.02]
['2020-02-05', 10.0, 10.02, 10.0, 10.02]
['2020-02-06', 10.01, 10.02, 10.01, 10.02]
['2020-02-07', 10.0, 10.01, 10.0, 10.01]
['2020-02-10', 10.0, 10.0, 9.97, 9.97]
['2020-02-11', 9.97, 9.97, 9.97, 9.97]
['2020-02-12', 9.97, 9.97, 9.97, 9.97]
['2020-02-13', 9.99, 10.0, 9.99, 10.0]
['2020-02-14', 10.05, 10.05, 10.0, 10.0]
['2020-02-18', 10.0, 10.0, 10.0, 10.0]
['2020-02-19', 10.0, 10.0, 10.0, 10.0]
['2020-02-20', 10.0, 10.0, 10.0, 10.0]
['2020-02-21', 10.0, 10.05, 10.0, 10.0]
['2020-02-24', 10.0, 10.0, 10.0, 10.0]
['2020-02-25', 10.0, 10.0, 10.0, 10.0]
['2020-02-26', 10.0, 10.0, 10.0, 10.0]
['2020-02-27', 10.0, 10.0, 10.0, 10.0]
['2020-02-28', 9.97, 9.97, 9.95, 9.95]
['2020-03-02', 9.95, 9.95, 9.95, 9.95]
['2020-03-03', 9.95, 9.95, 9.92, 9.94]
['2020-03-04', 9.94, 9.94, 9.94, 9.94]
['2020-03-05', 9.94, 10.05, 9.91, 10.05]
['2020-03-06', 10.05, 10.05, 10.04, 10.04]
['2020-03-09', 10.04, 10.04, 10.04, 10.04]
['2020-03-10', 10.0, 10.0, 10.0, 10.0]
['2020-03-11', 9.98, 10.01, 9.96, 9.96]
['2020-03-12', 9.9, 9.9, 9.7, 9.9]
['2020-03-13', 9.85, 9.85, 9.69, 9.72]
['2020-03-16', 9.72, 9.72, 9.72, 9.72]
['2020-03-17', 9.5, 9.57, 9.46, 9.55]
['2020-03-18', 9.45, 9.59, 9.35, 9.59]
['2020-03-19', 9.5, 9.5, 9.36, 9.36]
['2020-03-20', 9.7, 9.7, 9.7, 9.7]
['2020-03-23', 9.7, 9.7, 9.7, 9.7]
['2020-03-24', 9.62, 9.98, 9.28, 9.98]
['2020-03-25', 9.98, 9.98, 9.98, 9.98]
['2020-03-26', 9.98, 9.98, 9.98, 9.98]
['2020-03-27', 9.55, 9.98, 9.53, 9.96]
['2020-03-30', 9.71, 9.71, 9.68, 9.68]
['2020-03-31', 9.63, 9.67, 9.63, 9.67]
['2020-04-01', 9.96, 10.0, 9.96, 10.0]
['2020-04-02', 9.85, 9.87, 9.78, 9.85]
['2020-04-03', 9.85, 9.85, 9.85, 9.85]
['2020-04-06', 9.85, 9.85, 9.85, 9.85]
['2020-04-07', 9.85, 9.85, 9.85, 9.85]
['2020-04-08', 9.85, 9.85, 9.85, 9.85]
['2020-04-09', 9.85, 9.85, 9.85, 9.85]
['2020-04-13', 9.89, 9.89, 9.89, 9.89]
['2020-04-14', 9.84, 9.84, 9.84, 9.84]
['2020-04-15', 9.84, 9.84, 9.84, 9.84]
['2020-04-16', 9.84, 9.84, 9.84, 9.84]
['2020-04-17', 9.77, 9.77, 9.77, 9.77]
['2020-04-20', 9.77, 9.77, 9.77, 9.77]
['2020-04-21', 9.77, 9.77, 9.77, 9.77]
['2020-04-22', 9.77, 9.77, 9.77, 9.77]
['2020-04-23', 9.77, 9.77, 9.77, 9.77]
['2020-04-24', 9.8, 9.8, 9.8, 9.8]
['2020-04-27', 9.8, 9.8, 9.8, 9.8]
['2020-04-28', 9.8, 9.8, 9.8, 9.8]
['2020-04-29', 9.77, 9.78, 9.77, 9.78]
['2020-04-30', 9.78, 9.78, 9.72, 9.72]
['2020-05-01', 9.73, 9.8, 9.73, 9.73]
['2020-05-04', 9.8, 9.8, 9.7, 9.78]
['2020-05-05', 9.78, 9.78, 9.78, 9.78]
['2020-05-06', 9.78, 9.78, 9.78, 9.78]
['2020-05-07', 9.8, 9.8, 9.75, 9.8]
['2020-05-08', 9.8, 9.8, 9.7, 9.7]
['2020-05-11', 9.7, 9.7, 9.7, 9.7]
['2020-05-13', 9.7, 9.7, 9.7, 9.7]
['2020-05-14', 9.77, 9.8, 9.77, 9.8]
['2020-05-15', 9.8, 9.8, 9.8, 9.8]
['2020-05-18', 9.84, 9.89, 9.8, 9.8]
['2020-05-19', 9.8, 9.8, 9.8, 9.8]
['2020-05-20', 9.75, 9.8, 9.75, 9.79]
['2020-05-21', 9.78, 9.78, 9.78, 9.78]
['2020-05-22', 9.78, 9.8, 9.78, 9.8]
