['2014-04-04', 7.95, 9.35, 7.18, 7.64]
['2014-04-07', 7.82, 7.82, 7.09, 7.11]
['2014-04-08', 7.15, 7.29, 7.06, 7.1]
['2014-04-09', 7.07, 7.18, 7.06, 7.12]
['2014-04-10', 7.1, 7.28, 7.1, 7.27]
['2014-04-11', 7.06, 7.37, 6.84, 7.37]
['2014-04-14', 7.44, 7.45, 7.19, 7.36]
['2014-04-15', 7.4, 7.85, 7.16, 7.8]
['2014-04-16', 7.91, 7.92, 7.73, 7.73]
['2014-04-17', 7.67, 7.79, 7.44, 7.55]
['2014-04-21', 7.6, 7.65, 7.03, 7.13]
['2014-04-22', 7.15, 7.45, 7.02, 7.39]
['2014-04-23', 7.42, 7.42, 7.16, 7.24]
['2014-04-24', 7.16, 7.22, 6.97, 7.05]
['2014-04-25', 7.1, 7.1, 6.9, 6.95]
['2014-04-28', 6.9, 7.05, 6.34, 6.58]
['2014-04-29', 6.79, 7.16, 6.75, 6.98]
['2014-04-30', 7.02, 7.15, 6.96, 7.13]
['2014-05-01', 7.27, 7.27, 6.99, 7.08]
['2014-05-02', 7.26, 7.26, 6.98, 7.0]
['2014-05-05', 7.0, 7.14, 7.0, 7.04]
['2014-05-06', 7.0, 7.08, 6.75, 6.83]
['2014-05-07', 6.93, 6.96, 6.54, 6.55]
['2014-05-08', 6.45, 6.72, 5.88, 5.96]
['2014-05-09', 5.97, 5.97, 5.12, 5.56]
['2014-05-12', 5.42, 5.91, 5.32, 5.74]
['2014-05-13', 5.89, 5.89, 5.46, 5.6]
['2014-05-14', 6.36, 6.36, 5.2, 5.68]
['2014-05-15', 5.66, 5.92, 5.66, 5.84]
['2014-05-16', 5.77, 5.9, 5.67, 5.7]
['2014-05-19', 5.75, 6.05, 5.57, 6.05]
['2014-05-20', 6.08, 6.7, 6.04, 6.68]
['2014-05-21', 6.48, 6.78, 6.37, 6.72]
['2014-05-22', 6.76, 6.96, 6.63, 6.82]
['2014-05-23', 6.87, 6.93, 6.73, 6.74]
['2014-05-27', 6.74, 6.79, 6.5, 6.64]
['2014-05-28', 6.57, 6.83, 6.57, 6.8]
['2014-05-29', 6.72, 7.05, 6.7, 7.04]
['2014-05-30', 6.94, 7.6, 6.94, 7.49]
['2014-06-02', 7.39, 7.7, 7.3, 7.38]
['2014-06-03', 7.32, 7.39, 7.09, 7.12]
['2014-06-04', 7.15, 7.26, 7.02, 7.04]
['2014-06-05', 7.09, 7.48, 7.05, 7.14]
['2014-06-06', 7.12, 7.5, 7.08, 7.4]
['2014-06-09', 7.36, 8.2, 7.36, 8.03]
['2014-06-10', 8.09, 8.1, 7.87, 7.98]
['2014-06-11', 7.86, 8.06, 7.8, 8.01]
['2014-06-12', 7.89, 8.14, 7.85, 7.95]
['2014-06-13', 7.81, 7.99, 7.53, 7.88]
['2014-06-16', 7.91, 8.1, 7.8, 7.9]
['2014-06-17', 7.86, 7.93, 7.53, 7.92]
['2014-06-18', 7.95, 7.99, 7.69, 7.87]
['2014-06-19', 7.91, 7.93, 7.7, 7.81]
['2014-06-20', 7.86, 7.98, 7.22, 7.27]
['2014-06-23', 7.34, 7.45, 6.84, 6.9]
['2014-06-24', 6.87, 7.09, 6.83, 6.91]
['2014-06-25', 6.87, 6.96, 6.62, 6.67]
['2014-06-26', 6.54, 6.81, 6.31, 6.73]
['2014-06-27', 6.75, 7.13, 6.58, 6.7]
['2014-06-30', 6.75, 7.23, 6.55, 7.2]
['2014-07-01', 7.2, 7.2, 6.73, 6.77]
['2014-07-02', 6.8, 6.96, 6.73, 6.74]
['2014-07-03', 6.75, 7.0, 6.73, 6.98]
['2014-07-07', 6.99, 7.13, 6.75, 7.04]
['2014-07-08', 7.0, 7.15, 6.77, 6.95]
['2014-07-09', 6.94, 6.98, 6.84, 6.9]
['2014-07-10', 6.8, 7.05, 6.8, 6.88]
['2014-07-11', 6.86, 6.95, 6.7, 6.78]
['2014-07-14', 6.78, 7.01, 6.76, 7.0]
['2014-07-15', 6.97, 7.01, 6.85, 6.94]
['2014-07-16', 6.96, 7.06, 6.95, 6.97]
['2014-07-17', 6.97, 7.02, 6.77, 6.99]
['2014-07-18', 6.9, 7.25, 6.9, 7.25]
['2014-07-21', 7.25, 7.5, 7.12, 7.39]
['2014-07-22', 7.4, 7.69, 7.37, 7.64]
['2014-07-23', 7.59, 7.63, 7.33, 7.37]
['2014-07-24', 7.41, 7.42, 7.11, 7.3]
['2014-07-25', 7.24, 7.98, 7.24, 7.81]
['2014-07-28', 7.84, 7.93, 7.52, 7.75]
['2014-07-29', 7.79, 7.85, 7.67, 7.7]
['2014-07-30', 7.85, 7.85, 7.66, 7.73]
['2014-07-31', 7.74, 7.74, 7.26, 7.28]
['2014-08-01', 7.29, 7.36, 6.94, 7.23]
['2014-08-04', 7.32, 7.64, 7.21, 7.62]
['2014-08-05', 5.8, 6.66, 5.8, 6.58]
['2014-08-06', 6.53, 6.58, 6.09, 6.42]
['2014-08-07', 6.41, 6.41, 6.02, 6.05]
['2014-08-08', 6.03, 6.24, 5.65, 6.2]
['2014-08-11', 6.23, 6.41, 6.19, 6.29]
['2014-08-12', 6.25, 6.35, 6.19, 6.33]
['2014-08-13', 6.33, 6.39, 6.19, 6.35]
['2014-08-14', 6.33, 6.33, 6.05, 6.17]
['2014-08-15', 6.23, 6.23, 6.01, 6.17]
['2014-08-18', 6.21, 6.24, 6.01, 6.15]
['2014-08-19', 6.15, 6.23, 5.9, 5.92]
['2014-08-20', 6.03, 6.05, 5.91, 6.02]
['2014-08-21', 6.04, 6.04, 5.94, 5.95]
['2014-08-22', 5.98, 6.14, 5.85, 6.04]
['2014-08-25', 6.04, 6.05, 5.93, 5.96]
['2014-08-26', 5.95, 6.14, 5.93, 6.09]
['2014-08-27', 6.1, 6.1, 5.93, 5.96]
['2014-08-28', 5.95, 5.99, 5.81, 5.81]
['2014-08-29', 5.81, 5.95, 5.81, 5.87]
['2014-09-02', 5.88, 5.94, 5.84, 5.93]
['2014-09-03', 5.93, 5.96, 5.89, 5.9]
['2014-09-04', 5.95, 5.95, 5.76, 5.8]
['2014-09-05', 5.76, 6.04, 5.72, 6.01]
['2014-09-08', 5.89, 6.05, 5.86, 5.93]
['2014-09-09', 5.92, 5.97, 5.72, 5.76]
['2014-09-10', 5.79, 5.94, 5.79, 5.93]
['2014-09-11', 5.9, 6.03, 5.82, 6.0]
['2014-09-12', 5.99, 6.18, 5.95, 6.01]
['2014-09-15', 6.04, 6.05, 5.96, 5.99]
['2014-09-16', 5.97, 6.1, 5.96, 6.0]
['2014-09-17', 6.12, 6.24, 6.0, 6.01]
['2014-09-18', 6.01, 6.23, 6.0, 6.15]
['2014-09-19', 6.14, 6.17, 6.01, 6.04]
['2014-09-22', 6.02, 6.19, 5.98, 6.0]
['2014-09-23', 6.0, 6.06, 5.98, 5.99]
['2014-09-24', 5.99, 6.03, 5.99, 6.03]
['2014-09-25', 6.0, 6.01, 5.86, 5.99]
['2014-09-26', 5.99, 6.12, 5.98, 6.0]
['2014-09-29', 5.95, 6.03, 5.9, 5.99]
['2014-09-30', 6.02, 6.54, 5.99, 6.54]
['2014-10-01', 6.24, 6.34, 5.96, 5.99]
['2014-10-02', 5.95, 6.15, 5.77, 6.0]
['2014-10-03', 6.06, 6.12, 5.94, 5.98]
['2014-10-06', 5.98, 6.0, 5.81, 5.86]
['2014-10-07', 5.78, 5.91, 5.65, 5.65]
['2014-10-08', 5.65, 5.98, 5.49, 5.57]
['2014-10-09', 5.56, 5.56, 5.1, 5.29]
['2014-10-10', 5.22, 5.33, 5.08, 5.16]
['2014-10-13', 5.13, 5.23, 4.92, 4.94]
['2014-10-14', 4.95, 4.97, 4.52, 4.77]
['2014-10-15', 4.66, 4.79, 4.52, 4.71]
['2014-10-16', 4.6, 4.85, 4.52, 4.59]
['2014-10-17', 4.69, 4.83, 4.11, 4.31]
['2014-10-20', 4.32, 4.52, 4.32, 4.49]
['2014-10-21', 4.51, 4.69, 4.04, 4.45]
['2014-10-22', 4.44, 4.45, 4.27, 4.29]
['2014-10-23', 4.3, 4.4, 4.3, 4.35]
['2014-10-24', 4.37, 4.37, 4.3, 4.33]
['2014-10-27', 4.33, 4.42, 4.3, 4.39]
['2014-10-28', 4.4, 4.4, 4.2, 4.39]
['2014-10-29', 4.39, 4.39, 4.24, 4.33]
['2014-10-30', 4.29, 4.35, 4.21, 4.29]
['2014-10-31', 4.32, 4.45, 4.27, 4.4]
['2014-11-03', 4.42, 4.6, 4.19, 4.31]
['2014-11-04', 4.35, 4.5, 4.25, 4.25]
['2014-11-05', 4.3, 4.44, 4.23, 4.25]
['2014-11-06', 4.24, 4.48, 4.12, 4.45]
['2014-11-07', 4.75, 5.74, 4.7, 5.08]
['2014-11-10', 5.12, 5.28, 4.72, 4.83]
['2014-11-11', 4.75, 4.87, 4.56, 4.79]
['2014-11-12', 4.75, 4.98, 4.75, 4.91]
['2014-11-13', 4.93, 5.02, 4.93, 4.94]
['2014-11-14', 4.96, 5.0, 4.84, 4.97]
['2014-11-17', 4.98, 5.04, 4.86, 4.95]
['2014-11-18', 4.94, 4.96, 4.68, 4.82]
['2014-11-19', 4.78, 4.79, 4.41, 4.42]
['2014-11-20', 4.4, 4.47, 4.28, 4.29]
['2014-11-21', 4.41, 4.54, 4.29, 4.51]
['2014-11-24', 4.51, 4.7, 4.42, 4.5]
['2014-11-25', 4.58, 4.63, 4.46, 4.5]
['2014-11-26', 4.55, 4.55, 4.4, 4.47]
['2014-11-28', 4.46, 4.69, 4.41, 4.41]
['2014-12-01', 4.4, 4.5, 4.39, 4.41]
['2014-12-02', 4.37, 4.51, 4.35, 4.49]
['2014-12-03', 4.5, 4.59, 4.48, 4.49]
['2014-12-04', 4.5, 4.5, 4.45, 4.48]
['2014-12-05', 4.45, 4.5, 4.45, 4.48]
['2014-12-08', 4.47, 4.6, 4.43, 4.5]
['2014-12-09', 4.46, 4.55, 4.46, 4.5]
['2014-12-10', 4.47, 4.59, 4.42, 4.44]
['2014-12-11', 4.45, 4.5, 4.3, 4.38]
['2014-12-12', 4.28, 4.43, 4.19, 4.21]
['2014-12-15', 4.17, 4.42, 4.17, 4.38]
['2014-12-16', 4.27, 4.5, 3.97, 4.04]
['2014-12-17', 3.97, 4.22, 3.97, 4.2]
['2014-12-18', 4.26, 4.47, 4.2, 4.44]
['2014-12-19', 4.46, 4.7, 4.41, 4.5]
['2014-12-22', 4.52, 4.59, 4.45, 4.52]
['2014-12-23', 4.6, 4.6, 4.45, 4.45]
['2014-12-24', 4.45, 4.71, 4.45, 4.56]
['2014-12-26', 4.6, 4.71, 4.54, 4.62]
['2014-12-29', 4.57, 4.66, 4.45, 4.5]
['2014-12-30', 4.46, 4.55, 4.44, 4.49]
['2014-12-31', 4.49, 4.5, 4.4, 4.48]
['2015-01-02', 4.49, 4.56, 4.29, 4.49]
['2015-01-05', 4.52, 4.55, 4.37, 4.47]
['2015-01-06', 4.52, 4.52, 4.39, 4.39]
['2015-01-07', 4.41, 4.41, 4.26, 4.36]
['2015-01-08', 4.4, 4.42, 4.25, 4.34]
['2015-01-09', 4.33, 4.33, 4.14, 4.25]
['2015-01-12', 4.22, 4.22, 3.96, 3.99]
['2015-01-13', 4.01, 4.14, 3.99, 4.12]
['2015-01-14', 4.04, 4.18, 4.0, 4.15]
['2015-01-15', 4.13, 4.35, 4.02, 4.21]
['2015-01-16', 4.2, 4.4, 4.18, 4.33]
['2015-01-20', 4.42, 4.5, 4.2, 4.22]
['2015-01-21', 4.2, 4.3, 4.17, 4.29]
['2015-01-22', 4.29, 4.4, 4.26, 4.34]
['2015-01-23', 4.37, 4.41, 4.24, 4.33]
['2015-01-26', 4.41, 4.41, 4.21, 4.3]
['2015-01-27', 4.26, 4.34, 4.2, 4.22]
['2015-01-28', 4.21, 4.21, 4.04, 4.05]
['2015-01-29', 4.05, 4.05, 3.8, 3.98]
['2015-01-30', 3.95, 4.0, 3.87, 3.93]
['2015-02-02', 3.97, 3.97, 3.7, 3.82]
['2015-02-03', 3.82, 3.95, 3.79, 3.94]
['2015-02-04', 3.92, 4.08, 3.88, 3.99]
['2015-02-05', 3.99, 4.05, 3.95, 3.97]
['2015-02-06', 4.0, 4.0, 3.95, 3.97]
['2015-02-09', 3.98, 3.99, 3.84, 3.84]
['2015-02-10', 3.89, 3.96, 3.82, 3.94]
['2015-02-11', 3.92, 3.95, 3.89, 3.89]
['2015-02-12', 3.9, 3.94, 3.85, 3.87]
['2015-02-13', 3.71, 3.9, 3.65, 3.78]
['2015-02-17', 3.69, 3.9, 3.69, 3.76]
['2015-02-18', 3.78, 3.78, 3.64, 3.77]
['2015-02-19', 3.85, 3.85, 3.74, 3.81]
['2015-02-20', 3.84, 3.88, 3.76, 3.8]
['2015-02-23', 3.76, 3.85, 3.67, 3.78]
['2015-02-24', 4.0, 4.06, 3.78, 3.81]
['2015-02-25', 4.0, 4.0, 3.79, 3.82]
['2015-02-26', 3.84, 3.94, 3.72, 3.86]
['2015-02-27', 3.89, 3.91, 3.86, 3.9]
['2015-03-02', 3.94, 3.95, 3.88, 3.93]
['2015-03-03', 3.95, 4.24, 3.87, 4.2]
['2015-03-04', 4.2, 4.2, 3.98, 4.03]
['2015-03-05', 4.05, 4.23, 4.03, 4.21]
['2015-03-06', 4.24, 4.37, 4.21, 4.31]
['2015-03-09', 4.33, 4.45, 4.28, 4.38]
['2015-03-10', 4.36, 4.36, 4.13, 4.14]
['2015-03-11', 4.15, 4.35, 4.15, 4.29]
['2015-03-12', 4.35, 4.52, 4.3, 4.49]
['2015-03-13', 4.46, 4.55, 4.4, 4.53]
['2015-03-16', 4.58, 4.6, 4.47, 4.53]
['2015-03-17', 4.55, 4.79, 4.49, 4.76]
['2015-03-18', 4.78, 4.98, 4.56, 4.98]
['2015-03-19', 4.99, 5.25, 4.95, 5.08]
['2015-03-20', 5.09, 5.49, 5.09, 5.48]
['2015-03-23', 5.5, 5.54, 5.26, 5.5]
['2015-03-24', 5.53, 5.54, 5.42, 5.5]
['2015-03-25', 5.54, 5.54, 5.33, 5.47]
['2015-03-26', 5.4, 5.58, 5.35, 5.52]
['2015-03-27', 5.55, 5.7, 5.43, 5.63]
['2015-03-30', 5.6, 5.71, 5.5, 5.68]
['2015-03-31', 5.66, 5.7, 5.48, 5.56]
['2015-04-01', 5.53, 5.54, 5.25, 5.47]
['2015-04-02', 5.44, 5.54, 5.35, 5.5]
['2015-04-06', 5.54, 5.54, 5.4, 5.47]
['2015-04-07', 5.45, 5.65, 5.42, 5.48]
['2015-04-08', 5.5, 5.6, 5.43, 5.49]
['2015-04-09', 5.35, 5.36, 5.1, 5.18]
['2015-04-10', 5.13, 5.46, 5.11, 5.3]
['2015-04-13', 5.31, 5.47, 5.04, 5.11]
['2015-04-14', 5.13, 5.46, 5.12, 5.45]
['2015-04-15', 5.49, 5.56, 5.29, 5.34]
['2015-04-16', 5.3, 5.38, 5.24, 5.35]
['2015-04-17', 5.31, 5.36, 5.2, 5.31]
['2015-04-20', 5.33, 5.52, 5.33, 5.39]
['2015-04-21', 5.38, 5.82, 5.36, 5.71]
['2015-04-22', 5.75, 5.87, 5.66, 5.74]
['2015-04-23', 5.74, 5.86, 5.69, 5.84]
['2015-04-24', 5.87, 5.94, 5.71, 5.71]
['2015-04-27', 5.71, 5.72, 5.49, 5.52]
['2015-04-28', 5.49, 5.7, 5.47, 5.64]
['2015-04-29', 5.62, 5.65, 5.54, 5.56]
['2015-04-30', 5.52, 5.58, 5.4, 5.43]
['2015-05-01', 5.43, 5.56, 5.35, 5.43]
['2015-05-04', 5.42, 5.58, 5.27, 5.4]
['2015-05-05', 5.38, 5.45, 5.21, 5.45]
['2015-05-06', 5.44, 5.48, 5.3, 5.35]
['2015-05-07', 5.38, 5.49, 5.34, 5.36]
['2015-05-08', 5.36, 5.5, 5.36, 5.42]
['2015-05-11', 5.42, 5.6, 5.42, 5.57]
['2015-05-12', 5.51, 5.65, 5.33, 5.57]
['2015-05-13', 5.91, 5.92, 5.52, 5.53]
['2015-05-14', 5.53, 5.6, 5.32, 5.59]
['2015-05-15', 5.49, 5.62, 5.45, 5.52]
['2015-05-18', 5.5, 5.65, 5.5, 5.55]
['2015-05-19', 5.51, 5.61, 5.51, 5.56]
['2015-05-20', 5.41, 5.46, 5.25, 5.44]
['2015-05-21', 5.46, 5.46, 5.4, 5.46]
['2015-05-22', 5.45, 5.47, 5.41, 5.45]
['2015-05-26', 5.4, 5.46, 5.38, 5.39]
['2015-05-27', 5.4, 5.4, 5.15, 5.22]
['2015-05-28', 5.22, 5.29, 5.22, 5.28]
['2015-05-29', 5.26, 5.27, 5.05, 5.09]
['2015-06-01', 5.1, 5.18, 5.05, 5.14]
['2015-06-02', 5.16, 5.16, 5.02, 5.1]
['2015-06-03', 5.09, 5.21, 5.09, 5.21]
['2015-06-04', 5.17, 5.23, 5.17, 5.22]
['2015-06-05', 5.22, 5.66, 5.22, 5.57]
['2015-06-08', 5.59, 5.84, 5.58, 5.74]
['2015-06-09', 5.7, 5.75, 5.65, 5.67]
['2015-06-10', 5.69, 5.74, 5.6, 5.67]
['2015-06-11', 5.65, 5.72, 5.58, 5.6]
['2015-06-12', 5.6, 5.71, 5.6, 5.71]
['2015-06-15', 5.7, 5.86, 5.68, 5.75]
['2015-06-16', 5.76, 5.85, 5.66, 5.68]
['2015-06-17', 5.7, 5.85, 5.68, 5.82]
['2015-06-18', 5.8, 6.06, 5.76, 5.88]
['2015-06-19', 5.9, 6.0, 5.75, 5.96]
['2015-06-22', 6.0, 6.18, 5.88, 6.09]
['2015-06-23', 6.07, 6.09, 5.73, 5.8]
['2015-06-24', 5.81, 5.81, 5.39, 5.49]
['2015-06-25', 5.5, 5.61, 5.43, 5.49]
['2015-06-26', 5.52, 5.59, 5.34, 5.45]
['2015-06-29', 5.4, 5.42, 5.03, 5.04]
['2015-06-30', 5.18, 5.25, 4.9, 5.23]
['2015-07-01', 5.29, 5.46, 5.12, 5.31]
['2015-07-02', 5.34, 5.66, 5.22, 5.51]
['2015-07-06', 5.47, 5.61, 5.38, 5.52]
['2015-07-07', 5.51, 5.51, 5.24, 5.33]
['2015-07-08', 5.3, 5.33, 5.13, 5.22]
['2015-07-09', 5.27, 5.34, 5.2, 5.26]
['2015-07-10', 5.3, 5.47, 5.29, 5.47]
['2015-07-13', 5.47, 5.53, 5.37, 5.44]
['2015-07-14', 5.42, 5.51, 5.42, 5.49]
['2015-07-15', 5.51, 5.51, 5.38, 5.38]
['2015-07-16', 5.4, 5.5, 5.3, 5.48]
['2015-07-17', 5.49, 5.63, 5.44, 5.59]
['2015-07-20', 5.6, 5.61, 5.36, 5.37]
['2015-07-21', 5.38, 5.53, 5.33, 5.48]
['2015-07-22', 5.46, 5.56, 5.41, 5.54]
['2015-07-23', 5.53, 5.54, 5.34, 5.46]
['2015-07-24', 5.43, 5.49, 5.34, 5.41]
['2015-07-27', 5.36, 5.36, 5.16, 5.17]
['2015-07-28', 5.16, 5.24, 4.91, 5.11]
['2015-07-29', 5.07, 5.07, 4.6, 4.61]
['2015-07-30', 4.63, 4.7, 4.36, 4.39]
['2015-07-31', 4.41, 4.77, 4.41, 4.71]
['2015-08-03', 4.71, 5.0, 4.68, 4.93]
['2015-08-04', 5.25, 5.44, 4.9, 4.93]
['2015-08-05', 4.99, 5.11, 4.75, 4.79]
['2015-08-06', 4.69, 4.74, 4.46, 4.46]
['2015-08-07', 4.46, 4.67, 4.36, 4.45]
['2015-08-10', 4.46, 4.66, 4.45, 4.56]
['2015-08-11', 4.52, 4.69, 4.42, 4.44]
['2015-08-12', 4.42, 4.52, 4.3, 4.5]
['2015-08-13', 4.49, 4.6, 4.33, 4.49]
['2015-08-14', 4.49, 4.55, 4.38, 4.46]
['2015-08-17', 4.44, 4.51, 4.4, 4.45]
['2015-08-18', 4.41, 4.47, 4.16, 4.19]
['2015-08-19', 4.2, 4.28, 4.15, 4.24]
['2015-08-20', 4.22, 4.26, 4.05, 4.1]
['2015-08-21', 4.04, 4.19, 4.04, 4.11]
['2015-08-24', 3.75, 4.24, 3.75, 4.14]
['2015-08-25', 4.26, 4.3, 4.04, 4.15]
['2015-08-26', 4.23, 4.28, 3.97, 4.05]
['2015-08-27', 4.04, 4.18, 3.94, 4.17]
['2015-08-28', 4.14, 4.14, 3.99, 4.03]
['2015-08-31', 3.99, 4.04, 3.91, 3.93]
['2015-09-01', 3.87, 4.06, 3.87, 3.89]
['2015-09-02', 3.93, 3.93, 3.83, 3.85]
['2015-09-03', 3.86, 3.89, 3.78, 3.8]
['2015-09-04', 3.75, 3.79, 3.63, 3.73]
['2015-09-08', 3.77, 3.85, 3.66, 3.7]
['2015-09-09', 3.7, 3.81, 3.7, 3.75]
['2015-09-10', 3.75, 3.8, 3.7, 3.73]
['2015-09-11', 3.7, 3.8, 3.68, 3.73]
['2015-09-14', 3.72, 3.85, 3.72, 3.79]
['2015-09-15', 3.79, 3.91, 3.72, 3.9]
['2015-09-16', 3.88, 4.08, 3.8, 4.06]
['2015-09-17', 4.05, 4.19, 4.03, 4.14]
['2015-09-18', 4.06, 4.23, 3.98, 4.1]
['2015-09-21', 4.1, 4.15, 4.01, 4.08]
['2015-09-22', 3.99, 4.09, 3.82, 3.97]
['2015-09-23', 3.98, 4.03, 3.89, 3.99]
['2015-09-24', 3.95, 4.0, 3.87, 3.98]
['2015-09-25', 3.95, 4.02, 3.81, 3.85]
['2015-09-28', 3.82, 3.92, 3.77, 3.9]
['2015-09-29', 3.93, 3.93, 3.6, 3.7]
['2015-09-30', 3.69, 3.92, 3.62, 3.7]
['2015-10-01', 3.65, 3.75, 3.48, 3.58]
['2015-10-02', 3.57, 3.73, 3.53, 3.7]
['2015-10-05', 3.75, 3.8, 3.7, 3.76]
['2015-10-06', 3.77, 3.84, 3.67, 3.78]
['2015-10-07', 3.81, 3.88, 3.72, 3.83]
['2015-10-08', 3.82, 3.89, 3.71, 3.85]
['2015-10-09', 3.87, 4.05, 3.84, 4.03]
['2015-10-12', 4.06, 4.06, 3.75, 3.84]
['2015-10-13', 3.83, 4.0, 3.75, 3.9]
['2015-10-14', 3.92, 3.97, 3.63, 3.83]
['2015-10-15', 3.83, 4.03, 3.81, 4.0]
['2015-10-16', 4.03, 4.03, 3.92, 3.98]
['2015-10-19', 3.97, 4.1, 3.89, 4.1]
['2015-10-20', 4.09, 4.27, 4.05, 4.25]
['2015-10-21', 4.29, 4.34, 4.14, 4.18]
['2015-10-22', 4.18, 4.25, 4.08, 4.21]
['2015-10-23', 4.26, 4.32, 4.16, 4.3]
['2015-10-26', 4.27, 4.27, 4.0, 4.07]
['2015-10-27', 4.03, 4.05, 3.94, 3.98]
['2015-10-28', 4.0, 4.25, 3.97, 4.18]
['2015-10-29', 4.15, 4.21, 4.03, 4.1]
['2015-10-30', 4.13, 4.36, 4.0, 4.33]
['2015-11-02', 4.3, 4.51, 4.28, 4.42]
['2015-11-03', 4.38, 4.69, 4.38, 4.59]
['2015-11-04', 5.2, 6.05, 5.16, 5.54]
['2015-11-05', 5.56, 6.1, 5.51, 5.89]
['2015-11-06', 5.85, 6.0, 5.7, 5.92]
['2015-11-09', 5.81, 5.92, 5.4, 5.6]
['2015-11-10', 5.6, 5.6, 5.25, 5.6]
['2015-11-11', 5.6, 5.61, 5.39, 5.52]
['2015-11-12', 5.44, 5.69, 5.39, 5.61]
['2015-11-13', 5.57, 5.6, 5.44, 5.51]
['2015-11-16', 5.5, 5.69, 5.38, 5.67]
['2015-11-17', 5.54, 5.8, 5.54, 5.68]
['2015-11-18', 5.67, 5.7, 5.6, 5.69]
['2015-11-19', 5.66, 5.89, 5.65, 5.85]
['2015-11-20', 5.85, 6.17, 5.8, 6.04]
['2015-11-23', 6.11, 6.42, 5.95, 6.37]
['2015-11-24', 6.24, 6.68, 6.06, 6.52]
['2015-11-25', 6.55, 6.7, 6.48, 6.59]
['2015-11-27', 6.53, 6.7, 6.42, 6.6]
['2015-11-30', 6.62, 6.8, 6.48, 6.65]
['2015-12-01', 6.58, 6.85, 6.53, 6.79]
['2015-12-02', 6.75, 6.8, 6.62, 6.65]
['2015-12-03', 6.72, 6.84, 6.42, 6.55]
['2015-12-04', 6.58, 6.74, 6.25, 6.65]
['2015-12-07', 6.59, 6.74, 6.38, 6.68]
['2015-12-08', 6.66, 6.74, 6.57, 6.64]
['2015-12-09', 6.65, 7.18, 6.61, 7.12]
['2015-12-10', 7.15, 7.41, 7.04, 7.38]
['2015-12-11', 7.16, 7.68, 7.15, 7.57]
['2015-12-14', 7.5, 7.75, 7.49, 7.53]
['2015-12-15', 7.59, 7.66, 7.43, 7.44]
['2015-12-16', 7.51, 7.61, 7.43, 7.54]
['2015-12-17', 7.54, 7.83, 7.54, 7.61]
['2015-12-18', 7.61, 7.8, 7.55, 7.77]
['2015-12-21', 7.79, 7.92, 7.7, 7.89]
['2015-12-22', 7.91, 8.0, 7.73, 7.93]
['2015-12-23', 7.99, 8.14, 7.87, 7.96]
['2015-12-24', 8.03, 8.29, 8.0, 8.24]
['2015-12-28', 8.36, 8.72, 8.21, 8.68]
['2015-12-29', 8.85, 9.06, 8.61, 8.95]
['2015-12-30', 9.04, 9.04, 8.55, 8.58]
['2015-12-31', 8.6, 8.79, 8.44, 8.7]
['2016-01-04', 8.59, 8.7, 8.1, 8.25]
['2016-01-05', 8.32, 8.65, 8.24, 8.52]
['2016-01-06', 8.62, 8.65, 8.38, 8.41]
['2016-01-07', 8.36, 8.46, 7.98, 8.04]
['2016-01-08', 8.01, 8.33, 7.97, 8.02]
['2016-01-11', 8.07, 8.22, 7.83, 8.01]
['2016-01-12', 8.09, 8.48, 8.05, 8.34]
['2016-01-13', 8.42, 8.55, 7.75, 7.8]
['2016-01-14', 7.8, 7.82, 7.33, 7.52]
['2016-01-15', 7.26, 7.53, 7.02, 7.38]
['2016-01-19', 7.43, 7.48, 6.96, 7.12]
['2016-01-20', 7.01, 7.37, 6.86, 7.2]
['2016-01-21', 7.2, 7.81, 7.14, 7.25]
['2016-01-22', 7.38, 7.89, 7.31, 7.56]
['2016-01-25', 7.55, 7.66, 7.27, 7.37]
['2016-01-26', 7.38, 7.59, 7.16, 7.56]
['2016-01-27', 7.55, 7.74, 7.48, 7.65]
['2016-01-28', 7.69, 8.07, 7.63, 8.04]
['2016-01-29', 8.07, 8.34, 8.07, 8.33]
['2016-02-01', 8.29, 8.45, 8.06, 8.41]
['2016-02-02', 8.35, 8.42, 8.17, 8.29]
['2016-02-03', 8.29, 8.43, 8.08, 8.24]
['2016-02-04', 8.23, 8.73, 8.17, 8.71]
['2016-02-05', 8.68, 8.68, 7.04, 7.06]
['2016-02-08', 6.88, 6.91, 6.51, 6.66]
['2016-02-09', 6.53, 7.05, 6.53, 6.9]
['2016-02-10', 6.87, 6.9, 6.22, 6.41]
['2016-02-11', 6.32, 6.53, 6.26, 6.3]
['2016-02-12', 6.39, 6.51, 6.14, 6.2]
['2016-02-16', 6.26, 6.54, 6.2, 6.41]
['2016-02-17', 6.5, 7.15, 6.5, 7.07]
['2016-02-18', 7.11, 7.13, 6.91, 7.0]
['2016-02-19', 7.0, 7.39, 6.96, 7.35]
['2016-02-22', 7.51, 7.66, 7.43, 7.6]
['2016-02-23', 7.57, 7.65, 7.01, 7.35]
['2016-02-24', 7.66, 8.14, 7.49, 7.88]
['2016-02-25', 8.03, 8.03, 7.46, 7.88]
['2016-02-26', 7.9, 8.0, 7.41, 7.66]
['2016-02-29', 7.61, 8.24, 7.57, 8.05]
['2016-03-01', 8.08, 8.29, 8.02, 8.27]
['2016-03-02', 8.22, 8.36, 8.09, 8.32]
['2016-03-03', 8.3, 8.34, 8.02, 8.19]
['2016-03-04', 8.15, 8.27, 8.03, 8.17]
['2016-03-07', 8.14, 8.33, 7.91, 8.24]
['2016-03-08', 8.15, 8.29, 7.98, 8.2]
['2016-03-09', 8.17, 8.26, 8.01, 8.13]
['2016-03-10', 8.13, 8.18, 7.69, 7.78]
['2016-03-11', 7.8, 7.8, 7.44, 7.77]
['2016-03-14', 7.72, 8.09, 7.72, 7.98]
['2016-03-15', 7.97, 7.97, 7.5, 7.8]
['2016-03-16', 7.77, 7.88, 7.59, 7.84]
['2016-03-17', 7.85, 7.9, 7.69, 7.73]
['2016-03-18', 7.77, 7.93, 7.73, 7.8]
['2016-03-21', 7.75, 8.42, 7.75, 8.34]
['2016-03-22', 8.32, 8.73, 8.11, 8.59]
['2016-03-23', 8.59, 8.95, 8.38, 8.62]
['2016-03-24', 8.61, 9.08, 8.4, 8.99]
['2016-03-28', 9.06, 9.5, 8.82, 9.34]
['2016-03-29', 9.37, 9.84, 9.17, 9.55]
['2016-03-30', 9.64, 9.66, 8.89, 9.09]
['2016-03-31', 9.06, 9.09, 8.82, 8.89]
['2016-04-01', 8.86, 9.05, 8.8, 9.0]
['2016-04-04', 9.04, 9.05, 8.69, 8.79]
['2016-04-05', 8.72, 8.72, 8.39, 8.45]
['2016-04-06', 8.49, 8.88, 8.49, 8.69]
['2016-04-07', 8.7, 8.75, 8.29, 8.46]
['2016-04-08', 8.57, 8.6, 8.23, 8.39]
['2016-04-11', 8.4, 8.58, 8.3, 8.47]
['2016-04-12', 8.48, 8.54, 8.32, 8.4]
['2016-04-13', 8.43, 8.57, 8.36, 8.57]
['2016-04-14', 8.68, 9.33, 8.61, 8.93]
['2016-04-15', 8.9, 8.92, 8.47, 8.67]
['2016-04-18', 8.65, 9.18, 8.61, 9.14]
['2016-04-19', 9.2, 9.25, 8.98, 9.03]
['2016-04-20', 9.01, 9.13, 8.97, 9.13]
['2016-04-21', 9.11, 9.17, 9.01, 9.13]
['2016-04-22', 9.11, 9.11, 8.71, 9.0]
['2016-04-25', 8.96, 9.06, 8.81, 9.03]
['2016-04-26', 9.03, 9.13, 8.82, 9.09]
['2016-04-27', 9.1, 9.17, 8.81, 9.05]
['2016-04-28', 9.04, 9.47, 9.0, 9.15]
['2016-04-29', 9.14, 9.31, 8.85, 9.25]
['2016-05-02', 9.31, 9.7, 9.1, 9.7]
['2016-05-03', 9.64, 9.73, 9.45, 9.59]
['2016-05-04', 9.5, 9.68, 9.36, 9.52]
['2016-05-05', 9.53, 9.77, 9.38, 9.59]
['2016-05-06', 9.59, 9.6, 9.14, 9.48]
['2016-05-09', 9.48, 9.99, 9.41, 9.85]
['2016-05-10', 9.9, 9.97, 9.61, 9.9]
['2016-05-11', 9.9, 10.9, 9.74, 10.19]
['2016-05-12', 10.13, 10.17, 8.87, 9.24]
['2016-05-13', 9.1, 9.45, 8.9, 9.1]
['2016-05-16', 8.98, 9.16, 8.63, 8.94]
['2016-05-17', 8.93, 9.1, 8.49, 8.62]
['2016-05-18', 8.85, 10.0, 8.7, 10.0]
['2016-05-19', 9.96, 10.0, 9.54, 9.67]
['2016-05-20', 9.71, 9.9, 9.64, 9.79]
['2016-05-23', 9.79, 9.89, 9.52, 9.72]
['2016-05-24', 9.7, 9.83, 9.6, 9.77]
['2016-05-25', 9.78, 9.98, 9.59, 9.9]
['2016-05-26', 9.91, 10.34, 9.86, 10.3]
['2016-05-27', 10.26, 10.49, 10.22, 10.26]
['2016-05-31', 10.24, 10.4, 10.04, 10.19]
['2016-06-01', 10.17, 10.99, 10.07, 10.92]
['2016-06-02', 10.81, 11.23, 10.75, 11.23]
['2016-06-03', 11.16, 11.75, 11.0, 11.52]
['2016-06-06', 11.55, 12.0, 11.39, 11.8]
['2016-06-07', 11.8, 11.91, 11.63, 11.88]
['2016-06-08', 11.91, 12.11, 11.87, 12.0]
['2016-06-09', 12.09, 12.75, 12.01, 12.52]
['2016-06-10', 12.39, 12.48, 12.11, 12.26]
['2016-06-13', 12.08, 12.75, 12.06, 12.58]
['2016-06-14', 12.44, 12.96, 12.44, 12.93]
['2016-06-15', 12.7, 12.7, 10.74, 12.22]
['2016-06-16', 12.11, 12.2, 11.73, 11.92]
['2016-06-17', 11.87, 11.9, 11.26, 11.83]
['2016-06-20', 11.94, 12.0, 11.47, 11.55]
['2016-06-21', 11.54, 11.66, 11.35, 11.53]
['2016-06-22', 11.59, 11.65, 11.32, 11.39]
['2016-06-23', 11.5, 11.88, 11.35, 11.88]
['2016-06-24', 11.26, 11.67, 11.1, 11.58]
['2016-06-27', 11.51, 11.77, 10.75, 11.2]
['2016-06-28', 11.38, 11.58, 11.17, 11.51]
['2016-06-29', 11.54, 11.82, 11.23, 11.62]
['2016-06-30', 11.7, 11.97, 11.48, 11.9]
['2016-07-01', 11.9, 11.97, 11.74, 11.87]
['2016-07-05', 11.76, 11.86, 11.46, 11.78]
['2016-07-06', 11.77, 11.92, 11.67, 11.84]
['2016-07-07', 11.8, 12.2, 11.63, 11.86]
['2016-07-08', 12.0, 12.13, 11.9, 12.0]
['2016-07-11', 12.1, 12.12, 11.89, 12.11]
['2016-07-12', 11.88, 12.42, 11.87, 12.33]
['2016-07-13', 12.4, 12.5, 12.2, 12.26]
['2016-07-14', 12.41, 12.41, 12.12, 12.14]
['2016-07-15', 12.23, 12.35, 11.99, 12.1]
['2016-07-18', 12.04, 12.17, 12.02, 12.12]
['2016-07-19', 12.14, 12.28, 12.09, 12.12]
['2016-07-20', 12.21, 12.27, 11.86, 12.18]
['2016-07-21', 12.21, 12.36, 12.0, 12.08]
['2016-07-22', 12.08, 12.28, 11.9, 12.07]
['2016-07-25', 12.11, 12.41, 12.07, 12.32]
['2016-07-26', 12.39, 12.61, 12.31, 12.52]
['2016-07-27', 12.65, 12.87, 12.4, 12.55]
['2016-07-28', 12.61, 12.69, 12.31, 12.48]
['2016-07-29', 12.54, 12.7, 12.38, 12.61]
['2016-08-01', 12.59, 12.79, 12.49, 12.59]
['2016-08-02', 12.59, 12.8, 12.49, 12.65]
['2016-08-03', 12.62, 12.65, 12.27, 12.44]
['2016-08-04', 13.0, 13.5, 12.61, 12.8]
['2016-08-05', 12.95, 13.88, 12.89, 13.83]
['2016-08-08', 13.8, 13.96, 13.56, 13.6]
['2016-08-09', 13.6, 13.78, 13.49, 13.56]
['2016-08-10', 13.56, 13.65, 13.26, 13.36]
['2016-08-11', 13.46, 13.46, 13.11, 13.36]
['2016-08-12', 13.36, 13.49, 13.23, 13.31]
['2016-08-15', 13.28, 13.82, 13.23, 13.79]
['2016-08-16', 13.75, 13.91, 13.46, 13.6]
['2016-08-17', 13.66, 13.72, 13.45, 13.61]
['2016-08-18', 13.65, 13.76, 13.47, 13.67]
['2016-08-19', 13.67, 14.11, 13.53, 14.09]
['2016-08-22', 14.09, 14.4, 13.89, 14.2]
['2016-08-23', 14.35, 14.9, 14.21, 14.82]
['2016-08-24', 14.85, 15.0, 14.65, 14.72]
['2016-08-25', 14.62, 14.75, 14.29, 14.65]
['2016-08-26', 14.76, 14.96, 14.56, 14.9]
['2016-08-29', 14.99, 14.99, 14.68, 14.69]
['2016-08-30', 14.79, 14.84, 14.34, 14.5]
['2016-08-31', 14.58, 15.1, 14.31, 14.99]
['2016-09-01', 14.94, 15.57, 14.88, 15.56]
['2016-09-02', 15.56, 15.9, 15.36, 15.87]
['2016-09-06', 16.06, 16.23, 15.48, 15.51]
['2016-09-07', 15.43, 15.6, 15.12, 15.42]
['2016-09-08', 15.32, 15.38, 14.73, 14.93]
['2016-09-09', 14.8, 14.87, 14.06, 14.16]
['2016-09-12', 14.03, 14.58, 13.91, 14.55]
['2016-09-13', 14.36, 14.55, 14.07, 14.2]
['2016-09-14', 14.25, 14.63, 14.02, 14.33]
['2016-09-15', 14.34, 14.67, 14.11, 14.5]
['2016-09-16', 14.45, 14.63, 14.35, 14.54]
['2016-09-19', 14.56, 14.72, 14.25, 14.37]
['2016-09-20', 13.37, 14.42, 13.06, 14.16]
['2016-09-21', 14.14, 14.49, 14.1, 14.46]
['2016-09-22', 14.55, 14.75, 14.54, 14.73]
['2016-09-23', 14.66, 14.85, 14.54, 14.7]
['2016-09-26', 14.73, 15.05, 14.62, 14.84]
['2016-09-27', 14.76, 15.14, 14.66, 15.14]
['2016-09-28', 15.15, 15.79, 15.1, 15.45]
['2016-09-29', 15.45, 15.6, 15.28, 15.44]
['2016-09-30', 15.44, 15.88, 15.43, 15.68]
['2016-10-03', 15.76, 15.89, 15.51, 15.87]
['2016-10-04', 15.86, 16.4, 15.8, 15.94]
['2016-10-05', 16.01, 16.05, 15.34, 15.38]
['2016-10-06', 15.2, 15.39, 15.01, 15.27]
['2016-10-07', 15.22, 15.27, 14.82, 15.0]
['2016-10-10', 15.05, 15.61, 15.05, 15.32]
['2016-10-11', 15.33, 15.33, 15.01, 15.15]
['2016-10-12', 15.21, 15.32, 14.7, 14.71]
['2016-10-13', 14.52, 14.56, 13.96, 14.3]
['2016-10-14', 14.3, 14.32, 14.03, 14.13]
['2016-10-17', 14.11, 14.26, 14.04, 14.09]
['2016-10-18', 14.27, 14.3, 14.0, 14.02]
['2016-10-19', 14.01, 14.2, 13.93, 14.01]
['2016-10-20', 14.02, 14.26, 13.83, 14.25]
['2016-10-21', 14.13, 14.25, 14.0, 14.15]
['2016-10-24', 14.3, 14.98, 14.17, 14.82]
['2016-10-25', 14.76, 14.94, 14.1, 14.38]
['2016-10-26', 14.37, 14.37, 13.94, 14.0]
['2016-10-27', 14.0, 14.18, 13.81, 13.93]
['2016-10-28', 13.93, 14.09, 13.81, 13.83]
['2016-10-31', 13.9, 14.4, 13.84, 14.32]
['2016-11-01', 14.35, 14.74, 14.06, 14.24]
['2016-11-02', 15.6, 15.6, 13.85, 13.91]
['2016-11-03', 13.9, 13.9, 12.95, 13.26]
['2016-11-04', 13.33, 13.74, 13.08, 13.7]
['2016-11-07', 13.89, 14.16, 13.72, 14.12]
['2016-11-08', 14.07, 14.33, 13.95, 13.97]
['2016-11-09', 13.76, 14.0, 13.5, 13.79]
['2016-11-10', 13.92, 13.92, 13.2, 13.63]
['2016-11-11', 13.71, 14.65, 13.5, 14.59]
['2016-11-14', 14.67, 14.73, 14.06, 14.39]
['2016-11-15', 14.4, 15.44, 14.17, 15.21]
['2016-11-16', 15.29, 15.36, 14.91, 14.99]
['2016-11-17', 14.91, 15.31, 14.47, 15.09]
['2016-11-18', 15.12, 16.0, 15.0, 15.35]
['2016-11-21', 15.47, 15.55, 15.22, 15.41]
['2016-11-22', 15.46, 15.48, 15.23, 15.45]
['2016-11-23', 15.33, 15.76, 15.19, 15.74]
['2016-11-25', 15.75, 15.79, 15.43, 15.68]
['2016-11-28', 15.59, 15.65, 15.29, 15.57]
['2016-11-29', 15.53, 16.09, 15.5, 15.87]
['2016-11-30', 15.91, 16.0, 15.67, 15.83]
['2016-12-01', 15.85, 16.14, 14.62, 15.01]
['2016-12-02', 14.95, 14.98, 13.94, 14.07]
['2016-12-05', 14.15, 14.4, 13.85, 13.96]
['2016-12-06', 14.05, 14.1, 13.6, 13.69]
['2016-12-07', 13.63, 13.92, 13.6, 13.64]
['2016-12-08', 13.68, 13.86, 13.47, 13.66]
['2016-12-09', 13.66, 13.83, 12.81, 12.95]
['2016-12-12', 12.93, 13.02, 12.58, 12.87]
['2016-12-13', 12.88, 13.64, 12.88, 13.5]
['2016-12-14', 13.42, 13.74, 13.41, 13.46]
['2016-12-15', 13.54, 14.01, 13.3, 13.81]
['2016-12-16', 13.89, 13.89, 13.56, 13.77]
['2016-12-19', 13.89, 14.03, 13.52, 13.94]
['2016-12-20', 14.04, 14.27, 13.79, 14.22]
['2016-12-21', 14.22, 14.31, 13.91, 13.95]
['2016-12-22', 13.98, 14.02, 13.75, 13.93]
['2016-12-23', 13.88, 14.22, 13.65, 14.17]
['2016-12-27', 14.1, 14.52, 14.04, 14.4]
['2016-12-28', 14.39, 14.64, 14.0, 14.03]
['2016-12-29', 14.05, 14.32, 13.95, 14.22]
['2016-12-30', 14.22, 14.43, 14.1, 14.19]
['2017-01-03', 14.33, 14.53, 14.0, 14.19]
['2017-01-04', 14.19, 14.31, 14.13, 14.2]
['2017-01-05', 14.18, 14.38, 14.08, 14.34]
['2017-01-06', 14.42, 14.84, 14.21, 14.78]
['2017-01-09', 14.79, 15.79, 14.68, 15.64]
['2017-01-10', 15.56, 16.38, 15.56, 16.2]
['2017-01-11', 16.16, 16.64, 16.03, 16.5]
['2017-01-12', 16.4, 16.68, 15.66, 15.91]
['2017-01-13', 16.13, 16.9, 16.08, 16.83]
['2017-01-17', 16.82, 16.82, 15.86, 16.22]
['2017-01-18', 16.3, 16.6, 16.02, 16.42]
['2017-01-19', 16.39, 16.71, 16.27, 16.29]
['2017-01-20', 16.33, 16.55, 16.21, 16.39]
['2017-01-23', 16.36, 16.72, 16.28, 16.31]
['2017-01-24', 16.33, 16.48, 16.04, 16.18]
['2017-01-25', 16.35, 16.63, 15.98, 16.13]
['2017-01-26', 16.15, 16.15, 15.89, 15.94]
['2017-01-27', 15.95, 16.22, 15.7, 16.13]
['2017-01-30', 16.02, 16.02, 15.51, 15.64]
['2017-01-31', 15.56, 15.78, 15.37, 15.46]
['2017-02-01', 15.6, 15.89, 15.31, 15.56]
['2017-02-02', 15.44, 15.77, 15.27, 15.76]
['2017-02-03', 15.89, 16.13, 15.76, 16.11]
['2017-02-06', 16.01, 16.08, 15.78, 16.01]
['2017-02-07', 16.03, 16.21, 15.99, 16.11]
['2017-02-08', 16.0, 16.06, 15.43, 15.6]
['2017-02-09', 15.69, 16.13, 15.69, 16.01]
['2017-02-10', 16.09, 16.25, 15.98, 16.24]
['2017-02-13', 16.3, 16.49, 16.0, 16.31]
['2017-02-14', 16.33, 16.47, 16.16, 16.33]
['2017-02-15', 16.28, 16.92, 16.21, 16.8]
['2017-02-16', 16.87, 16.98, 16.58, 16.86]
['2017-02-17', 17.05, 17.2, 16.0, 16.58]
['2017-02-21', 16.48, 16.77, 16.2, 16.48]
['2017-02-22', 16.33, 16.68, 16.27, 16.55]
['2017-02-23', 16.49, 16.59, 16.08, 16.25]
['2017-02-24', 15.98, 16.49, 15.77, 16.36]
['2017-02-27', 16.38, 16.55, 16.18, 16.39]
['2017-02-28', 16.36, 16.67, 15.85, 15.91]
['2017-03-01', 16.04, 16.47, 15.93, 16.36]
['2017-03-02', 16.42, 16.48, 16.23, 16.3]
['2017-03-03', 16.33, 16.45, 15.99, 16.41]
['2017-03-06', 16.23, 16.53, 16.16, 16.38]
['2017-03-07', 16.28, 16.73, 15.8, 16.5]
['2017-03-08', 16.58, 16.59, 16.23, 16.37]
['2017-03-09', 16.42, 16.54, 15.9, 16.43]
['2017-03-10', 16.51, 16.56, 16.19, 16.33]
['2017-03-13', 16.28, 16.55, 16.28, 16.32]
['2017-03-14', 16.22, 16.49, 16.1, 16.42]
['2017-03-15', 16.49, 16.64, 16.28, 16.41]
['2017-03-16', 16.46, 16.9, 16.46, 16.83]
['2017-03-17', 17.3, 18.19, 17.3, 18.02]
['2017-03-20', 18.15, 18.49, 17.88, 18.39]
['2017-03-21', 18.65, 18.82, 18.06, 18.43]
['2017-03-22', 18.4, 18.53, 17.4, 17.89]
['2017-03-23', 17.8, 18.33, 17.66, 18.1]
['2017-03-24', 18.2, 18.57, 17.92, 18.52]
['2017-03-27', 18.31, 18.79, 18.19, 18.65]
['2017-03-28', 18.58, 18.93, 18.22, 18.43]
['2017-03-29', 18.4, 18.56, 17.46, 17.51]
['2017-03-30', 17.25, 17.29, 15.91, 16.16]
['2017-03-31', 16.23, 16.89, 16.21, 16.46]
['2017-04-03', 16.51, 17.22, 16.51, 16.83]
['2017-04-04', 16.83, 17.23, 16.6, 16.78]
['2017-04-05', 16.87, 17.22, 16.87, 17.01]
['2017-04-06', 17.05, 17.39, 16.65, 17.38]
['2017-04-07', 17.29, 17.43, 16.97, 17.14]
['2017-04-10', 17.21, 17.21, 16.87, 16.9]
['2017-04-11', 16.58, 16.87, 16.41, 16.59]
['2017-04-12', 16.51, 16.58, 16.3, 16.43]
['2017-04-13', 16.43, 16.7, 16.37, 16.46]
['2017-04-17', 16.56, 16.66, 16.45, 16.6]
['2017-04-18', 16.59, 16.87, 16.49, 16.84]
['2017-04-19', 16.97, 17.39, 16.97, 17.33]
['2017-04-20', 17.33, 17.58, 17.26, 17.53]
['2017-04-21', 17.54, 17.76, 17.3, 17.63]
['2017-04-24', 17.87, 18.1, 17.75, 18.08]
['2017-04-25', 18.23, 18.42, 18.09, 18.32]
['2017-04-26', 18.26, 18.32, 17.85, 17.89]
['2017-04-27', 17.94, 18.32, 17.92, 18.19]
['2017-04-28', 18.16, 18.38, 18.02, 18.25]
['2017-05-01', 18.32, 18.83, 18.25, 18.76]
['2017-05-02', 18.74, 19.07, 18.55, 18.99]
['2017-05-03', 18.89, 18.89, 17.95, 18.0]
['2017-05-04', 20.0, 21.37, 19.11, 20.93]
['2017-05-05', 21.05, 21.13, 20.46, 20.57]
['2017-05-08', 20.53, 20.71, 20.39, 20.53]
['2017-05-09', 20.5, 20.63, 20.36, 20.52]
['2017-05-10', 20.56, 21.07, 20.29, 20.99]
['2017-05-11', 20.88, 22.2, 20.88, 22.04]
['2017-05-12', 22.04, 22.22, 21.72, 21.88]
['2017-05-15', 21.99, 22.06, 21.69, 21.8]
['2017-05-16', 21.9, 22.07, 21.67, 21.84]
['2017-05-17', 21.64, 21.68, 20.85, 20.86]
['2017-05-18', 20.76, 21.47, 20.47, 21.24]
['2017-05-19', 21.23, 21.8, 21.2, 21.58]
['2017-05-22', 21.6, 21.85, 21.37, 21.85]
['2017-05-23', 21.86, 21.99, 21.26, 21.38]
['2017-05-24', 21.41, 21.58, 21.13, 21.55]
['2017-05-25', 21.68, 21.91, 21.6, 21.84]
['2017-05-26', 21.76, 21.86, 21.03, 21.78]
['2017-05-30', 21.64, 22.39, 21.64, 22.23]
['2017-05-31', 22.24, 22.6, 22.15, 22.47]
['2017-06-01', 22.6, 23.63, 22.55, 23.52]
['2017-06-02', 23.66, 24.69, 23.6, 24.32]
['2017-06-05', 24.48, 24.8, 23.75, 24.31]
['2017-06-06', 24.3, 24.5, 24.03, 24.23]
['2017-06-07', 24.25, 24.3, 23.75, 24.13]
['2017-06-08', 24.25, 24.37, 23.85, 24.35]
['2017-06-09', 24.5, 24.75, 21.12, 21.57]
['2017-06-12', 21.67, 21.73, 19.86, 21.09]
['2017-06-13', 21.34, 22.12, 20.76, 21.1]
['2017-06-14', 21.1, 21.88, 20.97, 21.76]
['2017-06-15', 21.65, 22.21, 21.37, 22.13]
['2017-06-16', 22.06, 23.12, 22.06, 23.1]
['2017-06-19', 23.36, 23.45, 22.75, 23.07]
['2017-06-20', 23.0, 23.14, 22.31, 22.41]
['2017-06-21', 22.45, 22.87, 22.27, 22.29]
['2017-06-22', 22.31, 22.96, 22.04, 22.73]
['2017-06-23', 22.69, 23.15, 22.43, 23.09]
['2017-06-26', 23.13, 23.46, 22.59, 22.61]
['2017-06-27', 22.49, 22.52, 21.87, 21.97]
['2017-06-28', 22.02, 22.44, 21.7, 22.33]
['2017-06-29', 22.16, 22.27, 21.05, 21.14]
['2017-06-30', 21.13, 21.69, 21.1, 21.52]
['2017-07-03', 21.65, 21.82, 21.06, 21.22]
['2017-07-05', 21.32, 21.77, 21.02, 21.57]
['2017-07-06', 21.33, 21.48, 21.06, 21.22]
['2017-07-07', 21.25, 21.9, 21.25, 21.65]
['2017-07-10', 21.63, 21.96, 21.47, 21.68]
['2017-07-11', 21.63, 21.99, 21.41, 21.61]
['2017-07-12', 21.96, 22.92, 21.86, 22.51]
['2017-07-13', 22.52, 22.52, 21.39, 21.83]
['2017-07-14', 21.92, 22.19, 21.49, 21.82]
['2017-07-17', 21.89, 22.12, 21.74, 21.97]
['2017-07-18', 21.97, 22.21, 21.75, 22.05]
['2017-07-19', 22.18, 22.66, 21.98, 22.52]
['2017-07-20', 22.55, 22.55, 21.96, 22.43]
['2017-07-21', 22.65, 22.65, 22.23, 22.46]
['2017-07-24', 22.47, 22.54, 22.05, 22.44]
['2017-07-25', 22.33, 22.51, 22.1, 22.34]
['2017-07-26', 22.46, 22.78, 22.31, 22.64]
['2017-07-27', 22.76, 23.47, 21.55, 22.05]
['2017-07-28', 22.0, 22.62, 21.58, 22.23]
['2017-07-31', 22.24, 22.29, 21.96, 22.06]
['2017-08-01', 22.25, 22.69, 21.9, 22.2]
['2017-08-02', 22.29, 22.4, 21.37, 21.39]
['2017-08-03', 21.23, 21.51, 20.56, 21.38]
['2017-08-04', 21.94, 22.25, 20.71, 21.12]
['2017-08-07', 21.25, 21.28, 20.74, 21.17]
['2017-08-08', 21.16, 21.27, 20.69, 20.97]
['2017-08-09', 20.72, 21.93, 20.58, 21.88]
['2017-08-10', 21.7, 21.76, 20.28, 20.5]
['2017-08-11', 20.51, 21.03, 20.51, 20.84]
['2017-08-14', 21.06, 21.41, 20.94, 21.15]
['2017-08-15', 21.18, 21.81, 20.87, 20.97]
['2017-08-16', 20.96, 21.0, 20.58, 20.6]
['2017-08-17', 20.52, 20.76, 19.91, 19.93]
['2017-08-18', 19.86, 20.52, 19.53, 20.42]
['2017-08-21', 20.47, 20.55, 20.27, 20.38]
['2017-08-22', 20.5, 21.54, 20.45, 21.21]
['2017-08-23', 20.96, 21.84, 20.96, 21.78]
['2017-08-24', 21.78, 22.19, 20.99, 21.01]
['2017-08-25', 21.16, 21.18, 20.67, 20.76]
['2017-08-28', 20.86, 20.92, 20.42, 20.75]
['2017-08-29', 20.64, 21.17, 20.59, 20.98]
['2017-08-30', 21.06, 21.69, 21.05, 21.6]
['2017-08-31', 21.6, 21.74, 21.35, 21.5]
['2017-09-01', 21.5, 21.52, 20.81, 21.14]
['2017-09-05', 21.11, 21.53, 20.91, 21.45]
['2017-09-06', 21.5, 21.56, 20.87, 21.24]
['2017-09-07', 21.2, 21.75, 21.04, 21.69]
['2017-09-08', 21.69, 22.01, 21.47, 21.53]
['2017-09-11', 21.78, 22.0, 21.6, 21.91]
['2017-09-12', 22.0, 22.12, 21.52, 21.7]
['2017-09-13', 21.72, 22.03, 21.58, 21.81]
['2017-09-14', 21.66, 22.61, 21.6, 22.54]
['2017-09-15', 22.5, 22.5, 21.87, 22.14]
['2017-09-18', 22.25, 22.3, 21.8, 21.86]
['2017-09-19', 22.03, 22.4, 21.69, 22.17]
['2017-09-20', 22.12, 22.36, 21.88, 22.03]
['2017-09-21', 22.07, 22.55, 21.75, 22.01]
['2017-09-22', 21.91, 22.42, 21.91, 22.41]
['2017-09-25', 22.26, 22.26, 21.77, 22.01]
['2017-09-26', 22.13, 22.16, 21.2, 21.49]
['2017-09-27', 21.57, 23.1, 21.57, 23.04]
['2017-09-28', 22.95, 23.52, 22.78, 23.41]
['2017-09-29', 23.49, 23.93, 23.33, 23.9]
['2017-10-02', 24.0, 24.78, 23.98, 24.72]
['2017-10-03', 24.7, 25.16, 24.53, 25.11]
['2017-10-04', 25.13, 25.32, 24.77, 25.28]
['2017-10-05', 25.43, 25.67, 25.01, 25.27]
['2017-10-06', 25.04, 25.72, 24.95, 25.54]
['2017-10-09', 25.54, 26.0, 25.45, 25.54]
['2017-10-10', 25.72, 25.74, 25.35, 25.43]
['2017-10-11', 25.51, 25.61, 25.28, 25.3]
['2017-10-12', 25.33, 25.5, 25.1, 25.12]
['2017-10-13', 25.3, 25.45, 24.98, 25.05]
['2017-10-16', 25.19, 25.2, 24.45, 24.54]
['2017-10-17', 24.42, 24.7, 23.92, 24.44]
['2017-10-18', 24.41, 24.93, 24.29, 24.85]
['2017-10-19', 24.66, 25.02, 24.35, 24.9]
['2017-10-20', 25.16, 25.25, 24.75, 24.78]
['2017-10-23', 24.76, 25.12, 24.41, 24.59]
['2017-10-24', 24.81, 24.81, 24.34, 24.53]
['2017-10-25', 24.46, 24.79, 23.96, 24.26]
['2017-10-26', 24.47, 24.5, 24.06, 24.39]
['2017-10-27', 24.57, 24.9, 24.39, 24.86]
['2017-10-30', 24.82, 24.91, 24.59, 24.76]
['2017-10-31', 24.75, 25.55, 24.58, 25.23]
['2017-11-01', 25.49, 25.51, 24.52, 24.89]
['2017-11-02', 24.88, 25.38, 24.69, 25.12]
['2017-11-03', 25.21, 25.33, 24.69, 25.22]
['2017-11-06', 25.31, 25.6, 25.13, 25.54]
['2017-11-07', 25.41, 25.61, 25.08, 25.54]
['2017-11-08', 25.56, 25.61, 25.13, 25.47]
['2017-11-09', 26.5, 27.81, 25.01, 25.82]
['2017-11-10', 25.81, 26.18, 25.31, 25.32]
['2017-11-13', 25.26, 25.48, 25.03, 25.37]
['2017-11-14', 25.24, 25.37, 24.91, 25.31]
['2017-11-15', 25.26, 25.37, 24.84, 25.04]
['2017-11-16', 25.07, 25.45, 24.77, 24.89]
['2017-11-17', 24.81, 25.04, 24.63, 24.8]
['2017-11-20', 24.7, 25.08, 24.14, 24.99]
['2017-11-21', 25.11, 25.21, 24.6, 24.67]
['2017-11-22', 24.77, 24.77, 24.33, 24.46]
['2017-11-24', 24.48, 24.97, 24.47, 24.81]
['2017-11-27', 24.75, 24.75, 24.18, 24.5]
['2017-11-28', 24.52, 25.2, 24.4, 25.16]
['2017-11-29', 25.14, 25.17, 23.5, 24.32]
['2017-11-30', 24.51, 24.89, 24.14, 24.51]
['2017-12-01', 24.48, 24.68, 23.54, 24.15]
['2017-12-04', 24.35, 24.36, 22.83, 23.08]
['2017-12-05', 22.92, 23.18, 22.78, 22.96]
['2017-12-06', 22.85, 23.21, 22.7, 22.73]
['2017-12-07', 22.79, 23.61, 22.51, 23.55]
['2017-12-08', 23.66, 23.83, 23.19, 23.46]
['2017-12-11', 23.45, 23.65, 23.36, 23.4]
['2017-12-12', 23.39, 23.61, 23.16, 23.26]
['2017-12-13', 23.25, 23.64, 23.22, 23.32]
['2017-12-14', 23.25, 23.65, 23.17, 23.26]
['2017-12-15', 23.36, 24.44, 23.07, 24.31]
['2017-12-18', 24.55, 24.77, 24.24, 24.6]
['2017-12-19', 24.56, 24.8, 24.31, 24.45]
['2017-12-20', 24.65, 24.68, 24.23, 24.47]
['2017-12-21', 24.53, 24.61, 24.25, 24.56]
['2017-12-22', 24.46, 24.57, 24.31, 24.55]
['2017-12-26', 24.56, 24.72, 24.14, 24.68]
['2017-12-27', 24.72, 25.0, 24.39, 24.65]
['2017-12-28', 24.61, 25.09, 24.59, 25.08]
['2017-12-29', 25.08, 25.14, 24.73, 24.88]
['2018-01-02', 24.95, 25.01, 23.73, 23.95]
['2018-01-03', 24.06, 24.3, 23.99, 24.08]
['2018-01-04', 24.16, 24.43, 24.02, 24.1]
['2018-01-05', 24.19, 24.26, 23.86, 24.1]
['2018-01-08', 23.54, 23.54, 22.55, 22.88]
['2018-01-09', 22.91, 23.34, 22.9, 23.11]
['2018-01-10', 23.0, 23.09, 22.67, 23.0]
['2018-01-11', 23.11, 23.3, 22.99, 23.18]
['2018-01-12', 23.21, 24.03, 23.15, 24.0]
['2018-01-16', 24.19, 24.19, 23.3, 23.33]
['2018-01-17', 23.42, 23.44, 23.1, 23.22]
['2018-01-18', 23.19, 24.0, 23.19, 23.81]
['2018-01-19', 23.79, 24.39, 23.55, 24.36]
['2018-01-22', 24.36, 24.59, 23.93, 24.58]
['2018-01-23', 24.59, 25.64, 24.39, 25.64]
['2018-01-24', 25.71, 26.16, 25.56, 25.74]
['2018-01-25', 25.93, 26.29, 25.68, 25.75]
['2018-01-26', 25.94, 26.54, 25.81, 26.54]
['2018-01-29', 26.46, 26.6, 25.63, 25.72]
['2018-01-30', 25.37, 25.8, 25.17, 25.62]
['2018-01-31', 25.81, 26.05, 25.7, 26.01]
['2018-02-01', 26.13, 26.15, 25.75, 25.9]
['2018-02-02', 25.63, 25.74, 25.19, 25.21]
['2018-02-05', 24.93, 25.55, 24.11, 24.14]
['2018-02-06', 23.67, 24.66, 23.28, 24.59]
['2018-02-07', 24.41, 24.86, 23.98, 24.61]
['2018-02-08', 24.66, 24.68, 24.19, 24.42]
['2018-02-09', 24.67, 25.04, 24.11, 24.84]
['2018-02-12', 24.93, 25.14, 24.5, 24.95]
['2018-02-13', 24.71, 25.62, 24.49, 25.5]
['2018-02-14', 25.42, 26.25, 25.42, 26.09]
['2018-02-15', 26.39, 27.23, 25.93, 27.09]
['2018-02-16', 27.05, 27.46, 26.64, 26.78]
['2018-02-20', 26.64, 27.02, 26.5, 26.84]
['2018-02-21', 27.01, 27.65, 26.64, 26.97]
['2018-02-22', 29.72, 32.0, 29.08, 30.41]
['2018-02-23', 30.89, 32.0, 29.12, 29.7]
['2018-02-26', 29.59, 30.02, 28.95, 29.89]
['2018-02-27', 29.92, 30.0, 29.28, 29.69]
['2018-02-28', 29.65, 30.61, 29.65, 30.36]
['2018-03-01', 30.07, 30.49, 29.33, 30.34]
['2018-03-02', 30.15, 31.45, 30.0, 31.38]
['2018-03-05', 31.36, 31.36, 30.35, 30.63]
['2018-03-06', 30.73, 31.29, 30.25, 31.24]
['2018-03-07', 31.0, 31.7, 30.58, 31.41]
['2018-03-08', 31.38, 32.24, 31.38, 32.07]
['2018-03-09', 32.2, 32.47, 31.24, 31.36]
['2018-03-12', 31.28, 32.16, 30.94, 31.45]
['2018-03-13', 30.56, 30.74, 30.01, 30.7]
['2018-03-14', 30.92, 31.27, 30.63, 30.7]
['2018-03-15', 30.62, 31.1, 30.53, 30.95]
['2018-03-16', 30.93, 31.53, 30.88, 31.3]
['2018-03-19', 31.24, 31.45, 30.51, 31.15]
['2018-03-20', 31.14, 31.8, 31.1, 31.65]
['2018-03-21', 31.5, 31.92, 31.24, 31.47]
['2018-03-22', 31.02, 31.66, 31.0, 31.1]
['2018-03-23', 31.15, 31.15, 30.35, 30.35]
['2018-03-26', 30.87, 31.68, 30.42, 31.57]
['2018-03-27', 31.68, 31.68, 30.15, 30.29]
['2018-03-28', 30.27, 30.35, 29.18, 29.24]
['2018-03-29', 29.35, 30.23, 29.16, 29.79]
['2018-04-02', 29.75, 29.83, 28.62, 28.81]
['2018-04-03', 28.98, 29.1, 28.41, 28.61]
['2018-04-04', 28.15, 28.94, 27.93, 28.81]
['2018-04-05', 29.01, 29.05, 28.16, 28.26]
['2018-04-06', 28.15, 28.61, 27.48, 27.68]
['2018-04-09', 27.92, 28.32, 27.65, 27.68]
['2018-04-10', 28.07, 28.3, 27.54, 28.02]
['2018-04-11', 27.95, 28.59, 27.93, 28.25]
['2018-04-12', 28.36, 28.76, 28.11, 28.54]
['2018-04-13', 28.62, 28.62, 27.84, 28.08]
['2018-04-16', 28.29, 28.66, 28.06, 28.43]
['2018-04-17', 28.57, 29.38, 28.55, 29.28]
['2018-04-18', 29.34, 29.34, 28.76, 29.0]
['2018-04-19', 28.91, 29.19, 28.67, 28.78]
['2018-04-20', 28.58, 28.89, 28.35, 28.41]
['2018-04-23', 28.47, 28.73, 27.99, 28.2]
['2018-04-24', 28.22, 28.58, 27.43, 27.69]
['2018-04-25', 27.68, 27.68, 26.92, 27.21]
['2018-04-26', 27.4, 28.22, 27.28, 28.12]
['2018-04-27', 28.28, 28.28, 27.6, 27.97]
['2018-04-30', 28.05, 29.45, 28.05, 29.37]
['2018-05-01', 29.4, 30.07, 28.85, 30.06]
['2018-05-02', 31.44, 34.23, 30.84, 32.44]
['2018-05-03', 31.74, 31.78, 30.1, 31.4]
['2018-05-04', 31.3, 31.86, 31.07, 31.59]
['2018-05-07', 31.69, 32.48, 31.24, 32.1]
['2018-05-08', 32.19, 32.25, 31.37, 31.68]
['2018-05-09', 31.86, 32.0, 31.33, 31.46]
['2018-05-10', 31.53, 31.89, 31.08, 31.45]
['2018-05-11', 31.45, 31.53, 30.85, 30.97]
['2018-05-14', 31.06, 31.28, 29.9, 30.31]
['2018-05-15', 30.21, 30.21, 29.71, 29.8]
['2018-05-16', 29.87, 30.54, 29.71, 30.5]
['2018-05-17', 30.34, 31.29, 30.29, 31.15]
['2018-05-18', 31.37, 32.19, 31.06, 31.81]
['2018-05-21', 31.94, 32.95, 31.94, 32.81]
['2018-05-22', 32.8, 34.99, 32.24, 32.28]
['2018-05-23', 32.03, 32.97, 32.01, 32.66]
['2018-05-24', 32.71, 33.42, 32.48, 33.06]
['2018-05-25', 32.98, 33.36, 32.9, 33.04]
['2018-05-29', 33.39, 33.9, 33.19, 33.85]
['2018-05-30', 33.94, 34.77, 33.94, 34.1]
['2018-05-31', 34.18, 34.9, 33.69, 34.89]
['2018-06-01', 34.91, 35.68, 34.6, 35.6]
['2018-06-04', 36.17, 38.0, 35.47, 37.11]
['2018-06-05', 37.08, 38.22, 36.96, 37.43]
['2018-06-06', 37.26, 38.25, 37.11, 38.17]
['2018-06-07', 38.0, 38.09, 36.65, 37.43]
['2018-06-08', 37.38, 37.78, 36.79, 36.8]
['2018-06-11', 37.22, 38.24, 36.94, 38.17]
['2018-06-12', 38.28, 39.01, 37.85, 38.01]
['2018-06-13', 38.24, 38.83, 37.58, 38.34]
['2018-06-14', 38.15, 38.75, 37.81, 38.37]
['2018-06-15', 38.22, 38.32, 37.54, 38.03]
['2018-06-18', 37.88, 39.1, 37.63, 39.01]
['2018-06-19', 38.67, 39.4, 37.87, 38.1]
['2018-06-20', 38.15, 39.55, 37.89, 38.77]
['2018-06-21', 38.77, 38.94, 37.54, 37.71]
['2018-06-22', 37.9, 37.9, 35.54, 35.75]
['2018-06-25', 35.5, 35.73, 34.0, 34.13]
['2018-06-26', 34.32, 34.81, 34.01, 34.22]
['2018-06-27', 34.13, 34.51, 32.94, 33.27]
['2018-06-28', 33.17, 34.47, 33.17, 34.29]
['2018-06-29', 34.37, 35.25, 34.2, 34.57]
['2018-07-02', 34.18, 35.35, 33.81, 35.32]
['2018-07-03', 35.6, 36.06, 34.72, 35.23]
['2018-07-05', 35.4, 35.42, 34.91, 35.22]
['2018-07-06', 35.15, 35.96, 34.95, 35.72]
['2018-07-09', 36.0, 36.23, 35.12, 35.55]
['2018-07-10', 35.53, 35.91, 34.92, 35.06]
['2018-07-11', 34.7, 35.35, 34.0, 34.81]
['2018-07-12', 34.89, 35.38, 34.6, 35.22]
['2018-07-13', 35.1, 35.25, 34.57, 35.09]
['2018-07-16', 35.14, 35.55, 34.42, 34.56]
['2018-07-17', 34.45, 35.77, 34.32, 35.4]
['2018-07-18', 35.47, 35.63, 34.88, 35.14]
['2018-07-19', 35.13, 35.41, 34.89, 35.06]
['2018-07-20', 35.1, 35.53, 34.86, 35.18]
['2018-07-23', 35.39, 36.44, 35.09, 36.34]
['2018-07-24', 36.49, 36.59, 34.12, 34.27]
['2018-07-25', 34.39, 36.2, 34.32, 35.71]
['2018-07-26', 35.98, 36.31, 35.13, 36.11]
['2018-07-27', 36.62, 37.1, 34.1, 34.25]
['2018-07-30', 34.25, 35.0, 31.85, 32.18]
['2018-07-31', 32.21, 32.7, 31.64, 31.9]
['2018-08-01', 32.01, 33.1, 32.01, 32.89]
['2018-08-02', 32.75, 33.43, 32.75, 33.43]
['2018-08-03', 33.43, 33.78, 33.02, 33.62]
['2018-08-06', 33.62, 35.17, 33.62, 35.04]
['2018-08-07', 39.57, 44.07, 39.01, 43.51]
['2018-08-08', 43.57, 43.91, 42.37, 42.93]
['2018-08-09', 43.06, 44.45, 42.87, 43.03]
['2018-08-10', 42.5, 43.93, 42.1, 42.52]
['2018-08-13', 42.65, 43.16, 41.85, 42.37]
['2018-08-14', 42.58, 43.85, 42.06, 43.45]
['2018-08-15', 43.09, 43.93, 42.7, 43.48]
['2018-08-16', 44.0, 44.68, 43.47, 44.29]
['2018-08-17', 44.14, 44.3, 43.26, 43.77]
['2018-08-20', 43.94, 44.93, 43.58, 44.42]
['2018-08-21', 44.5, 45.11, 44.29, 44.85]
['2018-08-22', 44.81, 45.37, 44.52, 45.01]
['2018-08-23', 45.36, 46.74, 44.99, 46.29]
['2018-08-24', 46.4, 47.5, 46.4, 47.46]
['2018-08-27', 47.64, 47.86, 46.45, 47.44]
['2018-08-28', 47.86, 48.16, 47.15, 47.84]
['2018-08-29', 47.74, 48.39, 47.74, 48.19]
['2018-08-30', 48.18, 48.99, 47.77, 47.82]
['2018-08-31', 47.88, 48.4, 47.47, 48.05]
['2018-09-04', 48.0, 48.6, 47.18, 48.47]
['2018-09-05', 48.23, 48.37, 45.75, 47.2]
['2018-09-06', 47.0, 48.22, 46.63, 48.22]
['2018-09-07', 48.05, 49.5, 47.64, 47.7]
['2018-09-10', 48.27, 48.75, 47.55, 48.2]
['2018-09-11', 47.95, 48.73, 47.31, 47.92]
['2018-09-12', 47.75, 48.05, 46.8, 47.86]
['2018-09-13', 48.08, 48.8, 46.46, 46.74]
['2018-09-14', 46.71, 47.86, 46.68, 47.18]
['2018-09-17', 46.74, 47.18, 45.12, 45.54]
['2018-09-18', 45.7, 46.74, 45.7, 46.28]
['2018-09-19', 46.28, 46.47, 44.16, 44.36]
['2018-09-20', 44.71, 44.91, 43.51, 44.52]
['2018-09-21', 44.65, 45.04, 43.12, 43.2]
['2018-09-24', 43.0, 44.17, 42.4, 43.53]
['2018-09-25', 43.65, 45.34, 43.58, 44.65]
['2018-09-26', 44.64, 44.95, 43.92, 44.02]
['2018-09-27', 44.05, 44.7, 42.95, 43.58]
['2018-09-28', 43.46, 44.5, 43.41, 43.69]
['2018-10-01', 43.89, 44.33, 42.17, 42.25]
['2018-10-02', 42.11, 42.24, 40.84, 41.25]
['2018-10-03', 41.39, 42.2, 40.94, 41.74]
['2018-10-04', 41.53, 41.99, 40.29, 40.53]
['2018-10-05', 40.53, 41.44, 39.92, 40.82]
['2018-10-08', 40.61, 40.9, 39.03, 39.94]
['2018-10-09', 39.83, 40.6, 38.35, 39.22]
['2018-10-10', 39.0, 39.83, 37.26, 37.47]
['2018-10-11', 37.19, 38.59, 36.88, 36.97]
['2018-10-12', 37.84, 38.44, 37.14, 38.31]
['2018-10-15', 38.31, 39.07, 37.62, 38.42]
['2018-10-16', 39.16, 39.75, 38.52, 39.67]
['2018-10-17', 39.53, 40.09, 39.37, 39.91]
['2018-10-18', 39.69, 40.29, 38.62, 38.88]
['2018-10-19', 38.89, 39.5, 37.04, 37.14]
['2018-10-22', 37.19, 38.85, 37.01, 38.31]
['2018-10-23', 37.56, 38.03, 36.84, 37.58]
['2018-10-24', 37.6, 38.1, 35.4, 35.49]
['2018-10-25', 35.9, 37.02, 35.8, 36.32]
['2018-10-26', 35.65, 36.63, 34.66, 36.27]
['2018-10-29', 36.96, 37.67, 35.53, 36.18]
['2018-10-30', 36.19, 37.22, 35.66, 37.05]
['2018-10-31', 37.64, 40.32, 37.5, 39.36]
['2018-11-01', 39.43, 39.43, 37.91, 39.15]
['2018-11-02', 39.48, 39.77, 38.6, 39.35]
['2018-11-05', 39.46, 39.46, 37.26, 37.88]
['2018-11-06', 37.69, 38.44, 37.35, 38.37]
['2018-11-07', 43.79, 45.58, 42.39, 43.76]
['2018-11-08', 43.68, 45.32, 43.0, 43.92]
['2018-11-09', 43.3, 43.68, 42.02, 42.51]
['2018-11-12', 42.5, 43.19, 41.01, 42.0]
['2018-11-13', 42.26, 42.91, 41.21, 41.49]
['2018-11-14', 41.98, 42.39, 41.01, 41.41]
['2018-11-15', 41.32, 43.11, 40.95, 42.77]
['2018-11-16', 42.34, 43.45, 41.78, 42.97]
['2018-11-19', 42.9, 42.98, 38.38, 38.42]
['2018-11-20', 37.33, 38.0, 35.37, 36.26]
['2018-11-21', 36.77, 37.51, 36.28, 37.34]
['2018-11-23', 36.99, 38.13, 36.46, 37.91]
['2018-11-26', 38.13, 39.93, 37.79, 39.67]
['2018-11-27', 39.35, 40.44, 38.79, 40.05]
['2018-11-28', 40.44, 41.45, 39.4, 41.28]
['2018-11-29', 41.17, 41.46, 40.41, 40.86]
['2018-11-30', 41.0, 43.08, 40.5, 42.88]
['2018-12-03', 43.58, 44.0, 41.62, 42.7]
['2018-12-04', 42.31, 42.68, 40.08, 40.38]
['2018-12-06', 39.38, 41.42, 39.17, 41.32]
['2018-12-07', 41.04, 41.62, 39.44, 40.22]
['2018-12-10', 40.5, 41.76, 39.69, 41.06]
['2018-12-11', 41.76, 42.16, 41.07, 41.75]
['2018-12-12', 42.07, 44.67, 42.03, 44.04]
['2018-12-13', 42.25, 44.29, 41.92, 43.98]
['2018-12-14', 43.27, 43.58, 41.72, 42.05]
['2018-12-17', 42.01, 42.63, 40.44, 40.74]
['2018-12-18', 41.39, 42.93, 41.15, 42.34]
['2018-12-19', 42.37, 44.08, 42.35, 42.88]
['2018-12-20', 42.74, 43.04, 39.28, 40.65]
['2018-12-21', 40.84, 40.84, 38.81, 39.32]
['2018-12-24', 38.86, 40.41, 38.61, 39.26]
['2018-12-26', 39.64, 42.62, 39.64, 42.52]
['2018-12-27', 41.55, 43.02, 40.99, 43.01]
['2018-12-28', 43.78, 44.2, 42.31, 43.21]
['2018-12-31', 44.79, 44.79, 43.31, 43.72]
['2019-01-02', 42.87, 43.29, 41.95, 42.59]
['2019-01-03', 42.13, 42.83, 40.82, 40.98]
['2019-01-04', 41.96, 43.1, 41.24, 42.52]
['2019-01-07', 44.99, 47.64, 44.46, 45.89]
['2019-01-08', 46.71, 47.0, 44.85, 46.94]
['2019-01-09', 47.03, 48.12, 45.9, 46.49]
['2019-01-10', 45.98, 47.28, 45.71, 47.02]
['2019-01-11', 46.8, 47.15, 45.5, 46.38]
['2019-01-14', 46.11, 46.11, 44.44, 44.47]
['2019-01-15', 44.52, 45.75, 43.73, 45.63]
['2019-01-16', 45.65, 47.59, 45.19, 45.82]
['2019-01-17', 45.81, 47.33, 45.41, 47.29]
['2019-01-18', 47.34, 48.57, 46.32, 46.87]
['2019-01-22', 46.46, 47.07, 45.6, 46.59]
['2019-01-23', 46.84, 47.08, 45.07, 46.56]
['2019-01-24', 46.57, 47.15, 45.98, 46.31]
['2019-01-25', 46.7, 48.84, 46.46, 48.45]
['2019-01-28', 47.75, 49.12, 47.02, 48.13]
['2019-01-29', 48.06, 48.06, 47.22, 47.52]
['2019-01-30', 48.07, 49.47, 47.57, 49.38]
['2019-01-31', 49.44, 52.26, 49.44, 51.13]
['2019-02-01', 51.02, 51.95, 50.54, 51.57]
['2019-02-04', 51.7, 53.25, 51.7, 52.21]
['2019-02-05', 52.0, 52.5, 50.81, 52.26]
['2019-02-06', 52.41, 53.04, 50.89, 51.59]
['2019-02-07', 51.03, 51.81, 50.35, 51.72]
['2019-02-08', 50.85, 52.93, 50.32, 52.92]
['2019-02-11', 53.41, 53.66, 51.85, 52.19]
['2019-02-12', 52.84, 53.81, 52.38, 53.79]
['2019-02-13', 53.93, 54.58, 53.1, 53.8]
['2019-02-14', 53.67, 53.67, 52.88, 53.05]
['2019-02-15', 53.27, 54.26, 52.92, 54.24]
['2019-02-19', 54.26, 54.92, 54.01, 54.31]
['2019-02-20', 57.23, 57.9, 49.8, 51.47]
['2019-02-21', 51.44, 52.74, 51.34, 52.28]
['2019-02-22', 52.3, 53.46, 52.15, 53.0]
['2019-02-25', 53.35, 54.31, 52.6, 53.36]
['2019-02-26', 53.27, 53.98, 52.51, 53.58]
['2019-02-27', 53.13, 53.9, 52.66, 53.85]
['2019-02-28', 53.6, 53.95, 52.81, 53.04]
['2019-03-01', 54.2, 55.0, 52.44, 54.71]
['2019-03-04', 54.86, 54.94, 50.45, 52.51]
['2019-03-05', 52.48, 52.85, 50.96, 52.0]
['2019-03-06', 51.74, 52.15, 50.06, 50.69]
['2019-03-07', 50.57, 52.07, 50.3, 51.31]
['2019-03-08', 50.51, 52.3, 50.18, 51.97]
['2019-03-11', 52.24, 54.31, 52.16, 53.49]
['2019-03-12', 53.5, 54.16, 52.72, 53.89]
['2019-03-13', 54.04, 55.24, 52.28, 54.45]
['2019-03-14', 54.19, 55.18, 53.76, 54.31]
['2019-03-15', 54.36, 54.55, 53.4, 54.43]
['2019-03-18', 54.5, 55.99, 54.07, 54.92]
['2019-03-19', 55.28, 55.67, 54.49, 55.08]
['2019-03-20', 55.1, 55.75, 54.31, 55.29]
['2019-03-21', 54.98, 56.57, 54.96, 56.49]
['2019-03-22', 56.0, 56.26, 53.04, 53.38]
['2019-03-25', 53.0, 53.67, 52.0, 53.12]
['2019-03-26', 53.91, 54.88, 53.12, 54.0]
['2019-03-27', 54.05, 54.05, 51.2, 52.01]
['2019-03-28', 52.08, 53.17, 51.75, 52.99]
['2019-03-29', 53.61, 53.82, 52.55, 52.83]
['2019-04-01', 53.28, 53.91, 51.52, 51.69]
['2019-04-02', 51.89, 52.61, 50.63, 52.4]
['2019-04-03', 53.01, 53.01, 51.58, 52.29]
['2019-04-04', 52.21, 52.77, 49.17, 49.79]
['2019-04-05', 50.25, 50.85, 49.1, 49.49]
['2019-04-08', 49.34, 49.51, 47.74, 48.8]
['2019-04-09', 48.34, 49.61, 48.34, 49.26]
['2019-04-10', 49.31, 50.81, 49.17, 50.52]
['2019-04-11', 50.75, 51.44, 50.21, 51.0]
['2019-04-12', 51.01, 52.36, 51.01, 52.3]
['2019-04-15', 52.57, 52.9, 51.39, 51.91]
['2019-04-16', 52.52, 52.7, 50.99, 51.4]
['2019-04-17', 51.64, 51.64, 49.61, 49.83]
['2019-04-18', 49.55, 49.91, 48.37, 49.55]
['2019-04-22', 49.41, 50.65, 49.17, 50.61]
['2019-04-23', 50.58, 52.08, 50.47, 51.82]
['2019-04-24', 51.87, 52.56, 51.21, 51.22]
['2019-04-25', 51.47, 52.14, 50.97, 51.62]
['2019-04-26', 51.51, 52.72, 51.51, 52.55]
['2019-04-29', 52.78, 53.91, 52.75, 53.67]
['2019-04-30', 53.63, 54.37, 52.85, 53.07]
['2019-05-01', 53.29, 53.54, 52.01, 52.97]
['2019-05-02', 50.97, 51.94, 48.74, 49.17]
['2019-05-03', 50.32, 51.07, 49.5, 51.03]
['2019-05-06', 49.1, 51.35, 49.04, 51.0]
['2019-05-07', 50.23, 50.9, 49.52, 50.84]
['2019-05-08', 50.67, 51.0, 49.88, 50.02]
['2019-05-09', 49.53, 50.57, 48.58, 50.09]
['2019-05-10', 49.84, 50.37, 48.85, 50.14]
['2019-05-13', 48.67, 49.05, 47.28, 47.52]
['2019-05-14', 47.9, 48.84, 47.25, 48.45]
['2019-05-15', 47.92, 49.39, 47.54, 49.15]
['2019-05-16', 49.48, 51.5, 48.64, 50.85]
['2019-05-17', 50.27, 51.27, 49.6, 49.92]
['2019-05-20', 48.98, 49.91, 48.81, 49.7]
['2019-05-21', 50.12, 50.87, 49.79, 50.87]
['2019-05-22', 50.42, 51.24, 50.42, 51.06]
['2019-05-23', 50.34, 50.56, 49.06, 49.59]
['2019-05-24', 49.88, 50.83, 49.88, 50.63]
['2019-05-28', 50.76, 52.95, 50.76, 52.82]
['2019-05-29', 52.35, 52.45, 50.43, 50.88]
['2019-05-30', 50.99, 52.46, 50.62, 52.03]
['2019-05-31', 51.11, 52.4, 50.89, 51.35]
['2019-06-03', 51.15, 51.56, 46.5, 46.9]
['2019-06-04', 47.28, 47.72, 46.08, 47.7]
['2019-06-05', 47.96, 48.62, 47.45, 48.56]
['2019-06-06', 48.74, 49.33, 47.59, 49.29]
['2019-06-07', 49.46, 50.33, 48.36, 49.48]
['2019-06-10', 49.88, 51.09, 49.63, 49.68]
['2019-06-11', 50.35, 50.5, 46.98, 47.88]
['2019-06-12', 47.59, 50.13, 47.5, 50.04]
['2019-06-13', 50.32, 50.75, 49.51, 50.72]
['2019-06-14', 50.45, 50.63, 49.87, 50.4]
['2019-06-17', 50.47, 53.13, 50.47, 52.82]
['2019-06-18', 53.88, 54.94, 52.86, 53.18]
['2019-06-19', 53.28, 55.0, 52.66, 54.93]
['2019-06-20', 55.37, 56.27, 53.62, 54.22]
['2019-06-21', 53.83, 54.68, 52.79, 52.87]
['2019-06-24', 53.18, 53.27, 52.13, 52.37]
['2019-06-25', 52.27, 52.62, 49.94, 50.15]
['2019-06-26', 50.64, 50.84, 48.82, 49.37]
['2019-06-27', 49.55, 51.31, 49.47, 50.67]
['2019-06-28', 50.72, 51.42, 50.1, 51.29]
['2019-07-01', 52.92, 53.23, 51.35, 52.09]
['2019-07-02', 51.8, 52.06, 51.05, 51.47]
['2019-07-03', 51.43, 51.8, 51.31, 51.52]
['2019-07-05', 51.09, 51.81, 50.5, 51.7]
['2019-07-08', 51.42, 52.91, 51.09, 52.39]
['2019-07-09', 52.16, 53.66, 51.5, 53.48]
['2019-07-10', 54.02, 54.15, 53.14, 53.52]
['2019-07-11', 53.78, 53.79, 51.68, 51.86]
['2019-07-12', 51.54, 53.56, 51.52, 53.51]
['2019-07-15', 53.51, 53.79, 47.89, 48.04]
['2019-07-16', 49.89, 50.42, 48.79, 49.83]
['2019-07-17', 49.7, 50.11, 48.7, 48.75]
['2019-07-18', 48.33, 49.28, 47.91, 48.43]
['2019-07-19', 48.67, 49.6, 47.34, 47.47]
['2019-07-22', 47.77, 49.25, 47.77, 48.17]
['2019-07-23', 48.43, 48.44, 47.13, 48.34]
['2019-07-24', 48.1, 48.9, 47.54, 48.46]
['2019-07-25', 48.5, 48.91, 47.71, 47.89]
['2019-07-26', 48.25, 48.87, 47.99, 48.1]
['2019-07-29', 48.28, 48.42, 46.22, 47.91]
['2019-07-30', 47.5, 49.91, 47.5, 49.38]
['2019-07-31', 49.62, 50.17, 48.64, 49.37]
['2019-08-01', 59.5, 61.42, 57.0, 57.58]
['2019-08-02', 57.0, 59.54, 56.54, 58.03]
['2019-08-05', 56.08, 57.3, 54.42, 55.5]
['2019-08-06', 55.97, 56.52, 55.21, 56.45]
['2019-08-07', 55.58, 58.9, 55.51, 58.05]
['2019-08-08', 58.88, 63.03, 58.51, 62.0]
['2019-08-09', 61.08, 62.63, 61.06, 61.81]
['2019-08-12', 61.79, 62.57, 60.69, 61.29]
['2019-08-13', 61.23, 64.14, 61.23, 64.0]
['2019-08-14', 62.61, 63.24, 60.33, 60.84]
['2019-08-15', 61.1, 62.37, 60.32, 62.05]
['2019-08-16', 62.72, 63.78, 62.46, 63.54]
['2019-08-19', 64.36, 64.36, 61.66, 62.28]
['2019-08-20', 62.37, 63.58, 60.82, 62.51]
['2019-08-21', 63.12, 64.5, 62.46, 63.79]
['2019-08-22', 64.15, 64.68, 62.86, 63.71]
['2019-08-23', 63.57, 64.67, 62.2, 62.63]
['2019-08-26', 63.67, 63.77, 62.0, 63.7]
['2019-08-27', 64.63, 65.45, 62.46, 62.91]
['2019-08-28', 62.34, 64.71, 61.4, 62.78]
['2019-08-29', 63.68, 64.47, 62.9, 63.65]
['2019-08-30', 64.26, 64.54, 62.22, 63.21]
['2019-09-03', 62.99, 64.19, 61.45, 61.65]
['2019-09-04', 62.06, 62.69, 61.61, 62.3]
['2019-09-05', 61.88, 62.15, 59.81, 61.25]
['2019-09-06', 61.58, 62.49, 60.76, 61.65]
['2019-09-09', 61.73, 61.73, 57.95, 58.9]
['2019-09-10', 58.28, 58.47, 55.64, 56.28]
['2019-09-11', 56.72, 57.83, 55.19, 55.63]
['2019-09-12', 56.22, 56.44, 53.88, 55.14]
['2019-09-13', 55.02, 55.02, 53.5, 53.93]
['2019-09-16', 53.26, 55.0, 52.8, 54.71]
['2019-09-17', 54.82, 56.94, 54.81, 56.65]
['2019-09-18', 56.72, 58.38, 55.49, 57.98]
['2019-09-19', 55.86, 58.1, 55.22, 58.0]
['2019-09-20', 58.06, 59.15, 57.62, 58.43]
['2019-09-23', 58.54, 58.69, 57.41, 57.79]
['2019-09-24', 57.93, 58.35, 55.42, 55.81]
['2019-09-25', 55.86, 56.16, 54.14, 55.98]
['2019-09-26', 56.98, 56.98, 55.14, 56.14]
['2019-09-27', 56.5, 56.5, 53.2, 53.91]
['2019-09-30', 54.0, 54.21, 53.06, 53.74]
['2019-10-01', 54.1, 54.1, 52.23, 52.53]
['2019-10-02', 52.0, 52.42, 51.34, 51.98]
['2019-10-03', 52.23, 54.0, 50.73, 53.86]
['2019-10-04', 54.28, 55.68, 54.17, 55.4]
['2019-10-07', 56.25, 57.34, 54.88, 56.79]
['2019-10-08', 56.36, 56.74, 52.9, 53.02]
['2019-10-09', 53.76, 55.37, 53.47, 55.17]
['2019-10-10', 54.93, 55.63, 53.97, 54.73]
['2019-10-11', 55.49, 56.15, 55.13, 55.58]
['2019-10-14', 55.61, 56.64, 55.35, 55.95]
['2019-10-15', 56.09, 57.16, 55.96, 56.86]
['2019-10-16', 56.32, 56.32, 54.13, 55.72]
['2019-10-17', 55.81, 56.65, 55.32, 56.47]
['2019-10-18', 56.12, 56.64, 51.45, 53.84]
['2019-10-21', 54.0, 54.85, 53.22, 54.01]
['2019-10-22', 54.46, 55.18, 51.48, 52.14]
['2019-10-23', 52.14, 54.35, 51.91, 53.17]
['2019-10-24', 53.7, 55.53, 53.01, 54.8]
['2019-10-25', 54.87, 55.54, 53.9, 55.28]
['2019-10-28', 55.4, 56.47, 54.6, 55.95]
['2019-10-29', 55.74, 56.66, 55.17, 55.67]
['2019-10-30', 55.65, 57.31, 54.67, 57.23]
['2019-10-31', 57.5, 57.5, 55.14, 55.51]
['2019-11-01', 55.74, 57.19, 55.36, 56.41]
['2019-11-04', 56.99, 58.08, 55.06, 55.46]
['2019-11-05', 55.86, 56.35, 53.8, 55.43]
['2019-11-06', 60.94, 63.74, 59.58, 60.36]
['2019-11-07', 60.34, 61.86, 59.6, 60.37]
['2019-11-08', 60.36, 61.08, 58.94, 60.66]
['2019-11-11', 60.12, 61.82, 59.71, 61.63]
['2019-11-12', 61.63, 62.94, 61.4, 62.05]
['2019-11-13', 63.0, 64.12, 62.3, 63.73]
['2019-11-14', 64.1, 64.33, 62.72, 63.32]
['2019-11-15', 63.62, 65.58, 63.28, 65.41]
['2019-11-18', 65.04, 66.12, 64.66, 64.8]
['2019-11-19', 63.26, 64.41, 61.79, 63.8]
['2019-11-20', 63.56, 65.4, 63.33, 65.16]
['2019-11-21', 65.29, 66.19, 64.97, 65.53]
['2019-11-22', 66.05, 66.57, 65.32, 65.46]
['2019-11-25', 66.11, 68.53, 65.72, 68.42]
['2019-11-26', 68.76, 69.86, 67.43, 67.53]
['2019-11-27', 67.88, 69.72, 66.75, 69.07]
['2019-11-29', 68.89, 69.02, 67.92, 68.17]
['2019-12-02', 68.0, 68.0, 65.68, 66.75]
['2019-12-03', 65.45, 67.22, 65.35, 66.9]
['2019-12-04', 67.1, 68.18, 66.72, 67.17]
['2019-12-05', 67.44, 67.71, 66.3, 66.76]
['2019-12-06', 67.16, 67.26, 65.85, 66.13]
['2019-12-09', 65.62, 67.39, 65.57, 66.11]
['2019-12-10', 66.3, 66.61, 65.38, 65.74]
['2019-12-11', 65.96, 65.96, 64.13, 65.37]
['2019-12-12', 64.93, 65.84, 64.43, 65.07]
['2019-12-13', 64.94, 66.46, 64.63, 65.98]
['2019-12-16', 66.79, 67.68, 66.5, 66.75]
['2019-12-17', 66.97, 67.36, 66.25, 66.59]
['2019-12-18', 66.3, 66.65, 65.41, 65.47]
['2019-12-19', 65.95, 67.88, 65.53, 66.99]
['2019-12-20', 67.05, 67.34, 66.2, 66.48]
['2019-12-23', 66.66, 67.0, 65.64, 66.04]
['2019-12-24', 66.27, 67.01, 65.9, 66.57]
['2019-12-26', 66.42, 67.57, 66.3, 66.99]
['2019-12-27', 67.33, 67.42, 66.22, 66.58]
['2019-12-30', 66.37, 66.49, 64.79, 65.29]
['2019-12-31', 64.91, 66.0, 64.6, 65.58]
['2020-01-02', 66.1, 67.22, 65.56, 66.76]
['2020-01-03', 66.08, 67.73, 66.08, 67.01]
['2020-01-06', 66.27, 68.56, 66.14, 68.33]
['2020-01-07', 68.08, 68.79, 67.86, 67.91]
['2020-01-08', 68.79, 70.45, 68.24, 70.2]
['2020-01-09', 70.78, 71.43, 70.29, 71.21]
['2020-01-10', 71.39, 71.66, 70.21, 71.15]
['2020-01-13', 71.45, 73.7, 71.38, 72.62]
['2020-01-14', 72.62, 72.79, 70.91, 71.92]
['2020-01-15', 72.14, 73.29, 72.08, 72.72]
['2020-01-16', 73.27, 74.05, 72.99, 73.31]
['2020-01-17', 73.97, 74.25, 72.95, 73.58]
['2020-01-21', 73.47, 74.43, 73.08, 73.15]
['2020-01-22', 73.77, 74.37, 71.38, 71.49]
['2020-01-23', 71.31, 71.84, 70.71, 70.8]
['2020-01-24', 71.33, 72.9, 70.21, 70.87]
['2020-01-27', 69.24, 70.89, 68.37, 70.68]
['2020-01-28', 71.06, 72.52, 70.66, 72.24]
['2020-01-29', 72.85, 72.92, 71.58, 71.64]
['2020-01-30', 71.09, 72.74, 71.01, 72.68]
['2020-01-31', 72.44, 72.5, 70.69, 71.73]
['2020-02-03', 72.27, 72.95, 71.82, 72.71]
['2020-02-04', 74.04, 75.67, 73.32, 75.17]
['2020-02-05', 76.54, 76.54, 72.91, 73.28]
['2020-02-06', 73.31, 74.52, 72.5, 73.98]
['2020-02-07', 73.5, 74.48, 73.21, 73.92]
['2020-02-10', 74.08, 76.11, 73.89, 75.88]
['2020-02-11', 76.3, 76.38, 74.68, 75.17]
['2020-02-12', 75.74, 76.55, 74.11, 75.63]
['2020-02-13', 75.3, 76.46, 75.27, 75.98]
['2020-02-14', 76.2, 76.87, 75.97, 76.59]
['2020-02-18', 76.49, 77.44, 75.68, 76.94]
['2020-02-19', 77.53, 80.58, 77.53, 78.75]
['2020-02-20', 77.38, 78.5, 73.23, 75.12]
['2020-02-21', 74.86, 75.36, 72.32, 73.25]
['2020-02-24', 69.36, 72.93, 68.45, 72.29]
['2020-02-25', 74.05, 75.47, 73.0, 74.03]
['2020-02-26', 74.43, 76.33, 73.31, 74.05]
['2020-02-27', 71.93, 73.71, 70.9, 71.75]
['2020-02-28', 69.55, 73.18, 69.49, 73.03]
['2020-03-02', 74.06, 74.26, 71.19, 72.88]
['2020-03-03', 73.16, 75.4, 70.76, 72.5]
['2020-03-04', 73.55, 73.97, 72.28, 73.21]
['2020-03-05', 71.91, 73.88, 71.71, 73.57]
['2020-03-06', 71.56, 73.43, 68.79, 71.97]
['2020-03-09', 67.42, 69.32, 63.15, 66.15]
['2020-03-10', 68.23, 70.0, 65.42, 70.0]
['2020-03-11', 68.56, 69.75, 66.04, 67.26]
['2020-03-12', 62.63, 64.3, 59.34, 60.95]
['2020-03-13', 63.4, 64.38, 56.27, 63.35]
['2020-03-16', 54.37, 58.75, 52.51, 56.45]
['2020-03-17', 57.02, 66.27, 57.02, 65.46]
['2020-03-18', 61.75, 65.65, 59.78, 62.77]
['2020-03-19', 62.75, 66.15, 59.01, 62.8]
['2020-03-20', 64.0, 68.03, 61.33, 62.59]
['2020-03-23', 62.94, 67.66, 60.62, 66.79]
['2020-03-24', 69.5, 75.39, 67.49, 71.0]
['2020-03-25', 70.92, 73.44, 68.65, 69.86]
['2020-03-26', 70.24, 75.21, 69.35, 74.24]
['2020-03-27', 72.8, 77.43, 70.73, 73.53]
['2020-03-30', 75.37, 78.8, 73.71, 76.28]
['2020-03-31', 75.88, 81.73, 74.45, 76.46]
['2020-04-01', 73.9, 74.99, 71.82, 73.74]
['2020-04-02', 72.83, 76.56, 71.68, 75.56]
['2020-04-03', 75.0, 76.07, 72.33, 73.9]
['2020-04-06', 75.47, 78.3, 74.18, 77.97]
['2020-04-07', 79.56, 80.67, 74.43, 76.78]
['2020-04-08', 77.96, 80.82, 77.46, 79.8]
['2020-04-09', 79.55, 82.97, 77.72, 78.35]
['2020-04-13', 78.16, 80.64, 77.88, 79.96]
['2020-04-14', 82.4, 84.28, 81.8, 83.01]
['2020-04-15', 82.37, 86.11, 80.01, 85.98]
['2020-04-16', 87.89, 91.47, 87.24, 90.89]
['2020-04-17', 91.03, 93.88, 88.51, 92.3]
['2020-04-20', 91.5, 96.24, 91.16, 94.76]
['2020-04-21', 93.95, 94.72, 87.77, 93.67]
['2020-04-22', 94.01, 95.99, 93.05, 95.64]
['2020-04-23', 96.3, 97.83, 94.44, 96.06]
['2020-04-24', 96.66, 98.71, 94.65, 97.29]
['2020-04-27', 98.37, 99.17, 96.78, 97.76]
['2020-04-28', 99.96, 99.96, 93.16, 96.22]
['2020-04-29', 96.46, 97.49, 93.69, 94.11]
['2020-04-30', 94.3, 94.98, 92.57, 92.67]
['2020-05-01', 91.73, 93.48, 89.64, 91.83]
['2020-05-04', 91.97, 96.26, 90.89, 95.88]
['2020-05-05', 89.11, 96.23, 89.0, 96.02]
['2020-05-06', 97.1, 106.16, 96.41, 105.1]
['2020-05-07', 104.81, 105.49, 102.22, 103.86]
['2020-05-08', 103.85, 104.87, 101.69, 104.53]
['2020-05-11', 104.75, 106.94, 104.05, 105.18]
['2020-05-12', 105.41, 107.09, 102.58, 104.28]
['2020-05-13', 104.99, 105.99, 99.19, 100.83]
['2020-05-14', 100.22, 103.15, 99.3, 103.08]
['2020-05-15', 102.95, 106.72, 102.44, 106.21]
['2020-05-18', 107.4, 107.96, 102.03, 103.65]
['2020-05-19', 103.43, 106.04, 102.59, 103.8]
['2020-05-20', 105.83, 105.83, 102.75, 103.65]
['2020-05-21', 102.62, 104.36, 100.14, 103.34]
['2020-05-22', 103.01, 106.52, 102.81, 104.71]
['2020-05-26', 105.48, 106.46, 95.66, 95.88]
['2020-05-27', 95.99, 98.84, 93.25, 98.61]
['2020-05-28', 98.13, 102.27, 97.84, 100.9]
['2020-05-29', 101.05, 104.33, 99.81, 104.2]
