['2016-09-29', 9.21, 10.9, 9.02, 9.18]
['2016-09-30', 9.35, 9.72, 9.15, 9.22]
['2016-10-03', 9.3, 10.44, 9.3, 10.39]
['2016-10-04', 10.26, 10.68, 9.71, 9.95]
['2016-10-05', 9.95, 10.08, 9.5, 9.57]
['2016-10-06', 9.62, 9.88, 9.62, 9.64]
['2016-10-07', 9.98, 9.98, 9.62, 9.76]
['2016-10-10', 9.71, 9.82, 9.71, 9.8]
['2016-10-11', 9.72, 9.73, 9.62, 9.69]
['2016-10-12', 9.72, 9.72, 9.62, 9.62]
['2016-10-13', 9.62, 9.68, 9.4, 9.4]
['2016-10-14', 9.4, 9.44, 8.55, 8.61]
['2016-10-17', 8.84, 8.84, 7.59, 8.14]
['2016-10-18', 8.08, 8.45, 8.0, 8.17]
['2016-10-19', 8.45, 8.56, 8.01, 8.55]
['2016-10-20', 8.49, 8.55, 8.35, 8.55]
['2016-10-21', 8.55, 8.91, 8.5, 8.88]
['2016-10-24', 8.85, 9.21, 8.63, 9.11]
['2016-10-25', 9.24, 9.4, 9.05, 9.3]
['2016-10-26', 9.4, 9.4, 8.74, 9.02]
['2016-10-27', 9.29, 9.29, 8.65, 8.99]
['2016-10-28', 8.98, 9.25, 8.8, 9.09]
['2016-10-31', 9.39, 9.39, 9.0, 9.0]
['2016-11-01', 9.3, 9.3, 8.85, 9.03]
['2016-11-02', 8.79, 9.16, 8.67, 9.02]
['2016-11-03', 9.0, 9.0, 8.67, 8.93]
['2016-11-04', 8.69, 8.82, 8.6, 8.74]
['2016-11-07', 8.72, 8.8, 8.6, 8.7]
['2016-11-08', 8.7, 8.94, 8.01, 8.65]
['2016-11-09', 8.65, 8.65, 8.06, 8.6]
['2016-11-10', 8.65, 9.16, 8.62, 8.85]
['2016-11-11', 8.82, 9.1, 8.51, 8.65]
['2016-11-14', 8.65, 9.07, 8.65, 8.66]
['2016-11-15', 8.77, 9.0, 8.5, 8.51]
['2016-11-16', 8.5, 8.83, 8.15, 8.68]
['2016-11-17', 8.9, 8.9, 8.5, 8.5]
['2016-11-18', 8.7, 8.7, 8.4, 8.5]
['2016-11-21', 8.61, 8.89, 8.11, 8.89]
['2016-11-22', 8.9, 9.5, 8.68, 9.48]
['2016-11-23', 9.17, 9.33, 9.17, 9.25]
['2016-11-25', 8.9, 9.44, 8.9, 9.26]
['2016-11-28', 9.15, 9.33, 9.1, 9.32]
['2016-11-29', 9.25, 10.76, 9.22, 9.94]
['2016-11-30', 9.78, 10.1, 9.65, 9.97]
['2016-12-01', 9.45, 10.0, 8.9, 10.0]
['2016-12-02', 10.0, 10.05, 9.5, 9.88]
['2016-12-05', 9.86, 10.49, 9.59, 10.17]
['2016-12-06', 10.22, 10.26, 9.07, 9.4]
['2016-12-07', 9.32, 9.99, 9.32, 9.91]
['2016-12-08', 9.79, 9.97, 9.48, 9.95]
['2016-12-09', 9.75, 10.06, 9.55, 10.0]
['2016-12-12', 10.0, 10.0, 9.5, 9.5]
['2016-12-13', 9.54, 9.77, 8.87, 8.87]
['2016-12-14', 9.2, 9.45, 8.7, 9.36]
['2016-12-15', 9.39, 10.08, 9.21, 9.9]
['2016-12-16', 9.67, 10.5, 9.67, 9.94]
['2016-12-19', 9.77, 10.65, 9.64, 10.48]
['2016-12-20', 10.4, 10.84, 10.0, 10.82]
['2016-12-21', 10.55, 11.39, 10.5, 11.23]
['2016-12-22', 11.37, 12.15, 11.08, 11.79]
['2016-12-23', 11.6, 11.87, 9.82, 10.35]
['2016-12-27', 10.01, 10.31, 9.43, 10.08]
['2016-12-28', 10.01, 10.19, 9.6, 9.86]
['2016-12-29', 10.6, 10.6, 9.83, 10.19]
['2016-12-30', 10.24, 11.76, 10.0, 11.57]
['2017-01-03', 11.55, 11.81, 10.6, 11.15]
['2017-01-04', 11.09, 11.6, 10.89, 11.53]
['2017-01-05', 11.45, 11.57, 11.03, 11.5]
['2017-01-06', 11.52, 13.16, 11.2, 13.04]
['2017-01-09', 13.0, 13.9, 11.5, 13.5]
['2017-01-10', 13.56, 13.56, 12.59, 12.93]
['2017-01-11', 12.39, 13.5, 12.39, 13.37]
['2017-01-12', 13.38, 13.5, 12.69, 13.14]
['2017-01-13', 13.25, 13.9, 12.95, 13.67]
['2017-01-17', 13.15, 13.6, 12.63, 13.23]
['2017-01-18', 13.23, 13.44, 13.01, 13.3]
['2017-01-19', 13.01, 13.48, 13.01, 13.27]
['2017-01-20', 13.05, 13.5, 13.05, 13.23]
['2017-01-23', 13.18, 13.41, 13.18, 13.35]
['2017-01-24', 13.19, 13.38, 12.96, 13.23]
['2017-01-25', 13.27, 13.43, 11.62, 12.91]
['2017-01-26', 12.81, 13.31, 12.54, 13.0]
['2017-01-27', 13.0, 13.0, 12.79, 13.0]
['2017-01-30', 12.92, 13.01, 12.54, 12.71]
['2017-01-31', 12.01, 13.34, 12.01, 13.07]
['2017-02-01', 13.05, 13.35, 12.7, 12.9]
['2017-02-02', 12.89, 12.89, 12.0, 12.19]
['2017-02-03', 12.0, 12.17, 10.6, 11.99]
['2017-02-06', 11.85, 12.15, 11.56, 12.13]
['2017-02-07', 12.0, 12.12, 11.36, 11.99]
['2017-02-08', 11.96, 11.96, 11.72, 11.87]
['2017-02-09', 11.88, 11.92, 11.55, 11.86]
['2017-02-10', 11.76, 11.9, 11.76, 11.82]
['2017-02-13', 11.81, 11.81, 11.62, 11.71]
['2017-02-14', 11.62, 11.8, 11.62, 11.79]
['2017-02-15', 11.5, 11.64, 11.35, 11.56]
['2017-02-16', 11.45, 11.5, 11.08, 11.35]
['2017-02-17', 11.38, 11.38, 11.2, 11.34]
['2017-02-21', 11.3, 11.3, 11.01, 11.13]
['2017-02-22', 11.08, 11.16, 9.55, 10.5]
['2017-02-23', 10.47, 11.24, 10.47, 11.18]
['2017-02-24', 11.18, 11.3, 11.0, 11.23]
['2017-02-27', 11.2, 11.47, 11.11, 11.46]
['2017-02-28', 11.47, 11.47, 11.14, 11.35]
['2017-03-01', 11.21, 11.38, 11.12, 11.21]
['2017-03-02', 11.14, 11.55, 10.93, 10.96]
['2017-03-03', 11.1, 11.28, 10.54, 10.76]
['2017-03-06', 10.75, 10.75, 10.41, 10.45]
['2017-03-07', 10.41, 10.63, 10.21, 10.52]
['2017-03-08', 10.54, 10.77, 10.53, 10.72]
['2017-03-09', 10.76, 11.0, 10.7, 10.91]
['2017-03-10', 10.99, 11.1, 10.8, 11.05]
['2017-03-13', 11.0, 11.5, 10.99, 11.44]
['2017-03-14', 11.55, 11.55, 10.53, 11.14]
['2017-03-15', 10.38, 11.53, 10.38, 11.37]
['2017-03-16', 11.42, 11.8, 11.36, 11.73]
['2017-03-17', 11.43, 11.56, 11.04, 11.15]
['2017-03-20', 11.15, 11.34, 11.01, 11.29]
['2017-03-21', 11.36, 11.39, 11.15, 11.29]
['2017-03-22', 11.18, 11.18, 10.61, 10.68]
['2017-03-23', 10.79, 11.1, 10.71, 10.99]
['2017-03-24', 11.08, 11.1, 10.94, 11.0]
['2017-03-27', 10.91, 11.1, 10.91, 11.04]
['2017-03-28', 11.1, 11.1, 10.99, 11.09]
['2017-03-29', 11.1, 11.1, 10.78, 10.9]
['2017-03-30', 10.77, 11.09, 10.72, 10.92]
['2017-03-31', 10.98, 11.05, 10.73, 10.92]
['2017-04-03', 11.0, 11.08, 10.82, 10.94]
['2017-04-04', 10.9, 11.06, 10.9, 11.01]
['2017-04-05', 10.87, 11.08, 10.85, 10.95]
['2017-04-06', 10.82, 11.1, 10.8, 11.07]
['2017-04-07', 11.04, 11.07, 10.97, 11.04]
['2017-04-10', 11.07, 11.1, 10.93, 11.04]
['2017-04-11', 11.0, 11.1, 10.93, 11.07]
['2017-04-12', 11.04, 11.1, 10.94, 11.02]
['2017-04-13', 11.05, 11.08, 10.85, 10.85]
['2017-04-17', 10.9, 10.9, 10.62, 10.75]
['2017-04-18', 10.72, 10.72, 10.48, 10.6]
['2017-04-19', 10.65, 10.69, 10.35, 10.45]
['2017-04-20', 10.45, 10.6, 10.45, 10.55]
['2017-04-21', 10.6, 10.6, 10.4, 10.59]
['2017-04-24', 10.6, 10.6, 10.46, 10.59]
['2017-04-25', 10.59, 10.6, 10.55, 10.59]
['2017-04-26', 10.5, 10.5, 10.17, 10.26]
['2017-04-27', 10.0, 10.26, 10.0, 10.07]
['2017-04-28', 10.0, 10.35, 10.0, 10.19]
['2017-05-01', 10.34, 10.5, 10.31, 10.49]
['2017-05-02', 10.4, 10.5, 10.36, 10.46]
['2017-05-03', 10.5, 10.83, 10.45, 10.71]
['2017-05-04', 10.64, 10.78, 10.64, 10.7]
['2017-05-05', 10.19, 10.77, 10.15, 10.62]
['2017-05-08', 10.65, 10.8, 10.52, 10.71]
['2017-05-09', 9.5, 9.63, 7.0, 7.11]
['2017-05-10', 7.2, 7.5, 6.55, 7.38]
['2017-05-11', 7.36, 7.76, 7.2, 7.48]
['2017-05-12', 7.54, 7.78, 7.31, 7.5]
['2017-05-15', 7.57, 7.62, 7.35, 7.4]
['2017-05-16', 7.53, 7.59, 7.0, 7.1]
['2017-05-17', 7.26, 7.26, 6.84, 6.91]
['2017-05-18', 6.96, 7.1, 6.74, 7.03]
['2017-05-19', 7.01, 7.07, 6.76, 6.8]
['2017-05-22', 6.83, 6.85, 6.7, 6.75]
['2017-05-23', 6.73, 6.75, 6.56, 6.6]
['2017-05-24', 6.59, 6.6, 6.41, 6.5]
['2017-05-25', 6.45, 6.49, 6.06, 6.43]
['2017-05-26', 6.35, 6.43, 6.1, 6.13]
['2017-05-30', 6.09, 6.58, 6.09, 6.15]
['2017-05-31', 6.14, 6.23, 6.12, 6.17]
['2017-06-01', 6.22, 6.4, 6.1, 6.24]
['2017-06-02', 6.2, 6.34, 6.07, 6.2]
['2017-06-05', 6.12, 6.26, 5.95, 6.11]
['2017-06-06', 6.05, 6.1, 5.57, 5.61]
['2017-06-07', 5.65, 5.65, 4.88, 4.9]
['2017-06-08', 4.99, 5.01, 4.49, 4.99]
['2017-06-09', 5.12, 5.15, 4.88, 4.94]
['2017-06-12', 4.98, 5.19, 4.81, 4.93]
['2017-06-13', 4.96, 5.11, 4.86, 5.0]
['2017-06-14', 5.04, 5.57, 5.0, 5.4]
['2017-06-15', 5.25, 5.45, 5.25, 5.35]
['2017-06-16', 5.24, 5.3, 5.2, 5.24]
['2017-06-19', 5.22, 5.4, 5.05, 5.36]
['2017-06-20', 5.4, 7.1, 5.4, 6.73]
['2017-06-21', 6.56, 7.9, 6.48, 7.34]
['2017-06-22', 7.25, 7.27, 6.3, 6.36]
['2017-06-23', 6.38, 7.03, 6.38, 6.95]
['2017-06-26', 7.0, 7.0, 6.42, 6.74]
['2017-06-27', 6.77, 7.03, 6.61, 7.0]
['2017-06-28', 6.99, 6.99, 6.61, 6.79]
['2017-06-29', 6.8, 6.8, 6.47, 6.67]
['2017-06-30', 6.72, 6.78, 6.26, 6.39]
['2017-07-03', 6.38, 6.94, 6.01, 6.76]
['2017-07-05', 6.7, 6.85, 6.46, 6.76]
['2017-07-06', 6.79, 6.8, 6.17, 6.26]
['2017-07-07', 6.31, 6.47, 6.24, 6.36]
['2017-07-10', 6.41, 6.63, 6.2, 6.6]
['2017-07-11', 6.6, 6.68, 6.02, 6.33]
['2017-07-12', 6.03, 6.6, 6.03, 6.23]
['2017-07-13', 6.27, 6.38, 6.06, 6.19]
['2017-07-14', 6.25, 6.44, 6.13, 6.17]
['2017-07-17', 6.22, 6.39, 6.07, 6.25]
['2017-07-18', 6.29, 6.42, 6.06, 6.31]
['2017-07-19', 6.27, 6.34, 6.23, 6.27]
['2017-07-20', 6.33, 6.39, 6.24, 6.36]
['2017-07-21', 6.4, 6.69, 6.4, 6.6]
['2017-07-24', 6.55, 7.04, 6.55, 6.62]
['2017-07-25', 6.6, 6.6, 6.31, 6.53]
['2017-07-26', 6.58, 6.79, 6.16, 6.5]
['2017-07-27', 6.54, 6.65, 6.23, 6.62]
['2017-07-28', 6.6, 6.99, 6.49, 6.49]
['2017-07-31', 6.52, 6.54, 6.15, 6.24]
['2017-08-01', 6.29, 6.55, 6.22, 6.22]
['2017-08-02', 6.28, 6.58, 6.15, 6.36]
['2017-08-03', 6.25, 6.46, 6.15, 6.28]
['2017-08-04', 6.49, 6.49, 6.22, 6.39]
['2017-08-07', 6.39, 6.39, 6.09, 6.14]
['2017-08-08', 5.76, 6.0, 5.0, 5.39]
['2017-08-09', 5.4, 6.36, 5.4, 5.64]
['2017-08-10', 5.58, 5.84, 5.55, 5.78]
['2017-08-11', 5.99, 5.99, 5.52, 5.76]
['2017-08-14', 5.75, 6.32, 5.63, 5.92]
['2017-08-15', 6.04, 6.09, 5.71, 5.74]
['2017-08-16', 5.74, 6.0, 5.74, 5.95]
['2017-08-17', 5.84, 6.09, 5.65, 6.04]
['2017-08-18', 5.75, 5.88, 5.66, 5.88]
['2017-08-21', 6.02, 6.03, 5.8, 5.96]
['2017-08-22', 5.93, 6.06, 5.86, 5.86]
['2017-08-23', 5.87, 5.93, 5.69, 5.69]
['2017-08-24', 5.65, 5.94, 5.43, 5.43]
['2017-08-25', 5.44, 5.58, 5.22, 5.22]
['2017-08-28', 5.3, 5.6, 5.3, 5.49]
['2017-08-29', 5.48, 5.58, 5.22, 5.46]
['2017-08-30', 5.96, 5.96, 5.4, 5.64]
['2017-08-31', 5.6, 5.71, 5.34, 5.43]
['2017-09-01', 5.48, 5.56, 5.0, 5.18]
['2017-09-05', 5.2, 5.39, 4.92, 5.07]
['2017-09-06', 5.1, 5.48, 4.85, 5.34]
['2017-09-07', 5.48, 5.48, 5.04, 5.17]
['2017-09-08', 5.3, 5.44, 5.05, 5.41]
['2017-09-11', 5.46, 5.91, 5.4, 5.91]
['2017-09-12', 5.89, 5.9, 5.35, 5.51]
['2017-09-13', 5.17, 5.31, 5.15, 5.24]
['2017-09-14', 5.45, 5.45, 5.1, 5.22]
['2017-09-15', 5.23, 5.23, 4.96, 4.97]
['2017-09-18', 4.99, 5.18, 4.86, 4.96]
['2017-09-19', 4.97, 5.05, 4.77, 4.79]
['2017-09-20', 4.85, 4.97, 4.6, 4.65]
['2017-09-21', 4.75, 4.79, 4.51, 4.64]
['2017-09-22', 4.7, 4.74, 4.37, 4.57]
['2017-09-25', 4.81, 4.97, 4.55, 4.57]
['2017-09-26', 4.74, 4.74, 4.47, 4.59]
['2017-09-27', 4.59, 4.71, 4.45, 4.71]
['2017-09-28', 4.75, 4.95, 4.54, 4.84]
['2017-09-29', 4.7, 4.8, 4.65, 4.79]
['2017-10-02', 4.71, 4.88, 4.71, 4.78]
['2017-10-03', 4.82, 4.9, 4.77, 4.78]
['2017-10-04', 4.84, 4.98, 4.73, 4.9]
['2017-10-05', 4.73, 4.95, 4.61, 4.75]
['2017-10-06', 4.79, 4.9, 4.61, 4.79]
['2017-10-09', 4.84, 4.85, 4.7, 4.71]
['2017-10-10', 4.71, 4.87, 4.5, 4.57]
['2017-10-11', 4.58, 4.59, 4.46, 4.5]
['2017-10-12', 4.5, 4.56, 4.32, 4.32]
['2017-10-13', 4.4, 4.4, 4.0, 4.03]
['2017-10-16', 4.11, 4.29, 4.06, 4.19]
['2017-10-17', 4.09, 4.14, 3.8, 3.8]
['2017-10-18', 4.0, 4.05, 3.6, 3.67]
['2017-10-19', 3.68, 3.85, 3.65, 3.84]
['2017-10-20', 3.89, 4.14, 3.83, 3.94]
['2017-10-23', 4.07, 4.07, 3.71, 3.75]
['2017-10-24', 3.93, 3.98, 3.72, 3.92]
['2017-10-25', 3.9, 3.95, 3.79, 3.9]
['2017-10-26', 3.92, 4.0, 3.76, 3.9]
['2017-10-27', 3.88, 3.88, 3.75, 3.82]
['2017-10-30', 3.85, 4.28, 3.72, 4.23]
['2017-10-31', 4.31, 4.31, 3.88, 3.94]
['2017-11-01', 3.95, 4.15, 3.81, 3.89]
['2017-11-02', 3.86, 4.11, 3.63, 3.78]
['2017-11-03', 3.97, 3.97, 3.42, 3.46]
['2017-11-06', 3.5, 4.05, 3.4, 4.05]
['2017-11-07', 3.33, 3.56, 2.72, 3.47]
['2017-11-08', 3.5, 3.5, 3.11, 3.43]
['2017-11-09', 3.45, 3.54, 3.35, 3.36]
['2017-11-10', 3.43, 3.43, 3.2, 3.32]
['2017-11-13', 3.34, 3.39, 3.16, 3.26]
['2017-11-14', 3.41, 3.45, 3.31, 3.32]
['2017-11-15', 3.3, 3.3, 3.23, 3.3]
['2017-11-16', 3.3, 3.41, 3.16, 3.19]
['2017-11-17', 3.1, 3.3, 3.07, 3.26]
['2017-11-20', 3.34, 3.34, 3.15, 3.15]
['2017-11-21', 3.22, 3.22, 3.01, 3.01]
['2017-11-22', 3.12, 3.37, 2.9, 3.16]
['2017-11-24', 3.43, 3.49, 3.27, 3.42]
['2017-11-27', 3.48, 3.6, 3.42, 3.55]
['2017-11-28', 3.56, 3.56, 3.33, 3.49]
['2017-11-29', 3.49, 3.59, 3.47, 3.55]
['2017-11-30', 3.57, 3.69, 3.57, 3.65]
['2017-12-01', 3.99, 3.99, 3.65, 3.75]
['2017-12-04', 3.79, 3.8, 3.61, 3.67]
['2017-12-05', 3.67, 3.67, 3.55, 3.6]
['2017-12-06', 3.59, 3.59, 3.43, 3.49]
['2017-12-07', 3.48, 3.48, 3.13, 3.45]
['2017-12-08', 3.52, 3.72, 3.52, 3.59]
['2017-12-11', 3.63, 3.63, 3.46, 3.5]
['2017-12-12', 3.48, 3.52, 3.48, 3.5]
['2017-12-13', 3.47, 3.47, 3.39, 3.4]
['2017-12-14', 3.33, 3.41, 3.33, 3.4]
['2017-12-15', 3.45, 3.55, 3.38, 3.47]
['2017-12-18', 3.5, 3.68, 3.5, 3.58]
['2017-12-19', 3.59, 4.08, 3.59, 4.02]
['2017-12-20', 4.07, 4.47, 3.98, 4.41]
['2017-12-21', 4.46, 4.5, 4.3, 4.32]
['2017-12-22', 4.21, 4.35, 3.98, 4.12]
['2017-12-26', 4.17, 4.29, 3.91, 4.02]
['2017-12-27', 3.98, 4.25, 3.98, 4.22]
['2017-12-28', 4.25, 4.32, 4.11, 4.26]
['2017-12-29', 4.28, 4.51, 4.18, 4.38]
['2018-01-02', 4.38, 4.38, 4.2, 4.23]
['2018-01-03', 4.22, 4.25, 4.2, 4.22]
['2018-01-04', 4.3, 4.47, 4.28, 4.46]
['2018-01-05', 4.44, 4.46, 4.32, 4.45]
['2018-01-08', 4.48, 4.59, 4.4, 4.52]
['2018-01-09', 4.41, 4.66, 4.41, 4.59]
['2018-01-10', 4.6, 4.64, 4.5, 4.64]
['2018-01-11', 4.64, 5.23, 4.64, 4.99]
['2018-01-12', 4.88, 4.9, 4.85, 4.86]
['2018-01-16', 4.9, 4.91, 4.8, 4.91]
['2018-01-17', 4.98, 5.17, 4.94, 5.01]
['2018-01-18', 5.14, 5.14, 4.84, 4.89]
['2018-01-19', 4.94, 5.08, 4.89, 5.02]
['2018-01-22', 5.1, 5.21, 5.1, 5.18]
['2018-01-23', 5.22, 5.3, 5.14, 5.19]
['2018-01-24', 5.19, 5.28, 5.05, 5.05]
['2018-01-25', 4.95, 5.3, 4.94, 5.11]
['2018-01-26', 5.16, 5.24, 5.05, 5.18]
['2018-01-29', 5.23, 5.27, 4.99, 5.07]
['2018-01-30', 5.1, 5.1, 4.77, 4.8]
['2018-01-31', 4.61, 4.73, 4.29, 4.47]
['2018-02-01', 4.4, 4.6, 4.4, 4.6]
['2018-02-02', 4.56, 4.61, 4.49, 4.49]
['2018-02-05', 4.54, 4.62, 4.39, 4.46]
['2018-02-06', 4.39, 4.55, 4.33, 4.39]
['2018-02-07', 4.44, 4.63, 4.3, 4.46]
['2018-02-08', 4.6, 4.6, 4.46, 4.5]
['2018-02-09', 4.48, 4.66, 4.34, 4.41]
['2018-02-12', 4.44, 4.52, 4.3, 4.3]
['2018-02-13', 4.3, 4.69, 4.3, 4.61]
['2018-02-14', 4.51, 4.79, 4.51, 4.71]
['2018-02-15', 4.77, 4.79, 4.68, 4.7]
['2018-02-16', 4.7, 4.7, 4.7, 4.7]
['2018-02-20', 4.64, 4.74, 4.47, 4.47]
['2018-02-21', 4.53, 4.64, 4.43, 4.64]
['2018-02-22', 4.7, 4.7, 4.46, 4.49]
['2018-02-23', 4.6, 4.65, 4.57, 4.65]
['2018-02-26', 4.7, 4.79, 4.7, 4.7]
['2018-02-27', 4.66, 4.79, 4.6, 4.74]
['2018-02-28', 4.79, 4.79, 4.66, 4.79]
['2018-03-01', 4.58, 4.58, 4.09, 4.31]
['2018-03-02', 4.3, 4.3, 3.8, 3.82]
['2018-03-05', 3.84, 3.9, 3.75, 3.75]
['2018-03-06', 3.77, 3.9, 3.77, 3.8]
['2018-03-07', 3.8, 3.88, 3.68, 3.81]
['2018-03-08', 3.81, 3.81, 3.75, 3.8]
['2018-03-09', 3.84, 3.88, 3.82, 3.85]
['2018-03-12', 3.88, 3.89, 3.67, 3.88]
['2018-03-13', 3.89, 3.89, 3.81, 3.81]
['2018-03-14', 3.83, 3.88, 3.82, 3.82]
['2018-03-15', 3.84, 3.85, 3.84, 3.85]
['2018-03-16', 3.68, 3.99, 3.68, 3.99]
['2018-03-19', 4.19, 4.19, 3.81, 3.87]
['2018-03-20', 4.22, 4.39, 4.03, 4.03]
['2018-03-21', 4.03, 4.03, 3.8, 3.85]
['2018-03-22', 3.83, 3.83, 3.73, 3.83]
['2018-03-23', 3.87, 4.02, 3.76, 3.85]
['2018-03-26', 3.95, 4.3, 3.8, 3.81]
['2018-03-27', 3.84, 3.86, 3.84, 3.85]
['2018-03-28', 3.9, 4.43, 3.67, 3.67]
['2018-03-29', 3.81, 4.13, 3.75, 4.0]
['2018-04-02', 3.97, 4.17, 3.78, 3.78]
['2018-04-03', 3.76, 3.76, 3.57, 3.57]
['2018-04-04', 3.7, 3.91, 3.7, 3.82]
['2018-04-05', 3.71, 3.75, 3.7, 3.75]
['2018-04-06', 4.0, 4.03, 3.77, 4.0]
['2018-04-09', 3.98, 4.0, 3.98, 4.0]
['2018-04-10', 3.97, 3.98, 3.95, 3.95]
['2018-04-11', 3.9, 3.9, 3.85, 3.86]
['2018-04-12', 3.86, 3.86, 3.86, 3.86]
['2018-04-13', 3.88, 4.05, 3.88, 4.03]
['2018-04-16', 3.93, 4.01, 3.88, 4.01]
['2018-04-17', 4.01, 4.04, 3.98, 3.98]
['2018-04-18', 3.97, 4.04, 3.89, 3.97]
['2018-04-19', 3.97, 3.99, 3.93, 3.99]
['2018-04-20', 3.95, 4.0, 3.91, 4.0]
['2018-04-23', 3.96, 3.98, 3.92, 3.98]
['2018-04-24', 4.0, 4.0, 3.99, 4.0]
['2018-04-25', 4.0, 4.0, 3.98, 4.0]
['2018-04-26', 3.99, 4.0, 3.99, 3.99]
['2018-04-27', 3.89, 3.99, 3.86, 3.99]
['2018-04-30', 3.97, 3.97, 3.86, 3.86]
['2018-05-01', 3.85, 3.85, 3.66, 3.66]
['2018-05-02', 3.84, 3.84, 3.77, 3.79]
['2018-05-03', 3.82, 4.01, 3.79, 3.98]
['2018-05-04', 3.9, 3.9, 3.89, 3.89]
['2018-05-07', 3.76, 4.09, 3.76, 4.09]
['2018-05-08', 3.77, 3.89, 3.7, 3.88]
['2018-05-09', 3.8, 3.8, 3.79, 3.79]
['2018-05-10', 3.6, 3.81, 3.6, 3.7]
['2018-05-11', 3.79, 3.8, 3.76, 3.8]
['2018-05-14', 3.72, 3.78, 3.71, 3.71]
['2018-05-15', 3.71, 3.71, 3.71, 3.71]
['2018-05-16', 3.75, 3.99, 3.71, 3.79]
['2018-05-17', 3.85, 3.95, 3.71, 3.95]
['2018-05-18', 3.97, 3.98, 3.89, 3.92]
['2018-05-21', 3.87, 3.94, 3.77, 3.77]
['2018-05-22', 3.72, 3.85, 3.71, 3.81]
['2018-05-23', 3.88, 3.9, 3.68, 3.7]
['2018-05-24', 3.74, 3.86, 3.7, 3.86]
['2018-05-25', 3.72, 3.82, 3.6, 3.82]
['2018-05-29', 3.82, 3.88, 3.82, 3.85]
['2018-05-30', 3.82, 3.88, 3.75, 3.78]
['2018-05-31', 3.75, 3.84, 3.72, 3.72]
['2018-06-01', 3.71, 3.88, 3.71, 3.88]
['2018-06-04', 3.9, 3.9, 3.78, 3.89]
['2018-06-05', 3.81, 3.88, 3.71, 3.77]
['2018-06-06', 3.75, 3.75, 3.67, 3.7]
['2018-06-07', 3.7, 3.9, 3.7, 3.81]
['2018-06-08', 3.8, 4.0, 3.8, 3.93]
['2018-06-11', 3.94, 3.94, 3.76, 3.86]
['2018-06-12', 3.84, 4.0, 3.76, 3.76]
['2018-06-13', 3.88, 3.88, 3.71, 3.72]
['2018-06-14', 3.75, 4.89, 3.75, 4.85]
['2018-06-15', 4.75, 5.44, 4.45, 4.45]
['2018-06-18', 4.39, 4.74, 4.39, 4.56]
['2018-06-19', 4.4, 4.75, 4.38, 4.4]
['2018-06-20', 4.39, 4.49, 4.39, 4.39]
['2018-06-21', 4.45, 4.56, 4.38, 4.46]
['2018-06-22', 4.58, 4.58, 4.19, 4.19]
['2018-06-25', 4.41, 4.41, 4.13, 4.17]
['2018-06-26', 4.27, 4.63, 4.21, 4.21]
['2018-06-27', 4.21, 4.51, 4.19, 4.28]
['2018-06-28', 4.24, 4.39, 4.24, 4.39]
['2018-06-29', 4.26, 4.48, 4.14, 4.14]
['2018-07-02', 4.11, 4.48, 4.11, 4.15]
['2018-07-03', 4.07, 4.27, 4.02, 4.02]
['2018-07-05', 4.25, 4.25, 4.03, 4.25]
['2018-07-06', 4.13, 4.23, 4.05, 4.23]
['2018-07-09', 4.22, 4.22, 4.05, 4.05]
['2018-07-10', 4.15, 4.15, 4.1, 4.1]
['2018-07-11', 4.14, 4.3, 4.06, 4.3]
['2018-07-12', 4.25, 4.89, 4.25, 4.86]
['2018-07-13', 4.86, 4.98, 4.43, 4.52]
['2018-07-16', 4.42, 4.99, 4.32, 4.92]
['2018-07-17', 4.88, 4.9, 4.63, 4.63]
['2018-07-18', 4.63, 5.0, 4.63, 4.9]
['2018-07-19', 5.0, 5.5, 4.73, 4.87]
['2018-07-20', 4.88, 5.26, 4.8, 5.0]
['2018-07-23', 5.22, 5.25, 4.91, 4.95]
['2018-07-24', 4.9, 5.07, 4.85, 4.86]
['2018-07-25', 5.05, 5.05, 4.86, 5.05]
['2018-07-26', 5.02, 5.24, 4.9, 5.12]
['2018-07-27', 4.9, 5.2, 4.8, 4.8]
['2018-07-30', 4.8, 4.99, 4.79, 4.99]
['2018-07-31', 4.9, 4.9, 4.77, 4.8]
['2018-08-01', 4.78, 4.97, 4.78, 4.97]
['2018-08-02', 4.85, 4.99, 4.75, 4.85]
['2018-08-03', 4.85, 5.0, 4.75, 4.89]
['2018-08-06', 4.92, 4.99, 4.85, 4.86]
['2018-08-07', 5.19, 5.56, 4.75, 4.85]
['2018-08-08', 4.76, 4.81, 4.75, 4.75]
['2018-08-09', 4.8, 4.8, 4.56, 4.66]
['2018-08-10', 4.7, 4.7, 4.59, 4.65]
['2018-08-13', 4.6, 4.6, 4.32, 4.36]
['2018-08-14', 4.4, 4.4, 4.35, 4.36]
['2018-08-15', 4.36, 4.4, 4.32, 4.38]
['2018-08-16', 4.4, 4.4, 4.31, 4.35]
['2018-08-17', 4.31, 4.31, 4.31, 4.31]
['2018-08-20', 4.3, 4.38, 4.3, 4.38]
['2018-08-21', 4.26, 4.37, 4.25, 4.25]
['2018-08-22', 4.35, 4.35, 4.35, 4.35]
['2018-08-23', 4.36, 4.36, 4.36, 4.36]
['2018-08-24', 4.33, 4.35, 4.33, 4.35]
['2018-08-27', 4.25, 4.33, 4.17, 4.17]
['2018-08-28', 4.22, 4.24, 4.07, 4.07]
['2018-08-29', 4.1, 4.18, 3.81, 4.18]
['2018-08-30', 4.16, 4.18, 4.13, 4.18]
['2018-08-31', 4.18, 4.18, 4.14, 4.15]
['2018-09-04', 4.18, 4.2, 3.86, 4.13]
['2018-09-05', 4.01, 4.01, 4.01, 4.01]
['2018-09-06', 4.0, 4.09, 3.88, 3.9]
['2018-09-07', 3.9, 3.9, 3.9, 3.9]
['2018-09-10', 3.98, 3.98, 3.67, 3.7]
['2018-09-11', 3.83, 4.0, 3.55, 3.55]
['2018-09-12', 3.55, 3.68, 3.48, 3.51]
['2018-09-13', 3.68, 3.69, 3.5, 3.5]
['2018-09-14', 3.73, 3.73, 3.51, 3.51]
['2018-09-17', 3.5, 3.51, 3.48, 3.48]
['2018-09-18', 3.49, 3.49, 3.37, 3.37]
['2018-09-19', 3.4, 3.47, 3.3, 3.32]
['2018-09-20', 3.35, 3.35, 3.33, 3.34]
['2018-09-21', 3.28, 3.3, 3.28, 3.29]
['2018-09-24', 3.42, 3.44, 3.41, 3.44]
['2018-09-25', 3.44, 3.79, 3.44, 3.66]
['2018-09-26', 3.73, 3.73, 3.51, 3.71]
['2018-09-27', 3.7, 3.99, 3.7, 3.9]
['2018-09-28', 3.93, 3.98, 3.75, 3.93]
['2018-10-01', 3.93, 4.06, 3.6, 3.61]
['2018-10-02', 3.81, 3.81, 3.47, 3.47]
['2018-10-03', 3.63, 3.74, 3.6, 3.71]
['2018-10-04', 3.71, 3.71, 3.71, 3.71]
['2018-10-05', 3.75, 4.09, 3.66, 4.09]
['2018-10-08', 4.07, 4.07, 3.97, 3.97]
['2018-10-09', 3.77, 4.07, 3.77, 3.77]
['2018-10-10', 3.79, 4.09, 3.79, 3.9]
['2018-10-11', 4.19, 4.19, 3.94, 4.09]
['2018-10-12', 3.97, 4.15, 3.93, 4.09]
['2018-10-15', 3.91, 4.09, 3.91, 4.0]
['2018-10-16', 3.9, 4.09, 3.9, 4.09]
['2018-10-17', 3.93, 4.09, 3.89, 3.9]
['2018-10-18', 3.97, 3.99, 3.6, 3.7]
['2018-10-19', 3.85, 4.09, 3.6, 3.61]
['2018-10-22', 3.65, 4.07, 3.58, 3.66]
['2018-10-23', 3.53, 3.96, 3.53, 3.76]
['2018-10-24', 3.93, 3.93, 3.66, 3.67]
['2018-10-25', 3.78, 3.78, 3.54, 3.54]
['2018-10-26', 3.61, 3.97, 3.41, 3.44]
['2018-10-29', 3.6, 3.89, 3.53, 3.6]
['2018-10-30', 3.53, 3.88, 3.53, 3.7]
['2018-10-31', 3.63, 3.63, 3.5, 3.56]
['2018-11-01', 3.6, 3.8, 3.45, 3.8]
['2018-11-02', 3.77, 3.8, 3.64, 3.8]
['2018-11-05', 3.66, 3.67, 3.02, 3.2]
['2018-11-06', 3.24, 3.57, 3.12, 3.28]
['2018-11-07', 3.5, 3.5, 3.3, 3.42]
['2018-11-08', 3.3, 3.57, 3.3, 3.5]
['2018-11-09', 3.53, 3.62, 3.28, 3.6]
['2018-11-12', 3.62, 3.69, 3.4, 3.4]
['2018-11-13', 3.51, 3.68, 3.5, 3.52]
['2018-11-14', 3.64, 3.67, 3.54, 3.54]
['2018-11-15', 3.51, 3.6, 3.07, 3.38]
['2018-11-16', 3.44, 3.51, 3.33, 3.33]
['2018-11-19', 3.27, 3.4, 3.12, 3.12]
['2018-11-20', 3.13, 3.35, 3.05, 3.12]
['2018-11-21', 3.23, 3.3, 3.15, 3.3]
['2018-11-23', 3.15, 3.2, 3.15, 3.16]
['2018-11-26', 3.15, 3.34, 3.15, 3.15]
['2018-11-27', 3.15, 3.3, 3.15, 3.24]
['2018-11-28', 3.2, 3.56, 3.2, 3.56]
['2018-11-29', 3.37, 3.8, 3.37, 3.79]
['2018-11-30', 3.76, 3.79, 3.4, 3.55]
['2018-12-03', 3.5, 3.63, 3.41, 3.41]
['2018-12-04', 3.3, 3.39, 3.26, 3.28]
['2018-12-06', 3.26, 3.48, 3.26, 3.29]
['2018-12-07', 3.31, 3.62, 3.27, 3.52]
['2018-12-10', 3.42, 3.55, 3.26, 3.31]
['2018-12-11', 3.37, 3.37, 3.33, 3.37]
['2018-12-12', 3.32, 3.42, 3.31, 3.38]
['2018-12-13', 3.32, 3.39, 3.28, 3.36]
['2018-12-14', 3.33, 3.4, 3.33, 3.38]
['2018-12-17', 3.32, 3.32, 3.1, 3.28]
['2018-12-18', 3.24, 3.24, 3.09, 3.14]
['2018-12-19', 3.1, 3.33, 3.1, 3.27]
['2018-12-20', 3.23, 3.5, 3.2, 3.35]
['2018-12-21', 3.49, 3.65, 3.2, 3.2]
['2018-12-24', 3.21, 3.3, 3.21, 3.22]
['2018-12-26', 3.36, 3.45, 3.25, 3.26]
['2018-12-27', 3.2, 3.62, 3.16, 3.26]
['2018-12-28', 3.26, 3.54, 3.26, 3.47]
['2018-12-31', 3.3, 3.47, 3.17, 3.17]
['2019-01-02', 3.17, 3.51, 3.17, 3.48]
['2019-01-03', 3.42, 3.97, 3.36, 3.53]
['2019-01-04', 3.69, 4.23, 3.69, 4.01]
['2019-01-07', 4.19, 4.83, 4.11, 4.44]
['2019-01-08', 4.53, 4.81, 4.21, 4.81]
['2019-01-09', 4.79, 5.23, 4.19, 4.51]
['2019-01-10', 4.56, 5.14, 3.9, 4.23]
['2019-01-11', 4.07, 4.11, 3.29, 3.75]
['2019-01-14', 3.67, 4.03, 3.32, 3.47]
['2019-01-15', 3.46, 3.84, 3.46, 3.74]
['2019-01-16', 3.74, 4.13, 3.7, 3.76]
['2019-01-17', 3.72, 4.0, 3.72, 3.85]
['2019-01-18', 3.81, 3.99, 3.8, 3.9]
['2019-01-22', 3.57, 3.93, 3.57, 3.85]
['2019-01-23', 3.94, 4.04, 3.94, 4.04]
['2019-01-24', 4.11, 4.13, 4.11, 4.12]
['2019-01-25', 4.27, 4.27, 4.27, 4.27]
['2019-01-28', 4.13, 4.27, 3.82, 3.82]
['2019-01-29', 3.77, 3.9, 3.61, 3.85]
['2019-01-30', 3.85, 3.93, 3.8, 3.85]
['2019-01-31', 3.98, 3.98, 3.98, 3.98]
['2019-02-01', 3.95, 4.1, 3.95, 4.1]
['2019-02-04', 4.01, 4.14, 3.96, 4.07]
['2019-02-05', 4.17, 4.25, 4.1, 4.1]
['2019-02-06', 4.23, 4.23, 4.1, 4.21]
['2019-02-07', 4.22, 4.22, 4.01, 4.01]
['2019-02-08', 3.98, 3.98, 3.98, 3.98]
['2019-02-11', 4.12, 4.14, 4.0, 4.04]
['2019-02-12', 4.04, 4.04, 4.04, 4.04]
['2019-02-13', 4.18, 4.18, 4.15, 4.17]
['2019-02-14', 4.49, 4.49, 4.4, 4.4]
['2019-02-15', 4.49, 4.49, 4.36, 4.4]
['2019-02-19', 4.32, 4.35, 4.3, 4.33]
['2019-02-20', 4.34, 4.35, 4.25, 4.3]
['2019-02-21', 4.35, 4.53, 4.35, 4.52]
['2019-02-22', 4.57, 4.82, 4.33, 4.45]
['2019-02-25', 4.58, 4.67, 4.35, 4.57]
['2019-02-26', 4.63, 4.96, 4.63, 4.79]
['2019-02-27', 4.7, 4.75, 4.38, 4.6]
['2019-02-28', 4.58, 4.85, 4.5, 4.5]
['2019-03-01', 4.48, 5.2, 4.45, 5.04]
['2019-03-04', 5.05, 5.15, 4.54, 4.8]
['2019-03-05', 4.67, 4.99, 4.51, 4.95]
['2019-03-06', 4.96, 4.99, 4.7, 4.7]
['2019-03-07', 4.87, 4.95, 4.6, 4.92]
['2019-03-08', 4.77, 5.18, 4.77, 5.18]
['2019-03-11', 5.25, 5.8, 5.25, 5.74]
['2019-03-12', 5.89, 6.12, 5.8, 6.05]
['2019-03-13', 5.91, 6.05, 5.5, 5.75]
['2019-03-14', 5.69, 6.0, 5.69, 5.88]
['2019-03-15', 5.85, 5.85, 5.51, 5.83]
['2019-03-18', 5.72, 5.85, 5.55, 5.55]
['2019-03-19', 5.65, 5.65, 5.3, 5.62]
['2019-03-20', 5.62, 5.79, 5.37, 5.43]
['2019-03-21', 5.35, 5.57, 5.34, 5.47]
['2019-03-22', 5.32, 5.69, 5.32, 5.5]
['2019-03-25', 5.6, 5.69, 5.36, 5.36]
['2019-03-26', 5.61, 5.68, 5.6, 5.6]
['2019-03-27', 5.64, 5.67, 5.48, 5.48]
['2019-03-28', 5.58, 5.65, 5.45, 5.45]
['2019-03-29', 5.48, 6.08, 5.45, 5.95]
['2019-04-01', 6.06, 6.22, 5.75, 5.94]
['2019-04-02', 5.99, 5.99, 5.73, 5.84]
['2019-04-03', 5.86, 6.01, 5.84, 5.85]
['2019-04-04', 5.79, 6.01, 5.79, 5.9]
['2019-04-05', 5.91, 5.98, 5.91, 5.98]
['2019-04-08', 6.0, 6.0, 5.61, 5.77]
['2019-04-09', 5.66, 5.96, 5.61, 5.66]
['2019-04-10', 5.8, 6.8, 5.73, 6.8]
['2019-04-11', 6.94, 6.94, 6.41, 6.67]
['2019-04-12', 6.75, 6.75, 6.32, 6.55]
['2019-04-15', 6.58, 6.74, 6.36, 6.74]
['2019-04-16', 6.75, 7.5, 6.41, 7.19]
['2019-04-17', 7.24, 7.24, 6.7, 6.73]
['2019-04-18', 6.62, 6.73, 6.5, 6.67]
['2019-04-22', 6.75, 6.75, 6.63, 6.73]
['2019-04-23', 6.75, 7.5, 6.63, 7.5]
['2019-04-24', 7.49, 7.85, 7.2, 7.2]
['2019-04-25', 7.25, 7.5, 7.22, 7.35]
['2019-04-26', 7.25, 7.25, 6.5, 6.85]
['2019-04-29', 6.85, 7.07, 6.51, 6.59]
['2019-04-30', 6.78, 7.06, 6.65, 6.65]
['2019-05-01', 7.0, 7.03, 6.68, 6.85]
['2019-05-02', 6.9, 6.9, 6.65, 6.9]
['2019-05-03', 6.77, 6.88, 6.65, 6.75]
['2019-05-06', 6.66, 6.86, 6.65, 6.65]
['2019-05-07', 6.55, 6.56, 6.15, 6.23]
['2019-05-08', 6.07, 6.08, 5.32, 5.6]
['2019-05-09', 5.53, 5.7, 5.53, 5.68]
['2019-05-10', 5.53, 5.74, 5.53, 5.55]
['2019-05-13', 5.5, 5.66, 5.5, 5.62]
['2019-05-14', 5.61, 5.63, 5.52, 5.6]
['2019-05-15', 5.55, 5.67, 5.3, 5.57]
['2019-05-16', 5.3, 5.65, 4.94, 5.61]
['2019-05-17', 5.33, 5.49, 5.07, 5.33]
['2019-05-20', 5.31, 5.31, 4.94, 5.08]
['2019-05-21', 5.03, 5.03, 4.71, 4.93]
['2019-05-22', 4.78, 5.42, 4.76, 5.42]
['2019-05-23', 5.09, 5.98, 5.09, 5.71]
['2019-05-24', 5.73, 5.89, 5.5, 5.82]
['2019-05-28', 5.58, 5.6, 5.3, 5.58]
['2019-05-29', 5.81, 5.98, 5.81, 5.98]
['2019-05-30', 6.04, 6.3, 5.58, 5.81]
['2019-05-31', 5.74, 5.95, 5.74, 5.94]
['2019-06-03', 5.7, 5.89, 5.68, 5.82]
['2019-06-04', 5.72, 6.25, 5.61, 6.24]
['2019-06-05', 6.35, 6.35, 5.68, 6.1]
['2019-06-06', 5.97, 5.97, 5.88, 5.9]
['2019-06-07', 5.72, 6.1, 5.57, 6.1]
['2019-06-10', 5.85, 6.04, 5.83, 6.04]
['2019-06-11', 5.96, 6.14, 5.78, 6.14]
['2019-06-12', 5.96, 6.0, 5.94, 5.99]
['2019-06-13', 6.33, 6.33, 5.82, 5.9]
['2019-06-14', 5.62, 6.14, 5.52, 6.07]
['2019-06-17', 6.09, 6.09, 5.72, 5.79]
['2019-06-18', 5.77, 5.99, 5.77, 5.84]
['2019-06-19', 5.93, 5.94, 5.25, 5.25]
['2019-06-20', 5.45, 5.77, 5.28, 5.48]
['2019-06-21', 5.32, 5.83, 5.32, 5.6]
['2019-06-24', 5.65, 5.65, 5.33, 5.44]
['2019-06-25', 5.57, 6.04, 5.42, 6.0]
['2019-06-26', 5.91, 5.95, 5.64, 5.81]
['2019-06-27', 5.92, 6.22, 5.92, 6.0]
['2019-06-28', 6.14, 6.77, 5.99, 6.68]
['2019-07-01', 6.66, 6.66, 6.2, 6.2]
['2019-07-02', 5.98, 6.5, 5.77, 6.38]
['2019-07-03', 5.94, 6.44, 5.3, 6.35]
['2019-07-05', 6.13, 6.35, 6.13, 6.27]
['2019-07-08', 6.1, 6.4, 6.1, 6.4]
['2019-07-09', 6.26, 6.26, 5.62, 5.96]
['2019-07-10', 6.23, 6.35, 6.17, 6.25]
['2019-07-11', 6.35, 6.35, 6.19, 6.34]
['2019-07-12', 6.34, 6.5, 6.3, 6.3]
['2019-07-15', 6.3, 6.3, 6.3, 6.3]
['2019-07-16', 6.49, 6.49, 6.05, 6.47]
['2019-07-17', 6.36, 6.48, 6.36, 6.46]
['2019-07-18', 6.37, 6.4, 6.37, 6.4]
['2019-07-19', 6.17, 6.19, 6.17, 6.19]
['2019-07-22', 6.22, 6.49, 5.95, 6.04]
['2019-07-23', 6.47, 6.5, 6.3, 6.43]
['2019-07-24', 6.36, 6.36, 6.16, 6.18]
['2019-07-25', 6.44, 6.73, 6.24, 6.25]
['2019-07-26', 6.39, 6.7, 6.25, 6.25]
['2019-07-29', 6.35, 6.95, 6.35, 6.71]
['2019-07-30', 6.54, 6.9, 6.35, 6.87]
['2019-07-31', 6.88, 6.9, 6.66, 6.66]
['2019-08-01', 7.46, 8.46, 7.4, 7.56]
['2019-08-02', 7.85, 8.14, 7.77, 7.78]
['2019-08-05', 7.77, 8.49, 7.75, 8.05]
['2019-08-06', 8.06, 10.75, 8.06, 10.26]
['2019-08-07', 10.26, 10.3, 9.5, 10.0]
['2019-08-08', 10.25, 10.27, 8.73, 9.27]
['2019-08-09', 9.27, 12.2, 9.27, 11.31]
['2019-08-12', 11.7, 12.44, 11.09, 11.74]
['2019-08-13', 11.5, 11.75, 10.65, 10.99]
['2019-08-14', 10.8, 10.85, 10.21, 10.35]
['2019-08-15', 10.31, 10.93, 9.81, 10.2]
['2019-08-16', 10.16, 10.98, 9.92, 10.63]
['2019-08-19', 10.69, 11.9, 10.69, 11.9]
['2019-08-20', 11.89, 11.91, 11.32, 11.9]
['2019-08-21', 12.0, 12.28, 11.46, 11.98]
['2019-08-22', 12.0, 12.81, 11.9, 12.81]
['2019-08-23', 12.81, 12.88, 12.16, 12.67]
['2019-08-26', 12.85, 12.85, 11.72, 11.94]
['2019-08-27', 11.67, 12.4, 11.53, 12.38]
['2019-08-28', 12.26, 12.63, 11.93, 12.19]
['2019-08-29', 12.41, 12.41, 11.8, 12.12]
['2019-08-30', 11.84, 11.93, 10.86, 11.41]
['2019-09-03', 11.25, 11.35, 10.61, 11.24]
['2019-09-04', 11.18, 11.74, 10.66, 11.41]
['2019-09-05', 11.34, 12.18, 11.34, 11.98]
['2019-09-06', 11.99, 12.47, 11.9, 12.05]
['2019-09-09', 12.0, 12.48, 11.54, 11.69]
['2019-09-10', 11.67, 12.01, 11.5, 11.7]
['2019-09-11', 11.82, 12.39, 11.42, 11.6]
['2019-09-12', 11.62, 11.79, 11.0, 11.43]
['2019-09-13', 11.34, 11.42, 10.94, 11.23]
['2019-09-16', 10.97, 11.45, 10.97, 11.33]
['2019-09-17', 11.24, 11.38, 10.84, 11.12]
['2019-09-18', 11.26, 11.26, 10.84, 11.05]
['2019-09-19', 11.2, 11.2, 10.82, 11.05]
['2019-09-20', 11.05, 11.65, 10.93, 11.16]
['2019-09-23', 11.16, 11.59, 10.8, 11.0]
['2019-09-24', 11.01, 11.17, 10.75, 11.01]
['2019-09-25', 10.95, 11.13, 10.95, 10.99]
['2019-09-26', 10.98, 11.3, 10.9, 11.05]
['2019-09-27', 11.0, 11.0, 10.02, 10.23]
['2019-09-30', 10.15, 10.89, 9.8, 10.39]
['2019-10-01', 10.38, 10.78, 10.1, 10.43]
['2019-10-02', 10.43, 10.43, 9.77, 10.17]
['2019-10-03', 10.0, 10.68, 10.0, 10.61]
['2019-10-04', 10.59, 11.98, 10.59, 11.51]
['2019-10-07', 11.5, 12.37, 11.3, 12.28]
['2019-10-08', 12.18, 12.35, 11.27, 11.35]
['2019-10-09', 11.45, 11.9, 11.41, 11.71]
['2019-10-10', 11.72, 11.88, 11.15, 11.32]
['2019-10-11', 11.41, 11.5, 11.0, 11.08]
['2019-10-14', 11.05, 11.35, 10.98, 11.03]
['2019-10-15', 11.08, 11.31, 10.98, 11.27]
['2019-10-16', 11.25, 11.33, 11.08, 11.2]
['2019-10-17', 11.26, 11.95, 11.13, 11.37]
['2019-10-18', 11.38, 11.62, 11.17, 11.51]
['2019-10-21', 11.5, 11.66, 11.4, 11.47]
['2019-10-22', 11.42, 11.62, 11.14, 11.15]
['2019-10-23', 11.15, 11.15, 10.01, 10.28]
['2019-10-24', 10.15, 10.41, 10.0, 10.28]
['2019-10-25', 10.26, 10.7, 9.89, 9.9]
['2019-10-28', 9.89, 10.18, 9.35, 9.46]
['2019-10-29', 9.41, 9.75, 9.07, 9.29]
['2019-10-30', 9.28, 9.49, 9.07, 9.49]
['2019-10-31', 9.57, 9.77, 9.39, 9.58]
['2019-11-01', 9.5, 9.78, 9.3, 9.41]
['2019-11-04', 9.43, 9.57, 8.96, 9.4]
['2019-11-05', 11.5, 13.59, 10.9, 13.01]
['2019-11-06', 12.98, 13.09, 11.82, 11.93]
['2019-11-07', 11.58, 12.98, 11.33, 12.32]
['2019-11-08', 12.59, 16.28, 12.52, 15.82]
['2019-11-11', 16.0, 16.5, 14.54, 14.85]
['2019-11-12', 14.85, 15.68, 13.07, 13.66]
['2019-11-13', 13.65, 14.49, 13.13, 13.64]
['2019-11-14', 11.2, 12.15, 10.55, 11.11]
['2019-11-15', 11.12, 11.49, 10.53, 10.68]
['2019-11-18', 10.71, 10.94, 9.82, 10.81]
['2019-11-19', 10.85, 11.85, 10.65, 11.51]
['2019-11-20', 11.66, 12.48, 11.64, 12.41]
['2019-11-21', 12.54, 13.1, 12.11, 12.16]
['2019-11-22', 12.32, 12.49, 11.8, 12.13]
['2019-11-25', 12.17, 12.45, 11.51, 11.88]
['2019-11-26', 11.91, 12.4, 11.77, 11.77]
['2019-11-27', 11.75, 11.91, 11.28, 11.34]
['2019-11-29', 11.35, 11.43, 11.11, 11.4]
['2019-12-02', 11.48, 11.94, 10.97, 11.55]
['2019-12-03', 11.47, 11.64, 11.01, 11.19]
['2019-12-04', 11.24, 12.2, 11.24, 11.86]
['2019-12-05', 11.91, 12.35, 11.4, 11.6]
['2019-12-06', 11.62, 12.2, 11.61, 11.83]
['2019-12-09', 11.69, 11.78, 11.11, 11.42]
['2019-12-10', 11.33, 12.02, 11.33, 11.76]
['2019-12-11', 11.77, 12.34, 11.7, 12.27]
['2019-12-12', 12.27, 13.93, 12.27, 13.64]
['2019-12-13', 13.59, 14.28, 13.1, 13.57]
['2019-12-16', 13.67, 13.75, 13.17, 13.46]
['2019-12-17', 13.35, 13.53, 12.71, 13.08]
['2019-12-18', 13.07, 13.62, 12.88, 13.25]
['2019-12-19', 13.24, 13.86, 12.97, 13.62]
['2019-12-20', 13.68, 14.13, 13.28, 13.94]
['2019-12-23', 14.07, 14.94, 14.07, 14.89]
['2019-12-24', 14.91, 15.5, 14.65, 15.06]
['2019-12-26', 15.06, 15.11, 14.16, 14.49]
['2019-12-27', 14.61, 14.67, 12.78, 13.24]
['2019-12-30', 13.24, 13.29, 12.39, 13.05]
['2019-12-31', 13.07, 13.15, 12.63, 12.9]
['2020-01-02', 12.98, 13.0, 12.01, 12.5]
['2020-01-03', 12.38, 12.57, 12.11, 12.37]
['2020-01-06', 12.33, 12.57, 11.86, 12.55]
['2020-01-07', 12.51, 12.86, 12.46, 12.8]
['2020-01-08', 12.8, 13.04, 12.7, 12.9]
['2020-01-09', 12.96, 13.89, 12.88, 13.55]
['2020-01-10', 13.82, 14.0, 13.56, 13.87]
['2020-01-13', 13.95, 14.2, 13.73, 13.88]
['2020-01-14', 13.9, 13.9, 13.14, 13.38]
['2020-01-15', 13.44, 14.2, 13.44, 14.05]
['2020-01-16', 14.15, 14.52, 13.75, 14.31]
['2020-01-17', 14.37, 14.37, 13.5, 13.7]
['2020-01-21', 13.7, 13.96, 13.65, 13.85]
['2020-01-22', 13.9, 14.2, 13.85, 13.97]
['2020-01-23', 13.91, 13.96, 13.71, 13.79]
['2020-01-24', 13.84, 13.84, 12.41, 12.96]
['2020-01-27', 12.56, 12.94, 12.0, 12.57]
['2020-01-28', 12.57, 13.02, 12.22, 12.98]
['2020-01-29', 13.0, 13.5, 12.83, 13.31]
['2020-01-30', 13.18, 13.59, 12.85, 13.51]
['2020-01-31', 13.57, 13.76, 13.08, 13.38]
['2020-02-03', 13.32, 13.47, 13.01, 13.23]
['2020-02-04', 13.26, 14.2, 13.26, 13.9]
['2020-02-05', 14.12, 15.5, 13.97, 15.42]
['2020-02-06', 15.43, 16.67, 15.04, 16.63]
['2020-02-07', 16.63, 16.88, 16.17, 16.4]
['2020-02-10', 16.51, 16.96, 16.27, 16.84]
['2020-02-11', 16.96, 17.64, 16.85, 17.23]
['2020-02-12', 17.37, 17.42, 16.21, 16.75]
['2020-02-13', 16.75, 17.0, 16.56, 16.77]
['2020-02-14', 16.83, 18.25, 16.51, 18.17]
['2020-02-18', 18.38, 19.9, 18.28, 19.75]
['2020-02-19', 20.0, 20.6, 19.02, 19.67]
['2020-02-20', 19.33, 20.02, 18.26, 18.28]
['2020-02-21', 18.41, 19.33, 18.1, 19.0]
['2020-02-24', 17.99, 18.72, 16.84, 16.86]
['2020-02-25', 17.08, 18.2, 16.95, 17.45]
['2020-02-26', 17.55, 17.96, 17.01, 17.12]
['2020-02-27', 17.0, 17.0, 15.7, 15.92]
['2020-02-28', 15.2, 15.9, 14.2, 14.84]
['2020-03-02', 16.23, 17.76, 15.37, 17.19]
['2020-03-03', 18.19, 18.9, 16.3, 16.87]
['2020-03-04', 17.33, 17.67, 16.71, 17.48]
['2020-03-05', 17.18, 18.38, 17.12, 18.0]
['2020-03-06', 17.47, 17.95, 16.17, 16.7]
['2020-03-09', 15.06, 15.56, 14.6, 14.87]
['2020-03-10', 15.92, 15.98, 14.55, 15.25]
['2020-03-11', 14.5, 14.5, 9.89, 10.06]
['2020-03-12', 8.94, 9.0, 7.78, 8.44]
['2020-03-13', 9.56, 9.63, 7.62, 8.54]
['2020-03-16', 7.5, 7.52, 6.7, 6.75]
['2020-03-17', 9.06, 10.9, 7.55, 8.57]
['2020-03-18', 8.06, 8.99, 7.71, 8.15]
['2020-03-19', 8.13, 9.55, 7.7, 9.54]
['2020-03-20', 9.67, 9.99, 8.64, 8.88]
['2020-03-23', 9.03, 9.03, 8.05, 8.97]
['2020-03-24', 9.5, 10.38, 8.8, 9.91]
['2020-03-25', 10.29, 12.21, 10.24, 11.44]
['2020-03-26', 11.59, 13.83, 11.59, 13.23]
['2020-03-27', 12.57, 12.8, 11.5, 11.94]
['2020-03-30', 11.9, 11.98, 10.91, 11.7]
['2020-03-31', 11.7, 11.98, 10.73, 10.76]
['2020-04-01', 10.46, 10.69, 9.55, 9.74]
['2020-04-02', 9.75, 10.61, 9.75, 10.03]
['2020-04-03', 9.93, 10.04, 9.0, 9.54]
['2020-04-06', 10.1, 10.22, 8.36, 8.89]
['2020-04-07', 9.0, 9.49, 8.9, 9.44]
['2020-04-08', 9.62, 10.55, 9.22, 10.31]
['2020-04-09', 10.53, 10.89, 10.15, 10.55]
['2020-04-13', 10.55, 12.42, 10.27, 12.23]
['2020-04-14', 12.7, 12.94, 12.46, 12.67]
['2020-04-15', 12.3, 12.65, 11.52, 12.55]
['2020-04-16', 12.85, 15.22, 12.66, 15.08]
['2020-04-17', 16.44, 16.49, 14.87, 15.96]
['2020-04-20', 15.9, 15.9, 15.0, 15.24]
['2020-04-21', 15.0, 15.53, 13.97, 14.72]
['2020-04-22', 15.19, 16.0, 14.55, 15.89]
['2020-04-23', 16.19, 17.22, 15.31, 15.56]
['2020-04-24', 15.84, 16.3, 15.38, 16.19]
['2020-04-27', 16.82, 16.98, 16.42, 16.55]
['2020-04-28', 16.79, 16.98, 15.06, 16.15]
['2020-04-29', 16.65, 18.18, 16.15, 17.29]
['2020-04-30', 17.35, 17.45, 16.8, 16.97]
['2020-05-01', 16.68, 16.8, 15.62, 15.96]
['2020-05-04', 16.05, 16.83, 15.85, 16.48]
['2020-05-05', 16.91, 17.0, 12.36, 12.61]
['2020-05-06', 13.23, 15.4, 12.75, 14.57]
['2020-05-07', 14.98, 16.13, 14.65, 15.68]
['2020-05-08', 16.21, 16.63, 16.2, 16.58]
['2020-05-11', 16.64, 16.98, 16.47, 16.76]
['2020-05-12', 16.88, 17.25, 15.4, 15.53]
['2020-05-13', 15.4, 16.03, 14.4, 15.3]
['2020-05-14', 15.15, 15.15, 13.4, 14.98]
['2020-05-15', 14.9, 16.41, 14.81, 16.39]
['2020-05-18', 19.52, 20.3, 16.9, 17.17]
['2020-05-19', 17.17, 17.52, 16.61, 17.06]
['2020-05-20', 17.5, 17.87, 15.62, 15.69]
['2020-05-21', 15.75, 15.95, 14.95, 15.55]
['2020-05-22', 15.53, 15.66, 15.14, 15.16]
['2020-05-26', 15.58, 15.71, 15.0, 15.48]
['2020-05-27', 15.38, 16.12, 14.26, 15.82]
['2020-05-28', 16.24, 17.24, 15.98, 16.06]
['2020-05-29', 16.7, 18.0, 16.25, 17.42]
