['2014-02-12', 16.0, 16.12, 14.56, 14.71]
['2014-02-13', 15.15, 15.47, 14.05, 14.65]
['2014-02-14', 14.79, 15.49, 14.51, 15.06]
['2014-02-18', 15.15, 15.46, 15.01, 15.06]
['2014-02-19', 15.05, 15.09, 14.62, 14.88]
['2014-02-20', 14.63, 14.99, 14.55, 14.9]
['2014-02-21', 15.0, 15.48, 14.7, 15.43]
['2014-02-24', 15.66, 15.66, 14.79, 15.2]
['2014-02-25', 15.26, 16.0, 15.03, 16.0]
['2014-02-26', 16.0, 16.77, 15.99, 16.01]
['2014-02-27', 16.05, 16.45, 16.05, 16.45]
['2014-02-28', 16.01, 19.75, 16.01, 18.4]
['2014-03-03', 18.4, 19.24, 16.36, 17.61]
['2014-03-04', 17.7, 18.8, 17.7, 18.04]
['2014-03-05', 18.36, 19.85, 18.26, 19.21]
['2014-03-06', 19.49, 20.85, 19.0, 19.34]
['2014-03-07', 20.72, 20.72, 18.31, 19.26]
['2014-03-10', 19.27, 19.99, 18.57, 19.22]
['2014-03-11', 19.4, 19.56, 18.76, 19.29]
['2014-03-12', 19.25, 20.5, 19.12, 19.7]
['2014-03-13', 19.9, 20.18, 19.3, 19.75]
['2014-03-14', 20.0, 20.0, 17.51, 18.51]
['2014-03-17', 18.65, 18.74, 17.7, 18.16]
['2014-03-18', 18.2, 19.04, 17.96, 18.98]
['2014-03-19', 19.11, 20.04, 19.11, 19.42]
['2014-03-20', 19.6, 19.99, 19.29, 19.5]
['2014-03-21', 19.66, 19.66, 18.21, 18.59]
['2014-03-24', 18.89, 19.5, 16.41, 17.96]
['2014-03-25', 18.0, 18.57, 16.46, 16.73]
['2014-03-26', 16.8, 16.8, 15.7, 16.43]
['2014-03-27', 17.49, 17.49, 14.55, 15.76]
['2014-03-28', 15.86, 17.31, 15.54, 15.81]
['2014-03-31', 15.91, 16.99, 15.01, 16.45]
['2014-04-01', 16.5, 17.09, 16.0, 16.93]
['2014-04-02', 16.95, 17.71, 16.83, 17.4]
['2014-04-03', 17.41, 18.0, 16.76, 17.63]
['2014-04-04', 17.74, 18.19, 16.8, 17.94]
['2014-04-07', 17.82, 18.23, 15.45, 17.25]
['2014-04-08', 17.11, 17.42, 16.87, 17.12]
['2014-04-09', 17.12, 17.66, 16.82, 16.98]
['2014-04-10', 16.98, 17.78, 16.07, 16.65]
['2014-04-11', 16.6, 16.64, 14.89, 15.15]
['2014-04-14', 15.25, 16.56, 15.25, 16.15]
['2014-04-15', 16.24, 16.3, 14.67, 15.08]
['2014-04-16', 15.1, 15.1, 14.14, 14.66]
['2014-04-17', 14.67, 15.04, 14.2, 14.53]
['2014-04-21', 14.7, 14.7, 14.36, 14.49]
['2014-04-22', 14.46, 15.14, 14.4, 14.75]
['2014-04-23', 14.68, 15.01, 13.37, 13.57]
['2014-04-24', 13.69, 13.69, 13.0, 13.38]
['2014-04-25', 13.28, 13.4, 12.9, 13.1]
['2014-04-28', 13.09, 15.0, 12.51, 12.72]
['2014-04-29', 12.81, 13.81, 12.51, 12.6]
['2014-04-30', 12.5, 12.5, 11.45, 11.85]
['2014-05-01', 11.79, 11.87, 11.06, 11.86]
['2014-05-02', 11.84, 12.12, 11.66, 11.88]
['2014-05-05', 11.77, 12.87, 11.6, 12.43]
['2014-05-06', 12.35, 12.55, 11.96, 12.14]
['2014-05-07', 12.12, 13.43, 12.0, 12.81]
['2014-05-08', 12.9, 12.9, 12.29, 12.39]
['2014-05-09', 12.27, 12.93, 11.98, 12.24]
['2014-05-12', 12.27, 13.4, 12.27, 12.41]
['2014-05-13', 12.37, 12.63, 12.3, 12.47]
['2014-05-14', 12.41, 12.75, 12.41, 12.45]
['2014-05-15', 12.41, 13.02, 12.37, 12.86]
['2014-05-16', 12.86, 12.86, 12.51, 12.6]
['2014-05-19', 13.0, 13.0, 12.5, 12.65]
['2014-05-20', 12.67, 12.78, 12.46, 12.64]
['2014-05-21', 12.66, 12.8, 12.42, 12.56]
['2014-05-22', 12.51, 12.8, 12.32, 12.53]
['2014-05-23', 12.49, 12.85, 12.49, 12.66]
['2014-05-27', 12.75, 13.06, 12.66, 12.99]
['2014-05-28', 12.86, 12.88, 12.53, 12.6]
['2014-05-29', 12.64, 12.64, 12.42, 12.54]
['2014-05-30', 12.72, 12.85, 12.56, 12.74]
['2014-06-02', 12.83, 12.83, 12.52, 12.63]
['2014-06-03', 12.65, 12.67, 12.46, 12.54]
['2014-06-04', 12.55, 12.61, 12.31, 12.58]
['2014-06-05', 12.58, 12.65, 12.45, 12.48]
['2014-06-06', 12.48, 12.55, 12.36, 12.45]
['2014-06-09', 12.45, 12.7, 12.34, 12.55]
['2014-06-10', 12.52, 12.65, 12.52, 12.59]
['2014-06-11', 12.55, 12.78, 12.52, 12.72]
['2014-06-12', 12.9, 12.9, 12.61, 12.81]
['2014-06-13', 12.84, 12.99, 12.7, 12.95]
['2014-06-16', 13.1, 13.23, 12.95, 13.03]
['2014-06-17', 13.03, 13.07, 12.81, 12.88]
['2014-06-18', 13.03, 15.14, 12.76, 14.91]
['2014-06-19', 14.9, 16.55, 13.81, 14.06]
['2014-06-20', 14.02, 15.99, 13.88, 13.88]
['2014-06-23', 13.97, 14.5, 13.28, 14.04]
['2014-06-24', 12.79, 13.77, 12.79, 13.55]
['2014-06-25', 13.57, 13.57, 12.86, 13.33]
['2014-06-26', 13.2, 13.54, 13.09, 13.2]
['2014-06-27', 13.09, 13.9, 12.98, 13.76]
['2014-06-30', 13.78, 14.19, 13.43, 13.48]
['2014-07-01', 13.25, 14.29, 13.25, 14.01]
['2014-07-02', 14.01, 14.39, 14.0, 14.02]
['2014-07-03', 14.04, 14.58, 14.04, 14.37]
['2014-07-07', 14.38, 14.38, 13.66, 13.66]
['2014-07-08', 13.72, 13.83, 13.2, 13.35]
['2014-07-09', 13.35, 13.35, 13.09, 13.32]
['2014-07-10', 13.25, 13.53, 13.0, 13.27]
['2014-07-11', 13.2, 13.63, 13.2, 13.62]
['2014-07-14', 13.59, 13.95, 13.57, 13.74]
['2014-07-15', 13.78, 13.91, 13.47, 13.53]
['2014-07-16', 13.64, 13.96, 13.06, 13.22]
['2014-07-17', 13.21, 13.46, 12.08, 12.22]
['2014-07-18', 12.16, 12.62, 11.92, 12.3]
['2014-07-21', 12.18, 12.5, 12.07, 12.18]
['2014-07-22', 12.45, 12.59, 12.2, 12.44]
['2014-07-23', 12.41, 12.69, 12.3, 12.47]
['2014-07-24', 13.29, 13.29, 12.33, 12.69]
['2014-07-25', 12.86, 12.9, 12.09, 12.39]
['2014-07-28', 12.5, 12.75, 12.1, 12.22]
['2014-07-29', 12.12, 12.9, 12.1, 12.18]
['2014-07-30', 12.22, 12.41, 12.1, 12.26]
['2014-07-31', 12.1, 12.43, 12.1, 12.28]
['2014-08-01', 12.34, 13.23, 11.93, 12.1]
['2014-08-04', 12.02, 12.1, 11.71, 12.0]
['2014-08-05', 11.95, 12.81, 11.93, 12.55]
['2014-08-06', 12.53, 12.97, 12.53, 12.81]
['2014-08-07', 12.76, 12.77, 12.61, 12.65]
['2014-08-08', 12.84, 12.98, 12.54, 12.95]
['2014-08-11', 13.0, 13.18, 12.76, 12.96]
['2014-08-12', 13.06, 13.06, 12.63, 12.96]
['2014-08-13', 13.01, 13.43, 12.95, 13.37]
['2014-08-14', 13.37, 14.54, 13.34, 13.94]
['2014-08-15', 14.09, 15.48, 13.35, 13.54]
['2014-08-18', 13.75, 14.83, 13.75, 14.27]
['2014-08-19', 14.35, 14.43, 13.77, 13.89]
['2014-08-20', 14.33, 14.33, 13.55, 13.86]
['2014-08-21', 13.94, 14.2, 13.25, 13.4]
['2014-08-22', 13.39, 13.62, 12.71, 12.89]
['2014-08-25', 12.95, 13.19, 12.52, 12.61]
['2014-08-26', 13.29, 13.29, 12.73, 13.12]
['2014-08-27', 13.03, 13.97, 12.85, 13.84]
['2014-08-28', 13.72, 13.88, 13.51, 13.8]
['2014-08-29', 13.78, 13.88, 13.33, 13.72]
['2014-09-02', 13.76, 13.76, 13.1, 13.15]
['2014-09-03', 13.25, 13.35, 12.41, 12.82]
['2014-09-04', 13.9, 15.09, 13.84, 14.02]
['2014-09-05', 14.07, 14.94, 14.03, 14.06]
['2014-09-08', 14.09, 17.0, 14.09, 16.79]
['2014-09-09', 16.81, 17.63, 14.99, 17.27]
['2014-09-10', 17.38, 20.92, 17.1, 20.35]
['2014-09-11', 20.02, 20.34, 19.09, 19.24]
['2014-09-12', 19.26, 21.23, 19.26, 19.99]
['2014-09-15', 20.13, 20.65, 18.56, 18.75]
['2014-09-16', 18.77, 19.78, 18.61, 19.61]
['2014-09-17', 19.5, 20.11, 19.23, 19.38]
['2014-09-18', 15.93, 18.59, 15.4, 18.48]
['2014-09-19', 18.5, 18.58, 17.37, 17.89]
['2014-09-22', 17.68, 17.68, 17.01, 17.36]
['2014-09-23', 17.19, 17.4, 16.5, 16.61]
['2014-09-24', 16.72, 17.01, 16.37, 16.68]
['2014-09-25', 16.81, 17.79, 16.57, 17.61]
['2014-09-26', 17.85, 17.85, 17.23, 17.34]
['2014-09-29', 17.21, 18.0, 17.05, 17.94]
['2014-09-30', 17.98, 19.15, 17.8, 18.26]
['2014-10-01', 17.85, 18.2, 17.07, 17.52]
['2014-10-02', 17.37, 17.48, 16.7, 17.12]
['2014-10-03', 17.33, 17.91, 17.2, 17.26]
['2014-10-06', 17.45, 17.45, 16.53, 17.13]
['2014-10-07', 16.96, 16.96, 16.11, 16.65]
['2014-10-08', 16.73, 16.73, 15.85, 16.63]
['2014-10-09', 16.16, 16.19, 15.01, 15.1]
['2014-10-10', 15.05, 15.2, 14.64, 14.93]
['2014-10-13', 15.05, 15.9, 14.93, 15.41]
['2014-10-14', 15.44, 15.8, 15.04, 15.29]
['2014-10-15', 15.11, 15.81, 14.5, 15.66]
['2014-10-16', 15.3, 16.23, 14.99, 16.17]
['2014-10-17', 16.58, 17.14, 15.98, 16.3]
['2014-10-20', 16.26, 16.95, 16.26, 16.52]
['2014-10-21', 17.58, 17.58, 15.92, 16.29]
['2014-10-22', 15.68, 17.09, 15.58, 16.94]
['2014-10-23', 16.99, 18.89, 15.68, 18.71]
['2014-10-24', 18.82, 18.9, 18.31, 18.61]
['2014-10-27', 18.14, 18.82, 18.06, 18.72]
['2014-10-28', 18.64, 20.5, 18.64, 19.9]
['2014-10-29', 19.8, 20.0, 19.61, 19.62]
['2014-10-30', 19.55, 20.14, 19.2, 19.9]
['2014-10-31', 20.18, 20.18, 19.12, 19.59]
['2014-11-03', 19.4, 20.25, 19.34, 19.61]
['2014-11-04', 20.19, 20.19, 19.12, 19.27]
['2014-11-05', 19.8, 20.06, 19.19, 19.4]
['2014-11-06', 19.08, 19.78, 18.72, 19.03]
['2014-11-07', 19.53, 19.53, 18.77, 18.94]
['2014-11-10', 19.41, 19.41, 18.46, 18.87]
['2014-11-11', 17.99, 19.11, 17.99, 19.11]
['2014-11-12', 19.02, 19.28, 18.85, 19.12]
['2014-11-13', 19.0, 19.18, 18.65, 19.0]
['2014-11-14', 19.25, 20.0, 18.75, 18.78]
['2014-11-17', 18.75, 18.88, 17.81, 17.99]
['2014-11-18', 19.11, 19.11, 16.62, 17.26]
['2014-11-19', 17.28, 18.02, 17.1, 17.14]
['2014-11-20', 17.08, 17.71, 16.73, 17.18]
['2014-11-21', 17.48, 19.0, 16.58, 16.68]
['2014-11-24', 17.7, 17.7, 16.76, 17.28]
['2014-11-25', 17.13, 18.15, 16.84, 17.15]
['2014-11-26', 17.35, 17.79, 17.07, 17.66]
['2014-11-28', 17.56, 17.86, 17.15, 17.15]
['2014-12-01', 17.22, 17.65, 15.44, 16.25]
['2014-12-02', 16.93, 17.72, 16.45, 16.85]
['2014-12-03', 17.0, 17.54, 16.24, 16.89]
['2014-12-04', 16.65, 17.34, 16.65, 17.18]
['2014-12-05', 17.19, 17.54, 17.19, 17.28]
['2014-12-08', 17.12, 17.17, 16.56, 16.9]
['2014-12-09', 16.19, 18.34, 14.95, 17.83]
['2014-12-10', 17.86, 19.34, 17.5, 18.06]
['2014-12-11', 17.65, 17.9, 16.99, 17.31]
['2014-12-12', 17.84, 19.1, 17.8, 18.91]
['2014-12-15', 18.9, 19.74, 18.45, 18.85]
['2014-12-16', 18.73, 19.06, 18.42, 18.99]
['2014-12-17', 18.91, 21.4, 18.91, 20.94]
['2014-12-18', 21.0, 21.43, 19.78, 21.02]
['2014-12-19', 21.14, 23.64, 19.74, 21.26]
['2014-12-22', 21.39, 21.39, 20.31, 20.68]
['2014-12-23', 20.83, 21.45, 19.02, 20.54]
['2014-12-24', 20.66, 21.77, 20.27, 20.56]
['2014-12-26', 20.68, 21.07, 20.14, 20.62]
['2014-12-29', 20.5, 20.63, 19.26, 19.99]
['2014-12-30', 19.95, 20.48, 19.6, 20.16]
['2014-12-31', 19.76, 21.63, 18.87, 20.19]
['2015-01-02', 20.2, 20.47, 19.76, 20.22]
['2015-01-05', 20.04, 21.37, 20.04, 20.48]
['2015-01-06', 20.6, 22.07, 20.5, 21.93]
['2015-01-07', 22.03, 22.76, 21.75, 22.54]
['2015-01-08', 22.78, 23.99, 22.53, 23.29]
['2015-01-09', 23.39, 24.03, 22.66, 23.0]
['2015-01-12', 23.23, 23.99, 21.71, 23.19]
['2015-01-13', 23.4, 24.48, 23.11, 23.99]
['2015-01-14', 23.74, 24.3, 23.34, 24.12]
['2015-01-15', 24.2, 24.2, 22.28, 22.84]
['2015-01-16', 22.75, 23.37, 22.19, 22.52]
['2015-01-20', 22.46, 23.44, 21.23, 23.05]
['2015-01-21', 22.93, 23.79, 22.76, 22.91]
['2015-01-22', 22.46, 23.47, 22.46, 23.02]
['2015-01-23', 22.93, 23.0, 21.45, 21.78]
['2015-01-26', 22.22, 22.64, 21.4, 22.53]
['2015-01-27', 22.3, 23.61, 22.2, 23.06]
['2015-01-28', 23.15, 23.15, 21.01, 21.74]
['2015-01-29', 21.83, 22.16, 21.1, 21.66]
['2015-01-30', 21.91, 22.21, 20.51, 20.59]
['2015-02-02', 20.56, 21.32, 20.35, 21.22]
['2015-02-03', 21.35, 22.18, 20.59, 21.41]
['2015-02-04', 21.39, 21.39, 20.46, 20.89]
['2015-02-05', 19.08, 21.63, 19.08, 21.51]
['2015-02-06', 21.55, 21.55, 20.0, 21.15]
['2015-02-09', 20.69, 21.37, 20.67, 20.73]
['2015-02-10', 20.79, 20.91, 20.24, 20.59]
['2015-02-11', 21.05, 21.08, 20.2, 20.45]
['2015-02-12', 20.99, 21.01, 20.18, 21.01]
['2015-02-13', 21.2, 21.99, 21.2, 21.29]
['2015-02-17', 21.58, 22.84, 21.58, 22.53]
['2015-02-18', 22.56, 23.3, 21.94, 22.92]
['2015-02-19', 22.95, 23.04, 22.03, 22.85]
['2015-02-20', 22.92, 22.93, 22.28, 22.5]
['2015-02-23', 22.39, 23.47, 22.29, 23.3]
['2015-02-24', 23.49, 23.49, 22.03, 22.82]
['2015-02-25', 22.71, 23.72, 22.66, 22.95]
['2015-02-26', 23.01, 23.27, 22.04, 22.89]
['2015-02-27', 22.5, 22.95, 22.5, 22.81]
['2015-03-02', 22.59, 23.16, 22.3, 22.72]
['2015-03-03', 22.68, 23.17, 22.39, 23.15]
['2015-03-04', 23.15, 25.5, 23.15, 25.38]
['2015-03-05', 25.28, 26.43, 24.51, 25.27]
['2015-03-06', 25.18, 25.18, 24.03, 24.11]
['2015-03-09', 24.07, 24.85, 23.84, 24.7]
['2015-03-10', 24.29, 25.97, 24.02, 25.19]
['2015-03-11', 25.4, 25.93, 24.5, 25.21]
['2015-03-12', 25.42, 25.42, 23.98, 24.54]
['2015-03-13', 24.73, 26.4, 24.5, 25.86]
['2015-03-16', 25.86, 26.39, 24.63, 26.14]
['2015-03-17', 26.11, 26.97, 25.3, 26.81]
['2015-03-18', 26.82, 26.89, 25.8, 26.7]
['2015-03-19', 27.0, 29.27, 27.0, 29.06]
['2015-03-20', 30.37, 30.37, 27.65, 28.32]
['2015-03-23', 28.0, 29.0, 25.3, 26.51]
['2015-03-24', 26.53, 26.72, 24.55, 24.75]
['2015-03-25', 24.8, 24.86, 22.57, 22.84]
['2015-03-26', 22.7, 23.5, 21.89, 22.79]
['2015-03-27', 23.01, 23.76, 22.17, 22.38]
['2015-03-30', 22.57, 23.63, 22.11, 23.27]
['2015-03-31', 23.61, 23.86, 22.22, 22.52]
['2015-04-01', 22.54, 23.09, 21.9, 22.64]
['2015-04-02', 22.8, 23.2, 22.31, 23.06]
['2015-04-06', 22.86, 23.7, 22.51, 22.92]
['2015-04-07', 22.79, 23.1, 22.7, 22.99]
['2015-04-08', 23.08, 23.18, 22.78, 22.97]
['2015-04-09', 22.97, 23.1, 22.11, 23.07]
['2015-04-10', 23.12, 23.2, 22.92, 23.03]
['2015-04-13', 23.0, 23.0, 22.14, 22.2]
['2015-04-14', 22.3, 22.3, 21.25, 21.4]
['2015-04-15', 21.95, 21.99, 20.42, 20.42]
['2015-04-16', 20.34, 21.15, 20.34, 20.94]
['2015-04-17', 20.73, 20.94, 19.02, 19.23]
['2015-04-20', 19.3, 19.85, 18.76, 19.01]
['2015-04-21', 19.22, 19.79, 18.85, 19.55]
['2015-04-22', 19.87, 19.96, 18.66, 18.77]
['2015-04-23', 18.81, 18.81, 17.81, 18.55]
['2015-04-24', 18.63, 18.91, 18.51, 18.52]
['2015-04-27', 18.91, 18.91, 16.54, 16.8]
['2015-04-28', 17.2, 17.2, 15.5, 16.87]
['2015-04-29', 16.63, 17.63, 16.58, 16.82]
['2015-04-30', 16.66, 16.66, 15.75, 16.02]
['2015-05-01', 16.11, 16.66, 15.89, 16.61]
['2015-05-04', 16.72, 18.2, 16.71, 18.0]
['2015-05-05', 18.1, 18.62, 17.81, 18.52]
['2015-05-06', 18.7, 20.28, 18.16, 19.99]
['2015-05-07', 19.93, 20.16, 19.05, 20.09]
['2015-05-08', 20.26, 20.26, 18.66, 18.9]
['2015-05-11', 18.86, 19.01, 18.22, 18.59]
['2015-05-12', 18.43, 18.81, 18.06, 18.55]
['2015-05-13', 18.58, 19.14, 17.57, 17.81]
['2015-05-14', 17.85, 19.28, 17.8, 18.65]
['2015-05-15', 18.65, 18.65, 17.9, 18.45]
['2015-05-18', 18.43, 19.24, 18.0, 19.18]
['2015-05-19', 19.11, 19.43, 18.85, 18.95]
['2015-05-20', 19.13, 19.91, 18.71, 19.67]
['2015-05-21', 19.57, 19.75, 18.78, 19.24]
['2015-05-22', 19.4, 19.57, 19.0, 19.18]
['2015-05-26', 19.15, 20.03, 18.91, 20.0]
['2015-05-27', 19.99, 19.99, 19.16, 19.87]
['2015-05-28', 19.88, 20.0, 19.35, 19.5]
['2015-05-29', 19.55, 19.99, 17.97, 19.91]
['2015-06-01', 20.03, 20.42, 18.81, 19.16]
['2015-06-02', 19.03, 19.35, 18.55, 19.05]
['2015-06-03', 19.21, 19.48, 18.82, 19.27]
['2015-06-04', 19.43, 19.72, 17.78, 18.71]
['2015-06-05', 18.68, 19.36, 17.95, 19.0]
['2015-06-08', 18.86, 22.34, 18.86, 22.01]
['2015-06-09', 21.88, 22.44, 20.52, 22.32]
['2015-06-10', 22.44, 23.63, 21.9, 23.01]
['2015-06-11', 22.99, 23.48, 20.71, 21.79]
['2015-06-12', 21.62, 22.12, 20.9, 22.06]
['2015-06-15', 22.55, 22.87, 21.14, 22.48]
['2015-06-16', 22.35, 23.31, 21.9, 21.99]
['2015-06-17', 21.96, 22.54, 21.39, 21.85]
['2015-06-18', 22.3, 22.36, 20.82, 20.91]
['2015-06-19', 20.87, 21.36, 19.7, 20.21]
['2015-06-22', 20.44, 21.9, 19.74, 21.6]
['2015-06-23', 21.7, 22.4, 21.53, 22.04]
['2015-06-24', 21.86, 22.42, 20.7, 21.03]
['2015-06-25', 21.06, 22.4, 21.01, 22.31]
['2015-06-26', 22.24, 22.48, 20.97, 21.6]
['2015-06-29', 21.61, 21.88, 20.71, 20.8]
['2015-06-30', 20.92, 22.03, 20.79, 21.89]
['2015-07-01', 22.22, 22.9, 20.84, 21.58]
['2015-07-02', 21.65, 21.65, 21.03, 21.19]
['2015-07-06', 21.08, 22.55, 20.67, 22.5]
['2015-07-07', 22.6, 23.9, 21.88, 23.29]
['2015-07-08', 23.29, 24.04, 21.61, 22.1]
['2015-07-09', 22.41, 22.71, 21.88, 22.43]
['2015-07-10', 22.78, 24.47, 22.4, 23.74]
['2015-07-13', 23.96, 24.71, 23.86, 24.28]
['2015-07-14', 24.33, 25.3, 23.88, 25.05]
['2015-07-15', 25.41, 26.99, 25.41, 25.8]
['2015-07-16', 25.96, 26.68, 25.03, 25.62]
['2015-07-17', 25.77, 26.23, 25.44, 25.55]
['2015-07-20', 25.6, 25.85, 24.49, 25.09]
['2015-07-21', 25.1, 25.37, 24.49, 24.96]
['2015-07-22', 24.85, 25.79, 24.77, 25.56]
['2015-07-23', 25.76, 26.12, 25.1, 25.4]
['2015-07-24', 25.29, 25.6, 23.45, 23.5]
['2015-07-27', 23.27, 23.27, 22.21, 22.77]
['2015-07-28', 23.14, 23.28, 21.56, 22.59]
['2015-07-29', 22.65, 22.99, 20.65, 20.93]
['2015-07-30', 21.25, 23.35, 21.25, 22.62]
['2015-07-31', 22.61, 23.85, 22.22, 23.4]
['2015-08-03', 23.54, 24.34, 23.54, 24.32]
['2015-08-04', 24.24, 24.62, 23.52, 23.76]
['2015-08-05', 23.82, 24.26, 23.41, 23.93]
['2015-08-06', 24.0, 24.25, 22.0, 22.54]
['2015-08-07', 22.32, 23.34, 21.58, 23.11]
['2015-08-10', 23.53, 25.09, 23.51, 23.57]
['2015-08-11', 23.22, 23.79, 22.02, 22.45]
['2015-08-12', 22.35, 22.91, 21.45, 22.75]
['2015-08-13', 22.75, 23.88, 22.75, 22.97]
['2015-08-14', 22.83, 23.47, 22.69, 23.1]
['2015-08-17', 22.88, 24.18, 22.41, 24.17]
['2015-08-18', 23.82, 24.48, 23.74, 24.21]
['2015-08-19', 24.27, 24.68, 23.9, 24.15]
['2015-08-20', 23.93, 24.62, 23.88, 24.08]
['2015-08-21', 23.67, 25.19, 23.12, 24.39]
['2015-08-24', 23.3, 24.37, 22.5, 22.89]
['2015-08-25', 23.87, 23.89, 22.38, 22.76]
['2015-08-26', 23.11, 24.31, 22.47, 23.97]
['2015-08-27', 24.18, 25.61, 23.6, 24.71]
['2015-08-28', 24.76, 25.39, 24.39, 25.29]
['2015-08-31', 25.21, 25.63, 23.89, 24.11]
['2015-09-01', 23.67, 24.96, 23.02, 24.56]
['2015-09-02', 25.86, 26.43, 23.24, 26.32]
['2015-09-03', 26.29, 26.42, 25.57, 25.64]
['2015-09-04', 25.39, 28.16, 24.58, 27.29]
['2015-09-08', 27.64, 29.09, 27.06, 29.0]
['2015-09-09', 21.95, 22.29, 19.68, 22.02]
['2015-09-10', 22.01, 23.79, 20.89, 23.28]
['2015-09-11', 23.03, 23.48, 22.7, 23.42]
['2015-09-14', 23.29, 24.64, 22.8, 24.5]
['2015-09-15', 24.82, 25.4, 23.29, 23.51]
['2015-09-16', 23.61, 23.74, 22.19, 23.48]
['2015-09-17', 23.36, 24.1, 22.13, 22.76]
['2015-09-18', 22.32, 26.1, 22.22, 24.99]
['2015-09-21', 25.48, 25.48, 23.94, 25.12]
['2015-09-22', 24.75, 25.22, 23.6, 25.09]
['2015-09-23', 25.09, 25.88, 24.61, 25.06]
['2015-09-24', 24.84, 25.06, 22.5, 23.38]
['2015-09-25', 22.0, 23.19, 18.47, 19.01]
['2015-09-28', 18.82, 19.09, 16.29, 16.4]
['2015-09-29', 16.38, 16.38, 14.02, 14.43]
['2015-09-30', 14.67, 14.96, 13.71, 14.86]
['2015-10-01', 14.65, 14.65, 13.22, 13.64]
['2015-10-02', 13.97, 14.66, 13.08, 14.5]
['2015-10-05', 14.5, 15.38, 14.25, 15.14]
['2015-10-06', 15.05, 15.05, 13.37, 13.95]
['2015-10-07', 13.94, 14.85, 13.49, 14.8]
['2015-10-08', 14.58, 15.1, 13.96, 14.92]
['2015-10-09', 14.84, 15.49, 14.41, 15.19]
['2015-10-12', 15.33, 15.55, 14.72, 15.21]
['2015-10-13', 15.02, 15.47, 14.13, 14.38]
['2015-10-14', 14.49, 14.72, 13.43, 13.88]
['2015-10-15', 13.86, 15.53, 13.86, 15.48]
['2015-10-16', 15.52, 15.81, 14.61, 15.1]
['2015-10-19', 15.25, 16.43, 15.0, 15.5]
['2015-10-20', 15.36, 16.01, 14.44, 15.01]
['2015-10-21', 15.2, 15.2, 14.02, 14.51]
['2015-10-22', 14.62, 14.9, 13.79, 14.29]
['2015-10-23', 14.54, 15.53, 13.96, 15.51]
['2015-10-26', 15.38, 16.9, 15.2, 16.26]
['2015-10-27', 16.2, 17.23, 16.07, 17.15]
['2015-10-28', 17.14, 17.99, 16.6, 17.42]
['2015-10-29', 17.32, 18.0, 16.57, 16.79]
['2015-10-30', 16.76, 16.92, 16.17, 16.48]
['2015-11-02', 16.68, 17.65, 16.55, 17.41]
['2015-11-03', 17.43, 17.9, 16.97, 17.37]
['2015-11-04', 17.81, 18.78, 17.62, 18.16]
['2015-11-05', 18.13, 18.66, 17.53, 17.71]
['2015-11-06', 17.72, 17.72, 16.62, 17.47]
['2015-11-09', 17.66, 18.31, 16.88, 17.24]
['2015-11-10', 17.07, 17.35, 16.2, 16.99]
['2015-11-11', 17.05, 17.26, 16.77, 16.96]
['2015-11-12', 16.8, 17.62, 16.4, 16.83]
['2015-11-13', 16.75, 17.6, 16.63, 17.06]
['2015-11-16', 16.94, 17.34, 16.33, 16.54]
['2015-11-17', 16.66, 17.29, 16.38, 16.98]
['2015-11-18', 17.02, 17.9, 16.82, 17.65]
['2015-11-19', 17.55, 17.79, 16.43, 16.95]
['2015-11-20', 17.07, 17.18, 16.61, 16.97]
['2015-11-23', 16.92, 18.12, 16.49, 17.33]
['2015-11-24', 17.2, 17.89, 17.0, 17.51]
['2015-11-25', 18.51, 18.7, 17.5, 18.6]
['2015-11-27', 18.63, 19.56, 18.61, 19.45]
['2015-11-30', 19.47, 19.83, 18.84, 19.44]
['2015-12-01', 19.56, 19.56, 18.65, 19.01]
['2015-12-02', 18.95, 20.03, 18.74, 19.55]
['2015-12-03', 19.65, 19.98, 18.94, 19.06]
['2015-12-04', 18.98, 19.34, 18.58, 19.24]
['2015-12-07', 19.15, 19.15, 18.2, 18.9]
['2015-12-08', 18.63, 19.67, 18.4, 19.0]
['2015-12-09', 18.97, 19.12, 18.4, 18.42]
['2015-12-10', 18.62, 20.0, 18.42, 19.53]
['2015-12-11', 19.12, 19.99, 19.12, 19.77]
['2015-12-14', 19.71, 20.7, 19.4, 19.69]
['2015-12-15', 19.98, 20.76, 19.41, 19.86]
['2015-12-16', 20.09, 20.82, 19.62, 20.75]
['2015-12-17', 20.77, 21.71, 19.26, 19.31]
['2015-12-18', 19.21, 19.86, 18.99, 19.03]
['2015-12-21', 19.14, 20.29, 18.74, 19.62]
['2015-12-22', 19.74, 19.74, 18.71, 19.48]
['2015-12-23', 19.56, 19.96, 19.15, 19.2]
['2015-12-24', 19.2, 19.54, 19.05, 19.43]
['2015-12-28', 19.28, 20.14, 18.91, 19.04]
['2015-12-29', 19.03, 19.49, 18.73, 19.32]
['2015-12-30', 19.27, 19.75, 18.95, 19.02]
['2015-12-31', 19.0, 19.5, 18.64, 19.27]
['2016-01-04', 18.96, 19.16, 17.51, 18.2]
['2016-01-05', 18.41, 19.42, 18.18, 18.78]
['2016-01-06', 18.43, 18.5, 16.83, 16.97]
['2016-01-07', 16.52, 16.56, 15.57, 15.69]
['2016-01-08', 15.85, 16.26, 14.95, 15.41]
['2016-01-11', 15.54, 16.66, 15.03, 15.56]
['2016-01-12', 15.67, 16.36, 15.04, 15.67]
['2016-01-13', 15.92, 16.16, 15.19, 15.32]
['2016-01-14', 15.38, 16.01, 14.53, 15.81]
['2016-01-15', 15.29, 15.66, 15.0, 15.61]
['2016-01-19', 15.88, 15.88, 14.7, 14.98]
['2016-01-20', 14.67, 16.22, 14.38, 15.86]
['2016-01-21', 15.85, 16.55, 15.0, 15.76]
['2016-01-22', 16.1, 16.1, 14.82, 15.7]
['2016-01-25', 15.61, 17.44, 15.33, 15.57]
['2016-01-26', 15.61, 15.87, 14.61, 15.56]
['2016-01-27', 15.56, 15.56, 14.96, 15.11]
['2016-01-28', 15.25, 15.44, 14.4, 14.96]
['2016-01-29', 14.96, 15.58, 14.75, 15.48]
['2016-02-01', 15.36, 16.43, 15.18, 15.98]
['2016-02-02', 15.77, 15.89, 14.75, 14.87]
['2016-02-03', 15.0, 15.0, 13.99, 14.03]
['2016-02-04', 14.03, 14.88, 13.97, 14.13]
['2016-02-05', 14.08, 14.3, 13.15, 13.2]
['2016-02-08', 13.03, 13.03, 11.22, 11.31]
['2016-02-09', 11.06, 11.7, 10.87, 11.24]
['2016-02-10', 11.25, 12.24, 11.14, 11.41]
['2016-02-11', 11.13, 11.75, 11.01, 11.25]
['2016-02-12', 11.53, 11.53, 10.46, 10.6]
['2016-02-16', 10.78, 11.19, 10.54, 10.9]
['2016-02-17', 13.0, 13.48, 11.7, 13.0]
['2016-02-18', 12.77, 13.07, 11.88, 11.91]
['2016-02-19', 11.8, 11.8, 10.52, 10.91]
['2016-02-22', 10.93, 11.05, 10.65, 10.9]
['2016-02-23', 10.9, 11.24, 10.19, 10.42]
['2016-02-24', 10.15, 10.55, 9.57, 9.86]
['2016-02-25', 9.88, 10.1, 9.55, 9.81]
['2016-02-26', 9.96, 10.02, 9.54, 9.75]
['2016-02-29', 9.84, 9.94, 9.39, 9.46]
['2016-03-01', 9.49, 9.66, 9.25, 9.46]
['2016-03-02', 9.47, 10.11, 9.28, 10.02]
['2016-03-03', 10.0, 10.45, 9.97, 10.08]
['2016-03-04', 10.13, 10.2, 9.71, 9.74]
['2016-03-07', 9.72, 11.0, 9.65, 10.81]
['2016-03-08', 10.8, 11.04, 9.97, 10.04]
['2016-03-09', 10.15, 10.3, 9.66, 10.08]
['2016-03-10', 10.15, 10.35, 9.66, 9.71]
['2016-03-11', 9.67, 9.76, 8.23, 8.97]
['2016-03-14', 8.92, 9.82, 8.92, 9.72]
['2016-03-15', 9.56, 9.6, 8.4, 8.44]
['2016-03-16', 8.44, 8.49, 8.19, 8.28]
['2016-03-17', 8.3, 8.71, 7.56, 8.12]
['2016-03-18', 8.18, 8.65, 7.68, 8.47]
['2016-03-21', 8.44, 8.9, 8.28, 8.59]
['2016-03-22', 8.58, 9.39, 8.48, 9.03]
['2016-03-23', 8.96, 9.23, 8.42, 8.65]
['2016-03-24', 8.54, 9.05, 8.31, 8.81]
['2016-03-28', 8.87, 8.92, 8.17, 8.55]
['2016-03-29', 8.49, 9.1, 8.15, 9.01]
['2016-03-30', 9.09, 9.56, 8.66, 9.0]
['2016-03-31', 9.0, 9.47, 8.91, 9.2]
['2016-04-01', 9.12, 9.49, 8.93, 9.42]
['2016-04-04', 9.65, 11.21, 9.58, 10.95]
['2016-04-05', 10.98, 11.55, 10.51, 11.0]
['2016-04-06', 11.01, 12.9, 11.01, 12.3]
['2016-04-07', 12.19, 12.78, 11.73, 12.24]
['2016-04-08', 12.45, 12.45, 11.51, 11.76]
['2016-04-11', 11.87, 12.2, 11.63, 11.79]
['2016-04-12', 11.78, 12.03, 11.49, 11.86]
['2016-04-13', 11.99, 12.4, 11.87, 12.31]
['2016-04-14', 12.35, 12.75, 12.12, 12.65]
['2016-04-15', 12.56, 12.97, 12.49, 12.85]
['2016-04-18', 12.8, 13.48, 12.64, 13.39]
['2016-04-19', 13.36, 13.36, 12.5, 12.56]
['2016-04-20', 12.6, 12.86, 12.37, 12.41]
['2016-04-21', 12.4, 13.64, 12.3, 13.12]
['2016-04-22', 13.14, 13.24, 12.68, 12.76]
['2016-04-25', 12.82, 12.82, 12.48, 12.58]
['2016-04-26', 12.6, 12.67, 11.83, 12.15]
['2016-04-27', 12.11, 12.19, 10.54, 10.61]
['2016-04-28', 10.6, 11.19, 10.27, 10.76]
['2016-04-29', 10.82, 10.92, 10.18, 10.4]
['2016-05-02', 10.42, 10.76, 10.01, 10.63]
['2016-05-03', 10.83, 11.39, 10.4, 11.28]
['2016-05-04', 11.27, 11.35, 10.03, 10.19]
['2016-05-05', 10.05, 10.74, 9.73, 10.11]
['2016-05-06', 9.99, 10.3, 9.64, 9.75]
['2016-05-09', 9.82, 10.35, 9.73, 10.18]
['2016-05-10', 10.29, 10.29, 9.67, 10.04]
['2016-05-11', 10.08, 10.12, 9.38, 9.42]
['2016-05-12', 9.47, 9.66, 8.52, 8.59]
['2016-05-13', 9.27, 9.27, 8.16, 8.75]
['2016-05-16', 8.83, 9.78, 8.77, 9.67]
['2016-05-17', 9.65, 10.03, 9.47, 9.6]
['2016-05-18', 9.93, 10.91, 9.91, 10.24]
['2016-05-19', 10.23, 10.64, 9.45, 9.68]
['2016-05-20', 9.79, 10.7, 9.6, 10.49]
['2016-05-23', 10.49, 10.98, 10.24, 10.6]
['2016-05-24', 10.75, 11.68, 10.6, 11.54]
['2016-05-25', 11.61, 12.3, 11.41, 11.45]
['2016-05-26', 12.66, 17.35, 12.66, 17.23]
['2016-05-27', 16.86, 16.88, 14.67, 15.53]
['2016-05-31', 15.66, 17.87, 15.39, 17.44]
['2016-06-01', 17.01, 17.31, 16.04, 16.83]
['2016-06-02', 16.93, 17.24, 16.48, 17.05]
['2016-06-03', 16.99, 16.99, 15.8, 16.12]
['2016-06-06', 16.07, 17.15, 15.85, 16.73]
['2016-06-07', 16.61, 16.77, 16.08, 16.09]
['2016-06-08', 14.51, 14.92, 13.89, 14.1]
['2016-06-09', 14.08, 14.39, 14.02, 14.03]
['2016-06-10', 14.01, 14.2, 13.8, 13.83]
['2016-06-13', 14.1, 14.35, 13.75, 13.89]
['2016-06-14', 13.86, 14.13, 13.13, 13.75]
['2016-06-15', 13.84, 14.0, 13.64, 13.72]
['2016-06-16', 13.53, 13.99, 13.1, 13.91]
['2016-06-17', 14.0, 14.05, 13.25, 13.28]
['2016-06-20', 13.65, 14.35, 13.28, 14.02]
['2016-06-21', 14.1, 14.18, 13.4, 13.77]
['2016-06-22', 13.57, 14.35, 13.49, 13.82]
['2016-06-23', 14.08, 15.0, 13.99, 14.84]
['2016-06-24', 14.3, 14.84, 13.84, 13.93]
['2016-06-27', 13.82, 13.96, 13.2, 13.48]
['2016-06-28', 13.86, 15.57, 13.75, 15.08]
['2016-06-29', 15.53, 15.81, 14.52, 14.88]
['2016-06-30', 14.92, 15.19, 14.5, 14.97]
['2016-07-01', 14.99, 15.47, 14.78, 15.4]
['2016-07-05', 15.24, 15.75, 15.05, 15.55]
['2016-07-06', 15.55, 17.03, 15.5, 16.24]
['2016-07-07', 16.21, 16.43, 15.3, 15.79]
['2016-07-08', 15.77, 16.31, 15.47, 16.25]
['2016-07-11', 16.36, 16.6, 15.85, 15.86]
['2016-07-12', 15.91, 16.65, 15.8, 16.41]
['2016-07-13', 16.72, 16.72, 15.56, 15.63]
['2016-07-14', 15.8, 15.81, 15.0, 15.12]
['2016-07-15', 15.2, 15.75, 15.09, 15.61]
['2016-07-18', 15.59, 15.95, 15.36, 15.9]
['2016-07-19', 15.89, 16.1, 15.1, 15.34]
['2016-07-20', 15.4, 16.02, 15.22, 15.9]
['2016-07-21', 16.43, 17.24, 16.24, 16.58]
['2016-07-22', 16.58, 17.08, 16.49, 16.85]
['2016-07-25', 16.93, 17.14, 16.15, 16.61]
['2016-07-26', 16.51, 16.84, 16.25, 16.57]
['2016-07-27', 16.71, 17.09, 16.51, 17.09]
['2016-07-28', 17.06, 17.18, 15.69, 16.62]
['2016-07-29', 16.5, 16.63, 16.18, 16.56]
['2016-08-01', 16.64, 16.91, 16.08, 16.51]
['2016-08-02', 16.33, 16.67, 15.97, 16.34]
['2016-08-03', 16.19, 16.75, 16.14, 16.74]
['2016-08-04', 16.9, 19.05, 16.89, 17.25]
['2016-08-05', 17.26, 17.67, 16.97, 17.55]
['2016-08-08', 17.65, 18.14, 17.56, 17.75]
['2016-08-09', 17.83, 18.03, 17.48, 17.97]
['2016-08-10', 17.97, 18.09, 16.81, 16.87]
['2016-08-11', 16.98, 17.25, 16.87, 17.16]
['2016-08-12', 17.18, 17.54, 17.15, 17.5]
['2016-08-15', 17.56, 18.17, 17.42, 17.85]
['2016-08-16', 17.8, 18.26, 17.68, 17.73]
['2016-08-17', 17.71, 17.83, 17.2, 17.81]
['2016-08-18', 17.77, 18.17, 17.56, 17.74]
['2016-08-19', 17.69, 18.08, 17.6, 17.8]
['2016-08-22', 17.92, 18.38, 17.74, 18.0]
['2016-08-23', 18.11, 18.17, 17.52, 17.86]
['2016-08-24', 17.86, 18.21, 16.62, 16.75]
['2016-08-25', 16.83, 17.17, 16.25, 16.69]
['2016-08-26', 16.67, 17.05, 16.59, 16.97]
['2016-08-29', 17.05, 17.05, 16.6, 16.84]
['2016-08-30', 16.82, 17.02, 16.75, 16.92]
['2016-08-31', 16.93, 16.93, 16.46, 16.68]
['2016-09-01', 16.67, 16.97, 16.5, 16.91]
['2016-09-02', 16.94, 17.02, 16.65, 16.83]
['2016-09-06', 16.98, 17.33, 16.82, 17.06]
['2016-09-07', 17.02, 17.16, 16.7, 17.0]
['2016-09-08', 17.0, 17.12, 16.73, 16.95]
['2016-09-09', 16.65, 16.94, 15.78, 15.82]
['2016-09-12', 15.72, 16.46, 15.72, 16.35]
['2016-09-13', 16.19, 16.45, 15.44, 15.87]
['2016-09-14', 16.0, 16.6, 15.88, 16.07]
['2016-09-15', 16.07, 16.34, 15.75, 16.1]
['2016-09-16', 16.1, 17.45, 15.88, 17.29]
['2016-09-19', 17.31, 17.59, 16.6, 16.76]
['2016-09-20', 16.97, 17.31, 16.78, 17.03]
['2016-09-21', 17.08, 17.55, 16.61, 17.36]
['2016-09-22', 17.52, 17.81, 17.27, 17.78]
['2016-09-23', 17.76, 18.25, 17.61, 18.02]
['2016-09-26', 17.8, 18.0, 17.48, 17.49]
['2016-09-27', 17.49, 18.8, 17.31, 18.77]
['2016-09-28', 18.89, 19.53, 18.77, 19.38]
['2016-09-29', 19.37, 19.63, 18.93, 19.01]
['2016-09-30', 19.16, 19.62, 18.61, 19.54]
['2016-10-03', 19.43, 19.62, 19.07, 19.57]
['2016-10-04', 19.68, 19.99, 19.48, 19.72]
['2016-10-05', 19.72, 21.19, 19.62, 20.98]
['2016-10-06', 20.69, 20.91, 20.23, 20.43]
['2016-10-07', 20.43, 20.57, 19.55, 19.99]
['2016-10-10', 20.16, 20.6, 20.12, 20.45]
['2016-10-11', 20.11, 20.18, 18.62, 18.96]
['2016-10-12', 18.94, 19.24, 18.66, 18.88]
['2016-10-13', 18.46, 18.97, 18.46, 18.57]
['2016-10-14', 18.73, 19.06, 18.07, 18.66]
['2016-10-17', 18.62, 19.49, 18.4, 19.31]
['2016-10-18', 19.65, 20.58, 19.32, 20.5]
['2016-10-19', 20.53, 20.53, 19.7, 20.07]
['2016-10-20', 20.09, 20.56, 19.96, 20.5]
['2016-10-21', 20.4, 20.93, 19.72, 20.53]
['2016-10-24', 20.84, 20.84, 19.81, 19.84]
['2016-10-25', 19.86, 20.15, 19.74, 19.8]
['2016-10-26', 19.8, 20.06, 19.36, 19.58]
['2016-10-27', 19.75, 19.95, 19.18, 19.19]
['2016-10-28', 19.19, 19.44, 18.76, 19.04]
['2016-10-31', 19.13, 19.15, 18.56, 19.1]
['2016-11-01', 19.77, 20.65, 19.13, 19.53]
['2016-11-02', 20.5, 20.5, 18.52, 18.53]
['2016-11-03', 18.5, 18.8, 16.79, 16.93]
['2016-11-04', 16.76, 17.84, 16.75, 17.4]
['2016-11-07', 17.92, 18.48, 17.73, 18.24]
['2016-11-08', 18.0, 18.43, 15.93, 17.96]
['2016-11-09', 18.75, 20.75, 18.75, 19.92]
['2016-11-10', 20.2, 22.0, 19.88, 21.65]
['2016-11-11', 21.9, 23.57, 21.28, 21.63]
['2016-11-14', 21.83, 22.3, 20.55, 20.97]
['2016-11-15', 21.0, 21.72, 20.28, 20.29]
['2016-11-16', 18.37, 18.55, 18.0, 18.1]
['2016-11-17', 18.0, 18.37, 17.9, 18.05]
['2016-11-18', 18.14, 18.59, 18.0, 18.21]
['2016-11-21', 18.29, 18.3, 17.67, 17.92]
['2016-11-22', 17.93, 18.27, 17.61, 18.01]
['2016-11-23', 17.9, 18.89, 17.78, 18.52]
['2016-11-25', 18.56, 18.66, 18.11, 18.33]
['2016-11-28', 18.34, 18.45, 17.41, 17.63]
['2016-11-29', 17.6, 17.84, 17.3, 17.38]
['2016-11-30', 17.46, 17.59, 16.32, 16.5]
['2016-12-01', 16.56, 16.8, 15.96, 16.56]
['2016-12-02', 16.53, 17.63, 16.17, 17.52]
['2016-12-05', 17.7, 18.35, 17.47, 18.31]
['2016-12-06', 18.37, 19.04, 18.07, 18.88]
['2016-12-07', 18.58, 19.04, 17.78, 19.02]
['2016-12-08', 18.99, 19.61, 18.38, 19.49]
['2016-12-09', 19.62, 20.25, 19.02, 19.55]
['2016-12-12', 19.55, 19.93, 18.56, 18.75]
['2016-12-13', 18.97, 19.24, 18.17, 18.63]
['2016-12-14', 18.8, 19.2, 18.5, 19.05]
['2016-12-15', 19.24, 19.55, 18.46, 19.53]
['2016-12-16', 19.61, 20.24, 19.17, 19.42]
['2016-12-19', 19.32, 19.69, 19.08, 19.15]
['2016-12-20', 19.29, 19.37, 18.47, 18.56]
['2016-12-21', 18.5, 18.78, 18.15, 18.18]
['2016-12-22', 19.18, 19.66, 18.23, 18.57]
['2016-12-23', 18.65, 20.94, 18.6, 20.71]
['2016-12-27', 20.8, 21.16, 20.23, 20.73]
['2016-12-28', 20.79, 20.99, 19.87, 19.92]
['2016-12-29', 19.94, 20.33, 18.77, 19.05]
['2016-12-30', 19.19, 19.51, 18.66, 19.02]
['2017-01-03', 19.35, 19.36, 18.64, 18.92]
['2017-01-04', 19.0, 19.82, 19.0, 19.38]
['2017-01-05', 19.5, 19.89, 19.0, 19.11]
['2017-01-06', 19.4, 19.77, 19.26, 19.61]
['2017-01-09', 19.8, 20.1, 19.34, 19.77]
['2017-01-10', 19.85, 20.12, 19.29, 20.0]
['2017-01-11', 20.0, 20.0, 18.69, 19.02]
['2017-01-12', 18.84, 19.16, 18.02, 19.07]
['2017-01-13', 19.04, 19.48, 19.0, 19.19]
['2017-01-17', 19.02, 19.02, 18.35, 18.56]
['2017-01-18', 18.7, 19.11, 18.1, 18.98]
['2017-01-19', 18.97, 19.04, 18.3, 18.5]
['2017-01-20', 18.53, 18.81, 18.16, 18.44]
['2017-01-23', 18.36, 18.98, 17.91, 18.89]
['2017-01-24', 18.88, 19.02, 18.2, 18.74]
['2017-01-25', 18.95, 19.16, 18.67, 18.96]
['2017-01-26', 18.98, 19.05, 18.53, 18.71]
['2017-01-27', 18.69, 19.26, 18.5, 19.21]
['2017-01-30', 19.05, 19.1, 18.5, 18.71]
['2017-01-31', 18.55, 19.48, 18.31, 19.4]
['2017-02-01', 19.44, 19.7, 19.27, 19.44]
['2017-02-02', 19.36, 19.52, 19.0, 19.43]
['2017-02-03', 19.79, 20.05, 19.3, 20.01]
['2017-02-06', 19.95, 20.11, 19.64, 19.73]
['2017-02-07', 19.87, 20.4, 18.85, 19.04]
['2017-02-08', 19.13, 19.2, 18.18, 18.34]
['2017-02-09', 18.31, 18.78, 18.19, 18.66]
['2017-02-10', 18.74, 19.07, 18.28, 18.48]
['2017-02-13', 18.65, 18.74, 18.14, 18.38]
['2017-02-14', 18.3, 18.86, 18.1, 18.79]
['2017-02-15', 18.59, 19.46, 18.56, 19.41]
['2017-02-16', 19.46, 19.74, 18.85, 19.28]
['2017-02-17', 19.32, 19.7, 19.04, 19.23]
['2017-02-21', 19.48, 19.71, 19.2, 19.66]
['2017-02-22', 19.56, 19.81, 19.25, 19.34]
['2017-02-23', 19.32, 19.32, 18.74, 18.94]
['2017-02-24', 18.92, 19.57, 18.88, 19.27]
['2017-02-27', 19.17, 20.72, 19.15, 20.61]
['2017-02-28', 20.53, 20.53, 19.39, 20.05]
['2017-03-01', 20.29, 21.14, 20.05, 20.45]
['2017-03-02', 20.38, 21.26, 20.27, 20.88]
['2017-03-03', 20.77, 21.5, 20.77, 21.22]
['2017-03-06', 21.1, 21.17, 20.51, 20.75]
['2017-03-07', 20.75, 21.11, 20.25, 20.82]
['2017-03-08', 20.79, 21.26, 20.59, 20.7]
['2017-03-09', 20.56, 21.05, 20.4, 20.63]
['2017-03-10', 20.0, 20.82, 20.0, 20.73]
['2017-03-13', 20.84, 20.99, 20.26, 20.71]
['2017-03-14', 20.67, 20.67, 19.25, 19.84]
['2017-03-15', 19.89, 20.37, 19.61, 20.05]
['2017-03-16', 20.1, 20.32, 19.77, 20.27]
['2017-03-17', 20.21, 21.05, 19.9, 20.26]
['2017-03-20', 20.21, 20.83, 19.92, 20.8]
['2017-03-21', 20.75, 21.13, 19.5, 19.54]
['2017-03-22', 19.53, 19.73, 19.0, 19.68]
['2017-03-23', 19.69, 28.2, 19.59, 26.25]
['2017-03-24', 26.35, 27.5, 25.38, 27.27]
['2017-03-27', 25.57, 29.41, 25.57, 29.26]
['2017-03-28', 27.99, 29.25, 26.57, 27.48]
['2017-03-29', 27.57, 28.51, 26.19, 26.97]
['2017-03-30', 27.06, 27.28, 26.05, 27.08]
['2017-03-31', 27.11, 27.3, 26.42, 26.91]
['2017-04-03', 26.99, 27.64, 25.54, 27.43]
['2017-04-04', 27.54, 27.69, 26.69, 27.5]
['2017-04-05', 27.51, 27.75, 26.14, 26.23]
['2017-04-06', 26.27, 27.19, 25.75, 27.09]
['2017-04-07', 27.2, 27.25, 25.55, 26.42]
['2017-04-10', 26.56, 26.97, 26.04, 26.62]
['2017-04-11', 26.6, 26.86, 26.16, 26.59]
['2017-04-12', 26.65, 26.65, 25.94, 26.15]
['2017-04-13', 26.17, 28.03, 26.17, 27.97]
['2017-04-17', 28.23, 29.0, 27.64, 28.02]
['2017-04-18', 27.9, 28.3, 27.31, 27.6]
['2017-04-19', 27.77, 28.15, 26.86, 26.96]
['2017-04-20', 26.98, 27.22, 26.55, 26.96]
['2017-04-21', 26.96, 27.0, 26.15, 26.37]
['2017-04-24', 26.82, 26.9, 25.99, 26.21]
['2017-04-25', 26.39, 26.69, 25.93, 25.96]
['2017-04-26', 22.6, 22.68, 20.35, 20.6]
['2017-04-27', 20.43, 21.24, 20.09, 20.94]
['2017-04-28', 21.22, 21.22, 20.15, 20.41]
['2017-05-01', 20.55, 21.2, 20.28, 21.01]
['2017-05-02', 21.08, 21.18, 19.67, 19.72]
['2017-05-03', 19.51, 20.31, 19.3, 19.93]
['2017-05-04', 20.09, 20.14, 19.33, 19.43]
['2017-05-05', 19.53, 20.02, 18.2, 18.57]
['2017-05-08', 18.55, 19.09, 18.36, 18.61]
['2017-05-09', 18.77, 19.38, 18.67, 19.32]
['2017-05-10', 19.27, 19.67, 18.88, 19.45]
['2017-05-11', 19.56, 19.65, 18.95, 19.47]
['2017-05-12', 19.44, 19.5, 19.03, 19.31]
['2017-05-15', 19.41, 19.53, 18.25, 18.29]
['2017-05-16', 18.43, 18.54, 17.55, 18.07]
['2017-05-17', 17.87, 18.06, 17.4, 17.41]
['2017-05-18', 17.66, 17.7, 16.71, 17.44]
['2017-05-19', 17.47, 18.15, 17.04, 17.62]
['2017-05-22', 17.74, 19.35, 17.74, 19.19]
['2017-05-23', 19.19, 19.67, 18.54, 19.59]
['2017-05-24', 19.61, 19.99, 19.22, 19.35]
['2017-05-25', 19.47, 19.47, 18.46, 18.74]
['2017-05-26', 18.64, 18.76, 17.89, 18.28]
['2017-05-30', 18.24, 18.24, 17.28, 17.42]
['2017-05-31', 17.4, 17.58, 16.84, 17.09]
['2017-06-01', 17.13, 17.48, 16.7, 17.13]
['2017-06-02', 17.13, 17.93, 17.13, 17.48]
['2017-06-05', 17.61, 17.61, 16.9, 17.16]
['2017-06-06', 17.05, 17.46, 16.81, 17.03]
['2017-06-07', 17.45, 17.77, 16.59, 17.02]
['2017-06-08', 17.18, 17.73, 16.75, 17.41]
['2017-06-09', 17.4, 17.62, 16.8, 17.07]
['2017-06-12', 17.14, 17.64, 16.6, 17.04]
['2017-06-13', 17.14, 17.44, 16.75, 17.2]
['2017-06-14', 17.19, 17.51, 16.9, 17.11]
['2017-06-15', 16.98, 17.48, 16.51, 16.97]
['2017-06-16', 16.79, 17.35, 16.76, 17.2]
['2017-06-19', 17.21, 17.96, 17.07, 17.79]
['2017-06-20', 17.8, 18.49, 17.61, 18.08]
['2017-06-21', 18.3, 19.7, 18.22, 19.52]
['2017-06-22', 19.6, 20.85, 19.55, 20.16]
['2017-06-23', 20.05, 20.65, 19.84, 20.59]
['2017-06-26', 20.88, 21.91, 20.7, 21.74]
['2017-06-27', 21.65, 22.33, 20.66, 20.83]
['2017-06-28', 21.05, 21.88, 20.66, 21.56]
['2017-06-29', 21.52, 21.57, 20.11, 20.56]
['2017-06-30', 20.77, 20.8, 19.68, 20.22]
['2017-07-03', 20.34, 21.26, 20.15, 21.08]
['2017-07-05', 21.03, 22.75, 20.91, 22.32]
['2017-07-06', 22.2, 22.47, 21.53, 22.0]
['2017-07-07', 22.48, 22.73, 21.36, 21.8]
['2017-07-10', 21.82, 21.85, 20.9, 21.23]
['2017-07-11', 21.32, 22.24, 21.32, 22.16]
['2017-07-12', 22.53, 24.21, 22.1, 24.11]
['2017-07-13', 24.11, 24.35, 23.04, 23.9]
['2017-07-14', 23.84, 24.34, 23.61, 23.8]
['2017-07-17', 23.9, 24.32, 23.01, 23.15]
['2017-07-18', 23.19, 23.41, 22.92, 23.36]
['2017-07-19', 23.64, 24.13, 23.26, 23.61]
['2017-07-20', 23.79, 23.88, 23.26, 23.58]
['2017-07-21', 24.0, 24.0, 23.43, 23.82]
['2017-07-24', 23.74, 24.86, 23.55, 24.51]
['2017-07-25', 24.69, 24.75, 23.83, 24.17]
['2017-07-26', 24.19, 24.75, 23.93, 24.54]
['2017-07-27', 24.64, 24.73, 23.28, 23.83]
['2017-07-28', 23.82, 24.45, 23.5, 24.1]
['2017-07-31', 24.08, 24.25, 22.7, 22.8]
['2017-08-01', 22.85, 23.09, 22.03, 22.35]
['2017-08-02', 22.51, 22.77, 21.91, 22.53]
['2017-08-03', 22.53, 23.0, 21.91, 22.01]
['2017-08-04', 22.0, 22.54, 21.99, 22.2]
['2017-08-07', 22.31, 22.4, 21.85, 22.24]
['2017-08-08', 22.28, 23.11, 22.02, 22.25]
['2017-08-09', 21.31, 23.1, 21.02, 21.77]
['2017-08-10', 21.5, 22.41, 21.5, 21.87]
['2017-08-11', 21.87, 22.98, 21.87, 22.83]
['2017-08-14', 22.98, 23.02, 21.94, 22.69]
['2017-08-15', 22.68, 22.68, 22.28, 22.33]
['2017-08-16', 22.46, 22.83, 22.08, 22.27]
['2017-08-17', 22.13, 22.61, 21.85, 22.04]
['2017-08-18', 21.83, 22.41, 21.83, 22.12]
['2017-08-21', 22.13, 22.51, 21.99, 22.44]
['2017-08-22', 22.46, 22.96, 22.24, 22.89]
['2017-08-23', 22.72, 23.98, 22.63, 23.71]
['2017-08-24', 24.12, 25.78, 23.84, 25.53]
['2017-08-25', 25.71, 25.71, 24.19, 24.48]
['2017-08-28', 24.9, 25.0, 24.12, 24.47]
['2017-08-29', 24.27, 24.81, 24.13, 24.33]
['2017-08-30', 24.33, 24.96, 24.0, 24.42]
['2017-08-31', 24.61, 25.91, 24.5, 25.7]
['2017-09-01', 25.63, 25.7, 23.77, 24.1]
['2017-09-05', 24.06, 24.48, 23.22, 23.35]
['2017-09-06', 23.51, 23.89, 22.66, 23.51]
['2017-09-07', 23.4, 24.38, 23.05, 23.87]
['2017-09-08', 23.81, 24.45, 23.3, 23.76]
['2017-09-11', 24.1, 24.16, 23.32, 24.0]
['2017-09-12', 24.0, 24.0, 23.1, 23.26]
['2017-09-13', 23.06, 23.97, 23.0, 23.79]
['2017-09-14', 23.94, 24.15, 23.28, 23.61]
['2017-09-15', 23.67, 24.25, 23.44, 24.12]
['2017-09-18', 24.45, 25.54, 24.43, 25.3]
['2017-09-19', 25.26, 26.01, 25.06, 26.0]
['2017-09-20', 26.0, 26.4, 25.45, 25.77]
['2017-09-21', 25.79, 26.7, 25.51, 26.68]
['2017-09-22', 26.6, 26.71, 25.62, 25.81]
['2017-09-25', 25.84, 26.02, 25.01, 25.06]
['2017-09-26', 25.16, 25.42, 23.28, 23.6]
['2017-09-27', 23.84, 24.62, 23.49, 23.99]
['2017-09-28', 24.12, 24.12, 23.62, 23.89]
['2017-09-29', 24.03, 24.58, 23.8, 24.18]
['2017-10-02', 24.99, 27.03, 24.91, 26.24]
['2017-10-03', 26.94, 27.04, 26.25, 26.49]
['2017-10-04', 26.56, 27.73, 26.01, 26.15]
['2017-10-05', 26.68, 27.39, 26.25, 27.12]
['2017-10-06', 27.76, 32.25, 25.14, 29.93]
['2017-10-09', 30.49, 30.5, 27.21, 28.24]
['2017-10-10', 28.47, 29.07, 26.67, 27.17]
['2017-10-11', 26.56, 27.87, 25.93, 26.21]
['2017-10-12', 26.26, 27.01, 25.61, 25.76]
['2017-10-13', 25.86, 26.29, 25.5, 25.53]
['2017-10-16', 25.75, 25.98, 24.77, 25.01]
['2017-10-17', 25.06, 25.72, 24.78, 25.37]
['2017-10-18', 25.29, 25.52, 24.15, 24.28]
['2017-10-19', 24.18, 24.8, 23.43, 23.73]
['2017-10-20', 24.01, 24.3, 22.99, 23.15]
['2017-10-23', 23.22, 23.7, 21.95, 21.98]
['2017-10-24', 22.23, 22.32, 21.16, 21.64]
['2017-10-25', 21.5, 21.67, 20.22, 20.41]
['2017-10-26', 20.25, 20.31, 19.06, 19.62]
['2017-10-27', 19.75, 21.92, 19.62, 21.63]
['2017-10-30', 21.83, 23.03, 21.83, 22.6]
['2017-10-31', 22.6, 23.05, 21.78, 22.01]
['2017-11-01', 22.25, 22.39, 21.63, 22.1]
['2017-11-02', 22.22, 22.77, 21.7, 22.12]
['2017-11-03', 21.94, 23.3, 21.94, 23.25]
['2017-11-06', 23.27, 23.89, 23.12, 23.47]
['2017-11-07', 21.96, 23.99, 21.95, 23.71]
['2017-11-08', 23.6, 23.75, 22.64, 22.94]
['2017-11-09', 23.1, 24.0, 22.52, 23.86]
['2017-11-10', 23.68, 24.44, 23.51, 23.99]
['2017-11-13', 23.95, 24.34, 23.38, 23.48]
['2017-11-14', 23.29, 23.36, 21.67, 22.55]
['2017-11-15', 22.15, 23.72, 21.78, 23.33]
['2017-11-16', 23.39, 24.03, 23.33, 23.66]
['2017-11-17', 23.58, 24.05, 23.26, 23.57]
['2017-11-20', 23.61, 24.1, 23.21, 23.78]
['2017-11-21', 23.94, 24.93, 23.26, 23.41]
['2017-11-22', 23.43, 23.79, 22.82, 23.49]
['2017-11-24', 24.06, 26.34, 23.9, 26.32]
['2017-11-27', 27.48, 27.49, 24.02, 24.47]
['2017-11-28', 24.46, 24.97, 23.87, 24.65]
['2017-11-29', 25.33, 25.87, 24.71, 25.2]
['2017-11-30', 25.36, 26.41, 25.26, 25.91]
['2017-12-01', 25.8, 26.26, 24.75, 25.66]
['2017-12-04', 25.92, 26.81, 25.55, 25.7]
['2017-12-05', 25.59, 26.2, 25.26, 25.44]
['2017-12-06', 25.21, 25.58, 24.22, 24.94]
['2017-12-07', 24.81, 25.84, 24.42, 25.18]
['2017-12-08', 25.42, 26.03, 25.27, 25.47]
['2017-12-11', 25.66, 25.97, 24.81, 24.91]
['2017-12-12', 24.95, 25.28, 24.18, 24.82]
['2017-12-13', 24.8, 25.81, 24.79, 25.66]
['2017-12-14', 25.87, 26.93, 24.2, 24.45]
['2017-12-15', 24.55, 25.67, 24.26, 25.22]
['2017-12-18', 25.37, 25.67, 24.08, 24.36]
['2017-12-19', 24.33, 24.67, 24.1, 24.33]
['2017-12-20', 24.52, 24.7, 24.01, 24.69]
['2017-12-21', 24.62, 24.99, 24.02, 24.97]
['2017-12-22', 24.73, 25.53, 24.44, 25.13]
['2017-12-26', 25.02, 25.93, 24.9, 25.47]
['2017-12-27', 25.44, 26.1, 25.32, 25.82]
['2017-12-28', 25.75, 26.19, 25.51, 25.87]
['2017-12-29', 25.91, 25.91, 25.01, 25.04]
['2018-01-02', 25.32, 26.43, 24.75, 26.43]
['2018-01-03', 26.5, 26.5, 25.36, 25.8]
['2018-01-04', 25.74, 25.91, 25.23, 25.54]
['2018-01-05', 25.5, 25.75, 25.05, 25.25]
['2018-01-08', 25.84, 25.9, 25.02, 25.57]
['2018-01-09', 25.59, 25.81, 25.39, 25.58]
['2018-01-10', 25.49, 25.88, 25.09, 25.79]
['2018-01-11', 25.75, 26.16, 25.4, 25.98]
['2018-01-12', 25.91, 26.73, 25.88, 26.45]
['2018-01-16', 26.71, 26.9, 25.01, 25.03]
['2018-01-17', 25.11, 25.37, 23.27, 23.63]
['2018-01-18', 23.44, 23.7, 22.55, 22.67]
['2018-01-19', 22.71, 23.47, 22.71, 23.41]
['2018-01-22', 23.41, 23.95, 23.15, 23.29]
['2018-01-23', 23.33, 24.37, 23.16, 24.16]
['2018-01-24', 24.11, 24.38, 23.31, 23.6]
['2018-01-25', 23.83, 24.26, 23.3, 23.59]
['2018-01-26', 23.47, 24.09, 22.85, 23.4]
['2018-01-29', 23.27, 24.2, 23.11, 24.0]
['2018-01-30', 23.56, 24.13, 23.17, 23.25]
['2018-01-31', 23.25, 23.5, 22.16, 22.59]
['2018-02-01', 23.05, 23.14, 22.12, 22.31]
['2018-02-02', 22.26, 22.46, 21.5, 21.6]
['2018-02-05', 21.38, 22.32, 21.1, 21.57]
['2018-02-06', 20.91, 23.92, 20.68, 23.8]
['2018-02-07', 23.65, 24.11, 23.15, 23.17]
['2018-02-08', 23.34, 23.44, 22.53, 22.54]
['2018-02-09', 22.85, 23.79, 20.8, 21.92]
['2018-02-12', 22.04, 23.51, 21.85, 23.22]
['2018-02-13', 23.18, 23.76, 22.8, 23.69]
['2018-02-14', 23.35, 25.0, 23.35, 24.41]
['2018-02-15', 24.58, 24.96, 24.0, 24.58]
['2018-02-16', 24.5, 24.75, 23.17, 23.19]
['2018-02-20', 23.09, 24.74, 23.09, 23.58]
['2018-02-21', 23.6, 25.4, 23.6, 24.58]
['2018-02-22', 24.76, 25.27, 24.1, 24.19]
['2018-02-23', 24.38, 25.27, 23.96, 25.26]
['2018-02-26', 25.3, 26.11, 24.76, 26.11]
['2018-02-27', 25.98, 26.65, 25.67, 25.87]
['2018-02-28', 25.91, 26.38, 25.36, 25.36]
['2018-03-01', 25.32, 25.73, 24.63, 25.16]
['2018-03-02', 24.39, 26.11, 24.16, 26.04]
['2018-03-05', 26.01, 26.46, 25.56, 26.3]
['2018-03-06', 26.51, 27.35, 26.32, 26.99]
['2018-03-07', 26.66, 27.47, 26.22, 27.41]
['2018-03-08', 27.4, 27.65, 26.66, 27.01]
['2018-03-09', 25.0, 26.91, 24.52, 26.73]
['2018-03-12', 26.83, 28.37, 26.74, 27.94]
['2018-03-13', 27.98, 28.34, 26.45, 27.06]
['2018-03-14', 27.2, 27.29, 25.92, 25.97]
['2018-03-15', 26.15, 26.15, 24.1, 24.18]
['2018-03-16', 24.09, 24.72, 23.1, 23.53]
['2018-03-19', 23.57, 23.84, 22.81, 23.46]
['2018-03-20', 23.44, 23.93, 22.8, 23.23]
['2018-03-21', 23.1, 24.16, 22.91, 24.03]
['2018-03-22', 23.76, 24.25, 23.36, 23.5]
['2018-03-23', 23.52, 23.52, 22.92, 22.98]
['2018-03-26', 23.44, 24.16, 23.1, 24.15]
['2018-03-27', 24.2, 24.27, 22.91, 22.98]
['2018-03-28', 22.76, 23.0, 21.11, 21.69]
['2018-03-29', 21.77, 22.81, 21.4, 22.41]
['2018-04-02', 22.27, 22.41, 21.47, 21.8]
['2018-04-03', 23.03, 26.37, 23.02, 24.55]
['2018-04-04', 24.13, 25.1, 23.56, 24.93]
['2018-04-05', 24.96, 24.96, 23.13, 23.62]
['2018-04-06', 23.4, 23.95, 23.06, 23.8]
['2018-04-09', 24.03, 25.14, 23.87, 24.11]
['2018-04-10', 24.5, 24.9, 23.82, 24.48]
['2018-04-11', 24.25, 25.12, 24.13, 24.72]
['2018-04-12', 24.99, 25.29, 24.51, 25.19]
['2018-04-13', 25.1, 25.26, 24.56, 25.04]
['2018-04-16', 25.17, 25.75, 24.83, 25.38]
['2018-04-17', 25.48, 26.91, 25.48, 26.49]
['2018-04-18', 26.59, 27.05, 26.09, 26.36]
['2018-04-19', 26.26, 26.54, 24.71, 25.09]
['2018-04-20', 24.98, 25.14, 24.37, 24.73]
['2018-04-23', 24.79, 25.3, 24.27, 24.5]
['2018-04-24', 24.67, 25.14, 24.22, 24.5]
['2018-04-25', 24.51, 25.38, 24.3, 25.17]
['2018-04-26', 25.11, 26.68, 25.11, 26.56]
['2018-04-27', 26.71, 26.8, 25.75, 25.89]
['2018-04-30', 26.02, 26.48, 24.83, 24.92]
['2018-05-01', 24.91, 25.48, 24.82, 25.22]
['2018-05-02', 25.19, 26.34, 24.9, 25.66]
['2018-05-03', 25.65, 26.16, 25.03, 25.26]
['2018-05-04', 26.0, 26.78, 25.45, 25.99]
['2018-05-07', 26.08, 26.57, 25.64, 25.96]
['2018-05-08', 25.92, 26.6, 25.61, 25.74]
['2018-05-09', 25.49, 25.8, 24.15, 25.43]
['2018-05-10', 25.43, 25.63, 24.76, 25.0]
['2018-05-11', 24.9, 25.84, 24.73, 25.78]
['2018-05-14', 25.85, 26.75, 25.77, 26.49]
['2018-05-15', 26.33, 26.33, 25.3, 25.73]
['2018-05-16', 25.7, 26.67, 25.38, 26.53]
['2018-05-17', 26.56, 26.86, 25.95, 26.64]
['2018-05-18', 26.64, 27.86, 26.5, 27.76]
['2018-05-21', 28.0, 28.0, 27.28, 27.49]
['2018-05-22', 27.59, 27.97, 27.36, 27.53]
['2018-05-23', 27.42, 27.62, 26.56, 26.7]
['2018-05-24', 26.67, 27.0, 25.74, 25.91]
['2018-05-25', 25.93, 26.48, 25.5, 26.07]
['2018-05-29', 26.03, 26.2, 25.57, 26.17]
['2018-05-30', 26.21, 26.99, 25.77, 26.65]
['2018-05-31', 26.65, 27.45, 26.65, 27.11]
['2018-06-01', 27.23, 27.5, 26.87, 27.01]
['2018-06-04', 27.05, 27.2, 25.95, 26.82]
['2018-06-05', 26.79, 27.4, 26.5, 27.15]
['2018-06-06', 27.27, 27.33, 26.92, 27.15]
['2018-06-07', 27.24, 27.25, 26.5, 26.5]
['2018-06-08', 26.42, 26.84, 26.15, 26.55]
['2018-06-11', 26.67, 27.24, 26.25, 27.2]
['2018-06-12', 27.26, 27.54, 26.99, 27.13]
['2018-06-13', 27.27, 27.52, 26.91, 27.18]
['2018-06-14', 27.38, 27.4, 26.55, 26.78]
['2018-06-15', 26.61, 26.97, 26.3, 26.49]
['2018-06-18', 26.37, 26.81, 26.27, 26.76]
['2018-06-19', 26.56, 27.49, 26.4, 27.41]
['2018-06-20', 28.7, 29.1, 27.88, 28.14]
['2018-06-21', 28.07, 28.07, 27.07, 27.1]
['2018-06-22', 27.0, 27.62, 26.64, 27.58]
['2018-06-25', 27.44, 27.53, 26.49, 26.6]
['2018-06-26', 26.56, 26.7, 25.81, 26.57]
['2018-06-27', 26.65, 26.74, 24.9, 24.92]
['2018-06-28', 25.32, 25.66, 24.6, 25.22]
['2018-06-29', 25.32, 25.98, 25.05, 25.85]
['2018-07-02', 25.57, 25.61, 24.53, 24.92]
['2018-07-03', 24.99, 25.66, 24.54, 25.45]
['2018-07-05', 25.6, 25.82, 25.17, 25.77]
['2018-07-06', 25.88, 26.16, 25.7, 26.13]
['2018-07-09', 26.32, 26.53, 25.45, 26.46]
['2018-07-10', 26.54, 26.94, 25.95, 26.8]
['2018-07-11', 26.58, 27.46, 26.58, 27.22]
['2018-07-12', 27.35, 27.64, 26.8, 27.5]
['2018-07-13', 27.58, 27.73, 26.95, 26.99]
['2018-07-16', 26.99, 27.18, 26.4, 26.97]
['2018-07-17', 26.9, 27.8, 26.9, 27.45]
['2018-07-18', 27.47, 27.84, 26.96, 27.02]
['2018-07-19', 27.03, 27.53, 26.77, 27.2]
['2018-07-20', 27.36, 27.45, 26.96, 27.07]
['2018-07-23', 26.95, 27.29, 26.5, 27.22]
['2018-07-24', 27.5, 27.74, 26.86, 27.12]
['2018-07-25', 27.19, 27.64, 25.39, 25.5]
['2018-07-26', 25.42, 25.82, 25.22, 25.43]
['2018-07-27', 25.56, 25.56, 22.88, 24.01]
['2018-07-30', 23.96, 24.15, 22.95, 23.14]
['2018-07-31', 23.13, 23.94, 23.02, 23.86]
['2018-08-01', 23.86, 24.22, 22.9, 23.23]
['2018-08-02', 23.18, 23.5, 22.92, 23.03]
['2018-08-03', 23.07, 23.28, 22.32, 23.03]
['2018-08-06', 23.08, 23.36, 22.13, 22.57]
['2018-08-07', 22.73, 22.94, 21.76, 22.82]
['2018-08-08', 23.32, 24.42, 23.04, 23.47]
['2018-08-09', 23.4, 23.65, 21.92, 22.1]
['2018-08-10', 22.19, 23.34, 22.07, 22.96]
['2018-08-13', 23.16, 24.02, 23.02, 23.96]
['2018-08-14', 23.82, 24.1, 22.48, 22.83]
['2018-08-15', 22.6, 23.0, 21.34, 21.35]
['2018-08-16', 21.63, 22.45, 20.82, 21.91]
['2018-08-17', 21.85, 22.12, 21.25, 21.93]
['2018-08-20', 22.08, 22.08, 20.83, 21.15]
['2018-08-21', 21.19, 21.57, 20.94, 21.19]
['2018-08-22', 21.41, 21.9, 20.98, 21.62]
['2018-08-23', 21.56, 21.77, 21.04, 21.24]
['2018-08-24', 21.35, 21.51, 21.16, 21.47]
['2018-08-27', 21.52, 21.61, 20.79, 21.04]
['2018-08-28', 21.15, 22.39, 21.15, 22.1]
['2018-08-29', 22.2, 22.53, 21.76, 22.12]
['2018-08-30', 21.83, 22.52, 21.83, 22.44]
['2018-08-31', 22.44, 23.04, 22.43, 22.9]
['2018-09-04', 22.88, 22.88, 22.09, 22.67]
['2018-09-05', 22.68, 23.1, 22.34, 22.9]
['2018-09-06', 22.91, 23.02, 22.4, 22.44]
['2018-09-07', 22.39, 22.73, 21.85, 21.9]
['2018-09-10', 21.93, 21.98, 21.25, 21.71]
['2018-09-11', 21.68, 22.32, 21.25, 22.09]
['2018-09-12', 22.05, 22.12, 21.39, 21.64]
['2018-09-13', 21.76, 21.77, 21.13, 21.25]
['2018-09-14', 21.24, 21.27, 20.61, 20.72]
['2018-09-17', 20.53, 20.61, 19.57, 19.73]
['2018-09-18', 19.8, 20.04, 19.62, 19.8]
['2018-09-19', 19.8, 19.99, 19.36, 19.62]
['2018-09-20', 19.76, 19.78, 18.75, 18.87]
['2018-09-21', 18.87, 19.04, 18.35, 18.43]
['2018-09-24', 18.27, 18.55, 18.15, 18.2]
['2018-09-25', 18.22, 18.45, 17.8, 17.99]
['2018-09-26', 18.02, 18.13, 17.26, 18.07]
['2018-09-27', 18.0, 19.21, 17.88, 19.06]
['2018-09-28', 19.0, 19.05, 18.19, 18.71]
['2018-10-01', 18.93, 18.93, 18.11, 18.14]
['2018-10-02', 18.22, 18.28, 17.73, 18.09]
['2018-10-03', 18.08, 19.02, 18.01, 18.81]
['2018-10-04', 18.71, 18.71, 17.75, 18.24]
['2018-10-05', 18.36, 18.83, 18.28, 18.6]
['2018-10-08', 18.12, 18.94, 17.95, 18.6]
['2018-10-09', 18.5, 19.19, 18.4, 18.78]
['2018-10-10', 18.68, 19.02, 18.12, 18.47]
['2018-10-11', 18.37, 18.82, 17.97, 18.57]
['2018-10-12', 18.94, 18.94, 17.7, 18.38]
['2018-10-15', 18.38, 18.62, 17.98, 18.45]
['2018-10-16', 18.64, 19.82, 18.48, 19.6]
['2018-10-17', 19.55, 19.55, 17.88, 18.54]
['2018-10-18', 18.44, 19.01, 18.17, 18.63]
['2018-10-19', 18.73, 19.36, 18.44, 18.94]
['2018-10-22', 18.83, 18.93, 15.6, 17.22]
['2018-10-23', 16.98, 17.18, 16.22, 16.67]
['2018-10-24', 16.61, 16.83, 15.68, 15.68]
['2018-10-25', 15.82, 16.07, 15.36, 15.43]
['2018-10-26', 15.18, 15.42, 14.76, 15.09]
['2018-10-29', 15.33, 15.59, 14.22, 14.36]
['2018-10-30', 14.29, 14.61, 13.83, 14.32]
['2018-10-31', 14.47, 14.71, 13.51, 13.54]
['2018-11-01', 13.65, 14.93, 13.36, 14.79]
['2018-11-02', 14.81, 15.34, 14.65, 14.9]
['2018-11-05', 15.25, 15.65, 14.43, 14.62]
['2018-11-06', 14.64, 14.73, 13.9, 14.05]
['2018-11-07', 14.21, 14.31, 13.65, 14.27]
['2018-11-08', 14.4, 18.0, 14.4, 16.99]
['2018-11-09', 16.65, 17.58, 16.41, 16.96]
['2018-11-12', 16.85, 16.89, 15.7, 16.22]
['2018-11-13', 16.62, 17.68, 16.16, 16.41]
['2018-11-14', 16.62, 16.85, 15.76, 16.21]
['2018-11-15', 16.24, 17.73, 16.16, 17.38]
['2018-11-16', 17.21, 17.24, 16.07, 16.86]
['2018-11-19', 16.62, 16.79, 15.86, 15.97]
['2018-11-20', 15.72, 16.01, 15.19, 15.74]
['2018-11-21', 15.86, 16.45, 15.65, 15.99]
['2018-11-23', 15.88, 16.31, 15.7, 15.84]
['2018-11-26', 15.88, 16.23, 15.75, 16.01]
['2018-11-27', 15.93, 15.93, 15.38, 15.65]
['2018-11-28', 15.76, 16.04, 15.37, 15.75]
['2018-11-29', 15.66, 15.83, 14.96, 15.47]
['2018-11-30', 15.55, 16.34, 15.28, 16.31]
['2018-12-03', 16.64, 16.87, 16.21, 16.46]
['2018-12-04', 16.38, 16.67, 15.71, 15.74]
['2018-12-06', 15.42, 15.77, 15.22, 15.75]
['2018-12-07', 15.73, 16.0, 14.89, 14.96]
['2018-12-10', 14.94, 14.99, 14.11, 14.34]
['2018-12-11', 14.58, 14.78, 13.98, 14.36]
['2018-12-12', 14.55, 14.87, 14.32, 14.36]
['2018-12-13', 14.43, 14.65, 13.4, 13.67]
['2018-12-14', 13.53, 13.78, 13.24, 13.35]
['2018-12-17', 13.27, 13.57, 12.75, 12.9]
['2018-12-18', 12.99, 13.14, 12.37, 13.01]
['2018-12-19', 12.96, 13.62, 12.4, 12.84]
['2018-12-20', 12.82, 13.01, 12.01, 12.33]
['2018-12-21', 12.35, 12.35, 11.5, 11.62]
['2018-12-24', 11.39, 11.95, 11.14, 11.47]
['2018-12-26', 11.54, 12.29, 11.46, 12.12]
['2018-12-27', 12.0, 12.16, 11.33, 11.73]
['2018-12-28', 11.71, 12.3, 11.51, 11.89]
['2018-12-31', 11.48, 11.82, 11.18, 11.32]
['2019-01-02', 11.19, 12.6, 11.19, 12.46]
['2019-01-03', 12.36, 12.78, 12.07, 12.33]
['2019-01-04', 11.0, 13.36, 10.98, 13.12]
['2019-01-07', 13.22, 13.7, 13.0, 13.49]
['2019-01-08', 13.62, 13.66, 13.16, 13.3]
['2019-01-09', 13.39, 13.48, 12.96, 13.04]
['2019-01-10', 13.01, 13.32, 12.69, 13.22]
['2019-01-11', 13.14, 13.53, 13.06, 13.24]
['2019-01-14', 13.16, 13.41, 12.91, 13.02]
['2019-01-15', 13.08, 14.05, 12.9, 14.04]
['2019-01-16', 14.03, 14.4, 13.37, 13.4]
['2019-01-17', 13.32, 13.67, 13.09, 13.65]
['2019-01-18', 13.69, 14.73, 13.41, 14.58]
['2019-01-22', 14.45, 14.58, 13.71, 13.83]
['2019-01-23', 13.89, 13.94, 13.01, 13.02]
['2019-01-24', 13.0, 13.72, 12.79, 13.4]
['2019-01-25', 13.48, 13.99, 13.16, 13.72]
['2019-01-28', 13.48, 13.76, 12.5, 12.91]
['2019-01-29', 12.96, 13.72, 12.87, 13.69]
['2019-01-30', 13.83, 14.35, 13.68, 14.22]
['2019-01-31', 14.17, 15.16, 14.12, 14.69]
['2019-02-01', 14.71, 14.92, 13.67, 13.7]
['2019-02-04', 13.7, 14.14, 13.47, 14.08]
['2019-02-05', 14.13, 14.62, 13.66, 13.93]
['2019-02-06', 13.97, 14.43, 13.74, 14.31]
['2019-02-07', 14.23, 14.23, 13.33, 13.55]
['2019-02-08', 13.48, 13.9, 13.32, 13.69]
['2019-02-11', 13.69, 13.73, 13.21, 13.73]
['2019-02-12', 13.82, 14.45, 13.71, 14.27]
['2019-02-13', 14.31, 14.5, 13.85, 13.93]
['2019-02-14', 13.89, 14.21, 13.74, 14.18]
['2019-02-15', 14.25, 14.67, 14.07, 14.66]
['2019-02-19', 14.62, 15.0, 14.31, 14.32]
['2019-02-20', 14.34, 14.62, 13.99, 14.44]
['2019-02-21', 14.4, 14.64, 14.14, 14.21]
['2019-02-22', 14.22, 14.6, 14.1, 14.58]
['2019-02-25', 14.73, 14.92, 14.47, 14.5]
['2019-02-26', 14.41, 14.63, 14.06, 14.06]
['2019-02-27', 14.0, 14.6, 13.84, 14.18]
['2019-02-28', 14.2, 14.45, 13.8, 13.82]
['2019-03-01', 14.02, 15.51, 13.74, 14.75]
['2019-03-04', 14.81, 15.29, 13.74, 14.01]
['2019-03-05', 13.99, 14.34, 13.69, 13.76]
['2019-03-06', 13.76, 13.84, 12.91, 13.03]
['2019-03-07', 13.0, 13.17, 12.52, 12.98]
['2019-03-08', 12.88, 13.22, 12.6, 13.08]
['2019-03-11', 13.15, 13.16, 12.72, 12.95]
['2019-03-12', 13.02, 13.04, 12.21, 12.54]
['2019-03-13', 12.65, 12.67, 12.19, 12.24]
['2019-03-14', 12.56, 12.61, 12.13, 12.13]
['2019-03-15', 12.18, 12.43, 11.95, 12.01]
['2019-03-18', 11.98, 12.22, 11.59, 11.93]
['2019-03-19', 11.98, 12.36, 11.81, 12.15]
['2019-03-20', 12.13, 12.36, 11.85, 11.99]
['2019-03-21', 11.86, 12.59, 11.86, 12.54]
['2019-03-22', 12.39, 12.93, 12.3, 12.5]
['2019-03-25', 12.44, 12.49, 11.49, 11.54]
['2019-03-26', 11.74, 12.09, 11.6, 12.05]
['2019-03-27', 12.0, 12.14, 11.56, 11.93]
['2019-03-28', 12.01, 12.23, 11.7, 12.0]
['2019-03-29', 12.09, 12.54, 12.04, 12.48]
['2019-04-01', 12.59, 12.71, 12.3, 12.42]
['2019-04-02', 12.38, 12.47, 12.06, 12.35]
['2019-04-03', 12.48, 12.98, 12.48, 12.7]
['2019-04-04', 12.69, 12.9, 12.41, 12.51]
['2019-04-05', 12.56, 12.83, 12.56, 12.71]
['2019-04-08', 12.68, 12.79, 12.41, 12.63]
['2019-04-09', 12.59, 12.98, 12.36, 12.42]
['2019-04-10', 12.43, 12.5, 9.9, 11.0]
['2019-04-11', 11.0, 11.25, 10.61, 11.0]
['2019-04-12', 11.02, 11.08, 10.37, 10.51]
['2019-04-15', 10.47, 10.77, 10.37, 10.63]
['2019-04-16', 10.73, 10.84, 10.5, 10.56]
['2019-04-17', 10.66, 10.71, 10.11, 10.25]
['2019-04-18', 10.26, 10.42, 10.07, 10.22]
['2019-04-22', 10.21, 10.37, 10.05, 10.23]
['2019-04-23', 10.23, 10.86, 10.12, 10.74]
['2019-04-24', 10.76, 11.06, 10.39, 10.95]
['2019-04-25', 10.95, 11.03, 10.69, 10.78]
['2019-04-26', 10.79, 11.12, 10.78, 11.03]
['2019-04-29', 11.07, 11.39, 11.07, 11.15]
['2019-04-30', 11.12, 11.25, 10.56, 10.6]
['2019-05-01', 10.56, 10.69, 10.37, 10.4]
['2019-05-02', 10.34, 10.69, 10.18, 10.67]
['2019-05-03', 10.74, 11.03, 10.62, 10.77]
['2019-05-06', 10.54, 11.12, 10.42, 10.89]
['2019-05-07', 10.79, 11.02, 10.15, 10.24]
['2019-05-08', 10.1, 10.39, 9.65, 9.68]
['2019-05-09', 10.87, 11.68, 10.45, 11.55]
['2019-05-10', 11.43, 12.97, 11.21, 12.56]
['2019-05-13', 12.52, 12.78, 11.94, 12.11]
['2019-05-14', 12.22, 12.48, 12.04, 12.22]
['2019-05-15', 12.09, 12.63, 12.05, 12.59]
['2019-05-16', 12.79, 13.4, 12.75, 13.26]
['2019-05-17', 13.05, 13.33, 12.45, 12.52]
['2019-05-20', 12.42, 12.89, 12.26, 12.5]
['2019-05-21', 12.56, 13.18, 12.55, 13.13]
['2019-05-22', 13.05, 13.33, 12.7, 12.93]
['2019-05-23', 12.69, 12.96, 12.44, 12.52]
['2019-05-24', 12.71, 12.94, 12.5, 12.74]
['2019-05-28', 12.85, 12.99, 12.44, 12.47]
['2019-05-29', 12.3, 12.38, 11.76, 11.91]
['2019-05-30', 11.88, 12.06, 11.28, 11.41]
['2019-05-31', 11.24, 11.38, 10.87, 11.03]
['2019-06-03', 11.04, 11.34, 10.92, 11.13]
['2019-06-04', 11.38, 11.94, 11.3, 11.92]
['2019-06-05', 12.03, 12.27, 11.43, 11.48]
['2019-06-06', 11.44, 11.61, 11.05, 11.33]
['2019-06-07', 11.36, 11.79, 11.36, 11.76]
['2019-06-10', 11.87, 12.32, 11.64, 11.66]
['2019-06-11', 11.76, 11.76, 11.02, 11.1]
['2019-06-12', 11.1, 11.2, 10.78, 11.01]
['2019-06-13', 11.04, 11.3, 10.76, 11.28]
['2019-06-14', 11.22, 11.28, 10.85, 10.89]
['2019-06-17', 11.01, 11.63, 10.6, 11.62]
['2019-06-18', 11.7, 12.23, 11.62, 11.8]
['2019-06-19', 11.81, 12.02, 11.52, 11.74]
['2019-06-20', 11.81, 12.27, 11.51, 11.54]
['2019-06-21', 11.49, 11.78, 11.38, 11.64]
['2019-06-24', 11.59, 11.73, 10.87, 10.89]
['2019-06-25', 10.95, 11.43, 10.76, 11.29]
['2019-06-26', 11.37, 11.59, 11.05, 11.22]
['2019-06-27', 11.3, 11.77, 11.3, 11.75]
['2019-06-28', 11.8, 12.33, 11.77, 12.3]
['2019-07-01', 12.51, 12.57, 11.52, 11.92]
['2019-07-02', 11.91, 12.03, 11.44, 11.51]
['2019-07-03', 11.54, 11.71, 11.31, 11.47]
['2019-07-05', 11.37, 11.53, 11.1, 11.12]
['2019-07-08', 11.07, 11.07, 10.42, 10.83]
['2019-07-09', 10.74, 11.04, 10.6, 11.03]
['2019-07-10', 11.11, 11.3, 10.91, 11.13]
['2019-07-11', 11.16, 11.25, 10.58, 10.9]
['2019-07-12', 10.83, 10.99, 10.61, 10.79]
['2019-07-15', 10.94, 11.48, 10.69, 11.45]
['2019-07-16', 11.46, 11.51, 10.9, 10.91]
['2019-07-17', 10.89, 11.15, 10.66, 11.0]
['2019-07-18', 11.0, 11.09, 10.67, 10.92]
['2019-07-19', 10.91, 11.03, 10.69, 10.85]
['2019-07-22', 10.86, 10.94, 10.51, 10.56]
['2019-07-23', 10.51, 10.75, 9.86, 9.93]
['2019-07-24', 9.93, 10.31, 9.34, 10.23]
['2019-07-25', 10.22, 10.3, 9.49, 9.7]
['2019-07-26', 9.75, 10.01, 9.53, 9.99]
['2019-07-29', 10.0, 10.03, 9.37, 9.54]
['2019-07-30', 9.48, 9.99, 9.47, 9.94]
['2019-07-31', 10.0, 10.43, 9.95, 10.04]
['2019-08-01', 10.09, 10.32, 9.7, 9.77]
['2019-08-02', 9.75, 9.82, 8.98, 9.07]
['2019-08-05', 8.95, 9.3, 8.76, 9.15]
['2019-08-06', 9.25, 9.45, 8.8, 9.14]
['2019-08-07', 10.44, 10.6, 9.83, 10.21]
['2019-08-08', 10.31, 10.97, 10.3, 10.48]
['2019-08-09', 10.66, 11.49, 10.66, 11.2]
['2019-08-12', 11.31, 11.66, 10.91, 11.37]
['2019-08-13', 11.27, 11.94, 11.24, 11.92]
['2019-08-14', 11.82, 11.83, 10.76, 10.93]
['2019-08-15', 10.94, 11.02, 10.52, 10.73]
['2019-08-16', 10.8, 11.12, 10.76, 10.99]
['2019-08-19', 11.17, 11.25, 10.7, 10.96]
['2019-08-20', 10.88, 11.12, 10.6, 10.69]
['2019-08-21', 10.81, 11.25, 10.71, 11.19]
['2019-08-22', 11.19, 11.49, 10.96, 11.11]
['2019-08-23', 11.01, 11.47, 10.83, 11.07]
['2019-08-26', 11.15, 11.64, 11.11, 11.41]
['2019-08-27', 11.52, 12.06, 11.3, 11.46]
['2019-08-28', 11.41, 11.96, 11.35, 11.87]
['2019-08-29', 12.0, 13.0, 11.96, 12.99]
['2019-08-30', 13.0, 13.29, 12.74, 13.17]
['2019-09-03', 13.1, 13.35, 12.71, 12.78]
['2019-09-04', 12.89, 13.39, 12.73, 13.02]
['2019-09-05', 13.13, 13.45, 12.75, 13.1]
['2019-09-06', 13.16, 13.41, 13.04, 13.06]
['2019-09-09', 13.1, 13.64, 12.96, 13.31]
['2019-09-10', 13.31, 14.27, 13.31, 14.25]
['2019-09-11', 14.34, 14.89, 14.2, 14.63]
['2019-09-12', 14.75, 14.75, 13.79, 14.13]
['2019-09-13', 14.25, 14.5, 13.63, 13.99]
['2019-09-16', 13.95, 14.62, 13.95, 14.56]
['2019-09-17', 14.53, 14.76, 14.37, 14.49]
['2019-09-18', 14.37, 14.92, 14.37, 14.54]
['2019-09-19', 14.61, 15.07, 14.5, 14.72]
['2019-09-20', 14.71, 15.1, 14.46, 14.97]
['2019-09-23', 14.9, 15.67, 14.9, 15.49]
['2019-09-24', 15.54, 15.6, 15.04, 15.13]
['2019-09-25', 15.12, 15.25, 14.7, 14.84]
['2019-09-26', 14.85, 14.98, 14.0, 14.11]
['2019-09-27', 14.1, 14.76, 13.78, 13.91]
['2019-09-30', 13.99, 14.16, 13.51, 13.71]
['2019-10-01', 13.74, 14.17, 13.28, 13.47]
['2019-10-02', 13.4, 13.54, 12.84, 12.88]
['2019-10-03', 12.85, 13.3, 12.77, 13.29]
['2019-10-04', 13.23, 13.6, 12.96, 13.56]
['2019-10-07', 13.58, 14.45, 13.58, 13.98]
['2019-10-08', 13.9, 14.0, 13.54, 13.59]
['2019-10-09', 13.71, 13.71, 13.03, 13.11]
['2019-10-10', 13.03, 13.55, 13.03, 13.24]
['2019-10-11', 13.47, 13.79, 13.25, 13.36]
['2019-10-14', 13.28, 14.54, 12.7, 13.82]
['2019-10-15', 13.78, 14.25, 13.52, 14.15]
['2019-10-16', 14.14, 14.33, 13.93, 14.04]
['2019-10-17', 14.15, 14.51, 14.09, 14.42]
['2019-10-18', 14.4, 14.81, 13.8, 14.24]
['2019-10-21', 14.34, 15.03, 14.2, 14.99]
['2019-10-22', 15.16, 15.4, 14.67, 14.74]
['2019-10-23', 14.68, 15.4, 14.51, 15.19]
['2019-10-24', 15.19, 15.66, 15.0, 15.5]
['2019-10-25', 15.42, 15.75, 15.11, 15.36]
['2019-10-28', 15.44, 16.09, 15.4, 16.01]
['2019-10-29', 16.03, 16.1, 15.61, 15.9]
['2019-10-30', 15.9, 16.48, 15.68, 16.46]
['2019-10-31', 16.6, 17.25, 16.6, 17.17]
['2019-11-01', 17.22, 17.44, 16.8, 17.4]
['2019-11-04', 17.5, 17.82, 17.17, 17.59]
['2019-11-05', 17.63, 17.74, 16.88, 17.19]
['2019-11-06', 17.18, 17.19, 16.57, 16.69]
['2019-11-07', 16.78, 17.18, 16.46, 17.12]
['2019-11-08', 16.25, 16.96, 14.63, 16.43]
['2019-11-11', 16.28, 16.55, 16.1, 16.14]
['2019-11-12', 16.1, 16.23, 15.85, 15.96]
['2019-11-13', 15.84, 16.21, 15.7, 16.04]
['2019-11-14', 16.01, 16.3, 15.81, 15.98]
['2019-11-15', 16.1, 16.15, 15.85, 16.09]
['2019-11-18', 16.11, 16.44, 16.03, 16.11]
['2019-11-19', 16.23, 16.79, 16.08, 16.44]
['2019-11-20', 16.27, 16.76, 16.27, 16.5]
['2019-11-21', 16.56, 17.0, 16.16, 16.84]
['2019-11-22', 16.96, 17.0, 16.64, 16.81]
['2019-11-25', 17.11, 17.96, 17.11, 17.74]
['2019-11-26', 17.73, 18.22, 17.56, 18.04]
['2019-11-27', 18.15, 18.37, 17.68, 17.91]
['2019-11-29', 17.81, 18.05, 17.49, 17.73]
['2019-12-02', 17.8, 18.28, 17.11, 17.94]
['2019-12-03', 17.74, 18.29, 17.42, 18.25]
['2019-12-04', 18.38, 18.57, 17.99, 18.57]
['2019-12-05', 18.96, 19.69, 18.61, 18.99]
['2019-12-06', 19.11, 19.57, 18.84, 19.53]
['2019-12-09', 19.65, 20.23, 19.33, 20.16]
['2019-12-10', 20.25, 21.05, 19.84, 20.95]
['2019-12-11', 20.88, 21.14, 20.51, 20.79]
['2019-12-12', 21.39, 21.39, 20.52, 20.82]
['2019-12-13', 20.64, 20.92, 19.69, 19.8]
['2019-12-16', 20.48, 20.52, 19.05, 19.11]
['2019-12-17', 19.11, 19.24, 17.8, 18.45]
['2019-12-18', 18.43, 18.88, 18.05, 18.77]
['2019-12-19', 18.74, 19.3, 18.39, 19.19]
['2019-12-20', 19.22, 19.42, 19.03, 19.09]
['2019-12-23', 19.03, 19.33, 18.96, 19.19]
['2019-12-24', 19.11, 19.33, 18.9, 19.19]
['2019-12-26', 19.21, 19.23, 18.57, 19.18]
['2019-12-27', 22.67, 22.98, 20.44, 20.94]
['2019-12-30', 21.03, 21.2, 19.85, 20.46]
['2019-12-31', 20.25, 21.03, 20.2, 20.7]
['2020-01-02', 20.85, 20.9, 20.0, 20.53]
['2020-01-03', 19.81, 20.25, 19.47, 19.66]
['2020-01-06', 19.55, 20.13, 19.2, 20.0]
['2020-01-07', 20.01, 20.49, 19.67, 20.45]
['2020-01-08', 20.39, 21.01, 20.3, 20.72]
['2020-01-09', 20.88, 21.34, 20.47, 21.13]
['2020-01-10', 20.75, 20.86, 18.91, 18.92]
['2020-01-13', 19.08, 19.23, 18.27, 18.45]
['2020-01-14', 18.35, 18.83, 18.24, 18.47]
['2020-01-15', 18.48, 18.67, 18.05, 18.24]
['2020-01-16', 18.39, 18.78, 17.7, 17.83]
['2020-01-17', 18.01, 18.28, 17.35, 17.51]
['2020-01-21', 17.53, 18.45, 17.4, 18.29]
['2020-01-22', 18.35, 18.7, 18.16, 18.41]
['2020-01-23', 18.32, 18.34, 17.91, 18.0]
['2020-01-24', 18.1, 18.21, 17.51, 17.59]
['2020-01-27', 17.25, 17.82, 17.15, 17.6]
['2020-01-28', 17.83, 18.1, 17.57, 17.71]
['2020-01-29', 17.76, 17.97, 17.6, 17.69]
['2020-01-30', 17.61, 17.77, 17.06, 17.47]
['2020-01-31', 17.42, 17.75, 17.21, 17.52]
['2020-02-03', 17.62, 17.95, 17.3, 17.86]
['2020-02-04', 18.11, 18.46, 17.93, 18.39]
['2020-02-05', 18.58, 18.87, 18.31, 18.34]
['2020-02-06', 18.31, 18.44, 17.67, 17.73]
['2020-02-07', 17.75, 17.83, 16.94, 17.06]
['2020-02-10', 17.05, 17.36, 16.81, 17.29]
['2020-02-11', 17.43, 17.55, 16.89, 17.01]
['2020-02-12', 17.09, 17.63, 17.0, 17.17]
['2020-02-13', 17.15, 17.34, 16.66, 16.74]
['2020-02-14', 16.75, 17.06, 16.47, 16.53]
['2020-02-18', 16.51, 16.64, 15.92, 16.29]
['2020-02-19', 16.35, 16.55, 16.18, 16.26]
['2020-02-20', 16.3, 16.61, 15.92, 16.53]
['2020-02-21', 16.52, 17.33, 16.52, 17.31]
['2020-02-24', 16.75, 16.89, 15.93, 16.23]
['2020-02-25', 16.33, 17.3, 16.1, 16.25]
['2020-02-26', 16.25, 17.23, 16.02, 16.32]
['2020-02-27', 16.08, 16.41, 15.42, 15.52]
['2020-02-28', 15.0, 16.01, 14.84, 15.79]
['2020-03-02', 15.9, 15.97, 14.95, 15.78]
['2020-03-03', 15.81, 16.19, 14.95, 15.26]
['2020-03-04', 15.54, 15.85, 15.35, 15.62]
['2020-03-05', 15.32, 15.58, 14.75, 14.86]
['2020-03-06', 14.32, 15.35, 14.16, 14.48]
['2020-03-09', 13.48, 14.0, 12.7, 13.16]
['2020-03-10', 13.63, 14.1, 12.96, 13.81]
['2020-03-11', 13.38, 13.46, 12.1, 12.31]
['2020-03-12', 11.37, 11.65, 10.11, 10.15]
['2020-03-13', 10.37, 10.93, 9.14, 9.74]
['2020-03-16', 8.89, 8.89, 6.6, 6.6]
['2020-03-17', 7.0, 7.46, 5.65, 7.2]
['2020-03-18', 6.72, 7.0, 5.01, 5.63]
['2020-03-19', 5.77, 6.5, 5.5, 6.43]
['2020-03-20', 6.36, 6.45, 5.79, 6.0]
['2020-03-23', 6.07, 6.18, 5.35, 5.53]
['2020-03-24', 6.07, 7.37, 6.07, 7.24]
['2020-03-25', 7.22, 8.52, 6.84, 8.15]
['2020-03-26', 8.2, 9.23, 8.13, 8.75]
['2020-03-27', 8.38, 8.66, 8.03, 8.21]
['2020-03-30', 8.27, 8.61, 7.91, 8.22]
['2020-03-31', 8.18, 8.59, 7.72, 7.87]
['2020-04-01', 7.76, 7.88, 6.94, 7.01]
['2020-04-02', 6.92, 7.14, 6.58, 6.85]
['2020-04-03', 6.81, 6.88, 6.53, 6.65]
['2020-04-06', 6.99, 7.87, 6.89, 7.75]
['2020-04-07', 8.28, 8.57, 7.61, 7.64]
['2020-04-08', 7.85, 8.73, 7.62, 8.5]
['2020-04-09', 8.9, 8.97, 8.6, 8.84]
['2020-04-13', 8.92, 8.94, 8.4, 8.72]
['2020-04-14', 9.0, 9.1, 8.69, 8.8]
['2020-04-15', 8.5, 8.64, 7.78, 7.89]
['2020-04-16', 8.07, 8.07, 7.52, 7.56]
['2020-04-17', 8.0, 8.8, 7.86, 8.75]
['2020-04-20', 8.53, 9.51, 8.44, 9.46]
['2020-04-21', 9.11, 9.47, 8.9, 9.36]
['2020-04-22', 9.5, 9.8, 8.93, 9.14]
['2020-04-23', 9.23, 9.69, 9.15, 9.51]
['2020-04-24', 9.61, 9.72, 9.15, 9.61]
['2020-04-27', 9.86, 10.8, 9.65, 10.49]
['2020-04-28', 10.71, 11.0, 9.91, 10.09]
['2020-04-29', 10.5, 10.79, 10.11, 10.65]
['2020-04-30', 10.45, 10.76, 10.27, 10.64]
['2020-05-01', 10.35, 10.54, 9.03, 9.6]
['2020-05-04', 9.4, 10.11, 9.25, 10.1]
['2020-05-05', 10.41, 10.76, 10.15, 10.65]
['2020-05-06', 10.73, 10.89, 10.21, 10.31]
['2020-05-07', 10.45, 10.91, 10.36, 10.88]
['2020-05-08', 10.01, 10.5, 9.48, 9.5]
['2020-05-11', 9.8, 10.24, 9.29, 9.66]
['2020-05-12', 9.71, 9.93, 8.77, 8.78]
['2020-05-13', 8.83, 9.07, 8.01, 8.49]
['2020-05-14', 8.21, 8.51, 7.84, 8.49]
['2020-05-15', 8.4, 8.64, 8.26, 8.54]
['2020-05-18', 8.97, 9.7, 8.95, 9.67]
['2020-05-19', 9.65, 11.19, 9.31, 10.55]
['2020-05-20', 10.7, 10.95, 10.55, 10.92]
['2020-05-21', 10.15, 10.25, 9.75, 9.83]
['2020-05-22', 9.91, 10.03, 9.5, 9.77]
['2020-05-26', 10.1, 10.48, 9.62, 9.69]
['2020-05-27', 10.17, 10.83, 9.61, 10.33]
['2020-05-28', 10.74, 11.93, 10.39, 11.65]
['2020-05-29', 11.35, 11.53, 10.65, 11.43]
