['2012-07-10', 9.35, 9.4, 9.03, 9.13]
['2012-07-11', 9.21, 9.21, 9.03, 9.12]
['2012-07-12', 9.12, 9.26, 9.07, 9.19]
['2012-07-13', 9.18, 9.3, 9.1, 9.27]
['2012-07-16', 9.14, 9.2, 9.13, 9.18]
['2012-07-17', 9.2, 9.2, 9.12, 9.16]
['2012-07-18', 9.13, 9.14, 9.12, 9.14]
['2012-07-19', 9.14, 9.2, 9.13, 9.2]
['2012-07-20', 9.26, 9.26, 9.12, 9.12]
['2012-07-23', 9.12, 9.27, 9.12, 9.27]
['2012-07-24', 9.26, 9.27, 9.21, 9.26]
['2012-07-25', 9.27, 9.27, 9.21, 9.21]
['2012-07-26', 9.26, 9.28, 9.25, 9.25]
['2012-07-27', 9.25, 9.25, 9.21, 9.23]
['2012-07-30', 9.21, 9.23, 9.18, 9.2]
['2012-07-31', 9.17, 9.23, 9.17, 9.18]
['2012-08-01', 9.18, 9.3, 9.18, 9.3]
['2012-08-02', 9.26, 9.35, 9.26, 9.33]
['2012-08-03', 9.38, 9.38, 9.37, 9.37]
['2012-08-06', 9.38, 9.38, 9.3, 9.35]
['2012-08-07', 9.38, 9.38, 9.3, 9.31]
['2012-08-08', 9.3, 9.38, 9.29, 9.38]
['2012-08-09', 9.31, 9.39, 9.3, 9.31]
['2012-08-10', 9.3, 9.44, 9.3, 9.39]
['2012-08-13', 9.39, 9.44, 9.39, 9.43]
['2012-08-14', 9.44, 9.44, 9.39, 9.43]
['2012-08-15', 9.44, 9.44, 9.39, 9.43]
['2012-08-16', 9.32, 9.43, 9.32, 9.43]
['2012-08-17', 9.43, 9.43, 9.4, 9.43]
['2012-08-20', 9.43, 9.43, 9.43, 9.43]
['2012-08-21', 9.42, 9.56, 9.39, 9.56]
['2012-08-22', 9.67, 9.82, 9.64, 9.72]
['2012-08-23', 9.8, 9.8, 9.56, 9.56]
['2012-08-24', 9.58, 9.69, 9.58, 9.69]
['2012-08-27', 9.69, 9.69, 9.52, 9.6]
['2012-08-28', 9.69, 9.76, 9.67, 9.67]
['2012-08-29', 9.67, 9.67, 9.62, 9.62]
['2012-08-30', 9.74, 9.76, 9.62, 9.76]
['2012-08-31', 9.76, 9.87, 9.73, 9.73]
['2012-09-04', 9.6, 9.73, 9.6, 9.73]
['2012-09-05', 9.7, 9.79, 9.69, 9.79]
['2012-09-06', 9.74, 9.77, 9.73, 9.77]
['2012-09-07', 9.67, 9.78, 9.67, 9.76]
['2012-09-10', 9.75, 9.76, 9.66, 9.76]
['2012-09-11', 9.71, 9.76, 9.71, 9.76]
['2012-09-12', 9.76, 9.77, 9.76, 9.76]
['2012-09-13', 9.76, 9.76, 9.72, 9.75]
['2012-09-14', 9.79, 9.79, 9.74, 9.77]
['2012-09-17', 9.67, 9.83, 9.67, 9.73]
['2012-09-18', 9.6, 9.83, 9.6, 9.83]
['2012-09-19', 9.79, 9.79, 9.77, 9.79]
['2012-09-20', 9.78, 9.88, 9.78, 9.88]
['2012-09-21', 9.85, 9.94, 9.79, 9.79]
['2012-09-24', 9.84, 9.94, 9.82, 9.94]
['2012-09-25', 9.85, 9.9, 9.81, 9.9]
['2012-09-26', 9.81, 9.81, 9.81, 9.81]
['2012-09-27', 9.81, 9.81, 9.81, 9.81]
['2012-09-28', 9.81, 9.81, 9.81, 9.81]
['2012-10-01', 9.81, 9.81, 9.73, 9.73]
['2012-10-02', 9.76, 9.76, 9.76, 9.76]
['2012-10-03', 9.81, 9.81, 9.81, 9.81]
['2012-10-04', 9.77, 9.81, 9.76, 9.8]
['2012-10-05', 9.83, 9.84, 9.81, 9.81]
['2012-10-08', 9.83, 9.84, 9.83, 9.84]
['2012-10-09', 9.8, 9.8, 9.8, 9.8]
['2012-10-10', 9.8, 9.81, 9.8, 9.8]
['2012-10-11', 9.84, 9.84, 9.8, 9.8]
['2012-10-12', 9.82, 9.82, 9.8, 9.82]
['2012-10-15', 9.8, 9.9, 9.8, 9.9]
['2012-10-16', 9.85, 9.9, 9.83, 9.9]
['2012-10-17', 9.89, 9.98, 9.89, 9.98]
['2012-10-18', 9.98, 9.98, 9.98, 9.98]
['2012-10-19', 9.98, 9.98, 9.98, 9.98]
['2012-10-22', 9.94, 9.94, 9.94, 9.94]
['2012-10-23', 9.85, 9.85, 9.85, 9.85]
['2012-10-24', 9.94, 9.97, 9.94, 9.97]
['2012-10-25', 9.98, 10.16, 9.94, 10.16]
['2012-10-26', 10.08, 10.08, 9.9, 10.03]
['2012-10-31', 10.12, 10.72, 10.12, 10.63]
['2012-11-01', 10.72, 10.94, 10.72, 10.94]
['2012-11-02', 10.94, 10.94, 10.85, 10.94]
['2012-11-05', 10.89, 10.94, 10.89, 10.94]
['2012-11-06', 10.94, 10.94, 10.88, 10.88]
['2012-11-07', 10.88, 10.88, 10.88, 10.88]
['2012-11-08', 10.88, 10.88, 10.87, 10.88]
['2012-11-09', 10.88, 10.88, 10.88, 10.88]
['2012-11-12', 10.78, 10.94, 10.67, 10.94]
['2012-11-13', 10.84, 10.94, 10.84, 10.94]
['2012-11-14', 10.94, 10.94, 10.94, 10.94]
['2012-11-15', 10.94, 10.94, 10.85, 10.85]
['2012-11-16', 10.94, 11.13, 10.94, 10.94]
['2012-11-19', 10.94, 11.16, 10.93, 11.14]
['2012-11-20', 11.16, 11.38, 11.16, 11.38]
['2012-11-21', 11.37, 11.85, 11.37, 11.47]
['2012-11-23', 11.64, 11.84, 11.64, 11.81]
['2012-11-26', 11.48, 11.83, 11.48, 11.83]
['2012-11-27', 11.67, 11.83, 11.67, 11.83]
['2012-11-28', 11.46, 11.79, 11.46, 11.79]
['2012-11-29', 11.8, 12.45, 11.8, 11.86]
['2012-11-30', 11.91, 11.94, 11.91, 11.94]
['2012-12-03', 11.92, 11.92, 11.86, 11.91]
['2012-12-04', 11.87, 11.92, 11.86, 11.87]
['2012-12-05', 11.92, 11.94, 11.92, 11.92]
['2012-12-06', 11.93, 12.14, 11.86, 12.13]
['2012-12-07', 11.94, 11.94, 11.89, 11.89]
['2012-12-10', 11.89, 11.89, 11.89, 11.89]
['2012-12-11', 11.53, 11.86, 11.53, 11.81]
['2012-12-12', 11.65, 11.8, 11.63, 11.79]
['2012-12-13', 11.87, 11.87, 11.77, 11.85]
['2012-12-14', 11.87, 11.87, 11.84, 11.86]
['2012-12-17', 11.81, 11.87, 11.81, 11.86]
['2012-12-18', 11.87, 11.87, 11.84, 11.84]
['2012-12-19', 11.85, 11.85, 11.84, 11.85]
['2012-12-20', 11.85, 11.85, 11.85, 11.85]
['2012-12-21', 11.71, 11.84, 11.56, 11.84]
['2012-12-24', 11.81, 11.85, 11.8, 11.8]
['2012-12-26', 11.8, 11.8, 11.8, 11.8]
['2012-12-27', 11.8, 11.8, 11.8, 11.8]
['2012-12-28', 11.65, 11.86, 11.65, 11.83]
['2012-12-31', 11.41, 11.83, 11.41, 11.83]
['2013-01-02', 11.83, 11.86, 11.82, 11.86]
['2013-01-03', 11.85, 11.86, 11.68, 11.86]
['2013-01-04', 11.78, 11.88, 11.68, 11.77]
['2013-01-07', 11.79, 11.94, 11.79, 11.91]
['2013-01-08', 11.9, 12.12, 11.85, 12.03]
['2013-01-09', 12.03, 12.11, 12.02, 12.03]
['2013-01-10', 11.86, 12.11, 11.86, 12.11]
['2013-01-11', 12.1, 12.1, 11.92, 11.92]
['2013-01-14', 11.91, 12.03, 11.91, 12.03]
['2013-01-15', 12.02, 12.22, 12.02, 12.21]
['2013-01-16', 12.05, 12.57, 12.05, 12.44]
['2013-01-17', 12.51, 12.68, 12.51, 12.53]
['2013-01-18', 12.67, 12.78, 12.62, 12.77]
['2013-01-22', 12.8, 12.95, 12.79, 12.95]
['2013-01-23', 13.0, 13.02, 12.87, 12.87]
['2013-01-24', 12.96, 13.22, 12.96, 13.19]
['2013-01-25', 13.22, 13.23, 13.01, 13.04]
['2013-01-28', 12.8, 12.8, 12.77, 12.77]
['2013-01-29', 12.78, 12.85, 12.72, 12.81]
['2013-01-30', 12.77, 12.81, 12.72, 12.81]
['2013-01-31', 12.81, 13.12, 12.77, 13.0]
['2013-02-01', 13.18, 13.63, 13.1, 13.62]
['2013-02-04', 13.6, 13.63, 13.17, 13.32]
['2013-02-05', 13.37, 13.38, 13.32, 13.32]
['2013-02-06', 13.23, 13.7, 13.23, 13.7]
['2013-02-07', 13.81, 13.91, 13.81, 13.9]
['2013-02-08', 13.68, 13.68, 13.68, 13.68]
['2013-02-11', 13.86, 14.12, 13.34, 14.12]
['2013-02-12', 13.57, 13.91, 13.57, 13.88]
['2013-02-13', 13.69, 13.69, 13.68, 13.68]
['2013-02-14', 13.69, 13.69, 13.68, 13.68]
['2013-02-15', 13.71, 13.88, 13.68, 13.88]
['2013-02-19', 13.79, 13.79, 13.79, 13.79]
['2013-02-20', 13.82, 13.84, 13.63, 13.63]
['2013-02-21', 13.42, 13.42, 13.42, 13.42]
['2013-02-22', 13.49, 13.68, 13.41, 13.41]
['2013-02-25', 13.41, 13.41, 13.01, 13.22]
['2013-02-26', 13.28, 13.82, 13.28, 13.37]
['2013-02-27', 13.45, 13.53, 13.45, 13.46]
['2013-02-28', 13.38, 13.38, 13.38, 13.38]
['2013-03-01', 13.37, 13.75, 13.37, 13.64]
['2013-03-04', 13.74, 13.74, 13.45, 13.53]
['2013-03-05', 13.62, 13.63, 13.57, 13.59]
['2013-03-06', 13.6, 13.66, 13.6, 13.66]
['2013-03-07', 13.66, 13.71, 13.53, 13.7]
['2013-03-08', 13.69, 13.69, 13.66, 13.66]
['2013-03-11', 13.81, 14.0, 13.7, 13.99]
['2013-03-12', 14.0, 14.0, 13.91, 13.91]
['2013-03-13', 13.99, 13.99, 13.86, 13.87]
['2013-03-14', 13.99, 17.74, 13.99, 14.96]
['2013-03-15', 14.37, 14.73, 14.36, 14.58]
['2013-03-18', 14.52, 14.52, 14.52, 14.52]
['2013-03-19', 14.68, 14.68, 14.5, 14.55]
['2013-03-20', 15.02, 15.02, 15.02, 15.02]
['2013-03-21', 14.85, 15.02, 14.85, 15.02]
['2013-03-22', 14.99, 14.99, 14.44, 14.44]
['2013-03-25', 14.44, 14.8, 14.44, 14.59]
['2013-03-26', 14.64, 14.68, 14.55, 14.55]
['2013-03-27', 14.56, 14.59, 14.53, 14.59]
['2013-03-28', 14.59, 14.59, 14.46, 14.46]
['2013-04-01', 14.58, 14.58, 14.46, 14.46]
['2013-04-02', 14.46, 14.46, 14.46, 14.46]
['2013-04-03', 14.45, 14.6, 14.45, 14.57]
['2013-04-04', 14.57, 14.7, 14.57, 14.7]
['2013-04-05', 14.57, 14.76, 14.57, 14.68]
['2013-04-08', 14.46, 14.57, 14.46, 14.55]
['2013-04-09', 14.46, 14.67, 14.46, 14.58]
['2013-04-10', 14.58, 14.58, 14.58, 14.58]
['2013-04-11', 14.59, 14.67, 14.59, 14.67]
['2013-04-12', 14.68, 14.77, 14.55, 14.77]
['2013-04-15', 14.77, 14.77, 14.68, 14.7]
['2013-04-16', 14.52, 14.52, 14.5, 14.5]
['2013-04-17', 14.51, 14.58, 14.36, 14.51]
['2013-04-18', 14.51, 14.51, 14.51, 14.51]
['2013-04-19', 14.57, 14.77, 14.46, 14.46]
['2013-04-22', 14.32, 14.32, 14.32, 14.32]
['2013-04-23', 14.49, 14.49, 14.49, 14.49]
['2013-04-24', 14.67, 14.67, 14.67, 14.67]
['2013-04-25', 14.59, 14.59, 14.32, 14.57]
['2013-04-26', 14.58, 14.58, 14.57, 14.57]
['2013-04-29', 14.58, 14.96, 14.42, 14.82]
['2013-04-30', 14.89, 15.02, 14.89, 15.01]
['2013-05-01', 14.89, 15.0, 14.89, 15.0]
['2013-05-02', 15.05, 15.05, 14.88, 15.04]
['2013-05-03', 15.05, 15.07, 14.83, 15.07]
['2013-05-06', 15.5, 15.5, 15.35, 15.5]
['2013-05-07', 15.46, 15.46, 15.4, 15.43]
['2013-05-08', 15.43, 15.46, 15.41, 15.46]
['2013-05-09', 15.48, 15.49, 15.41, 15.41]
['2013-05-10', 15.42, 15.44, 15.42, 15.42]
['2013-05-13', 15.39, 15.39, 15.33, 15.38]
['2013-05-14', 15.35, 15.55, 15.35, 15.55]
['2013-05-15', 15.52, 15.52, 15.41, 15.41]
['2013-05-16', 15.5, 15.5, 15.37, 15.37]
['2013-05-17', 15.47, 15.54, 15.47, 15.54]
['2013-05-20', 15.5, 15.5, 15.37, 15.38]
['2013-05-21', 15.54, 15.54, 15.46, 15.46]
['2013-05-22', 15.43, 15.47, 15.43, 15.47]
['2013-05-23', 15.38, 15.38, 15.38, 15.38]
['2013-05-24', 15.38, 15.5, 15.38, 15.47]
['2013-05-28', 15.55, 15.55, 15.55, 15.55]
['2013-05-29', 15.49, 15.55, 15.48, 15.55]
['2013-05-30', 15.1, 15.39, 15.1, 15.34]
['2013-05-31', 15.35, 15.55, 15.35, 15.55]
['2013-06-03', 15.55, 15.55, 15.52, 15.52]
['2013-06-04', 15.54, 15.54, 15.47, 15.52]
['2013-06-05', 15.42, 15.73, 15.42, 15.63]
['2013-06-06', 15.57, 15.81, 15.57, 15.57]
['2013-06-07', 15.57, 15.57, 15.57, 15.57]
['2013-06-10', 15.67, 17.15, 15.64, 16.8]
['2013-06-11', 16.63, 16.63, 16.3, 16.3]
['2013-06-12', 16.38, 16.38, 16.37, 16.37]
['2013-06-13', 16.33, 16.33, 16.33, 16.33]
['2013-06-14', 16.33, 16.33, 16.33, 16.33]
['2013-06-17', 15.78, 16.33, 15.78, 16.25]
['2013-06-18', 16.3, 16.3, 15.81, 16.18]
['2013-06-19', 15.88, 16.28, 15.83, 16.28]
['2013-06-20', 16.01, 16.01, 16.01, 16.01]
['2013-06-21', 15.84, 15.9, 15.78, 15.78]
['2013-06-24', 15.86, 15.86, 15.84, 15.84]
['2013-06-25', 16.33, 16.33, 16.33, 16.33]
['2013-06-26', 16.32, 16.32, 16.32, 16.32]
['2013-06-27', 16.21, 16.33, 16.21, 16.33]
['2013-06-28', 16.42, 16.47, 16.42, 16.47]
['2013-07-01', 16.42, 16.42, 15.86, 16.39]
['2013-07-02', 16.34, 16.38, 15.85, 16.37]
['2013-07-03', 16.37, 16.37, 16.37, 16.37]
['2013-07-05', 16.36, 16.36, 16.25, 16.33]
['2013-07-08', 15.87, 16.01, 15.87, 15.88]
['2013-07-09', 16.07, 16.17, 15.87, 16.11]
['2013-07-10', 15.98, 15.98, 15.87, 15.87]
['2013-07-11', 15.95, 15.95, 15.69, 15.69]
['2013-07-12', 15.7, 15.81, 15.56, 15.69]
['2013-07-15', 15.75, 15.77, 15.68, 15.68]
['2013-07-16', 15.55, 15.78, 15.55, 15.78]
['2013-07-17', 15.72, 15.79, 15.65, 15.76]
['2013-07-18', 15.69, 15.69, 15.69, 15.69]
['2013-07-19', 15.78, 15.82, 15.78, 15.82]
['2013-07-22', 15.82, 15.82, 15.65, 15.66]
['2013-07-23', 15.88, 15.92, 15.88, 15.92]
['2013-07-24', 15.96, 15.96, 15.64, 15.87]
['2013-07-25', 15.93, 15.93, 15.68, 15.82]
['2013-07-26', 15.79, 15.82, 15.64, 15.78]
['2013-07-29', 15.78, 15.82, 15.32, 15.82]
['2013-07-30', 15.7, 15.87, 15.7, 15.8]
['2013-07-31', 15.81, 15.87, 15.73, 15.87]
['2013-08-01', 15.84, 15.87, 15.84, 15.87]
['2013-08-02', 15.86, 15.86, 15.71, 15.71]
['2013-08-05', 15.67, 15.76, 15.67, 15.76]
['2013-08-06', 15.58, 15.67, 15.46, 15.67]
['2013-08-07', 15.44, 15.61, 15.44, 15.59]
['2013-08-08', 15.59, 15.59, 15.59, 15.59]
['2013-08-09', 15.29, 15.87, 15.29, 15.87]
['2013-08-12', 15.55, 15.55, 15.55, 15.55]
['2013-08-13', 15.6, 15.72, 15.6, 15.72]
['2013-08-14', 15.61, 15.69, 15.38, 15.38]
['2013-08-15', 15.39, 15.71, 15.39, 15.69]
['2013-08-16', 15.57, 15.57, 15.5, 15.5]
['2013-08-19', 15.57, 15.57, 15.09, 15.34]
['2013-08-20', 15.32, 15.32, 15.2, 15.2]
['2013-08-21', 15.18, 15.21, 15.18, 15.21]
['2013-08-22', 15.35, 15.35, 15.35, 15.35]
['2013-08-23', 15.37, 15.41, 15.37, 15.38]
['2013-08-26', 15.41, 15.42, 15.38, 15.38]
['2013-08-27', 15.36, 15.39, 15.35, 15.36]
['2013-08-28', 15.36, 15.37, 15.36, 15.37]
['2013-08-29', 15.29, 15.39, 15.29, 15.37]
['2013-08-30', 15.4, 15.41, 15.32, 15.41]
['2013-09-03', 15.49, 15.5, 15.43, 15.49]
['2013-09-04', 15.41, 15.5, 15.41, 15.5]
['2013-09-05', 15.58, 15.58, 15.28, 15.29]
['2013-09-06', 15.39, 15.39, 15.39, 15.39]
['2013-09-09', 15.45, 15.45, 15.45, 15.45]
['2013-09-10', 15.58, 15.73, 15.5, 15.61]
['2013-09-11', 15.5, 15.78, 15.5, 15.73]
['2013-09-12', 15.82, 15.9, 15.21, 15.6]
['2013-09-13', 15.82, 15.82, 15.6, 15.6]
['2013-09-16', 15.77, 15.83, 15.6, 15.83]
['2013-09-17', 15.81, 15.81, 15.78, 15.78]
['2013-09-18', 15.52, 15.73, 15.52, 15.73]
['2013-09-19', 15.83, 15.83, 15.78, 15.83]
['2013-09-20', 15.73, 15.92, 15.72, 15.92]
['2013-09-23', 15.92, 15.92, 15.92, 15.92]
['2013-09-24', 15.78, 15.92, 15.78, 15.79]
['2013-09-25', 15.83, 15.83, 15.52, 15.52]
['2013-09-26', 15.68, 15.73, 15.45, 15.6]
['2013-09-27', 15.63, 15.63, 15.61, 15.61]
['2013-09-30', 15.6, 15.6, 15.6, 15.6]
['2013-10-01', 15.6, 15.69, 15.6, 15.69]
['2013-10-02', 15.69, 15.78, 15.69, 15.78]
['2013-10-03', 15.69, 15.77, 15.57, 15.68]
['2013-10-04', 15.68, 15.68, 15.68, 15.68]
['2013-10-07', 15.42, 15.46, 15.23, 15.23]
['2013-10-08', 15.49, 15.49, 15.49, 15.49]
['2013-10-09', 15.49, 15.49, 15.49, 15.49]
['2013-10-10', 15.49, 15.49, 15.49, 15.49]
['2013-10-11', 15.46, 15.46, 15.38, 15.39]
['2013-10-14', 15.48, 15.48, 15.48, 15.48]
['2013-10-15', 15.22, 15.35, 15.22, 15.35]
['2013-10-16', 15.41, 15.46, 15.41, 15.46]
['2013-10-17', 15.29, 15.46, 15.24, 15.33]
['2013-10-18', 15.5, 15.5, 15.28, 15.36]
['2013-10-21', 15.27, 15.6, 15.21, 15.6]
['2013-10-22', 15.64, 15.64, 15.6, 15.6]
['2013-10-23', 15.57, 15.83, 15.57, 15.6]
['2013-10-24', 15.59, 15.67, 15.5, 15.61]
['2013-10-25', 15.49, 15.85, 15.49, 15.69]
['2013-10-28', 15.73, 15.78, 15.69, 15.72]
['2013-10-29', 15.72, 15.76, 15.72, 15.73]
['2013-10-30', 15.6, 15.83, 15.48, 15.83]
['2013-10-31', 15.57, 15.83, 15.57, 15.6]
['2013-11-01', 15.69, 15.82, 15.6, 15.6]
['2013-11-04', 15.75, 15.75, 15.56, 15.61]
['2013-11-05', 15.68, 15.83, 15.68, 15.78]
['2013-11-06', 15.73, 15.73, 15.73, 15.73]
['2013-11-07', 15.78, 15.78, 15.74, 15.74]
['2013-11-08', 15.72, 15.76, 15.72, 15.76]
['2013-11-11', 15.6, 15.6, 15.6, 15.6]
['2013-11-12', 15.73, 15.78, 15.73, 15.78]
['2013-11-13', 15.83, 15.9, 15.81, 15.9]
['2013-11-14', 15.9, 15.9, 15.82, 15.82]
['2013-11-15', 15.84, 15.84, 15.84, 15.84]
['2013-11-18', 15.84, 15.84, 15.82, 15.82]
['2013-11-19', 15.83, 15.83, 15.78, 15.78]
['2013-11-20', 15.78, 15.79, 15.78, 15.78]
['2013-11-21', 15.77, 15.77, 15.77, 15.77]
['2013-11-22', 15.83, 15.85, 15.83, 15.85]
['2013-11-25', 15.85, 15.85, 15.78, 15.78]
['2013-11-26', 15.73, 15.84, 15.73, 15.83]
['2013-11-27', 15.83, 15.83, 15.83, 15.83]
['2013-11-29', 15.84, 15.84, 15.84, 15.84]
['2013-12-02', 15.84, 15.84, 15.78, 15.84]
['2013-12-03', 15.84, 15.84, 15.78, 15.78]
['2013-12-04', 15.72, 15.84, 15.72, 15.84]
['2013-12-05', 15.77, 15.84, 15.77, 15.84]
['2013-12-06', 15.8, 15.85, 15.78, 15.85]
['2013-12-09', 15.85, 15.85, 15.79, 15.83]
['2013-12-10', 15.79, 15.81, 15.79, 15.8]
['2013-12-11', 15.79, 15.79, 15.79, 15.79]
['2013-12-12', 15.84, 15.85, 15.83, 15.84]
['2013-12-13', 15.84, 15.85, 15.81, 15.85]
['2013-12-16', 15.85, 15.85, 15.78, 15.78]
['2013-12-17', 15.85, 15.85, 15.82, 15.85]
['2013-12-18', 15.78, 15.85, 15.78, 15.85]
['2013-12-19', 15.79, 15.81, 15.79, 15.79]
['2013-12-20', 15.89, 15.96, 15.8, 15.8]
['2013-12-23', 15.86, 15.87, 15.81, 15.81]
['2013-12-24', 15.78, 15.78, 15.78, 15.78]
['2013-12-26', 15.84, 15.84, 15.78, 15.78]
['2013-12-27', 15.81, 15.81, 15.73, 15.81]
['2013-12-30', 15.75, 15.75, 15.75, 15.75]
['2013-12-31', 15.84, 15.84, 15.77, 15.78]
['2014-01-02', 15.82, 15.83, 15.73, 15.73]
['2014-01-03', 15.73, 15.73, 15.73, 15.73]
['2014-01-06', 15.8, 15.8, 15.73, 15.73]
['2014-01-07', 15.73, 15.73, 15.73, 15.73]
['2014-01-08', 15.73, 15.73, 15.73, 15.73]
['2014-01-09', 15.69, 15.69, 15.64, 15.64]
['2014-01-10', 15.64, 15.64, 15.64, 15.64]
['2014-01-13', 15.82, 15.82, 15.64, 15.71]
['2014-01-14', 15.64, 15.73, 15.64, 15.73]
['2014-01-15', 15.65, 15.81, 15.6, 15.64]
['2014-01-16', 15.61, 15.8, 15.61, 15.64]
['2014-01-17', 15.62, 15.67, 15.61, 15.61]
['2014-01-21', 15.58, 15.65, 15.56, 15.64]
['2014-01-22', 15.68, 15.81, 15.56, 15.56]
['2014-01-23', 15.65, 15.91, 15.65, 15.83]
['2014-01-24', 15.83, 15.84, 15.56, 15.64]
['2014-01-27', 15.72, 15.73, 15.72, 15.73]
['2014-01-28', 15.78, 15.78, 15.64, 15.64]
['2014-01-29', 15.64, 15.77, 15.61, 15.72]
['2014-01-30', 15.74, 15.81, 15.64, 15.79]
['2014-01-31', 15.68, 15.78, 15.65, 15.78]
['2014-02-03', 15.65, 15.71, 15.6, 15.61]
['2014-02-04', 15.64, 15.64, 15.64, 15.64]
['2014-02-05', 15.61, 15.64, 15.5, 15.5]
['2014-02-06', 15.51, 15.54, 15.51, 15.52]
['2014-02-07', 15.64, 15.65, 15.55, 15.6]
['2014-02-10', 15.68, 15.68, 15.51, 15.66]
['2014-02-11', 15.64, 15.65, 15.61, 15.61]
['2014-02-12', 15.56, 15.58, 15.55, 15.55]
['2014-02-13', 15.6, 15.6, 15.55, 15.55]
['2014-02-14', 15.55, 15.56, 15.55, 15.56]
['2014-02-18', 15.56, 15.56, 15.55, 15.55]
['2014-02-19', 15.55, 15.64, 15.55, 15.55]
['2014-02-20', 15.55, 15.72, 15.51, 15.72]
['2014-02-21', 15.55, 15.55, 15.5, 15.5]
['2014-02-24', 15.61, 15.61, 15.5, 15.5]
['2014-02-25', 15.61, 15.61, 15.61, 15.61]
['2014-02-26', 15.59, 15.59, 15.54, 15.54]
['2014-02-27', 15.69, 15.7, 15.65, 15.68]
['2014-02-28', 15.67, 15.73, 15.55, 15.55]
['2014-03-03', 15.59, 15.6, 15.5, 15.59]
['2014-03-04', 15.52, 15.61, 15.51, 15.61]
['2014-03-05', 15.6, 15.6, 15.59, 15.59]
['2014-03-06', 15.59, 15.59, 15.59, 15.59]
['2014-03-07', 15.6, 15.6, 15.56, 15.56]
['2014-03-10', 15.56, 15.56, 15.15, 15.49]
['2014-03-11', 15.49, 15.49, 15.49, 15.49]
['2014-03-12', 15.44, 15.44, 15.44, 15.44]
['2014-03-13', 15.36, 15.52, 15.36, 15.52]
['2014-03-14', 15.25, 15.49, 15.24, 15.45]
['2014-03-17', 15.36, 15.36, 15.36, 15.36]
['2014-03-18', 15.31, 15.36, 15.31, 15.36]
['2014-03-19', 15.36, 15.36, 15.36, 15.36]
['2014-03-20', 15.37, 15.37, 15.37, 15.37]
['2014-03-21', 15.35, 15.37, 15.35, 15.37]
['2014-03-24', 15.24, 15.26, 15.24, 15.26]
['2014-03-25', 15.26, 15.26, 15.26, 15.26]
['2014-03-26', 15.25, 15.37, 15.23, 15.23]
['2014-03-27', 15.23, 15.23, 15.23, 15.23]
['2014-03-28', 15.22, 15.37, 15.09, 15.22]
['2014-03-31', 15.13, 15.13, 15.09, 15.09]
['2014-04-01', 14.95, 14.98, 14.93, 14.98]
['2014-04-02', 15.12, 15.31, 15.12, 15.31]
['2014-04-03', 15.31, 15.31, 15.31, 15.31]
['2014-04-04', 15.25, 15.25, 15.25, 15.25]
['2014-04-07', 15.25, 15.25, 15.25, 15.25]
['2014-04-08', 15.25, 15.25, 15.25, 15.25]
['2014-04-09', 15.23, 15.23, 15.0, 15.12]
['2014-04-10', 15.11, 15.11, 15.11, 15.11]
['2014-04-11', 15.11, 15.11, 15.11, 15.11]
['2014-04-14', 15.11, 15.11, 15.11, 15.11]
['2014-04-15', 15.11, 15.11, 15.11, 15.11]
['2014-04-16', 15.05, 15.37, 15.0, 15.37]
['2014-04-17', 15.09, 15.37, 15.09, 15.37]
['2014-04-21', 15.35, 15.37, 15.22, 15.23]
['2014-04-22', 15.32, 15.32, 15.05, 15.14]
['2014-04-23', 15.14, 15.14, 15.14, 15.14]
['2014-04-24', 15.14, 15.14, 15.14, 15.14]
['2014-04-25', 14.54, 15.14, 14.54, 15.13]
['2014-04-28', 15.13, 15.13, 15.13, 15.13]
['2014-04-29', 15.12, 15.13, 14.3, 15.13]
['2014-04-30', 15.24, 15.24, 15.24, 15.24]
['2014-05-01', 15.21, 15.6, 15.21, 15.46]
['2014-05-02', 15.48, 15.59, 15.27, 15.27]
['2014-05-05', 15.27, 15.59, 15.27, 15.52]
['2014-05-06', 15.59, 15.59, 15.56, 15.59]
['2014-05-07', 15.59, 15.59, 15.59, 15.59]
['2014-05-08', 15.59, 15.59, 15.59, 15.59]
['2014-05-09', 15.5, 15.5, 15.26, 15.27]
['2014-05-12', 15.61, 15.96, 15.57, 15.84]
['2014-05-13', 15.99, 16.0, 15.7, 15.92]
['2014-05-14', 15.68, 15.87, 15.66, 15.87]
['2014-05-15', 15.82, 15.91, 15.76, 15.91]
['2014-05-16', 15.71, 15.84, 15.7, 15.7]
['2014-05-19', 15.73, 16.0, 15.73, 15.8]
['2014-05-20', 15.76, 15.8, 15.75, 15.76]
['2014-05-21', 15.76, 15.76, 15.76, 15.76]
['2014-05-22', 15.76, 15.89, 15.76, 15.89]
['2014-05-23', 15.79, 15.83, 15.75, 15.83]
['2014-05-27', 15.79, 15.88, 15.79, 15.85]
['2014-05-28', 15.77, 15.82, 15.75, 15.82]
['2014-05-29', 15.85, 15.85, 15.78, 15.79]
['2014-05-30', 15.77, 15.87, 15.77, 15.87]
['2014-06-02', 15.83, 15.92, 15.83, 15.92]
['2014-06-03', 15.95, 16.04, 15.86, 16.04]
['2014-06-04', 15.87, 15.91, 15.86, 15.91]
['2014-06-05', 15.92, 15.99, 15.92, 15.98]
['2014-06-06', 15.98, 15.98, 15.98, 15.98]
['2014-06-09', 15.85, 15.85, 15.76, 15.78]
['2014-06-10', 15.77, 15.85, 15.77, 15.82]
['2014-06-11', 15.82, 15.9, 15.75, 15.9]
['2014-06-12', 15.79, 15.92, 15.79, 15.92]
['2014-06-13', 15.75, 15.75, 15.75, 15.75]
['2014-06-16', 15.75, 15.75, 15.75, 15.75]
['2014-06-17', 15.75, 15.75, 15.75, 15.75]
['2014-06-18', 16.0, 16.0, 15.84, 15.84]
['2014-06-19', 15.77, 15.94, 15.75, 15.94]
['2014-06-20', 15.88, 16.12, 15.88, 16.12]
['2014-06-23', 15.98, 16.32, 15.98, 16.13]
['2014-06-24', 16.08, 16.24, 16.03, 16.05]
['2014-06-25', 16.12, 16.12, 16.12, 16.12]
['2014-06-26', 16.2, 16.2, 16.16, 16.18]
['2014-06-27', 16.11, 16.12, 16.11, 16.12]
['2014-06-30', 16.11, 16.12, 16.11, 16.12]
['2014-07-01', 15.93, 16.12, 15.93, 16.12]
['2014-07-02', 15.99, 16.12, 15.98, 16.11]
['2014-07-03', 16.11, 16.11, 16.11, 16.11]
['2014-07-07', 15.94, 15.96, 15.81, 15.96]
['2014-07-08', 15.96, 15.96, 15.96, 15.96]
['2014-07-09', 15.89, 15.9, 15.89, 15.9]
['2014-07-10', 15.74, 15.97, 15.74, 15.82]
['2014-07-11', 15.81, 15.94, 15.78, 15.82]
['2014-07-14', 15.8, 15.81, 15.65, 15.7]
['2014-07-15', 15.91, 16.02, 15.91, 16.02]
['2014-07-16', 15.77, 15.91, 15.77, 15.91]
['2014-07-17', 15.91, 15.91, 15.91, 15.91]
['2014-07-18', 15.91, 15.91, 15.91, 15.91]
['2014-07-21', 15.63, 15.88, 15.63, 15.88]
['2014-07-22', 15.82, 15.9, 15.82, 15.86]
['2014-07-23', 15.8, 15.82, 15.8, 15.82]
['2014-07-24', 15.81, 15.92, 15.81, 15.82]
['2014-07-25', 15.75, 15.92, 15.72, 15.92]
['2014-07-28', 15.88, 16.11, 15.81, 15.89]
['2014-07-29', 15.89, 16.06, 15.89, 16.05]
['2014-07-30', 16.11, 16.11, 15.97, 15.97]
['2014-07-31', 15.84, 16.0, 15.84, 15.98]
['2014-08-01', 16.02, 16.11, 15.88, 16.1]
['2014-08-04', 15.92, 15.94, 15.89, 15.94]
['2014-08-05', 15.74, 16.12, 15.74, 15.82]
['2014-08-06', 16.07, 16.07, 15.95, 15.95]
['2014-08-07', 15.95, 15.95, 15.95, 15.95]
['2014-08-08', 16.12, 16.12, 15.93, 15.93]
['2014-08-11', 15.98, 16.02, 15.95, 15.95]
['2014-08-12', 16.14, 16.14, 16.0, 16.04]
['2014-08-13', 16.13, 16.17, 15.88, 15.88]
['2014-08-14', 16.17, 16.17, 16.17, 16.17]
['2014-08-15', 16.16, 16.17, 15.97, 15.98]
['2014-08-18', 16.07, 16.08, 16.07, 16.08]
['2014-08-19', 16.17, 16.17, 16.08, 16.08]
['2014-08-20', 16.17, 16.17, 16.03, 16.03]
['2014-08-21', 16.08, 16.09, 16.08, 16.08]
['2014-08-22', 16.08, 16.16, 16.03, 16.07]
['2014-08-25', 16.16, 16.16, 16.16, 16.16]
['2014-08-26', 16.16, 16.17, 16.13, 16.13]
['2014-08-27', 16.13, 16.13, 16.13, 16.13]
['2014-08-28', 16.13, 16.16, 16.13, 16.13]
['2014-08-29', 16.13, 16.13, 16.13, 16.13]
['2014-09-02', 16.13, 16.13, 16.09, 16.09]
['2014-09-03', 16.1, 16.11, 16.1, 16.11]
['2014-09-04', 15.98, 16.06, 15.98, 16.06]
['2014-09-05', 16.06, 16.06, 16.06, 16.06]
['2014-09-08', 15.87, 16.03, 15.87, 16.03]
['2014-09-09', 15.91, 16.03, 15.91, 16.03]
['2014-09-10', 15.94, 16.06, 15.94, 16.06]
['2014-09-11', 15.93, 16.02, 15.91, 15.97]
['2014-09-12', 15.97, 15.97, 15.96, 15.97]
['2014-09-15', 16.17, 16.17, 15.94, 15.94]
['2014-09-16', 15.92, 15.97, 15.91, 15.97]
['2014-09-17', 15.94, 15.94, 15.94, 15.94]
['2014-09-18', 15.93, 15.93, 15.93, 15.93]
['2014-09-19', 15.8, 16.16, 15.8, 16.16]
['2014-09-22', 16.13, 16.13, 16.0, 16.0]
['2014-09-23', 15.73, 15.94, 15.72, 15.94]
['2014-09-24', 15.94, 15.94, 15.94, 15.94]
['2014-09-25', 15.74, 15.94, 15.7, 15.89]
['2014-09-26', 15.81, 15.82, 15.81, 15.81]
['2014-09-29', 15.72, 15.91, 15.72, 15.9]
['2014-09-30', 15.89, 15.89, 15.89, 15.89]
['2014-10-01', 15.89, 15.89, 15.71, 15.85]
['2014-10-02', 15.74, 15.87, 15.71, 15.83]
['2014-10-03', 15.85, 15.85, 15.71, 15.84]
['2014-10-06', 15.84, 15.84, 15.5, 15.5]
['2014-10-07', 15.52, 15.56, 15.52, 15.56]
['2014-10-08', 15.61, 15.61, 15.35, 15.61]
['2014-10-09', 15.6, 15.81, 15.6, 15.61]
['2014-10-10', 15.61, 15.61, 15.61, 15.61]
['2014-10-13', 15.61, 15.61, 15.61, 15.61]
['2014-10-14', 15.61, 15.61, 15.61, 15.61]
['2014-10-15', 15.61, 15.61, 15.61, 15.61]
['2014-10-16', 15.61, 15.61, 15.61, 15.61]
['2014-10-17', 15.59, 15.59, 15.59, 15.59]
['2014-10-20', 15.08, 15.61, 15.08, 15.59]
['2014-10-21', 15.56, 15.61, 15.56, 15.61]
['2014-10-22', 15.61, 15.8, 15.61, 15.8]
['2014-10-23', 15.8, 15.8, 15.8, 15.8]
['2014-10-24', 15.78, 15.89, 15.75, 15.89]
['2014-10-27', 15.76, 15.89, 15.76, 15.79]
['2014-10-28', 15.76, 16.17, 15.76, 16.17]
['2014-10-29', 16.17, 16.17, 16.17, 16.17]
['2014-10-30', 15.85, 16.08, 15.85, 16.08]
['2014-10-31', 16.0, 16.14, 15.97, 15.97]
['2014-11-03', 15.89, 15.89, 15.75, 15.89]
['2014-11-04', 15.89, 15.89, 15.89, 15.89]
['2014-11-05', 16.03, 16.04, 16.03, 16.03]
['2014-11-06', 16.03, 16.03, 16.03, 16.03]
['2014-11-07', 15.92, 15.92, 15.89, 15.89]
['2014-11-10', 15.94, 16.08, 15.89, 15.95]
['2014-11-11', 15.89, 15.99, 15.89, 15.99]
['2014-11-12', 16.09, 16.09, 16.09, 16.09]
['2014-11-13', 16.06, 16.06, 16.06, 16.06]
['2014-11-14', 16.09, 16.14, 16.09, 16.14]
['2014-11-17', 16.14, 16.16, 16.13, 16.15]
['2014-11-18', 16.15, 16.15, 16.15, 16.15]
['2014-11-19', 16.15, 16.18, 16.15, 16.18]
['2014-11-20', 16.21, 16.21, 16.13, 16.15]
['2014-11-21', 16.16, 16.23, 16.16, 16.22]
['2014-11-24', 16.23, 16.23, 16.23, 16.23]
['2014-11-25', 16.23, 16.23, 16.21, 16.21]
['2014-11-26', 16.23, 16.23, 16.22, 16.22]
['2014-11-28', 16.23, 16.23, 16.23, 16.23]
['2014-12-01', 16.23, 16.23, 16.23, 16.23]
['2014-12-02', 15.86, 16.22, 15.86, 16.22]
['2014-12-03', 14.99, 16.18, 14.99, 16.18]
['2014-12-04', 16.2, 16.2, 16.04, 16.04]
['2014-12-05', 15.94, 16.2, 15.82, 16.2]
['2014-12-08', 16.2, 16.2, 16.2, 16.2]
['2014-12-09', 15.86, 16.16, 15.86, 16.06]
['2014-12-10', 16.0, 16.15, 16.0, 16.15]
['2014-12-11', 16.08, 16.14, 16.04, 16.04]
['2014-12-12', 15.9, 16.14, 15.9, 16.14]
['2014-12-15', 16.14, 16.15, 16.13, 16.15]
['2014-12-16', 16.15, 16.18, 16.14, 16.14]
['2014-12-17', 16.17, 16.17, 16.05, 16.09]
['2014-12-18', 16.1, 16.14, 16.1, 16.14]
['2014-12-19', 16.14, 16.22, 16.14, 16.22]
['2014-12-22', 16.23, 16.23, 16.16, 16.23]
['2014-12-23', 16.33, 16.64, 16.23, 16.46]
['2014-12-24', 16.74, 16.74, 16.41, 16.65]
['2014-12-26', 16.65, 16.65, 16.65, 16.65]
['2014-12-29', 16.66, 16.66, 16.64, 16.65]
['2014-12-30', 16.65, 16.65, 16.65, 16.65]
['2014-12-31', 16.78, 17.02, 16.78, 17.02]
['2015-01-02', 17.01, 17.02, 16.99, 17.02]
['2015-01-05', 17.02, 17.02, 17.02, 17.02]
['2015-01-06', 17.02, 17.02, 16.6, 16.97]
['2015-01-07', 16.63, 16.97, 16.63, 16.97]
['2015-01-08', 16.97, 17.23, 16.97, 17.23]
['2015-01-09', 17.35, 17.35, 17.23, 17.23]
['2015-01-12', 17.25, 17.25, 16.8, 16.81]
['2015-01-13', 17.25, 17.25, 16.86, 16.91]
['2015-01-14', 16.88, 17.1, 16.8, 16.8]
['2015-01-15', 17.33, 17.33, 16.96, 17.0]
['2015-01-16', 17.0, 17.0, 17.0, 17.0]
['2015-01-20', 16.97, 17.44, 16.96, 17.44]
['2015-01-21', 16.96, 17.22, 16.96, 17.1]
['2015-01-22', 17.15, 17.23, 17.15, 17.23]
['2015-01-23', 17.1, 17.49, 16.81, 16.81]
['2015-01-26', 17.01, 17.38, 16.81, 16.99]
['2015-01-27', 16.99, 16.99, 16.99, 16.99]
['2015-01-28', 17.07, 17.07, 16.97, 16.97]
['2015-01-29', 16.97, 16.97, 16.84, 16.96]
['2015-01-30', 17.25, 17.47, 17.18, 17.25]
['2015-02-02', 17.31, 17.49, 17.31, 17.39]
['2015-02-03', 17.49, 17.71, 17.49, 17.71]
['2015-02-04', 17.64, 17.71, 17.25, 17.58]
['2015-02-05', 17.68, 17.68, 17.68, 17.68]
['2015-02-06', 17.67, 17.68, 17.49, 17.63]
['2015-02-09', 17.64, 17.68, 17.63, 17.68]
['2015-02-10', 17.59, 18.01, 17.51, 18.01]
['2015-02-11', 17.98, 18.01, 17.78, 17.78]
['2015-02-12', 17.78, 18.24, 17.78, 18.11]
['2015-02-13', 18.11, 18.11, 18.11, 18.11]
['2015-02-17', 18.11, 18.12, 18.06, 18.06]
['2015-02-18', 18.24, 18.24, 18.24, 18.24]
['2015-02-19', 18.19, 18.2, 18.19, 18.2]
['2015-02-20', 18.17, 18.2, 18.17, 18.2]
['2015-02-23', 18.2, 18.2, 18.18, 18.18]
['2015-02-24', 18.2, 18.2, 18.18, 18.18]
['2015-02-25', 18.2, 18.2, 18.18, 18.18]
['2015-02-26', 18.1, 18.2, 18.1, 18.2]
['2015-02-27', 18.2, 18.2, 18.06, 18.06]
['2015-03-02', 18.2, 18.2, 18.2, 18.2]
['2015-03-03', 18.18, 18.2, 18.17, 18.17]
['2015-03-04', 18.17, 18.17, 18.17, 18.17]
['2015-03-05', 18.17, 18.17, 18.17, 18.17]
['2015-03-06', 18.2, 18.2, 18.13, 18.13]
['2015-03-09', 18.2, 18.2, 18.2, 18.2]
['2015-03-10', 18.01, 18.2, 18.01, 18.02]
['2015-03-11', 18.17, 18.17, 18.04, 18.04]
['2015-03-12', 18.2, 18.2, 18.2, 18.2]
['2015-03-13', 18.2, 18.2, 18.2, 18.2]
['2015-03-16', 18.18, 18.18, 18.18, 18.18]
['2015-03-17', 18.18, 18.18, 17.73, 18.08]
['2015-03-18', 17.91, 17.99, 17.91, 17.99]
['2015-03-19', 17.68, 18.07, 17.68, 18.07]
['2015-03-20', 18.04, 18.04, 17.7, 17.7]
['2015-03-23', 17.9, 17.9, 17.9, 17.9]
['2015-03-24', 17.84, 17.87, 17.68, 17.87]
['2015-03-25', 17.86, 18.12, 17.78, 18.12]
['2015-03-26', 18.01, 18.15, 18.01, 18.15]
['2015-03-27', 18.17, 18.17, 18.17, 18.17]
['2015-03-30', 17.68, 18.15, 17.65, 17.69]
['2015-03-31', 18.15, 18.15, 17.77, 18.11]
['2015-04-01', 18.01, 18.02, 18.01, 18.02]
['2015-04-02', 17.82, 17.82, 17.82, 17.82]
['2015-04-06', 18.48, 18.48, 18.07, 18.07]
['2015-04-07', 18.1, 18.1, 18.01, 18.06]
['2015-04-08', 18.06, 18.44, 18.06, 18.2]
['2015-04-09', 18.37, 18.4, 18.34, 18.4]
['2015-04-10', 18.29, 18.47, 18.29, 18.43]
['2015-04-13', 18.43, 19.64, 18.39, 18.71]
['2015-04-14', 18.67, 18.67, 18.44, 18.66]
['2015-04-15', 18.62, 18.76, 18.43, 18.76]
['2015-04-16', 18.66, 18.76, 18.63, 18.68]
['2015-04-17', 18.62, 18.71, 18.62, 18.62]
['2015-04-20', 19.1, 19.1, 18.77, 18.77]
['2015-04-21', 18.62, 18.76, 18.48, 18.75]
['2015-04-22', 18.71, 18.76, 18.36, 18.37]
['2015-04-23', 18.39, 18.68, 18.39, 18.68]
['2015-04-24', 18.44, 18.65, 18.39, 18.65]
['2015-04-27', 18.67, 18.67, 18.39, 18.43]
['2015-04-28', 18.66, 19.95, 18.66, 18.9]
['2015-04-29', 18.84, 18.85, 18.76, 18.76]
['2015-04-30', 18.78, 18.81, 18.78, 18.78]
['2015-05-01', 18.95, 19.91, 18.95, 19.18]
['2015-05-04', 20.06, 20.49, 19.72, 20.49]
['2015-05-05', 20.77, 20.77, 20.06, 20.06]
['2015-05-06', 20.33, 20.33, 20.32, 20.32]
['2015-05-07', 20.49, 20.74, 20.49, 20.74]
['2015-05-08', 21.29, 21.29, 20.57, 20.57]
['2015-05-11', 20.55, 21.29, 20.21, 21.29]
['2015-05-12', 20.65, 21.12, 20.22, 20.65]
['2015-05-13', 20.65, 20.65, 20.15, 20.23]
['2015-05-14', 20.23, 21.3, 20.12, 20.66]
['2015-05-15', 20.08, 20.63, 19.71, 20.63]
['2015-05-18', 20.63, 20.63, 19.72, 19.72]
['2015-05-19', 19.77, 20.2, 19.77, 19.77]
['2015-05-20', 19.94, 20.02, 19.83, 19.94]
['2015-05-21', 20.18, 20.18, 20.18, 20.18]
['2015-05-22', 20.84, 20.84, 19.94, 20.06]
['2015-05-26', 20.06, 20.06, 19.71, 20.04]
['2015-05-27', 20.05, 21.35, 20.05, 20.2]
['2015-05-28', 20.22, 20.23, 20.02, 20.23]
['2015-05-29', 19.9, 20.64, 19.52, 19.94]
['2015-06-01', 19.94, 20.6, 19.94, 20.6]
['2015-06-02', 20.11, 21.26, 20.11, 20.65]
['2015-06-03', 21.09, 21.09, 21.09, 21.09]
['2015-06-04', 21.15, 21.21, 20.23, 20.23]
['2015-06-05', 20.94, 20.94, 20.65, 20.65]
['2015-06-08', 19.9, 20.84, 19.9, 20.84]
['2015-06-09', 21.01, 21.02, 20.37, 20.49]
['2015-06-10', 20.37, 21.35, 20.37, 21.12]
['2015-06-11', 20.41, 21.35, 20.41, 20.48]
['2015-06-12', 21.29, 21.29, 20.81, 20.81]
['2015-06-15', 21.21, 21.21, 20.74, 20.98]
['2015-06-16', 20.48, 21.12, 20.44, 20.44]
['2015-06-17', 21.1, 21.1, 20.48, 20.48]
['2015-06-18', 20.41, 21.0, 20.41, 20.47]
['2015-06-19', 20.66, 20.91, 20.48, 20.69]
['2015-06-22', 21.07, 21.07, 20.46, 20.59]
['2015-06-23', 20.63, 20.94, 20.51, 20.51]
['2015-06-24', 20.75, 20.75, 20.75, 20.75]
['2015-06-25', 20.88, 20.88, 20.46, 20.65]
['2015-06-26', 20.47, 20.64, 20.18, 20.51]
['2015-06-29', 20.19, 20.51, 20.19, 20.34]
['2015-06-30', 21.07, 21.07, 21.07, 21.07]
['2015-07-01', 20.88, 20.88, 20.41, 20.41]
['2015-07-02', 20.23, 20.71, 20.23, 20.35]
['2015-07-06', 20.65, 20.65, 20.65, 20.65]
['2015-07-07', 20.46, 20.65, 20.28, 20.28]
['2015-07-08', 20.23, 20.64, 20.23, 20.6]
['2015-07-09', 20.6, 20.6, 20.6, 20.6]
['2015-07-10', 20.84, 21.06, 20.39, 20.39]
['2015-07-13', 20.65, 20.76, 20.37, 20.37]
['2015-07-14', 20.41, 20.92, 20.37, 20.41]
['2015-07-15', 20.65, 20.65, 20.65, 20.65]
['2015-07-16', 20.49, 20.6, 20.43, 20.43]
['2015-07-17', 20.41, 20.58, 20.41, 20.43]
['2015-07-20', 20.35, 20.54, 20.32, 20.35]
['2015-07-21', 20.4, 20.43, 20.4, 20.43]
['2015-07-22', 20.61, 20.61, 20.41, 20.54]
['2015-07-23', 20.54, 20.54, 20.54, 20.54]
['2015-07-24', 20.54, 20.54, 20.54, 20.54]
['2015-07-27', 20.44, 20.54, 20.44, 20.53]
['2015-07-28', 20.87, 20.87, 20.4, 20.41]
['2015-07-29', 20.65, 21.38, 20.65, 21.12]
['2015-07-30', 21.26, 21.8, 21.26, 21.8]
['2015-07-31', 22.06, 22.06, 21.35, 21.76]
['2015-08-03', 21.77, 22.46, 21.59, 21.83]
['2015-08-04', 21.82, 22.33, 21.35, 22.01]
['2015-08-05', 21.6, 22.51, 21.59, 21.85]
['2015-08-06', 21.85, 22.43, 21.85, 22.43]
['2015-08-07', 22.48, 22.48, 21.91, 22.24]
['2015-08-10', 21.92, 22.53, 21.89, 22.27]
['2015-08-11', 22.21, 22.21, 22.21, 22.21]
['2015-08-12', 22.12, 22.12, 21.85, 22.09]
['2015-08-13', 22.12, 22.12, 22.12, 22.12]
['2015-08-14', 21.89, 22.33, 21.87, 22.33]
['2015-08-17', 21.82, 22.36, 21.82, 22.13]
['2015-08-18', 22.17, 22.17, 22.1, 22.1]
['2015-08-19', 21.82, 21.82, 21.82, 21.82]
['2015-08-20', 21.84, 21.84, 21.84, 21.84]
['2015-08-21', 21.65, 21.97, 21.65, 21.97]
['2015-08-24', 21.65, 21.97, 21.19, 21.19]
['2015-08-25', 21.44, 21.77, 21.38, 21.42]
['2015-08-26', 21.41, 21.84, 21.41, 21.82]
['2015-08-27', 21.89, 21.89, 21.65, 21.84]
['2015-08-28', 21.38, 22.37, 21.38, 21.84]
['2015-08-31', 21.65, 21.91, 21.65, 21.89]
['2015-09-01', 21.79, 21.79, 21.6, 21.74]
['2015-09-02', 21.84, 21.85, 21.6, 21.66]
['2015-09-03', 21.66, 21.89, 21.66, 21.83]
['2015-09-04', 21.62, 21.67, 21.62, 21.67]
['2015-09-08', 21.92, 21.92, 21.73, 21.73]
['2015-09-09', 21.84, 21.84, 21.82, 21.84]
['2015-09-10', 21.84, 21.84, 21.84, 21.84]
['2015-09-11', 21.83, 21.83, 21.65, 21.82]
['2015-09-14', 21.82, 21.82, 21.82, 21.82]
['2015-09-15', 21.7, 21.82, 21.7, 21.82]
['2015-09-16', 21.83, 21.89, 21.83, 21.89]
['2015-09-17', 21.42, 22.1, 21.42, 21.9]
['2015-09-18', 21.93, 22.32, 21.79, 22.32]
['2015-09-21', 22.49, 22.49, 22.12, 22.21]
['2015-09-22', 22.21, 22.21, 22.21, 22.21]
['2015-09-23', 22.13, 22.86, 22.12, 22.36]
['2015-09-24', 22.36, 22.4, 22.12, 22.4]
['2015-09-25', 22.15, 22.4, 22.12, 22.12]
['2015-09-28', 22.02, 22.36, 22.02, 22.28]
['2015-09-29', 22.13, 22.45, 21.7, 22.2]
['2015-09-30', 22.2, 22.2, 22.2, 22.2]
['2015-10-01', 22.2, 22.2, 22.2, 22.2]
['2015-10-02', 22.2, 22.2, 22.2, 22.2]
['2015-10-05', 22.21, 22.47, 22.21, 22.47]
['2015-10-06', 22.1, 22.1, 22.1, 22.1]
['2015-10-07', 21.65, 22.17, 21.65, 22.15]
['2015-10-08', 22.24, 22.36, 22.24, 22.36]
['2015-10-09', 22.43, 22.59, 22.43, 22.52]
['2015-10-12', 22.33, 22.59, 22.31, 22.59]
['2015-10-13', 22.59, 22.66, 22.33, 22.66]
['2015-10-14', 22.66, 22.66, 22.66, 22.66]
['2015-10-15', 22.59, 22.59, 22.55, 22.57]
['2015-10-16', 22.41, 22.59, 22.41, 22.59]
['2015-10-19', 22.4, 22.4, 22.31, 22.38]
['2015-10-20', 22.59, 22.59, 22.45, 22.45]
['2015-10-21', 22.59, 22.66, 22.55, 22.63]
['2015-10-22', 22.3, 22.58, 22.22, 22.22]
['2015-10-23', 22.62, 22.66, 22.58, 22.66]
['2015-10-26', 22.86, 24.1, 22.31, 24.01]
['2015-10-27', 23.91, 23.98, 23.14, 23.98]
['2015-10-28', 24.07, 24.94, 23.5, 24.94]
['2015-10-29', 24.29, 24.47, 24.29, 24.43]
['2015-10-30', 24.65, 24.66, 24.11, 24.11]
['2015-11-02', 24.0, 24.42, 23.96, 24.05]
['2015-11-03', 24.05, 24.32, 23.63, 23.63]
['2015-11-04', 24.29, 24.35, 24.17, 24.17]
['2015-11-05', 24.34, 24.34, 24.34, 24.34]
['2015-11-06', 24.32, 24.35, 24.32, 24.35]
['2015-11-09', 24.61, 24.61, 24.58, 24.61]
['2015-11-10', 24.46, 24.51, 24.34, 24.36]
['2015-11-11', 24.61, 24.61, 24.37, 24.37]
['2015-11-12', 23.94, 23.94, 23.94, 23.94]
['2015-11-13', 24.1, 24.37, 24.09, 24.17]
['2015-11-16', 24.28, 24.28, 24.28, 24.28]
['2015-11-17', 24.13, 24.37, 24.13, 24.21]
['2015-11-18', 24.15, 24.35, 24.13, 24.21]
['2015-11-19', 24.21, 24.21, 24.21, 24.21]
['2015-11-20', 24.33, 24.37, 24.33, 24.35]
['2015-11-23', 24.37, 24.61, 24.37, 24.61]
['2015-11-24', 24.61, 24.61, 24.61, 24.61]
['2015-11-25', 24.7, 24.7, 24.61, 24.61]
['2015-11-27', 24.6, 24.6, 24.6, 24.6]
['2015-11-30', 24.61, 24.61, 24.61, 24.61]
['2015-12-01', 24.55, 24.55, 24.38, 24.38]
['2015-12-02', 24.38, 24.52, 24.38, 24.52]
['2015-12-03', 24.34, 24.56, 24.34, 24.39]
['2015-12-04', 24.61, 24.61, 24.38, 24.61]
['2015-12-07', 24.46, 24.56, 24.39, 24.55]
['2015-12-08', 24.36, 24.36, 24.13, 24.29]
['2015-12-09', 24.28, 24.42, 24.14, 24.14]
['2015-12-10', 24.24, 24.24, 24.13, 24.13]
['2015-12-11', 24.15, 24.15, 24.13, 24.13]
['2015-12-14', 24.38, 24.38, 24.38, 24.38]
['2015-12-15', 24.38, 24.38, 24.38, 24.38]
['2015-12-16', 23.9, 24.37, 23.66, 24.03]
['2015-12-17', 23.68, 23.9, 23.33, 23.9]
['2015-12-18', 23.7, 24.12, 23.66, 23.86]
['2015-12-21', 23.52, 24.42, 23.52, 24.13]
['2015-12-22', 23.81, 24.35, 23.8, 23.83]
['2015-12-23', 23.66, 23.9, 23.66, 23.9]
['2015-12-24', 23.9, 24.13, 23.9, 24.13]
['2015-12-28', 24.37, 24.37, 24.28, 24.28]
['2015-12-29', 24.21, 24.21, 24.21, 24.21]
['2015-12-30', 24.13, 24.61, 24.13, 24.55]
['2015-12-31', 24.4, 24.61, 24.4, 24.61]
['2016-01-04', 24.37, 24.4, 23.66, 24.01]
['2016-01-05', 24.04, 24.61, 23.96, 24.61]
['2016-01-06', 24.84, 24.95, 24.61, 24.95]
['2016-01-07', 24.55, 24.61, 24.2, 24.2]
['2016-01-08', 24.0, 24.26, 24.0, 24.25]
['2016-01-11', 24.01, 24.09, 23.99, 23.99]
['2016-01-12', 23.96, 23.96, 23.66, 23.66]
['2016-01-13', 23.66, 23.66, 23.19, 23.57]
['2016-01-14', 23.51, 23.51, 22.73, 23.49]
['2016-01-15', 22.96, 23.91, 20.87, 23.19]
['2016-01-19', 22.71, 23.32, 22.12, 22.71]
['2016-01-20', 22.48, 22.48, 21.8, 22.11]
['2016-01-21', 21.83, 22.21, 21.79, 22.1]
['2016-01-22', 22.15, 22.29, 22.0, 22.27]
['2016-01-25', 22.24, 22.26, 21.28, 22.26]
['2016-01-26', 22.14, 22.14, 21.88, 22.12]
['2016-01-27', 22.25, 22.25, 22.03, 22.03]
['2016-01-28', 22.2, 22.52, 22.2, 22.5]
['2016-01-29', 22.67, 23.64, 22.53, 23.42]
['2016-02-01', 23.61, 23.73, 23.19, 23.19]
['2016-02-02', 22.88, 22.88, 22.88, 22.88]
['2016-02-03', 22.81, 23.19, 22.81, 22.95]
['2016-02-04', 22.59, 23.26, 22.59, 22.99]
['2016-02-05', 22.73, 23.41, 22.48, 22.53]
['2016-02-08', 22.78, 23.26, 22.16, 22.78]
['2016-02-09', 22.92, 23.03, 22.92, 22.97]
['2016-02-10', 22.86, 22.9, 22.86, 22.9]
['2016-02-11', 22.31, 22.94, 22.31, 22.78]
['2016-02-12', 22.78, 23.16, 22.78, 23.16]
['2016-02-16', 22.62, 23.16, 22.61, 22.87]
['2016-02-17', 22.92, 23.01, 22.77, 23.01]
['2016-02-18', 22.62, 22.86, 22.54, 22.86]
['2016-02-19', 22.65, 22.69, 22.64, 22.69]
['2016-02-22', 22.87, 23.04, 22.54, 23.01]
['2016-02-23', 22.82, 23.0, 22.82, 22.98]
['2016-02-24', 22.82, 23.16, 22.82, 23.16]
['2016-02-25', 23.16, 23.16, 22.95, 23.07]
['2016-02-26', 22.98, 23.07, 22.98, 23.06]
['2016-02-29', 23.09, 23.28, 23.02, 23.16]
['2016-03-01', 23.09, 23.32, 22.4, 23.31]
['2016-03-02', 23.31, 24.41, 23.31, 23.96]
['2016-03-03', 23.89, 24.6, 23.46, 23.97]
['2016-03-04', 24.24, 25.14, 23.94, 24.27]
['2016-03-07', 24.25, 24.25, 24.19, 24.19]
['2016-03-08', 24.3, 24.3, 23.98, 23.98]
['2016-03-09', 24.07, 24.34, 24.07, 24.1]
['2016-03-10', 24.1, 24.1, 24.03, 24.03]
['2016-03-11', 23.84, 23.91, 23.84, 23.84]
['2016-03-14', 23.82, 23.82, 23.81, 23.81]
['2016-03-15', 23.65, 23.68, 23.65, 23.68]
['2016-03-16', 23.28, 23.41, 23.27, 23.27]
['2016-03-17', 23.38, 24.13, 23.38, 24.13]
['2016-03-18', 23.83, 24.21, 23.83, 24.21]
['2016-03-21', 23.95, 24.06, 23.92, 24.06]
['2016-03-22', 23.85, 24.06, 23.85, 24.06]
['2016-03-23', 23.97, 23.97, 23.7, 23.7]
['2016-03-24', 23.73, 23.73, 23.73, 23.73]
['2016-03-28', 23.82, 23.83, 23.82, 23.83]
['2016-03-29', 23.73, 23.73, 23.73, 23.73]
['2016-03-30', 23.73, 23.87, 23.73, 23.87]
['2016-03-31', 23.83, 24.06, 23.83, 23.91]
['2016-04-01', 23.86, 24.11, 23.86, 24.11]
['2016-04-04', 24.11, 24.11, 23.37, 23.37]
['2016-04-05', 23.73, 23.83, 23.73, 23.73]
['2016-04-06', 23.73, 24.05, 23.73, 23.97]
['2016-04-07', 24.03, 24.03, 23.41, 23.41]
['2016-04-08', 23.59, 23.61, 23.26, 23.37]
['2016-04-11', 23.36, 23.68, 23.36, 23.55]
['2016-04-12', 23.4, 23.47, 23.32, 23.47]
['2016-04-13', 23.58, 23.91, 23.58, 23.83]
['2016-04-14', 23.72, 23.89, 23.68, 23.73]
['2016-04-15', 23.26, 23.96, 23.26, 23.52]
['2016-04-18', 23.53, 24.02, 23.47, 23.7]
['2016-04-19', 24.03, 24.11, 23.9, 24.01]
['2016-04-20', 24.1, 24.11, 24.02, 24.02]
['2016-04-21', 24.05, 24.06, 24.01, 24.02]
['2016-04-22', 24.09, 24.09, 23.95, 23.95]
['2016-04-25', 23.97, 24.11, 23.97, 24.06]
['2016-04-26', 24.07, 24.07, 24.07, 24.07]
['2016-04-27', 24.11, 24.11, 24.02, 24.09]
['2016-04-28', 24.09, 24.2, 24.03, 24.2]
['2016-04-29', 24.17, 24.17, 23.32, 23.88]
['2016-05-02', 23.91, 24.21, 23.37, 23.37]
['2016-05-03', 23.25, 24.1, 23.25, 23.73]
['2016-05-04', 23.13, 23.74, 23.13, 23.74]
['2016-05-05', 23.8, 24.18, 23.27, 23.27]
['2016-05-06', 23.63, 23.97, 23.09, 23.73]
['2016-05-09', 23.83, 23.83, 23.37, 23.55]
['2016-05-10', 23.69, 23.82, 23.5, 23.54]
['2016-05-11', 23.54, 23.68, 23.54, 23.56]
['2016-05-12', 23.41, 23.64, 23.35, 23.35]
['2016-05-13', 23.44, 23.45, 23.35, 23.35]
['2016-05-16', 23.21, 23.91, 23.21, 23.31]
['2016-05-17', 23.32, 23.51, 23.25, 23.26]
['2016-05-18', 23.7, 23.7, 23.3, 23.3]
['2016-05-19', 23.46, 23.71, 23.36, 23.71]
['2016-05-20', 23.67, 23.8, 23.64, 23.68]
['2016-05-23', 23.55, 23.71, 23.55, 23.55]
['2016-05-24', 23.82, 23.87, 23.62, 23.8]
['2016-05-25', 23.73, 23.73, 23.32, 23.57]
['2016-05-26', 23.57, 23.57, 23.57, 23.57]
['2016-05-27', 23.65, 23.69, 23.65, 23.69]
['2016-05-31', 23.71, 23.71, 23.71, 23.71]
['2016-06-01', 23.39, 23.66, 23.39, 23.63]
['2016-06-02', 23.78, 23.81, 23.64, 23.64]
['2016-06-03', 23.53, 23.75, 23.53, 23.68]
['2016-06-06', 23.68, 23.91, 23.64, 23.91]
['2016-06-07', 23.91, 23.97, 23.91, 23.92]
['2016-06-08', 23.83, 23.99, 23.83, 23.99]
['2016-06-09', 23.99, 24.27, 23.99, 24.27]
['2016-06-10', 24.25, 24.34, 24.06, 24.3]
['2016-06-13', 23.9, 24.25, 23.9, 24.14]
['2016-06-14', 24.14, 24.18, 24.14, 24.18]
['2016-06-15', 24.11, 24.55, 24.11, 24.54]
['2016-06-16', 24.35, 24.54, 24.22, 24.54]
['2016-06-17', 24.75, 24.78, 24.75, 24.78]
['2016-06-20', 23.98, 24.78, 23.98, 24.78]
['2016-06-21', 24.78, 24.78, 24.41, 24.7]
['2016-06-22', 24.75, 25.03, 24.68, 24.78]
['2016-06-23', 25.01, 25.01, 24.69, 24.7]
['2016-06-24', 24.31, 24.48, 24.18, 24.33]
['2016-06-27', 24.34, 24.34, 24.06, 24.06]
['2016-06-28', 23.96, 24.2, 23.96, 24.17]
['2016-06-29', 24.17, 24.25, 24.16, 24.25]
['2016-06-30', 24.16, 24.29, 24.16, 24.16]
['2016-07-01', 24.24, 24.3, 24.07, 24.07]
['2016-07-05', 24.09, 24.66, 24.02, 24.33]
['2016-07-06', 24.26, 24.26, 24.03, 24.18]
['2016-07-07', 24.16, 24.49, 24.16, 24.49]
['2016-07-08', 24.21, 24.35, 24.21, 24.35]
['2016-07-11', 24.33, 24.49, 24.33, 24.49]
['2016-07-12', 24.4, 25.03, 24.4, 24.78]
['2016-07-13', 24.61, 24.77, 24.4, 24.4]
['2016-07-14', 24.5, 24.7, 24.46, 24.68]
['2016-07-15', 24.37, 24.68, 24.28, 24.67]
['2016-07-18', 24.5, 24.5, 24.5, 24.5]
['2016-07-19', 23.95, 24.5, 23.95, 24.47]
['2016-07-20', 24.35, 24.35, 24.35, 24.35]
['2016-07-21', 24.4, 24.4, 24.38, 24.38]
['2016-07-22', 24.35, 24.35, 24.35, 24.35]
['2016-07-25', 24.35, 24.35, 24.35, 24.35]
['2016-07-26', 24.3, 24.4, 24.27, 24.3]
['2016-07-27', 24.3, 24.3, 24.3, 24.3]
['2016-07-28', 24.3, 25.69, 24.3, 25.47]
['2016-07-29', 25.54, 25.82, 25.51, 25.54]
['2016-08-01', 25.58, 25.92, 25.58, 25.74]
['2016-08-02', 25.75, 25.91, 25.75, 25.91]
['2016-08-03', 26.19, 26.3, 25.77, 26.06]
['2016-08-04', 26.12, 26.47, 26.12, 26.47]
['2016-08-05', 26.28, 26.54, 26.28, 26.49]
['2016-08-08', 26.49, 26.62, 26.47, 26.5]
['2016-08-09', 26.54, 26.64, 26.54, 26.64]
['2016-08-10', 26.62, 26.66, 26.59, 26.64]
['2016-08-11', 26.74, 26.77, 25.39, 25.91]
['2016-08-12', 26.26, 26.35, 26.03, 26.35]
['2016-08-15', 26.45, 26.45, 26.39, 26.4]
['2016-08-16', 26.4, 26.4, 26.4, 26.4]
['2016-08-17', 26.4, 26.4, 26.4, 26.4]
['2016-08-18', 26.4, 26.64, 26.4, 26.64]
['2016-08-19', 26.64, 26.64, 26.64, 26.64]
['2016-08-22', 26.64, 26.64, 26.64, 26.64]
['2016-08-23', 26.15, 26.4, 26.01, 26.4]
['2016-08-24', 25.86, 26.58, 25.86, 26.56]
['2016-08-25', 26.65, 26.71, 26.39, 26.39]
['2016-08-26', 26.39, 26.39, 26.39, 26.39]
['2016-08-29', 26.4, 26.4, 26.4, 26.4]
['2016-08-30', 26.6, 26.78, 26.56, 26.78]
['2016-08-31', 27.29, 27.29, 26.56, 26.79]
['2016-09-01', 26.79, 26.79, 26.79, 26.79]
['2016-09-02', 26.1, 26.79, 26.1, 26.74]
['2016-09-06', 25.87, 27.28, 25.87, 27.28]
['2016-09-07', 26.42, 27.84, 26.28, 26.29]
['2016-09-08', 26.62, 27.23, 26.62, 27.23]
['2016-09-09', 26.82, 27.35, 26.78, 26.79]
['2016-09-12', 27.06, 27.24, 26.7, 26.78]
['2016-09-13', 26.5, 26.87, 25.83, 26.84]
['2016-09-14', 26.56, 26.56, 26.3, 26.3]
['2016-09-15', 26.26, 26.82, 26.26, 26.57]
['2016-09-16', 26.52, 27.35, 26.43, 27.35]
['2016-09-19', 26.7, 27.12, 26.7, 27.03]
['2016-09-20', 27.01, 27.02, 27.01, 27.02]
['2016-09-21', 27.02, 27.02, 27.02, 27.02]
['2016-09-22', 27.07, 27.16, 26.83, 26.83]
['2016-09-23', 26.83, 26.83, 26.83, 26.83]
['2016-09-26', 26.7, 26.83, 26.7, 26.83]
['2016-09-27', 26.96, 26.99, 26.83, 26.83]
['2016-09-28', 26.78, 26.88, 26.66, 26.66]
['2016-09-29', 26.92, 28.23, 26.92, 28.22]
['2016-09-30', 28.16, 28.21, 27.74, 27.92]
['2016-10-03', 27.93, 27.93, 26.97, 27.16]
['2016-10-04', 26.8, 27.62, 26.8, 27.0]
['2016-10-05', 26.92, 27.71, 26.92, 27.25]
['2016-10-06', 26.8, 27.18, 26.8, 27.18]
['2016-10-07', 27.38, 27.39, 27.36, 27.38]
['2016-10-10', 27.41, 27.41, 26.91, 26.91]
['2016-10-11', 26.8, 27.5, 26.66, 27.42]
['2016-10-12', 27.26, 27.5, 27.26, 27.26]
['2016-10-13', 26.78, 26.78, 26.78, 26.78]
['2016-10-14', 26.88, 26.92, 26.79, 26.92]
['2016-10-17', 26.88, 27.14, 26.59, 26.89]
['2016-10-18', 26.78, 27.23, 26.78, 27.23]
['2016-10-19', 26.8, 26.8, 26.8, 26.8]
['2016-10-20', 26.83, 26.88, 26.83, 26.88]
['2016-10-21', 27.08, 27.08, 27.08, 27.08]
['2016-10-24', 27.21, 27.21, 27.21, 27.21]
['2016-10-25', 27.13, 27.13, 27.04, 27.08]
['2016-10-26', 27.15, 27.31, 27.12, 27.3]
['2016-10-27', 27.3, 27.3, 27.3, 27.3]
['2016-10-28', 27.74, 28.68, 27.7, 28.22]
['2016-10-31', 28.12, 28.68, 28.03, 28.46]
['2016-11-01', 28.36, 28.68, 28.36, 28.55]
['2016-11-02', 28.61, 28.64, 28.55, 28.64]
['2016-11-03', 28.77, 29.21, 28.76, 29.21]
['2016-11-04', 29.55, 29.65, 29.27, 29.31]
['2016-11-07', 29.53, 29.56, 29.51, 29.51]
['2016-11-08', 29.57, 29.65, 29.57, 29.57]
['2016-11-09', 29.65, 29.65, 28.7, 29.65]
['2016-11-10', 29.65, 29.65, 28.92, 29.65]
['2016-11-11', 29.27, 29.64, 29.27, 29.61]
['2016-11-14', 29.51, 29.65, 29.44, 29.65]
['2016-11-15', 29.65, 29.84, 29.65, 29.66]
['2016-11-16', 29.66, 29.99, 29.66, 29.98]
['2016-11-17', 30.06, 30.54, 30.02, 30.54]
['2016-11-18', 30.51, 30.85, 30.51, 30.79]
['2016-11-21', 30.7, 30.7, 30.58, 30.66]
['2016-11-22', 30.51, 30.85, 30.51, 30.69]
['2016-11-23', 30.79, 31.42, 30.72, 31.42]
['2016-11-25', 31.02, 31.43, 31.02, 31.33]
['2016-11-28', 31.43, 31.9, 31.43, 31.9]
['2016-11-29', 31.89, 32.39, 31.7, 32.39]
['2016-11-30', 32.34, 32.87, 32.3, 32.82]
['2016-12-01', 32.86, 33.59, 32.83, 33.42]
['2016-12-02', 33.53, 34.3, 33.53, 34.22]
['2016-12-05', 34.3, 34.78, 33.15, 34.78]
['2016-12-06', 32.73, 34.76, 32.49, 34.25]
['2016-12-07', 34.65, 35.02, 34.56, 34.64]
['2016-12-08', 35.98, 35.98, 34.65, 34.65]
['2016-12-09', 35.02, 37.24, 34.55, 36.27]
['2016-12-12', 36.18, 36.18, 36.01, 36.01]
['2016-12-13', 36.14, 36.61, 36.14, 36.41]
['2016-12-14', 35.79, 35.79, 35.23, 35.23]
['2016-12-15', 33.97, 35.22, 33.97, 35.02]
['2016-12-16', 34.38, 34.98, 34.31, 34.31]
['2016-12-19', 33.24, 33.87, 33.06, 33.61]
['2016-12-20', 34.09, 34.55, 33.78, 34.12]
['2016-12-21', 33.63, 34.19, 33.63, 33.73]
['2016-12-22', 34.09, 35.24, 33.78, 35.24]
['2016-12-23', 34.26, 35.16, 34.26, 34.46]
['2016-12-27', 35.03, 36.7, 34.55, 35.5]
['2016-12-28', 35.3, 35.5, 35.3, 35.5]
['2016-12-29', 35.5, 35.5, 33.92, 34.5]
['2016-12-30', 34.11, 34.5, 34.11, 34.5]
['2017-01-03', 34.51, 34.83, 34.07, 34.31]
['2017-01-04', 34.07, 34.31, 33.6, 33.74]
['2017-01-05', 33.74, 34.14, 33.7, 33.79]
['2017-01-06', 33.48, 34.0, 33.48, 34.0]
['2017-01-09', 33.6, 33.78, 32.72, 33.6]
['2017-01-10', 33.57, 33.63, 33.12, 33.63]
['2017-01-11', 33.78, 33.83, 33.59, 33.59]
['2017-01-12', 34.02, 34.4, 33.59, 33.6]
['2017-01-13', 33.6, 33.82, 33.59, 33.59]
['2017-01-17', 33.64, 34.31, 33.59, 34.31]
['2017-01-18', 34.31, 34.55, 33.65, 33.65]
['2017-01-19', 34.07, 34.31, 33.68, 34.31]
['2017-01-20', 34.28, 34.3, 33.59, 33.95]
['2017-01-23', 33.96, 33.97, 33.5, 33.5]
['2017-01-24', 33.58, 33.86, 33.51, 33.86]
['2017-01-25', 33.92, 33.92, 33.54, 33.54]
['2017-01-26', 33.83, 34.01, 33.72, 33.81]
['2017-01-27', 33.89, 33.89, 33.81, 33.81]
['2017-01-30', 34.03, 34.31, 33.98, 34.29]
['2017-01-31', 34.09, 34.31, 34.07, 34.31]
['2017-02-01', 34.49, 34.55, 34.31, 34.55]
['2017-02-02', 34.55, 34.61, 34.49, 34.61]
['2017-02-03', 34.94, 37.88, 34.94, 35.62]
['2017-02-06', 35.6, 36.99, 35.6, 36.08]
['2017-02-07', 36.62, 36.62, 36.08, 36.37]
['2017-02-08', 36.57, 37.06, 36.55, 36.78]
['2017-02-09', 36.8, 38.2, 36.69, 36.73]
['2017-02-10', 37.44, 37.81, 36.56, 37.43]
['2017-02-13', 37.52, 37.6, 37.04, 37.04]
['2017-02-14', 36.95, 37.38, 36.56, 36.6]
['2017-02-15', 36.6, 37.03, 36.25, 36.75]
['2017-02-16', 36.82, 36.82, 36.6, 36.6]
['2017-02-17', 36.96, 36.96, 36.08, 36.08]
['2017-02-21', 36.52, 36.8, 36.29, 36.64]
['2017-02-22', 35.85, 36.69, 35.12, 36.56]
['2017-02-23', 36.5, 36.5, 35.58, 35.58]
['2017-02-24', 35.5, 36.04, 35.5, 36.0]
['2017-02-27', 35.84, 36.77, 35.79, 36.77]
['2017-02-28', 36.56, 36.56, 36.04, 36.45]
['2017-03-01', 36.15, 36.47, 35.89, 36.33]
['2017-03-02', 36.56, 36.56, 35.66, 35.86]
['2017-03-03', 35.84, 36.77, 35.74, 35.79]
['2017-03-06', 35.79, 35.79, 34.68, 35.29]
['2017-03-07', 35.2, 35.27, 34.8, 34.98]
['2017-03-08', 34.64, 34.88, 34.64, 34.88]
['2017-03-09', 34.88, 35.6, 34.74, 34.88]
['2017-03-10', 35.16, 35.16, 34.64, 34.78]
['2017-03-13', 34.91, 34.92, 34.86, 34.92]
['2017-03-14', 34.93, 34.96, 34.73, 34.73]
['2017-03-15', 35.3, 35.3, 34.83, 34.83]
['2017-03-16', 34.88, 35.16, 34.85, 35.16]
['2017-03-17', 35.11, 35.12, 34.88, 35.12]
['2017-03-20', 35.16, 36.8, 35.15, 36.7]
['2017-03-21', 36.49, 36.49, 35.12, 35.12]
['2017-03-22', 34.88, 35.79, 34.69, 34.69]
['2017-03-23', 35.53, 35.53, 34.69, 34.69]
['2017-03-24', 34.69, 34.73, 34.64, 34.73]
['2017-03-27', 35.6, 35.6, 35.41, 35.41]
['2017-03-28', 34.98, 35.43, 34.45, 34.72]
['2017-03-29', 35.31, 35.35, 35.22, 35.35]
['2017-03-30', 35.41, 35.82, 35.26, 35.71]
['2017-03-31', 35.03, 35.99, 35.03, 35.92]
['2017-04-03', 35.92, 36.03, 34.69, 36.0]
['2017-04-04', 35.6, 35.6, 35.03, 35.6]
['2017-04-05', 35.12, 36.08, 34.79, 36.08]
['2017-04-06', 34.95, 36.43, 34.95, 36.43]
['2017-04-07', 36.43, 36.43, 36.43, 36.43]
['2017-04-10', 35.31, 36.76, 35.31, 35.98]
['2017-04-11', 36.56, 36.56, 36.08, 36.19]
['2017-04-12', 36.19, 36.19, 35.26, 36.18]
['2017-04-13', 36.27, 36.27, 35.91, 36.27]
['2017-04-17', 36.27, 36.66, 36.27, 36.56]
['2017-04-18', 36.7, 36.7, 36.09, 36.66]
['2017-04-19', 36.56, 36.76, 36.56, 36.59]
['2017-04-20', 36.76, 37.68, 36.7, 37.68]
['2017-04-21', 37.93, 37.93, 37.75, 37.86]
['2017-04-24', 37.91, 38.37, 37.91, 38.14]
['2017-04-25', 40.04, 40.04, 39.03, 39.65]
['2017-04-26', 39.64, 40.83, 39.59, 40.17]
['2017-04-27', 40.79, 42.36, 40.65, 41.94]
['2017-04-28', 41.98, 41.98, 41.07, 41.9]
['2017-05-01', 42.82, 43.28, 42.34, 42.34]
['2017-05-02', 42.98, 42.98, 41.37, 42.36]
['2017-05-03', 42.34, 43.02, 42.34, 42.5]
['2017-05-04', 42.97, 43.2, 42.19, 43.2]
['2017-05-05', 42.49, 43.0, 42.24, 42.44]
['2017-05-08', 42.74, 44.03, 42.61, 42.78]
['2017-05-09', 42.87, 42.87, 42.48, 42.68]
['2017-05-10', 42.68, 42.68, 41.91, 42.44]
['2017-05-11', 42.34, 43.3, 42.25, 42.85]
['2017-05-12', 42.46, 42.68, 42.46, 42.63]
['2017-05-15', 42.75, 42.93, 42.34, 42.84]
['2017-05-16', 42.83, 42.83, 42.09, 42.54]
['2017-05-17', 42.68, 42.68, 41.86, 42.08]
['2017-05-18', 42.44, 42.44, 41.41, 41.49]
['2017-05-19', 41.88, 42.44, 41.57, 41.57]
['2017-05-22', 41.87, 42.2, 41.87, 42.2]
['2017-05-23', 42.2, 42.2, 41.82, 42.09]
['2017-05-24', 42.05, 42.22, 41.88, 42.22]
['2017-05-25', 42.18, 42.44, 42.1, 42.16]
['2017-05-26', 42.15, 42.19, 42.04, 42.1]
['2017-05-30', 42.01, 42.44, 42.01, 42.3]
['2017-05-31', 42.25, 42.68, 42.13, 42.68]
['2017-06-01', 42.51, 42.51, 42.1, 42.11]
['2017-06-02', 42.38, 42.61, 42.33, 42.61]
['2017-06-05', 42.68, 44.8, 42.64, 44.09]
['2017-06-06', 43.92, 44.01, 43.52, 43.52]
['2017-06-07', 43.65, 43.71, 43.41, 43.6]
['2017-06-08', 43.89, 43.89, 43.63, 43.63]
['2017-06-09', 43.79, 44.23, 43.79, 44.23]
['2017-06-12', 44.22, 44.23, 42.54, 43.36]
['2017-06-13', 43.52, 44.08, 43.52, 43.88]
['2017-06-14', 43.81, 43.91, 43.48, 43.79]
['2017-06-15', 43.68, 43.89, 42.07, 43.89]
['2017-06-16', 43.84, 43.84, 43.66, 43.84]
['2017-06-19', 43.74, 43.8, 43.55, 43.55]
['2017-06-20', 43.55, 44.08, 42.78, 43.81]
['2017-06-21', 43.33, 43.45, 41.57, 42.05]
['2017-06-22', 42.42, 43.16, 42.0, 43.1]
['2017-06-23', 43.14, 43.96, 42.62, 43.14]
['2017-06-26', 43.12, 43.85, 42.73, 42.73]
['2017-06-27', 42.57, 42.8, 42.01, 42.03]
['2017-06-28', 42.55, 42.94, 42.41, 42.41]
['2017-06-29', 42.4, 42.74, 42.22, 42.22]
['2017-06-30', 42.22, 42.22, 42.22, 42.22]
['2017-07-03', 43.02, 44.08, 42.92, 43.31]
['2017-07-05', 42.44, 43.74, 42.44, 43.31]
['2017-07-06', 42.55, 43.06, 42.01, 42.24]
['2017-07-07', 41.98, 42.85, 41.98, 42.11]
['2017-07-10', 42.11, 42.54, 41.49, 41.96]
['2017-07-11', 42.21, 43.37, 42.2, 42.35]
['2017-07-12', 42.45, 42.48, 42.44, 42.48]
['2017-07-13', 42.6, 44.08, 42.55, 42.92]
['2017-07-14', 42.92, 42.92, 42.64, 42.66]
['2017-07-17', 42.64, 43.89, 42.63, 42.69]
['2017-07-18', 42.45, 42.45, 41.72, 42.14]
['2017-07-19', 42.14, 42.14, 41.72, 41.72]
['2017-07-20', 41.72, 41.72, 41.49, 41.65]
['2017-07-21', 41.51, 41.57, 41.49, 41.56]
['2017-07-24', 41.57, 41.98, 41.28, 41.28]
['2017-07-25', 41.85, 41.85, 41.37, 41.41]
['2017-07-26', 41.38, 41.51, 41.3, 41.3]
['2017-07-27', 41.29, 42.04, 41.25, 41.49]
['2017-07-28', 41.94, 42.34, 41.91, 42.0]
['2017-07-31', 42.24, 43.99, 42.24, 43.73]
['2017-08-01', 43.73, 43.73, 43.11, 43.39]
['2017-08-02', 43.37, 43.61, 43.2, 43.26]
['2017-08-03', 43.26, 43.29, 42.92, 43.16]
['2017-08-04', 43.69, 44.08, 43.41, 44.08]
['2017-08-07', 44.37, 44.37, 43.85, 44.13]
['2017-08-08', 43.87, 43.95, 43.79, 43.85]
['2017-08-09', 43.85, 43.95, 43.52, 43.95]
['2017-08-10', 43.82, 43.82, 43.51, 43.79]
['2017-08-11', 43.59, 43.62, 42.95, 43.39]
['2017-08-14', 43.54, 43.99, 42.87, 43.86]
['2017-08-15', 43.97, 44.09, 43.52, 43.99]
['2017-08-16', 43.61, 44.14, 43.51, 44.13]
['2017-08-17', 43.98, 44.19, 43.51, 44.19]
['2017-08-18', 44.04, 46.02, 44.04, 46.01]
['2017-08-21', 45.92, 47.16, 45.92, 46.75]
['2017-08-22', 46.66, 46.86, 46.38, 46.45]
['2017-08-23', 46.48, 47.46, 46.05, 47.19]
['2017-08-24', 47.27, 48.12, 47.18, 48.07]
['2017-08-25', 47.87, 48.34, 47.87, 48.32]
['2017-08-28', 48.34, 48.9, 47.94, 48.66]
['2017-08-29', 48.95, 48.95, 48.32, 48.66]
['2017-08-30', 48.48, 48.67, 48.48, 48.58]
['2017-08-31', 48.46, 49.26, 48.32, 48.37]
['2017-09-01', 48.26, 49.85, 48.02, 49.74]
['2017-09-05', 49.7, 50.01, 49.15, 49.7]
['2017-09-06', 49.65, 49.65, 48.05, 48.05]
['2017-09-07', 48.47, 48.91, 47.22, 47.9]
['2017-09-08', 46.17, 47.37, 45.93, 46.89]
['2017-09-11', 46.3, 46.88, 45.93, 46.82]
['2017-09-12', 46.51, 47.37, 46.51, 47.32]
['2017-09-13', 47.37, 47.37, 46.95, 47.1]
['2017-09-14', 47.36, 47.36, 46.14, 46.57]
['2017-09-15', 46.28, 47.69, 46.28, 47.46]
['2017-09-18', 46.98, 49.23, 46.26, 48.51]
['2017-09-19', 48.59, 48.59, 47.75, 48.34]
['2017-09-20', 48.2, 48.34, 47.87, 48.24]
['2017-09-21', 47.41, 48.59, 47.41, 48.35]
['2017-09-22', 47.76, 49.32, 47.7, 48.06]
['2017-09-25', 48.77, 50.71, 48.06, 50.27]
['2017-09-26', 50.28, 51.51, 50.17, 50.95]
['2017-09-27', 51.25, 51.53, 51.06, 51.06]
['2017-09-28', 51.07, 51.67, 50.63, 51.34]
['2017-09-29', 51.34, 51.34, 49.91, 49.94]
['2017-10-02', 49.1, 49.9, 47.57, 49.49]
['2017-10-03', 49.46, 49.46, 46.57, 48.7]
['2017-10-04', 48.81, 50.03, 48.6, 49.6]
['2017-10-05', 49.85, 50.52, 49.7, 50.13]
['2017-10-06', 48.86, 50.7, 48.86, 50.3]
['2017-10-09', 50.29, 50.42, 49.36, 50.41]
['2017-10-10', 50.52, 50.52, 49.26, 50.52]
['2017-10-11', 50.53, 50.85, 50.01, 50.47]
['2017-10-12', 50.47, 50.47, 49.43, 50.16]
['2017-10-13', 50.17, 51.09, 49.53, 51.09]
['2017-10-16', 51.19, 51.61, 50.38, 51.2]
['2017-10-17', 51.25, 51.96, 50.62, 51.66]
['2017-10-18', 51.54, 51.57, 50.96, 51.53]
['2017-10-19', 51.35, 51.73, 50.96, 51.71]
['2017-10-20', 51.88, 52.21, 50.76, 52.21]
['2017-10-23', 51.83, 52.01, 50.31, 51.05]
['2017-10-24', 51.4, 51.4, 49.77, 50.27]
['2017-10-25', 49.87, 51.39, 49.7, 51.21]
['2017-10-26', 51.2, 51.73, 50.38, 51.54]
['2017-10-27', 50.76, 52.16, 50.37, 52.01]
['2017-10-30', 51.38, 53.17, 50.64, 52.59]
['2017-10-31', 52.52, 53.03, 51.71, 52.48]
['2017-11-01', 52.65, 54.96, 51.15, 54.56]
['2017-11-02', 54.89, 55.11, 53.66, 54.61]
['2017-11-03', 54.28, 54.47, 53.95, 54.34]
['2017-11-06', 54.1, 54.1, 51.25, 52.17]
['2017-11-07', 51.82, 53.46, 51.82, 52.59]
['2017-11-08', 52.57, 53.23, 51.6, 52.83]
['2017-11-09', 52.78, 54.0, 52.05, 53.79]
['2017-11-10', 54.25, 55.44, 53.6, 54.86]
['2017-11-13', 54.82, 54.82, 53.92, 54.03]
['2017-11-14', 54.37, 54.37, 53.59, 53.59]
['2017-11-15', 53.58, 55.61, 53.58, 54.98]
['2017-11-16', 55.59, 56.13, 55.59, 55.95]
['2017-11-17', 55.92, 56.09, 55.62, 55.78]
['2017-11-20', 55.44, 55.59, 53.31, 54.41]
['2017-11-21', 54.73, 55.58, 54.56, 55.02]
['2017-11-22', 54.26, 55.98, 54.26, 55.07]
['2017-11-24', 55.07, 55.42, 53.98, 55.01]
['2017-11-27', 54.29, 55.31, 54.29, 55.3]
['2017-11-28', 55.15, 55.71, 53.76, 54.88]
['2017-11-29', 55.03, 55.71, 55.03, 55.71]
['2017-11-30', 55.71, 55.71, 55.22, 55.22]
['2017-12-01', 55.0, 55.52, 54.5, 55.11]
['2017-12-04', 55.11, 55.71, 55.11, 55.71]
['2017-12-05', 55.54, 56.19, 55.39, 56.07]
['2017-12-06', 55.58, 55.96, 55.43, 55.44]
['2017-12-07', 55.22, 55.71, 55.13, 55.26]
['2017-12-08', 55.37, 55.58, 55.27, 55.45]
['2017-12-11', 55.52, 55.71, 55.22, 55.22]
['2017-12-12', 55.52, 55.71, 54.88, 55.18]
['2017-12-13', 54.94, 55.22, 54.15, 54.15]
['2017-12-14', 54.26, 55.57, 53.92, 54.06]
['2017-12-15', 54.05, 54.06, 53.43, 53.61]
['2017-12-18', 53.61, 55.25, 53.61, 54.09]
['2017-12-19', 54.11, 54.6, 53.87, 53.94]
['2017-12-20', 54.07, 55.69, 53.99, 54.09]
['2017-12-21', 54.29, 55.37, 54.16, 54.24]
['2017-12-22', 54.4, 54.55, 54.26, 54.26]
['2017-12-26', 53.77, 54.2, 53.31, 53.62]
['2017-12-27', 54.01, 54.01, 52.52, 52.52]
['2017-12-28', 52.8, 53.51, 52.59, 53.09]
['2017-12-29', 52.96, 53.53, 52.87, 52.87]
['2018-01-02', 53.52, 54.56, 52.82, 52.88]
['2018-01-03', 53.0, 53.53, 52.32, 52.42]
['2018-01-04', 52.42, 53.03, 52.42, 52.66]
['2018-01-05', 52.56, 53.01, 52.41, 52.41]
['2018-01-08', 52.32, 52.71, 52.32, 52.37]
['2018-01-09', 52.63, 53.58, 52.58, 52.8]
['2018-01-10', 52.71, 54.01, 52.71, 53.58]
['2018-01-11', 53.58, 53.58, 53.1, 53.56]
['2018-01-12', 53.61, 55.18, 53.56, 54.65]
['2018-01-16', 54.57, 55.71, 54.57, 55.67]
['2018-01-17', 55.81, 56.03, 55.22, 55.99]
['2018-01-18', 56.07, 56.59, 55.73, 56.11]
['2018-01-19', 55.86, 57.29, 55.84, 57.01]
['2018-01-22', 56.32, 57.92, 55.52, 57.53]
['2018-01-23', 57.61, 57.61, 56.21, 57.15]
['2018-01-24', 57.71, 57.95, 56.0, 56.52]
['2018-01-25', 56.93, 57.45, 55.99, 57.24]
['2018-01-26', 56.77, 57.65, 53.38, 55.11]
['2018-01-29', 54.66, 54.92, 53.89, 54.26]
['2018-01-30', 53.97, 55.42, 53.92, 54.45]
['2018-01-31', 54.55, 56.53, 54.55, 55.56]
['2018-02-01', 53.39, 56.45, 53.34, 56.32]
['2018-02-02', 56.18, 56.26, 55.12, 55.7]
['2018-02-05', 55.55, 56.15, 53.91, 54.61]
['2018-02-06', 54.02, 54.69, 53.32, 53.97]
['2018-02-07', 53.98, 54.19, 53.34, 53.34]
['2018-02-08', 52.58, 53.31, 51.17, 52.94]
['2018-02-09', 53.47, 53.47, 52.17, 52.92]
['2018-02-12', 52.78, 53.38, 52.78, 53.37]
['2018-02-13', 53.08, 53.33, 52.95, 52.98]
['2018-02-14', 52.71, 53.37, 52.47, 53.06]
['2018-02-15', 53.37, 53.56, 52.97, 53.1]
['2018-02-16', 52.94, 54.34, 52.52, 54.32]
['2018-02-20', 53.98, 53.98, 52.57, 53.05]
['2018-02-21', 52.88, 54.27, 52.64, 53.28]
['2018-02-22', 52.99, 53.39, 52.71, 53.12]
['2018-02-23', 53.27, 53.29, 52.76, 52.87]
['2018-02-26', 53.2, 53.44, 52.93, 52.93]
['2018-02-27', 53.08, 53.38, 52.67, 52.92]
['2018-02-28', 52.92, 53.34, 52.66, 52.71]
['2018-03-01', 52.61, 52.75, 52.23, 52.46]
['2018-03-02', 52.4, 52.81, 52.03, 52.81]
['2018-03-05', 52.6, 52.83, 52.23, 52.26]
['2018-03-06', 52.27, 52.65, 52.23, 52.33]
['2018-03-07', 52.64, 53.13, 52.45, 52.62]
['2018-03-08', 52.81, 53.27, 52.47, 52.97]
['2018-03-09', 53.39, 53.91, 53.39, 53.88]
['2018-03-12', 53.73, 54.09, 52.87, 53.92]
['2018-03-13', 53.98, 54.04, 53.59, 53.6]
['2018-03-14', 53.34, 53.68, 51.46, 52.26]
['2018-03-15', 52.31, 53.39, 52.17, 53.39]
['2018-03-16', 53.1, 53.63, 52.57, 53.62]
['2018-03-19', 53.24, 53.63, 52.93, 53.04]
['2018-03-20', 52.95, 54.31, 52.95, 54.08]
['2018-03-21', 53.71, 53.87, 53.17, 53.17]
['2018-03-22', 53.09, 53.39, 52.52, 52.86]
['2018-03-23', 52.61, 53.38, 51.97, 52.32]
['2018-03-26', 51.62, 52.88, 51.5, 51.52]
['2018-03-27', 52.32, 52.32, 51.57, 51.97]
['2018-03-28', 52.13, 52.18, 51.56, 51.66]
['2018-03-29', 51.74, 52.18, 51.5, 51.93]
['2018-04-02', 51.51, 52.23, 51.51, 51.66]
['2018-04-03', 51.92, 52.9, 51.56, 52.46]
['2018-04-04', 52.29, 53.26, 51.4, 52.81]
['2018-04-05', 53.77, 54.33, 52.85, 54.32]
['2018-04-06', 53.88, 53.97, 53.45, 53.97]
['2018-04-09', 53.71, 54.31, 53.71, 54.21]
['2018-04-10', 54.12, 54.74, 53.57, 54.58]
['2018-04-11', 54.53, 54.92, 54.08, 54.78]
['2018-04-12', 54.84, 54.93, 53.95, 54.9]
['2018-04-13', 54.99, 54.99, 54.21, 54.89]
['2018-04-16', 54.79, 55.01, 54.07, 54.82]
['2018-04-17', 54.86, 54.86, 53.6, 54.52]
['2018-04-18', 54.8, 54.85, 54.42, 54.46]
['2018-04-19', 54.41, 55.03, 54.41, 54.84]
['2018-04-20', 54.73, 54.89, 54.19, 54.8]
['2018-04-23', 54.91, 54.91, 54.42, 54.75]
['2018-04-24', 54.79, 54.8, 54.44, 54.79]
['2018-04-25', 54.61, 54.97, 54.61, 54.79]
['2018-04-26', 54.85, 54.85, 54.04, 54.56]
['2018-04-27', 54.94, 55.47, 54.6, 55.07]
['2018-04-30', 55.17, 56.34, 55.09, 56.04]
['2018-05-01', 55.58, 56.2, 55.28, 55.95]
['2018-05-02', 55.26, 55.91, 55.26, 55.39]
['2018-05-03', 55.29, 55.96, 55.11, 55.31]
['2018-05-04', 55.6, 56.43, 55.52, 56.36]
['2018-05-07', 56.36, 56.4, 56.0, 56.34]
['2018-05-08', 56.44, 56.44, 55.1, 56.3]
['2018-05-09', 56.01, 56.37, 55.78, 56.24]
['2018-05-10', 56.35, 56.35, 55.31, 55.82]
['2018-05-11', 55.81, 55.86, 55.29, 55.86]
['2018-05-14', 56.04, 56.4, 55.73, 56.32]
['2018-05-15', 56.09, 56.35, 55.97, 56.24]
['2018-05-16', 56.35, 56.35, 55.87, 56.31]
['2018-05-17', 56.32, 56.4, 55.98, 56.35]
['2018-05-18', 56.06, 56.46, 56.06, 56.3]
['2018-05-21', 56.25, 56.38, 56.14, 56.38]
['2018-05-22', 56.33, 56.4, 56.21, 56.4]
['2018-05-23', 56.69, 57.0, 56.43, 56.66]
['2018-05-24', 56.93, 58.39, 56.72, 57.4]
['2018-05-25', 57.72, 57.72, 57.11, 57.18]
['2018-05-29', 56.96, 57.9, 56.96, 57.23]
['2018-05-30', 57.55, 57.55, 56.38, 56.51]
['2018-05-31', 57.2, 57.2, 56.19, 56.54]
['2018-06-01', 56.84, 57.19, 55.91, 56.64]
['2018-06-04', 56.54, 58.16, 56.18, 57.72]
['2018-06-05', 57.72, 58.02, 57.48, 57.89]
['2018-06-06', 57.82, 58.2, 57.77, 58.11]
['2018-06-07', 58.18, 59.27, 57.99, 58.36]
['2018-06-08', 58.46, 59.85, 58.46, 58.78]
['2018-06-11', 58.78, 58.82, 57.56, 58.52]
['2018-06-12', 58.4, 59.25, 58.35, 58.87]
['2018-06-13', 58.77, 59.86, 58.4, 58.68]
['2018-06-14', 58.68, 58.68, 57.75, 58.09]
['2018-06-15', 57.94, 58.28, 57.46, 57.57]
['2018-06-18', 57.43, 58.66, 57.43, 58.18]
['2018-06-19', 58.11, 59.82, 58.11, 59.51]
['2018-06-20', 59.51, 59.51, 57.73, 58.15]
['2018-06-21', 58.12, 58.22, 56.06, 57.05]
['2018-06-22', 57.12, 57.84, 56.43, 57.53]
['2018-06-25', 57.43, 59.55, 57.43, 59.08]
['2018-06-26', 59.1, 60.36, 58.31, 59.32]
['2018-06-27', 59.22, 59.94, 58.01, 59.69]
['2018-06-28', 59.85, 62.28, 59.85, 62.02]
['2018-06-29', 62.2, 62.23, 60.82, 61.55]
['2018-07-02', 61.37, 61.93, 60.6, 61.49]
['2018-07-03', 61.65, 62.18, 61.48, 61.85]
['2018-07-05', 61.81, 62.21, 61.47, 62.08]
['2018-07-06', 61.97, 62.28, 61.78, 62.16]
['2018-07-09', 62.14, 63.57, 61.99, 63.55]
['2018-07-10', 63.45, 64.62, 63.09, 63.73]
['2018-07-11', 63.74, 63.74, 62.22, 62.77]
['2018-07-12', 62.89, 62.89, 61.41, 62.1]
['2018-07-13', 62.11, 62.11, 59.89, 60.35]
['2018-07-16', 60.2, 62.11, 57.49, 61.44]
['2018-07-17', 60.74, 61.59, 59.3, 60.14]
['2018-07-18', 60.07, 60.07, 57.86, 59.75]
['2018-07-19', 59.58, 61.31, 59.39, 60.38]
['2018-07-20', 60.27, 60.82, 59.71, 60.46]
['2018-07-23', 60.39, 60.97, 60.24, 60.73]
['2018-07-24', 60.91, 61.19, 60.71, 61.17]
['2018-07-25', 61.26, 61.41, 60.0, 60.06]
['2018-07-26', 60.01, 61.49, 59.99, 61.31]
['2018-07-27', 61.23, 61.23, 60.0, 60.55]
['2018-07-30', 60.48, 61.44, 59.56, 60.14]
['2018-07-31', 60.15, 60.34, 59.56, 59.72]
['2018-08-01', 59.71, 59.85, 59.31, 59.8]
['2018-08-02', 59.66, 60.94, 59.66, 60.71]
['2018-08-03', 60.7, 60.73, 59.03, 59.75]
['2018-08-06', 59.37, 60.27, 59.07, 59.51]
['2018-08-07', 59.62, 59.69, 58.5, 59.68]
['2018-08-08', 59.68, 59.83, 58.98, 59.69]
['2018-08-09', 59.49, 59.97, 58.92, 59.02]
['2018-08-10', 58.83, 60.26, 57.84, 58.45]
['2018-08-13', 58.65, 59.46, 58.03, 58.12]
['2018-08-14', 58.37, 58.5, 57.3, 57.9]
['2018-08-15', 57.55, 57.89, 57.07, 57.16]
['2018-08-16', 57.15, 59.12, 56.83, 58.89]
['2018-08-17', 58.7, 59.5, 58.56, 59.46]
['2018-08-20', 59.49, 59.49, 57.58, 57.82]
['2018-08-21', 57.89, 58.82, 57.89, 58.27]
['2018-08-22', 58.28, 58.82, 58.07, 58.29]
['2018-08-23', 58.29, 58.29, 56.51, 56.95]
['2018-08-24', 57.32, 57.51, 56.54, 56.54]
['2018-08-27', 56.53, 56.65, 55.03, 55.6]
['2018-08-28', 55.59, 56.96, 55.23, 56.32]
['2018-08-29', 56.31, 57.1, 55.69, 56.83]
['2018-08-30', 56.64, 57.54, 56.64, 57.17]
['2018-08-31', 57.02, 57.48, 56.04, 56.9]
['2018-09-04', 56.9, 57.36, 56.19, 56.84]
['2018-09-05', 56.79, 57.19, 56.14, 56.86]
['2018-09-06', 56.79, 57.43, 56.77, 57.06]
['2018-09-07', 56.99, 57.4, 56.64, 57.04]
['2018-09-10', 57.04, 57.25, 56.5, 56.95]
['2018-09-11', 56.68, 56.69, 55.74, 56.14]
['2018-09-12', 56.15, 56.56, 55.43, 55.84]
['2018-09-13', 55.83, 55.83, 55.01, 55.38]
['2018-09-14', 55.58, 55.63, 55.24, 55.31]
['2018-09-17', 55.24, 55.31, 54.37, 54.77]
['2018-09-18', 54.77, 54.81, 53.56, 53.61]
['2018-09-19', 53.43, 53.8, 52.44, 52.54]
['2018-09-20', 52.43, 53.26, 52.43, 52.94]
['2018-09-21', 52.85, 53.59, 52.54, 53.19]
['2018-09-24', 53.08, 53.49, 52.28, 53.49]
['2018-09-25', 53.62, 54.52, 53.62, 54.41]
['2018-09-26', 54.52, 54.61, 54.02, 54.52]
['2018-09-27', 54.62, 55.08, 53.83, 54.6]
['2018-09-28', 54.33, 54.97, 53.65, 54.35]
['2018-10-01', 54.34, 54.89, 52.68, 52.93]
['2018-10-02', 52.78, 53.27, 50.28, 50.79]
['2018-10-03', 50.78, 51.4, 50.55, 50.89]
['2018-10-04', 50.88, 51.59, 50.43, 50.86]
['2018-10-05', 50.91, 51.37, 50.7, 50.94]
['2018-10-08', 50.67, 51.88, 50.67, 51.73]
['2018-10-09', 51.71, 52.06, 50.95, 51.56]
['2018-10-10', 51.42, 51.74, 50.77, 51.46]
['2018-10-11', 51.3, 51.48, 50.18, 50.2]
['2018-10-12', 50.55, 50.56, 48.0, 48.33]
['2018-10-15', 48.27, 48.6, 47.7, 47.94]
['2018-10-16', 48.05, 48.58, 47.79, 48.43]
['2018-10-17', 48.37, 48.7, 47.31, 48.51]
['2018-10-18', 48.44, 48.77, 47.85, 48.13]
['2018-10-19', 48.04, 48.27, 46.33, 46.63]
['2018-10-22', 46.74, 47.44, 46.11, 46.54]
['2018-10-23', 46.11, 46.86, 45.26, 46.16]
['2018-10-24', 46.0, 46.0, 42.6, 42.82]
['2018-10-25', 42.95, 44.53, 41.94, 42.83]
['2018-10-26', 43.12, 44.38, 43.08, 43.89]
['2018-10-29', 43.78, 44.27, 42.92, 43.45]
['2018-10-30', 43.42, 44.14, 43.16, 43.39]
['2018-10-31', 43.47, 44.38, 40.99, 44.03]
['2018-11-01', 44.03, 44.34, 43.89, 44.22]
['2018-11-02', 44.34, 45.16, 44.18, 45.16]
['2018-11-05', 45.16, 45.95, 44.76, 45.03]
['2018-11-06', 45.04, 45.95, 45.04, 45.95]
['2018-11-07', 46.14, 46.18, 45.74, 45.99]
['2018-11-08', 45.95, 46.72, 45.49, 45.95]
['2018-11-09', 46.0, 46.36, 45.52, 45.74]
['2018-11-12', 45.78, 46.01, 45.49, 45.49]
['2018-11-13', 45.49, 45.8, 45.21, 45.71]
['2018-11-14', 45.69, 45.69, 45.0, 45.09]
['2018-11-15', 44.93, 45.67, 43.97, 45.53]
['2018-11-16', 45.17, 46.08, 45.17, 45.72]
['2018-11-19', 45.79, 46.45, 45.56, 45.78]
['2018-11-20', 45.73, 45.86, 45.0, 45.23]
['2018-11-21', 45.3, 46.19, 45.29, 45.83]
['2018-11-23', 45.84, 45.98, 45.33, 45.33]
['2018-11-26', 45.69, 45.69, 44.75, 45.13]
['2018-11-27', 45.2, 46.37, 45.0, 46.15]
['2018-11-28', 46.23, 46.76, 45.53, 46.38]
['2018-11-29', 46.33, 46.42, 46.09, 46.32]
['2018-11-30', 46.47, 47.17, 46.17, 46.82]
['2018-12-03', 47.17, 47.3, 46.29, 46.7]
['2018-12-04', 46.52, 46.52, 44.9, 45.38]
['2018-12-06', 44.74, 44.98, 43.51, 43.7]
['2018-12-07', 44.06, 44.1, 43.19, 43.67]
['2018-12-10', 43.68, 44.27, 43.02, 43.22]
['2018-12-11', 43.29, 43.29, 42.09, 42.25]
['2018-12-12', 42.36, 43.05, 42.25, 42.88]
['2018-12-13', 42.96, 42.96, 42.18, 42.35]
['2018-12-14', 41.89, 42.75, 41.83, 42.06]
['2018-12-17', 41.96, 42.46, 41.92, 42.44]
['2018-12-18', 42.51, 42.51, 41.41, 41.75]
['2018-12-19', 42.0, 42.25, 41.09, 41.52]
['2018-12-20', 41.45, 42.51, 40.82, 42.11]
['2018-12-21', 42.14, 42.51, 41.47, 42.14]
['2018-12-24', 42.02, 42.5, 41.16, 41.16]
['2018-12-26', 41.36, 42.04, 40.36, 41.28]
['2018-12-27', 40.97, 41.99, 40.36, 41.72]
['2018-12-28', 41.58, 41.82, 40.99, 41.32]
['2018-12-31', 41.52, 42.47, 41.12, 41.95]
['2019-01-02', 41.96, 43.34, 41.69, 43.34]
['2019-01-03', 43.3, 43.53, 42.73, 43.14]
['2019-01-04', 43.53, 46.09, 43.47, 45.0]
['2019-01-07', 45.1, 45.1, 43.84, 44.19]
['2019-01-08', 44.48, 44.54, 43.84, 44.42]
['2019-01-09', 43.98, 44.87, 43.12, 44.55]
['2019-01-10', 44.38, 44.75, 43.61, 43.97]
['2019-01-11', 43.84, 44.74, 43.79, 44.42]
['2019-01-14', 44.29, 44.85, 44.09, 44.36]
['2019-01-15', 44.45, 44.55, 43.85, 44.0]
['2019-01-16', 43.78, 45.39, 43.78, 45.02]
['2019-01-17', 45.25, 45.77, 44.64, 45.28]
['2019-01-18', 45.44, 46.69, 45.44, 46.44]
['2019-01-22', 46.01, 46.86, 45.97, 46.68]
['2019-01-23', 46.95, 47.11, 46.41, 46.93]
['2019-01-24', 47.23, 47.9, 46.68, 47.87]
['2019-01-25', 47.72, 47.94, 46.79, 47.8]
['2019-01-28', 47.56, 47.56, 46.26, 47.11]
['2019-01-29', 49.89, 51.36, 49.4, 50.26]
['2019-01-30', 50.13, 50.13, 47.65, 48.03]
['2019-01-31', 48.11, 48.11, 47.34, 47.5]
['2019-02-01', 47.93, 48.01, 47.27, 47.65]
['2019-02-04', 47.53, 48.85, 47.27, 48.04]
['2019-02-05', 48.18, 49.31, 48.18, 49.31]
['2019-02-06', 49.43, 49.48, 47.98, 49.23]
['2019-02-07', 49.42, 51.24, 49.27, 50.86]
['2019-02-08', 50.66, 51.27, 50.16, 51.03]
['2019-02-11', 51.27, 51.27, 49.64, 51.23]
['2019-02-12', 50.61, 51.21, 50.61, 50.84]
['2019-02-13', 51.02, 51.22, 50.75, 51.15]
['2019-02-14', 51.11, 51.11, 50.27, 50.54]
['2019-02-15', 50.57, 51.51, 50.14, 51.16]
['2019-02-19', 51.12, 51.46, 51.12, 51.46]
['2019-02-20', 51.45, 51.51, 51.11, 51.18]
['2019-02-21', 51.2, 51.52, 51.2, 51.36]
['2019-02-22', 51.27, 51.95, 51.03, 51.95]
['2019-02-25', 51.96, 51.96, 51.29, 51.29]
['2019-02-26', 51.37, 51.83, 50.98, 51.2]
['2019-02-27', 50.9, 50.9, 50.05, 50.55]
['2019-02-28', 50.72, 51.13, 50.44, 50.88]
['2019-03-01', 51.42, 51.71, 50.47, 51.62]
['2019-03-04', 51.33, 51.71, 51.25, 51.39]
['2019-03-05', 51.48, 51.95, 50.65, 50.65]
['2019-03-06', 51.01, 51.38, 49.7, 49.7]
['2019-03-07', 49.88, 50.44, 49.56, 49.83]
['2019-03-08', 49.42, 50.05, 49.27, 49.69]
['2019-03-11', 49.71, 49.72, 49.0, 49.51]
['2019-03-12', 49.63, 49.82, 49.58, 49.6]
['2019-03-13', 49.61, 49.74, 48.97, 49.18]
['2019-03-14', 49.29, 49.56, 48.57, 48.85]
['2019-03-15', 49.06, 50.3, 48.43, 50.3]
['2019-03-18', 50.01, 50.58, 49.3, 50.15]
['2019-03-19', 50.36, 50.36, 49.77, 49.77]
['2019-03-20', 49.07, 49.08, 48.43, 48.47]
['2019-03-21', 48.37, 48.95, 47.69, 47.74]
['2019-03-22', 47.25, 47.51, 45.18, 45.26]
['2019-03-25', 45.78, 46.27, 45.29, 45.68]
['2019-03-26', 46.06, 47.16, 45.93, 47.16]
['2019-03-27', 46.64, 48.97, 46.4, 48.63]
['2019-03-28', 48.73, 48.91, 47.84, 48.56]
['2019-03-29', 48.73, 49.55, 48.29, 49.54]
['2019-04-01', 49.71, 49.77, 48.12, 49.46]
['2019-04-02', 49.41, 49.94, 48.57, 49.05]
['2019-04-03', 49.37, 49.37, 49.07, 49.15]
['2019-04-04', 49.3, 50.48, 49.3, 50.37]
['2019-04-05', 50.29, 50.62, 49.46, 49.59]
['2019-04-08', 49.24, 49.95, 49.21, 49.56]
['2019-04-09', 49.5, 49.73, 49.07, 49.08]
['2019-04-10', 49.07, 49.77, 48.24, 49.77]
['2019-04-11', 49.71, 50.05, 48.3, 49.0]
['2019-04-12', 49.33, 49.33, 48.07, 48.62]
['2019-04-15', 48.88, 49.95, 48.88, 49.81]
['2019-04-16', 49.64, 50.24, 49.6, 49.98]
['2019-04-17', 50.03, 50.42, 49.94, 50.0]
['2019-04-18', 50.0, 50.33, 49.35, 50.03]
['2019-04-22', 50.32, 50.32, 49.16, 49.26]
['2019-04-23', 49.7, 50.13, 48.96, 50.03]
['2019-04-24', 49.84, 50.42, 49.58, 50.14]
['2019-04-25', 50.27, 50.48, 50.09, 50.48]
['2019-04-26', 50.09, 50.48, 49.89, 49.92]
['2019-04-29', 49.82, 51.22, 49.82, 50.43]
['2019-04-30', 50.17, 50.73, 50.17, 50.72]
['2019-05-01', 50.5, 51.18, 50.5, 50.53]
['2019-05-02', 50.46, 51.49, 50.46, 51.26]
['2019-05-03', 51.29, 52.01, 51.17, 51.94]
['2019-05-06', 51.28, 51.61, 51.03, 51.23]
['2019-05-07', 51.03, 51.24, 51.03, 51.03]
['2019-05-08', 51.03, 51.32, 51.0, 51.17]
['2019-05-09', 50.83, 51.0, 47.24, 50.7]
['2019-05-10', 50.4, 51.04, 48.19, 50.57]
['2019-05-13', 50.07, 50.39, 49.33, 50.39]
['2019-05-14', 52.05, 52.05, 49.34, 49.7]
['2019-05-15', 49.24, 50.84, 49.24, 50.84]
['2019-05-16', 50.57, 51.14, 49.54, 49.74]
['2019-05-17', 49.63, 50.29, 49.41, 49.63]
['2019-05-20', 49.55, 50.07, 49.03, 49.51]
['2019-05-21', 49.44, 49.44, 49.07, 49.27]
['2019-05-22', 48.97, 49.09, 48.81, 48.81]
['2019-05-23', 48.67, 48.67, 47.24, 47.24]
['2019-05-24', 47.32, 47.84, 46.87, 47.49]
['2019-05-28', 47.43, 48.71, 47.27, 47.78]
['2019-05-29', 48.01, 48.08, 47.35, 47.75]
['2019-05-30', 47.9, 47.9, 46.94, 47.14]
['2019-05-31', 46.92, 47.17, 45.92, 46.4]
['2019-06-03', 46.35, 47.02, 45.77, 46.03]
['2019-06-04', 46.97, 47.12, 46.65, 46.75]
['2019-06-05', 46.55, 47.57, 46.41, 46.95]
['2019-06-06', 46.67, 47.1, 46.4, 46.59]
['2019-06-07', 46.69, 47.33, 46.47, 47.33]
['2019-06-10', 47.27, 47.81, 47.05, 47.73]
['2019-06-11', 48.09, 48.09, 47.65, 48.09]
['2019-06-12', 48.01, 49.31, 47.47, 48.56]
['2019-06-13', 48.73, 49.4, 47.93, 48.67]
['2019-06-14', 48.59, 49.35, 48.12, 48.84]
['2019-06-17', 48.55, 49.09, 47.64, 47.91]
['2019-06-18', 48.07, 48.96, 47.56, 48.96]
['2019-06-19', 48.33, 48.74, 48.2, 48.49]
['2019-06-20', 48.42, 48.88, 48.26, 48.43]
['2019-06-21', 48.22, 48.59, 47.41, 47.73]
['2019-06-24', 47.59, 47.81, 47.34, 47.56]
['2019-06-25', 47.45, 48.22, 47.26, 48.2]
['2019-06-26', 48.28, 49.44, 48.28, 48.77]
['2019-06-27', 49.13, 50.16, 49.07, 49.89]
['2019-06-28', 50.78, 51.31, 50.39, 51.05]
['2019-07-01', 51.18, 51.42, 49.89, 50.08]
['2019-07-02', 50.18, 51.09, 49.22, 49.67]
['2019-07-03', 49.7, 49.7, 48.49, 48.51]
['2019-07-05', 48.88, 50.11, 48.88, 50.11]
['2019-07-08', 50.02, 51.17, 49.06, 49.26]
['2019-07-09', 48.62, 49.19, 48.62, 48.83]
['2019-07-10', 49.13, 49.13, 48.14, 48.14]
['2019-07-11', 48.28, 48.6, 47.73, 48.2]
['2019-07-12', 47.91, 50.14, 47.91, 49.22]
['2019-07-15', 49.3, 50.02, 48.62, 49.11]
['2019-07-16', 49.11, 49.82, 48.04, 48.79]
['2019-07-17', 48.7, 48.7, 47.89, 48.53]
['2019-07-18', 48.55, 48.55, 47.49, 47.83]
['2019-07-19', 47.83, 48.71, 47.52, 47.79]
['2019-07-22', 47.93, 48.15, 47.49, 48.15]
['2019-07-23', 48.15, 48.15, 47.61, 47.65]
['2019-07-24', 47.91, 48.72, 47.49, 48.42]
['2019-07-25', 48.46, 50.78, 48.26, 50.49]
['2019-07-26', 50.21, 50.42, 48.22, 48.64]
['2019-07-29', 48.37, 48.61, 47.73, 47.73]
['2019-07-30', 47.6, 48.5, 47.6, 47.86]
['2019-07-31', 47.97, 49.16, 47.97, 48.52]
['2019-08-01', 48.63, 49.31, 47.58, 47.58]
['2019-08-02', 47.54, 47.54, 46.87, 46.87]
['2019-08-05', 46.75, 47.27, 46.08, 46.08]
['2019-08-06', 46.8, 46.8, 46.27, 46.27]
['2019-08-07', 46.17, 46.21, 45.81, 45.81]
['2019-08-08', 46.69, 48.36, 46.6, 47.77]
['2019-08-09', 47.89, 47.89, 47.19, 47.46]
['2019-08-12', 47.12, 47.98, 46.9, 47.14]
['2019-08-13', 47.07, 47.96, 47.07, 47.96]
['2019-08-14', 47.44, 48.33, 46.57, 47.42]
['2019-08-15', 47.86, 48.28, 46.96, 48.12]
['2019-08-16', 48.07, 48.51, 47.63, 48.51]
['2019-08-19', 48.49, 48.53, 48.23, 48.48]
['2019-08-20', 48.08, 48.32, 47.99, 48.02]
['2019-08-21', 48.1, 49.74, 47.84, 49.31]
['2019-08-22', 48.93, 49.62, 48.3, 48.3]
['2019-08-23', 48.3, 48.5, 46.81, 47.2]
['2019-08-26', 47.22, 48.22, 47.22, 48.22]
['2019-08-27', 48.22, 48.22, 47.0, 47.76]
['2019-08-28', 47.01, 47.97, 46.77, 47.97]
['2019-08-29', 47.87, 47.87, 47.44, 47.79]
['2019-08-30', 47.56, 47.79, 47.39, 47.79]
['2019-09-03', 47.57, 47.78, 47.03, 47.09]
['2019-09-04', 47.74, 47.74, 47.74, 47.74]
['2019-09-05', 47.88, 48.36, 47.8, 48.06]
['2019-09-06', 47.79, 48.09, 47.43, 48.09]
['2019-09-09', 47.95, 49.7, 47.95, 49.24]
['2019-09-10', 49.45, 49.61, 49.0, 49.21]
['2019-09-11', 49.37, 49.85, 49.26, 49.39]
['2019-09-12', 49.68, 51.19, 49.42, 51.19]
['2019-09-13', 51.08, 51.08, 50.42, 50.84]
['2019-09-16', 50.68, 51.34, 50.52, 51.06]
['2019-09-17', 50.26, 52.22, 50.26, 52.03]
['2019-09-18', 51.86, 52.22, 51.1, 51.68]
['2019-09-19', 51.39, 51.73, 51.14, 51.14]
['2019-09-20', 50.99, 51.27, 50.51, 50.94]
['2019-09-23', 50.32, 50.94, 50.06, 50.24]
['2019-09-24', 50.35, 50.35, 49.95, 50.1]
['2019-09-25', 49.36, 50.3, 49.32, 50.25]
['2019-09-26', 50.35, 51.17, 49.7, 50.75]
['2019-09-27', 50.84, 51.04, 50.82, 50.87]
['2019-09-30', 51.66, 51.9, 50.45, 51.83]
['2019-10-01', 51.44, 51.63, 50.46, 50.89]
['2019-10-02', 51.34, 51.69, 50.25, 51.34]
['2019-10-03', 51.29, 51.3, 50.4, 51.23]
['2019-10-04', 51.06, 52.02, 51.06, 51.73]
['2019-10-07', 51.39, 51.83, 51.29, 51.35]
['2019-10-08', 51.34, 51.39, 49.87, 49.92]
['2019-10-09', 49.98, 50.09, 49.75, 49.75]
['2019-10-10', 50.05, 50.21, 49.53, 50.04]
['2019-10-11', 49.95, 51.22, 49.95, 50.41]
['2019-10-14', 49.42, 50.77, 49.42, 50.74]
['2019-10-15', 50.8, 51.93, 50.46, 51.25]
['2019-10-16', 51.06, 51.98, 50.96, 51.66]
['2019-10-17', 51.55, 51.87, 51.36, 51.81]
['2019-10-18', 51.45, 51.57, 50.96, 51.35]
['2019-10-21', 51.85, 52.72, 51.52, 52.72]
['2019-10-22', 52.32, 53.3, 52.32, 53.07]
['2019-10-23', 52.82, 54.03, 52.82, 54.03]
['2019-10-24', 53.86, 53.91, 53.31, 53.31]
['2019-10-25', 53.61, 54.74, 53.61, 53.93]
['2019-10-28', 54.26, 56.21, 54.26, 55.57]
['2019-10-29', 55.98, 56.67, 55.38, 55.52]
['2019-10-30', 54.83, 56.36, 54.78, 56.09]
['2019-10-31', 56.13, 56.96, 55.98, 56.72]
['2019-11-01', 56.72, 56.93, 56.39, 56.93]
['2019-11-04', 56.97, 57.74, 56.49, 56.95]
['2019-11-05', 56.61, 58.04, 56.47, 57.39]
['2019-11-06', 57.82, 57.97, 57.3, 57.59]
['2019-11-07', 57.89, 58.39, 57.72, 58.36]
['2019-11-08', 57.97, 59.15, 57.93, 58.95]
['2019-11-11', 59.06, 59.34, 58.84, 59.29]
['2019-11-12', 59.44, 59.68, 58.57, 58.58]
['2019-11-13', 58.67, 59.53, 58.66, 59.34]
['2019-11-14', 59.1, 59.75, 59.04, 59.21]
['2019-11-15', 59.16, 59.49, 58.92, 58.92]
['2019-11-18', 58.96, 59.34, 58.52, 59.12]
['2019-11-19', 59.05, 59.65, 58.5, 58.83]
['2019-11-20', 58.47, 58.56, 56.05, 56.05]
['2019-11-21', 56.41, 57.51, 56.0, 57.26]
['2019-11-22', 57.12, 58.44, 57.12, 58.36]
['2019-11-25', 58.32, 59.45, 58.32, 59.45]
['2019-11-26', 59.19, 60.09, 58.67, 59.28]
['2019-11-27', 59.4, 59.89, 59.25, 59.89]
['2019-11-29', 59.74, 59.78, 59.07, 59.23]
['2019-12-02', 59.61, 59.87, 58.74, 59.29]
['2019-12-03', 58.86, 59.41, 58.69, 59.25]
['2019-12-04', 59.39, 59.39, 58.9, 58.96]
['2019-12-05', 59.22, 59.69, 58.92, 59.43]
['2019-12-06', 59.75, 61.14, 59.75, 60.88]
['2019-12-09', 60.91, 61.65, 60.91, 61.27]
['2019-12-10', 60.74, 62.52, 60.74, 62.22]
['2019-12-11', 61.98, 62.18, 61.71, 62.03]
['2019-12-12', 63.82, 63.82, 62.02, 62.71]
['2019-12-13', 62.71, 63.31, 62.06, 62.96]
['2019-12-16', 63.12, 63.41, 62.45, 62.91]
['2019-12-17', 62.9, 63.41, 62.6, 63.26]
['2019-12-18', 63.26, 63.41, 62.82, 62.93]
['2019-12-19', 63.33, 63.34, 61.87, 62.82]
['2019-12-20', 62.82, 63.36, 62.42, 63.31]
['2019-12-23', 63.32, 63.34, 61.44, 62.25]
['2019-12-24', 62.2, 62.52, 61.86, 61.86]
['2019-12-26', 62.01, 62.8, 61.99, 62.8]
['2019-12-27', 62.81, 62.92, 61.82, 62.4]
['2019-12-30', 62.4, 62.81, 62.19, 62.62]
['2019-12-31', 63.05, 63.36, 62.22, 63.2]
['2020-01-02', 63.17, 63.17, 62.19, 62.19]
['2020-01-03', 62.14, 62.14, 61.59, 61.81]
['2020-01-06', 61.86, 62.54, 60.95, 62.28]
['2020-01-07', 62.27, 62.27, 60.42, 61.03]
['2020-01-08', 60.85, 61.23, 60.53, 61.04]
['2020-01-09', 61.35, 62.43, 61.25, 61.31]
['2020-01-10', 61.23, 62.3, 60.67, 60.73]
['2020-01-13', 60.95, 62.63, 60.95, 62.63]
['2020-01-14', 62.79, 63.02, 61.6, 61.62]
['2020-01-15', 61.74, 62.68, 61.04, 61.33]
['2020-01-16', 61.71, 63.24, 61.49, 62.99]
['2020-01-17', 63.04, 63.25, 61.98, 62.32]
['2020-01-21', 61.66, 61.75, 61.03, 61.24]
['2020-01-22', 61.33, 63.2, 60.75, 62.12]
['2020-01-23', 61.69, 62.12, 61.2, 61.46]
['2020-01-24', 61.79, 62.09, 60.75, 60.8]
['2020-01-27', 60.58, 61.56, 59.94, 61.43]
['2020-01-28', 61.2, 61.21, 59.94, 60.47]
['2020-01-29', 59.95, 60.04, 56.47, 58.45]
['2020-01-30', 57.53, 57.53, 53.5, 55.01]
['2020-01-31', 54.39, 54.87, 53.75, 54.22]
['2020-02-03', 54.08, 55.47, 53.85, 54.0]
['2020-02-04', 54.42, 55.61, 53.49, 53.57]
['2020-02-05', 53.93, 54.6, 53.49, 53.92]
['2020-02-06', 54.11, 54.31, 53.81, 53.81]
['2020-02-07', 53.7, 53.74, 52.71, 52.79]
['2020-02-10', 52.72, 53.26, 51.49, 51.84]
['2020-02-11', 52.62, 53.41, 52.23, 53.41]
['2020-02-12', 53.56, 54.01, 53.06, 53.06]
['2020-02-13', 52.89, 53.21, 51.34, 51.77]
['2020-02-14', 52.07, 52.35, 51.72, 51.72]
['2020-02-18', 51.68, 51.78, 50.81, 51.42]
['2020-02-19', 51.47, 52.01, 51.25, 51.25]
['2020-02-20', 51.2, 51.9, 51.2, 51.82]
['2020-02-21', 51.65, 52.01, 51.21, 52.01]
['2020-02-24', 50.95, 50.95, 49.68, 49.78]
['2020-02-25', 50.06, 50.06, 48.79, 49.22]
['2020-02-26', 49.17, 50.48, 49.13, 49.73]
['2020-02-27', 49.01, 52.51, 48.74, 48.74]
['2020-02-28', 48.42, 48.44, 46.28, 47.53]
['2020-03-02', 47.42, 48.39, 46.9, 48.19]
['2020-03-03', 48.1, 48.1, 46.9, 46.95]
['2020-03-04', 47.9, 48.34, 47.04, 48.34]
['2020-03-05', 47.41, 48.12, 45.8, 46.3]
['2020-03-06', 45.3, 46.38, 45.24, 45.59]
['2020-03-09', 43.67, 43.67, 39.25, 41.3]
['2020-03-10', 42.2, 43.39, 39.69, 41.51]
['2020-03-11', 40.5, 43.85, 38.21, 39.48]
['2020-03-12', 37.65, 37.65, 34.1, 36.24]
['2020-03-13', 37.76, 37.76, 36.4, 36.76]
['2020-03-16', 31.37, 33.88, 30.75, 31.33]
['2020-03-17', 31.65, 35.73, 30.55, 35.67]
['2020-03-18', 34.14, 34.91, 28.56, 30.16]
['2020-03-19', 29.91, 34.21, 28.07, 34.21]
['2020-03-20', 33.49, 35.33, 27.35, 29.34]
['2020-03-23', 30.58, 30.67, 28.75, 29.73]
['2020-03-24', 29.86, 33.82, 29.86, 33.81]
['2020-03-25', 33.77, 37.1, 32.82, 35.75]
['2020-03-26', 36.08, 36.81, 35.64, 36.52]
['2020-03-27', 35.24, 35.81, 33.89, 34.1]
['2020-03-30', 33.48, 34.24, 30.07, 34.01]
['2020-03-31', 33.38, 35.81, 32.08, 35.81]
['2020-04-01', 35.21, 35.6, 33.85, 33.96]
['2020-04-02', 33.53, 34.96, 31.72, 32.76]
['2020-04-03', 32.18, 32.82, 29.34, 29.45]
['2020-04-06', 30.24, 34.17, 30.24, 33.02]
['2020-04-07', 33.99, 34.69, 33.81, 34.67]
['2020-04-08', 34.66, 37.29, 34.04, 37.29]
['2020-04-09', 37.54, 41.71, 37.32, 41.71]
['2020-04-13', 41.49, 41.49, 37.29, 37.57]
['2020-04-14', 38.13, 38.37, 35.97, 36.65]
['2020-04-15', 35.02, 36.36, 34.58, 36.0]
['2020-04-16', 35.46, 35.46, 31.83, 32.69]
['2020-04-17', 34.54, 38.14, 34.54, 37.69]
['2020-04-20', 36.7, 39.41, 35.38, 35.38]
['2020-04-21', 34.04, 36.09, 34.04, 35.68]
['2020-04-22', 36.55, 37.2, 34.59, 35.89]
['2020-04-23', 35.99, 36.25, 33.69, 34.79]
['2020-04-24', 36.36, 36.8, 35.48, 36.3]
['2020-04-27', 36.03, 40.51, 36.03, 39.7]
['2020-04-28', 40.01, 41.14, 39.44, 39.93]
['2020-04-29', 40.97, 44.24, 39.78, 43.94]
['2020-04-30', 42.43, 43.43, 40.56, 41.72]
['2020-05-01', 40.19, 42.02, 40.19, 41.95]
['2020-05-04', 41.15, 42.4, 39.84, 42.26]
['2020-05-05', 42.1, 42.1, 38.79, 38.79]
['2020-05-06', 37.06, 39.67, 37.06, 38.99]
['2020-05-07', 38.22, 40.55, 38.22, 40.55]
['2020-05-08', 40.57, 42.18, 39.24, 40.76]
['2020-05-11', 40.09, 40.76, 38.03, 38.12]
['2020-05-12', 39.0, 39.12, 35.97, 35.97]
['2020-05-13', 35.97, 35.97, 32.82, 34.18]
['2020-05-14', 33.35, 35.92, 32.51, 35.85]
['2020-05-15', 35.56, 38.19, 34.5, 38.19]
['2020-05-18', 38.16, 42.01, 37.89, 42.0]
['2020-05-19', 42.04, 42.04, 39.0, 39.0]
['2020-05-20', 39.2, 41.42, 38.2, 41.24]
['2020-05-21', 41.2, 42.49, 39.64, 40.01]
['2020-05-22', 40.79, 41.6, 40.5, 41.6]
['2020-05-26', 42.38, 44.5, 42.38, 43.81]
['2020-05-27', 43.9, 45.0, 43.45, 43.8]
['2020-05-28', 44.4, 44.43, 42.61, 42.9]
['2020-05-29', 42.7, 42.74, 41.81, 42.24]
