['2014-02-05', 93.6, 94.0, 88.0, 88.0]
['2014-02-06', 88.08, 91.2, 88.0, 88.0]
['2014-02-07', 88.0, 90.08, 87.2, 88.32]
['2014-02-10', 88.0, 91.52, 88.0, 91.12]
['2014-02-11', 89.28, 91.12, 89.2, 91.12]
['2014-02-12', 95.2, 99.12, 90.72, 94.16]
['2014-02-13', 93.44, 94.32, 90.0, 92.72]
['2014-02-14', 91.84, 92.8, 90.4, 91.96]
['2014-02-18', 92.16, 98.64, 92.16, 95.92]
['2014-02-19', 99.92, 99.92, 94.56, 96.8]
['2014-02-20', 95.12, 97.984, 95.12, 96.8]
['2014-02-21', 97.52, 97.6, 95.28, 96.4]
['2014-02-24', 98.08, 102.72, 96.0, 100.32]
['2014-02-25', 100.4, 124.0, 100.4, 121.44]
['2014-02-26', 132.48, 132.48, 117.824, 120.0]
['2014-02-27', 120.24, 135.64, 119.36, 120.0]
['2014-02-28', 120.72, 130.808, 104.72, 117.36]
['2014-03-03', 120.0, 121.992, 108.88, 120.0]
['2014-03-04', 121.6, 128.0, 118.4, 119.4]
['2014-03-05', 127.2, 133.92, 122.0, 130.96]
['2014-03-06', 131.44, 152.0, 126.08, 145.68]
['2014-03-07', 147.6, 181.76, 147.6, 179.6]
['2014-03-10', 184.0, 191.92, 169.608, 174.96]
['2014-03-11', 178.32, 179.6, 156.0, 158.16]
['2014-03-12', 155.04, 155.04, 136.88, 145.28]
['2014-03-13', 146.72, 151.36, 141.2, 147.92]
['2014-03-14', 153.44, 153.44, 140.32, 140.88]
['2014-03-17', 141.92, 144.576, 130.0, 135.76]
['2014-03-18', 140.24, 140.24, 132.08, 136.0]
['2014-03-19', 139.12, 139.28, 132.8, 136.24]
['2014-03-20', 134.24, 137.04, 133.44, 135.76]
['2014-03-21', 135.76, 136.8, 126.32, 131.04]
['2014-03-24', 132.64, 148.16, 124.4, 135.52]
['2014-03-25', 136.0, 144.72, 132.32, 135.04]
['2014-03-26', 136.08, 136.88, 130.64, 133.76]
['2014-03-27', 132.0, 143.76, 130.72, 139.36]
['2014-03-28', 138.72, 149.112, 134.8, 138.88]
['2014-03-31', 136.8, 148.96, 136.0, 145.52]
['2014-04-01', 146.4, 148.4, 142.0, 146.64]
['2014-04-02', 146.48, 146.48, 137.68, 143.12]
['2014-04-03', 143.28, 145.76, 140.4, 143.76]
['2014-04-04', 143.92, 148.88, 141.6, 142.96]
['2014-04-07', 142.24, 147.744, 141.36, 143.12]
['2014-04-08', 143.36, 145.84, 137.28, 144.88]
['2014-04-09', 145.6, 157.28, 142.32, 154.4]
['2014-04-10', 153.6, 161.2, 146.56, 159.84]
['2014-04-11', 157.84, 170.72, 146.16, 164.64]
['2014-04-14', 164.8, 165.28, 147.2, 149.04]
['2014-04-15', 151.04, 151.04, 140.168, 143.76]
['2014-04-16', 144.4, 148.4, 137.176, 143.04]
['2014-04-17', 143.04, 149.68, 136.72, 148.96]
['2014-04-21', 148.0, 157.6, 143.6, 151.28]
['2014-04-22', 152.16, 160.4, 151.36, 159.44]
['2014-04-23', 159.6, 159.6, 149.2, 151.44]
['2014-04-24', 153.92, 159.2, 146.4, 151.52]
['2014-04-25', 150.32, 154.64, 140.32, 143.68]
['2014-04-28', 147.92, 153.2, 143.6, 150.96]
['2014-04-29', 152.96, 156.72, 144.0, 151.92]
['2014-04-30', 150.56, 156.8, 148.56, 155.2]
['2014-05-01', 154.56, 156.0, 149.6, 152.72]
['2014-05-02', 152.32, 154.8, 148.992, 151.12]
['2014-05-05', 150.88, 156.0, 147.76, 155.52]
['2014-05-06', 154.0, 155.92, 148.0, 150.4]
['2014-05-07', 147.68, 153.04, 147.68, 151.76]
['2014-05-08', 151.04, 155.6, 146.96, 147.68]
['2014-05-09', 146.8, 154.88, 144.8, 146.24]
['2014-05-12', 145.76, 153.4, 138.8, 151.36]
['2014-05-13', 153.68, 156.0, 147.44, 149.2]
['2014-05-14', 148.8, 152.0, 145.76, 147.52]
['2014-05-15', 146.24, 146.24, 134.08, 140.48]
['2014-05-16', 141.52, 145.12, 140.48, 144.48]
['2014-05-19', 145.12, 152.12, 144.4, 150.32]
['2014-05-20', 148.88, 152.2, 146.0, 148.16]
['2014-05-21', 148.32, 151.84, 147.32, 150.48]
['2014-05-22', 150.24, 152.56, 147.84, 150.4]
['2014-05-23', 149.92, 152.64, 148.08, 151.2]
['2014-05-27', 152.56, 152.64, 149.52, 152.0]
['2014-05-28', 151.2, 155.2, 150.04, 151.6]
['2014-05-29', 151.28, 152.0, 150.32, 151.36]
['2014-05-30', 151.92, 152.56, 148.88, 151.68]
['2014-06-02', 152.0, 152.832, 150.16, 150.72]
['2014-06-03', 150.72, 152.0, 149.12, 150.48]
['2014-06-04', 151.36, 152.0, 149.12, 152.0]
['2014-06-05', 152.0, 153.28, 148.92, 150.24]
['2014-06-06', 151.28, 151.6, 149.28, 151.04]
['2014-06-09', 151.04, 152.48, 150.0, 151.92]
['2014-06-10', 151.92, 152.64, 149.76, 151.68]
['2014-06-11', 152.0, 152.0, 150.08, 151.92]
['2014-06-12', 151.04, 154.08, 149.52, 152.64]
['2014-06-13', 152.8, 155.84, 150.48, 150.48]
['2014-06-16', 152.48, 152.48, 149.84, 151.04]
['2014-06-17', 151.6, 152.0, 148.2, 151.68]
['2014-06-18', 151.76, 152.0, 149.68, 151.2]
['2014-06-19', 151.28, 170.88, 149.92, 167.04]
['2014-06-20', 168.16, 191.2, 168.16, 181.6]
['2014-06-23', 181.6, 191.92, 168.088, 176.24]
['2014-06-24', 177.04, 178.16, 165.2, 166.16]
['2014-06-25', 164.64, 178.4, 142.08, 153.28]
['2014-06-26', 152.64, 160.16, 152.0, 154.88]
['2014-06-27', 153.52, 154.72, 150.24, 153.44]
['2014-06-30', 149.424, 152.0, 146.68, 150.0]
['2014-07-01', 149.92, 155.68, 136.8, 140.44]
['2014-07-02', 142.08, 160.0, 140.08, 140.88]
['2014-07-03', 142.4, 144.6, 141.92, 141.92]
['2014-07-07', 141.36, 144.2, 134.08, 135.84]
['2014-07-08', 137.28, 137.28, 128.16, 128.24]
['2014-07-09', 131.44, 133.44, 126.72, 127.92]
['2014-07-10', 128.8, 133.144, 121.2, 122.48]
['2014-07-11', 122.24, 126.0, 118.0, 118.96]
['2014-07-14', 121.04, 121.04, 106.96, 109.12]
['2014-07-15', 113.84, 115.28, 104.8, 111.68]
['2014-07-16', 116.4, 126.8, 111.76, 120.08]
['2014-07-17', 120.0, 126.4, 118.4, 120.64]
['2014-07-18', 119.6, 123.984, 119.6, 120.08]
['2014-07-21', 120.0, 128.32, 113.6, 120.0]
['2014-07-22', 120.64, 122.6, 117.6, 120.88]
['2014-07-23', 121.52, 151.28, 121.52, 144.24]
['2014-07-24', 145.44, 148.64, 139.84, 142.16]
['2014-07-25', 142.16, 147.04, 142.16, 144.24]
['2014-07-28', 144.88, 145.36, 134.08, 138.48]
['2014-07-29', 138.32, 138.32, 132.24, 134.08]
['2014-07-30', 135.2, 145.6, 133.52, 134.4]
['2014-07-31', 132.08, 142.64, 131.84, 139.28]
['2014-08-01', 138.96, 138.96, 132.72, 136.16]
['2014-08-04', 136.64, 138.8, 132.08, 132.64]
['2014-08-05', 131.84, 131.84, 111.76, 118.16]
['2014-08-06', 116.48, 127.84, 111.2, 111.76]
['2014-08-07', 113.44, 119.44, 109.36, 110.48]
['2014-08-08', 111.36, 114.88, 103.92, 106.48]
['2014-08-11', 107.6, 107.6, 99.68, 102.32]
['2014-08-12', 94.32, 106.4, 93.12, 103.76]
['2014-08-13', 103.44, 105.84, 98.24, 103.36]
['2014-08-14', 103.44, 107.76, 96.72, 103.68]
['2014-08-15', 105.04, 106.56, 104.0, 105.84]
['2014-08-18', 106.72, 111.28, 103.04, 105.84]
['2014-08-19', 101.84, 113.92, 101.84, 109.2]
['2014-08-20', 111.68, 111.68, 102.48, 105.12]
['2014-08-21', 102.64, 107.92, 97.2, 106.8]
['2014-08-22', 103.84, 108.72, 100.48, 107.68]
['2014-08-25', 108.0, 108.0, 104.4, 104.4]
['2014-08-26', 99.84, 109.2, 99.84, 105.12]
['2014-08-27', 101.04, 105.04, 101.04, 101.6]
['2014-08-28', 100.8, 104.32, 96.48, 98.8]
['2014-08-29', 98.48, 104.24, 95.28, 102.48]
['2014-09-02', 101.904, 102.64, 96.0, 99.52]
['2014-09-03', 97.712, 100.376, 97.712, 98.8]
['2014-09-04', 97.68, 103.52, 97.68, 103.28]
['2014-09-05', 102.56, 103.496, 99.12, 99.36]
['2014-09-08', 98.16, 114.48, 97.76, 99.92]
['2014-09-09', 104.8, 116.184, 96.96, 97.04]
['2014-09-10', 101.76, 102.0, 95.28, 96.0]
['2014-09-11', 96.0, 99.84, 93.68, 96.0]
['2014-09-12', 91.2, 96.96, 91.2, 95.84]
['2014-09-15', 95.04, 95.04, 88.48, 89.2]
['2014-09-16', 89.6, 92.4, 88.0, 88.64]
['2014-09-17', 87.6, 95.6, 87.6, 93.2]
['2014-09-18', 92.48, 96.96, 92.4, 95.92]
['2014-09-19', 95.36, 99.92, 91.92, 92.56]
['2014-09-22', 91.44, 91.44, 80.0, 81.2]
['2014-09-23', 81.6, 86.0, 76.96, 79.68]
['2014-09-24', 80.0, 83.2, 74.88, 76.48]
['2014-09-25', 76.64, 76.8, 71.92, 72.0]
['2014-09-26', 72.08, 75.8, 71.2, 71.2]
['2014-09-29', 71.2, 75.44, 71.2, 72.24]
['2014-09-30', 75.2, 76.48, 71.84, 72.4]
['2014-10-01', 73.36, 74.56, 71.6, 72.56]
['2014-10-02', 75.52, 75.52, 71.2, 71.2]
['2014-10-03', 72.32, 75.52, 68.0, 69.36]
['2014-10-06', 69.52, 73.92, 68.08, 70.64]
['2014-10-07', 69.52, 70.32, 65.12, 65.68]
['2014-10-08', 66.88, 70.32, 64.64, 68.0]
['2014-10-09', 69.68, 70.8, 64.0, 64.0]
['2014-10-10', 63.68, 65.68, 56.0, 64.96]
['2014-10-13', 60.96, 70.16, 57.52, 68.88]
['2014-10-14', 69.68, 73.04, 68.16, 68.88]
['2014-10-15', 67.12, 72.16, 62.0, 70.4]
['2014-10-16', 69.6, 71.84, 64.4, 71.04]
['2014-10-17', 72.24, 73.328, 68.0, 70.0]
['2014-10-20', 70.0, 71.44, 66.24, 69.92]
['2014-10-21', 66.72, 73.672, 66.72, 72.16]
['2014-10-22', 69.44, 73.92, 66.64, 68.8]
['2014-10-23', 66.0, 72.88, 66.0, 70.32]
['2014-10-24', 67.2, 72.344, 67.2, 70.72]
['2014-10-27', 70.4, 72.16, 67.6, 70.96]
['2014-10-28', 68.8, 73.68, 67.84, 73.68]
['2014-10-29', 72.96, 72.96, 69.52, 72.0]
['2014-10-30', 70.16, 72.4, 69.76, 72.0]
['2014-10-31', 72.4, 72.64, 66.16, 70.24]
['2014-11-03', 68.304, 70.96, 68.304, 70.0]
['2014-11-04', 69.6, 72.16, 68.24, 71.6]
['2014-11-05', 71.944, 73.28, 70.04, 72.08]
['2014-11-06', 71.52, 71.84, 70.24, 70.72]
['2014-11-07', 68.48, 70.0, 68.48, 69.44]
['2014-11-10', 70.96, 71.92, 69.92, 70.8]
['2014-11-11', 71.04, 71.04, 69.52, 69.76]
['2014-11-12', 72.0, 72.32, 69.2, 72.0]
['2014-11-13', 71.28, 72.4, 71.12, 71.52]
['2014-11-14', 70.4, 72.4, 69.92, 71.2]
['2014-11-17', 72.0, 72.0, 70.88, 70.88]
['2014-11-18', 71.2, 72.8, 70.24, 71.44]
['2014-11-19', 71.04, 73.92, 70.24, 71.6]
['2014-11-20', 71.84, 72.8, 71.08, 72.4]
['2014-11-21', 72.08, 72.8, 71.92, 72.4]
['2014-11-24', 72.0, 72.4, 71.04, 72.16]
['2014-11-25', 71.84, 72.8, 71.44, 72.72]
['2014-11-26', 71.6, 72.4, 71.032, 72.0]
['2014-11-28', 72.24, 72.64, 71.84, 72.56]
['2014-12-01', 72.16, 72.36, 70.4, 72.0]
['2014-12-02', 71.84, 74.0, 71.68, 72.0]
['2014-12-03', 71.76, 72.8, 71.76, 72.0]
['2014-12-04', 70.56, 72.0, 70.496, 70.96]
['2014-12-05', 71.28, 71.28, 70.64, 70.8]
['2014-12-08', 70.4, 70.72, 69.6, 69.76]
['2014-12-09', 69.44, 69.76, 68.88, 69.76]
['2014-12-10', 70.8, 70.8, 68.0, 68.0]
['2014-12-11', 68.0, 68.88, 67.2, 67.28]
['2014-12-12', 67.2, 67.84, 64.64, 66.48]
['2014-12-15', 67.12, 67.12, 62.8, 62.8]
['2014-12-16', 63.04, 63.04, 57.68, 57.68]
['2014-12-17', 57.6, 60.32, 57.6, 58.64]
['2014-12-18', 58.912, 60.4, 58.72, 60.4]
['2014-12-19', 60.24, 64.0, 59.84, 60.24]
['2014-12-22', 60.032, 61.24, 59.36, 60.32]
['2014-12-23', 63.2, 63.28, 59.92, 60.24]
['2014-12-24', 60.08, 62.0, 56.08, 59.36]
['2014-12-26', 60.0, 60.424, 58.24, 59.12]
['2014-12-29', 58.8, 61.52, 56.08, 57.52]
['2014-12-30', 59.92, 59.92, 56.32, 56.56]
['2014-12-31', 56.16, 59.92, 56.0, 56.0]
['2015-01-02', 56.88, 60.8, 56.64, 60.8]
['2015-01-05', 61.12, 67.216, 61.12, 63.6]
['2015-01-06', 64.0, 64.0, 58.8, 59.36]
['2015-01-07', 60.4, 61.6, 59.36, 59.92]
['2015-01-08', 60.32, 60.32, 56.96, 57.68]
['2015-01-09', 58.4, 59.6, 56.88, 59.44]
['2015-01-12', 58.8, 60.4, 58.8, 60.0]
['2015-01-13', 60.48, 61.6, 60.4, 61.2]
['2015-01-14', 60.8, 61.04, 58.32, 60.48]
['2015-01-15', 61.44, 62.32, 57.36, 57.44]
['2015-01-16', 57.44, 58.0, 55.76, 58.0]
['2015-01-20', 58.08, 58.8, 54.08, 55.2]
['2015-01-21', 54.4, 54.72, 52.08, 52.96]
['2015-01-22', 52.0, 52.88, 49.2, 52.88]
['2015-01-23', 52.16, 53.28, 51.2, 52.4]
['2015-01-26', 52.8, 56.88, 52.8, 55.68]
['2015-01-27', 55.44, 57.2, 55.2, 56.24]
['2015-01-28', 56.4, 60.0, 56.4, 57.04]
['2015-01-29', 58.48, 70.96, 57.6, 68.72]
['2015-01-30', 71.12, 72.0, 67.68, 68.64]
['2015-02-02', 68.0, 75.92, 66.584, 74.88]
['2015-02-03', 75.76, 75.92, 68.56, 70.96]
['2015-02-04', 70.8, 71.84, 68.88, 70.56]
['2015-02-05', 70.64, 74.8, 70.0, 73.76]
['2015-02-06', 73.6, 74.256, 70.8, 73.52]
['2015-02-09', 73.2, 73.2, 71.28, 72.08]
['2015-02-10', 72.0, 72.8, 71.44, 72.08]
['2015-02-11', 72.0, 72.4, 70.96, 72.08]
['2015-02-12', 72.0, 74.04, 71.12, 72.0]
['2015-02-13', 71.52, 72.4, 69.44, 71.44]
['2015-02-17', 71.28, 71.48, 70.288, 71.28]
['2015-02-18', 70.792, 73.016, 70.64, 71.92]
['2015-02-19', 71.84, 72.96, 69.6, 71.44]
['2015-02-20', 71.6, 72.64, 70.56, 72.0]
['2015-02-23', 72.0, 78.0, 71.28, 77.12]
['2015-02-24', 77.6, 77.6, 71.76, 73.52]
['2015-02-25', 73.024, 73.84, 70.32, 71.84]
['2015-02-26', 72.0, 73.36, 71.12, 72.64]
['2015-02-27', 71.92, 72.24, 68.48, 69.04]
['2015-03-02', 68.0, 71.28, 65.84, 70.56]
['2015-03-03', 71.28, 71.28, 65.76, 66.8]
['2015-03-04', 66.8, 67.12, 65.44, 66.64]
['2015-03-05', 69.84, 69.84, 68.0, 68.8]
['2015-03-06', 67.92, 68.96, 67.36, 67.68]
['2015-03-09', 67.6, 72.0, 67.6, 71.2]
['2015-03-10', 69.92, 69.92, 67.6, 67.84]
['2015-03-11', 67.76, 69.68, 67.76, 67.84]
['2015-03-12', 68.8, 74.8, 68.0, 72.88]
['2015-03-13', 73.6, 76.0, 72.24, 75.36]
['2015-03-16', 75.68, 76.56, 72.88, 76.16]
['2015-03-17', 76.8, 80.0, 74.48, 78.08]
['2015-03-18', 82.64, 86.0, 77.6, 78.08]
['2015-03-19', 79.28, 82.08, 77.6, 82.0]
['2015-03-20', 82.4, 85.656, 80.32, 84.4]
['2015-03-23', 85.92, 91.6, 84.0, 90.72]
['2015-03-24', 92.48, 99.2, 90.8, 95.76]
['2015-03-25', 100.0, 100.0, 92.48, 94.56]
['2015-03-26', 94.4, 94.4, 88.08, 92.64]
['2015-03-27', 92.08, 97.2, 89.52, 92.96]
['2015-03-30', 93.84, 98.96, 91.2, 96.8]
['2015-03-31', 96.88, 99.76, 93.28, 94.88]
['2015-04-01', 94.16, 94.16, 88.48, 89.6]
['2015-04-02', 89.44, 94.568, 88.64, 91.04]
['2015-04-06', 90.16, 92.08, 89.2, 89.84]
['2015-04-07', 89.68, 96.0, 88.8, 95.2]
['2015-04-08', 96.0, 108.0, 95.44, 107.84]
['2015-04-09', 108.0, 110.24, 101.84, 106.0]
['2015-04-10', 106.96, 108.72, 104.0, 104.4]
['2015-04-13', 105.2, 110.88, 104.4, 108.64]
['2015-04-14', 109.44, 112.0, 105.36, 107.6]
['2015-04-15', 107.92, 109.472, 103.04, 105.36]
['2015-04-16', 104.48, 106.96, 100.4, 102.32]
['2015-04-17', 101.2, 103.84, 99.84, 103.12]
['2015-04-20', 104.08, 108.88, 102.8, 103.44]
['2015-04-21', 106.96, 107.76, 100.56, 101.68]
['2015-04-22', 103.6, 105.384, 98.08, 99.84]
['2015-04-23', 99.36, 101.032, 98.16, 100.0]
['2015-04-24', 99.28, 100.352, 96.88, 97.92]
['2015-04-27', 98.4, 102.0, 92.56, 92.8]
['2015-04-28', 92.4, 94.8, 88.08, 92.4]
['2015-04-29', 91.6, 96.08, 89.44, 90.72]
['2015-04-30', 90.56, 92.72, 81.36, 81.92]
['2015-05-01', 81.68, 84.48, 80.0, 80.96]
['2015-05-04', 80.72, 87.92, 80.72, 82.32]
['2015-05-05', 82.48, 83.84, 77.6, 79.84]
['2015-05-06', 80.56, 82.24, 76.08, 78.48]
['2015-05-07', 76.96, 81.04, 74.16, 76.64]
['2015-05-08', 77.68, 78.8, 72.32, 73.52]
['2015-05-11', 73.36, 77.84, 73.36, 74.0]
['2015-05-12', 74.88, 75.36, 72.0, 74.88]
['2015-05-13', 74.88, 76.96, 72.16, 75.76]
['2015-05-14', 75.76, 76.56, 74.0, 75.68]
['2015-05-15', 75.92, 77.376, 72.16, 75.12]
['2015-05-18', 74.32, 82.4, 74.32, 81.76]
['2015-05-19', 85.6, 89.04, 83.68, 85.2]
['2015-05-20', 96.8, 103.84, 86.8, 92.72]
['2015-05-21', 91.52, 92.48, 84.32, 87.76]
['2015-05-22', 88.0, 90.4, 86.08, 87.36]
['2015-05-26', 87.6, 91.44, 81.88, 83.2]
['2015-05-27', 83.84, 90.4, 82.96, 87.92]
['2015-05-28', 87.36, 88.0, 84.96, 88.0]
['2015-05-29', 88.0, 88.08, 84.32, 84.88]
['2015-06-01', 84.16, 87.952, 80.0, 84.24]
['2015-06-02', 83.76, 87.92, 80.64, 86.72]
['2015-06-03', 87.92, 88.16, 82.4, 87.68]
['2015-06-04', 87.2, 88.08, 82.8, 84.08]
['2015-06-05', 84.8, 88.72, 82.08, 88.0]
['2015-06-08', 88.64, 89.76, 85.44, 86.56]
['2015-06-09', 86.4, 87.984, 82.696, 86.72]
['2015-06-10', 85.76, 95.12, 85.6, 93.76]
['2015-06-11', 93.6, 99.6, 92.4, 98.56]
['2015-06-12', 97.68, 105.28, 96.0, 103.68]
['2015-06-15', 103.84, 111.84, 101.84, 108.16]
['2015-06-16', 108.48, 111.88, 104.24, 104.96]
['2015-06-17', 105.2, 105.2, 101.28, 103.28]
['2015-06-18', 103.68, 107.68, 101.92, 103.12]
['2015-06-19', 99.84, 104.8, 99.6, 103.92]
['2015-06-22', 104.16, 109.6, 104.16, 106.56]
['2015-06-23', 107.12, 109.2, 103.2, 106.48]
['2015-06-24', 106.56, 109.52, 100.96, 103.68]
['2015-06-25', 104.8, 107.52, 97.2, 99.76]
['2015-06-26', 101.52, 101.92, 94.24, 97.76]
['2015-06-29', 96.4, 105.68, 94.0, 103.6]
['2015-06-30', 105.2, 114.32, 102.72, 109.84]
['2015-07-01', 111.36, 113.6, 108.56, 111.36]
['2015-07-02', 111.52, 112.0, 105.04, 108.16]
['2015-07-06', 106.64, 111.12, 105.44, 110.72]
['2015-07-07', 110.8, 115.136, 107.04, 113.04]
['2015-07-08', 112.32, 114.0, 107.6, 111.92]
['2015-07-09', 113.76, 114.0, 110.56, 113.92]
['2015-07-10', 117.28, 118.24, 112.176, 115.12]
['2015-07-13', 115.2, 120.0, 114.72, 118.4]
['2015-07-14', 118.56, 122.8, 117.36, 122.32]
['2015-07-15', 123.12, 127.52, 120.4, 124.24]
['2015-07-16', 125.52, 129.44, 123.84, 125.04]
['2015-07-17', 124.0, 128.64, 121.2, 128.48]
['2015-07-20', 129.44, 129.44, 120.0, 122.88]
['2015-07-21', 122.8, 124.0, 120.08, 121.76]
['2015-07-22', 120.56, 127.44, 120.16, 125.52]
['2015-07-23', 125.6, 126.36, 119.52, 121.04]
['2015-07-24', 120.48, 123.68, 116.24, 118.0]
['2015-07-27', 117.44, 118.72, 113.04, 118.0]
['2015-07-28', 119.36, 124.24, 114.8, 116.56]
['2015-07-29', 116.8, 116.8, 110.424, 111.28]
['2015-07-30', 104.88, 105.36, 100.0, 102.56]
['2015-07-31', 103.04, 105.2, 102.56, 104.0]
['2015-08-03', 104.24, 106.32, 103.6, 104.88]
['2015-08-04', 105.52, 108.52, 104.96, 107.04]
['2015-08-05', 107.6, 108.96, 104.96, 105.6]
['2015-08-06', 106.4, 108.56, 102.0, 104.08]
['2015-08-07', 103.12, 105.28, 101.44, 103.52]
['2015-08-10', 104.4, 105.44, 102.4, 102.96]
['2015-08-11', 102.56, 103.76, 99.28, 100.8]
['2015-08-12', 101.2, 104.88, 96.48, 104.0]
['2015-08-13', 104.8, 106.0, 101.6, 103.68]
['2015-08-14', 102.8, 104.64, 96.32, 104.08]
['2015-08-17', 104.32, 105.28, 102.8, 104.88]
['2015-08-18', 105.28, 105.52, 102.72, 102.88]
['2015-08-19', 101.92, 102.56, 96.48, 101.6]
['2015-08-20', 99.6, 105.12, 96.72, 97.12]
['2015-08-21', 96.0, 103.28, 95.92, 99.84]
['2015-08-24', 96.24, 100.752, 95.52, 95.52]
['2015-08-25', 99.92, 101.92, 96.16, 97.52]
['2015-08-26', 101.12, 101.68, 93.44, 101.2]
['2015-08-27', 102.16, 104.08, 95.632, 98.16]
['2015-08-28', 98.24, 99.44, 96.48, 97.68]
['2015-08-31', 97.52, 98.0, 91.92, 93.04]
['2015-09-01', 90.8, 93.92, 89.12, 90.8]
['2015-09-02', 92.0, 92.0, 88.44, 90.32]
['2015-09-03', 90.0, 91.84, 86.2, 87.52]
['2015-09-04', 86.88, 89.36, 85.2, 87.92]
['2015-09-08', 89.6, 93.072, 87.52, 88.8]
['2015-09-09', 89.6, 89.68, 84.32, 84.64]
['2015-09-10', 84.48, 86.0, 83.6, 84.24]
['2015-09-11', 84.08, 84.08, 80.8, 81.68]
['2015-09-14', 81.36, 81.6, 77.44, 80.24]
['2015-09-15', 80.0, 81.04, 78.56, 78.96]
['2015-09-16', 78.96, 78.96, 74.32, 76.16]
['2015-09-17', 76.24, 78.64, 74.64, 77.04]
['2015-09-18', 76.08, 81.52, 76.08, 81.12]
['2015-09-21', 82.08, 85.52, 79.04, 85.36]
['2015-09-22', 84.8, 84.8, 79.12, 81.28]
['2015-09-23', 81.04, 84.0, 79.84, 80.08]
['2015-09-24', 79.76, 80.48, 75.2, 76.72]
['2015-09-25', 76.88, 76.88, 67.84, 69.76]
['2015-09-28', 69.84, 70.28, 58.56, 58.8]
['2015-09-29', 59.04, 60.72, 55.04, 55.92]
['2015-09-30', 56.72, 60.08, 53.04, 54.8]
['2015-10-01', 54.8, 56.32, 52.32, 55.76]
['2015-10-02', 55.28, 57.68, 54.24, 55.44]
['2015-10-05', 55.92, 56.24, 52.08, 53.36]
['2015-10-06', 53.44, 53.44, 46.864, 47.2]
['2015-10-07', 56.4, 57.84, 49.2, 51.12]
['2015-10-08', 50.72, 55.2, 48.48, 49.36]
['2015-10-09', 49.12, 51.208, 47.56, 47.92]
['2015-10-12', 48.4, 54.792, 46.96, 54.4]
['2015-10-13', 55.44, 65.6, 53.824, 62.08]
['2015-10-14', 62.48, 62.48, 55.28, 56.88]
['2015-10-15', 57.68, 60.792, 56.32, 59.76]
['2015-10-16', 59.84, 61.44, 56.48, 57.84]
['2015-10-19', 42.4, 45.28, 38.0, 41.36]
['2015-10-20', 41.44, 41.6, 39.92, 40.0]
['2015-10-21', 40.0, 42.48, 38.8, 39.04]
['2015-10-22', 39.04, 40.0, 34.16, 35.28]
['2015-10-23', 35.36, 36.624, 34.88, 35.76]
['2015-10-26', 35.44, 36.608, 34.184, 34.48]
['2015-10-27', 34.4, 36.32, 34.32, 35.04]
['2015-10-28', 35.04, 37.04, 34.48, 36.96]
['2015-10-29', 36.96, 39.92, 36.72, 38.4]
['2015-10-30', 38.56, 39.52, 37.76, 38.32]
['2015-11-02', 38.32, 40.64, 38.32, 40.24]
['2015-11-03', 40.0, 41.6, 39.36, 41.36]
['2015-11-04', 41.6, 45.44, 41.28, 43.52]
['2015-11-05', 44.8, 49.44, 44.32, 48.16]
['2015-11-06', 47.84, 51.76, 46.4, 51.68]
['2015-11-09', 51.2, 53.12, 47.72, 48.72]
['2015-11-10', 48.88, 50.016, 45.44, 47.84]
['2015-11-11', 48.16, 48.56, 45.84, 46.32]
['2015-11-12', 46.0, 46.96, 45.2, 45.84]
['2015-11-13', 46.0, 50.16, 45.76, 46.72]
['2015-11-16', 46.72, 47.48, 45.6, 47.28]
['2015-11-17', 47.52, 49.68, 46.24, 48.96]
['2015-11-18', 49.04, 51.36, 46.72, 50.88]
['2015-11-19', 50.72, 51.04, 47.2, 47.44]
['2015-11-20', 47.76, 49.12, 47.12, 47.36]
['2015-11-23', 47.12, 49.84, 45.68, 48.72]
['2015-11-24', 48.32, 49.6, 48.16, 49.28]
['2015-11-25', 49.2, 50.96, 47.68, 49.44]
['2015-11-27', 49.36, 51.12, 48.72, 50.8]
['2015-11-30', 51.04, 53.36, 49.36, 51.2]
['2015-12-01', 51.2, 51.76, 46.4, 49.36]
['2015-12-02', 49.6, 53.04, 48.56, 51.84]
['2015-12-03', 51.92, 52.16, 50.0, 51.36]
['2015-12-04', 51.28, 52.48, 50.4, 51.68]
['2015-12-07', 51.76, 51.76, 48.08, 48.4]
['2015-12-08', 48.08, 50.04, 47.12, 49.04]
['2015-12-09', 48.72, 49.72, 47.44, 47.76]
['2015-12-10', 48.16, 50.576, 47.92, 50.24]
['2015-12-11', 49.36, 49.84, 47.16, 47.36]
['2015-12-14', 47.76, 48.88, 45.048, 46.72]
['2015-12-15', 47.44, 49.32, 46.0, 49.04]
['2015-12-16', 49.12, 51.84, 48.96, 51.44]
['2015-12-17', 56.88, 57.6, 53.44, 54.08]
['2015-12-18', 53.76, 56.24, 52.08, 52.4]
['2015-12-21', 52.8, 53.76, 47.68, 48.56]
['2015-12-22', 48.64, 48.64, 45.84, 47.76]
['2015-12-23', 47.92, 52.32, 47.12, 51.12]
['2015-12-24', 51.2, 52.32, 48.56, 49.36]
['2015-12-28', 49.28, 50.96, 45.76, 46.24]
['2015-12-29', 46.72, 46.8, 43.2, 44.16]
['2015-12-30', 43.76, 44.8, 42.32, 42.4]
['2015-12-31', 42.32, 43.52, 41.76, 42.16]
['2016-01-04', 41.12, 42.16, 39.992, 40.88]
['2016-01-05', 40.88, 41.84, 40.24, 40.64]
['2016-01-06', 40.08, 40.48, 36.56, 37.52]
['2016-01-07', 36.56, 36.784, 34.8, 34.88]
['2016-01-08', 35.04, 35.92, 32.88, 33.04]
['2016-01-11', 33.52, 34.16, 30.72, 31.2]
['2016-01-12', 31.36, 33.2, 28.8, 30.24]
['2016-01-13', 30.24, 31.352, 27.04, 27.36]
['2016-01-14', 27.36, 29.04, 24.8, 28.0]
['2016-01-15', 27.2, 29.36, 26.512, 29.04]
['2016-01-19', 29.36, 29.44, 27.04, 28.08]
['2016-01-20', 27.68, 30.48, 26.72, 29.6]
['2016-01-21', 29.52, 31.44, 28.32, 29.44]
['2016-01-22', 29.76, 31.6, 29.2, 30.96]
['2016-01-25', 30.72, 32.24, 29.76, 29.92]
['2016-01-26', 30.16, 31.44, 29.36, 30.8]
['2016-01-27', 30.8, 31.52, 28.72, 28.8]
['2016-01-28', 28.8, 29.52, 26.0, 26.24]
['2016-01-29', 26.32, 26.96, 24.08, 24.88]
['2016-02-01', 24.88, 26.0, 23.76, 25.52]
['2016-02-02', 25.28, 25.84, 24.4, 24.72]
['2016-02-03', 24.88, 25.44, 23.608, 25.04]
['2016-02-04', 24.88, 26.56, 24.0, 24.0]
['2016-02-05', 24.0, 25.04, 22.64, 22.72]
['2016-02-08', 22.48, 22.72, 20.72, 21.12]
['2016-02-09', 20.72, 23.2, 20.48, 22.4]
['2016-02-10', 22.8, 25.44, 21.76, 22.0]
['2016-02-11', 21.6, 24.84, 21.2, 24.08]
['2016-02-12', 24.56, 30.8, 24.56, 29.28]
['2016-02-16', 29.28, 31.8, 29.2, 30.88]
['2016-02-17', 31.04, 33.12, 29.6, 32.56]
['2016-02-18', 32.48, 33.28, 31.6, 31.76]
['2016-02-19', 31.6, 34.96, 31.44, 34.4]
['2016-02-22', 34.8, 35.92, 32.24, 32.64]
['2016-02-23', 32.24, 33.52, 28.72, 28.8]
['2016-02-24', 28.0, 31.28, 26.64, 31.04]
['2016-02-25', 30.88, 30.96, 28.0, 30.24]
['2016-02-26', 30.24, 30.96, 29.76, 29.84]
['2016-02-29', 29.84, 32.48, 29.84, 31.36]
['2016-03-01', 31.68, 32.4, 30.72, 32.32]
['2016-03-02', 32.08, 34.16, 32.0, 33.44]
['2016-03-03', 33.6, 35.28, 33.2, 34.48]
['2016-03-04', 34.48, 36.4, 32.96, 34.48]
['2016-03-07', 34.4, 40.08, 34.4, 39.36]
['2016-03-08', 39.04, 43.92, 34.64, 34.72]
['2016-03-09', 34.8, 39.6, 34.8, 38.64]
['2016-03-10', 39.52, 42.08, 35.44, 36.56]
['2016-03-11', 36.8, 38.48, 35.84, 36.8]
['2016-03-14', 36.56, 41.2, 35.92, 40.24]
['2016-03-15', 40.08, 40.56, 36.56, 36.88]
['2016-03-16', 36.64, 37.28, 34.32, 34.8]
['2016-03-17', 34.48, 35.12, 33.52, 34.24]
['2016-03-18', 34.48, 34.96, 30.64, 34.72]
['2016-03-21', 34.64, 38.08, 34.16, 36.16]
['2016-03-22', 35.76, 37.84, 34.24, 34.48]
['2016-03-23', 34.32, 34.8, 31.36, 31.6]
['2016-03-24', 31.36, 33.04, 31.04, 31.68]
['2016-03-28', 32.16, 32.16, 30.4, 30.56]
['2016-03-29', 30.4, 32.4, 28.96, 31.6]
['2016-03-30', 31.84, 35.12, 31.36, 31.76]
['2016-03-31', 42.96, 64.56, 38.64, 61.92]
['2016-04-01', 59.04, 61.92, 46.56, 47.6]
['2016-04-04', 49.84, 56.64, 47.44, 54.64]
['2016-04-05', 54.24, 59.92, 52.48, 54.4]
['2016-04-06', 55.84, 59.92, 53.6, 56.4]
['2016-04-07', 56.4, 57.6, 52.08, 53.2]
['2016-04-08', 54.24, 56.72, 51.28, 52.56]
['2016-04-11', 52.4, 52.64, 44.24, 44.72]
['2016-04-12', 44.64, 46.16, 40.96, 44.8]
['2016-04-13', 44.72, 45.92, 42.16, 42.72]
['2016-04-14', 42.64, 46.48, 42.4, 44.72]
['2016-04-15', 44.72, 47.68, 43.68, 46.16]
['2016-04-18', 46.08, 48.8, 45.2, 46.4]
['2016-04-19', 46.64, 47.44, 42.64, 42.8]
['2016-04-20', 43.12, 44.08, 41.12, 41.44]
['2016-04-21', 41.44, 43.6, 40.8, 42.8]
['2016-04-22', 43.36, 44.72, 41.76, 44.0]
['2016-04-25', 44.16, 44.8, 40.96, 41.6]
['2016-04-26', 41.28, 41.64, 38.24, 38.72]
['2016-04-27', 39.2, 40.4, 36.96, 40.08]
['2016-04-28', 40.4, 40.4, 36.48, 36.8]
['2016-04-29', 36.88, 37.36, 34.8, 35.2]
['2016-05-02', 34.88, 35.44, 33.12, 34.16]
['2016-05-03', 34.08, 34.32, 30.64, 31.28]
['2016-05-04', 31.04, 32.88, 31.04, 32.4]
['2016-05-05', 33.84, 34.24, 30.8, 31.04]
['2016-05-06', 31.12, 31.2, 27.96, 29.36]
['2016-05-09', 29.68, 32.64, 29.04, 31.2]
['2016-05-10', 31.84, 32.08, 29.736, 30.64]
['2016-05-11', 31.36, 31.36, 29.28, 29.52]
['2016-05-12', 30.4, 30.4, 26.88, 27.44]
['2016-05-13', 27.2, 28.24, 26.8, 27.44]
['2016-05-16', 27.76, 29.28, 27.32, 28.88]
['2016-05-17', 28.96, 35.04, 28.96, 31.76]
['2016-05-18', 32.64, 34.08, 29.76, 30.24]
['2016-05-19', 30.0, 30.64, 28.56, 28.8]
['2016-05-20', 29.76, 32.8, 29.28, 32.08]
['2016-05-23', 31.84, 33.016, 30.96, 31.68]
['2016-05-24', 32.24, 32.96, 30.8, 32.24]
['2016-05-25', 32.64, 33.52, 31.6, 32.56]
['2016-05-26', 32.72, 32.8, 30.96, 30.96]
['2016-05-27', 30.88, 32.64, 30.8, 31.84]
['2016-05-31', 32.16, 40.0, 31.92, 37.6]
['2016-06-01', 37.84, 39.12, 36.4, 37.84]
['2016-06-02', 37.04, 41.6, 36.8, 40.08]
['2016-06-03', 39.68, 40.56, 36.56, 37.68]
['2016-06-06', 37.6, 38.176, 36.0, 38.0]
['2016-06-07', 37.6, 38.88, 36.88, 37.12]
['2016-06-08', 37.2, 37.52, 34.48, 35.68]
['2016-06-09', 36.72, 37.624, 33.6, 33.76]
['2016-06-10', 33.36, 33.816, 31.36, 31.52]
['2016-06-13', 31.44, 32.8, 30.4, 30.88]
['2016-06-14', 30.64, 31.92, 29.76, 31.28]
['2016-06-15', 32.48, 32.88, 31.04, 32.08]
['2016-06-16', 31.84, 32.656, 30.64, 31.2]
['2016-06-17', 31.36, 32.16, 29.6, 29.68]
['2016-06-20', 30.16, 30.608, 28.88, 29.84]
['2016-06-21', 30.16, 30.16, 28.16, 29.68]
['2016-06-22', 29.92, 30.4, 28.4, 29.52]
['2016-06-23', 30.24, 39.12, 30.0, 37.36]
['2016-06-24', 32.64, 35.76, 32.64, 33.56]
['2016-06-27', 32.56, 33.728, 30.08, 30.88]
['2016-06-28', 31.36, 38.16, 31.36, 35.28]
['2016-06-29', 35.12, 37.6, 33.76, 35.36]
['2016-06-30', 35.2, 35.44, 31.76, 32.8]
['2016-07-01', 32.88, 35.04, 32.8, 34.56]
['2016-07-05', 33.92, 34.32, 32.4, 33.28]
['2016-07-06', 32.8, 36.688, 32.4, 35.12]
['2016-07-07', 34.48, 36.0, 33.6, 34.72]
['2016-07-08', 34.8, 36.64, 34.16, 35.6]
['2016-07-11', 36.08, 37.44, 34.4, 35.52]
['2016-07-12', 36.0, 36.4, 35.12, 35.76]
['2016-07-13', 36.0, 37.04, 34.88, 35.76]
['2016-07-14', 36.24, 36.24, 33.76, 34.48]
['2016-07-15', 34.0, 35.12, 34.0, 34.8]
['2016-07-18', 35.04, 35.192, 33.76, 34.48]
['2016-07-19', 34.08, 34.48, 32.0, 32.96]
['2016-07-20', 33.2, 33.52, 31.84, 33.44]
['2016-07-21', 33.92, 34.56, 32.36, 32.56]
['2016-07-22', 32.4, 33.28, 32.4, 32.48]
['2016-07-25', 32.56, 33.52, 32.16, 32.48]
['2016-07-26', 32.4, 33.28, 32.16, 32.8]
['2016-07-27', 33.12, 34.0, 33.048, 33.76]
['2016-07-28', 33.68, 33.84, 32.44, 32.56]
['2016-07-29', 32.4, 33.12, 32.4, 32.56]
['2016-08-01', 32.64, 33.12, 31.68, 32.0]
['2016-08-02', 31.68, 32.72, 30.88, 31.84]
['2016-08-03', 32.0, 33.76, 31.68, 33.2]
['2016-08-04', 33.44, 36.0, 33.36, 35.04]
['2016-08-05', 36.0, 38.64, 35.44, 38.48]
['2016-08-08', 38.56, 40.4, 38.48, 38.8]
['2016-08-09', 39.12, 39.92, 37.6, 39.6]
['2016-08-10', 39.84, 39.84, 36.48, 37.12]
['2016-08-11', 37.36, 38.72, 36.48, 38.56]
['2016-08-12', 38.8, 40.56, 38.4, 40.24]
['2016-08-15', 40.4, 42.72, 39.44, 42.48]
['2016-08-16', 42.16, 43.456, 40.8, 43.12]
['2016-08-17', 43.2, 45.28, 42.0, 43.6]
['2016-08-18', 44.0, 44.0, 40.8, 41.84]
['2016-08-19', 40.8, 41.76, 39.048, 41.44]
['2016-08-22', 41.6, 42.32, 40.96, 41.92]
['2016-08-23', 42.24, 43.36, 41.84, 42.64]
['2016-08-24', 41.92, 44.72, 41.88, 42.16]
['2016-08-25', 41.6, 42.52, 39.2, 39.6]
['2016-08-26', 39.68, 41.2, 38.64, 40.0]
['2016-08-29', 40.08, 41.6, 39.44, 41.12]
['2016-08-30', 41.12, 43.36, 40.88, 43.12]
['2016-08-31', 42.8, 43.92, 40.8, 42.88]
['2016-09-01', 42.8, 43.36, 41.04, 42.24]
['2016-09-02', 42.32, 43.2, 41.76, 42.96]
['2016-09-06', 43.44, 44.0, 42.36, 43.44]
['2016-09-07', 43.76, 46.32, 43.56, 45.84]
['2016-09-08', 46.24, 48.72, 45.672, 47.6]
['2016-09-09', 47.28, 47.84, 44.64, 45.04]
['2016-09-12', 44.4, 46.4, 44.224, 44.8]
['2016-09-13', 44.16, 44.88, 40.08, 42.56]
['2016-09-14', 42.48, 45.12, 41.52, 43.52]
['2016-09-15', 43.52, 45.36, 42.4, 44.8]
['2016-09-16', 43.92, 45.2, 42.4, 42.48]
['2016-09-19', 43.04, 44.08, 41.6, 42.8]
['2016-09-20', 42.88, 43.92, 40.8, 43.68]
['2016-09-21', 44.0, 45.2, 42.32, 43.68]
['2016-09-22', 43.6, 44.4, 43.264, 43.76]
['2016-09-23', 43.84, 44.8, 43.04, 43.92]
['2016-09-26', 43.84, 45.272, 43.04, 44.32]
['2016-09-27', 45.2, 47.6, 44.64, 45.68]
['2016-09-28', 46.64, 47.04, 43.2, 45.76]
['2016-09-29', 50.32, 51.12, 38.4, 40.48]
['2016-09-30', 41.04, 43.12, 40.16, 40.96]
['2016-10-03', 41.52, 41.76, 39.04, 39.28]
['2016-10-04', 39.44, 40.24, 34.4, 35.68]
['2016-10-05', 36.32, 36.56, 34.4, 35.36]
['2016-10-06', 35.36, 35.92, 33.6, 33.68]
['2016-10-07', 33.6, 33.76, 32.56, 32.72]
['2016-10-10', 33.2, 33.2, 32.56, 32.88]
['2016-10-11', 32.88, 32.88, 30.96, 31.68]
['2016-10-12', 31.6, 31.704, 29.68, 30.0]
['2016-10-13', 29.36, 33.84, 29.36, 33.6]
['2016-10-14', 34.16, 34.568, 31.68, 32.08]
['2016-10-17', 32.16, 33.76, 31.2, 32.88]
['2016-10-18', 33.52, 33.752, 32.32, 32.4]
['2016-10-19', 32.64, 32.8, 31.68, 32.0]
['2016-10-20', 31.84, 32.96, 31.84, 32.24]
['2016-10-21', 32.08, 33.12, 30.96, 31.28]
['2016-10-24', 31.84, 31.992, 30.56, 30.88]
['2016-10-25', 31.2, 31.728, 29.92, 30.0]
['2016-10-26', 30.0, 31.04, 28.88, 29.76]
['2016-10-27', 30.4, 31.44, 28.4, 28.8]
['2016-10-28', 33.04, 33.2, 27.808, 28.88]
['2016-10-31', 29.76, 29.76, 26.48, 27.52]
['2016-11-01', 27.44, 28.88, 26.56, 28.56]
['2016-11-02', 28.32, 28.8, 27.44, 28.32]
['2016-11-03', 26.32, 29.2, 26.24, 26.64]
['2016-11-04', 26.4, 27.84, 26.336, 26.56]
['2016-11-07', 27.04, 28.64, 26.48, 28.32]
['2016-11-08', 28.24, 29.84, 27.76, 29.2]
['2016-11-09', 28.64, 31.04, 28.64, 30.56]
['2016-11-10', 31.2, 33.12, 31.2, 33.04]
['2016-11-11', 34.08, 36.24, 33.416, 35.6]
['2016-11-14', 36.4, 39.2, 34.0, 35.12]
['2016-11-15', 35.12, 37.28, 32.88, 35.6]
['2016-11-16', 35.52, 36.336, 34.664, 34.96]
['2016-11-17', 34.88, 35.92, 34.64, 34.88]
['2016-11-18', 34.88, 36.56, 32.8, 33.04]
['2016-11-21', 33.12, 34.08, 32.8, 34.08]
['2016-11-22', 34.24, 35.096, 32.8, 33.28]
['2016-11-23', 32.8, 34.72, 32.56, 34.48]
['2016-11-25', 34.64, 34.64, 33.6, 34.56]
['2016-11-28', 34.48, 36.0, 33.96, 35.76]
['2016-11-29', 35.28, 35.68, 32.32, 32.96]
['2016-11-30', 33.52, 33.52, 31.28, 32.16]
['2016-12-01', 32.24, 32.24, 30.08, 30.4]
['2016-12-02', 30.48, 31.12, 29.704, 30.16]
['2016-12-05', 30.4, 31.44, 30.4, 31.12]
['2016-12-06', 31.6, 33.44, 31.28, 33.28]
['2016-12-07', 32.8, 33.6, 32.0, 33.04]
['2016-12-08', 32.96, 34.24, 32.16, 34.16]
['2016-12-09', 34.32, 36.16, 33.736, 34.88]
['2016-12-12', 34.32, 35.2, 33.208, 33.44]
['2016-12-13', 33.6, 34.0, 32.48, 32.64]
['2016-12-14', 32.8, 33.2, 32.088, 33.04]
['2016-12-15', 33.2, 36.24, 33.12, 36.16]
['2016-12-16', 36.88, 39.2, 36.24, 39.12]
['2016-12-19', 39.12, 40.88, 37.68, 38.48]
['2016-12-20', 39.68, 39.68, 36.8, 36.88]
['2016-12-21', 37.52, 38.32, 35.68, 36.0]
['2016-12-22', 35.68, 36.4, 35.04, 35.12]
['2016-12-23', 35.6, 38.4, 35.28, 38.08]
['2016-12-27', 37.36, 38.8, 36.32, 36.72]
['2016-12-28', 36.4, 37.28, 34.48, 34.64]
['2016-12-29', 34.32, 36.0, 33.12, 33.36]
['2016-12-30', 33.76, 34.4, 32.48, 32.96]
['2017-01-03', 33.36, 34.984, 33.12, 34.16]
['2017-01-04', 34.16, 37.392, 34.16, 36.32]
['2017-01-05', 40.08, 42.0, 34.56, 37.76]
['2017-01-06', 37.52, 38.24, 34.72, 35.04]
['2017-01-09', 35.68, 36.72, 34.8, 35.28]
['2017-01-10', 35.52, 35.712, 34.4, 35.28]
['2017-01-11', 35.28, 36.08, 33.2, 33.68]
['2017-01-12', 33.68, 35.44, 33.448, 35.04]
['2017-01-13', 35.92, 36.0, 34.88, 35.12]
['2017-01-17', 35.12, 35.68, 33.44, 33.52]
['2017-01-18', 33.44, 34.88, 33.12, 34.56]
['2017-01-19', 34.48, 34.56, 33.52, 33.92]
['2017-01-20', 33.6, 34.4, 33.296, 33.76]
['2017-01-23', 33.52, 33.84, 32.08, 32.48]
['2017-01-24', 32.8, 34.0, 32.16, 33.04]
['2017-01-25', 33.76, 34.88, 33.232, 34.64]
['2017-01-26', 34.88, 34.984, 33.92, 34.56]
['2017-01-27', 34.56, 35.6, 34.08, 35.2]
['2017-01-30', 35.04, 35.04, 34.0, 34.64]
['2017-01-31', 34.8, 35.44, 34.0, 35.36]
['2017-02-01', 35.52, 35.92, 34.96, 35.76]
['2017-02-02', 35.84, 35.84, 34.72, 35.6]
['2017-02-03', 35.92, 36.12, 34.4, 35.76]
['2017-02-06', 35.84, 36.24, 35.2, 36.08]
['2017-02-07', 36.24, 36.8, 35.6, 36.4]
['2017-02-08', 36.16, 36.4, 35.6, 35.92]
['2017-02-09', 35.76, 36.8, 35.2, 36.4]
['2017-02-10', 36.4, 36.4, 35.912, 36.08]
['2017-02-13', 36.4, 36.88, 35.64, 36.08]
['2017-02-14', 36.0, 36.72, 35.92, 36.4]
['2017-02-15', 36.4, 39.6, 36.4, 39.44]
['2017-02-16', 38.08, 38.08, 34.08, 35.52]
['2017-02-17', 34.08, 36.8, 33.76, 36.8]
['2017-02-21', 35.6, 38.56, 35.6, 37.92]
['2017-02-22', 37.68, 38.8, 37.04, 38.4]
['2017-02-23', 38.4, 38.472, 37.344, 37.52]
['2017-02-24', 37.6, 37.6, 36.72, 36.8]
['2017-02-27', 36.64, 38.72, 36.64, 38.56]
['2017-02-28', 38.24, 38.8, 37.28, 37.36]
['2017-03-01', 37.92, 38.72, 37.52, 38.08]
['2017-03-02', 37.44, 39.2, 37.44, 38.24]
['2017-03-03', 38.96, 39.2, 38.48, 39.04]
['2017-03-06', 39.52, 40.0, 37.84, 39.84]
['2017-03-07', 40.0, 44.64, 40.0, 44.56]
['2017-03-08', 44.88, 45.12, 40.8, 43.04]
['2017-03-09', 43.04, 44.88, 42.4, 44.64]
['2017-03-10', 44.8, 48.544, 44.64, 47.6]
['2017-03-13', 48.16, 49.6, 45.52, 49.2]
['2017-03-14', 49.28, 49.6, 47.28, 49.12]
['2017-03-15', 48.24, 48.24, 44.08, 45.04]
['2017-03-16', 46.32, 46.56, 44.0, 46.32]
['2017-03-17', 46.4, 46.96, 44.08, 45.2]
['2017-03-20', 44.24, 46.8, 44.08, 46.56]
['2017-03-21', 46.0, 46.96, 44.08, 44.96]
['2017-03-22', 44.56, 45.68, 44.16, 45.04]
['2017-03-23', 45.28, 45.56, 44.44, 45.12]
['2017-03-24', 45.52, 45.6, 43.2, 44.72]
['2017-03-27', 44.8, 46.0, 43.584, 45.68]
['2017-03-28', 45.68, 46.0, 44.4, 45.04]
['2017-03-29', 45.28, 47.76, 44.96, 47.52]
['2017-03-30', 48.0, 49.2, 46.112, 47.44]
['2017-03-31', 47.44, 49.2, 46.56, 48.72]
['2017-04-03', 48.96, 49.12, 46.88, 47.44]
['2017-04-04', 47.44, 48.48, 44.96, 45.36]
['2017-04-05', 45.84, 48.32, 44.64, 46.96]
['2017-04-06', 47.28, 47.44, 45.52, 45.92]
['2017-04-07', 45.68, 48.4, 44.64, 47.84]
['2017-04-10', 48.0, 48.48, 46.08, 47.2]
['2017-04-11', 48.48, 53.52, 47.2, 51.52]
['2017-04-12', 52.32, 54.24, 50.0, 52.0]
['2017-04-13', 52.88, 52.88, 48.88, 50.88]
['2017-04-17', 51.6, 51.84, 49.616, 50.96]
['2017-04-18', 50.56, 52.32, 50.208, 52.08]
['2017-04-19', 52.16, 56.0, 51.6, 55.76]
['2017-04-20', 56.0, 57.2, 52.48, 53.84]
['2017-04-21', 54.16, 54.4, 52.48, 53.84]
['2017-04-24', 54.4, 57.2, 52.8, 56.8]
['2017-04-25', 56.8, 58.32, 53.68, 54.88]
['2017-04-26', 54.56, 56.0, 54.08, 54.32]
['2017-04-27', 54.4, 55.04, 48.8, 50.0]
['2017-04-28', 49.76, 52.0, 49.28, 51.12]
['2017-05-01', 51.52, 52.4, 51.12, 52.0]
['2017-05-02', 52.16, 53.12, 50.72, 52.0]
['2017-05-03', 51.76, 52.48, 50.16, 50.4]
['2017-05-04', 51.84, 54.4, 49.68, 52.0]
['2017-05-05', 52.72, 52.72, 51.12, 51.84]
['2017-05-08', 52.24, 52.88, 51.208, 51.92]
['2017-05-09', 51.36, 51.36, 46.88, 49.44]
['2017-05-10', 49.2, 50.16, 48.56, 49.68]
['2017-05-11', 49.36, 49.36, 48.08, 48.16]
['2017-05-12', 48.4, 49.48, 48.048, 48.72]
['2017-05-15', 48.64, 49.84, 47.2, 47.68]
['2017-05-16', 47.76, 48.32, 46.4, 48.16]
['2017-05-17', 47.6, 48.16, 46.8, 47.44]
['2017-05-18', 47.28, 48.952, 46.56, 48.0]
['2017-05-19', 48.24, 49.2, 47.6, 48.16]
['2017-05-22', 48.64, 48.8, 46.8, 46.96]
['2017-05-23', 47.2, 47.24, 46.52, 47.04]
['2017-05-24', 46.88, 48.48, 44.88, 47.84]
['2017-05-25', 47.76, 48.44, 46.872, 47.52]
['2017-05-26', 47.52, 48.16, 46.64, 47.2]
['2017-05-30', 47.2, 48.32, 46.0, 47.76]
['2017-05-31', 48.08, 49.04, 45.6, 48.8]
['2017-06-01', 48.8, 49.6, 48.8, 49.2]
['2017-06-02', 49.6, 50.0, 49.0, 50.0]
['2017-06-05', 50.16, 50.56, 49.12, 49.76]
['2017-06-06', 49.12, 50.4, 49.04, 50.08]
['2017-06-07', 49.84, 50.16, 48.48, 49.12]
['2017-06-08', 49.36, 50.24, 48.72, 49.04]
['2017-06-09', 49.04, 49.04, 46.4, 47.2]
['2017-06-12', 47.52, 47.76, 45.2, 45.76]
['2017-06-13', 45.68, 46.4, 42.16, 42.72]
['2017-06-14', 43.2, 43.92, 39.6, 42.08]
['2017-06-15', 42.0, 44.72, 42.0, 43.92]
['2017-06-16', 44.16, 44.48, 43.328, 43.68]
['2017-06-19', 43.6, 43.68, 40.96, 41.2]
['2017-06-20', 41.68, 45.44, 41.2, 42.64]
['2017-06-21', 42.24, 44.08, 41.36, 42.16]
['2017-06-22', 42.48, 44.152, 42.0, 43.12]
['2017-06-23', 43.12, 44.16, 40.16, 44.08]
['2017-06-26', 44.0, 44.08, 42.968, 43.2]
['2017-06-27', 43.2, 43.84, 41.84, 42.08]
['2017-06-28', 42.16, 42.16, 40.4, 42.08]
['2017-06-29', 42.0, 42.08, 39.36, 41.04]
['2017-06-30', 41.28, 42.08, 40.32, 41.76]
['2017-07-03', 42.08, 42.8, 41.6, 42.72]
['2017-07-05', 42.56, 43.12, 41.36, 42.16]
['2017-07-06', 41.84, 42.96, 40.8, 41.12]
['2017-07-07', 41.04, 41.28, 40.16, 40.4]
['2017-07-10', 40.24, 40.96, 38.88, 39.68]
['2017-07-11', 40.4, 40.64, 38.8, 39.6]
['2017-07-12', 39.76, 40.32, 37.84, 38.8]
['2017-07-13', 38.64, 40.56, 37.84, 39.12]
['2017-07-14', 39.12, 39.84, 38.48, 39.52]
['2017-07-17', 39.6, 40.224, 38.48, 39.28]
['2017-07-18', 39.44, 40.08, 38.56, 39.76]
['2017-07-19', 39.76, 40.0, 39.2, 39.76]
['2017-07-20', 39.84, 40.16, 39.2, 39.6]
['2017-07-21', 40.08, 40.8, 39.52, 40.4]
['2017-07-24', 44.72, 48.32, 40.96, 46.64]
['2017-07-25', 51.12, 54.24, 47.44, 48.0]
['2017-07-26', 47.84, 50.64, 46.0, 49.36]
['2017-07-27', 49.92, 50.16, 46.888, 48.72]
['2017-07-28', 48.96, 49.84, 47.28, 49.28]
['2017-07-31', 49.2, 49.92, 45.36, 45.52]
['2017-08-01', 45.28, 45.84, 42.88, 45.12]
['2017-08-02', 45.04, 46.0, 42.88, 43.12]
['2017-08-03', 42.8, 43.936, 39.2, 39.68]
['2017-08-04', 39.76, 41.352, 38.56, 40.32]
['2017-08-07', 40.56, 40.56, 39.12, 40.0]
['2017-08-08', 39.84, 40.64, 37.76, 38.48]
['2017-08-09', 38.56, 39.28, 31.6, 32.88]
['2017-08-10', 33.04, 33.28, 29.52, 30.44]
['2017-08-11', 30.32, 32.08, 30.08, 31.76]
['2017-08-14', 32.24, 35.04, 31.76, 33.76]
['2017-08-15', 33.6, 34.4, 33.2, 34.16]
['2017-08-16', 34.08, 35.12, 33.36, 33.52]
['2017-08-17', 33.52, 34.4, 32.12, 32.32]
['2017-08-18', 31.92, 32.88, 31.632, 32.08]
['2017-08-21', 32.16, 32.96, 31.04, 32.4]
['2017-08-22', 32.72, 33.68, 32.16, 32.8]
['2017-08-23', 32.88, 33.8, 32.4, 32.88]
['2017-08-24', 32.88, 34.4, 32.64, 34.16]
['2017-08-25', 34.4, 36.8, 33.68, 36.56]
['2017-08-28', 36.88, 37.28, 34.56, 35.2]
['2017-08-29', 34.72, 37.04, 34.72, 36.8]
['2017-08-30', 36.64, 38.4, 36.0, 37.68]
['2017-08-31', 38.24, 39.92, 37.848, 38.96]
['2017-09-01', 39.04, 39.92, 38.44, 39.68]
['2017-09-05', 39.6, 41.568, 39.104, 40.8]
['2017-09-06', 41.2, 42.12, 40.72, 41.92]
['2017-09-07', 42.4, 43.12, 41.44, 42.96]
['2017-09-08', 43.12, 43.52, 42.64, 43.2]
['2017-09-11', 43.36, 44.88, 43.24, 44.72]
['2017-09-12', 44.88, 45.6, 41.28, 41.92]
['2017-09-13', 41.6, 43.36, 41.04, 42.96]
['2017-09-14', 43.12, 43.12, 40.0, 42.08]
['2017-09-15', 42.24, 42.92, 41.2, 42.0]
['2017-09-18', 42.32, 42.8, 41.68, 41.84]
['2017-09-19', 41.76, 42.24, 41.32, 42.08]
['2017-09-20', 42.176, 43.68, 41.76, 42.16]
['2017-09-21', 42.24, 43.52, 41.76, 42.32]
['2017-09-22', 42.24, 43.36, 42.0, 42.32]
['2017-09-25', 41.92, 43.6, 41.84, 42.64]
['2017-09-26', 15.6, 15.92, 9.84, 10.0]
['2017-09-27', 11.2, 11.76, 9.04, 9.52]
['2017-09-28', 9.68, 10.4, 9.36, 9.76]
['2017-09-29', 10.0, 12.0, 9.68, 11.68]
['2017-10-02', 11.84, 12.0, 10.8, 11.44]
['2017-10-03', 11.36, 11.6, 10.64, 11.04]
['2017-10-04', 10.96, 11.84, 10.88, 11.6]
['2017-10-05', 11.68, 17.2, 11.4, 14.48]
['2017-10-06', 15.12, 15.28, 13.44, 14.0]
['2017-10-09', 14.24, 14.552, 12.72, 13.6]
['2017-10-10', 13.76, 14.24, 13.2, 14.08]
['2017-10-11', 14.24, 14.4, 13.44, 13.76]
['2017-10-12', 13.84, 13.92, 13.36, 13.52]
['2017-10-13', 13.36, 13.52, 12.8, 12.88]
['2017-10-16', 12.88, 13.52, 12.48, 12.8]
['2017-10-17', 12.72, 12.72, 11.6, 12.4]
['2017-10-18', 12.32, 12.8, 11.28, 11.44]
['2017-10-19', 11.52, 11.52, 10.72, 11.2]
['2017-10-20', 11.2, 11.84, 10.88, 11.68]
['2017-10-23', 11.92, 12.16, 11.28, 11.68]
['2017-10-24', 11.6, 11.84, 11.12, 11.2]
['2017-10-25', 11.2, 11.2, 10.0, 10.04]
['2017-10-26', 10.0, 10.072, 9.6, 9.64]
['2017-10-27', 9.6, 9.76, 9.2, 9.44]
['2017-10-30', 9.52, 9.68, 8.48, 9.6]
['2017-10-31', 9.52, 9.68, 9.2, 9.28]
['2017-11-01', 9.36, 9.392, 8.64, 8.8]
['2017-11-02', 8.4, 9.6, 8.4, 8.8]
['2017-11-03', 8.96, 8.96, 8.32, 8.4]
['2017-11-06', 8.4, 10.96, 8.24, 10.16]
['2017-11-07', 10.32, 10.32, 8.8, 8.88]
['2017-11-08', 8.8, 8.88, 8.48, 8.72]
['2017-11-09', 8.72, 9.28, 8.56, 9.04]
['2017-11-10', 9.04, 9.44, 9.04, 9.28]
['2017-11-13', 9.28, 9.28, 8.64, 8.72]
['2017-11-14', 8.64, 8.96, 8.48, 8.56]
['2017-11-15', 8.4, 9.2, 8.32, 9.2]
['2017-11-16', 9.12, 9.52, 8.64, 9.36]
['2017-11-17', 9.28, 9.68, 9.12, 9.2]
['2017-11-20', 9.2, 9.76, 8.88, 8.96]
['2017-11-21', 9.12, 9.36, 8.96, 9.28]
['2017-11-22', 9.2, 10.216, 8.96, 9.68]
['2017-11-24', 9.84, 10.64, 9.68, 10.32]
['2017-11-27', 10.16, 10.184, 9.24, 9.6]
['2017-11-28', 9.68, 9.68, 9.28, 9.44]
['2017-11-29', 9.44, 9.496, 9.2, 9.28]
['2017-11-30', 9.28, 9.92, 9.2, 9.76]
['2017-12-01', 9.92, 9.92, 9.2, 9.44]
['2017-12-04', 9.52, 10.08, 9.36, 9.44]
['2017-12-05', 9.36, 9.6, 8.96, 8.96]
['2017-12-06', 8.8, 8.96, 8.48, 8.48]
['2017-12-07', 8.48, 9.12, 8.36, 8.8]
['2017-12-08', 8.96, 9.04, 8.56, 8.8]
['2017-12-11', 8.88, 9.04, 8.552, 8.56]
['2017-12-12', 8.56, 8.8, 8.328, 8.4]
['2017-12-13', 8.56, 8.56, 8.32, 8.48]
['2017-12-14', 8.48, 8.72, 8.08, 8.32]
['2017-12-15', 8.32, 8.64, 8.08, 8.56]
['2017-12-18', 8.8, 9.04, 8.64, 8.8]
['2017-12-19', 8.8, 8.96, 8.32, 8.56]
['2017-12-20', 8.56, 8.88, 8.4, 8.48]
['2017-12-21', 8.48, 8.96, 8.48, 8.96]
['2017-12-22', 8.88, 9.2, 8.8, 8.88]
['2017-12-26', 8.8, 10.32, 8.8, 10.24]
['2017-12-27', 10.0, 11.12, 9.28, 10.16]
['2017-12-28', 10.32, 10.4, 9.36, 9.6]
['2017-12-29', 9.36, 9.92, 9.24, 9.28]
['2018-01-02', 9.36, 10.0, 9.28, 9.84]
['2018-01-03', 9.84, 10.08, 9.52, 9.68]
['2018-01-04', 9.76, 9.84, 9.28, 9.36]
['2018-01-05', 9.36, 9.6, 8.88, 8.96]
['2018-01-08', 8.88, 9.096, 8.4, 8.48]
['2018-01-09', 8.72, 8.8, 8.24, 8.4]
['2018-01-10', 8.4, 8.8, 8.24, 8.4]
['2018-01-11', 8.4, 9.52, 8.4, 9.2]
['2018-01-12', 9.28, 9.44, 8.96, 9.0]
['2018-01-16', 9.12, 9.44, 8.56, 8.64]
['2018-01-17', 6.56, 6.792, 6.328, 6.48]
['2018-01-18', 6.672, 6.72, 6.552, 6.56]
['2018-01-19', 6.792, 7.2, 6.56, 7.136]
['2018-01-22', 7.2, 7.28, 6.88, 7.048]
['2018-01-23', 6.968, 7.192, 6.96, 7.144]
['2018-01-24', 7.12, 7.28, 6.992, 7.192]
['2018-01-25', 7.2, 7.28, 7.048, 7.048]
['2018-01-26', 7.2, 7.92, 6.96, 7.52]
['2018-01-29', 7.52, 7.84, 7.28, 7.376]
['2018-01-30', 7.4, 7.52, 7.224, 7.304]
['2018-01-31', 7.28, 7.52, 7.2, 7.28]
['2018-02-01', 7.28, 7.584, 7.2, 7.432]
['2018-02-02', 7.44, 7.44, 6.96, 7.104]
['2018-02-05', 7.08, 7.68, 7.08, 7.312]
['2018-02-06', 7.76, 7.76, 6.8, 7.624]
['2018-02-07', 7.728, 8.64, 7.648, 7.968]
['2018-02-08', 8.0, 8.08, 7.8, 7.84]
['2018-02-09', 7.84, 7.992, 7.2, 7.44]
['2018-02-12', 7.912, 8.16, 7.68, 8.0]
['2018-02-13', 8.24, 8.48, 8.0, 8.2]
['2018-02-14', 8.24, 8.304, 7.84, 7.84]
['2018-02-15', 8.0, 8.32, 7.696, 7.84]
['2018-02-16', 7.92, 8.08, 7.712, 8.0]
['2018-02-20', 7.984, 8.24, 7.92, 8.08]
['2018-02-21', 8.08, 8.168, 7.92, 8.04]
['2018-02-22', 8.08, 8.32, 8.0, 8.16]
['2018-02-23', 8.24, 8.328, 8.08, 8.16]
['2018-02-26', 8.16, 8.56, 8.16, 8.36]
['2018-02-27', 8.4, 8.4, 8.0, 8.08]
['2018-02-28', 8.0, 8.08, 7.6, 8.0]
['2018-03-01', 8.0, 8.08, 7.76, 8.08]
['2018-03-02', 8.0, 8.12, 7.76, 8.08]
['2018-03-05', 8.08, 8.28, 7.92, 8.24]
['2018-03-06', 9.92, 10.0, 8.88, 9.2]
['2018-03-07', 9.04, 9.04, 8.4, 8.88]
['2018-03-08', 9.36, 9.6, 9.2, 9.56]
['2018-03-09', 9.44, 10.0, 9.28, 9.92]
['2018-03-12', 9.92, 9.92, 9.36, 9.68]
['2018-03-13', 9.76, 9.84, 9.04, 9.44]
['2018-03-14', 9.44, 9.544, 9.04, 9.2]
['2018-03-15', 9.2, 9.288, 9.04, 9.28]
['2018-03-16', 9.36, 9.68, 9.04, 9.28]
['2018-03-19', 9.44, 9.52, 8.96, 9.28]
['2018-03-20', 9.36, 9.36, 8.8, 8.96]
['2018-03-21', 9.04, 9.52, 8.88, 9.44]
['2018-03-22', 9.36, 9.44, 9.12, 9.36]
['2018-03-23', 9.44, 9.52, 8.96, 8.96]
['2018-03-26', 9.12, 9.2, 8.64, 9.12]
['2018-03-27', 9.12, 9.152, 8.32, 8.4]
['2018-03-28', 8.4, 8.48, 8.0, 8.08]
['2018-03-29', 8.08, 8.4, 8.0, 8.4]
['2018-04-02', 8.32, 8.32, 7.44, 7.816]
['2018-04-03', 7.864, 8.08, 7.44, 8.08]
['2018-04-04', 8.0, 8.0, 7.6, 7.656]
['2018-04-05', 7.68, 8.0, 7.608, 7.848]
['2018-04-06', 7.84, 7.952, 7.36, 7.52]
['2018-04-09', 7.744, 7.784, 7.28, 7.312]
['2018-04-10', 7.44, 7.568, 6.84, 7.408]
['2018-04-11', 7.408, 7.84, 7.24, 7.616]
['2018-04-12', 7.696, 7.8, 7.24, 7.576]
['2018-04-13', 7.6, 7.68, 7.28, 7.504]
['2018-04-16', 7.52, 7.52, 7.36, 7.432]
['2018-04-17', 7.44, 7.6, 7.36, 7.464]
['2018-04-18', 7.52, 7.68, 7.28, 7.32]
['2018-04-19', 7.28, 7.52, 6.96, 7.096]
['2018-04-20', 6.88, 7.272, 6.8, 6.92]
['2018-04-23', 6.848, 7.04, 6.48, 6.512]
['2018-04-24', 6.592, 7.08, 6.32, 6.992]
['2018-04-25', 7.04, 7.04, 6.8, 6.928]
['2018-04-26', 6.928, 7.2, 6.768, 6.984]
['2018-04-27', 7.04, 7.584, 6.96, 7.44]
['2018-04-30', 7.52, 7.84, 7.52, 7.68]
['2018-05-01', 7.68, 7.72, 7.288, 7.536]
['2018-05-02', 7.44, 8.24, 7.2, 8.08]
['2018-05-03', 8.0, 8.08, 7.52, 7.6]
['2018-05-04', 7.68, 7.84, 7.52, 7.648]
['2018-05-07', 7.76, 7.896, 7.52, 7.832]
['2018-05-08', 7.84, 7.888, 7.312, 7.392]
['2018-05-09', 7.424, 7.576, 7.28, 7.488]
['2018-05-10', 7.28, 7.512, 7.2, 7.312]
['2018-05-11', 7.2, 7.52, 7.2, 7.328]
['2018-05-14', 7.36, 7.92, 7.36, 7.776]
['2018-05-15', 7.776, 8.152, 7.384, 7.568]
['2018-05-16', 7.44, 7.72, 7.264, 7.376]
['2018-05-17', 7.52, 7.84, 7.32, 7.672]
['2018-05-18', 7.8, 8.0, 7.68, 7.832]
['2018-05-21', 8.0, 8.0, 7.36, 7.52]
['2018-05-22', 7.36, 8.08, 7.04, 7.784]
['2018-05-23', 7.84, 7.84, 7.36, 7.48]
['2018-05-24', 7.4, 7.52, 7.28, 7.488]
['2018-05-25', 7.52, 7.68, 7.424, 7.464]
['2018-05-29', 7.384, 7.496, 7.048, 7.36]
['2018-05-30', 7.6, 7.752, 7.28, 7.344]
['2018-05-31', 7.28, 7.6, 7.28, 7.44]
['2018-06-01', 7.56, 7.76, 7.36, 7.544]
['2018-06-04', 7.68, 7.696, 7.44, 7.448]
['2018-06-05', 7.44, 7.816, 7.44, 7.752]
['2018-06-06', 7.792, 7.92, 7.44, 7.616]
['2018-06-07', 7.6, 7.76, 7.392, 7.464]
['2018-06-08', 7.44, 7.504, 7.2, 7.296]
['2018-06-11', 7.24, 7.552, 7.232, 7.52]
['2018-06-12', 7.568, 7.68, 7.272, 7.56]
['2018-06-13', 7.592, 8.16, 7.376, 7.704]
['2018-06-14', 7.76, 7.872, 7.44, 7.608]
['2018-06-15', 7.52, 7.848, 7.448, 7.848]
['2018-06-18', 7.872, 7.92, 7.6, 7.68]
['2018-06-19', 7.704, 8.0, 7.44, 7.72]
['2018-06-20', 7.72, 8.08, 7.6, 7.92]
['2018-06-21', 8.0, 8.0, 7.616, 7.92]
['2018-06-22', 7.848, 8.0, 7.2, 7.432]
['2018-06-25', 7.4, 7.52, 7.2, 7.2]
['2018-06-26', 7.28, 7.456, 7.28, 7.296]
['2018-06-27', 7.296, 7.408, 6.88, 7.056]
['2018-06-28', 7.064, 7.424, 6.72, 6.88]
['2018-06-29', 7.024, 7.088, 6.8, 6.848]
['2018-07-02', 6.888, 6.976, 6.44, 6.576]
['2018-07-03', 6.64, 6.72, 6.48, 6.552]
['2018-07-05', 6.72, 6.776, 6.48, 6.48]
['2018-07-06', 6.56, 6.792, 6.56, 6.648]
['2018-07-09', 6.656, 6.928, 6.616, 6.72]
['2018-07-10', 6.72, 6.784, 6.68, 6.68]
['2018-07-11', 6.72, 6.84, 6.56, 6.712]
['2018-07-12', 6.656, 6.76, 6.48, 6.6]
['2018-07-13', 6.6, 6.64, 6.48, 6.488]
['2018-07-16', 6.48, 6.624, 6.12, 6.208]
['2018-07-17', 6.152, 6.288, 6.152, 6.224]
['2018-07-18', 6.208, 6.232, 6.0, 6.04]
['2018-07-19', 6.072, 6.384, 6.04, 6.24]
['2018-07-20', 6.168, 6.376, 6.08, 6.144]
['2018-07-23', 6.096, 6.24, 5.608, 5.656]
['2018-07-24', 5.76, 5.944, 5.48, 5.6]
['2018-07-25', 5.6, 5.76, 5.2, 5.4]
['2018-07-26', 5.36, 5.504, 5.28, 5.44]
['2018-07-27', 5.2, 5.504, 5.2, 5.32]
['2018-07-30', 5.4, 5.44, 4.912, 5.032]
['2018-07-31', 5.088, 5.184, 4.88, 4.88]
['2018-08-01', 4.88, 4.88, 4.56, 4.712]
['2018-08-02', 4.96, 5.76, 4.96, 5.4]
['2018-08-03', 5.28, 5.6, 5.2, 5.36]
['2018-08-06', 5.52, 5.52, 4.96, 5.056]
['2018-08-07', 4.96, 5.12, 4.92, 5.056]
['2018-08-08', 5.04, 5.04, 4.592, 4.864]
['2018-08-09', 4.808, 4.96, 4.656, 4.88]
['2018-08-10', 4.88, 4.88, 4.568, 4.72]
['2018-08-13', 4.664, 4.76, 4.456, 4.56]
['2018-08-14', 4.568, 5.016, 4.472, 4.96]
['2018-08-15', 4.96, 4.96, 4.576, 4.84]
['2018-08-16', 5.04, 5.192, 4.72, 5.12]
['2018-08-17', 5.24, 5.44, 4.984, 5.16]
['2018-08-20', 5.28, 5.28, 4.896, 4.96]
['2018-08-21', 4.904, 5.144, 4.896, 4.952]
['2018-08-22', 5.016, 5.016, 4.8, 5.016]
['2018-08-23', 5.008, 5.008, 4.76, 4.8]
['2018-08-24', 4.792, 5.28, 4.76, 4.848]
['2018-08-27', 4.912, 4.936, 4.68, 4.776]
['2018-08-28', 4.8, 4.92, 4.72, 4.776]
['2018-08-29', 4.864, 4.92, 4.72, 4.736]
['2018-08-30', 4.784, 4.88, 4.68, 4.76]
['2018-08-31', 4.76, 5.2, 4.72, 5.12]
['2018-09-04', 5.12, 5.2, 4.88, 4.96]
['2018-09-05', 4.96, 5.192, 4.8, 4.8]
['2018-09-06', 4.872, 4.96, 4.736, 4.8]
['2018-09-07', 4.92, 4.984, 4.72, 4.784]
['2018-09-10', 4.744, 4.776, 4.48, 4.48]
['2018-09-11', 4.536, 4.64, 4.4, 4.408]
['2018-09-12', 4.408, 4.424, 4.248, 4.32]
['2018-09-13', 4.376, 4.448, 4.192, 4.272]
['2018-09-14', 4.48, 4.48, 4.16, 4.184]
['2018-09-17', 4.48, 4.48, 4.0, 4.048]
['2018-09-18', 4.08, 4.08, 3.92, 4.0]
['2018-09-19', 3.976, 4.24, 3.96, 4.088]
['2018-09-20', 4.176, 4.176, 4.04, 4.08]
['2018-09-21', 4.16, 4.4, 4.04, 4.4]
['2018-09-24', 4.4, 5.36, 4.16, 4.88]
['2018-09-25', 5.44, 6.008, 5.28, 5.736]
['2018-09-26', 5.76, 6.88, 5.44, 6.56]
['2018-09-27', 6.56, 6.64, 6.096, 6.4]
['2018-09-28', 6.472, 6.672, 5.784, 6.24]
['2018-10-01', 6.76, 6.8, 6.24, 6.28]
['2018-10-02', 6.4, 6.56, 5.84, 6.08]
['2018-10-03', 6.2, 6.56, 6.0, 6.4]
['2018-10-04', 6.552, 6.8, 6.4, 6.728]
['2018-10-05', 6.72, 7.032, 6.56, 6.64]
['2018-10-08', 6.64, 6.704, 6.16, 6.4]
['2018-10-09', 6.392, 6.616, 6.16, 6.24]
['2018-10-10', 6.24, 6.4, 6.0, 6.08]
['2018-10-11', 6.0, 6.352, 6.0, 6.104]
['2018-10-12', 6.136, 6.64, 6.0, 6.128]
['2018-10-15', 6.232, 6.232, 5.92, 5.968]
['2018-10-16', 6.024, 6.248, 5.92, 6.08]
['2018-10-17', 6.0, 6.32, 5.96, 6.088]
['2018-10-18', 6.144, 6.304, 5.76, 5.92]
['2018-10-19', 5.92, 6.0, 5.6, 5.792]
['2018-10-22', 5.688, 5.696, 4.96, 5.04]
['2018-10-23', 5.04, 5.2, 5.04, 5.056]
['2018-10-24', 5.112, 5.84, 5.112, 5.12]
['2018-10-25', 5.144, 5.576, 5.12, 5.32]
['2018-10-26', 5.32, 5.368, 5.128, 5.208]
['2018-10-29', 5.304, 5.496, 5.056, 5.192]
['2018-10-30', 4.96, 5.344, 4.96, 5.04]
['2018-10-31', 4.968, 5.2, 4.968, 5.104]
['2018-11-01', 5.256, 5.384, 5.144, 5.312]
['2018-11-02', 5.392, 5.392, 5.12, 5.216]
['2018-11-05', 5.28, 5.824, 5.152, 5.648]
['2018-11-06', 5.824, 5.888, 5.6, 5.856]
['2018-11-07', 5.84, 6.16, 5.52, 5.76]
['2018-11-08', 5.92, 6.12, 5.6, 5.84]
['2018-11-09', 5.856, 6.08, 5.36, 5.44]
['2018-11-12', 5.504, 5.84, 5.32, 5.456]
['2018-11-13', 5.44, 5.464, 4.8, 4.92]
['2018-11-14', 4.8, 4.984, 4.56, 4.64]
['2018-11-15', 4.72, 4.776, 4.56, 4.648]
['2018-11-16', 4.64, 4.872, 4.632, 4.656]
['2018-11-19', 4.488, 4.768, 4.488, 4.632]
['2018-11-20', 4.72, 4.8, 4.48, 4.616]
['2018-11-21', 4.616, 4.8, 4.48, 4.56]
['2018-11-23', 4.536, 5.44, 4.48, 5.288]
['2018-11-26', 5.416, 5.44, 4.88, 4.96]
['2018-11-27', 4.8, 5.2, 4.68, 4.96]
['2018-11-28', 4.648, 5.352, 4.472, 5.056]
['2018-11-29', 5.048, 5.344, 4.928, 5.12]
['2018-11-30', 5.176, 5.32, 4.824, 5.04]
['2018-12-03', 5.128, 5.32, 4.808, 5.144]
['2018-12-04', 5.08, 5.12, 4.856, 4.984]
['2018-12-06', 4.888, 4.952, 4.6, 4.744]
['2018-12-07', 4.8, 4.952, 4.64, 4.64]
['2018-12-10', 4.64, 5.08, 4.48, 4.48]
['2018-12-11', 4.568, 4.92, 4.56, 4.64]
['2018-12-12', 4.64, 5.112, 4.576, 4.664]
['2018-12-13', 4.728, 4.752, 4.48, 4.52]
['2018-12-14', 4.552, 4.792, 4.4, 4.408]
['2018-12-17', 4.4, 4.48, 3.92, 3.92]
['2018-12-18', 4.0, 4.0, 3.536, 3.616]
['2018-12-19', 3.712, 3.984, 3.224, 3.256]
['2018-12-20', 3.2, 3.28, 2.96, 3.0]
['2018-12-21', 2.952, 3.592, 2.952, 3.04]
['2018-12-24', 3.048, 3.28, 2.88, 2.88]
['2018-12-26', 2.8, 3.256, 2.8, 2.8]
['2018-12-27', 2.8, 2.8, 2.24, 2.352]
['2018-12-28', 2.352, 2.632, 2.352, 2.48]
['2018-12-31', 2.44, 2.592, 2.24, 2.296]
['2019-01-02', 2.96, 3.4, 2.504, 3.36]
['2019-01-03', 3.6, 3.6, 3.12, 3.28]
['2019-01-04', 3.28, 3.904, 3.04, 3.76]
['2019-01-07', 3.832, 4.56, 3.68, 4.312]
['2019-01-08', 4.312, 4.792, 4.272, 4.616]
['2019-01-09', 4.64, 4.64, 4.16, 4.6]
['2019-01-10', 4.6, 4.6, 4.4, 4.56]
['2019-01-11', 4.6, 4.64, 4.464, 4.464]
['2019-01-14', 4.424, 5.28, 4.424, 4.84]
['2019-01-15', 4.904, 5.16, 4.656, 5.032]
['2019-01-16', 5.04, 5.12, 4.64, 4.856]
['2019-01-17', 4.736, 4.96, 4.64, 4.68]
['2019-01-18', 4.72, 4.88, 4.72, 4.72]
['2019-01-22', 4.64, 4.72, 4.48, 4.512]
['2019-01-23', 4.48, 4.64, 4.4, 4.64]
['2019-01-24', 4.64, 4.64, 4.48, 4.592]
['2019-01-25', 4.56, 4.64, 4.48, 4.512]
['2019-01-28', 4.48, 4.56, 3.84, 4.088]
['2019-01-29', 4.0, 4.0, 3.84, 3.84]
['2019-01-30', 3.84, 4.32, 3.84, 4.32]
['2019-01-31', 4.32, 4.64, 4.0, 4.64]
['2019-02-01', 4.52, 4.64, 4.4, 4.56]
['2019-02-04', 4.512, 4.64, 4.488, 4.56]
['2019-02-05', 4.64, 4.64, 4.4, 4.424]
['2019-02-06', 4.472, 4.64, 4.4, 4.64]
['2019-02-07', 4.64, 4.696, 4.256, 4.32]
['2019-02-08', 4.36, 4.4, 3.92, 4.04]
['2019-02-11', 4.0, 4.248, 3.688, 3.768]
['2019-02-12', 3.96, 4.24, 3.96, 4.08]
['2019-02-13', 4.136, 4.448, 4.136, 4.4]
['2019-02-14', 4.4, 4.448, 4.0, 4.0]
['2019-02-15', 4.056, 4.24, 3.96, 3.96]
['2019-02-19', 3.904, 4.184, 3.904, 4.16]
['2019-02-20', 4.24, 4.4, 4.0, 4.0]
['2019-02-21', 4.08, 4.32, 4.08, 4.272]
['2019-02-22', 4.36, 4.392, 4.16, 4.376]
['2019-02-25', 4.72, 5.76, 4.56, 5.352]
['2019-02-26', 5.72, 7.56, 5.72, 7.04]
['2019-02-27', 7.28, 7.44, 6.032, 7.2]
['2019-02-28', 6.24, 6.4, 5.312, 5.84]
['2019-03-01', 5.84, 6.24, 5.6, 6.088]
['2019-03-04', 6.32, 6.56, 6.0, 6.36]
['2019-03-05', 6.32, 6.64, 6.0, 6.616]
['2019-03-06', 6.776, 6.776, 6.16, 6.24]
['2019-03-07', 6.312, 6.56, 6.16, 6.392]
['2019-03-08', 6.496, 6.56, 5.84, 6.2]
['2019-03-11', 6.24, 6.4, 5.84, 6.0]
['2019-03-12', 6.072, 6.208, 5.88, 6.12]
['2019-03-13', 6.16, 6.16, 6.0, 6.08]
['2019-03-14', 6.192, 6.192, 5.68, 5.92]
['2019-03-15', 5.856, 6.08, 5.68, 5.92]
['2019-03-18', 5.992, 6.08, 5.68, 5.92]
['2019-03-19', 5.92, 6.0, 5.6, 5.736]
['2019-03-20', 5.696, 5.92, 5.6, 5.76]
['2019-03-21', 5.84, 5.92, 5.52, 5.752]
['2019-03-22', 5.76, 5.76, 5.2, 5.344]
['2019-03-25', 5.384, 5.384, 4.576, 4.88]
['2019-03-26', 4.96, 5.2, 4.88, 4.96]
['2019-03-27', 4.904, 5.184, 4.728, 4.728]
['2019-03-28', 4.648, 5.104, 4.648, 4.84]
['2019-03-29', 4.8, 4.968, 4.656, 4.72]
['2019-04-01', 4.8, 5.0, 4.488, 4.552]
['2019-04-02', 4.584, 4.88, 4.56, 4.6]
['2019-04-03', 4.96, 5.28, 4.728, 5.04]
['2019-04-04', 5.12, 5.28, 4.96, 5.04]
['2019-04-05', 5.2, 5.44, 5.104, 5.336]
['2019-04-08', 5.44, 6.0, 5.424, 5.768]
['2019-04-09', 5.76, 6.16, 5.608, 6.016]
['2019-04-10', 6.016, 6.16, 5.52, 5.76]
['2019-04-11', 5.76, 5.904, 5.496, 5.608]
['2019-04-12', 5.6, 5.84, 5.44, 5.6]
['2019-04-15', 5.6, 5.76, 5.44, 5.648]
['2019-04-16', 5.728, 5.84, 5.336, 5.512]
['2019-04-17', 5.368, 5.6, 5.344, 5.512]
['2019-04-18', 5.616, 5.68, 5.304, 5.576]
['2019-04-22', 5.504, 5.6, 5.36, 5.456]
['2019-04-23', 5.6, 5.6, 5.36, 5.52]
['2019-04-24', 5.384, 5.68, 5.28, 5.44]
['2019-04-25', 5.52, 5.672, 5.44, 5.56]
['2019-04-26', 5.56, 5.6, 5.368, 5.536]
['2019-04-29', 5.52, 6.08, 5.44, 6.08]
['2019-04-30', 6.0, 6.072, 5.28, 5.6]
['2019-05-01', 6.0, 6.0, 5.36, 5.52]
['2019-05-02', 5.528, 5.76, 5.36, 5.584]
['2019-05-03', 5.52, 5.832, 5.44, 5.624]
['2019-05-06', 5.6, 6.0, 5.52, 5.64]
['2019-05-07', 5.704, 5.84, 5.6, 5.64]
['2019-05-08', 5.568, 5.84, 5.52, 5.76]
['2019-05-09', 5.44, 6.008, 5.44, 5.904]
['2019-05-10', 5.912, 6.0, 5.6, 5.704]
['2019-05-13', 5.712, 5.832, 5.6, 5.8]
['2019-05-14', 5.688, 5.824, 5.44, 5.704]
['2019-05-15', 5.68, 5.792, 5.52, 5.792]
['2019-05-16', 5.856, 6.28, 5.68, 5.76]
['2019-05-17', 5.8, 5.96, 5.52, 5.56]
['2019-05-20', 5.52, 5.552, 4.96, 5.312]
['2019-05-21', 5.12, 5.28, 4.72, 4.752]
['2019-05-22', 4.752, 4.752, 4.752, 4.752]
['2019-05-23', 4.5, 4.638, 4.25, 4.45]
['2019-05-24', 4.51, 4.54, 4.04, 4.25]
['2019-05-28', 4.22, 4.5, 4.122, 4.382]
['2019-05-29', 4.31, 4.31, 4.12, 4.23]
['2019-05-30', 4.25, 4.693, 4.25, 4.5]
['2019-05-31', 4.74, 8.0, 4.633, 5.61]
['2019-06-03', 11.0, 11.28, 6.57, 6.71]
['2019-06-04', 6.12, 6.3, 5.7, 5.95]
['2019-06-05', 5.71, 7.21, 5.52, 6.71]
['2019-06-06', 6.64, 6.73, 5.95, 6.07]
['2019-06-07', 5.91, 5.98, 5.0, 5.34]
['2019-06-10', 5.0, 6.19, 4.87, 5.5]
['2019-06-11', 5.49, 5.6, 5.25, 5.3]
['2019-06-12', 5.3, 5.82, 5.15, 5.42]
['2019-06-13', 5.4, 5.58, 5.15, 5.24]
['2019-06-14', 5.22, 5.4, 5.05, 5.27]
['2019-06-17', 5.25, 5.48, 5.14, 5.38]
['2019-06-18', 5.32, 5.475, 5.12, 5.12]
['2019-06-19', 4.75, 4.75, 3.76, 3.85]
['2019-06-20', 3.68, 3.7, 3.4, 3.55]
['2019-06-21', 3.57, 3.57, 3.3, 3.47]
['2019-06-24', 3.49, 3.88, 3.43, 3.65]
['2019-06-25', 3.61, 3.74, 3.48, 3.51]
['2019-06-26', 3.63, 4.18, 3.55, 4.03]
['2019-06-27', 4.02, 4.13, 3.72, 3.99]
['2019-06-28', 4.0, 4.181, 3.89, 3.92]
['2019-07-01', 3.95, 4.07, 3.76, 4.07]
['2019-07-02', 4.03, 4.03, 3.82, 4.01]
['2019-07-03', 3.95, 3.95, 3.8, 3.81]
['2019-07-05', 3.82, 3.98, 3.77, 3.83]
['2019-07-08', 3.93, 4.03, 3.81, 3.83]
['2019-07-09', 3.84, 3.92, 3.82, 3.87]
['2019-07-10', 3.85, 3.93, 3.82, 3.86]
['2019-07-11', 3.84, 3.938, 3.65, 3.66]
['2019-07-12', 3.66, 3.71, 3.52, 3.53]
['2019-07-15', 3.55, 3.859, 3.55, 3.8]
['2019-07-16', 3.76, 3.82, 3.73, 3.75]
['2019-07-17', 3.72, 3.89, 3.6, 3.62]
['2019-07-18', 3.62, 3.75, 3.56, 3.66]
['2019-07-19', 3.62, 3.811, 3.6, 3.63]
['2019-07-22', 3.63, 3.654, 3.41, 3.54]
['2019-07-23', 3.55, 3.68, 3.41, 3.66]
['2019-07-24', 3.65, 3.855, 3.5, 3.8]
['2019-07-25', 3.7, 3.79, 3.439, 3.525]
['2019-07-26', 3.48, 3.67, 3.48, 3.57]
['2019-07-29', 3.56, 3.63, 3.45, 3.58]
['2019-07-30', 3.56, 3.6, 3.472, 3.58]
['2019-07-31', 3.59, 3.59, 3.25, 3.36]
['2019-08-01', 3.37, 3.51, 3.261, 3.34]
['2019-08-02', 3.3, 3.41, 3.1, 3.18]
['2019-08-05', 3.17, 3.17, 2.92, 3.03]
['2019-08-06', 3.03, 3.17, 2.911, 3.17]
['2019-08-07', 3.13, 3.25, 3.0, 3.25]
['2019-08-08', 3.165, 3.23, 3.03, 3.13]
['2019-08-09', 3.15, 3.21, 3.055, 3.19]
['2019-08-12', 3.17, 3.3, 3.0, 3.04]
['2019-08-13', 3.09, 3.13, 3.02, 3.1]
['2019-08-14', 3.09, 3.09, 2.94, 3.05]
['2019-08-15', 3.07, 3.2, 2.96, 3.12]
['2019-08-16', 3.11, 3.126, 2.99, 3.12]
['2019-08-19', 3.15, 3.19, 2.96, 3.09]
['2019-08-20', 3.08, 3.2, 3.02, 3.16]
['2019-08-21', 3.17, 3.373, 3.17, 3.27]
['2019-08-22', 3.27, 3.3, 3.19, 3.24]
['2019-08-23', 3.25, 3.29, 2.98, 3.06]
['2019-08-26', 3.06, 3.17, 3.02, 3.07]
['2019-08-27', 3.09, 3.17, 2.999, 3.08]
['2019-08-28', 3.07, 3.18, 3.0, 3.12]
['2019-08-29', 3.1, 3.17, 3.071, 3.15]
['2019-08-30', 3.16, 3.23, 3.13, 3.14]
['2019-09-03', 3.13, 3.26, 3.1, 3.24]
['2019-09-04', 3.24, 3.58, 3.15, 3.44]
['2019-09-05', 3.48, 3.55, 3.37, 3.37]
['2019-09-06', 3.45, 3.483, 3.32, 3.4]
['2019-09-09', 3.44, 3.45, 3.18, 3.29]
['2019-09-10', 3.27, 3.52, 3.27, 3.45]
['2019-09-11', 3.45, 3.75, 3.4, 3.62]
['2019-09-12', 3.61, 3.62, 3.37, 3.44]
['2019-09-13', 3.44, 3.62, 3.44, 3.58]
['2019-09-16', 3.6, 3.63, 3.5, 3.6]
['2019-09-17', 3.61, 3.61, 3.52, 3.53]
['2019-09-18', 3.53, 3.583, 3.47, 3.58]
['2019-09-19', 3.56, 3.58, 3.4, 3.47]
['2019-09-20', 3.44, 3.51, 3.373, 3.51]
['2019-09-23', 3.48, 3.5, 3.36, 3.47]
['2019-09-24', 3.48, 3.49, 3.255, 3.38]
['2019-09-25', 3.35, 3.37, 3.04, 3.25]
['2019-09-26', 3.25, 3.39, 3.11, 3.24]
['2019-09-27', 3.24, 3.283, 3.03, 3.08]
['2019-09-30', 3.13, 3.13, 2.801, 2.9]
['2019-10-01', 2.79, 2.9, 2.71, 2.74]
['2019-10-02', 2.71, 2.94, 2.59, 2.79]
['2019-10-03', 2.8, 2.91, 2.76, 2.82]
['2019-10-04', 2.83, 2.9, 2.58, 2.73]
['2019-10-07', 2.75, 2.782, 2.63, 2.63]
['2019-10-08', 2.64, 2.699, 2.514, 2.57]
['2019-10-09', 2.59, 2.641, 2.52, 2.53]
['2019-10-10', 2.51, 2.529, 2.38, 2.42]
['2019-10-11', 2.44, 2.69, 2.43, 2.62]
['2019-10-14', 2.63, 2.693, 2.57, 2.61]
['2019-10-15', 2.6, 2.787, 2.556, 2.68]
['2019-10-16', 2.68, 2.72, 2.61, 2.69]
['2019-10-17', 2.62, 2.747, 2.57, 2.64]
['2019-10-18', 2.69, 2.69, 2.563, 2.61]
['2019-10-21', 2.64, 2.68, 2.6, 2.6]
['2019-10-22', 2.61, 2.63, 2.57, 2.61]
['2019-10-23', 2.6, 2.64, 2.57, 2.62]
['2019-10-24', 2.64, 2.74, 2.42, 2.45]
['2019-10-25', 2.45, 2.57, 2.42, 2.48]
['2019-10-28', 2.44, 2.62, 2.44, 2.54]
['2019-10-29', 2.57, 2.65, 2.52, 2.57]
['2019-10-30', 2.59, 2.617, 2.53, 2.55]
['2019-10-31', 2.53, 2.58, 2.45, 2.48]
['2019-11-01', 2.5, 2.58, 2.43, 2.56]
['2019-11-04', 2.56, 2.64, 2.52, 2.64]
['2019-11-05', 2.69, 2.702, 2.51, 2.54]
['2019-11-06', 2.55, 2.555, 2.418, 2.42]
['2019-11-07', 2.45, 2.466, 2.28, 2.36]
['2019-11-08', 2.35, 2.35, 2.28, 2.3]
['2019-11-11', 2.36, 2.5, 2.28, 2.28]
['2019-11-12', 2.28, 2.37, 2.03, 2.16]
['2019-11-13', 2.09, 2.23, 1.99, 2.05]
['2019-11-14', 2.01, 2.31, 2.01, 2.24]
['2019-11-15', 2.3, 2.35, 2.18, 2.25]
['2019-11-18', 2.28, 2.29, 2.21, 2.23]
['2019-11-19', 2.25, 2.29, 2.21, 2.23]
['2019-11-20', 2.21, 2.3, 2.21, 2.21]
['2019-11-21', 2.23, 2.248, 2.13, 2.22]
['2019-11-22', 2.19, 2.2, 2.1, 2.19]
['2019-11-25', 2.2, 2.3, 2.18, 2.2]
['2019-11-26', 2.19, 2.2, 2.1, 2.18]
['2019-11-27', 2.22, 2.33, 2.18, 2.32]
['2019-11-29', 2.32, 2.55, 2.297, 2.5]
['2019-12-02', 2.54, 2.56, 2.3, 2.42]
['2019-12-03', 2.45, 2.45, 2.25, 2.29]
['2019-12-04', 2.27, 2.29, 2.21, 2.25]
['2019-12-05', 2.27, 2.31, 2.16, 2.16]
['2019-12-06', 2.18, 2.249, 2.11, 2.15]
['2019-12-09', 2.16, 2.24, 2.11, 2.15]
['2019-12-10', 2.14, 2.2, 2.1, 2.11]
['2019-12-11', 2.15, 2.27, 2.1, 2.27]
['2019-12-12', 2.26, 2.32, 2.2, 2.21]
['2019-12-13', 2.2, 2.25, 2.15, 2.19]
['2019-12-16', 2.17, 2.185, 2.1, 2.18]
['2019-12-17', 2.18, 2.24, 2.1, 2.14]
['2019-12-18', 2.11, 2.13, 2.06, 2.11]
['2019-12-19', 2.14, 2.144, 2.06, 2.09]
['2019-12-20', 2.07, 2.087, 2.03, 2.06]
['2019-12-23', 2.04, 2.25, 2.03, 2.22]
['2019-12-24', 2.2, 2.291, 2.16, 2.27]
['2019-12-26', 2.25, 2.3, 2.13, 2.18]
['2019-12-27', 2.19, 2.21, 2.101, 2.13]
['2019-12-30', 2.1, 2.15, 2.03, 2.11]
['2019-12-31', 2.05, 2.124, 2.03, 2.07]
['2020-01-02', 2.08, 2.21, 2.06, 2.19]
['2020-01-03', 2.16, 2.19, 2.11, 2.16]
['2020-01-06', 2.18, 2.35, 2.11, 2.3]
['2020-01-07', 2.33, 2.5, 2.3, 2.46]
['2020-01-08', 2.49, 2.49, 2.33, 2.41]
['2020-01-09', 2.42, 2.43, 2.23, 2.26]
['2020-01-10', 2.28, 2.37, 2.16, 2.22]
['2020-01-13', 2.27, 2.289, 2.15, 2.2]
['2020-01-14', 2.23, 2.43, 2.21, 2.37]
['2020-01-15', 2.39, 2.42, 2.29, 2.32]
['2020-01-16', 2.41, 2.74, 2.36, 2.73]
['2020-01-17', 2.78, 2.78, 2.5, 2.58]
['2020-01-21', 2.56, 2.56, 2.33, 2.36]
['2020-01-22', 2.37, 2.41, 2.25, 2.28]
['2020-01-23', 2.27, 2.3, 2.2, 2.26]
['2020-01-24', 2.28, 2.379, 2.16, 2.2]
['2020-01-27', 2.12, 2.185, 2.08, 2.1]
['2020-01-28', 2.19, 2.24, 2.11, 2.12]
['2020-01-29', 2.19, 2.22, 2.1, 2.12]
['2020-01-30', 2.13, 2.23, 2.05, 2.08]
['2020-01-31', 2.08, 2.19, 2.03, 2.07]
['2020-02-03', 2.12, 2.15, 2.05, 2.06]
['2020-02-04', 2.07, 2.15, 2.05, 2.11]
['2020-02-05', 2.15, 2.238, 2.15, 2.2]
['2020-02-06', 2.24, 2.24, 2.15, 2.2]
['2020-02-07', 2.15, 2.22, 2.1, 2.12]
['2020-02-10', 2.12, 2.25, 2.07, 2.11]
['2020-02-11', 2.14, 2.218, 2.12, 2.16]
['2020-02-12', 2.18, 2.28, 2.13, 2.25]
['2020-02-13', 2.25, 2.28, 2.15, 2.175]
['2020-02-14', 2.17, 2.2, 2.07, 2.1]
['2020-02-18', 2.08, 2.15, 2.08, 2.12]
['2020-02-19', 2.13, 2.235, 2.13, 2.17]
['2020-02-20', 2.21, 2.213, 2.1, 2.14]
['2020-02-21', 2.15, 2.18, 2.08, 2.14]
['2020-02-24', 2.2, 2.2, 2.07, 2.11]
['2020-02-25', 2.1, 2.37, 2.01, 2.03]
['2020-02-26', 2.0, 2.03, 1.86, 1.93]
['2020-02-27', 1.93, 1.94, 1.71, 1.79]
['2020-02-28', 1.7, 1.89, 1.69, 1.75]
['2020-03-02', 1.79, 2.12, 1.71, 1.94]
['2020-03-03', 1.94, 1.976, 1.8, 1.82]
['2020-03-04', 1.88, 2.02, 1.83, 1.94]
['2020-03-05', 1.95, 2.17, 1.9, 2.05]
['2020-03-06', 2.04, 2.59, 1.91, 2.41]
['2020-03-09', 2.1, 2.28, 1.99, 2.0]
['2020-03-10', 2.1, 2.15, 2.0, 2.02]
['2020-03-11', 1.98, 1.98, 1.8, 1.83]
['2020-03-12', 1.7, 1.82, 1.63, 1.65]
['2020-03-13', 1.85, 1.86, 1.674, 1.74]
['2020-03-16', 1.56, 1.68, 1.38, 1.48]
['2020-03-17', 1.48, 1.64, 1.42, 1.55]
['2020-03-18', 1.51, 1.56, 1.1, 1.26]
['2020-03-19', 1.31, 1.59, 1.31, 1.46]
['2020-03-20', 1.5, 1.58, 1.42, 1.46]
['2020-03-23', 1.49, 1.54, 1.43, 1.44]
['2020-03-24', 1.4, 1.55, 1.35, 1.53]
['2020-03-25', 1.54, 1.59, 1.45, 1.53]
['2020-03-26', 1.54, 1.58, 1.505, 1.56]
['2020-03-27', 1.55, 1.67, 1.53, 1.66]
['2020-03-30', 1.66, 1.83, 1.623, 1.77]
['2020-03-31', 1.74, 1.81, 1.7, 1.72]
['2020-04-01', 1.68, 1.8, 1.62, 1.66]
['2020-04-02', 1.64, 1.74, 1.566, 1.66]
['2020-04-03', 1.7, 1.75, 1.57, 1.66]
['2020-04-06', 1.7, 1.77, 1.64, 1.7]
['2020-04-07', 1.75, 1.8, 1.65, 1.76]
['2020-04-08', 1.76, 1.83, 1.72, 1.82]
['2020-04-09', 1.82, 1.85, 1.74, 1.82]
['2020-04-13', 1.77, 1.82, 1.655, 1.82]
['2020-04-14', 1.81, 1.98, 1.72, 1.91]
['2020-04-15', 1.87, 2.05, 1.68, 2.03]
['2020-04-16', 2.05, 2.19, 2.0, 2.04]
['2020-04-17', 2.138, 2.15, 1.77, 2.04]
['2020-04-20', 2.07, 2.09, 1.85, 2.04]
['2020-04-21', 2.04, 2.04, 1.91, 1.91]
['2020-04-22', 1.95, 2.08, 1.95, 1.95]
['2020-04-23', 2.0, 2.01, 1.93, 1.98]
['2020-04-24', 2.02, 2.159, 1.967, 2.1]
['2020-04-27', 2.11, 2.39, 2.11, 2.31]
['2020-04-28', 2.4, 2.42, 2.2, 2.23]
['2020-04-29', 2.31, 2.41, 2.21, 2.25]
['2020-04-30', 2.4, 2.4, 2.01, 2.28]
['2020-05-01', 2.34, 2.358, 2.2, 2.24]
['2020-05-04', 2.2, 2.38, 2.18, 2.33]
['2020-05-05', 2.37, 2.44, 2.27, 2.3]
['2020-05-06', 2.39, 2.39, 2.22, 2.24]
['2020-05-07', 2.29, 2.51, 2.26, 2.36]
['2020-05-08', 2.36, 2.375, 2.1, 2.2]
['2020-05-11', 2.23, 2.54, 2.2, 2.44]
['2020-05-12', 2.5, 2.72, 2.315, 2.7]
['2020-05-13', 2.92, 2.95, 2.4, 2.65]
['2020-05-14', 2.75, 2.785, 2.36, 2.54]
['2020-05-15', 2.54, 2.78, 2.5, 2.53]
['2020-05-18', 2.57, 2.64, 2.4, 2.45]
['2020-05-19', 2.55, 2.55, 2.38, 2.41]
['2020-05-20', 2.42, 2.55, 2.42, 2.51]
['2020-05-21', 2.49, 2.7, 2.49, 2.58]
['2020-05-22', 2.63, 2.85, 2.5, 2.81]
