['2014-06-26', 28.65, 33.0, 28.65, 31.34]
['2014-06-27', 32.97, 40.47, 29.498, 35.76]
['2014-06-30', 39.44, 41.19, 37.83, 40.55]
['2014-07-01', 45.0, 49.9, 44.4, 48.8]
['2014-07-02', 46.9, 46.98, 41.53, 42.04]
['2014-07-03', 43.97, 45.24, 40.74, 41.58]
['2014-07-07', 42.98, 44.44, 41.76, 43.96]
['2014-07-08', 43.885, 44.99, 41.53, 42.2]
['2014-07-09', 43.01, 43.7, 41.75, 43.3]
['2014-07-10', 41.73, 42.75, 40.6, 41.94]
['2014-07-11', 42.45, 42.88, 38.73, 38.84]
['2014-07-14', 38.87, 39.1, 36.1, 36.84]
['2014-07-15', 39.09, 42.1, 38.23, 41.63]
['2014-07-16', 43.8, 44.44, 40.8, 40.9]
['2014-07-17', 40.5, 42.13, 40.0, 40.34]
['2014-07-18', 41.07, 42.55, 40.4, 41.43]
['2014-07-21', 43.2, 43.8, 41.5, 41.58]
['2014-07-22', 42.85, 43.25, 42.2, 43.1]
['2014-07-23', 43.83, 44.83, 40.82, 41.74]
['2014-07-24', 42.3, 42.4, 41.32, 42.19]
['2014-07-25', 41.82, 42.4, 41.06, 41.98]
['2014-07-28', 42.3, 43.7, 41.23, 43.25]
['2014-07-29', 43.68, 44.75, 43.29, 44.07]
['2014-07-30', 44.72, 46.34, 44.25, 46.316]
['2014-07-31', 45.1, 48.4, 44.62, 47.97]
['2014-08-01', 41.97, 44.79, 40.52, 40.97]
['2014-08-04', 41.44, 41.8, 38.35, 38.53]
['2014-08-05', 38.64, 40.14, 38.35, 38.87]
['2014-08-06', 39.36, 40.13, 38.53, 38.72]
['2014-08-07', 39.85, 39.85, 38.27, 38.7]
['2014-08-08', 39.16, 39.16, 37.24, 37.65]
['2014-08-11', 38.64, 38.77, 38.1, 38.2]
['2014-08-12', 38.65, 38.692, 37.7, 38.04]
['2014-08-13', 38.49, 39.04, 38.01, 38.19]
['2014-08-14', 38.25, 39.82, 38.05, 39.49]
['2014-08-15', 39.51, 40.25, 38.9, 39.79]
['2014-08-18', 40.5, 42.6, 40.04, 41.85]
['2014-08-19', 42.34, 43.5, 42.05, 43.36]
['2014-08-20', 42.905, 44.6, 42.76, 43.89]
['2014-08-21', 44.6, 44.86, 43.026, 43.17]
['2014-08-22', 43.0, 43.83, 42.7, 43.29]
['2014-08-25', 43.85, 44.35, 43.301, 43.85]
['2014-08-26', 44.8, 45.8, 44.57, 45.29]
['2014-08-27', 45.87, 46.0, 45.29, 45.5]
['2014-08-28', 45.5, 49.86, 44.63, 48.9]
['2014-08-29', 49.47, 52.13, 49.45, 51.8]
['2014-09-02', 53.0, 55.35, 52.52, 53.94]
['2014-09-03', 55.95, 57.45, 55.43, 56.86]
['2014-09-04', 54.3, 55.879, 52.3, 53.08]
['2014-09-05', 54.25, 59.24, 53.51, 58.75]
['2014-09-08', 58.15, 63.72, 57.04, 63.52]
['2014-09-09', 63.47, 68.29, 63.26, 64.19]
['2014-09-10', 67.11, 69.3, 64.75, 68.47]
['2014-09-11', 70.645, 70.9, 66.26, 68.28]
['2014-09-12', 68.74, 70.17, 67.65, 69.18]
['2014-09-15', 69.55, 71.42, 66.17, 67.2]
['2014-09-16', 65.4, 66.69, 63.42, 65.23]
['2014-09-17', 67.0, 68.21, 66.31, 67.22]
['2014-09-18', 68.1, 68.67, 66.01, 66.33]
['2014-09-19', 66.05, 67.3, 64.1, 67.2]
['2014-09-22', 67.05, 68.9, 66.5, 68.27]
['2014-09-23', 68.85, 73.42, 68.34, 72.88]
['2014-09-24', 74.5, 78.84, 73.85, 78.46]
['2014-09-25', 81.5, 81.64, 76.208, 81.31]
['2014-09-26', 79.0, 82.4, 77.51, 82.1]
['2014-09-29', 81.99, 91.77, 80.0, 90.94]
['2014-09-30', 94.775, 96.45, 88.53, 93.7]
['2014-10-01', 92.31, 93.96, 88.87, 91.8]
['2014-10-02', 87.42, 88.95, 79.13, 85.46]
['2014-10-03', 88.5, 89.8, 86.53, 86.97]
['2014-10-06', 89.48, 94.314, 88.5, 93.79]
['2014-10-07', 92.35, 98.47, 91.22, 93.85]
['2014-10-08', 91.0, 92.77, 87.16, 89.93]
['2014-10-09', 91.3, 92.38, 87.3, 89.18]
['2014-10-10', 87.91, 89.89, 83.57, 85.05]
['2014-10-13', 82.35, 83.4, 73.28, 76.67]
['2014-10-14', 78.6, 80.931, 74.44, 75.03]
['2014-10-15', 71.03, 74.85, 68.34, 72.87]
['2014-10-16', 69.1, 74.88, 68.6, 72.69]
['2014-10-17', 75.8, 76.75, 72.79, 74.63]
['2014-10-20', 75.03, 77.59, 74.801, 76.0]
['2014-10-21', 77.96, 82.79, 77.11, 80.92]
['2014-10-22', 84.0, 84.95, 79.68, 80.09]
['2014-10-23', 82.42, 82.81, 77.88, 79.15]
['2014-10-24', 75.63, 76.5, 70.29, 71.91]
['2014-10-27', 66.96, 69.85, 64.75, 64.91]
['2014-10-28', 66.6, 70.9, 66.6, 69.3]
['2014-10-29', 69.3, 69.3, 66.55, 67.89]
['2014-10-30', 68.79, 69.74, 64.141, 68.25]
['2014-10-31', 80.7, 81.13, 76.0, 77.1]
['2014-11-03', 77.64, 85.4, 76.5, 84.32]
['2014-11-04', 84.89, 87.5, 81.67, 82.27]
['2014-11-05', 84.5, 85.5, 75.5, 75.89]
['2014-11-06', 77.8, 79.5, 76.63, 78.76]
['2014-11-07', 79.79, 80.4, 77.77, 79.06]
['2014-11-10', 75.8, 78.1, 75.0, 75.75]
['2014-11-11', 75.75, 77.265, 74.01, 75.0]
['2014-11-12', 74.1, 78.44, 74.08, 76.85]
['2014-11-13', 77.85, 79.65, 75.92, 76.47]
['2014-11-14', 77.99, 79.49, 76.75, 79.15]
['2014-11-17', 79.74, 83.44, 78.8, 81.5]
['2014-11-18', 83.7, 85.78, 82.2, 84.1]
['2014-11-19', 85.22, 86.0, 79.05, 79.09]
['2014-11-20', 72.845, 75.1, 71.58, 71.74]
['2014-11-21', 73.6, 73.6, 70.55, 70.72]
['2014-11-24', 71.01, 73.09, 69.8, 72.54]
['2014-11-25', 73.84, 75.709, 73.27, 74.71]
['2014-11-26', 76.05, 79.35, 74.85, 79.05]
['2014-11-28', 80.38, 80.61, 75.92, 77.97]
['2014-12-01', 77.0, 77.0, 73.39, 73.5]
['2014-12-02', 74.6, 75.42, 73.55, 73.89]
['2014-12-03', 74.12, 75.3, 72.45, 73.65]
['2014-12-04', 73.01, 74.5, 71.28, 71.98]
['2014-12-05', 72.25, 73.75, 71.0, 72.18]
['2014-12-08', 72.25, 72.33, 66.3, 67.65]
['2014-12-09', 65.0, 68.75, 64.36, 67.9]
['2014-12-10', 66.85, 68.5, 62.6, 62.76]
['2014-12-11', 64.0, 64.44, 57.92, 60.05]
['2014-12-12', 62.56, 63.27, 60.52, 60.52]
['2014-12-15', 61.61, 61.85, 56.86, 57.0]
['2014-12-16', 55.91, 60.2, 55.55, 58.27]
['2014-12-17', 60.0, 60.44, 57.9, 59.5]
['2014-12-18', 60.91, 61.03, 56.5, 57.09]
['2014-12-19', 57.2, 57.5, 53.77, 53.9]
['2014-12-22', 54.19, 58.0, 53.64, 58.0]
['2014-12-23', 59.71, 61.99, 58.3, 61.54]
['2014-12-24', 63.5, 66.7, 62.67, 66.41]
['2014-12-26', 68.06, 69.75, 67.45, 69.23]
['2014-12-29', 67.83, 68.8, 64.67, 64.74]
['2014-12-30', 66.27, 67.4, 64.76, 65.4]
['2014-12-31', 65.06, 65.78, 62.81, 63.22]
['2015-01-02', 64.9, 66.9, 64.08, 66.87]
['2015-01-05', 67.6, 68.5, 65.63, 66.19]
['2015-01-06', 66.85, 67.25, 63.31, 64.85]
['2015-01-07', 65.59, 66.45, 60.25, 62.45]
['2015-01-08', 61.43, 61.94, 59.5, 60.09]
['2015-01-09', 60.05, 61.7, 58.8, 60.84]
['2015-01-12', 59.86, 60.0, 56.345, 56.78]
['2015-01-13', 57.06, 57.2, 48.23, 49.87]
['2015-01-14', 50.85, 52.7, 49.75, 52.34]
['2015-01-15', 52.99, 53.0, 48.41, 48.58]
['2015-01-16', 47.85, 48.47, 45.36, 47.51]
['2015-01-20', 47.1, 48.93, 46.12, 47.34]
['2015-01-21', 47.79, 50.67, 47.52, 50.29]
['2015-01-22', 50.8, 51.3, 47.66, 48.35]
['2015-01-23', 48.8, 52.51, 48.44, 52.51]
['2015-01-26', 52.31, 53.176, 49.8, 50.41]
['2015-01-27', 49.24, 51.96, 49.05, 51.42]
['2015-01-28', 51.39, 54.13, 51.1, 51.46]
['2015-01-29', 51.92, 51.92, 49.668, 50.84]
['2015-01-30', 50.93, 51.19, 48.8, 49.75]
['2015-02-02', 50.05, 52.24, 49.01, 52.14]
['2015-02-03', 52.65, 55.17, 52.6, 54.57]
['2015-02-04', 54.75, 54.75, 51.34, 51.87]
['2015-02-05', 52.77, 54.69, 50.5, 54.37]
['2015-02-06', 47.96, 49.75, 47.0, 47.12]
['2015-02-09', 46.34, 46.9, 44.2, 44.48]
['2015-02-10', 44.61, 45.3, 42.65, 43.8]
['2015-02-11', 43.24, 45.65, 43.02, 44.77]
['2015-02-12', 45.0, 46.49, 44.808, 45.29]
['2015-02-13', 45.16, 46.15, 44.3, 45.27]
['2015-02-17', 46.12, 50.95, 46.0, 50.92]
['2015-02-18', 49.65, 49.99, 45.2, 45.21]
['2015-02-19', 45.85, 46.43, 44.9, 45.16]
['2015-02-20', 45.2, 45.82, 44.5, 45.07]
['2015-02-23', 44.1, 44.89, 43.13, 43.95]
['2015-02-24', 43.98, 44.77, 43.52, 43.88]
['2015-02-25', 43.75, 45.17, 43.65, 45.05]
['2015-02-26', 45.05, 45.68, 44.32, 44.66]
['2015-02-27', 43.86, 44.1, 41.66, 41.98]
['2015-03-02', 40.2, 41.58, 39.7, 39.93]
['2015-03-03', 39.8, 40.98, 39.58, 40.3]
['2015-03-04', 41.05, 43.9, 41.0, 43.01]
['2015-03-05', 43.43, 43.83, 40.85, 41.08]
['2015-03-06', 41.01, 41.5, 40.0, 40.13]
['2015-03-09', 40.17, 40.35, 37.8, 37.95]
['2015-03-10', 37.52, 39.47, 37.13, 38.73]
['2015-03-11', 38.73, 38.94, 37.8, 38.17]
['2015-03-12', 38.13, 39.8, 37.63, 39.7]
['2015-03-13', 39.36, 40.4, 38.42, 40.13]
['2015-03-16', 40.15, 40.3, 38.71, 39.37]
['2015-03-17', 39.16, 41.28, 38.88, 40.25]
['2015-03-18', 40.08, 41.43, 39.41, 40.67]
['2015-03-19', 40.67, 41.34, 39.25, 39.53]
['2015-03-20', 39.75, 40.63, 39.3, 40.4]
['2015-03-23', 40.3, 42.77, 39.812, 42.08]
['2015-03-24', 42.28, 42.65, 41.104, 41.83]
['2015-03-25', 43.4, 44.34, 41.68, 42.3]
['2015-03-26', 43.14, 44.1, 42.2, 43.23]
['2015-03-27', 43.64, 43.97, 42.3, 42.7]
['2015-03-30', 43.75, 43.9, 42.65, 43.58]
['2015-03-31', 43.6, 44.45, 42.89, 43.41]
['2015-04-01', 43.05, 43.34, 40.37, 40.89]
['2015-04-02', 40.95, 42.28, 40.72, 41.96]
['2015-04-06', 41.7, 43.93, 41.68, 43.55]
['2015-04-07', 43.6, 44.1, 42.76, 43.57]
['2015-04-08', 43.54, 44.38, 43.13, 43.33]
['2015-04-09', 43.44, 44.9, 43.41, 43.7]
['2015-04-10', 44.63, 45.63, 44.35, 45.25]
['2015-04-13', 45.7, 45.95, 44.08, 44.22]
['2015-04-14', 44.26, 44.91, 42.87, 44.48]
['2015-04-15', 45.87, 46.95, 45.6, 45.67]
['2015-04-16', 45.88, 46.36, 45.21, 45.46]
['2015-04-17', 44.94, 45.57, 44.24, 44.62]
['2015-04-20', 45.03, 45.5, 44.5, 44.88]
['2015-04-21', 44.75, 45.45, 43.62, 44.31]
['2015-04-22', 44.12, 46.28, 44.05, 46.25]
['2015-04-23', 46.0, 46.73, 45.65, 46.08]
['2015-04-24', 46.21, 46.44, 44.6, 44.73]
['2015-04-27', 45.09, 46.05, 44.75, 45.19]
['2015-04-28', 45.87, 47.1, 45.39, 47.02]
['2015-04-29', 52.01, 54.06, 51.15, 52.96]
['2015-04-30', 52.095, 52.57, 49.43, 50.08]
['2015-05-01', 49.71, 51.21, 49.52, 49.98]
['2015-05-04', 50.01, 50.75, 49.555, 49.74]
['2015-05-05', 49.6, 50.35, 47.66, 47.74]
['2015-05-06', 47.98, 48.29, 46.5, 48.19]
['2015-05-07', 48.0, 49.93, 47.58, 49.55]
['2015-05-08', 50.0, 50.72, 49.7, 50.21]
['2015-05-11', 50.04, 50.23, 48.67, 48.85]
['2015-05-12', 48.52, 49.69, 47.73, 49.57]
['2015-05-13', 49.32, 50.27, 49.03, 49.85]
['2015-05-14', 49.96, 50.79, 49.54, 50.62]
['2015-05-15', 50.62, 50.62, 50.0, 50.09]
['2015-05-18', 50.56, 52.19, 50.41, 51.13]
['2015-05-19', 51.5, 52.59, 51.25, 51.85]
['2015-05-20', 52.7, 54.49, 52.12, 53.88]
['2015-05-21', 54.26, 54.26, 52.93, 53.5]
['2015-05-22', 53.51, 54.98, 53.51, 54.44]
['2015-05-26', 54.49, 54.53, 52.22, 53.41]
['2015-05-27', 53.27, 53.94, 51.91, 53.28]
['2015-05-28', 55.04, 57.84, 55.03, 56.81]
['2015-05-29', 56.5, 56.7, 55.081, 55.46]
['2015-06-01', 56.9, 59.6, 56.33, 58.52]
['2015-06-02', 58.39, 59.92, 58.15, 58.4]
['2015-06-03', 59.99, 60.43, 58.7, 59.03]
['2015-06-04', 58.77, 58.92, 57.78, 58.88]
['2015-06-05', 58.24, 59.7, 58.24, 59.41]
['2015-06-08', 59.77, 61.19, 58.63, 59.4]
['2015-06-09', 59.23, 59.66, 57.75, 58.68]
['2015-06-10', 56.42, 58.43, 55.15, 57.91]
['2015-06-11', 57.81, 58.41, 55.71, 55.99]
['2015-06-12', 55.43, 58.29, 55.35, 57.45]
['2015-06-15', 56.62, 58.53, 56.5, 58.52]
['2015-06-16', 58.17, 59.05, 57.836, 58.19]
['2015-06-17', 58.26, 59.25, 57.821, 59.0]
['2015-06-18', 59.05, 59.73, 57.83, 58.28]
['2015-06-19', 58.21, 58.65, 57.56, 57.97]
['2015-06-22', 57.71, 57.9, 54.5, 54.92]
['2015-06-23', 55.4, 57.4, 55.39, 56.76]
['2015-06-24', 56.67, 57.6, 56.2, 57.05]
['2015-06-25', 57.07, 57.6, 56.21, 56.91]
['2015-06-26', 57.0, 57.05, 53.57, 54.13]
['2015-06-29', 52.81, 53.71, 52.11, 53.21]
['2015-06-30', 53.81, 54.11, 51.95, 52.72]
['2015-07-01', 53.16, 53.34, 51.19, 51.95]
['2015-07-02', 52.0, 52.29, 51.3, 51.75]
['2015-07-06', 50.62, 51.15, 49.4, 50.94]
['2015-07-07', 51.77, 52.83, 50.35, 52.25]
['2015-07-08', 51.76, 52.7, 51.13, 51.25]
['2015-07-09', 51.89, 52.69, 51.86, 52.04]
['2015-07-10', 52.25, 53.29, 52.14, 52.51]
['2015-07-13', 52.93, 53.2, 51.12, 52.11]
['2015-07-14', 54.34, 55.9, 53.82, 54.97]
['2015-07-15', 55.75, 56.19, 53.83, 54.5]
['2015-07-16', 55.15, 55.37, 54.26, 55.24]
['2015-07-17', 55.62, 56.72, 55.3, 56.64]
['2015-07-20', 58.65, 61.2, 57.91, 60.8]
['2015-07-21', 61.2, 62.25, 59.06, 62.04]
['2015-07-22', 62.39, 63.25, 60.05, 61.68]
['2015-07-23', 61.5, 65.25, 61.48, 63.95]
['2015-07-24', 65.0, 65.02, 61.3, 62.17]
['2015-07-27', 60.98, 62.67, 59.38, 61.27]
['2015-07-28', 62.04, 63.336, 61.11, 62.42]
['2015-07-29', 61.63, 62.3, 61.25, 61.87]
['2015-07-30', 61.76, 62.292, 60.56, 61.69]
['2015-07-31', 64.05, 64.63, 62.03, 62.1]
['2015-08-03', 63.0, 63.4, 61.18, 62.26]
['2015-08-04', 62.26, 62.47, 60.51, 62.08]
['2015-08-05', 62.6, 63.65, 61.57, 62.67]
['2015-08-06', 62.43, 64.46, 61.7, 62.88]
['2015-08-07', 62.34, 63.29, 61.66, 63.06]
['2015-08-10', 63.5, 65.49, 62.8, 64.74]
['2015-08-11', 64.0, 64.1, 58.26, 59.13]
['2015-08-12', 57.75, 57.75, 54.02, 56.91]
['2015-08-13', 58.57, 60.87, 58.17, 59.5]
['2015-08-14', 59.28, 59.94, 58.61, 58.85]
['2015-08-17', 58.8, 59.67, 57.93, 58.55]
['2015-08-18', 58.09, 58.72, 56.84, 57.49]
['2015-08-19', 56.76, 56.96, 54.355, 54.67]
['2015-08-20', 53.22, 53.7, 50.53, 50.6]
['2015-08-21', 48.45, 50.84, 48.05, 48.39]
['2015-08-24', 43.3, 47.86, 42.75, 47.86]
['2015-08-25', 51.41, 51.65, 46.97, 47.03]
['2015-08-26', 48.28, 48.95, 43.88, 46.28]
['2015-08-27', 47.85, 49.46, 46.85, 47.76]
['2015-08-28', 47.21, 49.49, 47.06, 48.18]
['2015-08-31', 47.57, 48.38, 46.347, 46.59]
['2015-09-01', 43.6, 44.05, 42.09, 43.69]
['2015-09-02', 40.67, 41.37, 39.04, 41.28]
['2015-09-03', 40.88, 41.74, 38.61, 38.65]
['2015-09-04', 38.13, 39.31, 36.75, 36.83]
['2015-09-08', 37.82, 38.09, 36.38, 37.5]
['2015-09-09', 38.04, 38.15, 33.34, 33.65]
['2015-09-10', 33.86, 34.93, 33.75, 33.88]
['2015-09-11', 33.5, 33.95, 31.322, 32.42]
['2015-09-14', 32.9, 34.58, 32.62, 32.88]
['2015-09-15', 33.68, 34.1, 32.74, 33.57]
['2015-09-16', 33.95, 35.82, 33.535, 35.73]
['2015-09-17', 35.32, 37.25, 35.23, 36.32]
['2015-09-18', 35.73, 35.89, 34.39, 35.15]
['2015-09-21', 33.68, 33.98, 32.0, 32.27]
['2015-09-22', 31.38, 33.75, 30.55, 33.31]
['2015-09-23', 33.45, 33.65, 32.22, 32.64]
['2015-09-24', 32.52, 34.02, 32.26, 33.92]
['2015-09-25', 34.69, 35.0, 32.14, 32.31]
['2015-09-28', 32.0, 32.15, 29.62, 29.67]
['2015-09-29', 29.85, 30.97, 28.9, 29.86]
['2015-09-30', 30.3, 31.5, 29.9, 31.22]
['2015-10-01', 31.02, 31.49, 29.75, 30.07]
['2015-10-02', 29.4, 30.6, 28.91, 30.44]
['2015-10-05', 30.56, 30.93, 29.48, 30.26]
['2015-10-06', 30.45, 31.95, 29.78, 30.65]
['2015-10-07', 29.99, 30.75, 27.52, 29.33]
['2015-10-08', 28.96, 29.01, 27.065, 27.6]
['2015-10-09', 28.23, 30.2, 27.95, 29.08]
['2015-10-12', 29.1, 29.3, 27.86, 28.46]
['2015-10-13', 27.94, 28.69, 27.9, 27.97]
['2015-10-14', 27.29, 28.455, 26.68, 28.09]
['2015-10-15', 28.03, 29.28, 28.01, 28.54]
['2015-10-16', 28.27, 28.78, 27.83, 28.52]
['2015-10-19', 28.5, 30.3, 28.076, 29.64]
['2015-10-20', 30.14, 31.33, 29.87, 30.31]
['2015-10-21', 30.52, 30.6, 28.83, 29.06]
['2015-10-22', 29.25, 30.08, 28.5, 28.72]
['2015-10-23', 29.65, 29.7, 28.81, 29.15]
['2015-10-26', 29.11, 29.42, 28.58, 28.79]
['2015-10-27', 29.04, 29.05, 27.99, 28.23]
['2015-10-28', 28.62, 30.67, 28.42, 30.21]
['2015-10-29', 25.02, 26.35, 24.95, 25.62]
['2015-10-30', 25.94, 25.94, 24.99, 25.0]
['2015-11-02', 25.12, 25.93, 24.3, 25.55]
['2015-11-03', 25.75, 25.75, 24.84, 25.02]
['2015-11-04', 25.07, 25.81, 25.07, 25.38]
['2015-11-05', 25.4, 25.55, 24.62, 24.81]
['2015-11-06', 24.81, 25.24, 24.5, 25.13]
['2015-11-09', 25.15, 26.12, 25.13, 25.92]
['2015-11-10', 25.9, 25.99, 24.82, 25.02]
['2015-11-11', 25.02, 25.38, 24.76, 25.1]
['2015-11-12', 24.88, 24.898, 23.1, 23.15]
['2015-11-13', 22.87, 22.95, 20.76, 21.16]
['2015-11-16', 21.09, 21.79, 20.85, 21.62]
['2015-11-17', 21.75, 21.89, 20.77, 20.87]
['2015-11-18', 19.87, 19.98, 18.86, 19.81]
['2015-11-19', 19.95, 20.33, 19.45, 19.93]
['2015-11-20', 20.0, 20.54, 19.71, 20.45]
['2015-11-23', 20.2, 20.24, 18.8, 18.99]
['2015-11-24', 18.8, 19.5, 18.75, 19.32]
['2015-11-25', 19.3, 20.47, 19.21, 20.0]
['2015-11-27', 20.15, 20.94, 19.85, 20.28]
['2015-11-30', 20.38, 20.83, 20.23, 20.4]
['2015-12-01', 20.46, 20.6, 19.64, 20.13]
['2015-12-02', 20.13, 20.39, 19.85, 20.09]
['2015-12-03', 19.72, 20.1, 18.88, 18.93]
['2015-12-04', 17.96, 18.64, 17.55, 18.0]
['2015-12-07', 17.77, 18.09, 17.24, 17.51]
['2015-12-08', 17.26, 18.11, 17.25, 17.58]
['2015-12-09', 17.67, 17.95, 16.77, 16.89]
['2015-12-10', 17.25, 19.64, 17.17, 18.83]
['2015-12-11', 18.73, 19.47, 17.9, 19.15]
['2015-12-14', 17.92, 17.98, 15.9, 17.31]
['2015-12-15', 17.26, 18.09, 16.705, 17.91]
['2015-12-16', 18.1, 19.2, 17.88, 18.82]
['2015-12-17', 19.0, 19.89, 17.91, 17.95]
['2015-12-18', 17.94, 19.7, 17.76, 19.5]
['2015-12-21', 19.14, 19.5, 18.0, 18.1]
['2015-12-22', 18.33, 18.95, 18.1, 18.34]
['2015-12-23', 18.42, 18.85, 18.2, 18.27]
['2015-12-24', 18.29, 18.44, 18.14, 18.22]
['2015-12-28', 18.36, 18.98, 17.84, 17.92]
['2015-12-29', 18.22, 18.44, 17.6, 18.28]
['2015-12-30', 18.12, 18.58, 18.01, 18.4]
['2015-12-31', 18.27, 18.55, 17.86, 18.01]
['2016-01-04', 17.57, 19.65, 17.5, 18.69]
['2016-01-05', 20.05, 20.5, 18.25, 18.49]
['2016-01-06', 18.18, 19.0, 18.05, 18.41]
['2016-01-07', 17.89, 18.2, 16.75, 17.0]
['2016-01-08', 17.59, 17.66, 16.131, 16.19]
['2016-01-11', 16.43, 16.44, 14.57, 15.26]
['2016-01-12', 15.69, 15.7, 14.36, 14.6]
['2016-01-13', 14.73, 14.98, 14.324, 14.61]
['2016-01-14', 11.48, 12.82, 11.26, 12.48]
['2016-01-15', 11.73, 12.32, 11.23, 11.46]
['2016-01-19', 11.68, 11.77, 10.26, 10.57]
['2016-01-20', 10.18, 11.08, 9.9, 11.0]
['2016-01-21', 11.0, 11.39, 10.32, 10.68]
['2016-01-22', 11.03, 11.27, 10.69, 10.83]
['2016-01-25', 10.74, 11.33, 10.58, 10.59]
['2016-01-26', 10.64, 10.96, 10.38, 10.88]
['2016-01-27', 11.03, 11.1, 10.5, 10.61]
['2016-01-28', 10.8, 11.0, 10.48, 10.57]
['2016-01-29', 10.56, 11.75, 10.56, 11.45]
['2016-02-01', 11.13, 11.18, 10.52, 11.06]
['2016-02-02', 10.9, 10.91, 10.18, 10.24]
['2016-02-03', 10.28, 10.8, 10.03, 10.71]
['2016-02-04', 9.13, 10.2, 9.01, 9.78]
['2016-02-05', 9.74, 10.68, 9.6, 9.96]
['2016-02-08', 10.32, 11.69, 10.01, 10.99]
['2016-02-09', 10.65, 11.65, 10.54, 11.39]
['2016-02-10', 11.5, 11.63, 10.54, 10.59]
['2016-02-11', 10.37, 10.71, 9.95, 10.17]
['2016-02-12', 10.3, 10.56, 10.12, 10.31]
['2016-02-16', 10.52, 11.7, 10.32, 11.59]
['2016-02-17', 11.38, 13.05, 11.3, 12.99]
['2016-02-18', 13.17, 13.42, 12.13, 12.39]
['2016-02-19', 12.32, 12.72, 12.04, 12.38]
['2016-02-22', 12.74, 12.953, 12.38, 12.86]
['2016-02-23', 12.8, 12.83, 12.0, 12.11]
['2016-02-24', 11.77, 11.86, 11.26, 11.75]
['2016-02-25', 11.69, 12.0, 11.01, 11.34]
['2016-02-26', 11.47, 12.75, 11.34, 12.3]
['2016-02-29', 12.33, 12.45, 11.76, 11.88]
['2016-03-01', 12.06, 12.32, 11.65, 11.89]
['2016-03-02', 12.03, 13.24, 11.95, 13.02]
['2016-03-03', 13.1, 14.1, 12.76, 13.58]
['2016-03-04', 13.34, 14.84, 13.1, 13.36]
['2016-03-07', 13.5, 14.075, 13.23, 13.88]
['2016-03-08', 13.7, 13.7, 12.375, 12.41]
['2016-03-09', 12.7, 12.7, 12.1, 12.28]
['2016-03-10', 12.42, 12.62, 11.9, 12.18]
['2016-03-11', 12.32, 12.98, 12.13, 12.6]
['2016-03-14', 12.52, 12.6, 12.14, 12.27]
['2016-03-15', 12.21, 12.24, 11.55, 11.7]
['2016-03-16', 11.71, 12.47, 11.66, 12.31]
['2016-03-17', 12.3, 13.19, 12.24, 12.95]
['2016-03-18', 13.14, 13.61, 12.72, 12.88]
['2016-03-21', 12.75, 13.19, 12.63, 13.07]
['2016-03-22', 12.99, 13.17, 12.79, 12.97]
['2016-03-23', 12.97, 13.11, 12.23, 12.27]
['2016-03-24', 12.2, 12.48, 11.92, 12.42]
['2016-03-28', 12.43, 12.5, 11.49, 11.5]
['2016-03-29', 11.46, 11.76, 11.08, 11.65]
['2016-03-30', 11.79, 12.37, 11.7, 12.16]
['2016-03-31', 12.2, 12.213, 11.84, 11.96]
['2016-04-01', 11.81, 11.99, 11.61, 11.74]
['2016-04-04', 11.77, 12.37, 11.67, 12.03]
['2016-04-05', 11.93, 12.04, 11.621, 11.65]
['2016-04-06', 11.79, 12.16, 11.63, 12.12]
['2016-04-07', 11.9, 12.49, 11.9, 12.29]
['2016-04-08', 12.37, 12.75, 12.25, 12.32]
['2016-04-11', 12.35, 12.53, 11.74, 11.77]
['2016-04-12', 11.93, 12.06, 11.58, 11.68]
['2016-04-13', 12.0, 14.04, 11.85, 13.9]
['2016-04-14', 14.17, 14.35, 13.11, 13.8]
['2016-04-15', 13.59, 14.34, 13.41, 13.77]
['2016-04-18', 13.68, 13.68, 13.04, 13.13]
['2016-04-19', 13.21, 13.38, 12.82, 12.95]
['2016-04-20', 13.09, 13.77, 12.9, 13.44]
['2016-04-21', 13.52, 13.82, 13.32, 13.56]
['2016-04-22', 13.53, 14.179, 13.5, 13.98]
['2016-04-25', 13.71, 13.8, 12.67, 12.82]
['2016-04-26', 12.86, 13.24, 12.53, 13.18]
['2016-04-27', 12.94, 13.43, 12.8, 13.3]
['2016-04-28', 13.24, 13.35, 12.91, 12.94]
['2016-04-29', 13.02, 13.14, 12.41, 12.64]
['2016-05-02', 12.56, 12.64, 12.0, 12.23]
['2016-05-03', 12.1, 12.12, 11.45, 11.65]
['2016-05-04', 11.54, 11.79, 11.17, 11.4]
['2016-05-05', 11.39, 11.55, 10.67, 10.71]
['2016-05-06', 9.93, 10.65, 9.81, 10.46]
['2016-05-09', 10.45, 10.6, 9.75, 9.78]
['2016-05-10', 9.87, 9.99, 9.43, 9.82]
['2016-05-11', 9.83, 9.85, 9.41, 9.46]
['2016-05-12', 9.51, 9.55, 8.79, 8.82]
['2016-05-13', 8.89, 9.42, 8.76, 8.88]
['2016-05-16', 9.05, 9.26, 8.8, 8.93]
['2016-05-17', 8.98, 9.23, 8.85, 8.99]
['2016-05-18', 8.94, 9.12, 8.77, 8.8]
['2016-05-19', 8.75, 8.9, 8.62, 8.85]
['2016-05-20', 8.92, 9.2, 8.75, 9.15]
['2016-05-23', 9.2, 9.6, 9.2, 9.26]
['2016-05-24', 9.91, 10.08, 9.63, 9.71]
['2016-05-25', 9.82, 10.18, 9.71, 10.08]
['2016-05-26', 10.2, 10.24, 9.77, 9.98]
['2016-05-27', 9.99, 10.22, 9.72, 10.2]
['2016-05-31', 10.27, 10.51, 10.1, 10.27]
['2016-06-01', 10.16, 10.32, 9.92, 10.32]
['2016-06-02', 10.28, 10.75, 10.23, 10.72]
['2016-06-03', 11.0, 11.0, 10.66, 10.72]
['2016-06-06', 10.7, 11.0, 10.39, 10.92]
['2016-06-07', 10.94, 11.1, 10.75, 11.07]
['2016-06-08', 11.15, 11.29, 10.91, 11.06]
['2016-06-09', 10.89, 10.96, 10.77, 10.9]
['2016-06-10', 10.79, 10.79, 10.24, 10.26]
['2016-06-13', 9.91, 10.3, 9.85, 9.97]
['2016-06-14', 9.84, 10.07, 9.53, 9.71]
['2016-06-15', 9.8, 10.23, 9.64, 9.82]
['2016-06-16', 9.66, 9.895, 9.51, 9.84]
['2016-06-17', 9.88, 10.83, 9.87, 10.65]
['2016-06-20', 10.89, 11.47, 10.8, 10.85]
['2016-06-21', 11.01, 11.26, 10.95, 11.2]
['2016-06-22', 11.2, 11.46, 11.03, 11.1]
['2016-06-23', 11.26, 11.4, 11.15, 11.32]
['2016-06-24', 10.52, 11.065, 10.5, 10.78]
['2016-06-27', 10.61, 10.87, 10.01, 10.21]
['2016-06-28', 10.52, 10.899, 10.3, 10.48]
['2016-06-29', 10.6, 10.9, 10.431, 10.81]
['2016-06-30', 10.7, 10.88, 10.32, 10.81]
['2016-07-01', 10.86, 11.14, 10.77, 11.05]
['2016-07-05', 10.92, 10.96, 10.6, 10.65]
['2016-07-06', 10.38, 10.66, 10.25, 10.59]
['2016-07-07', 10.55, 11.13, 10.52, 10.77]
['2016-07-08', 10.96, 11.22, 10.85, 10.97]
['2016-07-11', 11.11, 12.49, 11.1, 12.43]
['2016-07-12', 12.53, 12.65, 12.19, 12.46]
['2016-07-13', 12.8, 13.4, 12.14, 12.43]
['2016-07-14', 12.6, 12.72, 12.24, 12.28]
['2016-07-15', 12.31, 12.47, 11.85, 11.9]
['2016-07-18', 11.95, 12.0, 11.65, 11.85]
['2016-07-19', 11.98, 11.98, 10.985, 11.01]
['2016-07-20', 11.09, 11.13, 10.88, 10.9]
['2016-07-21', 11.09, 11.49, 11.03, 11.23]
['2016-07-22', 11.32, 11.52, 11.06, 11.08]
['2016-07-25', 11.11, 11.5, 11.057, 11.41]
['2016-07-26', 11.41, 11.54, 11.25, 11.32]
['2016-07-27', 11.47, 11.83, 11.42, 11.57]
['2016-07-28', 12.15, 13.28, 11.754, 13.02]
['2016-07-29', 12.88, 12.89, 12.23, 12.64]
['2016-08-01', 12.58, 13.3, 12.47, 12.94]
['2016-08-02', 12.9, 13.32, 12.53, 12.55]
['2016-08-03', 12.73, 13.5, 12.61, 13.3]
['2016-08-04', 13.5, 13.828, 13.191, 13.53]
['2016-08-05', 13.59, 14.14, 13.59, 13.77]
['2016-08-08', 14.0, 14.8, 13.961, 14.29]
['2016-08-09', 14.68, 14.87, 14.39, 14.54]
['2016-08-10', 14.67, 14.68, 13.93, 14.14]
['2016-08-11', 14.35, 14.36, 13.96, 13.97]
['2016-08-12', 14.03, 14.33, 13.828, 14.3]
['2016-08-15', 14.3, 16.25, 14.3, 15.61]
['2016-08-16', 15.7, 16.0, 15.25, 15.39]
['2016-08-17', 15.51, 15.62, 15.19, 15.41]
['2016-08-18', 15.43, 15.49, 14.9, 15.12]
['2016-08-19', 15.01, 15.21, 14.6, 15.12]
['2016-08-22', 14.98, 15.9, 14.9, 15.2]
['2016-08-23', 15.61, 15.99, 15.47, 15.51]
['2016-08-24', 15.79, 15.8, 14.91, 15.0]
['2016-08-25', 14.96, 15.11, 14.65, 14.89]
['2016-08-26', 14.9, 15.18, 14.51, 14.72]
['2016-08-29', 14.75, 15.2, 14.66, 14.87]
['2016-08-30', 15.0, 15.32, 14.75, 14.86]
['2016-08-31', 14.94, 15.05, 14.56, 14.65]
['2016-09-01', 14.94, 14.95, 14.14, 14.53]
['2016-09-02', 14.57, 14.7, 14.04, 14.13]
['2016-09-06', 14.22, 14.66, 14.1, 14.57]
['2016-09-07', 14.44, 14.66, 13.66, 13.88]
['2016-09-08', 14.12, 14.12, 13.38, 13.58]
['2016-09-09', 13.48, 13.55, 12.83, 12.85]
['2016-09-12', 12.61, 13.53, 12.58, 13.2]
['2016-09-13', 13.13, 13.17, 12.62, 12.8]
['2016-09-14', 12.81, 13.25, 12.81, 13.07]
['2016-09-15', 13.21, 14.23, 13.13, 14.16]
['2016-09-16', 14.66, 15.07, 14.51, 14.96]
['2016-09-19', 15.6, 16.44, 15.0, 15.31]
['2016-09-20', 15.69, 15.7, 13.891, 14.26]
['2016-09-21', 14.62, 15.05, 14.26, 14.97]
['2016-09-22', 15.3, 16.42, 15.13, 16.05]
['2016-09-23', 16.12, 17.407, 16.1, 17.15]
['2016-09-26', 16.82, 17.18, 16.51, 16.92]
['2016-09-27', 16.72, 17.35, 15.845, 16.79]
['2016-09-28', 16.57, 17.2, 16.47, 16.99]
['2016-09-29', 16.86, 16.91, 16.4, 16.6]
['2016-09-30', 16.8, 17.0, 16.6, 16.68]
['2016-10-03', 16.87, 16.98, 16.345, 16.74]
['2016-10-04', 16.83, 17.62, 16.6, 16.89]
['2016-10-05', 16.9, 17.68, 16.9, 17.13]
['2016-10-06', 17.06, 17.13, 16.61, 16.79]
['2016-10-07', 16.66, 16.769, 16.06, 16.34]
['2016-10-10', 16.43, 16.5, 15.65, 15.66]
['2016-10-11', 15.55, 15.68, 14.85, 15.02]
['2016-10-12', 14.95, 14.95, 14.18, 14.3]
['2016-10-13', 13.76, 14.39, 13.59, 13.84]
['2016-10-14', 14.2, 14.2, 13.5, 13.6]
['2016-10-17', 14.05, 14.29, 13.59, 14.07]
['2016-10-18', 14.25, 14.58, 14.11, 14.41]
['2016-10-19', 14.68, 14.86, 14.55, 14.73]
['2016-10-20', 14.66, 15.03, 14.55, 14.75]
['2016-10-21', 14.59, 15.12, 14.5, 14.93]
['2016-10-24', 14.65, 14.75, 13.8, 13.88]
['2016-10-25', 13.91, 14.109, 13.665, 13.88]
['2016-10-26', 13.84, 14.3, 13.8, 14.13]
['2016-10-27', 13.96, 14.34, 13.7, 13.73]
['2016-10-28', 13.75, 14.04, 13.56, 13.6]
['2016-10-31', 13.54, 13.6, 12.72, 12.78]
['2016-11-01', 12.72, 13.0, 12.25, 12.48]
['2016-11-02', 12.32, 13.09, 12.32, 12.84]
['2016-11-03', 12.55, 12.6, 11.82, 11.94]
['2016-11-04', 10.0, 12.47, 9.9, 11.16]
['2016-11-07', 11.3, 11.35, 10.29, 10.64]
['2016-11-08', 10.64, 11.16, 10.44, 10.86]
['2016-11-09', 9.82, 10.42, 9.75, 10.41]
['2016-11-10', 10.37, 10.67, 10.07, 10.21]
['2016-11-11', 10.17, 10.36, 9.95, 10.28]
['2016-11-14', 10.25, 10.5, 10.2, 10.35]
['2016-11-15', 10.35, 10.4, 10.01, 10.14]
['2016-11-16', 10.08, 10.14, 9.86, 9.9]
['2016-11-17', 9.89, 10.09, 9.77, 9.98]
['2016-11-18', 10.01, 10.07, 9.87, 10.02]
['2016-11-21', 9.95, 10.23, 9.85, 9.91]
['2016-11-22', 9.93, 10.0, 9.55, 9.79]
['2016-11-23', 9.74, 9.94, 9.61, 9.88]
['2016-11-25', 9.9, 10.08, 9.84, 9.89]
['2016-11-28', 9.75, 9.92, 9.72, 9.81]
['2016-11-29', 9.8, 10.07, 9.73, 9.83]
['2016-11-30', 10.08, 10.4, 9.98, 9.98]
['2016-12-01', 10.08, 10.24, 9.7, 9.82]
['2016-12-02', 10.02, 10.02, 9.59, 9.7]
['2016-12-05', 9.72, 9.881, 9.65, 9.66]
['2016-12-06', 9.64, 9.79, 9.61, 9.75]
['2016-12-07', 9.75, 9.79, 9.33, 9.37]
['2016-12-08', 9.34, 9.39, 9.01, 9.2]
['2016-12-09', 9.17, 9.42, 9.15, 9.23]
['2016-12-12', 9.35, 9.35, 8.75, 8.81]
['2016-12-13', 9.02, 9.02, 8.8, 8.82]
['2016-12-14', 8.85, 8.96, 8.75, 8.78]
['2016-12-15', 8.71, 8.75, 8.54, 8.69]
['2016-12-16', 8.75, 9.6, 8.69, 9.01]
['2016-12-19', 9.05, 9.18, 8.8, 8.92]
['2016-12-20', 8.92, 9.12, 8.87, 8.9]
['2016-12-21', 8.84, 8.95, 8.8, 8.9]
['2016-12-22', 8.81, 9.6, 8.75, 9.01]
['2016-12-23', 9.04, 9.19, 8.81, 9.19]
['2016-12-27', 9.12, 9.28, 9.02, 9.09]
['2016-12-28', 9.02, 9.19, 8.85, 8.95]
['2016-12-29', 8.9, 8.97, 8.71, 8.84]
['2016-12-30', 8.8, 8.85, 8.65, 8.71]
['2017-01-03', 8.82, 8.97, 8.67, 8.77]
['2017-01-04', 8.81, 9.12, 8.78, 9.02]
['2017-01-05', 9.12, 9.55, 9.06, 9.35]
['2017-01-06', 9.14, 9.25, 8.995, 9.07]
['2017-01-09', 9.1, 9.25, 9.0, 9.06]
['2017-01-10', 9.05, 9.15, 8.98, 9.02]
['2017-01-11', 9.05, 9.21, 9.02, 9.12]
['2017-01-12', 9.1, 9.25, 9.04, 9.15]
['2017-01-13', 9.2, 9.42, 9.17, 9.27]
['2017-01-17', 9.29, 9.54, 9.2, 9.42]
['2017-01-18', 9.41, 9.47, 9.12, 9.22]
['2017-01-19', 9.17, 9.34, 9.12, 9.17]
['2017-01-20', 9.2, 9.55, 9.19, 9.51]
['2017-01-23', 9.42, 9.47, 9.2, 9.4]
['2017-01-24', 9.87, 10.44, 9.81, 10.13]
['2017-01-25', 10.16, 10.26, 9.83, 10.0]
['2017-01-26', 10.03, 10.2, 9.96, 10.03]
['2017-01-27', 10.02, 10.15, 9.95, 10.07]
['2017-01-30', 9.98, 10.88, 9.85, 10.8]
['2017-01-31', 10.7, 10.75, 10.37, 10.75]
['2017-02-01', 10.77, 10.95, 10.5, 10.57]
['2017-02-02', 10.75, 11.1, 10.59, 10.97]
['2017-02-03', 9.68, 9.85, 9.4, 9.58]
['2017-02-06', 9.55, 9.8, 9.5, 9.51]
['2017-02-07', 9.51, 9.65, 9.33, 9.34]
['2017-02-08', 9.32, 9.39, 8.8, 8.84]
['2017-02-09', 8.96, 8.98, 8.72, 8.74]
['2017-02-10', 8.83, 8.9, 8.62, 8.9]
['2017-02-13', 8.98, 9.09, 8.93, 9.05]
['2017-02-14', 9.08, 9.26, 9.03, 9.17]
['2017-02-15', 9.49, 9.49, 9.2, 9.44]
['2017-02-16', 9.4, 9.44, 9.21, 9.33]
['2017-02-17', 9.33, 9.33, 9.12, 9.25]
['2017-02-21', 9.31, 9.59, 9.27, 9.46]
['2017-02-22', 9.4, 9.6, 9.35, 9.51]
['2017-02-23', 9.6, 9.75, 9.51, 9.57]
['2017-02-24', 9.51, 9.57, 9.32, 9.43]
['2017-02-27', 9.32, 9.74, 9.32, 9.66]
['2017-02-28', 9.55, 9.6, 9.38, 9.4]
['2017-03-01', 9.36, 9.465, 9.29, 9.42]
['2017-03-02', 9.32, 9.56, 9.26, 9.27]
['2017-03-03', 9.15, 9.23, 8.77, 8.84]
['2017-03-06', 8.56, 8.725, 7.95, 8.14]
['2017-03-07', 8.16, 8.34, 7.91, 7.93]
['2017-03-08', 7.95, 8.12, 7.95, 7.98]
['2017-03-09', 7.94, 8.065, 7.94, 7.96]
['2017-03-10', 8.0, 8.115, 7.96, 7.97]
['2017-03-13', 7.97, 7.98, 7.525, 7.57]
['2017-03-14', 7.54, 7.57, 7.16, 7.24]
['2017-03-15', 7.24, 7.37, 7.145, 7.35]
['2017-03-16', 8.22, 8.64, 8.05, 8.51]
['2017-03-17', 8.51, 8.58, 8.26, 8.57]
['2017-03-20', 8.53, 8.73, 8.4, 8.66]
['2017-03-21', 8.66, 8.7, 8.27, 8.4]
['2017-03-22', 8.34, 8.38, 8.16, 8.33]
['2017-03-23', 8.3, 8.471, 8.3, 8.36]
['2017-03-24', 8.43, 8.43, 8.26, 8.3]
['2017-03-27', 8.3, 8.63, 8.22, 8.43]
['2017-03-28', 8.44, 8.58, 8.34, 8.57]
['2017-03-29', 8.57, 8.85, 8.57, 8.73]
['2017-03-30', 8.76, 8.8, 8.52, 8.66]
['2017-03-31', 8.6, 8.76, 8.58, 8.7]
['2017-04-03', 8.68, 8.75, 8.57, 8.61]
['2017-04-04', 8.54, 8.62, 8.38, 8.43]
['2017-04-05', 8.45, 8.64, 8.38, 8.43]
['2017-04-06', 8.38, 8.66, 8.34, 8.51]
['2017-04-07', 8.46, 8.75, 8.46, 8.55]
['2017-04-10', 8.55, 8.74, 8.52, 8.69]
['2017-04-11', 8.75, 9.31, 8.73, 8.95]
['2017-04-12', 9.01, 9.07, 8.65, 8.69]
['2017-04-13', 8.6, 8.8, 8.57, 8.63]
['2017-04-17', 8.63, 8.75, 8.56, 8.75]
['2017-04-18', 8.66, 8.78, 8.61, 8.75]
['2017-04-19', 8.74, 8.98, 8.72, 8.88]
['2017-04-20', 8.93, 9.08, 8.92, 8.97]
['2017-04-21', 8.99, 9.01, 8.83, 8.87]
['2017-04-24', 8.93, 9.085, 8.71, 9.01]
['2017-04-25', 9.02, 9.215, 9.02, 9.18]
['2017-04-26', 9.21, 9.4, 9.1, 9.14]
['2017-04-27', 9.33, 9.36, 8.91, 8.94]
['2017-04-28', 8.99, 9.0, 8.2, 8.25]
['2017-05-01', 8.24, 8.63, 8.23, 8.52]
['2017-05-02', 8.52, 8.79, 8.46, 8.68]
['2017-05-03', 8.61, 8.67, 8.39, 8.4]
['2017-05-04', 8.42, 8.438, 8.12, 8.26]
['2017-05-05', 8.25, 8.519, 8.21, 8.42]
['2017-05-08', 8.57, 8.57, 8.31, 8.41]
['2017-05-09', 8.41, 8.45, 8.28, 8.31]
['2017-05-10', 8.31, 8.64, 8.31, 8.53]
['2017-05-11', 8.54, 8.64, 8.37, 8.62]
['2017-05-12', 8.62, 8.69, 8.53, 8.54]
['2017-05-15', 8.57, 8.8, 8.547, 8.64]
['2017-05-16', 8.64, 8.73, 8.59, 8.68]
['2017-05-17', 8.6, 8.6, 8.37, 8.39]
['2017-05-18', 8.3, 8.36, 8.21, 8.25]
['2017-05-19', 8.26, 8.575, 8.26, 8.52]
['2017-05-22', 8.53, 9.18, 8.49, 8.86]
['2017-05-23', 8.84, 8.87, 8.52, 8.63]
['2017-05-24', 8.62, 8.65, 8.5, 8.54]
['2017-05-25', 8.55, 8.62, 8.41, 8.47]
['2017-05-26', 8.47, 8.483, 8.32, 8.4]
['2017-05-30', 8.35, 8.38, 8.23, 8.3]
['2017-05-31', 8.29, 8.32, 8.02, 8.22]
['2017-06-01', 8.22, 8.55, 8.201, 8.42]
['2017-06-02', 8.35, 8.48, 8.32, 8.41]
['2017-06-05', 8.4, 8.59, 8.28, 8.57]
['2017-06-06', 8.5, 8.62, 8.375, 8.49]
['2017-06-07', 8.51, 8.64, 8.43, 8.44]
['2017-06-08', 8.44, 8.59, 8.4, 8.53]
['2017-06-09', 8.52, 8.66, 8.33, 8.37]
['2017-06-12', 8.31, 8.55, 8.3, 8.53]
['2017-06-13', 8.53, 8.57, 8.43, 8.43]
['2017-06-14', 8.46, 8.47, 8.3, 8.34]
['2017-06-15', 8.22, 8.305, 8.07, 8.07]
['2017-06-16', 8.04, 8.06, 7.57, 7.77]
['2017-06-19', 7.77, 7.891, 7.62, 7.84]
['2017-06-20', 7.86, 7.99, 7.71, 7.8]
['2017-06-21', 7.88, 7.88, 7.6, 7.7]
['2017-06-22', 7.63, 7.83, 7.62, 7.74]
['2017-06-23', 7.73, 7.86, 7.68, 7.82]
['2017-06-26', 7.76, 8.35, 7.75, 8.19]
['2017-06-27', 8.15, 8.46, 8.12, 8.14]
['2017-06-28', 8.15, 8.37, 8.12, 8.25]
['2017-06-29', 8.23, 8.33, 8.15, 8.28]
['2017-06-30', 8.26, 8.31, 8.09, 8.13]
['2017-07-03', 8.15, 8.2, 7.999, 8.19]
['2017-07-05', 8.04, 8.12, 7.91, 8.05]
['2017-07-06', 7.98, 8.26, 7.95, 8.0]
['2017-07-07', 8.0, 8.11, 7.9, 7.98]
['2017-07-10', 7.98, 8.08, 7.925, 7.96]
['2017-07-11', 7.97, 8.06, 7.89, 7.95]
['2017-07-12', 8.0, 8.12, 7.99, 8.12]
['2017-07-13', 8.05, 8.49, 8.05, 8.44]
['2017-07-14', 8.4, 8.44, 8.06, 8.18]
['2017-07-17', 8.18, 8.27, 8.075, 8.11]
['2017-07-18', 8.08, 8.11, 7.92, 7.99]
['2017-07-19', 7.95, 8.095, 7.946, 8.07]
['2017-07-20', 8.02, 8.28, 8.005, 8.01]
['2017-07-21', 8.04, 8.07, 7.91, 7.96]
['2017-07-24', 7.96, 8.05, 7.88, 8.03]
['2017-07-25', 8.02, 8.19, 7.96, 8.09]
['2017-07-26', 8.1, 8.26, 8.059, 8.18]
['2017-07-27', 8.21, 8.23, 7.92, 8.06]
['2017-07-28', 8.01, 8.13, 7.96, 8.1]
['2017-07-31', 8.31, 8.39, 8.13, 8.24]
['2017-08-01', 8.3, 8.33, 7.96, 8.08]
['2017-08-02', 8.06, 8.16, 7.98, 8.03]
['2017-08-03', 8.05, 8.38, 8.05, 8.26]
['2017-08-04', 9.54, 10.38, 9.31, 9.85]
['2017-08-07', 9.8, 10.365, 9.51, 10.16]
['2017-08-08', 10.11, 10.85, 10.09, 10.52]
['2017-08-09', 10.35, 10.4, 9.951, 10.16]
['2017-08-10', 10.17, 10.42, 9.75, 9.78]
['2017-08-11', 9.79, 9.98, 9.61, 9.88]
['2017-08-14', 9.9, 9.95, 9.58, 9.74]
['2017-08-15', 10.02, 10.48, 9.879, 9.88]
['2017-08-16', 9.9, 9.93, 9.29, 9.41]
['2017-08-17', 9.43, 9.61, 9.3, 9.32]
['2017-08-18', 9.34, 9.36, 9.03, 9.05]
['2017-08-21', 9.03, 9.12, 8.71, 8.76]
['2017-08-22', 8.8, 9.1, 8.67, 9.06]
['2017-08-23', 8.99, 9.28, 8.91, 9.21]
['2017-08-24', 9.25, 9.31, 9.06, 9.13]
['2017-08-25', 9.43, 9.44, 9.13, 9.13]
['2017-08-28', 9.13, 9.29, 8.9, 9.26]
['2017-08-29', 9.12, 9.24, 9.06, 9.15]
['2017-08-30', 9.15, 9.19, 9.05, 9.11]
['2017-08-31', 9.11, 9.22, 9.1, 9.21]
['2017-09-01', 9.18, 9.45, 8.99, 9.0]
['2017-09-05', 8.91, 9.05, 8.79, 8.93]
['2017-09-06', 8.96, 9.04, 8.77, 8.9]
['2017-09-07', 10.01, 10.89, 9.83, 10.0]
['2017-09-08', 10.1, 10.4, 9.83, 10.26]
['2017-09-11', 10.36, 11.37, 10.31, 10.92]
['2017-09-12', 11.09, 11.29, 10.6, 10.89]
['2017-09-13', 10.72, 11.61, 10.68, 11.41]
['2017-09-14', 11.36, 11.6, 11.06, 11.23]
['2017-09-15', 11.2, 11.69, 11.0, 11.52]
['2017-09-18', 11.63, 11.73, 11.05, 11.12]
['2017-09-19', 11.17, 11.27, 10.87, 10.97]
['2017-09-20', 10.92, 11.03, 10.61, 10.66]
['2017-09-21', 10.9, 11.47, 10.88, 10.94]
['2017-09-22', 10.98, 11.16, 10.54, 10.75]
['2017-09-25', 10.91, 11.4, 10.88, 11.18]
['2017-09-26', 11.28, 11.87, 11.25, 11.51]
['2017-09-27', 11.55, 11.89, 11.27, 11.69]
['2017-09-28', 11.79, 11.8, 11.29, 11.48]
['2017-09-29', 11.48, 11.57, 10.96, 11.01]
['2017-10-02', 10.82, 11.25, 10.7, 11.12]
['2017-10-03', 11.11, 11.235, 10.99, 11.09]
['2017-10-04', 11.06, 11.41, 10.16, 10.39]
['2017-10-05', 10.59, 10.639, 9.61, 9.67]
['2017-10-06', 9.76, 10.18, 9.75, 9.88]
['2017-10-09', 9.95, 10.175, 9.71, 9.81]
['2017-10-10', 9.84, 9.95, 9.705, 9.75]
['2017-10-11', 9.71, 9.79, 9.42, 9.63]
['2017-10-12', 9.59, 9.69, 9.47, 9.58]
['2017-10-13', 9.62, 9.74, 9.535, 9.56]
['2017-10-16', 9.59, 9.6, 9.03, 9.08]
['2017-10-17', 9.1, 9.4, 9.05, 9.23]
['2017-10-18', 9.68, 9.85, 9.46, 9.47]
['2017-10-19', 9.49, 9.54, 9.17, 9.21]
['2017-10-20', 9.31, 9.53, 9.24, 9.48]
['2017-10-23', 9.44, 9.54, 9.31, 9.4]
['2017-10-24', 9.41, 9.51, 9.37, 9.4]
['2017-10-25', 9.71, 9.86, 9.46, 9.62]
['2017-10-26', 9.65, 10.03, 9.64, 9.86]
['2017-10-27', 10.07, 10.1, 9.76, 10.0]
['2017-10-30', 10.08, 10.5, 10.05, 10.34]
['2017-10-31', 10.68, 10.7, 10.22, 10.43]
['2017-11-01', 10.47, 10.67, 10.29, 10.67]
['2017-11-02', 9.57, 9.64, 9.0, 9.58]
['2017-11-03', 9.43, 9.6, 9.1, 9.13]
['2017-11-06', 9.21, 9.22, 8.79, 8.91]
['2017-11-07', 9.0, 9.0, 8.81, 8.85]
['2017-11-08', 8.77, 8.83, 8.61, 8.73]
['2017-11-09', 8.7, 8.72, 8.32, 8.35]
['2017-11-10', 8.41, 8.65, 8.36, 8.51]
['2017-11-13', 8.54, 8.66, 8.35, 8.38]
['2017-11-14', 8.38, 8.47, 8.13, 8.21]
['2017-11-15', 8.04, 8.23, 7.96, 8.16]
['2017-11-16', 8.14, 8.33, 8.14, 8.27]
['2017-11-17', 8.3, 8.46, 8.26, 8.29]
['2017-11-20', 8.31, 8.5, 8.31, 8.39]
['2017-11-21', 8.45, 8.678, 8.401, 8.61]
['2017-11-22', 8.74, 8.78, 8.57, 8.58]
['2017-11-24', 8.61, 8.67, 8.5, 8.58]
['2017-11-27', 8.53, 8.74, 8.37, 8.63]
['2017-11-28', 8.63, 8.77, 8.617, 8.72]
['2017-11-29', 8.68, 8.72, 8.4, 8.63]
['2017-11-30', 8.69, 8.69, 8.46, 8.54]
['2017-12-01', 8.47, 8.71, 8.45, 8.51]
['2017-12-04', 8.56, 8.645, 8.21, 8.23]
['2017-12-05', 8.2, 8.295, 8.04, 8.14]
['2017-12-06', 8.08, 8.16, 7.89, 7.92]
['2017-12-07', 7.95, 8.08, 7.91, 7.99]
['2017-12-08', 7.98, 8.2, 7.94, 8.02]
['2017-12-11', 8.01, 8.225, 8.01, 8.2]
['2017-12-12', 8.16, 8.22, 8.02, 8.03]
['2017-12-13', 8.01, 8.18, 7.99, 7.99]
['2017-12-14', 7.99, 8.08, 7.84, 7.84]
['2017-12-15', 7.88, 8.13, 7.87, 8.04]
['2017-12-18', 8.02, 8.16, 8.005, 8.06]
['2017-12-19', 8.06, 8.125, 8.019, 8.08]
['2017-12-20', 8.03, 8.13, 7.93, 8.04]
['2017-12-21', 8.02, 8.265, 8.013, 8.08]
['2017-12-22', 8.21, 8.22, 7.85, 7.95]
['2017-12-26', 7.92, 8.0, 7.85, 7.85]
['2017-12-27', 7.83, 7.85, 7.65, 7.67]
['2017-12-28', 7.67, 7.75, 7.66, 7.69]
['2017-12-29', 7.7, 7.7, 7.4, 7.57]
['2018-01-02', 7.63, 7.649, 7.39, 7.44]
['2018-01-03', 7.5, 7.7, 7.44, 7.49]
['2018-01-04', 7.57, 7.635, 7.45, 7.57]
['2018-01-05', 7.65, 7.8, 7.475, 7.52]
['2018-01-08', 6.69, 7.18, 5.04, 6.56]
['2018-01-09', 6.25, 6.34, 6.07, 6.17]
['2018-01-10', 6.1, 6.13, 5.93, 6.05]
['2018-01-11', 6.0, 6.26, 5.96, 6.15]
['2018-01-12', 6.13, 6.27, 6.04, 6.23]
['2018-01-16', 6.21, 6.46, 6.16, 6.36]
['2018-01-17', 6.4, 6.605, 6.26, 6.34]
['2018-01-18', 6.25, 6.39, 6.195, 6.27]
['2018-01-19', 6.24, 6.33, 6.23, 6.29]
['2018-01-22', 6.22, 6.3, 6.2, 6.3]
['2018-01-23', 5.89, 6.17, 5.85, 6.12]
['2018-01-24', 6.07, 6.22, 5.93, 6.1]
['2018-01-25', 6.15, 6.15, 5.94, 5.96]
['2018-01-26', 5.96, 5.986, 5.61, 5.65]
['2018-01-29', 5.61, 5.65, 5.29, 5.32]
['2018-01-30', 5.24, 5.57, 5.24, 5.47]
['2018-01-31', 5.56, 5.63, 5.38, 5.47]
['2018-02-01', 5.43, 5.53, 5.36, 5.5]
['2018-02-02', 5.27, 5.75, 5.13, 5.55]
['2018-02-05', 5.56, 5.73, 5.38, 5.52]
['2018-02-06', 5.4, 5.7, 5.4, 5.63]
['2018-02-07', 5.62, 5.68, 5.53, 5.61]
['2018-02-08', 5.6, 5.73, 5.55, 5.58]
['2018-02-09', 5.61, 5.65, 5.25, 5.46]
['2018-02-12', 5.5, 5.5, 5.22, 5.26]
['2018-02-13', 5.2, 5.42, 5.2, 5.29]
['2018-02-14', 5.3, 5.77, 5.27, 5.67]
['2018-02-15', 5.71, 5.77, 5.58, 5.62]
['2018-02-16', 5.6, 5.719, 5.475, 5.49]
['2018-02-20', 5.45, 5.62, 5.45, 5.57]
['2018-02-21', 5.59, 5.65, 5.54, 5.55]
['2018-02-22', 5.55, 5.581, 5.39, 5.46]
['2018-02-23', 5.46, 5.6, 5.46, 5.59]
['2018-02-26', 5.6, 5.73, 5.59, 5.65]
['2018-02-27', 5.63, 5.71, 5.37, 5.46]
['2018-02-28', 5.45, 5.5, 5.36, 5.38]
['2018-03-01', 5.36, 5.48, 5.32, 5.42]
['2018-03-02', 5.35, 5.61, 5.35, 5.56]
['2018-03-05', 5.51, 5.75, 5.487, 5.73]
['2018-03-06', 5.72, 5.88, 5.7, 5.83]
['2018-03-07', 5.81, 5.88, 5.69, 5.79]
['2018-03-08', 5.81, 5.845, 5.71, 5.74]
['2018-03-09', 5.67, 5.68, 5.42, 5.51]
['2018-03-12', 5.51, 5.64, 5.505, 5.63]
['2018-03-13', 5.63, 5.72, 5.6, 5.63]
['2018-03-14', 5.67, 5.68, 5.593, 5.61]
['2018-03-15', 5.6, 5.69, 5.59, 5.62]
['2018-03-16', 5.6, 5.63, 5.53, 5.54]
['2018-03-19', 5.54, 5.55, 5.32, 5.33]
['2018-03-20', 5.36, 5.37, 4.92, 5.0]
['2018-03-21', 4.98, 5.06, 4.87, 4.92]
['2018-03-22', 4.88, 4.917, 4.755, 4.78]
['2018-03-23', 4.74, 4.78, 4.56, 4.58]
['2018-03-26', 4.67, 4.77, 4.56, 4.73]
['2018-03-27', 4.76, 5.09, 4.75, 4.91]
['2018-03-28', 4.93, 4.98, 4.76, 4.84]
['2018-03-29', 4.84, 4.89, 4.67, 4.79]
['2018-04-02', 4.72, 4.78, 4.45, 4.53]
['2018-04-03', 4.53, 4.66, 4.465, 4.54]
['2018-04-04', 4.48, 4.83, 4.42, 4.78]
['2018-04-05', 4.8, 4.94, 4.73, 4.91]
['2018-04-06', 4.89, 5.05, 4.84, 4.88]
['2018-04-09', 4.88, 4.91, 4.66, 4.71]
['2018-04-10', 4.76, 4.85, 4.72, 4.76]
['2018-04-11', 4.71, 4.94, 4.71, 4.87]
['2018-04-12', 4.89, 5.3, 4.88, 5.22]
['2018-04-13', 5.42, 5.5, 5.23, 5.26]
['2018-04-16', 5.3, 5.72, 5.21, 5.58]
['2018-04-17', 5.6, 5.617, 5.03, 5.04]
['2018-04-18', 5.08, 5.19, 4.97, 5.06]
['2018-04-19', 5.04, 5.15, 5.02, 5.13]
['2018-04-20', 5.1, 5.21, 5.025, 5.07]
['2018-04-23', 5.07, 5.1, 4.75, 4.81]
['2018-04-24', 4.82, 4.95, 4.75, 4.93]
['2018-04-25', 4.91, 5.04, 4.81, 4.86]
['2018-04-26', 4.85, 4.96, 4.8, 4.94]
['2018-04-27', 4.95, 4.98, 4.87, 4.88]
['2018-04-30', 4.91, 5.09, 4.85, 5.06]
['2018-05-01', 5.02, 5.07, 4.81, 4.91]
['2018-05-02', 4.9, 5.08, 4.87, 4.97]
['2018-05-03', 4.98, 5.07, 4.84, 4.96]
['2018-05-04', 4.93, 5.54, 4.89, 5.45]
['2018-05-07', 5.47, 5.52, 5.25, 5.43]
['2018-05-08', 5.44, 5.94, 5.4, 5.68]
['2018-05-09', 5.68, 5.92, 5.68, 5.7]
['2018-05-10', 5.72, 5.91, 5.53, 5.56]
['2018-05-11', 5.54, 5.76, 5.46, 5.74]
['2018-05-14', 5.75, 5.81, 5.6, 5.65]
['2018-05-15', 5.62, 5.78, 5.56, 5.74]
['2018-05-16', 5.74, 5.9, 5.65, 5.86]
['2018-05-17', 5.85, 6.02, 5.79, 5.99]
['2018-05-18', 6.0, 6.02, 5.39, 5.42]
['2018-05-21', 5.51, 5.6, 5.421, 5.46]
['2018-05-22', 5.48, 5.515, 5.31, 5.35]
['2018-05-23', 5.36, 5.495, 5.31, 5.47]
['2018-05-24', 5.45, 5.55, 5.41, 5.54]
['2018-05-25', 5.52, 5.59, 5.455, 5.55]
['2018-05-29', 5.52, 5.67, 5.5, 5.6]
['2018-05-30', 5.61, 5.63, 5.49, 5.62]
['2018-05-31', 5.62, 5.68, 5.53, 5.54]
['2018-06-01', 5.57, 5.63, 5.42, 5.5]
['2018-06-04', 5.6, 5.74, 5.472, 5.7]
['2018-06-05', 5.72, 5.88, 5.72, 5.8]
['2018-06-06', 5.78, 5.89, 5.605, 5.88]
['2018-06-07', 5.88, 6.165, 5.84, 6.09]
['2018-06-08', 6.03, 6.09, 5.74, 5.84]
['2018-06-11', 5.83, 6.45, 5.83, 6.24]
['2018-06-12', 6.31, 6.68, 6.25, 6.57]
['2018-06-13', 6.55, 6.66, 6.25, 6.44]
['2018-06-14', 6.45, 6.48, 6.06, 6.22]
['2018-06-15', 6.16, 6.27, 5.95, 6.23]
['2018-06-18', 6.18, 6.5, 6.17, 6.49]
['2018-06-19', 6.41, 6.429, 6.084, 6.27]
['2018-06-20', 6.27, 6.75, 6.27, 6.64]
['2018-06-21', 6.61, 6.83, 6.471, 6.71]
['2018-06-22', 6.76, 6.82, 6.58, 6.77]
['2018-06-25', 6.6, 6.73, 6.3, 6.47]
['2018-06-26', 6.48, 6.64, 6.4, 6.6]
['2018-06-27', 6.62, 6.63, 6.28, 6.3]
['2018-06-28', 6.3, 6.42, 6.16, 6.39]
['2018-06-29', 6.42, 6.52, 6.35, 6.44]
['2018-07-02', 6.4, 6.49, 6.305, 6.49]
['2018-07-03', 6.52, 6.63, 6.49, 6.54]
['2018-07-05', 6.53, 6.625, 6.493, 6.59]
['2018-07-06', 6.63, 6.99, 6.61, 6.94]
['2018-07-09', 6.96, 6.979, 6.63, 6.87]
['2018-07-10', 6.89, 6.89, 6.68, 6.75]
['2018-07-11', 6.7, 6.76, 6.22, 6.23]
['2018-07-12', 6.3, 6.39, 6.16, 6.2]
['2018-07-13', 6.24, 6.319, 6.12, 6.31]
['2018-07-16', 6.3, 6.351, 6.2, 6.31]
['2018-07-17', 6.27, 6.54, 6.25, 6.51]
['2018-07-18', 6.47, 6.62, 6.402, 6.6]
['2018-07-19', 6.65, 6.76, 6.59, 6.61]
['2018-07-20', 6.56, 6.58, 6.23, 6.26]
['2018-07-23', 6.26, 6.26, 6.08, 6.19]
['2018-07-24', 6.22, 6.29, 6.06, 6.12]
['2018-07-25', 6.13, 6.4, 6.11, 6.31]
['2018-07-26', 6.26, 6.46, 6.25, 6.45]
['2018-07-27', 6.4, 6.54, 5.95, 5.97]
['2018-07-30', 5.96, 6.09, 5.62, 5.69]
['2018-07-31', 5.71, 5.86, 5.62, 5.84]
['2018-08-01', 5.86, 6.13, 5.82, 6.12]
['2018-08-02', 6.09, 6.12, 5.72, 5.99]
['2018-08-03', 6.18, 7.31, 6.16, 7.05]
['2018-08-06', 6.92, 7.0, 6.56, 6.68]
['2018-08-07', 6.68, 6.88, 6.48, 6.63]
['2018-08-08', 6.64, 6.69, 6.44, 6.47]
['2018-08-09', 6.53, 6.53, 6.13, 6.17]
['2018-08-10', 6.13, 6.17, 5.95, 5.96]
['2018-08-13', 5.96, 6.18, 5.92, 6.1]
['2018-08-14', 6.12, 6.21, 5.961, 6.07]
['2018-08-15', 5.96, 6.0, 5.78, 5.83]
['2018-08-16', 5.86, 6.11, 5.81, 6.01]
['2018-08-17', 6.0, 6.26, 5.87, 6.2]
['2018-08-20', 6.23, 6.42, 6.2, 6.41]
['2018-08-21', 6.44, 6.6, 6.37, 6.56]
['2018-08-22', 6.54, 6.63, 6.36, 6.42]
['2018-08-23', 6.43, 6.47, 6.335, 6.37]
['2018-08-24', 6.36, 6.48, 6.26, 6.42]
['2018-08-27', 6.44, 6.51, 6.32, 6.38]
['2018-08-28', 6.39, 6.45, 6.2, 6.21]
['2018-08-29', 6.18, 6.3, 6.11, 6.27]
['2018-08-30', 6.32, 6.37, 6.22, 6.27]
['2018-08-31', 6.25, 6.41, 6.16, 6.41]
['2018-09-04', 6.33, 6.44, 6.24, 6.41]
['2018-09-05', 6.35, 6.52, 6.3, 6.46]
['2018-09-06', 6.46, 6.63, 6.46, 6.63]
['2018-09-07', 6.56, 6.76, 6.38, 6.43]
['2018-09-10', 6.43, 6.46, 6.28, 6.3]
['2018-09-11', 6.24, 6.4, 6.187, 6.39]
['2018-09-12', 6.41, 6.57, 6.275, 6.35]
['2018-09-13', 6.36, 6.49, 6.35, 6.4]
['2018-09-14', 6.38, 6.39, 6.05, 6.21]
['2018-09-17', 6.31, 6.42, 6.13, 6.38]
['2018-09-18', 6.38, 6.57, 6.32, 6.41]
['2018-09-19', 6.36, 6.45, 6.14, 6.33]
['2018-09-20', 6.35, 6.63, 6.33, 6.51]
['2018-09-21', 6.5, 6.5, 6.28, 6.46]
['2018-09-24', 6.42, 6.56, 6.36, 6.37]
['2018-09-25', 6.4, 6.64, 6.33, 6.62]
['2018-09-26', 7.26, 7.6, 6.78, 6.92]
['2018-09-27', 7.01, 7.49, 7.01, 7.26]
['2018-09-28', 7.2, 7.35, 7.1, 7.2]
['2018-10-01', 7.4, 7.468, 7.21, 7.28]
['2018-10-02', 7.22, 7.45, 7.11, 7.33]
['2018-10-03', 7.3, 7.465, 6.65, 6.67]
['2018-10-04', 6.8, 6.86, 6.26, 6.26]
['2018-10-05', 6.55, 6.67, 6.12, 6.26]
['2018-10-08', 6.21, 6.5, 6.15, 6.36]
['2018-10-09', 6.31, 6.51, 6.08, 6.09]
['2018-10-10', 6.12, 6.15, 5.77, 5.86]
['2018-10-11', 5.81, 6.24, 5.8, 6.19]
['2018-10-12', 6.26, 6.48, 6.22, 6.47]
['2018-10-15', 6.47, 6.79, 6.33, 6.74]
['2018-10-16', 6.73, 6.95, 6.69, 6.95]
['2018-10-17', 6.88, 6.9, 6.67, 6.81]
['2018-10-18', 6.88, 7.03, 6.705, 6.72]
['2018-10-19', 6.72, 6.88, 6.56, 6.65]
['2018-10-22', 6.64, 6.76, 6.58, 6.62]
['2018-10-23', 6.41, 6.91, 6.38, 6.78]
['2018-10-24', 6.77, 6.78, 6.0, 6.01]
['2018-10-25', 6.17, 6.23, 6.05, 6.13]
['2018-10-26', 6.05, 6.248, 5.785, 6.11]
['2018-10-29', 6.02, 6.32, 5.88, 6.0]
['2018-10-30', 6.0, 6.35, 5.94, 6.32]
['2018-10-31', 6.4, 6.66, 6.35, 6.57]
['2018-11-01', 6.66, 7.2, 6.645, 7.18]
['2018-11-02', 6.2, 6.25, 5.35, 5.44]
['2018-11-05', 5.48, 5.71, 5.17, 5.57]
['2018-11-06', 5.52, 5.7, 5.46, 5.66]
['2018-11-07', 5.66, 5.945, 5.62, 5.75]
['2018-11-08', 5.7, 5.725, 5.4, 5.47]
['2018-11-09', 5.47, 5.6, 5.41, 5.51]
['2018-11-12', 5.45, 5.63, 5.35, 5.46]
['2018-11-13', 5.5, 5.59, 5.31, 5.34]
['2018-11-14', 5.56, 5.57, 5.33, 5.36]
['2018-11-15', 5.32, 5.47, 5.23, 5.43]
['2018-11-16', 5.36, 5.55, 5.28, 5.52]
['2018-11-19', 5.49, 5.55, 5.38, 5.4]
['2018-11-20', 5.27, 5.38, 5.2, 5.24]
['2018-11-21', 5.3, 5.47, 5.3, 5.32]
['2018-11-23', 5.31, 5.34, 5.08, 5.13]
['2018-11-26', 5.26, 5.29, 5.15, 5.29]
['2018-11-27', 5.25, 5.42, 5.25, 5.32]
['2018-11-28', 5.3, 5.46, 5.19, 5.43]
['2018-11-29', 5.36, 5.46, 5.23, 5.33]
['2018-11-30', 5.32, 5.45, 5.01, 5.08]
['2018-12-03', 5.17, 5.25, 5.12, 5.2]
['2018-12-04', 5.16, 5.25, 4.99, 5.03]
['2018-12-06', 5.0, 5.19, 4.97, 5.18]
['2018-12-07', 5.15, 5.17, 4.92, 4.97]
['2018-12-10', 4.99, 5.03, 4.76, 4.92]
['2018-12-11', 5.0, 5.01, 4.8, 4.91]
['2018-12-12', 4.93, 5.1, 4.9, 4.9]
['2018-12-13', 4.88, 5.0, 4.76, 4.79]
['2018-12-14', 4.77, 4.9, 4.65, 4.7]
['2018-12-17', 4.55, 4.815, 4.51, 4.57]
['2018-12-18', 4.63, 4.75, 4.61, 4.63]
['2018-12-19', 4.65, 4.875, 4.53, 4.59]
['2018-12-20', 4.53, 4.63, 4.22, 4.28]
['2018-12-21', 4.3, 4.41, 4.0, 4.13]
['2018-12-24', 4.0, 4.2, 4.0, 4.04]
['2018-12-26', 4.04, 4.27, 4.0, 4.22]
['2018-12-27', 4.16, 4.44, 4.12, 4.38]
['2018-12-28', 4.43, 4.489, 4.25, 4.31]
['2018-12-31', 4.32, 4.36, 4.2, 4.24]
['2019-01-02', 4.19, 4.49, 4.16, 4.36]
['2019-01-03', 4.36, 4.4, 4.24, 4.27]
['2019-01-04', 4.32, 4.625, 4.31, 4.51]
['2019-01-07', 4.51, 4.78, 4.4, 4.63]
['2019-01-08', 4.68, 4.84, 4.62, 4.73]
['2019-01-09', 4.83, 4.98, 4.735, 4.92]
['2019-01-10', 4.85, 4.9, 4.63, 4.89]
['2019-01-11', 4.83, 5.07, 4.76, 4.99]
['2019-01-14', 4.95, 5.015, 4.82, 4.86]
['2019-01-15', 4.9, 4.936, 4.758, 4.91]
['2019-01-16', 4.88, 5.01, 4.88, 4.92]
['2019-01-17', 4.88, 4.96, 4.86, 4.92]
['2019-01-18', 4.9, 4.99, 4.835, 4.91]
['2019-01-22', 4.87, 4.92, 4.77, 4.79]
['2019-01-23', 4.83, 4.88, 4.76, 4.84]
['2019-01-24', 4.85, 5.09, 4.83, 4.96]
['2019-01-25', 5.01, 5.07, 4.91, 4.93]
['2019-01-28', 4.85, 5.0, 4.83, 4.9]
['2019-01-29', 4.88, 4.945, 4.8, 4.82]
['2019-01-30', 4.95, 5.01, 4.78, 4.87]
['2019-01-31', 4.9, 5.08, 4.88, 4.93]
['2019-02-01', 4.99, 5.1, 4.92, 5.04]
['2019-02-04', 5.12, 5.23, 5.1, 5.13]
['2019-02-05', 5.12, 5.2, 5.1, 5.11]
['2019-02-06', 5.3, 5.3, 5.1, 5.15]
['2019-02-07', 5.3, 5.47, 5.07, 5.14]
['2019-02-08', 5.07, 5.35, 5.01, 5.32]
['2019-02-11', 5.31, 5.53, 5.268, 5.49]
['2019-02-12', 5.52, 5.72, 5.51, 5.7]
['2019-02-13', 5.73, 5.74, 5.515, 5.61]
['2019-02-14', 5.56, 5.88, 5.48, 5.79]
['2019-02-15', 5.8, 5.99, 5.77, 5.99]
['2019-02-19', 5.99, 6.07, 5.85, 6.01]
['2019-02-20', 6.02, 6.13, 5.95, 6.1]
['2019-02-21', 6.1, 6.175, 6.01, 6.07]
['2019-02-22', 6.13, 6.25, 6.1, 6.21]
['2019-02-25', 6.27, 6.43, 6.27, 6.32]
['2019-02-26', 6.27, 6.41, 6.25, 6.29]
['2019-02-27', 6.28, 6.34, 6.165, 6.23]
['2019-02-28', 6.21, 6.25, 5.74, 5.83]
['2019-03-01', 5.89, 6.12, 5.88, 6.08]
['2019-03-04', 6.12, 6.13, 5.92, 6.0]
['2019-03-05', 6.03, 6.03, 5.88, 6.01]
['2019-03-06', 6.0, 6.23, 5.97, 6.15]
['2019-03-07', 6.12, 6.155, 5.85, 5.91]
['2019-03-08', 5.83, 6.02, 5.8, 6.0]
['2019-03-11', 6.0, 6.26, 6.0, 6.25]
['2019-03-12', 6.19, 6.29, 6.14, 6.24]
['2019-03-13', 6.24, 6.25, 6.09, 6.14]
['2019-03-14', 6.21, 6.38, 6.09, 6.14]
['2019-03-15', 6.16, 6.35, 6.15, 6.26]
['2019-03-18', 6.29, 6.34, 6.13, 6.25]
['2019-03-19', 6.26, 6.345, 6.24, 6.26]
['2019-03-20', 6.24, 6.54, 6.24, 6.44]
['2019-03-21', 6.45, 6.54, 6.37, 6.53]
['2019-03-22', 6.44, 6.61, 6.38, 6.44]
['2019-03-25', 6.44, 6.56, 6.285, 6.54]
['2019-03-26', 6.55, 6.68, 6.5, 6.57]
['2019-03-27', 6.56, 6.62, 6.47, 6.59]
['2019-03-28', 6.62, 6.7, 6.505, 6.52]
['2019-03-29', 6.52, 6.57, 6.37, 6.5]
['2019-04-01', 6.51, 6.575, 6.48, 6.56]
['2019-04-02', 6.55, 6.68, 6.41, 6.63]
['2019-04-03', 6.65, 6.79, 6.61, 6.66]
['2019-04-04', 6.68, 6.719, 6.55, 6.67]
['2019-04-05', 6.69, 6.75, 6.6, 6.68]
['2019-04-08', 6.67, 6.74, 6.54, 6.58]
['2019-04-09', 6.65, 6.74, 6.6, 6.66]
['2019-04-10', 6.68, 6.895, 6.65, 6.73]
['2019-04-11', 6.76, 6.78, 6.62, 6.77]
['2019-04-12', 6.72, 6.83, 6.72, 6.75]
['2019-04-15', 6.75, 6.86, 6.68, 6.7]
['2019-04-16', 6.71, 6.75, 6.62, 6.71]
['2019-04-17', 6.73, 6.73, 6.4, 6.43]
['2019-04-18', 6.4, 6.47, 6.305, 6.38]
['2019-04-22', 6.37, 6.45, 6.25, 6.28]
['2019-04-23', 6.37, 6.4, 6.24, 6.36]
['2019-04-24', 6.34, 6.415, 6.29, 6.33]
['2019-04-25', 6.25, 6.29, 6.025, 6.05]
['2019-04-26', 6.04, 6.14, 6.02, 6.07]
['2019-04-29', 6.04, 6.145, 5.93, 5.98]
['2019-04-30', 5.94, 6.03, 5.88, 5.91]
['2019-05-01', 5.91, 5.985, 5.86, 5.86]
['2019-05-02', 5.83, 5.92, 5.6, 5.87]
['2019-05-03', 5.92, 6.03, 5.775, 6.03]
['2019-05-06', 5.89, 6.17, 5.86, 6.14]
['2019-05-07', 6.15, 6.32, 6.09, 6.2]
['2019-05-08', 6.16, 6.38, 6.13, 6.34]
['2019-05-09', 6.46, 6.88, 6.115, 6.67]
['2019-05-10', 7.03, 7.15, 6.325, 6.41]
['2019-05-13', 6.25, 6.67, 6.2, 6.63]
['2019-05-14', 6.62, 7.43, 6.57, 7.38]
['2019-05-15', 7.16, 7.645, 7.07, 7.55]
['2019-05-16', 7.48, 7.53, 7.13, 7.24]
['2019-05-17', 7.18, 7.35, 7.04, 7.06]
['2019-05-20', 6.92, 7.185, 6.92, 7.08]
['2019-05-21', 7.15, 7.33, 7.14, 7.27]
['2019-05-22', 7.23, 7.3, 7.16, 7.25]
['2019-05-23', 7.12, 7.21, 7.06, 7.15]
['2019-05-24', 7.2, 7.265, 7.12, 7.2]
['2019-05-28', 7.18, 7.19, 6.73, 6.78]
['2019-05-29', 6.77, 6.81, 6.53, 6.68]
['2019-05-30', 6.67, 6.713, 6.44, 6.44]
['2019-05-31', 6.3, 6.44, 6.22, 6.3]
['2019-06-03', 6.28, 6.38, 6.07, 6.12]
['2019-06-04', 6.2, 6.31, 6.1, 6.14]
['2019-06-05', 6.22, 6.285, 5.965, 6.08]
['2019-06-06', 6.06, 6.11, 5.82, 5.93]
['2019-06-07', 5.91, 5.98, 5.78, 5.84]
['2019-06-10', 5.96, 6.08, 5.86, 5.92]
['2019-06-11', 5.93, 6.06, 5.86, 6.02]
['2019-06-12', 6.0, 6.03, 5.91, 6.0]
['2019-06-13', 6.03, 6.15, 5.87, 5.88]
['2019-06-14', 5.85, 5.95, 5.77, 5.77]
['2019-06-17', 5.77, 5.92, 5.692, 5.77]
['2019-06-18', 5.81, 5.99, 5.77, 5.94]
['2019-06-19', 5.92, 6.065, 5.87, 5.97]
['2019-06-20', 6.02, 6.05, 5.79, 5.85]
['2019-06-21', 5.83, 5.9, 5.75, 5.85]
['2019-06-24', 5.85, 5.9, 5.62, 5.72]
['2019-06-25', 5.75, 5.865, 5.64, 5.67]
['2019-06-26', 5.72, 5.8, 5.61, 5.62]
['2019-06-27', 5.67, 5.67, 5.5, 5.52]
['2019-06-28', 5.52, 5.595, 5.43, 5.46]
['2019-07-01', 5.51, 5.53, 5.22, 5.38]
['2019-07-02', 5.36, 5.44, 5.3, 5.38]
['2019-07-03', 5.39, 5.58, 5.38, 5.44]
['2019-07-05', 5.42, 5.635, 5.42, 5.55]
['2019-07-08', 5.52, 5.64, 5.47, 5.59]
['2019-07-09', 5.6, 5.77, 5.6, 5.64]
['2019-07-10', 5.81, 5.95, 5.54, 5.62]
['2019-07-11', 5.6, 5.645, 5.48, 5.57]
['2019-07-12', 5.57, 5.59, 5.46, 5.48]
['2019-07-15', 5.49, 5.54, 5.38, 5.51]
['2019-07-16', 5.52, 5.54, 5.42, 5.46]
['2019-07-17', 5.46, 5.48, 5.28, 5.31]
['2019-07-18', 5.26, 5.31, 5.03, 5.05]
['2019-07-19', 5.06, 5.225, 5.02, 5.03]
['2019-07-22', 5.07, 5.18, 5.03, 5.11]
['2019-07-23', 5.11, 5.2, 5.08, 5.16]
['2019-07-24', 5.18, 5.24, 5.125, 5.22]
['2019-07-25', 5.18, 5.43, 5.17, 5.4]
['2019-07-26', 5.45, 5.45, 5.26, 5.4]
['2019-07-29', 5.34, 5.38, 5.25, 5.36]
['2019-07-30', 5.32, 5.42, 5.29, 5.4]
['2019-07-31', 5.42, 5.59, 5.28, 5.29]
['2019-08-01', 5.3, 5.35, 5.01, 5.03]
['2019-08-02', 5.16, 5.19, 4.17, 4.39]
['2019-08-05', 4.35, 4.42, 4.05, 4.27]
['2019-08-06', 4.3, 4.42, 4.09, 4.3]
['2019-08-07', 4.25, 4.63, 4.14, 4.41]
['2019-08-08', 4.42, 4.58, 4.23, 4.45]
['2019-08-09', 4.44, 4.58, 4.3, 4.31]
['2019-08-12', 4.3, 4.3, 4.18, 4.25]
['2019-08-13', 4.22, 4.31, 4.15, 4.21]
['2019-08-14', 4.17, 4.18, 4.06, 4.07]
['2019-08-15', 4.08, 4.11, 3.91, 3.98]
['2019-08-16', 3.96, 4.04, 3.93, 4.01]
['2019-08-19', 4.1, 4.12, 4.0, 4.01]
['2019-08-20', 4.0, 4.07, 3.98, 4.06]
['2019-08-21', 4.06, 4.24, 4.06, 4.12]
['2019-08-22', 4.13, 4.27, 4.07, 4.2]
['2019-08-23', 4.19, 4.21, 3.95, 3.96]
['2019-08-26', 4.01, 4.07, 3.875, 3.96]
['2019-08-27', 3.99, 3.99, 3.82, 3.87]
['2019-08-28', 3.86, 3.93, 3.78, 3.9]
['2019-08-29', 4.0, 4.0, 3.9, 3.93]
['2019-08-30', 3.94, 3.96, 3.83, 3.87]
['2019-09-03', 3.83, 3.85, 3.62, 3.82]
['2019-09-04', 3.82, 3.96, 3.79, 3.91]
['2019-09-05', 3.95, 4.12, 3.95, 4.09]
['2019-09-06', 4.11, 4.15, 4.08, 4.12]
['2019-09-09', 4.16, 4.455, 4.16, 4.36]
['2019-09-10', 4.37, 4.73, 4.37, 4.62]
['2019-09-11', 4.64, 4.73, 4.54, 4.67]
['2019-09-12', 4.66, 4.68, 4.51, 4.56]
['2019-09-13', 4.57, 4.65, 4.53, 4.56]
['2019-09-16', 4.58, 4.765, 4.57, 4.64]
['2019-09-17', 4.62, 4.62, 4.46, 4.57]
['2019-09-18', 4.52, 4.62, 4.46, 4.52]
['2019-09-19', 4.51, 4.63, 4.5, 4.56]
['2019-09-20', 4.55, 4.68, 4.53, 4.66]
['2019-09-23', 4.64, 4.855, 4.62, 4.77]
['2019-09-24', 4.68, 4.72, 4.43, 4.47]
['2019-09-25', 4.48, 4.7, 4.46, 4.62]
['2019-09-26', 4.62, 4.79, 4.62, 4.68]
['2019-09-27', 5.09, 5.53, 4.76, 5.025]
['2019-09-30', 5.39, 5.43, 5.04, 5.185]
['2019-10-01', 5.44, 5.79, 5.26, 5.28]
['2019-10-02', 5.31, 5.33, 4.965, 5.13]
['2019-10-03', 4.24, 4.28, 3.801, 4.155]
['2019-10-04', 4.16, 4.24, 3.92, 3.97]
['2019-10-07', 3.98, 3.99, 3.7, 3.7]
['2019-10-08', 3.75, 3.76, 3.4, 3.44]
['2019-10-09', 3.5, 3.56, 3.4, 3.505]
['2019-10-10', 3.54, 3.58, 3.25, 3.38]
['2019-10-11', 3.41, 3.83, 3.41, 3.74]
['2019-10-14', 3.75, 3.85, 3.61, 3.64]
['2019-10-15', 3.7, 3.75, 3.625, 3.66]
['2019-10-16', 3.65, 3.705, 3.62, 3.67]
['2019-10-17', 3.66, 3.8, 3.65, 3.8]
['2019-10-18', 3.8, 3.818, 3.575, 3.61]
['2019-10-21', 3.69, 3.69, 3.62, 3.65]
['2019-10-22', 3.63, 3.87, 3.6, 3.77]
['2019-10-23', 3.76, 3.89, 3.73, 3.88]
['2019-10-24', 3.9, 3.91, 3.76, 3.85]
['2019-10-25', 3.85, 3.99, 3.84, 3.96]
['2019-10-28', 3.96, 4.22, 3.96, 4.05]
['2019-10-29', 4.1, 4.14, 3.99, 4.14]
['2019-10-30', 4.11, 4.15, 3.98, 4.1]
['2019-10-31', 4.09, 4.17, 4.02, 4.16]
['2019-11-01', 4.17, 4.43, 4.16, 4.37]
['2019-11-04', 4.44, 4.56, 4.37, 4.46]
['2019-11-05', 4.47, 4.54, 4.42, 4.46]
['2019-11-06', 4.44, 4.49, 4.27, 4.44]
['2019-11-07', 4.42, 4.62, 4.365, 4.445]
['2019-11-08', 4.78, 5.03, 4.52, 4.71]
['2019-11-11', 4.68, 4.705, 4.29, 4.48]
['2019-11-12', 4.46, 4.64, 4.38, 4.56]
['2019-11-13', 4.52, 4.66, 4.425, 4.61]
['2019-11-14', 4.59, 4.74, 4.575, 4.68]
['2019-11-15', 4.7, 4.78, 4.59, 4.59]
['2019-11-18', 4.6, 4.61, 4.14, 4.16]
['2019-11-19', 4.23, 4.23, 3.98, 4.03]
['2019-11-20', 4.0, 4.1, 3.95, 4.02]
['2019-11-21', 4.08, 4.085, 3.94, 4.0]
['2019-11-22', 4.0, 4.07, 3.96, 4.04]
['2019-11-25', 4.04, 4.15, 4.0, 4.01]
['2019-11-26', 4.03, 4.08, 3.9, 3.9]
['2019-11-27', 3.95, 3.98, 3.9, 3.98]
['2019-11-29', 3.98, 4.07, 3.93, 4.04]
['2019-12-02', 4.07, 4.08, 3.82, 3.83]
['2019-12-03', 3.825, 3.88, 3.69, 3.86]
['2019-12-04', 4.08, 4.285, 3.81, 3.9]
['2019-12-05', 3.94, 4.09, 3.94, 4.04]
['2019-12-06', 4.08, 4.17, 4.02, 4.16]
['2019-12-09', 4.13, 4.24, 4.03, 4.14]
['2019-12-10', 4.15, 4.3, 4.08, 4.3]
['2019-12-11', 4.29, 4.475, 4.26, 4.28]
['2019-12-12', 4.24, 4.39, 4.225, 4.36]
['2019-12-13', 4.39, 4.48, 4.31, 4.42]
['2019-12-16', 4.44, 4.55, 4.41, 4.43]
['2019-12-17', 4.44, 4.49, 4.37, 4.42]
['2019-12-18', 4.41, 4.45, 4.33, 4.36]
['2019-12-19', 4.34, 4.422, 4.26, 4.365]
['2019-12-20', 4.37, 4.43, 4.3, 4.4]
['2019-12-23', 4.39, 4.43, 4.34, 4.4]
['2019-12-24', 4.39, 4.59, 4.38, 4.57]
['2019-12-26', 4.58, 4.58, 4.14, 4.19]
['2019-12-27', 4.25, 4.38, 4.2, 4.295]
['2019-12-30', 4.27, 4.48, 4.2, 4.275]
['2019-12-31', 4.25, 4.415, 4.22, 4.34]
['2020-01-02', 4.4, 4.49, 4.34, 4.4]
['2020-01-03', 4.32, 4.39, 4.25, 4.32]
['2020-01-06', 4.28, 4.49, 4.26, 4.47]
['2020-01-07', 4.44, 4.48, 4.38, 4.4]
['2020-01-08', 4.41, 4.5, 4.4, 4.42]
['2020-01-09', 4.45, 4.47, 4.37, 4.42]
['2020-01-10', 4.4, 4.415, 4.24, 4.27]
['2020-01-13', 4.25, 4.28, 4.07, 4.26]
['2020-01-14', 4.23, 4.24, 4.12, 4.15]
['2020-01-15', 4.16, 4.46, 4.145, 4.24]
['2020-01-16', 4.28, 4.46, 4.26, 4.31]
['2020-01-17', 4.36, 4.36, 4.22, 4.29]
['2020-01-21', 4.28, 4.41, 4.21, 4.38]
['2020-01-22', 4.39, 4.48, 4.335, 4.4]
['2020-01-23', 4.38, 4.44, 4.21, 4.42]
['2020-01-24', 4.42, 4.48, 4.32, 4.44]
['2020-01-27', 4.37, 4.38, 4.31, 4.33]
['2020-01-28', 4.36, 4.55, 4.34, 4.46]
['2020-01-29', 4.45, 4.5, 4.14, 4.16]
['2020-01-30', 4.15, 4.25, 3.97, 4.07]
['2020-01-31', 4.07, 4.13, 3.92, 3.94]
['2020-02-03', 4.0, 4.13, 3.932, 4.09]
['2020-02-04', 4.13, 4.21, 4.08, 4.15]
['2020-02-05', 4.2, 4.38, 4.18, 4.36]
['2020-02-06', 3.8, 4.0, 3.71, 3.96]
['2020-02-07', 3.96, 4.2, 3.95, 4.03]
['2020-02-10', 4.02, 4.04, 3.8, 3.9]
['2020-02-11', 3.94, 4.1, 3.9, 4.01]
['2020-02-12', 4.02, 4.11, 4.0, 4.09]
['2020-02-13', 4.0, 4.22, 3.98, 4.21]
['2020-02-14', 4.18, 4.2, 4.01, 4.03]
['2020-02-18', 4.04, 4.12, 3.96, 4.08]
['2020-02-19', 4.06, 4.11, 4.005, 4.055]
['2020-02-20', 4.02, 4.07, 3.99, 4.03]
['2020-02-21', 4.04, 4.058, 3.88, 3.9]
['2020-02-24', 3.8, 3.845, 3.76, 3.81]
['2020-02-25', 3.81, 3.84, 3.6, 3.67]
['2020-02-26', 3.66, 3.785, 3.55, 3.61]
['2020-02-27', 3.5, 3.75, 3.37, 3.67]
['2020-02-28', 3.58, 3.85, 3.54, 3.795]
['2020-03-02', 3.77, 3.82, 3.485, 3.81]
['2020-03-03', 3.85, 4.145, 3.795, 3.935]
['2020-03-04', 4.03, 4.07, 3.91, 4.04]
['2020-03-05', 3.93, 3.985, 3.72, 3.74]
['2020-03-06', 3.7, 3.79, 3.61, 3.7]
['2020-03-09', 3.52, 3.52, 3.32, 3.33]
['2020-03-10', 3.48, 3.69, 3.41, 3.64]
['2020-03-11', 3.54, 3.56, 3.26, 3.31]
['2020-03-12', 2.93, 3.02, 2.62, 2.69]
['2020-03-13', 2.9, 2.959, 2.66, 2.72]
['2020-03-16', 2.5, 2.5, 2.0, 2.01]
['2020-03-17', 2.1, 2.43, 2.03, 2.29]
['2020-03-18', 2.34, 2.34, 2.01, 2.11]
['2020-03-19', 2.15, 2.775, 2.063, 2.64]
['2020-03-20', 2.7, 2.889, 2.39, 2.48]
['2020-03-23', 2.5, 2.59, 2.31, 2.33]
['2020-03-24', 2.5, 2.62, 2.42, 2.57]
['2020-03-25', 2.63, 2.69, 2.41, 2.61]
['2020-03-26', 2.64, 2.78, 2.56, 2.7]
['2020-03-27', 2.62, 2.63, 2.43, 2.48]
['2020-03-30', 2.51, 2.64, 2.447, 2.64]
['2020-03-31', 2.6, 2.7, 2.54, 2.62]
['2020-04-01', 2.53, 2.62, 2.47, 2.49]
['2020-04-02', 2.46, 2.53, 2.28, 2.35]
['2020-04-03', 2.34, 2.425, 2.2, 2.29]
['2020-04-06', 2.29, 2.54, 2.28, 2.53]
['2020-04-07', 2.58, 2.74, 2.49, 2.55]
['2020-04-08', 2.61, 2.82, 2.59, 2.73]
['2020-04-09', 2.82, 2.88, 2.62, 2.71]
['2020-04-13', 2.78, 2.9, 2.7, 2.88]
['2020-04-14', 3.0, 3.08, 2.9, 3.08]
['2020-04-15', 2.96, 2.96, 2.61, 2.66]
['2020-04-16', 2.6, 2.66, 2.51, 2.58]
['2020-04-17', 2.69, 2.85, 2.68, 2.82]
['2020-04-20', 2.77, 3.0, 2.68, 2.84]
['2020-04-21', 2.71, 2.82, 2.7, 2.745]
['2020-04-22', 2.81, 2.86, 2.73, 2.77]
['2020-04-23', 2.8, 3.015, 2.77, 2.89]
['2020-04-24', 2.94, 2.985, 2.88, 2.97]
['2020-04-27', 3.05, 3.245, 3.01, 3.24]
['2020-04-28', 3.3, 3.44, 3.25, 3.31]
['2020-04-29', 3.44, 3.63, 3.33, 3.55]
['2020-04-30', 3.53, 3.62, 3.43, 3.52]
['2020-05-01', 3.41, 3.43, 3.18, 3.3]
['2020-05-04', 3.23, 3.349, 3.14, 3.25]
['2020-05-05', 3.32, 3.42, 3.2, 3.21]
['2020-05-06', 3.25, 3.33, 3.185, 3.25]
['2020-05-07', 3.32, 3.38, 3.2, 3.37]
['2020-05-08', 3.5, 3.6, 3.28, 3.445]
['2020-05-11', 3.4, 3.47, 3.31, 3.35]
['2020-05-12', 3.39, 3.498, 3.38, 3.4]
['2020-05-13', 3.38, 3.73, 3.26, 3.54]
['2020-05-14', 3.44, 3.55, 3.31, 3.5]
['2020-05-15', 3.46, 3.93, 3.4, 3.81]
['2020-05-18', 3.81, 3.95, 3.79, 3.91]
['2020-05-19', 3.9, 4.33, 3.89, 4.025]
['2020-05-20', 4.1, 4.31, 4.1, 4.135]
['2020-05-21', 4.13, 4.25, 4.085, 4.2]
['2020-05-22', 4.16, 4.21, 4.102, 4.16]
['2020-05-26', 4.21, 4.41, 4.21, 4.35]
['2020-05-27', 4.4, 4.88, 4.38, 4.83]
['2020-05-28', 4.89, 4.94, 4.53, 4.53]
['2020-05-29', 4.52, 4.78, 4.44, 4.71]
