['2017-05-17', 15.0, 15.24, 13.35, 15.0]
['2017-05-18', 14.88, 16.88, 14.86, 16.6]
['2017-05-19', 16.61, 16.79, 16.12, 16.52]
['2017-05-22', 16.55, 16.87, 16.27, 16.57]
['2017-05-23', 16.49, 16.65, 16.16, 16.36]
['2017-05-24', 16.34, 16.91, 16.33, 16.57]
['2017-05-25', 16.69, 17.0, 16.45, 16.81]
['2017-05-26', 16.91, 17.52, 16.6, 17.24]
['2017-05-30', 17.52, 17.98, 17.52, 17.92]
['2017-05-31', 18.2, 18.63, 17.26, 18.3]
['2017-06-01', 18.89, 19.74, 18.42, 18.93]
['2017-06-02', 18.89, 19.79, 18.43, 18.94]
['2017-06-05', 19.27, 20.6, 18.99, 19.14]
['2017-06-06', 19.1, 19.98, 17.5, 18.09]
['2017-06-07', 18.0, 18.98, 17.07, 18.5]
['2017-06-08', 18.52, 19.18, 18.1, 18.67]
['2017-06-09', 18.46, 19.16, 18.27, 18.59]
['2017-06-12', 18.6, 18.97, 17.58, 17.99]
['2017-06-13', 18.2, 18.5, 17.0, 17.24]
['2017-06-14', 17.15, 17.53, 16.2, 16.59]
['2017-06-15', 16.4, 17.4, 16.4, 16.55]
['2017-06-16', 16.59, 17.24, 16.55, 17.12]
['2017-06-19', 16.98, 17.52, 16.72, 17.02]
['2017-06-20', 17.0, 17.48, 16.66, 16.81]
['2017-06-21', 16.83, 17.52, 16.51, 16.85]
['2017-06-22', 17.31, 17.75, 16.85, 17.54]
['2017-06-23', 17.62, 18.25, 16.54, 17.59]
['2017-06-26', 17.6, 18.22, 17.22, 18.0]
['2017-06-27', 17.64, 18.72, 17.61, 18.2]
['2017-06-28', 18.65, 18.77, 17.73, 18.1]
['2017-06-29', 17.98, 19.07, 17.59, 18.0]
['2017-06-30', 17.87, 18.28, 17.17, 17.44]
['2017-07-03', 17.6, 17.75, 17.1, 17.55]
['2017-07-05', 17.55, 17.93, 17.01, 17.12]
['2017-07-06', 16.97, 17.43, 16.55, 16.72]
['2017-07-07', 16.69, 17.2, 16.69, 16.9]
['2017-07-10', 16.9, 17.17, 16.57, 16.64]
['2017-07-11', 16.65, 16.85, 15.55, 15.55]
['2017-07-12', 15.54, 15.69, 15.03, 15.36]
['2017-07-13', 15.31, 15.43, 15.05, 15.24]
['2017-07-14', 15.85, 16.19, 15.25, 15.42]
['2017-07-17', 15.23, 15.54, 15.09, 15.49]
['2017-07-18', 15.77, 16.28, 15.04, 15.46]
['2017-07-19', 15.44, 15.8, 15.01, 15.4]
['2017-07-20', 15.4, 16.5, 14.94, 15.1]
['2017-07-21', 14.97, 15.33, 14.17, 15.21]
['2017-07-24', 15.41, 15.78, 14.9, 15.02]
['2017-07-25', 14.92, 15.41, 14.39, 15.01]
['2017-07-26', 15.23, 15.23, 14.5, 14.6]
['2017-07-27', 14.8, 14.8, 14.0, 14.69]
['2017-07-28', 14.82, 15.0, 14.14, 14.7]
['2017-07-31', 14.94, 14.94, 14.23, 14.23]
['2017-08-01', 14.13, 14.19, 13.35, 13.51]
['2017-08-02', 13.51, 13.87, 12.13, 13.0]
['2017-08-03', 12.85, 13.19, 12.51, 12.53]
['2017-08-04', 12.5, 13.3, 12.04, 13.12]
['2017-08-07', 13.05, 13.71, 12.41, 13.27]
['2017-08-08', 13.45, 13.45, 12.85, 12.85]
['2017-08-09', 12.67, 12.67, 12.27, 12.53]
['2017-08-10', 12.54, 12.68, 12.27, 12.59]
['2017-08-11', 12.07, 12.82, 12.05, 12.77]
['2017-08-14', 12.58, 13.63, 12.57, 13.0]
['2017-08-15', 13.57, 14.47, 12.64, 14.4]
['2017-08-16', 14.53, 14.75, 13.5, 13.95]
['2017-08-17', 13.87, 15.94, 13.87, 15.63]
['2017-08-18', 15.76, 16.49, 15.02, 16.02]
['2017-08-21', 15.78, 18.38, 15.78, 17.88]
['2017-08-22', 18.02, 18.02, 15.88, 17.08]
['2017-08-23', 16.9, 18.15, 16.61, 17.34]
['2017-08-24', 17.45, 18.37, 16.9, 18.03]
['2017-08-25', 17.29, 17.82, 17.0, 17.25]
['2017-08-28', 16.26, 17.95, 16.26, 17.73]
['2017-08-29', 16.81, 18.49, 16.81, 18.33]
['2017-08-30', 17.87, 18.91, 17.41, 18.62]
['2017-08-31', 18.84, 19.8, 18.03, 18.84]
['2017-09-01', 18.4, 21.42, 18.23, 20.22]
['2017-09-05', 20.03, 22.59, 19.82, 21.48]
['2017-09-06', 21.47, 25.72, 20.92, 25.72]
['2017-09-07', 25.51, 27.3, 24.32, 26.64]
['2017-09-08', 26.2, 28.54, 25.84, 26.51]
['2017-09-11', 26.68, 28.67, 26.45, 27.12]
['2017-09-12', 27.33, 27.52, 25.14, 26.0]
['2017-09-13', 26.1, 27.79, 24.41, 26.37]
['2017-09-14', 27.19, 27.52, 26.15, 26.47]
['2017-09-15', 26.16, 27.8, 25.48, 25.83]
['2017-09-18', 25.63, 26.06, 23.5, 24.77]
['2017-09-19', 24.27, 24.93, 23.51, 24.7]
['2017-09-20', 24.51, 25.0, 23.83, 24.83]
['2017-09-21', 25.03, 25.81, 24.36, 24.9]
['2017-09-22', 25.0, 25.0, 24.26, 24.73]
['2017-09-25', 26.2, 26.2, 24.07, 25.0]
['2017-09-26', 25.17, 25.4, 24.16, 24.95]
['2017-09-27', 24.81, 25.81, 24.7, 25.35]
['2017-09-28', 25.21, 25.73, 25.09, 25.25]
['2017-09-29', 25.16, 25.52, 24.52, 24.89]
['2017-10-02', 25.11, 26.75, 24.9, 26.2]
['2017-10-03', 26.4, 26.8, 25.03, 25.61]
['2017-10-04', 25.41, 27.93, 25.07, 25.65]
['2017-10-05', 25.75, 26.95, 25.3, 26.05]
['2017-10-06', 25.85, 26.28, 25.46, 25.87]
['2017-10-09', 25.82, 26.3, 23.9, 24.1]
['2017-10-10', 23.87, 25.1, 23.7, 24.94]
['2017-10-11', 24.94, 25.07, 24.56, 24.95]
['2017-10-12', 24.81, 25.0, 24.36, 24.65]
['2017-10-13', 24.6, 24.99, 23.84, 24.03]
['2017-10-16', 24.22, 24.95, 23.58, 24.94]
['2017-10-17', 24.86, 24.98, 23.07, 23.11]
['2017-10-18', 23.01, 23.65, 22.54, 22.58]
['2017-10-19', 22.4, 22.65, 20.0, 21.89]
['2017-10-20', 21.91, 22.7, 21.39, 22.05]
['2017-10-23', 22.05, 22.77, 22.01, 22.18]
['2017-10-24', 22.11, 22.11, 20.92, 21.4]
['2017-10-25', 21.44, 22.87, 21.05, 21.44]
['2017-10-26', 21.39, 21.66, 21.01, 21.3]
['2017-10-27', 21.3, 21.97, 21.09, 21.86]
['2017-10-30', 21.73, 22.47, 21.62, 21.96]
['2017-10-31', 22.12, 24.2, 21.63, 23.63]
['2017-11-01', 23.74, 23.96, 22.34, 22.51]
['2017-11-02', 22.55, 22.67, 21.35, 21.68]
['2017-11-03', 21.61, 23.43, 21.24, 23.4]
['2017-11-06', 23.54, 23.72, 23.18, 23.59]
['2017-11-07', 23.63, 23.96, 22.71, 23.1]
['2017-11-08', 23.04, 23.53, 22.09, 22.3]
['2017-11-09', 22.28, 22.65, 20.5, 20.59]
['2017-11-10', 20.64, 21.04, 20.2, 20.75]
['2017-11-13', 20.57, 20.57, 18.5, 19.71]
['2017-11-14', 19.33, 20.27, 18.97, 19.42]
['2017-11-15', 19.38, 19.71, 19.07, 19.15]
['2017-11-16', 19.54, 21.81, 19.54, 20.75]
['2017-11-17', 20.87, 21.15, 20.58, 20.75]
['2017-11-20', 20.83, 20.83, 19.94, 19.97]
['2017-11-21', 20.0, 20.51, 19.99, 20.25]
['2017-11-22', 20.2, 21.23, 19.89, 20.8]
['2017-11-24', 20.88, 20.92, 20.44, 20.82]
['2017-11-27', 20.95, 21.59, 20.82, 21.14]
['2017-11-28', 21.25, 21.29, 20.45, 20.95]
['2017-11-29', 21.11, 21.25, 20.59, 21.1]
['2017-11-30', 21.25, 21.38, 20.54, 20.55]
['2017-12-01', 20.59, 20.66, 19.2, 19.63]
['2017-12-04', 19.77, 20.09, 18.85, 19.01]
['2017-12-05', 18.97, 19.24, 18.45, 19.08]
['2017-12-06', 19.13, 20.0, 18.84, 19.46]
['2017-12-07', 19.02, 19.96, 19.02, 19.53]
['2017-12-08', 19.78, 19.97, 19.67, 19.78]
['2017-12-11', 19.93, 20.31, 19.59, 19.8]
['2017-12-12', 19.79, 19.98, 19.17, 19.29]
['2017-12-13', 19.46, 20.09, 18.2, 19.8]
['2017-12-14', 20.03, 20.2, 19.2, 19.6]
['2017-12-15', 19.6, 19.94, 19.41, 19.71]
['2017-12-18', 19.89, 21.21, 19.77, 20.47]
['2017-12-19', 20.38, 20.49, 19.11, 19.25]
['2017-12-20', 19.76, 19.81, 19.06, 19.47]
['2017-12-21', 19.55, 19.61, 19.08, 19.22]
['2017-12-22', 19.1, 19.5, 18.82, 19.49]
['2017-12-26', 19.46, 19.89, 19.25, 19.45]
['2017-12-27', 19.26, 19.65, 19.25, 19.41]
['2017-12-28', 19.39, 19.7, 19.26, 19.55]
['2017-12-29', 19.57, 20.23, 19.57, 19.84]
['2018-01-02', 20.01, 20.51, 19.81, 20.49]
['2018-01-03', 20.49, 20.61, 20.23, 20.4]
['2018-01-04', 20.38, 20.38, 19.96, 20.0]
['2018-01-05', 19.96, 19.96, 18.9, 19.16]
['2018-01-08', 19.19, 19.45, 18.39, 19.31]
['2018-01-09', 19.28, 20.99, 19.22, 20.65]
['2018-01-10', 20.59, 21.61, 20.24, 21.36]
['2018-01-11', 21.48, 23.78, 21.24, 23.22]
['2018-01-12', 23.14, 23.5, 22.47, 23.04]
['2018-01-16', 22.8, 24.75, 22.6, 22.71]
['2018-01-17', 22.78, 24.28, 22.74, 24.01]
['2018-01-18', 23.91, 25.32, 23.79, 25.18]
['2018-01-19', 25.09, 26.86, 24.38, 26.34]
['2018-01-22', 26.46, 26.64, 24.78, 25.35]
['2018-01-23', 25.25, 25.86, 24.51, 24.68]
['2018-01-24', 24.63, 25.72, 23.89, 25.31]
['2018-01-25', 25.51, 26.87, 25.39, 26.36]
['2018-01-26', 26.66, 26.72, 25.91, 26.24]
['2018-01-29', 25.75, 26.9, 24.63, 25.48]
['2018-01-30', 25.35, 25.92, 24.71, 25.58]
['2018-01-31', 25.88, 26.1, 23.58, 23.91]
['2018-02-01', 23.48, 23.83, 22.4, 23.31]
['2018-02-02', 23.03, 23.33, 22.6, 22.97]
['2018-02-05', 22.99, 23.09, 21.62, 21.8]
['2018-02-06', 21.21, 22.08, 21.05, 21.71]
['2018-02-07', 21.51, 22.13, 21.41, 21.53]
['2018-02-08', 20.92, 21.79, 20.31, 20.41]
['2018-02-09', 20.58, 21.32, 18.48, 19.38]
['2018-02-12', 19.54, 20.11, 18.75, 19.05]
['2018-02-13', 18.96, 19.93, 18.38, 19.45]
['2018-02-14', 19.65, 20.27, 18.03, 20.07]
['2018-02-15', 20.0, 20.25, 19.3, 20.1]
['2018-02-16', 20.0, 20.19, 19.01, 19.69]
['2018-02-20', 19.57, 19.95, 19.09, 19.14]
['2018-02-21', 19.26, 20.33, 18.98, 19.22]
['2018-02-22', 19.26, 22.32, 18.94, 22.01]
['2018-02-23', 22.29, 24.18, 21.22, 24.11]
['2018-02-26', 24.31, 24.62, 22.3, 23.04]
['2018-02-27', 22.9, 23.0, 20.64, 22.52]
['2018-02-28', 22.69, 23.67, 22.53, 22.59]
['2018-03-01', 22.72, 24.6, 22.5, 23.87]
['2018-03-02', 23.73, 25.5, 22.75, 25.1]
['2018-03-05', 26.55, 27.87, 24.8, 26.35]
['2018-03-06', 25.71, 27.46, 24.71, 26.42]
['2018-03-07', 26.4, 30.5, 26.4, 30.21]
['2018-03-08', 32.0, 34.44, 31.3, 31.78]
['2018-03-09', 31.5, 35.24, 31.2, 34.23]
['2018-03-12', 34.24, 36.36, 33.84, 35.55]
['2018-03-13', 35.95, 39.29, 35.47, 38.73]
['2018-03-14', 39.0, 39.42, 37.9, 38.9]
['2018-03-15', 38.23, 39.48, 35.81, 36.65]
['2018-03-16', 36.73, 37.9, 34.53, 36.05]
['2018-03-19', 36.54, 39.42, 35.7, 37.55]
['2018-03-20', 37.39, 40.96, 36.58, 40.35]
['2018-03-21', 40.23, 41.92, 39.71, 41.76]
['2018-03-22', 41.33, 41.76, 39.24, 40.11]
['2018-03-23', 40.31, 40.47, 38.82, 40.47]
['2018-03-26', 41.12, 42.78, 38.94, 41.12]
['2018-03-27', 41.18, 41.99, 38.5, 38.79]
['2018-03-28', 38.6, 38.6, 35.1, 35.86]
['2018-03-29', 35.99, 37.91, 34.66, 37.05]
['2018-04-02', 36.97, 37.78, 35.38, 37.47]
['2018-04-03', 37.92, 39.68, 37.01, 37.57]
['2018-04-04', 36.94, 38.1, 36.85, 37.35]
['2018-04-05', 37.47, 37.87, 35.59, 36.06]
['2018-04-06', 35.82, 36.52, 34.85, 35.37]
['2018-04-09', 35.72, 37.91, 35.72, 36.53]
['2018-04-10', 36.88, 37.17, 34.81, 35.83]
['2018-04-11', 35.75, 36.5, 34.81, 35.06]
['2018-04-12', 35.41, 37.25, 35.01, 36.35]
['2018-04-13', 36.55, 36.92, 35.35, 36.67]
['2018-04-16', 36.71, 36.95, 35.56, 36.29]
['2018-04-17', 36.46, 41.42, 36.46, 40.68]
['2018-04-18', 40.5, 41.19, 38.22, 38.86]
['2018-04-19', 38.63, 39.8, 37.84, 38.4]
['2018-04-20', 38.25, 39.6, 36.02, 38.93]
['2018-04-23', 38.96, 39.63, 38.59, 39.13]
['2018-04-24', 39.57, 40.74, 38.53, 38.87]
['2018-04-25', 39.0, 39.87, 38.66, 39.43]
['2018-04-26', 39.57, 40.39, 38.91, 39.08]
['2018-04-27', 38.9, 40.7, 36.94, 39.99]
['2018-04-30', 40.07, 40.11, 37.61, 38.35]
['2018-05-01', 38.39, 39.57, 37.94, 38.96]
['2018-05-02', 38.9, 42.4, 38.82, 40.18]
['2018-05-03', 40.22, 40.29, 38.01, 39.86]
['2018-05-04', 39.65, 44.89, 39.35, 42.62]
['2018-05-07', 45.0, 48.33, 44.24, 45.92]
['2018-05-08', 46.2, 48.71, 45.61, 48.27]
['2018-05-09', 48.07, 49.57, 47.57, 48.33]
['2018-05-10', 48.57, 50.36, 48.02, 48.97]
['2018-05-11', 49.2, 52.44, 47.57, 48.09]
['2018-05-14', 48.07, 48.2, 46.21, 46.98]
['2018-05-15', 46.59, 47.14, 45.6, 46.91]
['2018-05-16', 47.1, 49.41, 47.1, 49.13]
['2018-05-17', 49.2, 50.09, 46.21, 48.31]
['2018-05-18', 48.74, 52.76, 48.74, 50.91]
['2018-05-21', 50.92, 52.35, 50.6, 50.89]
['2018-05-22', 50.79, 52.04, 49.21, 49.4]
['2018-05-23', 48.99, 50.82, 47.46, 49.3]
['2018-05-24', 49.37, 51.81, 48.6, 51.17]
['2018-05-25', 51.76, 52.17, 49.76, 50.06]
['2018-05-29', 50.53, 52.67, 48.13, 49.2]
['2018-05-30', 49.34, 50.96, 44.02, 45.93]
['2018-05-31', 46.58, 46.66, 42.63, 43.31]
['2018-06-01', 43.57, 43.9, 42.74, 43.6]
['2018-06-04', 43.59, 43.7, 36.41, 39.17]
['2018-06-05', 37.59, 39.15, 36.82, 37.5]
['2018-06-06', 37.43, 39.81, 36.15, 38.57]
['2018-06-07', 38.18, 39.47, 37.04, 38.39]
['2018-06-08', 38.33, 40.37, 38.14, 40.25]
['2018-06-11', 40.35, 41.87, 39.32, 41.0]
['2018-06-12', 41.06, 41.91, 40.4, 41.24]
['2018-06-13', 41.11, 43.69, 41.0, 43.09]
['2018-06-14', 43.26, 44.99, 41.49, 44.83]
['2018-06-15', 44.65, 47.33, 43.49, 46.78]
['2018-06-18', 46.2, 47.53, 44.86, 46.93]
['2018-06-19', 46.72, 47.97, 45.87, 47.91]
['2018-06-20', 48.27, 49.69, 47.66, 49.11]
['2018-06-21', 49.53, 50.0, 48.71, 49.37]
['2018-06-22', 49.39, 49.46, 46.29, 48.26]
['2018-06-25', 47.86, 49.84, 47.26, 47.86]
['2018-06-26', 48.05, 48.6, 43.75, 44.32]
['2018-06-27', 44.14, 45.16, 42.13, 42.74]
['2018-06-28', 42.83, 43.98, 41.68, 42.71]
['2018-06-29', 42.93, 43.79, 42.45, 43.46]
['2018-07-02', 43.03, 45.52, 42.68, 45.46]
['2018-07-03', 45.42, 46.67, 44.56, 45.5]
['2018-07-05', 45.66, 46.76, 44.86, 45.42]
['2018-07-06', 45.6, 46.91, 45.42, 45.94]
['2018-07-09', 46.35, 47.17, 45.56, 46.89]
['2018-07-10', 46.93, 47.45, 45.94, 46.46]
['2018-07-11', 46.06, 46.75, 44.13, 44.23]
['2018-07-12', 45.0, 46.39, 43.38, 45.44]
['2018-07-13', 45.37, 45.72, 41.32, 43.15]
['2018-07-16', 42.74, 45.13, 41.29, 44.67]
['2018-07-17', 44.84, 46.1, 44.84, 45.59]
['2018-07-18', 45.4, 47.98, 45.1, 47.54]
['2018-07-19', 47.3, 47.79, 46.01, 46.54]
['2018-07-20', 46.67, 48.39, 46.26, 47.54]
['2018-07-23', 47.29, 48.07, 46.51, 47.6]
['2018-07-24', 48.23, 49.2, 47.74, 48.19]
['2018-07-25', 48.34, 50.97, 47.55, 49.02]
['2018-07-26', 48.97, 51.55, 48.92, 49.99]
['2018-07-27', 49.99, 51.12, 48.72, 49.29]
['2018-07-30', 49.41, 51.86, 48.86, 49.98]
['2018-07-31', 49.96, 52.38, 49.38, 51.35]
['2018-08-01', 51.39, 54.69, 50.77, 54.02]
['2018-08-02', 54.0, 55.71, 50.36, 51.07]
['2018-08-03', 50.6, 51.65, 48.95, 51.38]
['2018-08-06', 50.79, 51.92, 50.38, 51.83]
['2018-08-07', 52.0, 53.82, 51.53, 52.92]
['2018-08-08', 52.78, 53.46, 51.1, 51.52]
['2018-08-09', 53.73, 64.83, 52.53, 56.14]
['2018-08-10', 56.22, 57.34, 54.53, 56.69]
['2018-08-13', 56.93, 58.21, 55.48, 56.32]
['2018-08-14', 56.29, 58.65, 55.92, 57.06]
['2018-08-15', 56.41, 57.79, 54.83, 56.42]
['2018-08-16', 56.36, 58.3, 56.06, 57.75]
['2018-08-17', 57.61, 58.17, 56.48, 57.42]
['2018-08-20', 57.78, 58.0, 53.0, 53.66]
['2018-08-21', 53.77, 57.66, 53.77, 57.58]
['2018-08-22', 57.7, 59.0, 57.14, 58.08]
['2018-08-23', 58.2, 59.43, 56.81, 57.95]
['2018-08-24', 57.92, 59.26, 57.39, 58.06]
['2018-08-27', 58.42, 58.99, 57.53, 57.65]
['2018-08-28', 58.02, 58.85, 57.51, 58.1]
['2018-08-29', 58.42, 61.21, 57.79, 59.02]
['2018-08-30', 59.16, 60.66, 58.65, 60.09]
['2018-08-31', 59.95, 60.88, 59.81, 60.68]
['2018-09-04', 60.31, 60.49, 58.33, 59.44]
['2018-09-05', 59.6, 63.61, 59.31, 60.54]
['2018-09-06', 60.73, 62.06, 59.07, 60.85]
['2018-09-07', 60.54, 62.14, 59.65, 61.05]
['2018-09-10', 64.99, 66.06, 62.54, 64.5]
['2018-09-11', 64.46, 69.57, 64.19, 65.91]
['2018-09-12', 65.65, 67.28, 64.61, 65.75]
['2018-09-13', 66.24, 69.35, 65.89, 67.97]
['2018-09-14', 67.84, 68.37, 66.64, 67.85]
['2018-09-17', 67.95, 67.95, 65.0, 66.4]
['2018-09-18', 64.39, 68.0, 61.35, 62.94]
['2018-09-19', 56.95, 60.47, 56.72, 60.0]
['2018-09-20', 58.98, 60.47, 57.61, 58.8]
['2018-09-21', 58.58, 59.97, 56.58, 56.62]
['2018-09-24', 57.21, 58.13, 56.56, 57.62]
['2018-09-25', 57.48, 60.0, 57.39, 58.55]
['2018-09-26', 58.83, 59.5, 56.01, 56.47]
['2018-09-27', 56.6, 56.74, 53.73, 54.66]
['2018-09-28', 54.28, 55.89, 51.76, 52.29]
['2018-10-01', 52.76, 53.08, 50.5, 51.33]
['2018-10-02', 51.44, 51.44, 47.77, 49.5]
['2018-10-03', 49.18, 51.82, 48.65, 50.95]
['2018-10-04', 49.65, 50.56, 44.91, 45.58]
['2018-10-05', 45.76, 47.57, 44.18, 44.69]
['2018-10-08', 44.52, 45.05, 42.05, 43.92]
['2018-10-09', 43.39, 44.96, 42.88, 43.52]
['2018-10-10', 43.49, 44.58, 42.0, 42.61]
['2018-10-11', 42.15, 44.53, 41.76, 43.0]
['2018-10-12', 41.59, 43.12, 41.59, 42.98]
['2018-10-15', 41.95, 42.73, 39.91, 41.24]
['2018-10-16', 41.4, 46.0, 41.15, 45.77]
['2018-10-17', 45.75, 47.37, 44.28, 46.81]
['2018-10-18', 46.77, 47.17, 45.74, 46.9]
['2018-10-19', 46.71, 48.43, 46.22, 46.81]
['2018-10-22', 46.82, 47.2, 39.3, 39.54]
['2018-10-23', 38.87, 40.0, 37.61, 39.32]
['2018-10-24', 39.43, 40.0, 35.67, 36.14]
['2018-10-25', 36.57, 38.75, 35.93, 38.26]
['2018-10-26', 37.47, 38.9, 35.73, 37.13]
['2018-10-29', 37.84, 38.62, 35.19, 36.09]
['2018-10-30', 36.04, 38.33, 35.91, 37.72]
['2018-10-31', 38.45, 40.25, 38.0, 40.01]
['2018-11-01', 40.3, 41.72, 39.83, 41.48]
['2018-11-02', 42.02, 43.0, 40.87, 41.82]
['2018-11-05', 41.38, 43.17, 40.56, 42.94]
['2018-11-06', 43.01, 43.76, 40.58, 42.72]
['2018-11-07', 43.19, 44.3, 42.15, 43.2]
['2018-11-08', 44.23, 45.87, 41.96, 45.29]
['2018-11-09', 45.07, 46.5, 44.3, 45.67]
['2018-11-12', 45.75, 46.38, 40.82, 43.27]
['2018-11-13', 43.45, 44.54, 42.79, 43.51]
['2018-11-14', 44.08, 44.08, 38.0, 40.42]
['2018-11-15', 39.62, 42.12, 39.07, 41.81]
['2018-11-16', 41.4, 42.38, 40.9, 41.35]
['2018-11-19', 41.41, 42.81, 37.51, 37.94]
['2018-11-20', 37.23, 39.24, 36.07, 38.16]
['2018-11-21', 38.82, 38.92, 37.28, 38.84]
['2018-11-23', 38.28, 39.73, 38.28, 39.03]
['2018-11-26', 39.42, 40.24, 38.56, 39.93]
['2018-11-27', 37.0, 37.0, 29.66, 35.39]
['2018-11-28', 35.58, 38.28, 35.56, 37.8]
['2018-11-29', 37.58, 40.41, 37.15, 39.42]
['2018-11-30', 39.31, 41.45, 38.02, 38.23]
['2018-12-03', 38.74, 39.28, 35.36, 35.48]
['2018-12-04', 38.99, 40.85, 34.03, 34.49]
['2018-12-06', 34.0, 35.22, 32.9, 34.93]
['2018-12-07', 34.37, 35.53, 32.0, 32.45]
['2018-12-10', 32.6, 35.0, 31.56, 33.0]
['2018-12-11', 33.1, 33.66, 32.53, 33.16]
['2018-12-12', 34.5, 35.0, 33.55, 34.11]
['2018-12-13', 33.99, 34.93, 31.2, 31.21]
['2018-12-14', 30.9, 31.44, 29.99, 30.51]
['2018-12-17', 30.0, 30.44, 27.98, 28.28]
['2018-12-18', 28.2, 29.1, 27.7, 28.5]
['2018-12-19', 28.59, 30.28, 28.5, 28.75]
['2018-12-20', 19.99, 21.0, 16.27, 16.51]
['2018-12-21', 16.76, 17.35, 15.21, 17.01]
['2018-12-24', 16.65, 17.98, 16.48, 16.96]
['2018-12-26', 17.15, 19.1, 16.7, 19.1]
['2018-12-27', 18.7, 19.67, 17.64, 19.11]
['2018-12-28', 19.55, 19.69, 18.11, 18.74]
['2018-12-31', 18.88, 19.34, 18.29, 19.15]
['2019-01-02', 18.75, 19.56, 17.87, 19.56]
['2019-01-03', 19.66, 19.66, 18.1, 18.5]
['2019-01-04', 18.94, 19.68, 18.64, 19.19]
['2019-01-07', 19.28, 20.02, 18.67, 19.8]
['2019-01-08', 20.05, 20.54, 19.26, 19.59]
['2019-01-09', 19.72, 20.29, 19.42, 19.91]
['2019-01-10', 19.75, 20.67, 19.01, 20.49]
['2019-01-11', 20.25, 20.66, 19.55, 19.73]
['2019-01-14', 19.55, 20.15, 19.3, 19.46]
['2019-01-15', 19.36, 19.99, 19.03, 19.74]
['2019-01-16', 19.72, 20.03, 19.34, 19.76]
['2019-01-17', 19.65, 20.87, 19.39, 19.91]
['2019-01-18', 20.03, 20.57, 19.42, 20.13]
['2019-01-22', 20.07, 20.83, 19.17, 19.58]
['2019-01-23', 18.91, 20.27, 18.91, 20.02]
['2019-01-24', 19.85, 20.95, 19.56, 20.61]
['2019-01-25', 20.83, 21.33, 20.01, 21.17]
['2019-01-28', 21.16, 21.16, 19.86, 19.93]
['2019-01-29', 20.09, 20.66, 19.86, 20.57]
['2019-01-30', 20.65, 21.17, 20.41, 21.07]
['2019-01-31', 20.85, 21.5, 20.85, 21.39]
['2019-02-01', 21.38, 21.45, 19.65, 19.99]
['2019-02-04', 19.99, 20.46, 19.76, 20.42]
['2019-02-05', 20.48, 21.1, 19.67, 20.29]
['2019-02-06', 20.35, 20.99, 20.18, 20.7]
['2019-02-07', 21.09, 21.26, 20.21, 20.93]
['2019-02-08', 20.88, 21.43, 20.44, 21.34]
['2019-02-11', 21.58, 22.1, 20.78, 21.16]
['2019-02-12', 21.36, 21.61, 20.96, 21.38]
['2019-02-13', 21.49, 21.62, 20.68, 21.08]
['2019-02-14', 21.01, 21.42, 20.75, 20.96]
['2019-02-15', 20.98, 21.52, 20.5, 20.99]
['2019-02-19', 21.0, 21.18, 20.51, 20.58]
['2019-02-20', 20.57, 21.0, 20.08, 20.22]
['2019-02-21', 20.15, 20.58, 19.61, 19.99]
['2019-02-22', 20.16, 20.45, 19.71, 20.33]
['2019-02-25', 20.54, 21.26, 19.91, 20.19]
['2019-02-26', 20.07, 20.49, 19.31, 19.31]
['2019-02-27', 19.3, 19.84, 18.67, 19.14]
['2019-02-28', 19.1, 19.68, 18.01, 18.46]
['2019-03-01', 18.1, 19.8, 17.61, 19.54]
['2019-03-04', 19.85, 21.6, 19.7, 21.45]
['2019-03-05', 21.44, 21.61, 20.52, 20.71]
['2019-03-06', 20.53, 20.53, 17.31, 17.31]
['2019-03-07', 17.41, 17.54, 15.91, 17.05]
['2019-03-08', 17.05, 17.51, 16.57, 17.46]
['2019-03-11', 17.52, 17.78, 16.73, 16.93]
['2019-03-12', 17.07, 17.49, 16.55, 16.7]
['2019-03-13', 16.59, 16.89, 16.05, 16.53]
['2019-03-14', 16.53, 16.66, 15.51, 15.99]
['2019-03-15', 16.04, 16.28, 15.59, 15.7]
['2019-03-18', 15.7, 16.65, 15.7, 16.02]
['2019-03-19', 16.11, 16.3, 15.59, 16.07]
['2019-03-20', 16.2, 16.41, 15.04, 15.12]
['2019-03-21', 15.1, 15.75, 14.77, 15.08]
['2019-03-22', 15.01, 15.34, 14.39, 14.4]
['2019-03-25', 14.3, 15.0, 13.87, 14.86]
['2019-03-26', 15.09, 15.32, 14.29, 14.59]
['2019-03-27', 14.58, 15.54, 14.12, 15.1]
['2019-03-28', 15.09, 16.89, 15.07, 16.39]
['2019-03-29', 16.5, 16.7, 15.93, 16.6]
['2019-04-01', 16.9, 16.9, 15.79, 16.03]
['2019-04-02', 16.08, 17.03, 15.89, 16.91]
['2019-04-03', 17.05, 17.48, 16.73, 17.05]
['2019-04-04', 17.05, 17.92, 16.98, 17.14]
['2019-04-05', 17.21, 17.75, 17.11, 17.62]
['2019-04-08', 17.58, 17.68, 16.79, 17.49]
['2019-04-09', 17.45, 17.8, 17.05, 17.24]
['2019-04-10', 17.24, 17.33, 16.57, 17.22]
['2019-04-11', 17.22, 17.88, 16.79, 17.5]
['2019-04-12', 17.74, 18.21, 17.31, 17.98]
['2019-04-15', 18.01, 18.39, 17.15, 17.51]
['2019-04-16', 17.54, 18.08, 17.52, 17.85]
['2019-04-17', 17.98, 17.99, 17.28, 17.71]
['2019-04-18', 17.69, 17.98, 16.97, 17.81]
['2019-04-22', 17.72, 18.8, 17.5, 18.52]
['2019-04-23', 18.45, 19.59, 18.26, 19.49]
['2019-04-24', 19.49, 19.5, 18.63, 18.93]
['2019-04-25', 18.92, 19.07, 18.21, 18.24]
['2019-04-26', 18.25, 18.65, 17.75, 18.6]
['2019-04-29', 18.77, 19.24, 18.28, 18.56]
['2019-04-30', 23.0, 23.0, 20.32, 21.4]
['2019-05-01', 21.31, 21.31, 20.0, 20.49]
['2019-05-02', 19.95, 21.19, 19.78, 20.89]
['2019-05-03', 21.03, 21.62, 20.54, 21.61]
['2019-05-06', 21.05, 22.68, 20.93, 22.55]
['2019-05-07', 22.26, 22.49, 20.27, 20.59]
['2019-05-08', 20.54, 21.11, 20.42, 20.91]
['2019-05-09', 20.57, 21.52, 19.95, 20.69]
['2019-05-10', 21.5, 27.9, 21.5, 25.02]
['2019-05-13', 24.34, 25.36, 22.41, 22.98]
['2019-05-14', 23.41, 24.9, 22.48, 23.93]
['2019-05-15', 23.59, 24.46, 23.03, 23.77]
['2019-05-16', 23.9, 24.4, 22.6, 23.32]
['2019-05-17', 23.03, 23.37, 22.54, 22.61]
['2019-05-20', 22.37, 23.07, 21.99, 22.55]
['2019-05-21', 22.71, 23.4, 22.61, 23.24]
['2019-05-22', 23.14, 23.54, 21.51, 21.78]
['2019-05-23', 21.5, 22.31, 20.7, 22.16]
['2019-05-24', 22.29, 23.25, 22.29, 22.64]
['2019-05-28', 22.44, 22.7, 21.77, 22.3]
['2019-05-29', 22.09, 22.09, 20.43, 21.7]
['2019-05-30', 21.78, 21.96, 21.1, 21.5]
['2019-05-31', 21.14, 22.27, 20.92, 20.96]
['2019-06-03', 20.5, 20.5, 19.47, 19.95]
['2019-06-04', 20.15, 20.51, 19.68, 20.0]
['2019-06-05', 20.15, 20.28, 19.6, 19.72]
['2019-06-06', 19.62, 19.94, 19.07, 19.1]
['2019-06-07', 19.26, 19.26, 18.58, 18.96]
['2019-06-10', 19.12, 19.65, 18.49, 18.61]
['2019-06-11', 18.81, 18.84, 18.15, 18.55]
['2019-06-12', 18.57, 18.78, 18.27, 18.47]
['2019-06-13', 18.62, 19.2, 18.1, 19.02]
['2019-06-14', 19.12, 19.42, 18.54, 18.58]
['2019-06-17', 18.64, 19.82, 18.57, 19.75]
['2019-06-18', 23.75, 27.27, 23.61, 24.5]
['2019-06-19', 24.24, 26.98, 23.88, 26.27]
['2019-06-20', 26.7, 27.66, 26.17, 26.66]
['2019-06-21', 26.69, 28.56, 26.01, 27.89]
['2019-06-24', 27.7, 28.63, 27.02, 27.16]
['2019-06-25', 27.57, 28.71, 26.75, 27.61]
['2019-06-26', 27.58, 29.29, 27.14, 28.75]
['2019-06-27', 28.85, 31.47, 28.85, 31.1]
['2019-06-28', 31.1, 31.71, 29.64, 30.66]
['2019-07-01', 31.58, 32.1, 30.21, 30.46]
['2019-07-02', 30.53, 30.66, 28.83, 30.13]
['2019-07-03', 30.42, 30.78, 29.9, 30.64]
['2019-07-05', 30.37, 30.4, 27.63, 27.89]
['2019-07-08', 27.72, 27.97, 26.04, 26.66]
['2019-07-09', 26.44, 27.88, 26.2, 27.66]
['2019-07-10', 27.66, 27.69, 26.18, 27.09]
['2019-07-11', 27.17, 27.3, 26.19, 26.32]
['2019-07-12', 26.38, 27.37, 25.83, 26.83]
['2019-07-15', 26.92, 27.23, 26.07, 27.14]
['2019-07-16', 27.19, 27.19, 23.74, 24.62]
['2019-07-17', 24.65, 25.16, 23.33, 23.64]
['2019-07-18', 23.55, 25.39, 23.5, 25.3]
['2019-07-19', 25.3, 25.73, 24.95, 25.7]
['2019-07-22', 25.71, 26.88, 25.29, 26.27]
['2019-07-23', 26.37, 27.3, 26.07, 26.56]
['2019-07-24', 26.43, 28.2, 26.43, 27.74]
['2019-07-25', 27.58, 27.58, 24.96, 25.04]
['2019-07-26', 25.19, 26.47, 25.1, 26.45]
['2019-07-29', 26.4, 26.66, 24.94, 25.72]
['2019-07-30', 25.43, 26.79, 25.33, 26.75]
['2019-07-31', 26.76, 26.79, 24.7, 24.81]
['2019-08-01', 24.95, 25.48, 23.89, 24.4]
['2019-08-02', 24.27, 24.71, 23.65, 24.51]
['2019-08-05', 24.74, 24.74, 22.75, 23.59]
['2019-08-06', 23.91, 24.88, 23.4, 24.7]
['2019-08-07', 23.79, 24.38, 23.27, 23.48]
['2019-08-08', 26.2, 30.84, 25.71, 29.76]
['2019-08-09', 29.44, 30.22, 28.78, 29.75]
['2019-08-12', 29.65, 31.96, 29.25, 31.45]
['2019-08-13', 31.35, 37.35, 31.2, 37.28]
['2019-08-14', 35.5, 38.76, 35.17, 37.95]
['2019-08-15', 38.51, 40.16, 37.31, 37.4]
['2019-08-16', 38.21, 38.21, 35.29, 37.23]
['2019-08-19', 37.93, 38.8, 35.83, 36.87]
['2019-08-20', 37.89, 39.2, 36.17, 38.83]
['2019-08-21', 39.21, 40.24, 37.74, 37.86]
['2019-08-22', 38.06, 38.45, 35.42, 35.77]
['2019-08-23', 35.65, 36.33, 33.38, 33.7]
['2019-08-26', 34.09, 36.82, 33.7, 35.16]
['2019-08-27', 36.05, 36.42, 31.85, 33.37]
['2019-08-28', 33.26, 35.5, 32.36, 34.28]
['2019-08-29', 34.66, 36.63, 34.1, 36.07]
['2019-08-30', 36.28, 37.38, 36.03, 36.3]
['2019-09-03', 36.02, 38.47, 34.53, 35.02]
['2019-09-04', 36.47, 36.56, 34.9, 36.25]
['2019-09-05', 36.82, 37.27, 35.25, 36.98]
['2019-09-06', 36.28, 37.86, 35.87, 36.27]
['2019-09-09', 36.41, 37.75, 35.56, 36.04]
['2019-09-10', 34.69, 40.27, 34.5, 40.0]
['2019-09-11', 38.88, 40.94, 37.2, 40.58]
['2019-09-12', 40.48, 41.8, 39.24, 39.77]
['2019-09-13', 40.4, 40.99, 36.64, 38.24]
['2019-09-16', 37.85, 38.57, 35.65, 36.28]
['2019-09-17', 35.75, 37.43, 34.86, 36.85]
['2019-09-18', 36.77, 36.77, 35.01, 35.55]
['2019-09-19', 35.81, 36.35, 35.02, 35.55]
['2019-09-20', 35.31, 35.65, 33.0, 33.57]
['2019-09-23', 33.23, 35.17, 32.87, 34.69]
['2019-09-24', 34.7, 35.3, 31.86, 32.52]
['2019-09-25', 32.95, 34.5, 32.33, 33.73]
['2019-09-26', 34.24, 34.24, 33.03, 33.66]
['2019-09-27', 33.96, 35.74, 32.96, 33.97]
['2019-09-30', 28.25, 29.04, 22.65, 22.78]
['2019-10-01', 23.18, 24.49, 21.68, 23.04]
['2019-10-02', 22.93, 24.49, 22.01, 22.74]
['2019-10-03', 22.56, 24.21, 22.06, 23.06]
['2019-10-04', 23.38, 23.59, 22.09, 23.34]
['2019-10-07', 23.4, 24.1, 22.89, 23.45]
['2019-10-08', 23.11, 23.92, 21.43, 21.62]
['2019-10-09', 21.82, 22.79, 21.52, 21.84]
['2019-10-10', 21.87, 22.1, 20.68, 22.05]
['2019-10-11', 22.0, 22.49, 20.9, 21.06]
['2019-10-14', 21.08, 21.83, 20.58, 20.91]
['2019-10-15', 20.95, 21.25, 20.25, 20.79]
['2019-10-16', 20.75, 21.98, 20.75, 21.44]
['2019-10-17', 21.47, 22.3, 21.34, 21.92]
['2019-10-18', 21.78, 22.13, 20.73, 21.46]
['2019-10-21', 21.57, 21.57, 20.45, 21.05]
['2019-10-22', 21.22, 21.63, 20.72, 20.74]
['2019-10-23', 20.68, 21.84, 20.53, 21.16]
['2019-10-24', 21.15, 22.12, 20.52, 21.82]
['2019-10-25', 21.77, 22.17, 21.22, 21.7]
['2019-10-28', 21.85, 22.33, 21.57, 21.9]
['2019-10-29', 22.02, 22.15, 20.97, 21.69]
['2019-10-30', 21.75, 22.43, 21.5, 22.3]
['2019-10-31', 22.2, 22.69, 21.02, 21.22]
['2019-11-01', 21.42, 22.69, 21.26, 22.66]
['2019-11-04', 23.13, 23.19, 22.18, 22.27]
['2019-11-05', 22.36, 22.88, 21.97, 22.38]
['2019-11-06', 22.32, 23.59, 20.5, 22.86]
['2019-11-07', 23.07, 24.2, 22.73, 23.48]
['2019-11-08', 23.35, 24.77, 23.21, 23.68]
['2019-11-11', 23.33, 23.82, 22.92, 23.0]
['2019-11-12', 22.94, 23.47, 22.51, 22.98]
['2019-11-13', 22.94, 23.0, 22.36, 22.48]
['2019-11-14', 22.38, 22.81, 21.76, 22.23]
['2019-11-15', 22.48, 23.01, 22.31, 22.95]
['2019-11-18', 22.98, 23.12, 22.15, 22.39]
['2019-11-19', 22.6, 23.0, 19.16, 22.72]
['2019-11-20', 22.67, 24.42, 22.36, 23.52]
['2019-11-21', 23.36, 23.59, 22.31, 22.59]
['2019-11-22', 22.7, 23.83, 22.19, 23.64]
['2019-11-25', 23.92, 23.92, 23.06, 23.37]
['2019-11-26', 23.74, 23.74, 22.6, 22.66]
['2019-11-27', 22.81, 22.92, 21.31, 21.6]
['2019-11-29', 21.33, 22.48, 21.27, 21.6]
['2019-12-02', 21.55, 21.59, 20.43, 20.86]
['2019-12-03', 20.59, 21.47, 20.57, 20.93]
['2019-12-04', 21.09, 21.59, 20.8, 20.95]
['2019-12-05', 21.12, 21.27, 20.05, 20.54]
['2019-12-06', 20.73, 22.96, 20.73, 22.9]
['2019-12-09', 23.0, 23.36, 22.75, 22.81]
['2019-12-10', 22.8, 23.25, 22.42, 23.24]
['2019-12-11', 23.34, 23.55, 22.95, 23.07]
['2019-12-12', 23.17, 24.22, 21.15, 24.1]
['2019-12-13', 23.91, 25.14, 23.8, 24.68]
['2019-12-16', 25.42, 26.91, 25.18, 26.62]
['2019-12-17', 26.88, 29.82, 26.45, 29.17]
['2019-12-18', 29.73, 29.96, 28.25, 29.13]
['2019-12-19', 29.11, 31.22, 28.9, 30.91]
['2019-12-20', 30.93, 31.38, 28.47, 29.17]
['2019-12-23', 29.45, 30.26, 28.65, 30.03]
['2019-12-24', 30.13, 31.16, 29.52, 31.0]
['2019-12-26', 31.05, 31.21, 28.76, 28.81]
['2019-12-27', 28.8, 29.33, 27.36, 27.57]
['2019-12-30', 27.5, 27.6, 26.35, 26.43]
['2019-12-31', 26.23, 27.28, 26.23, 26.43]
['2020-01-02', 26.81, 26.81, 25.58, 26.32]
['2020-01-03', 25.83, 26.6, 25.55, 25.85]
['2020-01-06', 25.5, 26.01, 25.08, 25.68]
['2020-01-07', 25.47, 25.96, 25.04, 25.53]
['2020-01-08', 25.58, 26.71, 25.36, 26.26]
['2020-01-09', 26.47, 26.96, 25.33, 25.49]
['2020-01-10', 25.47, 26.14, 24.75, 24.82]
['2020-01-13', 24.83, 25.05, 23.77, 24.07]
['2020-01-14', 24.01, 25.42, 23.64, 25.01]
['2020-01-15', 25.01, 25.74, 24.55, 24.82]
['2020-01-16', 25.13, 26.47, 25.01, 25.81]
['2020-01-17', 26.2, 26.45, 25.27, 25.36]
['2020-01-21', 26.16, 26.69, 24.62, 24.7]
['2020-01-22', 24.71, 24.86, 24.17, 24.29]
['2020-01-23', 24.04, 24.13, 23.27, 23.64]
['2020-01-24', 23.76, 23.76, 21.77, 22.09]
['2020-01-27', 21.5, 22.76, 21.27, 22.2]
['2020-01-28', 22.4, 22.64, 21.62, 21.72]
['2020-01-29', 21.68, 21.86, 21.22, 21.29]
['2020-01-30', 21.02, 21.19, 20.67, 20.99]
['2020-01-31', 20.85, 20.85, 19.23, 19.36]
['2020-02-03', 19.73, 20.39, 19.5, 20.21]
['2020-02-04', 20.59, 20.85, 20.0, 20.54]
['2020-02-05', 20.86, 22.22, 20.86, 21.37]
['2020-02-06', 21.54, 21.97, 20.88, 21.08]
['2020-02-07', 20.91, 21.04, 20.38, 20.43]
['2020-02-10', 20.28, 20.33, 19.55, 19.87]
['2020-02-11', 19.99, 20.4, 19.79, 19.95]
['2020-02-12', 20.0, 20.55, 19.87, 20.19]
['2020-02-13', 20.0, 20.4, 19.1, 19.15]
['2020-02-14', 19.26, 19.6, 18.52, 19.05]
['2020-02-18', 19.0, 19.57, 18.75, 19.42]
['2020-02-19', 19.61, 19.95, 19.17, 19.27]
['2020-02-20', 19.15, 19.22, 18.1, 18.44]
['2020-02-21', 18.44, 18.58, 17.51, 17.96]
['2020-02-24', 17.29, 17.53, 16.67, 17.15]
['2020-02-25', 17.42, 17.55, 16.76, 17.4]
['2020-02-26', 17.42, 18.01, 17.31, 17.46]
['2020-02-27', 16.59, 18.75, 15.56, 17.81]
['2020-02-28', 17.29, 18.28, 17.2, 17.94]
['2020-03-02', 18.02, 18.02, 16.96, 17.55]
['2020-03-03', 17.55, 18.07, 17.21, 17.46]
['2020-03-04', 17.78, 18.45, 17.33, 18.4]
['2020-03-05', 18.01, 18.32, 16.92, 17.11]
['2020-03-06', 16.6, 17.28, 15.8, 16.15]
['2020-03-09', 15.14, 15.86, 14.5, 15.44]
['2020-03-10', 16.0, 16.72, 14.03, 16.67]
['2020-03-11', 16.13, 16.21, 14.0, 14.49]
['2020-03-12', 13.61, 14.38, 11.89, 12.0]
['2020-03-13', 12.78, 13.26, 9.46, 12.46]
['2020-03-16', 11.15, 12.09, 8.9, 9.07]
['2020-03-17', 9.3, 10.63, 8.8, 10.28]
['2020-03-18', 9.9, 10.98, 9.17, 9.89]
['2020-03-19', 9.75, 11.21, 9.75, 10.7]
['2020-03-20', 10.75, 11.27, 9.91, 10.65]
['2020-03-23', 10.83, 11.7, 10.2, 10.67]
['2020-03-24', 11.45, 11.51, 10.43, 11.29]
['2020-03-25', 11.33, 11.92, 10.88, 11.17]
['2020-03-26', 11.3, 12.18, 11.21, 12.08]
['2020-03-27', 11.59, 11.95, 11.01, 11.34]
['2020-03-30', 11.45, 11.96, 10.81, 11.95]
['2020-03-31', 11.85, 12.04, 10.8, 11.02]
['2020-04-01', 10.66, 10.87, 9.62, 9.79]
['2020-04-02', 9.54, 10.42, 9.53, 10.28]
['2020-04-03', 10.21, 10.58, 9.43, 9.57]
['2020-04-06', 10.06, 11.56, 10.06, 11.2]
['2020-04-07', 11.73, 12.17, 10.55, 10.61]
['2020-04-08', 10.96, 11.69, 10.87, 11.41]
['2020-04-09', 11.75, 13.04, 11.66, 12.98]
['2020-04-13', 13.51, 13.51, 12.05, 12.29]
['2020-04-14', 12.66, 13.38, 12.62, 13.08]
['2020-04-15', 12.57, 12.88, 12.09, 12.55]
['2020-04-16', 12.6, 13.55, 12.6, 13.31]
['2020-04-17', 13.8, 13.8, 12.53, 12.86]
['2020-04-20', 12.58, 13.76, 12.47, 13.46]
['2020-04-21', 13.48, 13.72, 12.75, 12.99]
['2020-04-22', 13.2, 13.2, 12.65, 12.9]
['2020-04-23', 13.01, 13.41, 12.8, 13.07]
['2020-04-24', 13.11, 13.41, 12.65, 13.32]
['2020-04-27', 13.59, 14.7, 13.28, 14.21]
['2020-04-28', 14.68, 14.82, 13.25, 13.27]
['2020-04-29', 13.95, 14.2, 13.5, 13.9]
['2020-04-30', 13.65, 13.92, 13.13, 13.13]
['2020-05-01', 12.86, 13.12, 11.85, 12.3]
['2020-05-04', 12.1, 13.47, 12.0, 13.47]
['2020-05-05', 13.82, 14.84, 13.63, 14.3]
['2020-05-06', 14.45, 14.69, 13.79, 13.94]
['2020-05-07', 15.87, 16.24, 14.25, 14.37]
['2020-05-08', 14.79, 16.22, 14.21, 14.37]
['2020-05-11', 14.42, 16.29, 14.1, 15.89]
['2020-05-12', 15.87, 17.41, 15.59, 15.68]
['2020-05-13', 16.0, 16.45, 14.97, 15.69]
['2020-05-14', 15.14, 15.58, 14.8, 15.0]
['2020-05-15', 15.0, 16.43, 14.75, 16.23]
['2020-05-18', 17.0, 17.49, 15.9, 16.12]
['2020-05-19', 16.1, 16.56, 15.76, 15.77]
['2020-05-20', 16.43, 17.93, 16.02, 17.89]
['2020-05-21', 18.53, 18.83, 17.27, 17.73]
['2020-05-22', 17.82, 18.1, 17.5, 18.01]
['2020-05-26', 18.86, 19.29, 18.23, 18.56]
['2020-05-27', 18.74, 18.86, 17.3, 18.01]
['2020-05-28', 17.57, 18.44, 17.55, 18.13]
['2020-05-29', 18.05, 18.23, 16.5, 16.97]
