['2016-04-28', 7.22, 7.22, 5.54, 5.55]
['2016-04-29', 5.68, 5.73, 5.6, 5.69]
['2016-05-02', 5.73, 5.73, 5.55, 5.66]
['2016-05-03', 5.69, 5.85, 5.55, 5.68]
['2016-05-04', 5.83, 5.84, 5.53, 5.76]
['2016-05-05', 5.84, 6.31, 5.8, 6.22]
['2016-05-06', 6.31, 6.5, 6.13, 6.25]
['2016-05-09', 6.39, 6.44, 6.24, 6.4]
['2016-05-10', 6.44, 6.44, 6.22, 6.31]
['2016-05-11', 6.43, 6.43, 6.08, 6.26]
['2016-05-12', 6.22, 6.32, 6.22, 6.32]
['2016-05-13', 6.32, 6.34, 6.15, 6.32]
['2016-05-16', 6.47, 6.55, 6.18, 6.55]
['2016-05-17', 6.24, 6.48, 6.2, 6.48]
['2016-05-18', 6.43, 6.68, 6.24, 6.68]
['2016-05-19', 6.68, 6.68, 6.33, 6.4]
['2016-05-20', 6.44, 6.68, 6.41, 6.68]
['2016-05-23', 6.6, 6.9, 6.56, 6.63]
['2016-05-24', 6.75, 6.82, 6.46, 6.65]
['2016-05-25', 6.64, 6.64, 6.39, 6.49]
['2016-05-26', 6.3, 6.64, 6.3, 6.64]
['2016-05-27', 6.64, 6.64, 6.23, 6.47]
['2016-05-31', 6.48, 6.55, 6.21, 6.55]
['2016-06-01', 6.25, 6.41, 6.25, 6.31]
['2016-06-02', 6.38, 6.38, 6.3, 6.37]
['2016-06-03', 6.56, 6.59, 6.34, 6.59]
['2016-06-06', 6.27, 6.41, 6.27, 6.37]
['2016-06-07', 6.33, 6.41, 6.32, 6.36]
['2016-06-08', 6.42, 6.64, 6.35, 6.64]
['2016-06-09', 6.64, 6.64, 6.37, 6.37]
['2016-06-10', 6.47, 6.49, 6.38, 6.49]
['2016-06-13', 6.57, 6.89, 6.55, 6.79]
['2016-06-14', 6.79, 6.79, 6.64, 6.7]
['2016-06-15', 6.59, 6.8, 6.59, 6.7]
['2016-06-16', 6.58, 6.73, 6.4, 6.5]
['2016-06-17', 6.73, 6.73, 6.4, 6.46]
['2016-06-20', 6.59, 6.89, 6.56, 6.75]
['2016-06-21', 6.7, 6.81, 6.7, 6.81]
['2016-06-22', 6.7, 7.04, 6.7, 7.04]
['2016-06-23', 7.06, 7.15, 6.94, 7.11]
['2016-06-24', 6.81, 7.27, 6.81, 7.2]
['2016-06-27', 7.25, 7.26, 7.03, 7.14]
['2016-06-28', 7.32, 7.56, 7.15, 7.29]
['2016-06-29', 7.39, 7.56, 7.32, 7.52]
['2016-06-30', 7.59, 8.01, 7.51, 7.86]
['2016-07-01', 7.86, 7.93, 7.56, 7.91]
['2016-07-05', 8.03, 8.05, 7.91, 8.02]
['2016-07-06', 8.12, 8.12, 7.91, 8.01]
['2016-07-07', 8.02, 8.02, 7.91, 7.92]
['2016-07-08', 8.01, 8.02, 7.77, 7.96]
['2016-07-11', 8.04, 8.04, 7.82, 7.91]
['2016-07-12', 7.82, 7.98, 7.79, 7.96]
['2016-07-13', 8.01, 8.15, 7.88, 8.06]
['2016-07-14', 8.08, 8.16, 8.08, 8.13]
['2016-07-15', 8.22, 8.22, 8.0, 8.06]
['2016-07-18', 8.04, 8.14, 8.01, 8.11]
['2016-07-19', 8.08, 8.08, 7.97, 8.03]
['2016-07-20', 7.96, 8.05, 7.9, 7.96]
['2016-07-21', 7.9, 7.97, 7.8, 7.89]
['2016-07-22', 7.85, 7.85, 7.7, 7.73]
['2016-07-25', 7.74, 7.81, 7.72, 7.79]
['2016-07-26', 7.8, 7.83, 7.5, 7.54]
['2016-07-27', 7.57, 7.63, 7.49, 7.62]
['2016-07-28', 7.64, 7.64, 7.53, 7.55]
['2016-07-29', 7.62, 7.65, 7.49, 7.57]
['2016-08-01', 7.63, 7.63, 7.49, 7.57]
['2016-08-02', 7.58, 7.58, 7.46, 7.48]
['2016-08-03', 7.45, 7.55, 7.29, 7.31]
['2016-08-04', 7.29, 7.29, 6.59, 6.7]
['2016-08-05', 6.7, 6.89, 6.63, 6.87]
['2016-08-08', 6.81, 7.0, 6.81, 6.94]
['2016-08-09', 6.94, 7.12, 6.94, 7.11]
['2016-08-10', 7.16, 7.23, 7.05, 7.08]
['2016-08-11', 7.44, 7.44, 7.07, 7.24]
['2016-08-12', 7.3, 7.52, 7.3, 7.47]
['2016-08-15', 7.49, 7.65, 7.15, 7.17]
['2016-08-16', 7.2, 7.64, 7.17, 7.17]
['2016-08-17', 7.48, 7.48, 7.29, 7.39]
['2016-08-18', 7.42, 7.42, 7.36, 7.42]
['2016-08-19', 7.43, 7.44, 7.36, 7.37]
['2016-08-22', 7.33, 7.46, 7.33, 7.38]
['2016-08-23', 7.4, 7.55, 7.4, 7.48]
['2016-08-24', 7.5, 7.5, 7.19, 7.27]
['2016-08-25', 7.23, 7.25, 7.17, 7.18]
['2016-08-26', 7.23, 7.32, 7.05, 7.07]
['2016-08-29', 7.09, 7.09, 7.05, 7.08]
['2016-08-30', 7.14, 7.17, 7.09, 7.16]
['2016-08-31', 7.18, 7.24, 7.05, 7.16]
['2016-09-01', 7.09, 7.26, 7.09, 7.18]
['2016-09-02', 7.19, 7.21, 7.11, 7.15]
['2016-09-06', 7.17, 7.21, 7.14, 7.14]
['2016-09-07', 7.17, 7.17, 7.09, 7.11]
['2016-09-08', 7.09, 7.12, 7.07, 7.07]
['2016-09-09', 7.08, 7.12, 6.9, 6.9]
['2016-09-12', 6.95, 7.01, 6.89, 7.01]
['2016-09-13', 6.93, 6.94, 6.87, 6.89]
['2016-09-14', 6.87, 7.2, 6.87, 7.07]
['2016-09-15', 7.0, 7.18, 7.0, 7.16]
['2016-09-16', 7.18, 7.2, 7.07, 7.18]
['2016-09-19', 7.26, 7.27, 7.2, 7.21]
['2016-09-20', 7.26, 7.26, 7.2, 7.22]
['2016-09-21', 7.19, 7.27, 7.15, 7.22]
['2016-09-22', 7.17, 7.21, 7.09, 7.2]
['2016-09-23', 7.14, 7.16, 7.1, 7.1]
['2016-09-26', 7.12, 7.13, 7.09, 7.11]
['2016-09-27', 7.08, 7.2, 7.08, 7.19]
['2016-09-28', 7.17, 7.2, 7.16, 7.17]
['2016-09-29', 7.2, 7.2, 6.75, 6.86]
['2016-09-30', 6.87, 7.22, 6.75, 7.21]
['2016-10-03', 7.2, 7.25, 7.08, 7.16]
['2016-10-04', 7.19, 7.19, 6.9, 6.9]
['2016-10-05', 6.95, 7.09, 6.95, 7.05]
['2016-10-06', 7.03, 7.03, 6.91, 6.95]
['2016-10-07', 6.93, 7.01, 6.93, 6.94]
['2016-10-10', 7.06, 7.13, 6.93, 7.13]
['2016-10-11', 7.09, 7.1, 6.94, 7.01]
['2016-10-12', 7.07, 7.07, 6.98, 7.0]
['2016-10-13', 7.01, 7.04, 6.97, 6.97]
['2016-10-14', 7.0, 7.17, 7.0, 7.08]
['2016-10-17', 7.22, 7.22, 6.99, 7.04]
['2016-10-18', 7.16, 7.16, 7.02, 7.03]
['2016-10-19', 7.09, 7.09, 6.97, 7.01]
['2016-10-20', 6.96, 6.97, 6.85, 6.94]
['2016-10-21', 6.94, 7.04, 6.92, 6.98]
['2016-10-24', 6.97, 7.0, 6.88, 6.98]
['2016-10-25', 7.01, 7.02, 6.94, 6.98]
['2016-10-26', 6.96, 7.02, 6.96, 6.99]
['2016-10-27', 7.01, 7.01, 6.9, 6.92]
['2016-10-28', 7.02, 7.02, 6.95, 6.97]
['2016-10-31', 6.97, 7.06, 6.91, 7.06]
['2016-11-01', 7.02, 7.04, 6.99, 7.02]
['2016-11-02', 6.95, 7.04, 6.92, 6.98]
['2016-11-03', 6.91, 7.0, 6.83, 6.85]
['2016-11-04', 6.83, 7.03, 6.83, 6.89]
['2016-11-07', 6.97, 7.06, 6.92, 7.03]
['2016-11-08', 7.06, 7.06, 7.0, 7.04]
['2016-11-09', 6.99, 7.07, 6.92, 7.06]
['2016-11-10', 7.09, 7.09, 6.92, 7.03]
['2016-11-11', 7.06, 7.09, 6.95, 7.09]
['2016-11-14', 7.11, 7.11, 6.94, 7.06]
['2016-11-15', 6.98, 7.06, 6.98, 7.05]
['2016-11-16', 6.96, 7.13, 6.94, 7.13]
['2016-11-17', 7.11, 7.31, 7.11, 7.26]
['2016-11-18', 7.31, 7.46, 7.2, 7.41]
['2016-11-21', 7.49, 7.52, 7.29, 7.34]
['2016-11-22', 7.31, 7.42, 7.24, 7.37]
['2016-11-23', 7.32, 7.51, 7.32, 7.49]
['2016-11-25', 7.52, 7.52, 7.24, 7.39]
['2016-11-28', 7.33, 7.47, 7.33, 7.42]
['2016-11-29', 7.35, 7.9, 7.28, 7.72]
['2016-11-30', 7.8, 7.87, 7.57, 7.65]
['2016-12-01', 7.74, 7.74, 7.54, 7.64]
['2016-12-02', 7.66, 7.66, 7.46, 7.47]
['2016-12-05', 7.56, 7.71, 7.51, 7.68]
['2016-12-06', 7.7, 7.89, 7.5, 7.84]
['2016-12-07', 7.82, 8.02, 7.74, 7.83]
['2016-12-08', 7.88, 8.04, 7.75, 7.87]
['2016-12-09', 7.83, 7.93, 7.77, 7.89]
['2016-12-12', 7.93, 7.93, 7.66, 7.72]
['2016-12-13', 7.7, 7.72, 7.51, 7.64]
['2016-12-14', 7.67, 7.94, 7.55, 7.62]
['2016-12-15', 7.64, 7.8, 7.63, 7.75]
['2016-12-16', 7.78, 7.9, 7.78, 7.9]
['2016-12-19', 7.9, 8.19, 7.9, 8.16]
['2016-12-20', 8.2, 8.21, 8.11, 8.2]
['2016-12-21', 8.16, 8.32, 8.07, 8.28]
['2016-12-22', 8.18, 8.29, 7.96, 8.22]
['2016-12-23', 8.17, 8.29, 8.09, 8.25]
['2016-12-27', 8.31, 8.41, 8.26, 8.37]
['2016-12-28', 8.43, 8.43, 8.14, 8.25]
['2016-12-29', 8.27, 8.27, 8.21, 8.22]
['2016-12-30', 8.27, 8.29, 8.15, 8.26]
['2017-01-03', 8.32, 8.32, 8.08, 8.24]
['2017-01-04', 8.29, 8.36, 8.23, 8.36]
['2017-01-05', 8.37, 8.37, 8.3, 8.33]
['2017-01-06', 8.37, 8.37, 8.3, 8.32]
['2017-01-09', 8.27, 8.34, 8.13, 8.25]
['2017-01-10', 8.34, 8.35, 8.26, 8.3]
['2017-01-11', 8.29, 8.35, 8.28, 8.32]
['2017-01-12', 8.36, 8.36, 8.21, 8.26]
['2017-01-13', 8.3, 8.44, 8.28, 8.4]
['2017-01-17', 8.19, 8.3, 8.01, 8.11]
['2017-01-18', 8.13, 8.13, 7.96, 8.01]
['2017-01-19', 7.94, 7.96, 7.87, 7.89]
['2017-01-20', 7.87, 7.93, 7.63, 7.71]
['2017-01-23', 7.7, 7.71, 7.37, 7.4]
['2017-01-24', 7.35, 7.53, 7.35, 7.52]
['2017-01-25', 7.75, 7.91, 7.28, 7.35]
['2017-01-26', 7.39, 7.46, 7.19, 7.41]
['2017-01-27', 7.43, 7.56, 7.42, 7.5]
['2017-01-30', 7.53, 7.53, 7.39, 7.43]
['2017-01-31', 7.48, 7.53, 7.33, 7.41]
['2017-02-01', 7.46, 7.54, 7.3, 7.37]
['2017-02-02', 7.34, 7.55, 7.34, 7.53]
['2017-02-03', 7.55, 7.64, 7.52, 7.53]
['2017-02-06', 7.55, 7.55, 7.45, 7.45]
['2017-02-07', 7.39, 7.42, 7.34, 7.38]
['2017-02-08', 7.37, 7.42, 7.28, 7.33]
['2017-02-09', 7.29, 7.52, 7.29, 7.43]
['2017-02-10', 7.49, 7.72, 7.36, 7.63]
['2017-02-13', 7.69, 7.89, 7.66, 7.88]
['2017-02-14', 7.8, 7.87, 7.76, 7.77]
['2017-02-15', 7.76, 7.84, 7.67, 7.78]
['2017-02-16', 7.79, 8.0, 7.79, 7.89]
['2017-02-17', 7.94, 8.0, 7.89, 7.94]
['2017-02-21', 7.98, 8.07, 7.92, 8.07]
['2017-02-22', 8.0, 8.04, 7.95, 7.96]
['2017-02-23', 7.94, 7.98, 7.88, 7.88]
['2017-02-24', 7.87, 7.87, 7.77, 7.84]
['2017-02-27', 7.88, 7.98, 7.79, 7.9]
['2017-02-28', 7.89, 8.0, 7.83, 7.84]
['2017-03-01', 7.9, 8.11, 7.87, 8.08]
['2017-03-02', 8.08, 8.11, 7.86, 7.86]
['2017-03-03', 7.89, 7.94, 7.65, 7.76]
['2017-03-06', 7.71, 7.71, 7.51, 7.56]
['2017-03-07', 7.5, 7.58, 7.3, 7.49]
['2017-03-08', 7.54, 7.54, 7.3, 7.38]
['2017-03-09', 7.38, 7.53, 7.33, 7.33]
['2017-03-10', 7.55, 7.68, 7.36, 7.66]
['2017-03-13', 7.59, 7.93, 7.59, 7.88]
['2017-03-14', 7.92, 7.92, 7.84, 7.86]
['2017-03-15', 7.88, 8.01, 7.88, 7.98]
['2017-03-16', 8.01, 8.01, 7.9, 7.94]
['2017-03-17', 7.91, 8.23, 7.91, 8.23]
['2017-03-20', 8.13, 8.21, 8.13, 8.15]
['2017-03-21', 8.17, 8.18, 8.05, 8.07]
['2017-03-22', 8.12, 8.12, 8.02, 8.03]
['2017-03-23', 8.08, 8.14, 8.02, 8.05]
['2017-03-24', 8.01, 8.07, 7.91, 7.97]
['2017-03-27', 7.96, 8.01, 7.78, 7.97]
['2017-03-28', 7.96, 8.19, 7.87, 7.94]
['2017-03-29', 7.98, 8.06, 7.94, 7.97]
['2017-03-30', 7.92, 8.01, 7.91, 7.93]
['2017-03-31', 8.01, 8.01, 7.92, 7.96]
['2017-04-03', 7.89, 7.97, 7.85, 7.94]
['2017-04-04', 7.95, 7.97, 7.92, 7.96]
['2017-04-05', 7.97, 7.97, 7.88, 7.9]
['2017-04-06', 7.92, 7.92, 7.84, 7.87]
['2017-04-07', 7.9, 7.94, 7.89, 7.89]
['2017-04-10', 8.0, 8.03, 7.9, 7.92]
['2017-04-11', 7.93, 8.0, 7.9, 7.99]
['2017-04-12', 8.12, 8.25, 8.08, 8.13]
['2017-04-13', 8.12, 8.13, 8.06, 8.07]
['2017-04-17', 8.06, 8.12, 8.04, 8.12]
['2017-04-18', 8.05, 8.14, 8.04, 8.1]
['2017-04-19', 8.1, 8.22, 8.07, 8.13]
['2017-04-20', 8.18, 8.23, 8.12, 8.23]
['2017-04-21', 8.18, 8.23, 7.98, 8.16]
['2017-04-24', 8.24, 8.24, 8.13, 8.16]
['2017-04-25', 8.18, 8.26, 8.16, 8.25]
['2017-04-26', 8.27, 8.59, 8.24, 8.41]
['2017-04-27', 8.44, 8.46, 8.37, 8.39]
['2017-04-28', 8.44, 8.44, 8.34, 8.38]
['2017-05-01', 8.38, 8.42, 8.32, 8.4]
['2017-05-02', 8.41, 8.41, 8.27, 8.33]
['2017-05-03', 8.28, 8.37, 8.21, 8.29]
['2017-05-04', 8.34, 8.34, 8.24, 8.25]
['2017-05-05', 8.26, 8.37, 8.26, 8.3]
['2017-05-08', 8.3, 8.39, 8.24, 8.37]
['2017-05-09', 8.37, 8.54, 8.26, 8.26]
['2017-05-10', 8.29, 8.41, 8.26, 8.29]
['2017-05-11', 8.24, 8.27, 8.22, 8.26]
['2017-05-12', 8.23, 8.26, 7.8, 7.89]
['2017-05-15', 7.86, 8.08, 7.84, 7.89]
['2017-05-16', 7.96, 8.05, 7.75, 7.85]
['2017-05-17', 8.09, 8.09, 7.75, 7.83]
['2017-05-18', 7.91, 8.04, 7.83, 7.85]
['2017-05-19', 7.94, 8.0, 7.87, 7.96]
['2017-05-22', 8.1, 8.2, 8.04, 8.13]
['2017-05-23', 8.13, 8.33, 7.93, 8.29]
['2017-05-24', 8.37, 8.42, 8.2, 8.27]
['2017-05-25', 8.25, 8.3, 8.21, 8.27]
['2017-05-26', 8.28, 8.38, 8.28, 8.36]
['2017-05-30', 8.34, 8.77, 8.34, 8.72]
['2017-05-31', 8.85, 8.85, 8.7, 8.72]
['2017-06-01', 8.78, 8.78, 8.7, 8.78]
['2017-06-02', 8.74, 8.78, 8.22, 8.5]
['2017-06-05', 8.44, 8.57, 8.24, 8.42]
['2017-06-06', 8.37, 8.51, 8.28, 8.48]
['2017-06-07', 8.44, 8.52, 8.4, 8.44]
['2017-06-08', 8.47, 8.54, 8.39, 8.51]
['2017-06-09', 8.53, 8.59, 8.5, 8.55]
['2017-06-12', 8.49, 8.78, 8.49, 8.77]
['2017-06-13', 8.78, 9.0, 8.74, 8.95]
['2017-06-14', 9.14, 9.14, 8.81, 9.04]
['2017-06-15', 8.99, 9.14, 8.88, 9.03]
['2017-06-16', 8.94, 9.15, 8.76, 9.07]
['2017-06-19', 9.16, 9.16, 8.97, 9.06]
['2017-06-20', 9.07, 9.1, 8.98, 9.01]
['2017-06-21', 8.98, 9.13, 8.97, 9.05]
['2017-06-22', 9.05, 9.06, 8.88, 8.98]
['2017-06-23', 8.96, 9.17, 8.86, 9.16]
['2017-06-26', 9.14, 9.14, 9.02, 9.12]
['2017-06-27', 9.13, 9.13, 9.01, 9.02]
['2017-06-28', 8.99, 9.13, 8.93, 9.09]
['2017-06-29', 9.12, 9.13, 9.09, 9.11]
['2017-06-30', 9.17, 9.18, 9.1, 9.13]
['2017-07-03', 9.12, 9.21, 9.12, 9.19]
['2017-07-05', 9.13, 9.2, 9.02, 9.17]
['2017-07-06', 9.17, 9.21, 9.05, 9.15]
['2017-07-07', 9.15, 9.22, 9.09, 9.21]
['2017-07-10', 9.22, 9.22, 9.13, 9.13]
['2017-07-11', 9.18, 9.18, 9.06, 9.08]
['2017-07-12', 9.13, 9.22, 9.11, 9.15]
['2017-07-13', 9.08, 9.08, 9.01, 9.06]
['2017-07-14', 9.03, 9.17, 8.72, 9.08]
['2017-07-17', 9.09, 9.11, 8.75, 9.07]
['2017-07-18', 8.99, 9.11, 8.75, 8.82]
['2017-07-19', 8.84, 8.88, 8.74, 8.82]
['2017-07-20', 8.78, 8.78, 8.49, 8.59]
['2017-07-21', 8.69, 8.73, 8.61, 8.71]
['2017-07-24', 8.69, 8.79, 8.63, 8.7]
['2017-07-25', 8.81, 8.9, 8.72, 8.74]
['2017-07-26', 8.78, 8.82, 8.69, 8.82]
['2017-07-27', 8.84, 8.85, 8.69, 8.71]
['2017-07-28', 9.01, 9.01, 8.74, 8.8]
['2017-07-31', 8.84, 9.0, 8.69, 8.72]
['2017-08-01', 8.69, 8.93, 8.67, 8.82]
['2017-08-02', 8.8, 8.92, 8.69, 8.73]
['2017-08-03', 8.75, 8.91, 8.75, 8.79]
['2017-08-04', 8.74, 8.77, 8.68, 8.74]
['2017-08-07', 8.77, 8.86, 8.73, 8.86]
['2017-08-08', 8.83, 8.96, 8.78, 8.92]
['2017-08-09', 8.95, 8.95, 8.66, 8.72]
['2017-08-10', 8.69, 8.71, 8.69, 8.69]
['2017-08-11', 8.74, 8.75, 8.61, 8.72]
['2017-08-14', 8.74, 8.75, 8.67, 8.73]
['2017-08-15', 8.75, 8.75, 8.55, 8.57]
['2017-08-16', 8.57, 8.67, 8.51, 8.61]
['2017-08-17', 8.54, 8.62, 8.52, 8.59]
['2017-08-18', 8.49, 8.76, 8.49, 8.71]
['2017-08-21', 8.7, 8.8, 8.68, 8.77]
['2017-08-22', 8.76, 8.86, 8.76, 8.85]
['2017-08-23', 8.84, 8.93, 8.8, 8.88]
['2017-08-24', 8.91, 8.99, 8.85, 8.93]
['2017-08-25', 9.01, 9.01, 8.86, 8.99]
['2017-08-28', 8.93, 9.06, 8.91, 9.03]
['2017-08-29', 9.0, 9.03, 8.94, 8.98]
['2017-08-30', 9.02, 9.02, 8.89, 8.9]
['2017-08-31', 8.99, 9.02, 8.78, 8.87]
['2017-09-01', 8.87, 8.88, 8.71, 8.87]
['2017-09-05', 8.88, 8.89, 8.71, 8.75]
['2017-09-06', 8.79, 8.97, 8.71, 8.96]
['2017-09-07', 8.96, 9.09, 8.93, 8.99]
['2017-09-08', 8.9, 9.14, 8.84, 8.93]
['2017-09-11', 9.03, 9.06, 8.86, 9.0]
['2017-09-12', 8.99, 9.11, 8.99, 9.0]
['2017-09-13', 8.94, 9.03, 8.94, 9.01]
['2017-09-14', 8.94, 9.21, 8.94, 9.1]
['2017-09-15', 9.12, 9.23, 8.68, 8.76]
['2017-09-18', 8.75, 9.01, 8.75, 8.9]
['2017-09-19', 9.09, 9.09, 8.78, 8.98]
['2017-09-20', 9.21, 9.21, 9.0, 9.02]
['2017-09-21', 9.08, 9.12, 8.78, 8.95]
['2017-09-22', 8.89, 9.02, 8.81, 8.81]
['2017-09-25', 8.82, 8.96, 8.79, 8.95]
['2017-09-26', 9.02, 9.02, 8.9, 8.94]
['2017-09-27', 9.03, 9.04, 8.82, 8.95]
['2017-09-28', 8.98, 8.98, 8.78, 8.82]
['2017-09-29', 8.89, 8.93, 8.74, 8.75]
['2017-10-02', 8.75, 8.91, 8.72, 8.9]
['2017-10-03', 8.95, 8.95, 8.73, 8.9]
['2017-10-04', 8.89, 8.93, 8.83, 8.84]
['2017-10-05', 8.89, 8.89, 8.8, 8.85]
['2017-10-06', 8.82, 8.9, 8.81, 8.87]
['2017-10-09', 8.92, 8.92, 8.86, 8.87]
['2017-10-10', 8.94, 8.96, 8.89, 8.93]
['2017-10-11', 8.86, 8.98, 8.86, 8.95]
['2017-10-12', 8.95, 9.03, 8.9, 8.99]
['2017-10-13', 9.05, 9.05, 8.92, 8.92]
['2017-10-16', 9.0, 9.07, 8.91, 9.03]
['2017-10-17', 9.07, 9.07, 8.94, 9.03]
['2017-10-18', 9.01, 9.03, 8.91, 8.97]
['2017-10-19', 8.93, 8.98, 8.91, 8.96]
['2017-10-20', 8.98, 8.98, 8.83, 8.92]
['2017-10-23', 8.88, 8.97, 8.84, 8.88]
['2017-10-24', 8.89, 8.91, 8.75, 8.75]
['2017-10-25', 8.76, 8.85, 8.76, 8.81]
['2017-10-26', 8.86, 8.88, 8.77, 8.81]
['2017-10-27', 8.75, 8.89, 8.71, 8.8]
['2017-10-30', 8.74, 8.8, 8.74, 8.77]
['2017-10-31', 8.85, 8.85, 8.67, 8.76]
['2017-11-01', 8.85, 8.85, 8.71, 8.76]
['2017-11-02', 8.83, 8.83, 8.74, 8.83]
['2017-11-03', 8.75, 8.76, 8.75, 8.76]
['2017-11-06', 8.74, 8.76, 8.74, 8.75]
['2017-11-07', 8.78, 8.83, 8.7, 8.75]
['2017-11-08', 8.73, 8.84, 8.73, 8.77]
['2017-11-09', 8.68, 9.06, 8.67, 9.02]
['2017-11-10', 9.07, 9.31, 9.07, 9.08]
['2017-11-13', 9.14, 9.26, 8.95, 9.14]
['2017-11-14', 9.2, 9.3, 9.12, 9.17]
['2017-11-15', 9.21, 9.21, 9.07, 9.11]
['2017-11-16', 9.07, 9.25, 9.07, 9.16]
['2017-11-17', 9.1, 9.19, 9.09, 9.14]
['2017-11-20', 9.11, 9.21, 9.08, 9.21]
['2017-11-21', 9.14, 9.14, 9.05, 9.09]
['2017-11-22', 9.06, 9.06, 8.97, 8.98]
['2017-11-24', 9.1, 9.1, 9.01, 9.06]
['2017-11-27', 9.02, 9.1, 8.95, 8.99]
['2017-11-28', 9.06, 9.08, 8.95, 9.07]
['2017-11-29', 8.93, 9.1, 8.93, 9.1]
['2017-11-30', 9.1, 9.22, 8.94, 9.03]
['2017-12-01', 9.01, 9.15, 8.84, 9.08]
['2017-12-04', 9.16, 9.16, 8.87, 9.06]
['2017-12-05', 8.98, 9.06, 8.96, 8.98]
['2017-12-06', 9.01, 9.17, 8.94, 8.94]
['2017-12-07', 8.95, 8.95, 8.72, 8.78]
['2017-12-08', 8.76, 8.83, 8.73, 8.76]
['2017-12-11', 8.72, 8.72, 8.64, 8.64]
['2017-12-12', 8.7, 8.78, 8.64, 8.68]
['2017-12-13', 8.77, 8.84, 8.75, 8.82]
['2017-12-14', 8.71, 8.81, 8.69, 8.7]
['2017-12-15', 8.65, 8.8, 8.65, 8.75]
['2017-12-18', 8.79, 8.87, 8.67, 8.85]
['2017-12-19', 8.83, 8.87, 8.6, 8.62]
['2017-12-20', 8.66, 8.72, 8.62, 8.68]
['2017-12-21', 8.73, 8.83, 8.7, 8.82]
['2017-12-22', 8.76, 8.76, 8.59, 8.61]
['2017-12-26', 8.6, 8.6, 8.42, 8.45]
['2017-12-27', 8.59, 8.66, 8.45, 8.47]
['2017-12-28', 8.48, 8.82, 8.48, 8.68]
['2017-12-29', 8.76, 8.8, 8.65, 8.74]
['2018-01-02', 8.73, 8.74, 8.47, 8.56]
['2018-01-03', 8.54, 8.61, 8.54, 8.58]
['2018-01-04', 8.58, 8.59, 8.49, 8.49]
['2018-01-05', 8.53, 8.66, 8.52, 8.57]
['2018-01-08', 8.57, 8.62, 8.47, 8.58]
['2018-01-09', 8.59, 8.69, 8.51, 8.53]
['2018-01-10', 8.55, 8.55, 8.43, 8.45]
['2018-01-11', 8.51, 8.51, 8.34, 8.39]
['2018-01-12', 8.4, 8.41, 7.94, 8.23]
['2018-01-16', 8.14, 8.26, 8.12, 8.25]
['2018-01-17', 8.24, 8.38, 8.18, 8.36]
['2018-01-18', 8.33, 8.44, 8.24, 8.39]
['2018-01-19', 8.46, 8.67, 8.32, 8.58]
['2018-01-22', 8.57, 8.7, 8.49, 8.51]
['2018-01-23', 8.46, 8.68, 8.46, 8.59]
['2018-01-24', 8.59, 8.6, 8.49, 8.49]
['2018-01-25', 8.56, 8.66, 8.26, 8.34]
['2018-01-26', 8.26, 8.44, 8.26, 8.36]
['2018-01-29', 8.3, 8.39, 8.3, 8.36]
['2018-01-30', 8.36, 8.37, 8.32, 8.36]
['2018-01-31', 8.35, 8.4, 8.35, 8.35]
['2018-02-01', 8.31, 8.4, 8.29, 8.35]
['2018-02-02', 8.33, 8.33, 8.04, 8.24]
['2018-02-05', 8.21, 8.23, 8.07, 8.07]
['2018-02-06', 7.97, 8.25, 7.88, 8.23]
['2018-02-07', 8.24, 8.31, 8.13, 8.13]
['2018-02-08', 8.13, 8.5, 8.13, 8.4]
['2018-02-09', 8.39, 8.64, 8.39, 8.55]
['2018-02-12', 8.55, 8.55, 8.0, 8.33]
['2018-02-13', 8.31, 8.45, 8.31, 8.37]
['2018-02-14', 8.32, 8.46, 8.28, 8.37]
['2018-02-15', 8.38, 8.51, 8.18, 8.44]
['2018-02-16', 8.41, 8.51, 8.37, 8.43]
['2018-02-20', 8.4, 8.4, 8.18, 8.33]
['2018-02-21', 8.36, 8.41, 8.18, 8.31]
['2018-02-22', 8.19, 8.34, 8.12, 8.23]
['2018-02-23', 8.22, 8.32, 8.13, 8.23]
['2018-02-26', 8.26, 8.31, 8.06, 8.17]
['2018-02-27', 8.14, 8.22, 8.0, 8.05]
['2018-02-28', 8.1, 8.25, 7.99, 8.04]
['2018-03-01', 8.03, 8.09, 7.96, 7.99]
['2018-03-02', 7.97, 8.08, 7.97, 8.08]
['2018-03-05', 8.04, 8.1, 7.96, 8.01]
['2018-03-06', 8.08, 8.17, 7.99, 8.12]
['2018-03-07', 8.17, 8.27, 8.08, 8.26]
['2018-03-08', 8.39, 8.93, 8.37, 8.54]
['2018-03-09', 8.87, 8.87, 8.27, 8.5]
['2018-03-12', 8.58, 8.58, 8.15, 8.45]
['2018-03-13', 8.52, 8.64, 8.42, 8.64]
['2018-03-14', 8.59, 8.8, 8.46, 8.67]
['2018-03-15', 8.78, 8.78, 8.52, 8.64]
['2018-03-16', 8.63, 8.63, 8.4, 8.58]
['2018-03-19', 8.6, 8.65, 8.49, 8.63]
['2018-03-20', 8.7, 8.7, 8.56, 8.6]
['2018-03-21', 8.57, 8.69, 8.46, 8.49]
['2018-03-22', 8.42, 8.63, 8.42, 8.5]
['2018-03-23', 8.35, 8.48, 8.3, 8.37]
['2018-03-26', 8.67, 8.67, 8.25, 8.35]
['2018-03-27', 8.51, 8.54, 8.3, 8.42]
['2018-03-28', 8.46, 8.46, 8.28, 8.34]
['2018-03-29', 8.39, 8.52, 8.29, 8.46]
['2018-04-02', 8.46, 8.46, 8.3, 8.44]
['2018-04-03', 8.47, 8.62, 8.42, 8.51]
['2018-04-04', 8.48, 8.65, 8.39, 8.64]
['2018-04-05', 8.48, 8.64, 8.48, 8.6]
['2018-04-06', 8.65, 8.66, 8.39, 8.45]
['2018-04-09', 8.45, 8.6, 8.44, 8.47]
['2018-04-10', 8.58, 8.58, 8.43, 8.46]
['2018-04-11', 8.41, 8.63, 8.41, 8.46]
['2018-04-12', 8.56, 8.56, 8.41, 8.44]
['2018-04-13', 8.44, 8.44, 8.38, 8.4]
['2018-04-16', 8.43, 8.52, 8.37, 8.45]
['2018-04-17', 8.42, 8.55, 8.32, 8.46]
['2018-04-18', 8.41, 8.53, 8.38, 8.47]
['2018-04-19', 8.51, 8.51, 8.31, 8.44]
['2018-04-20', 8.37, 8.65, 8.37, 8.61]
['2018-04-23', 8.64, 8.78, 8.62, 8.66]
['2018-04-24', 8.7, 8.7, 8.6, 8.7]
['2018-04-25', 8.75, 8.75, 8.6, 8.68]
['2018-04-26', 8.63, 8.79, 8.63, 8.77]
['2018-04-27', 8.73, 8.83, 8.7, 8.72]
['2018-04-30', 8.78, 8.78, 8.62, 8.71]
['2018-05-01', 8.67, 8.71, 8.61, 8.65]
['2018-05-02', 8.7, 8.89, 8.6, 8.73]
['2018-05-03', 8.74, 8.74, 8.6, 8.64]
['2018-05-04', 8.69, 8.79, 8.5, 8.51]
['2018-05-07', 8.57, 8.57, 8.36, 8.44]
['2018-05-08', 8.41, 8.5, 8.16, 8.42]
['2018-05-09', 8.34, 8.48, 8.34, 8.48]
['2018-05-10', 8.51, 8.74, 8.2, 8.71]
['2018-05-11', 8.41, 8.62, 8.41, 8.5]
['2018-05-14', 8.47, 8.59, 8.37, 8.49]
['2018-05-15', 8.41, 8.77, 8.38, 8.55]
['2018-05-16', 8.6, 8.7, 8.49, 8.68]
['2018-05-17', 8.42, 8.75, 8.42, 8.69]
['2018-05-18', 8.75, 8.76, 8.63, 8.69]
['2018-05-21', 8.68, 8.77, 8.67, 8.77]
['2018-05-22', 8.67, 8.7, 8.63, 8.64]
['2018-05-23', 8.67, 8.72, 8.59, 8.69]
['2018-05-24', 8.64, 8.75, 8.6, 8.72]
['2018-05-25', 8.75, 8.75, 8.67, 8.75]
['2018-05-29', 8.76, 8.76, 8.64, 8.67]
['2018-05-30', 8.75, 8.75, 8.62, 8.68]
['2018-05-31', 8.62, 8.74, 8.61, 8.66]
['2018-06-01', 8.7, 8.72, 8.58, 8.62]
['2018-06-04', 8.65, 8.76, 8.57, 8.72]
['2018-06-05', 8.69, 8.7, 8.29, 8.53]
['2018-06-06', 8.75, 8.75, 8.6, 8.61]
['2018-06-07', 8.61, 8.73, 8.54, 8.7]
['2018-06-08', 8.73, 8.73, 8.58, 8.6]
['2018-06-11', 8.53, 8.72, 8.53, 8.55]
['2018-06-12', 8.53, 8.55, 8.4, 8.45]
['2018-06-13', 8.42, 8.67, 8.36, 8.67]
['2018-06-14', 8.63, 8.75, 8.58, 8.68]
['2018-06-15', 8.65, 8.67, 8.47, 8.62]
['2018-06-18', 8.65, 8.77, 8.6, 8.74]
['2018-06-19', 8.73, 8.74, 8.67, 8.7]
['2018-06-20', 8.74, 9.03, 8.72, 9.03]
['2018-06-21', 8.97, 9.02, 8.89, 8.92]
['2018-06-22', 8.94, 9.12, 8.82, 9.12]
['2018-06-25', 9.04, 9.19, 8.98, 9.13]
['2018-06-26', 9.12, 9.45, 8.85, 9.44]
['2018-06-27', 9.32, 9.33, 8.85, 9.05]
['2018-06-28', 9.02, 9.2, 8.9, 8.96]
['2018-06-29', 9.04, 9.04, 8.85, 8.93]
['2018-07-02', 8.89, 9.1, 8.89, 9.0]
['2018-07-03', 9.06, 9.15, 8.83, 9.14]
['2018-07-05', 9.1, 9.19, 9.01, 9.19]
['2018-07-06', 9.19, 9.37, 9.15, 9.23]
['2018-07-09', 9.35, 9.35, 9.14, 9.25]
['2018-07-10', 9.39, 9.39, 9.05, 9.12]
['2018-07-11', 9.44, 9.44, 9.04, 9.04]
['2018-07-12', 9.21, 9.21, 9.07, 9.08]
['2018-07-13', 9.05, 9.05, 8.94, 8.96]
['2018-07-16', 8.97, 8.97, 8.9, 8.92]
['2018-07-17', 8.97, 9.39, 8.88, 8.89]
['2018-07-18', 8.83, 9.1, 8.8, 9.03]
['2018-07-19', 8.92, 9.13, 8.85, 9.06]
['2018-07-20', 9.05, 9.21, 9.01, 9.09]
['2018-07-23', 9.05, 9.14, 9.04, 9.12]
['2018-07-24', 9.12, 9.19, 8.96, 9.03]
['2018-07-25', 9.05, 9.1, 8.86, 9.01]
['2018-07-26', 9.06, 9.17, 8.88, 9.06]
['2018-07-27', 9.05, 9.08, 8.94, 8.94]
['2018-07-30', 9.01, 9.05, 8.93, 9.03]
['2018-07-31', 8.95, 9.19, 8.94, 9.04]
['2018-08-01', 9.06, 9.11, 8.92, 9.11]
['2018-08-02', 9.18, 9.31, 9.11, 9.16]
['2018-08-03', 9.31, 9.31, 9.04, 9.09]
['2018-08-06', 8.93, 9.12, 8.93, 9.01]
['2018-08-07', 9.03, 9.14, 8.99, 9.13]
['2018-08-08', 9.05, 9.14, 9.03, 9.14]
['2018-08-09', 9.14, 9.14, 9.05, 9.14]
['2018-08-10', 9.14, 9.32, 9.08, 9.19]
['2018-08-13', 9.26, 9.35, 9.15, 9.28]
['2018-08-14', 9.35, 9.81, 9.14, 9.81]
['2018-08-15', 9.65, 10.02, 9.48, 9.49]
['2018-08-16', 9.29, 9.61, 9.28, 9.61]
['2018-08-17', 9.59, 9.7, 9.33, 9.57]
['2018-08-20', 9.55, 9.64, 9.55, 9.63]
['2018-08-21', 9.55, 9.79, 9.55, 9.71]
['2018-08-22', 9.65, 9.9, 9.65, 9.73]
['2018-08-23', 9.78, 9.78, 9.64, 9.67]
['2018-08-24', 9.73, 9.73, 9.47, 9.49]
['2018-08-27', 9.12, 9.32, 9.12, 9.15]
['2018-08-28', 9.21, 9.32, 9.19, 9.26]
['2018-08-29', 9.31, 9.39, 9.22, 9.36]
['2018-08-30', 9.39, 9.39, 9.25, 9.32]
['2018-08-31', 9.32, 9.4, 9.28, 9.4]
['2018-09-04', 9.36, 9.53, 9.36, 9.53]
['2018-09-05', 9.55, 9.55, 9.42, 9.47]
['2018-09-06', 9.55, 9.55, 9.42, 9.46]
['2018-09-07', 9.48, 9.61, 9.45, 9.57]
['2018-09-10', 9.62, 9.62, 9.49, 9.55]
['2018-09-11', 9.58, 9.73, 9.46, 9.59]
['2018-09-12', 9.65, 9.66, 9.55, 9.55]
['2018-09-13', 9.63, 9.68, 9.59, 9.65]
['2018-09-14', 9.75, 9.75, 9.61, 9.61]
['2018-09-17', 9.7, 9.7, 9.62, 9.66]
['2018-09-18', 9.73, 9.74, 9.66, 9.72]
['2018-09-19', 9.74, 9.8, 9.68, 9.7]
['2018-09-20', 9.67, 9.81, 9.62, 9.69]
['2018-09-21', 9.65, 9.81, 9.61, 9.61]
['2018-09-24', 9.66, 10.25, 9.66, 10.01]
['2018-09-25', 10.06, 10.22, 10.05, 10.1]
['2018-09-26', 10.14, 10.14, 9.9, 9.99]
['2018-09-27', 9.99, 10.27, 9.72, 10.25]
['2018-09-28', 10.32, 10.52, 10.01, 10.13]
['2018-10-01', 10.27, 10.27, 10.14, 10.19]
['2018-10-02', 10.23, 10.28, 9.95, 10.16]
['2018-10-03', 10.25, 10.25, 10.15, 10.2]
['2018-10-04', 10.25, 10.25, 9.98, 10.16]
['2018-10-05', 10.11, 10.34, 10.05, 10.28]
['2018-10-08', 10.35, 10.43, 10.14, 10.38]
['2018-10-09', 10.38, 10.41, 10.19, 10.26]
['2018-10-10', 10.3, 10.37, 10.2, 10.22]
['2018-10-11', 10.13, 10.36, 10.05, 10.14]
['2018-10-12', 10.19, 10.31, 10.1, 10.1]
['2018-10-15', 10.21, 10.23, 10.05, 10.11]
['2018-10-16', 10.17, 10.27, 10.11, 10.23]
['2018-10-17', 10.19, 10.28, 10.12, 10.14]
['2018-10-18', 10.12, 10.21, 10.07, 10.11]
['2018-10-19', 10.06, 10.35, 10.05, 10.22]
['2018-10-22', 10.31, 10.45, 10.21, 10.31]
['2018-10-23', 10.28, 10.39, 10.09, 10.12]
['2018-10-24', 10.18, 10.25, 10.05, 10.06]
['2018-10-25', 10.07, 10.19, 9.95, 10.11]
['2018-10-26', 10.02, 10.19, 9.88, 9.91]
['2018-10-29', 9.95, 10.2, 9.95, 10.08]
['2018-10-30', 10.12, 10.68, 10.12, 10.64]
['2018-10-31', 10.69, 10.78, 10.6, 10.68]
['2018-11-01', 10.77, 11.04, 10.75, 10.91]
['2018-11-02', 11.0, 11.13, 10.86, 10.86]
['2018-11-05', 10.92, 10.94, 10.49, 10.58]
['2018-11-06', 10.55, 10.68, 10.46, 10.63]
['2018-11-07', 11.03, 11.03, 10.41, 10.7]
['2018-11-08', 10.71, 10.71, 10.58, 10.63]
['2018-11-09', 10.63, 10.63, 10.34, 10.42]
['2018-11-12', 10.31, 10.43, 10.07, 10.22]
['2018-11-13', 10.17, 10.47, 10.03, 10.09]
['2018-11-14', 10.13, 10.35, 10.07, 10.1]
['2018-11-15', 10.27, 10.34, 10.01, 10.06]
['2018-11-16', 10.05, 10.23, 9.76, 9.83]
['2018-11-19', 9.76, 9.92, 9.76, 9.78]
['2018-11-20', 9.63, 9.75, 9.36, 9.37]
['2018-11-21', 9.37, 9.65, 9.37, 9.63]
['2018-11-23', 9.48, 9.78, 9.48, 9.78]
['2018-11-26', 9.78, 9.9, 9.63, 9.73]
['2018-11-27', 9.71, 9.86, 9.65, 9.73]
['2018-11-28', 10.19, 10.5, 9.53, 9.8]
['2018-11-29', 9.59, 9.88, 9.59, 9.79]
['2018-11-30', 9.79, 10.14, 9.64, 9.78]
['2018-12-03', 9.81, 10.02, 9.65, 9.84]
['2018-12-04', 9.89, 9.95, 9.61, 9.61]
['2018-12-06', 9.59, 9.85, 9.55, 9.78]
['2018-12-07', 9.83, 9.93, 9.66, 9.76]
['2018-12-10', 9.67, 9.84, 9.49, 9.64]
['2018-12-11', 9.64, 9.81, 9.37, 9.58]
['2018-12-12', 9.59, 9.83, 9.43, 9.83]
['2018-12-13', 9.85, 10.11, 9.85, 9.96]
['2018-12-14', 9.91, 10.08, 9.8, 9.87]
['2018-12-17', 9.84, 10.23, 9.69, 9.7]
['2018-12-18', 9.75, 9.91, 9.55, 9.6]
['2018-12-19', 9.66, 9.82, 9.52, 9.7]
['2018-12-20', 9.77, 9.87, 9.59, 9.72]
['2018-12-21', 9.7, 9.91, 9.59, 9.75]
['2018-12-24', 9.67, 9.78, 9.61, 9.69]
['2018-12-26', 9.64, 9.78, 9.5, 9.72]
['2018-12-27', 9.67, 9.88, 9.65, 9.84]
['2018-12-28', 9.86, 9.95, 9.74, 9.88]
['2018-12-31', 9.87, 10.05, 9.75, 9.77]
['2019-01-02', 9.68, 9.89, 9.68, 9.84]
['2019-01-03', 9.84, 9.84, 9.68, 9.72]
['2019-01-04', 9.82, 9.86, 9.7, 9.81]
['2019-01-07', 9.82, 9.95, 9.69, 9.84]
['2019-01-08', 9.88, 9.96, 9.67, 9.68]
['2019-01-09', 9.68, 9.73, 9.4, 9.47]
['2019-01-10', 9.41, 9.59, 9.34, 9.53]
['2019-01-11', 9.47, 9.59, 9.44, 9.47]
['2019-01-14', 9.47, 9.49, 9.26, 9.27]
['2019-01-15', 9.36, 9.55, 9.36, 9.52]
['2019-01-16', 9.48, 9.66, 9.38, 9.44]
['2019-01-17', 9.46, 9.66, 9.46, 9.59]
['2019-01-18', 9.57, 9.63, 9.32, 9.33]
['2019-01-22', 9.17, 9.42, 9.17, 9.2]
['2019-01-23', 9.19, 9.43, 9.19, 9.32]
['2019-01-24', 9.41, 9.41, 8.89, 8.96]
['2019-01-25', 9.02, 9.11, 8.88, 9.04]
['2019-01-28', 8.92, 9.08, 8.92, 9.0]
['2019-01-29', 9.02, 9.22, 8.98, 9.17]
['2019-01-30', 9.27, 9.33, 9.2, 9.28]
['2019-01-31', 9.33, 9.47, 9.28, 9.3]
['2019-02-01', 9.38, 9.5, 9.09, 9.18]
['2019-02-04', 9.18, 9.21, 9.03, 9.06]
['2019-02-05', 9.03, 9.19, 8.95, 8.97]
['2019-02-06', 8.88, 8.93, 8.79, 8.8]
['2019-02-07', 8.72, 8.93, 8.69, 8.71]
['2019-02-08', 8.75, 8.94, 8.75, 8.82]
['2019-02-11', 8.89, 8.93, 8.84, 8.85]
['2019-02-12', 8.87, 8.9, 8.84, 8.88]
['2019-02-13', 8.93, 8.93, 8.83, 8.89]
['2019-02-14', 8.87, 8.93, 8.78, 8.88]
['2019-02-15', 8.93, 9.06, 8.87, 9.02]
['2019-02-19', 9.0, 9.17, 9.0, 9.14]
['2019-02-20', 9.19, 9.25, 9.01, 9.11]
['2019-02-21', 9.14, 9.3, 9.0, 9.23]
['2019-02-22', 9.29, 9.33, 9.18, 9.33]
['2019-02-25', 9.45, 9.45, 9.26, 9.26]
['2019-02-26', 9.33, 9.44, 9.19, 9.19]
['2019-02-27', 9.19, 9.24, 9.14, 9.14]
['2019-02-28', 9.2, 9.4, 9.2, 9.21]
['2019-03-01', 9.29, 9.29, 9.07, 9.15]
['2019-03-04', 9.09, 9.3, 9.09, 9.2]
['2019-03-05', 9.2, 9.66, 9.18, 9.62]
['2019-03-06', 9.7, 9.92, 9.54, 9.92]
['2019-03-07', 9.89, 9.89, 9.42, 9.44]
['2019-03-08', 9.48, 9.64, 9.27, 9.27]
['2019-03-11', 9.42, 9.58, 9.31, 9.49]
['2019-03-12', 9.44, 9.44, 9.2, 9.2]
['2019-03-13', 9.2, 9.28, 9.15, 9.21]
['2019-03-14', 9.11, 9.3, 9.11, 9.27]
['2019-03-15', 9.25, 10.0, 9.23, 9.64]
['2019-03-18', 9.55, 9.59, 9.39, 9.52]
['2019-03-19', 9.5, 9.61, 9.42, 9.42]
['2019-03-20', 9.43, 9.59, 9.37, 9.38]
['2019-03-21', 9.39, 9.68, 9.38, 9.56]
['2019-03-22', 9.55, 9.7, 9.49, 9.55]
['2019-03-25', 9.54, 9.67, 9.51, 9.56]
['2019-03-26', 9.66, 9.69, 9.5, 9.65]
['2019-03-27', 9.51, 9.73, 9.46, 9.69]
['2019-03-28', 9.7, 9.76, 9.56, 9.6]
['2019-03-29', 9.71, 9.71, 9.43, 9.52]
['2019-04-01', 9.81, 9.81, 9.58, 9.68]
['2019-04-02', 9.69, 9.7, 9.45, 9.6]
['2019-04-03', 9.62, 9.62, 9.53, 9.62]
['2019-04-04', 9.68, 9.68, 9.37, 9.38]
['2019-04-05', 9.4, 9.56, 9.4, 9.56]
['2019-04-08', 9.56, 9.56, 9.42, 9.42]
['2019-04-09', 9.42, 9.42, 9.35, 9.36]
['2019-04-10', 9.39, 9.41, 9.27, 9.41]
['2019-04-11', 9.39, 9.41, 9.3, 9.34]
['2019-04-12', 9.45, 9.51, 9.21, 9.34]
['2019-04-15', 9.39, 9.51, 9.24, 9.41]
['2019-04-16', 9.47, 9.47, 9.37, 9.39]
['2019-04-17', 9.48, 9.49, 9.26, 9.46]
['2019-04-18', 9.42, 9.51, 9.39, 9.42]
['2019-04-22', 9.44, 9.53, 9.38, 9.45]
['2019-04-23', 9.39, 9.59, 9.39, 9.52]
['2019-04-24', 9.59, 9.59, 9.45, 9.49]
['2019-04-25', 9.45, 9.57, 9.35, 9.35]
['2019-04-26', 9.43, 9.57, 9.4, 9.49]
['2019-04-29', 9.42, 9.58, 9.42, 9.51]
['2019-04-30', 9.5, 9.54, 9.42, 9.49]
['2019-05-01', 9.52, 9.52, 9.36, 9.4]
['2019-05-02', 9.45, 9.46, 9.36, 9.41]
['2019-05-03', 9.46, 9.46, 9.34, 9.44]
['2019-05-06', 9.34, 9.44, 9.29, 9.34]
['2019-05-07', 9.36, 9.46, 9.31, 9.35]
['2019-05-08', 9.45, 9.45, 9.29, 9.31]
['2019-05-09', 9.27, 9.33, 9.05, 9.23]
['2019-05-10', 9.2, 9.46, 9.14, 9.35]
['2019-05-13', 9.28, 9.3, 9.16, 9.17]
['2019-05-14', 9.17, 9.45, 9.16, 9.45]
['2019-05-15', 9.34, 9.45, 9.23, 9.28]
['2019-05-16', 9.31, 9.48, 9.27, 9.31]
['2019-05-17', 9.25, 9.48, 9.22, 9.38]
['2019-05-20', 9.38, 9.53, 9.32, 9.34]
['2019-05-21', 9.38, 9.5, 9.37, 9.48]
['2019-05-22', 9.51, 9.6, 9.38, 9.43]
['2019-05-23', 9.43, 9.56, 9.37, 9.42]
['2019-05-24', 9.49, 9.59, 9.33, 9.46]
['2019-05-28', 9.4, 9.52, 9.32, 9.36]
['2019-05-29', 9.33, 9.41, 9.2, 9.22]
['2019-05-30', 9.25, 9.47, 9.25, 9.43]
['2019-05-31', 9.41, 9.42, 9.23, 9.29]
['2019-06-03', 9.3, 9.59, 9.22, 9.46]
['2019-06-04', 9.51, 9.6, 9.49, 9.56]
['2019-06-05', 9.58, 9.6, 9.41, 9.55]
['2019-06-06', 9.59, 9.6, 9.47, 9.58]
['2019-06-07', 9.58, 9.6, 9.56, 9.59]
['2019-06-10', 9.61, 9.89, 9.61, 9.75]
['2019-06-11', 9.71, 9.89, 9.71, 9.84]
['2019-06-12', 9.84, 9.89, 9.76, 9.89]
['2019-06-13', 9.97, 10.18, 9.93, 10.04]
['2019-06-14', 10.06, 10.32, 10.0, 10.24]
['2019-06-17', 10.37, 10.45, 10.1, 10.19]
['2019-06-18', 10.29, 10.35, 10.09, 10.26]
['2019-06-19', 10.36, 10.37, 10.1, 10.1]
['2019-06-20', 10.23, 10.41, 10.05, 10.07]
['2019-06-21', 10.04, 10.22, 9.92, 10.16]
['2019-06-24', 10.21, 10.21, 9.94, 10.02]
['2019-06-25', 9.96, 9.97, 9.85, 9.94]
['2019-06-26', 9.98, 9.98, 9.71, 9.84]
['2019-06-27', 9.83, 10.02, 9.82, 10.02]
['2019-06-28', 9.84, 10.26, 9.84, 10.21]
['2019-07-01', 10.17, 10.17, 9.93, 9.93]
['2019-07-02', 9.93, 10.03, 9.92, 10.02]
['2019-07-03', 10.26, 10.26, 9.95, 9.97]
['2019-07-05', 10.04, 10.21, 9.93, 10.02]
['2019-07-08', 10.02, 10.16, 10.01, 10.11]
['2019-07-09', 10.12, 10.37, 10.12, 10.36]
['2019-07-10', 10.23, 10.46, 10.23, 10.37]
['2019-07-11', 10.41, 10.58, 10.39, 10.47]
['2019-07-12', 10.4, 10.51, 10.4, 10.43]
['2019-07-15', 10.44, 10.54, 10.43, 10.54]
['2019-07-16', 10.78, 10.89, 10.78, 10.88]
['2019-07-17', 11.26, 12.18, 11.01, 12.05]
['2019-07-18', 11.77, 12.14, 11.57, 12.03]
['2019-07-19', 12.02, 12.18, 11.83, 11.96]
['2019-07-22', 11.92, 12.05, 11.45, 11.93]
['2019-07-23', 11.87, 12.08, 11.69, 11.95]
['2019-07-24', 11.9, 11.99, 11.71, 11.76]
['2019-07-25', 11.76, 11.77, 11.45, 11.49]
['2019-07-26', 11.57, 12.05, 11.57, 11.93]
['2019-07-29', 11.92, 12.24, 11.76, 11.97]
['2019-07-30', 12.0, 12.49, 11.97, 12.31]
['2019-07-31', 12.29, 12.5, 12.24, 12.41]
['2019-08-01', 12.41, 13.06, 12.41, 13.03]
['2019-08-02', 12.94, 12.98, 12.59, 12.89]
['2019-08-05', 12.92, 12.92, 11.24, 11.48]
['2019-08-06', 11.54, 11.76, 11.4, 11.54]
['2019-08-07', 11.46, 11.46, 11.17, 11.17]
['2019-08-08', 11.13, 11.4, 10.98, 10.99]
['2019-08-09', 11.13, 11.75, 11.13, 11.54]
['2019-08-12', 11.56, 11.79, 11.17, 11.28]
['2019-08-13', 11.33, 11.96, 11.04, 11.04]
['2019-08-14', 10.88, 11.38, 10.88, 11.17]
['2019-08-15', 11.23, 11.44, 11.14, 11.18]
['2019-08-16', 11.21, 11.49, 11.21, 11.49]
['2019-08-19', 11.51, 11.71, 11.32, 11.37]
['2019-08-20', 11.29, 11.45, 11.15, 11.24]
['2019-08-21', 11.28, 11.48, 11.24, 11.32]
['2019-08-22', 11.35, 11.52, 11.35, 11.44]
['2019-08-23', 11.48, 11.55, 11.11, 11.29]
['2019-08-26', 11.33, 12.19, 11.33, 12.06]
['2019-08-27', 12.12, 12.12, 11.52, 11.52]
['2019-08-28', 11.56, 11.58, 11.15, 11.25]
['2019-08-29', 11.4, 12.23, 11.4, 11.66]
['2019-08-30', 11.72, 11.84, 11.51, 11.7]
['2019-09-03', 11.72, 11.83, 11.55, 11.55]
['2019-09-04', 11.69, 11.82, 11.54, 11.7]
['2019-09-05', 11.7, 11.87, 11.66, 11.82]
['2019-09-06', 11.88, 11.88, 11.65, 11.69]
['2019-09-09', 11.7, 11.86, 11.63, 11.85]
['2019-09-10', 11.87, 11.88, 11.59, 11.86]
['2019-09-11', 11.88, 12.47, 11.79, 12.47]
['2019-09-12', 12.37, 12.38, 12.14, 12.37]
['2019-09-13', 12.4, 12.4, 12.01, 12.16]
['2019-09-16', 12.19, 12.77, 12.15, 12.7]
['2019-09-17', 12.61, 12.93, 12.55, 12.81]
['2019-09-18', 12.83, 12.97, 12.65, 12.9]
['2019-09-19', 13.04, 13.09, 12.92, 13.05]
['2019-09-20', 13.01, 13.01, 11.96, 12.37]
['2019-09-23', 12.47, 12.55, 12.25, 12.42]
['2019-09-24', 12.46, 12.58, 12.26, 12.33]
['2019-09-25', 12.3, 12.44, 11.44, 11.45]
['2019-09-26', 11.5, 11.74, 11.5, 11.61]
['2019-09-27', 11.72, 12.03, 11.72, 11.82]
['2019-09-30', 11.81, 11.89, 11.6, 11.65]
['2019-10-01', 11.74, 11.94, 11.59, 11.62]
['2019-10-02', 11.54, 11.79, 11.44, 11.57]
['2019-10-03', 11.62, 11.81, 11.56, 11.7]
['2019-10-04', 11.77, 11.89, 11.75, 11.78]
['2019-10-07', 11.85, 11.94, 11.63, 11.79]
['2019-10-08', 11.81, 11.97, 11.67, 11.84]
['2019-10-09', 11.8, 12.06, 11.75, 11.9]
['2019-10-10', 11.97, 12.04, 11.44, 11.46]
['2019-10-11', 11.58, 11.97, 11.58, 11.83]
['2019-10-14', 11.83, 11.97, 11.74, 11.82]
['2019-10-15', 11.87, 11.87, 11.55, 11.7]
['2019-10-16', 11.69, 11.69, 11.57, 11.69]
['2019-10-17', 11.65, 11.99, 11.65, 11.9]
['2019-10-18', 11.83, 12.0, 11.54, 11.94]
['2019-10-21', 12.05, 12.05, 11.75, 11.98]
['2019-10-22', 11.91, 12.07, 11.88, 11.89]
['2019-10-23', 11.84, 12.09, 11.84, 12.0]
['2019-10-24', 12.0, 12.0, 11.77, 11.86]
['2019-10-25', 11.85, 11.94, 11.83, 11.86]
['2019-10-28', 11.98, 12.02, 11.91, 11.98]
['2019-10-29', 11.98, 12.22, 11.98, 12.16]
['2019-10-30', 12.08, 12.08, 11.94, 12.08]
['2019-10-31', 12.1, 12.11, 11.99, 12.08]
['2019-11-01', 12.13, 12.23, 11.96, 12.03]
['2019-11-04', 12.14, 12.14, 11.75, 11.75]
['2019-11-05', 11.83, 11.93, 11.73, 11.8]
['2019-11-06', 11.83, 11.94, 11.82, 11.82]
['2019-11-07', 11.83, 12.72, 11.82, 12.72]
['2019-11-08', 12.73, 12.73, 11.99, 12.15]
['2019-11-11', 12.21, 12.33, 12.09, 12.21]
['2019-11-12', 12.25, 12.63, 12.13, 12.39]
['2019-11-13', 12.34, 12.54, 12.33, 12.44]
['2019-11-14', 12.38, 12.64, 12.38, 12.48]
['2019-11-15', 12.54, 12.59, 12.25, 12.25]
['2019-11-18', 12.21, 12.45, 12.21, 12.34]
['2019-11-19', 12.21, 12.58, 12.21, 12.58]
['2019-11-20', 12.54, 12.74, 12.46, 12.47]
['2019-11-21', 12.55, 12.57, 12.38, 12.38]
['2019-11-22', 12.45, 12.6, 12.45, 12.51]
['2019-11-25', 12.62, 13.61, 12.54, 13.52]
['2019-11-26', 14.81, 14.81, 13.09, 13.09]
['2019-11-27', 13.1, 13.38, 12.84, 12.94]
['2019-11-29', 13.04, 13.31, 13.04, 13.31]
['2019-12-02', 13.3, 13.49, 13.14, 13.19]
['2019-12-03', 13.28, 13.28, 13.12, 13.12]
['2019-12-04', 13.22, 13.77, 13.12, 13.19]
['2019-12-05', 13.24, 13.24, 13.03, 13.04]
['2019-12-06', 13.24, 13.25, 12.96, 12.98]
['2019-12-09', 13.04, 13.2, 12.84, 12.84]
['2019-12-10', 12.89, 13.03, 12.85, 12.94]
['2019-12-11', 13.0, 13.0, 12.87, 12.97]
['2019-12-12', 12.99, 12.99, 12.61, 12.74]
['2019-12-13', 12.78, 13.22, 12.64, 13.06]
['2019-12-16', 13.03, 13.03, 12.69, 12.82]
['2019-12-17', 12.91, 12.91, 12.4, 12.51]
['2019-12-18', 12.42, 12.67, 12.32, 12.51]
['2019-12-19', 12.43, 12.62, 11.99, 12.18]
['2019-12-20', 12.14, 12.52, 12.13, 12.52]
['2019-12-23', 12.55, 12.81, 12.51, 12.8]
['2019-12-24', 12.79, 12.87, 12.72, 12.86]
['2019-12-26', 13.02, 13.22, 12.94, 13.22]
['2019-12-27', 13.22, 13.41, 13.05, 13.36]
['2019-12-30', 13.36, 13.36, 13.02, 13.1]
['2019-12-31', 13.17, 13.17, 13.01, 13.01]
['2020-01-02', 13.14, 13.14, 12.89, 12.92]
['2020-01-03', 12.94, 13.09, 12.79, 12.87]
['2020-01-06', 12.87, 13.18, 12.87, 13.03]
['2020-01-07', 13.09, 13.09, 12.71, 12.79]
['2020-01-08', 12.74, 12.84, 12.62, 12.68]
['2020-01-09', 12.82, 13.16, 12.72, 13.16]
['2020-01-10', 13.14, 13.17, 12.67, 12.73]
['2020-01-13', 12.91, 12.96, 12.82, 12.93]
['2020-01-14', 12.93, 12.97, 12.54, 12.71]
['2020-01-15', 12.78, 12.87, 12.56, 12.71]
['2020-01-16', 12.64, 12.71, 12.48, 12.55]
['2020-01-17', 12.59, 12.61, 12.44, 12.49]
['2020-01-21', 12.55, 12.58, 12.48, 12.49]
['2020-01-22', 12.5, 12.64, 12.48, 12.64]
['2020-01-23', 12.64, 12.88, 12.49, 12.49]
['2020-01-24', 12.57, 12.63, 12.49, 12.55]
['2020-01-27', 12.55, 12.69, 12.45, 12.61]
['2020-01-28', 12.72, 12.74, 12.61, 12.74]
['2020-01-29', 12.82, 12.93, 12.72, 12.87]
['2020-01-30', 12.87, 12.9, 12.59, 12.73]
['2020-01-31', 12.77, 12.77, 12.42, 12.52]
['2020-02-03', 12.54, 12.79, 12.54, 12.69]
['2020-02-04', 12.69, 12.84, 12.68, 12.69]
['2020-02-05', 12.69, 13.78, 12.63, 13.26]
['2020-02-06', 13.26, 13.55, 13.26, 13.32]
['2020-02-07', 13.38, 13.38, 13.09, 13.19]
['2020-02-10', 13.19, 13.35, 13.19, 13.32]
['2020-02-11', 13.42, 13.74, 13.34, 13.6]
['2020-02-12', 13.71, 13.78, 12.96, 13.3]
['2020-02-13', 13.35, 13.82, 13.35, 13.82]
['2020-02-14', 13.94, 14.06, 13.9, 13.9]
['2020-02-18', 13.98, 14.08, 13.42, 13.7]
['2020-02-19', 13.66, 13.89, 13.47, 13.69]
['2020-02-20', 13.63, 13.91, 13.63, 13.77]
['2020-02-21', 13.91, 14.04, 13.67, 13.88]
['2020-02-24', 13.82, 13.85, 13.43, 13.65]
['2020-02-25', 13.67, 13.76, 12.42, 12.72]
['2020-02-26', 12.68, 13.03, 12.52, 12.81]
['2020-02-27', 12.7, 12.83, 12.39, 12.4]
['2020-02-28', 12.39, 12.65, 11.73, 11.87]
['2020-03-02', 12.26, 12.34, 11.92, 12.34]
['2020-03-03', 12.42, 12.68, 11.71, 11.85]
['2020-03-04', 11.85, 12.85, 11.85, 12.85]
['2020-03-05', 12.5, 12.91, 12.27, 12.55]
['2020-03-06', 12.42, 12.52, 11.86, 12.05]
['2020-03-09', 11.41, 11.8, 11.32, 11.39]
['2020-03-10', 11.69, 12.2, 11.17, 12.12]
['2020-03-11', 11.86, 11.9, 10.77, 11.03]
['2020-03-12', 10.31, 10.77, 9.83, 9.94]
['2020-03-13', 10.43, 11.1, 9.82, 11.1]
['2020-03-16', 9.98, 10.43, 9.84, 9.96]
['2020-03-17', 9.74, 11.01, 9.54, 10.5]
['2020-03-18', 10.1, 10.2, 8.47, 9.33]
['2020-03-19', 9.42, 10.31, 9.41, 10.09]
['2020-03-20', 10.08, 10.18, 9.42, 10.09]
['2020-03-23', 10.03, 10.03, 8.68, 9.43]
['2020-03-24', 9.77, 10.32, 9.46, 10.32]
['2020-03-25', 10.25, 10.33, 9.5, 10.0]
['2020-03-26', 9.94, 10.33, 9.93, 10.04]
['2020-03-27', 9.94, 10.23, 9.73, 9.73]
['2020-03-30', 9.84, 10.48, 9.74, 10.08]
['2020-03-31', 10.02, 10.2, 9.6, 10.14]
['2020-04-01', 9.78, 10.07, 9.05, 9.64]
['2020-04-02', 9.55, 10.17, 9.55, 10.06]
['2020-04-03', 9.92, 10.19, 9.46, 9.7]
['2020-04-06', 9.9, 10.57, 9.9, 10.27]
['2020-04-07', 10.25, 10.25, 9.85, 10.0]
['2020-04-08', 10.11, 10.4, 9.86, 10.17]
['2020-04-09', 10.41, 12.29, 10.28, 11.67]
['2020-04-13', 11.66, 11.66, 9.95, 10.13]
['2020-04-14', 10.42, 11.25, 10.42, 10.98]
['2020-04-15', 10.71, 10.71, 10.14, 10.47]
['2020-04-16', 10.46, 10.61, 10.01, 10.17]
['2020-04-17', 10.4, 10.4, 10.1, 10.36]
['2020-04-20', 10.24, 10.41, 9.89, 10.23]
['2020-04-21', 10.01, 10.33, 9.92, 10.16]
['2020-04-22', 10.26, 10.33, 10.03, 10.1]
['2020-04-23', 10.04, 10.41, 10.02, 10.18]
['2020-04-24', 10.13, 10.46, 10.12, 10.2]
['2020-04-27', 10.32, 10.45, 10.27, 10.33]
['2020-04-28', 10.63, 10.63, 10.13, 10.21]
['2020-04-29', 10.45, 11.15, 10.24, 10.93]
['2020-04-30', 10.79, 11.04, 10.47, 10.72]
['2020-05-01', 10.58, 10.74, 10.47, 10.63]
['2020-05-04', 10.56, 10.65, 10.43, 10.58]
['2020-05-05', 10.72, 10.98, 10.69, 10.76]
['2020-05-06', 10.96, 10.96, 10.66, 10.69]
['2020-05-07', 10.87, 11.08, 10.72, 10.82]
['2020-05-08', 11.01, 11.46, 11.01, 11.29]
['2020-05-11', 11.11, 11.25, 10.75, 10.75]
['2020-05-12', 10.92, 10.92, 10.17, 10.27]
['2020-05-13', 10.19, 10.23, 9.78, 10.01]
['2020-05-14', 9.93, 10.2, 9.77, 10.15]
['2020-05-15', 10.21, 10.54, 10.01, 10.54]
['2020-05-18', 10.75, 11.45, 10.75, 11.2]
['2020-05-19', 11.05, 11.05, 10.28, 10.33]
['2020-05-20', 10.52, 10.63, 10.41, 10.54]
['2020-05-21', 10.48, 10.55, 10.21, 10.21]
['2020-05-22', 10.21, 10.21, 9.8, 9.93]
['2020-05-26', 10.24, 10.63, 10.12, 10.45]
['2020-05-27', 10.38, 11.0, 10.36, 10.96]
['2020-05-28', 11.1, 11.24, 10.77, 10.84]
['2020-05-29', 10.8, 10.95, 10.63, 10.75]
