['2019-04-16', 9.84, 9.85, 9.82, 9.84]
['2019-04-17', 9.89, 9.89, 9.83, 9.84]
['2019-04-18', 9.87, 10.34, 9.84, 9.84]
['2019-04-22', 9.84, 9.84, 9.84, 9.84]
['2019-04-23', 9.81, 9.81, 9.81, 9.81]
['2019-04-24', 9.84, 9.85, 9.84, 9.85]
['2019-04-25', 9.85, 9.89, 9.85, 9.87]
['2019-04-26', 9.88, 9.88, 9.86, 9.86]
['2019-04-29', 9.86, 9.86, 9.86, 9.86]
['2019-04-30', 9.84, 9.84, 9.84, 9.84]
['2019-05-01', 9.84, 9.84, 9.84, 9.84]
['2019-05-02', 9.86, 9.86, 9.86, 9.86]
['2019-05-03', 9.9, 9.9, 9.86, 9.86]
['2019-05-06', 9.86, 9.87, 9.86, 9.86]
['2019-05-07', 9.86, 9.86, 9.86, 9.86]
['2019-05-08', 9.86, 9.86, 9.86, 9.86]
['2019-05-09', 9.86, 9.86, 9.86, 9.86]
['2019-05-10', 9.86, 9.87, 9.86, 9.87]
['2019-05-13', 9.85, 9.85, 9.85, 9.85]
['2019-05-14', 9.85, 9.87, 9.85, 9.86]
['2019-05-15', 9.85, 9.88, 9.85, 9.87]
['2019-05-16', 9.87, 9.87, 9.87, 9.87]
['2019-05-17', 9.87, 9.87, 9.87, 9.87]
['2019-05-20', 9.87, 9.87, 9.87, 9.87]
['2019-05-21', 9.87, 9.87, 9.85, 9.85]
['2019-05-22', 9.85, 9.87, 9.85, 9.86]
['2019-05-23', 9.85, 9.86, 9.85, 9.86]
['2019-05-24', 9.86, 9.9, 9.85, 9.87]
['2019-05-28', 9.87, 9.87, 9.87, 9.87]
['2019-05-29', 9.87, 9.87, 9.87, 9.87]
['2019-05-30', 9.89, 9.92, 9.85, 9.88]
['2019-05-31', 9.88, 9.89, 9.87, 9.88]
['2019-06-03', 9.88, 9.88, 9.88, 9.88]
['2019-06-04', 9.88, 9.88, 9.88, 9.88]
['2019-06-05', 9.88, 9.88, 9.86, 9.86]
['2019-06-06', 9.86, 9.96, 9.86, 9.88]
['2019-06-07', 9.88, 9.88, 9.88, 9.88]
['2019-06-10', 9.88, 9.88, 9.88, 9.88]
['2019-06-11', 9.9, 9.9, 9.9, 9.9]
['2019-06-12', 9.95, 9.95, 9.9, 9.9]
['2019-06-13', 9.9, 9.9, 9.88, 9.88]
['2019-06-14', 9.88, 10.05, 9.88, 10.05]
['2019-06-17', 10.05, 10.05, 9.95, 9.95]
['2019-06-18', 9.93, 9.93, 9.92, 9.92]
['2019-06-19', 9.92, 9.92, 9.92, 9.92]
['2019-06-20', 9.9, 9.9, 9.9, 9.9]
['2019-06-21', 9.92, 9.95, 9.92, 9.94]
['2019-06-24', 9.95, 9.95, 9.95, 9.95]
['2019-06-25', 9.95, 9.95, 9.95, 9.95]
['2019-06-26', 9.96, 9.96, 9.94, 9.94]
['2019-06-27', 9.92, 9.95, 9.92, 9.92]
['2019-06-28', 9.99, 9.99, 9.9, 9.9]
['2019-07-01', 9.9, 9.91, 9.9, 9.9]
['2019-07-02', 9.9, 9.9, 9.89, 9.9]
['2019-07-03', 9.9, 9.9, 9.9, 9.9]
['2019-07-05', 9.9, 9.9, 9.9, 9.9]
['2019-07-08', 9.9, 9.95, 9.9, 9.9]
['2019-07-09', 9.9, 9.9, 9.9, 9.9]
['2019-07-10', 9.91, 9.93, 9.91, 9.93]
['2019-07-11', 9.93, 9.93, 9.93, 9.93]
['2019-07-12', 9.93, 9.93, 9.93, 9.93]
['2019-07-15', 9.94, 9.95, 9.93, 9.94]
['2019-07-16', 9.95, 9.98, 9.95, 9.98]
['2019-07-17', 9.98, 9.98, 9.98, 9.98]
['2019-07-18', 10.0, 10.0, 10.0, 10.0]
['2019-07-19', 10.0, 10.0, 10.0, 10.0]
['2019-07-22', 10.0, 10.0, 10.0, 10.0]
['2019-07-23', 9.95, 9.95, 9.93, 9.95]
['2019-07-24', 9.95, 9.95, 9.95, 9.95]
['2019-07-25', 9.96, 9.96, 9.96, 9.96]
['2019-07-26', 9.96, 9.96, 9.96, 9.96]
['2019-07-29', 9.96, 9.96, 9.96, 9.96]
['2019-07-30', 9.96, 9.96, 9.96, 9.96]
['2019-07-31', 9.98, 10.0, 9.96, 9.99]
['2019-08-01', 10.0, 10.0, 9.97, 9.97]
['2019-08-02', 9.98, 9.98, 9.97, 9.98]
['2019-08-05', 9.97, 9.98, 9.97, 9.98]
['2019-08-06', 9.98, 10.09, 9.98, 10.0]
['2019-08-07', 9.98, 10.09, 9.98, 10.0]
['2019-08-08', 9.98, 9.99, 9.97, 9.97]
['2019-08-09', 9.98, 9.99, 9.97, 9.97]
['2019-08-12', 9.98, 9.99, 9.97, 9.97]
['2019-08-13', 9.96, 9.96, 9.96, 9.96]
['2019-08-14', 9.97, 9.98, 9.97, 9.98]
['2019-08-15', 9.95, 9.99, 9.94, 9.99]
['2019-08-16', 9.98, 9.98, 9.98, 9.98]
['2019-08-19', 9.98, 9.98, 9.98, 9.98]
['2019-08-20', 9.99, 9.99, 9.99, 9.99]
['2019-08-21', 10.0, 10.0, 10.0, 10.0]
['2019-08-22', 9.98, 9.98, 9.98, 9.98]
['2019-08-23', 9.97, 9.97, 9.95, 9.97]
['2019-08-26', 9.97, 9.97, 9.97, 9.97]
['2019-08-27', 9.98, 9.98, 9.97, 9.98]
['2019-08-28', 10.0, 10.0, 10.0, 10.0]
['2019-08-29', 9.99, 9.99, 9.99, 9.99]
['2019-08-30', 10.0, 10.02, 10.0, 10.02]
['2019-09-03', 10.0, 10.0, 10.0, 10.0]
['2019-09-04', 10.0, 10.0, 10.0, 10.0]
['2019-09-05', 10.0, 10.0, 10.0, 10.0]
['2019-09-06', 10.0, 10.01, 10.0, 10.01]
['2019-09-09', 10.0, 10.0, 10.0, 10.0]
['2019-09-10', 10.0, 10.05, 10.0, 10.05]
['2019-09-11', 10.04, 10.04, 10.02, 10.02]
['2019-09-12', 10.02, 10.02, 10.02, 10.02]
['2019-09-13', 10.01, 10.02, 10.01, 10.01]
['2019-09-16', 10.01, 10.01, 10.01, 10.01]
['2019-09-17', 10.01, 10.01, 10.01, 10.01]
['2019-09-18', 10.01, 10.01, 9.99, 10.0]
['2019-09-19', 10.02, 10.02, 10.02, 10.02]
['2019-09-20', 10.02, 10.18, 10.0, 10.15]
['2019-09-23', 10.12, 10.12, 10.12, 10.12]
['2019-09-24', 10.08, 10.08, 10.05, 10.05]
['2019-09-25', 10.07, 10.07, 10.0, 10.0]
['2019-09-26', 10.0, 10.01, 10.0, 10.01]
['2019-09-27', 10.01, 10.01, 10.01, 10.01]
['2019-09-30', 10.01, 10.01, 10.01, 10.01]
['2019-10-01', 10.01, 10.01, 10.01, 10.01]
['2019-10-02', 10.01, 10.01, 10.01, 10.01]
['2019-10-03', 10.01, 10.01, 10.01, 10.01]
['2019-10-04', 10.01, 10.01, 10.01, 10.01]
['2019-10-07', 10.01, 10.01, 10.01, 10.01]
['2019-10-08', 10.14, 10.14, 10.14, 10.14]
['2019-10-09', 10.1, 10.1, 10.09, 10.09]
['2019-10-10', 10.06, 10.06, 10.0, 10.06]
['2019-10-11', 10.05, 10.05, 9.96, 9.96]
['2019-10-14', 9.96, 9.96, 9.96, 9.96]
['2019-10-15', 10.0, 10.0, 10.0, 10.0]
['2019-10-16', 10.0, 10.0, 10.0, 10.0]
['2019-10-17', 10.0, 10.0, 10.0, 10.0]
['2019-10-18', 10.01, 10.03, 10.01, 10.03]
['2019-10-21', 10.06, 10.06, 10.06, 10.06]
['2019-10-22', 10.06, 10.06, 10.06, 10.06]
['2019-10-23', 10.06, 10.06, 10.06, 10.06]
['2019-10-24', 10.06, 10.06, 10.06, 10.06]
['2019-10-25', 10.06, 10.06, 10.06, 10.06]
['2019-10-28', 10.06, 10.06, 10.06, 10.06]
['2019-10-29', 10.04, 10.04, 10.04, 10.04]
['2019-10-30', 10.05, 10.06, 10.03, 10.03]
['2019-10-31', 10.03, 10.05, 10.03, 10.05]
['2019-11-01', 10.05, 10.06, 10.05, 10.06]
['2019-11-04', 10.06, 10.06, 10.06, 10.06]
['2019-11-05', 10.03, 10.05, 10.03, 10.05]
['2019-11-06', 10.06, 10.06, 10.05, 10.05]
['2019-11-07', 10.05, 10.06, 10.05, 10.05]
['2019-11-08', 10.08, 10.08, 10.05, 10.05]
['2019-11-11', 10.06, 10.06, 10.06, 10.06]
['2019-11-12', 10.06, 10.06, 10.06, 10.06]
['2019-11-13', 10.04, 10.04, 10.03, 10.03]
['2019-11-14', 10.03, 10.03, 10.03, 10.03]
['2019-11-15', 10.03, 10.03, 10.03, 10.03]
['2019-11-18', 10.06, 10.06, 10.03, 10.03]
['2019-11-19', 10.04, 10.04, 10.04, 10.04]
['2019-11-20', 10.05, 10.05, 10.04, 10.04]
['2019-11-21', 10.04, 10.04, 10.04, 10.04]
['2019-11-22', 10.05, 10.05, 10.05, 10.05]
['2019-11-25', 10.06, 10.06, 10.06, 10.06]
['2019-11-26', 10.06, 10.06, 10.06, 10.06]
['2019-11-27', 10.06, 10.06, 10.06, 10.06]
['2019-11-29', 10.06, 10.07, 10.06, 10.07]
['2019-12-02', 10.07, 10.07, 10.07, 10.07]
['2019-12-03', 10.07, 10.07, 10.07, 10.07]
['2019-12-04', 10.08, 10.08, 10.08, 10.08]
['2019-12-06', 10.09, 10.09, 10.09, 10.09]
['2019-12-09', 10.08, 10.09, 10.08, 10.09]
['2019-12-10', 10.09, 10.09, 10.08, 10.09]
['2019-12-11', 10.1, 10.1, 10.1, 10.1]
['2019-12-12', 10.1, 10.1, 10.1, 10.1]
['2019-12-13', 10.1, 10.1, 10.1, 10.1]
['2019-12-16', 10.11, 10.14, 10.11, 10.14]
['2019-12-17', 10.13, 10.13, 10.13, 10.13]
['2019-12-18', 10.13, 10.14, 10.12, 10.13]
['2019-12-19', 10.14, 10.15, 10.11, 10.15]
['2019-12-20', 10.14, 10.15, 10.14, 10.15]
['2019-12-23', 10.14, 10.14, 10.14, 10.14]
['2019-12-24', 10.14, 10.14, 10.14, 10.14]
['2019-12-26', 10.13, 10.13, 10.13, 10.13]
['2019-12-27', 10.14, 10.14, 10.14, 10.14]
['2019-12-30', 10.15, 10.16, 10.15, 10.16]
['2019-12-31', 10.14, 10.16, 10.14, 10.16]
['2020-01-02', 10.15, 10.16, 10.15, 10.16]
['2020-01-03', 10.16, 10.16, 10.16, 10.16]
['2020-01-06', 10.16, 10.18, 10.16, 10.18]
['2020-01-07', 10.2, 10.2, 10.19, 10.19]
['2020-01-08', 10.2, 10.24, 10.2, 10.24]
['2020-01-09', 10.2, 10.21, 10.2, 10.2]
['2020-01-10', 10.2, 10.2, 10.2, 10.2]
['2020-01-13', 10.2, 10.2, 10.2, 10.2]
['2020-01-14', 10.2, 10.2, 10.2, 10.2]
['2020-01-15', 10.2, 10.23, 10.2, 10.22]
['2020-01-16', 10.24, 10.25, 10.22, 10.25]
['2020-01-17', 10.23, 10.23, 10.23, 10.23]
['2020-01-21', 10.21, 10.25, 10.21, 10.23]
['2020-01-22', 10.23, 10.26, 10.23, 10.26]
['2020-01-23', 10.26, 10.26, 10.26, 10.26]
['2020-01-24', 10.25, 10.25, 10.25, 10.25]
['2020-01-27', 10.23, 10.23, 10.23, 10.23]
['2020-01-28', 10.23, 10.24, 10.23, 10.23]
['2020-01-29', 10.23, 10.23, 10.23, 10.23]
['2020-01-30', 10.23, 10.26, 10.23, 10.23]
['2020-01-31', 10.23, 10.23, 10.23, 10.23]
['2020-02-03', 10.26, 10.26, 10.24, 10.24]
['2020-02-04', 10.26, 10.28, 10.26, 10.26]
['2020-02-05', 10.27, 10.27, 10.25, 10.26]
['2020-02-06', 10.28, 10.29, 10.24, 10.24]
['2020-02-07', 10.29, 10.29, 10.27, 10.27]
['2020-02-10', 10.27, 10.27, 10.27, 10.27]
['2020-02-11', 10.27, 10.27, 10.27, 10.27]
['2020-02-12', 10.27, 10.27, 10.27, 10.27]
['2020-02-13', 10.27, 10.27, 10.27, 10.27]
['2020-02-14', 10.38, 10.38, 10.24, 10.28]
['2020-02-18', 10.29, 10.29, 10.24, 10.24]
['2020-02-19', 10.28, 10.28, 10.26, 10.26]
['2020-02-20', 10.32, 10.32, 10.3, 10.3]
['2020-02-21', 10.3, 10.3, 10.3, 10.3]
['2020-02-24', 10.38, 10.38, 10.3, 10.3]
['2020-02-25', 10.28, 10.28, 10.25, 10.25]
['2020-02-26', 10.26, 10.26, 10.26, 10.26]
['2020-02-27', 10.3, 10.3, 10.3, 10.3]
['2020-02-28', 10.28, 10.28, 10.23, 10.26]
['2020-03-02', 10.26, 10.26, 10.25, 10.25]
['2020-03-03', 10.25, 10.26, 10.24, 10.25]
['2020-03-04', 10.24, 10.24, 10.23, 10.23]
['2020-03-05', 10.26, 10.26, 10.25, 10.25]
['2020-03-06', 10.25, 10.25, 10.25, 10.25]
['2020-03-09', 10.25, 10.25, 10.21, 10.22]
['2020-03-10', 10.22, 10.28, 10.18, 10.2]
['2020-03-11', 10.18, 10.25, 10.17, 10.22]
['2020-03-12', 10.06, 10.19, 10.02, 10.19]
['2020-03-13', 10.23, 10.26, 10.1, 10.1]
['2020-03-16', 10.1, 10.1, 10.1, 10.1]
['2020-03-17', 9.95, 10.3, 9.95, 10.19]
['2020-03-18', 9.95, 10.19, 9.21, 9.75]
['2020-03-19', 9.8, 9.82, 9.75, 9.82]
['2020-03-20', 9.96, 9.96, 9.96, 9.96]
['2020-03-23', 9.95, 9.96, 9.89, 9.91]
['2020-03-24', 9.92, 9.98, 9.92, 9.98]
['2020-03-25', 9.98, 10.16, 9.95, 10.01]
['2020-03-26', 10.25, 10.25, 10.04, 10.15]
['2020-03-27', 9.95, 10.15, 9.95, 10.08]
['2020-03-30', 10.1, 10.14, 10.1, 10.13]
['2020-03-31', 10.13, 10.13, 10.11, 10.11]
['2020-04-01', 10.11, 10.13, 10.08, 10.1]
['2020-04-02', 10.11, 10.12, 10.08, 10.08]
['2020-04-03', 10.11, 10.13, 10.06, 10.11]
['2020-04-06', 10.09, 10.13, 10.09, 10.11]
['2020-04-07', 10.08, 10.08, 10.08, 10.08]
['2020-04-08', 10.12, 10.15, 10.12, 10.13]
['2020-04-09', 10.1, 10.14, 10.1, 10.1]
['2020-04-13', 10.11, 10.11, 10.11, 10.11]
['2020-04-14', 10.14, 10.14, 10.12, 10.12]
['2020-04-15', 10.14, 10.16, 10.1, 10.14]
['2020-04-16', 10.15, 10.3, 10.14, 10.15]
['2020-04-17', 10.15, 10.17, 10.14, 10.15]
['2020-04-20', 10.15, 10.15, 10.15, 10.15]
['2020-04-21', 10.15, 10.15, 10.15, 10.15]
['2020-04-22', 10.15, 10.15, 10.15, 10.15]
['2020-04-23', 10.17, 10.17, 10.15, 10.16]
['2020-04-24', 10.14, 10.24, 10.13, 10.14]
['2020-04-27', 10.15, 10.16, 10.15, 10.15]
['2020-04-28', 10.15, 10.15, 10.15, 10.15]
['2020-04-29', 10.15, 10.15, 10.15, 10.15]
['2020-04-30', 10.15, 10.15, 10.15, 10.15]
['2020-05-01', 10.15, 10.15, 10.15, 10.15]
['2020-05-04', 10.15, 10.15, 10.15, 10.15]
['2020-05-05', 10.15, 10.15, 10.15, 10.15]
['2020-05-06', 10.16, 10.16, 10.13, 10.16]
['2020-05-07', 10.15, 10.22, 10.15, 10.15]
['2020-05-08', 10.15, 10.15, 10.15, 10.15]
['2020-05-11', 10.16, 10.16, 10.15, 10.15]
['2020-05-12', 10.18, 10.18, 10.18, 10.18]
['2020-05-13', 10.17, 10.17, 10.15, 10.15]
['2020-05-14', 10.16, 10.17, 10.16, 10.17]
['2020-05-15', 10.17, 10.17, 10.17, 10.17]
