['2014-02-10', 420.0, 420.0, 420.0, 420.0]
['2014-02-11', 980.0, 1176.0, 896.0, 1036.0]
['2014-02-12', 1036.0, 1400.0, 980.0, 1120.0]
['2014-02-13', 840.0, 1120.0, 840.0, 1064.0]
['2014-02-14', 952.0, 1086.4, 952.0, 952.0]
['2014-02-18', 5.6, 1064.0, 5.6, 873.6]
['2014-02-19', 784.0, 952.0, 784.0, 834.4]
['2014-02-20', 840.0, 868.0, 655.2, 672.0]
['2014-02-21', 666.4, 868.0, 644.0, 784.0]
['2014-02-24', 952.0, 952.0, 672.0, 700.0]
['2014-02-25', 728.0, 728.0, 632.8, 672.0]
['2014-02-26', 655.2, 683.2, 644.0, 683.2]
['2014-02-27', 672.0, 784.0, 672.0, 739.2]
['2014-02-28', 739.2, 896.0, 739.2, 873.6]
['2014-03-03', 901.6, 924.0, 784.0, 840.0]
['2014-03-04', 800.8, 896.0, 800.8, 845.6]
['2014-03-05', 851.2, 924.0, 840.0, 924.0]
['2014-03-06', 924.0, 1008.0, 896.0, 1008.0]
['2014-03-07', 1008.0, 1080.8, 952.0, 1058.4]
['2014-03-10', 1092.0, 1674.4, 1064.0, 1456.0]
['2014-03-11', 1652.0, 1652.0, 1321.6, 1327.2]
['2014-03-12', 1506.4, 1506.4, 1265.6, 1265.6]
['2014-03-13', 1478.4, 1478.4, 1282.4, 1288.0]
['2014-03-14', 1355.2, 1355.2, 1282.4, 1294.72]
['2014-03-17', 1372.0, 1400.0, 1293.6, 1293.6]
['2014-03-18', 1265.6, 1344.0, 1265.6, 1293.6]
['2014-03-19', 1338.4, 1338.4, 1288.0, 1321.6]
['2014-03-20', 1344.0, 1439.2, 1332.8, 1388.8]
['2014-03-21', 1416.8, 1680.0, 1416.8, 1624.0]
['2014-03-24', 1624.0, 1736.0, 1568.0, 1657.6]
['2014-03-25', 1657.6, 1657.6, 1551.2, 1556.8]
['2014-03-26', 1556.8, 1556.8, 1416.8, 1428.0]
['2014-03-27', 1428.0, 1456.0, 1260.0, 1260.0]
['2014-03-28', 1271.2, 1316.0, 1254.4, 1260.0]
['2014-03-31', 1260.0, 1450.4, 1198.4, 1260.0]
['2014-04-01', 1276.8, 1640.8, 1276.8, 1316.0]
['2014-04-02', 1428.0, 1444.8, 1316.0, 1316.0]
['2014-04-03', 1450.4, 1450.4, 1265.6, 1276.8]
['2014-04-04', 1276.8, 1288.0, 1260.0, 1260.0]
['2014-04-07', 1260.0, 1265.6, 1226.4, 1243.2]
['2014-04-08', 1232.0, 1248.8, 1215.2, 1215.2]
['2014-04-09', 1232.0, 1394.4, 1232.0, 1232.0]
['2014-04-10', 1243.2, 1288.0, 1103.2, 1148.0]
['2014-04-11', 1114.4, 1136.8, 1103.2, 1125.6]
['2014-04-14', 1125.6, 1204.0, 1114.4, 1176.0]
['2014-04-15', 1176.0, 1176.0, 1092.0, 1103.2]
['2014-04-16', 1136.8, 1136.8, 1092.0, 1108.8]
['2014-04-17', 1120.0, 1125.6, 1097.6, 1120.0]
['2014-04-21', 1092.0, 1120.0, 1064.0, 1092.0]
['2014-04-22', 1092.0, 1092.0, 1008.0, 1052.8]
['2014-04-23', 996.8, 1064.0, 996.8, 1036.0]
['2014-04-24', 996.8, 1064.0, 812.0, 1064.0]
['2014-04-25', 980.0, 980.0, 840.0, 980.0]
['2014-04-28', 968.8, 1170.4, 963.2, 1036.0]
['2014-04-29', 1024.8, 1064.0, 1008.0, 1064.0]
['2014-04-30', 1064.0, 1064.0, 1008.0, 1047.2]
['2014-05-01', 1064.0, 1120.0, 1047.2, 1064.0]
['2014-05-02', 1120.0, 1148.0, 1092.0, 1131.2]
['2014-05-05', 1148.0, 1176.0, 985.6, 1148.0]
['2014-05-06', 1075.2, 1153.6, 1041.6, 1120.0]
['2014-05-07', 1125.6, 1125.6, 974.4, 980.0]
['2014-05-08', 907.2, 924.0, 851.2, 896.0]
['2014-05-09', 868.0, 868.0, 812.0, 812.0]
['2014-05-12', 817.6, 845.6, 700.0, 728.0]
['2014-05-13', 756.0, 980.0, 756.0, 884.8]
['2014-05-14', 896.0, 896.0, 806.4, 840.0]
['2014-05-15', 840.0, 840.0, 767.2, 834.4]
['2014-05-16', 834.4, 840.0, 834.4, 840.0]
['2014-05-19', 800.8, 840.0, 767.2, 840.0]
['2014-05-20', 812.0, 840.0, 784.0, 789.6]
['2014-05-21', 789.6, 812.0, 789.6, 812.0]
['2014-05-22', 812.0, 834.4, 800.8, 806.4]
['2014-05-23', 812.0, 974.4, 812.0, 862.4]
['2014-05-27', 862.4, 1080.8, 862.4, 879.2]
['2014-05-28', 1047.2, 1086.4, 862.4, 940.8]
['2014-05-29', 946.4, 980.0, 901.6, 946.4]
['2014-05-30', 845.6, 868.0, 845.6, 862.4]
['2014-06-02', 862.4, 912.8, 851.2, 884.8]
['2014-06-03', 896.0, 896.0, 856.8, 856.8]
['2014-06-04', 868.0, 1092.0, 868.0, 1008.0]
['2014-06-05', 1075.2, 1125.6, 996.8, 1125.6]
['2014-06-06', 1120.0, 1120.0, 1002.4, 1120.0]
['2014-06-09', 1114.4, 1120.0, 1002.4, 1036.0]
['2014-06-10', 1008.0, 1019.2, 1008.0, 1019.2]
['2014-06-11', 1019.2, 1030.4, 957.6, 1024.8]
['2014-06-12', 1024.8, 1024.8, 924.0, 963.2]
['2014-06-13', 940.8, 940.8, 924.0, 924.0]
['2014-06-16', 924.0, 952.0, 924.0, 929.6]
['2014-06-17', 924.0, 924.0, 901.6, 924.0]
['2014-06-18', 845.6, 862.4, 845.6, 862.4]
['2014-06-19', 868.0, 952.0, 868.0, 924.0]
['2014-06-20', 924.0, 996.8, 924.0, 952.0]
['2014-06-23', 890.4, 896.0, 890.4, 896.0]
['2014-06-24', 957.6, 957.6, 856.8, 856.8]
['2014-06-25', 856.8, 856.8, 694.4, 694.4]
['2014-06-26', 694.4, 728.0, 672.0, 672.0]
['2014-06-27', 649.6, 672.0, 604.8, 621.6]
['2014-06-30', 621.6, 627.2, 616.0, 621.6]
['2014-07-01', 627.2, 694.4, 627.2, 666.4]
['2014-07-02', 672.0, 672.0, 649.6, 649.6]
['2014-07-03', 621.6, 649.6, 621.6, 649.6]
['2014-07-07', 621.6, 700.0, 616.0, 616.0]
['2014-07-08', 616.0, 621.6, 588.0, 621.6]
['2014-07-09', 616.0, 616.0, 571.2, 576.8]
['2014-07-10', 560.0, 599.2, 560.0, 565.6]
['2014-07-11', 599.2, 812.0, 599.2, 756.0]
['2014-07-14', 756.0, 756.0, 649.6, 655.2]
['2014-07-15', 644.0, 700.0, 616.0, 626.08]
['2014-07-16', 784.0, 800.8, 649.6, 767.2]
['2014-07-17', 739.2, 772.8, 739.2, 772.8]
['2014-07-18', 772.8, 772.8, 772.8, 772.8]
['2014-07-21', 733.6, 862.4, 728.0, 840.0]
['2014-07-22', 713.44, 856.8, 705.6, 834.4]
['2014-07-23', 756.0, 767.2, 756.0, 767.2]
['2014-07-24', 700.0, 840.0, 700.0, 840.0]
['2014-07-25', 840.0, 980.0, 840.0, 980.0]
['2014-07-28', 952.0, 952.0, 711.2, 946.4]
['2014-07-29', 896.0, 946.4, 789.6, 918.4]
['2014-07-30', 918.4, 918.4, 812.0, 812.0]
['2014-07-31', 700.0, 756.0, 700.0, 705.6]
['2014-08-01', 700.0, 722.4, 672.0, 722.4]
['2014-08-04', 688.8, 730.24, 688.8, 730.24]
['2014-08-05', 728.0, 729.12, 728.0, 728.0]
['2014-08-06', 677.6, 714.56, 638.4, 666.4]
['2014-08-07', 666.4, 890.4, 666.4, 868.0]
['2014-08-08', 868.0, 868.0, 694.4, 756.0]
['2014-08-11', 672.0, 694.4, 638.4, 649.6]
['2014-08-12', 644.0, 840.0, 644.0, 660.8]
['2014-08-13', 651.84, 655.2, 649.6, 649.6]
['2014-08-14', 659.68, 672.0, 655.2, 672.0]
['2014-08-15', 700.0, 784.0, 672.0, 672.0]
['2014-08-18', 672.0, 711.2, 666.4, 711.2]
['2014-08-19', 655.2, 772.8, 655.2, 701.12]
['2014-08-20', 672.0, 672.0, 672.0, 672.0]
['2014-08-21', 663.6, 672.0, 649.6, 672.0]
['2014-08-22', 705.6, 887.04, 705.6, 868.0]
['2014-08-25', 789.6, 828.8, 728.0, 728.0]
['2014-08-26', 722.4, 744.8, 722.4, 739.2]
['2014-08-27', 772.8, 772.8, 772.8, 772.8]
['2014-08-28', 778.4, 778.4, 772.8, 772.8]
['2014-08-29', 772.8, 772.8, 722.4, 722.4]
['2014-09-02', 756.0, 778.4, 756.0, 756.0]
['2014-09-03', 756.0, 795.2, 688.8, 688.8]
['2014-09-04', 694.4, 700.0, 649.6, 700.0]
['2014-09-05', 700.0, 756.0, 649.6, 750.4]
['2014-09-08', 644.0, 694.4, 644.0, 694.4]
['2014-09-09', 700.0, 700.0, 700.0, 700.0]
['2014-09-10', 733.6, 733.6, 733.6, 733.6]
['2014-09-11', 739.2, 739.2, 700.0, 700.0]
['2014-09-12', 711.2, 744.8, 711.2, 711.2]
['2014-09-15', 719.6, 756.0, 711.2, 716.8]
['2014-09-16', 750.4, 750.4, 716.8, 733.6]
['2014-09-17', 716.8, 716.8, 711.2, 711.2]
['2014-09-18', 722.4, 744.8, 672.0, 672.0]
['2014-09-19', 649.6, 700.0, 644.0, 644.0]
['2014-09-22', 649.6, 649.6, 632.8, 632.8]
['2014-09-23', 621.6, 644.0, 621.6, 638.4]
['2014-09-24', 638.4, 644.0, 616.0, 616.0]
['2014-09-25', 593.6, 593.6, 511.84, 560.0]
['2014-09-26', 571.2, 588.0, 571.2, 588.0]
['2014-09-29', 571.2, 588.0, 571.2, 571.2]
['2014-09-30', 593.6, 593.6, 571.2, 575.68]
['2014-10-01', 593.6, 593.6, 477.68, 532.0]
['2014-10-02', 504.0, 504.0, 504.0, 504.0]
['2014-10-03', 487.2, 582.4, 487.2, 582.4]
['2014-10-06', 476.0, 487.2, 476.0, 476.0]
['2014-10-07', 476.0, 481.6, 476.0, 476.0]
['2014-10-08', 470.4, 470.4, 392.0, 420.0]
['2014-10-09', 425.6, 436.8, 392.0, 420.0]
['2014-10-10', 392.0, 459.2, 392.0, 408.8]
['2014-10-13', 408.8, 411.04, 392.0, 408.8]
['2014-10-14', 392.0, 392.0, 364.0, 364.0]
['2014-10-15', 392.0, 666.4, 392.0, 638.4]
['2014-10-16', 739.2, 739.2, 560.0, 728.0]
['2014-10-17', 728.0, 750.4, 728.0, 728.0]
['2014-10-20', 571.2, 739.2, 560.0, 728.0]
['2014-10-21', 571.2, 733.6, 571.2, 593.6]
['2014-10-22', 700.0, 700.0, 616.0, 616.0]
['2014-10-23', 722.4, 739.2, 722.4, 722.4]
['2014-10-24', 733.6, 733.6, 733.6, 733.6]
['2014-10-27', 610.4, 644.0, 593.6, 610.4]
['2014-10-28', 576.8, 733.6, 576.8, 733.6]
['2014-10-29', 728.0, 739.2, 716.8, 716.8]
['2014-10-30', 644.0, 739.2, 621.6, 621.6]
['2014-10-31', 716.8, 739.2, 716.8, 722.4]
['2014-11-03', 716.8, 728.0, 716.8, 722.4]
['2014-11-04', 716.8, 728.0, 672.0, 672.0]
['2014-11-05', 672.0, 672.0, 666.4, 672.0]
['2014-11-06', 666.4, 739.2, 666.4, 739.2]
['2014-11-07', 666.4, 672.0, 666.4, 672.0]
['2014-11-10', 649.6, 733.6, 649.6, 660.8]
['2014-11-11', 644.0, 688.8, 644.0, 644.0]
['2014-11-12', 621.6, 632.8, 621.6, 627.2]
['2014-11-13', 627.2, 627.2, 622.72, 627.2]
['2014-11-14', 621.6, 655.2, 616.0, 616.0]
['2014-11-17', 644.0, 728.0, 621.6, 728.0]
['2014-11-18', 722.4, 722.4, 616.0, 716.8]
['2014-11-19', 632.8, 672.0, 627.2, 655.2]
['2014-11-20', 632.8, 700.0, 616.0, 700.0]
['2014-11-21', 616.0, 714.0, 616.0, 700.0]
['2014-11-24', 700.0, 731.36, 632.8, 728.0]
['2014-11-25', 730.24, 733.6, 728.0, 733.6]
['2014-11-26', 728.0, 784.0, 728.0, 756.0]
['2014-11-28', 700.0, 756.0, 588.0, 756.0]
['2014-12-01', 711.2, 711.2, 711.2, 711.2]
['2014-12-02', 744.8, 795.2, 694.4, 705.6]
['2014-12-03', 728.0, 868.0, 728.0, 840.0]
['2014-12-04', 862.4, 868.0, 862.4, 868.0]
['2014-12-05', 868.0, 940.8, 840.0, 840.0]
['2014-12-08', 855.68, 856.8, 744.8, 778.4]
['2014-12-09', 929.6, 940.8, 890.4, 907.2]
['2014-12-10', 890.4, 924.0, 868.0, 924.0]
['2014-12-11', 750.4, 952.0, 750.4, 795.2]
['2014-12-12', 834.4, 980.0, 761.6, 840.0]
['2014-12-15', 924.0, 980.0, 924.0, 963.2]
['2014-12-16', 767.2, 980.0, 728.0, 954.8]
['2014-12-17', 974.4, 1002.4, 957.6, 1002.4]
['2014-12-18', 1092.0, 1484.0, 1092.0, 1232.0]
['2014-12-19', 1265.6, 1265.6, 1131.2, 1232.0]
['2014-12-22', 1187.2, 1192.8, 1120.0, 1125.6]
['2014-12-23', 1131.2, 1187.2, 1120.0, 1170.4]
['2014-12-24', 1170.4, 1181.6, 1092.0, 1181.6]
['2014-12-26', 1204.0, 1204.0, 1092.0, 1170.4]
['2014-12-29', 1148.0, 1176.0, 952.0, 1176.0]
['2014-12-30', 1125.6, 1176.0, 1125.6, 1176.0]
['2014-12-31', 1192.8, 1243.2, 1192.8, 1243.2]
['2015-01-02', 1243.2, 1243.2, 1092.0, 1176.0]
['2015-01-05', 1075.2, 1114.4, 1008.0, 1008.0]
['2015-01-06', 985.6, 1120.0, 985.6, 1114.4]
['2015-01-07', 1008.0, 1192.8, 1008.0, 1120.0]
['2015-01-08', 1120.0, 1202.88, 1120.0, 1148.0]
['2015-01-09', 1092.0, 1484.0, 1092.0, 1260.0]
['2015-01-12', 1349.6, 1478.4, 1265.6, 1450.4]
['2015-01-13', 1456.0, 1461.6, 1204.0, 1260.0]
['2015-01-14', 1260.0, 1456.0, 1260.0, 1400.0]
['2015-01-15', 1428.0, 1461.6, 1204.0, 1288.0]
['2015-01-16', 1215.2, 1450.4, 1215.2, 1434.72]
['2015-01-20', 1372.0, 1433.6, 1372.0, 1372.0]
['2015-01-21', 1382.08, 1461.6, 1382.08, 1422.4]
['2015-01-22', 1484.0, 1680.0, 1411.2, 1428.0]
['2015-01-23', 1680.0, 1680.0, 1512.0, 1534.4]
['2015-01-26', 1534.4, 1534.4, 1484.0, 1500.8]
['2015-01-27', 1573.6, 1573.6, 1433.6, 1467.2]
['2015-01-28', 1456.0, 1534.4, 1428.0, 1484.0]
['2015-01-29', 1534.4, 1590.4, 1512.0, 1540.0]
['2015-01-30', 1461.6, 1534.4, 1461.6, 1467.2]
['2015-02-02', 1467.2, 1484.0, 1461.6, 1478.4]
['2015-02-03', 1478.4, 1540.0, 1472.8, 1540.0]
['2015-02-04', 1624.0, 2128.0, 1624.0, 2060.8]
['2015-02-05', 2083.2, 2884.0, 2060.8, 2380.0]
['2015-02-06', 2520.0, 2856.0, 2352.0, 2766.3999]
['2015-02-09', 2772.0, 2772.0, 2377.76, 2419.2]
['2015-02-10', 2436.0, 2660.0, 2436.0, 2520.0]
['2015-02-11', 2520.0, 2520.0, 2424.8, 2486.3999]
['2015-02-12', 2520.0, 2520.0, 2268.0, 2296.0]
['2015-02-13', 2340.8, 2340.8, 1960.0, 2212.0]
['2015-02-17', 2268.0, 2475.2, 2128.0, 2240.0]
['2015-02-18', 2268.0, 2285.3601, 1859.2, 1960.0]
['2015-02-19', 2016.0, 2016.0, 1853.6, 1904.0]
['2015-02-20', 1933.12, 1960.0, 1904.0, 1904.0]
['2015-02-23', 1929.2, 1965.6, 1820.0, 1876.0]
['2015-02-24', 1898.4, 1898.4, 1820.0, 1892.8]
['2015-02-25', 1876.0, 2520.0, 1876.0, 2520.0]
['2015-02-26', 2525.6001, 2531.2, 2279.2, 2520.0]
['2015-02-27', 2520.0, 2520.0, 2296.0, 2402.3999]
['2015-03-02', 2514.3999, 2514.3999, 2324.0, 2324.0]
['2015-03-03', 2324.0, 2464.0, 2324.0, 2430.3999]
['2015-03-04', 2464.0, 2632.0, 2380.0, 2632.0]
['2015-03-05', 2520.0, 2783.2, 2520.0, 2688.0]
['2015-03-06', 2732.8, 2732.8, 2576.0, 2581.6001]
['2015-03-09', 2660.0, 2716.0, 2430.3999, 2517.2]
['2015-03-10', 2464.0, 2464.0, 2016.0, 2066.3999]
['2015-03-11', 2021.6, 2352.0, 1971.2, 1971.2]
['2015-03-12', 2044.0, 2240.0, 2010.4, 2122.3999]
['2015-03-13', 2122.3999, 2592.8, 2122.3999, 2268.0]
['2015-03-16', 2363.2, 2363.2, 2262.3999, 2262.3999]
['2015-03-17', 2251.2, 2346.96, 2251.2, 2296.0]
['2015-03-18', 2352.0, 2352.0, 2100.0, 2206.3999]
['2015-03-19', 2168.3201, 2203.04, 2044.0, 2072.0]
['2015-03-20', 2072.0, 2116.8, 1747.2, 1848.0]
['2015-03-23', 1820.0, 1848.0, 1752.8, 1848.0]
['2015-03-24', 1811.04, 1876.0, 1736.0, 1876.0]
['2015-03-25', 1876.0, 1876.0, 1680.0, 1736.0]
['2015-03-26', 1727.6, 1764.0, 1691.2, 1696.8]
['2015-03-27', 1674.4, 1876.0, 1674.4, 1820.0]
['2015-03-30', 1820.0, 1820.0, 1721.4399, 1736.0]
['2015-03-31', 1685.6, 1736.0, 1685.6, 1724.8]
['2015-04-01', 1724.8, 1892.8, 1724.8, 1820.0]
['2015-04-02', 2004.8, 2072.0, 1835.12, 1876.0]
['2015-04-06', 1932.0, 2010.4, 1724.8, 1764.0]
['2015-04-07', 1736.0, 2072.0, 1724.8, 1724.8]
['2015-04-08', 1713.6, 1931.4399, 1713.6, 1775.2]
['2015-04-09', 1838.48, 1904.0, 1752.8, 1881.6]
['2015-04-10', 1881.6, 1904.0, 1736.0, 1764.0]
['2015-04-13', 1836.8, 1960.0, 1797.6, 1820.0]
['2015-04-14', 1803.2, 1864.8, 1792.0, 1803.2]
['2015-04-15', 1792.0, 1848.0, 1769.6, 1769.6]
['2015-04-16', 1792.0, 1825.6, 1741.6, 1741.6]
['2015-04-17', 1820.0, 1820.0, 1736.0, 1736.0]
['2015-04-20', 1764.0, 1802.08, 1730.4, 1730.4]
['2015-04-21', 1730.4, 1820.0, 1730.4, 1792.0]
['2015-04-22', 1820.0, 1820.0, 1724.8, 1752.8]
['2015-04-23', 1719.2, 1786.4, 1719.2, 1749.4399]
['2015-04-24', 1719.2, 1747.2, 1717.52, 1747.2]
['2015-04-27', 1775.2, 1775.2, 1696.8, 1758.4]
['2015-04-28', 1730.4, 1758.4, 1680.0, 1736.0]
['2015-04-29', 1727.6, 1727.6, 1680.0, 1681.12]
['2015-04-30', 1713.6, 1808.8, 1691.2, 1757.28]
['2015-05-01', 1702.4, 1702.4, 1702.4, 1702.4]
['2015-05-04', 1685.6, 1948.8, 1685.6, 1831.2]
['2015-05-05', 1700.16, 1960.0, 1697.92, 1836.8]
['2015-05-06', 1803.2, 1904.0, 1730.4, 1848.0]
['2015-05-07', 1848.0, 1848.0, 1747.2, 1803.2]
['2015-05-08', 1764.0, 1932.0, 1764.0, 1870.4]
['2015-05-11', 1825.6, 1960.0, 1825.6, 1960.0]
['2015-05-12', 1904.0, 1904.0, 1848.0, 1904.0]
['2015-05-13', 1948.8, 1960.0, 1904.0, 1920.8]
['2015-05-14', 1920.8, 1920.8, 1920.8, 1920.8]
['2015-05-15', 1960.0, 2184.0, 1960.0, 2044.0]
['2015-05-18', 1937.6, 1971.2, 1848.0, 1965.6]
['2015-05-19', 1932.0, 2016.0, 1932.0, 1976.8]
['2015-05-20', 1988.0, 2038.4, 1960.0, 2021.6]
['2015-05-21', 2044.0, 2094.3999, 1878.8, 1999.2]
['2015-05-22', 2044.0, 2144.8, 1915.2, 2144.8]
['2015-05-26', 2060.8, 2060.8, 1909.6, 2044.0]
['2015-05-27', 2094.3999, 2094.3999, 1904.0, 1960.0]
['2015-05-28', 2004.8, 2066.3999, 1954.4, 2066.3999]
['2015-05-29', 2094.3999, 2240.0, 2094.3999, 2178.3999]
['2015-06-01', 1971.2, 2072.0, 1848.0, 1954.4]
['2015-06-02', 1965.6, 2223.2, 1965.6, 2021.6]
['2015-06-03', 2184.0, 2184.0, 1988.0, 2016.0]
['2015-06-04', 2088.8, 2150.3999, 1960.0, 2032.8]
['2015-06-05', 2060.8, 2060.8, 1909.6, 1943.2]
['2015-06-08', 1971.2, 2136.3999, 1915.2, 2004.8]
['2015-06-09', 2055.2, 2100.0, 1932.0, 1965.6]
['2015-06-10', 1982.4, 2055.2, 1904.0, 2010.4]
['2015-06-11', 2060.8, 2100.0, 2010.4, 2055.2]
['2015-06-12', 2111.2, 2111.2, 2044.0, 2088.8]
['2015-06-15', 2111.2, 2514.3999, 2077.6001, 2508.8]
['2015-06-16', 2520.0, 2699.2, 2436.0, 2486.3999]
['2015-06-17', 2486.3999, 2503.2, 2391.2, 2486.3999]
['2015-06-18', 2492.0, 2716.0, 2492.0, 2688.0]
['2015-06-19', 2744.0, 2783.2, 2441.6001, 2587.2]
['2015-06-22', 2626.3999, 2760.8, 2520.0, 2760.8]
['2015-06-23', 2637.6001, 2766.3999, 2553.6001, 2744.0]
['2015-06-24', 2660.0, 2772.0, 2447.2, 2581.6001]
['2015-06-25', 2732.8, 2758.5601, 2581.6001, 2648.8]
['2015-06-26', 2682.3999, 2716.0, 2458.3999, 2716.0]
['2015-06-29', 2716.0, 2772.0, 2553.6001, 2609.6001]
['2015-06-30', 2654.3999, 2872.8, 2508.8, 2844.8]
['2015-07-01', 2884.0, 3029.6001, 2856.0, 2934.3999]
['2015-07-02', 3040.8, 3080.0, 2884.0, 2956.8]
['2015-07-06', 3046.3999, 3192.0, 2968.0, 3192.0]
['2015-07-07', 3186.3999, 3226.72, 3024.0, 3220.0]
['2015-07-08', 3220.0, 3220.0, 3063.76, 3136.0]
['2015-07-09', 3203.2, 3220.0, 2917.6001, 3052.0]
['2015-07-10', 3007.2, 3136.0, 2945.6001, 3136.0]
['2015-07-13', 3136.0, 3136.0, 2950.6399, 3108.0]
['2015-07-14', 3080.0, 3080.0, 2940.0, 3046.3999]
['2015-07-15', 3096.8, 3096.8, 2917.6001, 2945.6001]
['2015-07-16', 3000.48, 3035.2, 2688.0, 2872.8]
['2015-07-17', 2828.0, 3035.2, 2822.3999, 3018.3999]
['2015-07-20', 3046.3999, 3046.3999, 2867.76, 2884.0]
['2015-07-21', 2956.8, 2956.8, 2822.3999, 2856.0]
['2015-07-22', 2816.8, 2965.2, 2816.8, 2889.6001]
['2015-07-23', 2856.0, 2912.0, 2805.6001, 2833.6001]
['2015-07-24', 2828.0, 2839.2, 2688.0, 2693.6001]
['2015-07-27', 2637.6001, 2672.3201, 2368.8, 2436.0]
['2015-07-28', 2368.8, 2626.3999, 2335.2, 2531.2]
['2015-07-29', 2548.0, 2727.2, 2531.2, 2531.2]
['2015-07-30', 2576.0, 2844.8, 2576.0, 2828.0]
['2015-07-31', 2884.0, 2884.0, 2660.0, 2688.0]
['2015-08-03', 2738.3999, 2928.8, 2676.8, 2861.6001]
['2015-08-04', 2884.0, 2923.2, 2727.2, 2744.0]
['2015-08-05', 2800.0, 2856.0, 2660.0, 2783.2]
['2015-08-06', 2699.2, 2844.8, 2699.2, 2704.8]
['2015-08-07', 2727.2, 2732.8, 2598.3999, 2693.6001]
['2015-08-10', 2665.6001, 2778.72, 2520.0, 2721.6001]
['2015-08-11', 2788.8, 2788.8, 2648.8, 2682.3999]
['2015-08-12', 2648.8, 2648.8, 2352.0, 2531.2]
['2015-08-13', 2492.0, 2671.2, 2475.2, 2480.8]
['2015-08-14', 2492.0, 2492.0, 2384.48, 2452.8]
['2015-08-17', 2413.6001, 2601.2, 2380.0, 2536.8]
['2015-08-18', 2592.8, 2592.8, 2525.6001, 2525.6001]
['2015-08-19', 2553.6001, 2660.0, 2380.0, 2385.6001]
['2015-08-20', 2335.2, 2452.8, 2128.0, 2178.3999]
['2015-08-21', 2184.0, 2236.6399, 1965.6, 1971.2]
['2015-08-24', 1831.2, 2161.6001, 1736.0, 2161.6001]
['2015-08-25', 2167.2, 2240.0, 2128.0, 2151.52]
['2015-08-26', 2116.8, 2150.3999, 2060.8, 2122.3999]
['2015-08-27', 2200.8, 2200.8, 1988.0, 2111.2]
['2015-08-28', 2223.2, 2223.2, 1948.8, 2060.8]
['2015-08-31', 2161.6001, 2189.6001, 2032.8, 2100.0]
['2015-09-01', 2111.2, 2227.6799, 1965.6, 2111.2]
['2015-09-02', 2027.2, 2116.8, 1960.0, 2111.2]
['2015-09-03', 2094.3999, 2098.8799, 1954.4, 1954.4]
['2015-09-04', 1926.4, 1976.8, 1825.6, 1920.8]
['2015-09-08', 1943.2, 1974.0, 1881.6, 1937.6]
['2015-09-09', 1892.8, 1971.2, 1803.2, 1831.2]
['2015-09-10', 1831.2, 1918.0, 1831.2, 1853.6]
['2015-09-11', 1842.4, 1909.6, 1797.6, 1848.0]
['2015-09-14', 1853.6, 1943.2, 1803.2, 1808.8]
['2015-09-15', 1814.4, 1853.6, 1764.0, 1786.4]
['2015-09-16', 1831.2, 1876.0, 1736.0, 1741.6]
['2015-09-17', 1775.2, 1775.2, 1758.4, 1761.2]
['2015-09-18', 1764.0, 1786.4, 1652.0, 1786.4]
['2015-09-21', 1808.8, 1814.4, 1736.0, 1736.0]
['2015-09-22', 1736.0, 1752.8, 1708.0, 1724.8]
['2015-09-23', 1703.52, 1703.52, 1674.4, 1680.0]
['2015-09-24', 1680.0, 1691.2, 1629.6, 1646.4]
['2015-09-25', 1618.4, 1657.6, 1540.0, 1556.8]
['2015-09-28', 1540.0, 1579.2, 1310.4, 1355.2]
['2015-09-29', 1349.6, 1394.4, 1148.0, 1181.6]
['2015-09-30', 1164.8, 1232.0, 1159.2, 1170.4]
['2015-10-01', 1170.4, 1411.2, 1097.6, 1120.0]
['2015-10-02', 1075.2, 1243.2, 1075.2, 1181.6]
['2015-10-05', 2060.8, 3516.8, 1808.8, 2643.2]
['2015-10-06', 2408.0, 2503.2, 2172.8, 2234.3999]
['2015-10-07', 1797.6, 1898.4, 1702.4, 1775.2]
['2015-10-08', 1780.8, 1786.4, 1584.8, 1618.4]
['2015-10-09', 1601.6, 1652.0, 1523.2, 1607.2]
['2015-10-12', 1624.0, 1624.0, 1512.0, 1512.0]
['2015-10-13', 1512.0, 1573.6, 1433.6, 1545.6]
['2015-10-14', 1568.0, 1579.2, 1321.6, 1327.2]
['2015-10-15', 1332.8, 1388.8, 1299.2, 1360.8]
['2015-10-16', 1344.0, 1366.4, 1254.4, 1265.6]
['2015-10-19', 1338.4, 1372.0, 1271.2, 1299.2]
['2015-10-20', 1316.0, 1316.0, 1192.8, 1215.2]
['2015-10-21', 1237.6, 1237.6, 1120.0, 1131.2]
['2015-10-22', 1164.8, 1164.8, 996.8, 1030.4]
['2015-10-23', 1092.0, 1103.2, 952.0, 991.2]
['2015-10-26', 963.2, 1052.8, 946.4, 1019.2]
['2015-10-27', 1019.2, 1075.2, 845.6, 896.0]
['2015-10-28', 901.6, 991.2, 862.4, 957.6]
['2015-10-29', 957.6, 980.0, 912.8, 918.4]
['2015-10-30', 924.0, 952.0, 884.8, 901.6]
['2015-11-02', 963.2, 985.6, 896.0, 985.6]
['2015-11-03', 1024.8, 1136.8, 985.6, 1064.0]
['2015-11-04', 1075.2, 1103.2, 1002.4, 1036.0]
['2015-11-05', 1052.8, 1052.8, 957.6, 963.2]
['2015-11-06', 963.2, 1008.0, 929.6, 963.2]
['2015-11-09', 980.0, 996.8, 940.8, 968.8]
['2015-11-10', 946.4, 1011.92, 901.6, 918.4]
['2015-11-11', 918.4, 924.0, 851.2, 924.0]
['2015-11-12', 879.2, 901.6, 840.0, 862.4]
['2015-11-13', 873.6, 873.6, 795.2, 862.4]
['2015-11-16', 845.6, 931.28, 828.8, 845.6]
['2015-11-17', 862.4, 901.6, 845.6, 884.8]
['2015-11-18', 896.0, 924.0, 868.0, 901.6]
['2015-11-19', 890.4, 935.2, 873.6, 918.4]
['2015-11-20', 901.6, 922.88, 896.0, 918.4]
['2015-11-23', 907.2, 1002.4, 907.2, 991.2]
['2015-11-24', 980.0, 1136.8, 968.8, 1097.6]
['2015-11-25', 1148.0, 1176.0, 1024.8, 1114.4]
['2015-11-27', 1120.0, 1209.6, 1114.4, 1209.6]
['2015-11-30', 1232.0, 1310.4, 1176.0, 1265.6]
['2015-12-01', 1327.2, 1366.4, 1204.0, 1355.2]
['2015-12-02', 1366.4, 1383.2, 1276.8, 1332.8]
['2015-12-03', 1327.2, 1327.2, 1232.0, 1265.6]
['2015-12-04', 1254.4, 1316.0, 1237.6, 1288.0]
['2015-12-07', 1260.0, 1265.6, 1192.8, 1232.0]
['2015-12-08', 1282.4, 1282.4, 1103.2, 1108.8]
['2015-12-09', 1086.4, 1086.4, 968.8, 977.2]
['2015-12-10', 980.0, 980.0, 912.8, 963.2]
['2015-12-11', 991.2, 991.2, 907.2, 907.2]
['2015-12-14', 907.2, 912.8, 845.6, 879.2]
['2015-12-15', 862.4, 929.6, 845.6, 873.6]
['2015-12-16', 901.6, 972.72, 868.0, 935.2]
['2015-12-17', 968.8, 1047.2, 907.2, 918.4]
['2015-12-18', 912.8, 1036.0, 912.8, 952.0]
['2015-12-21', 963.2, 963.2, 907.2, 918.4]
['2015-12-22', 918.4, 963.2, 868.0, 924.0]
['2015-12-23', 943.04, 946.4, 896.0, 929.6]
['2015-12-24', 935.2, 935.2, 896.0, 907.2]
['2015-12-28', 884.8, 990.08, 868.0, 884.8]
['2015-12-29', 873.6, 918.96, 867.44, 896.0]
['2015-12-30', 907.2, 907.2, 856.8, 884.8]
['2015-12-31', 868.0, 873.6, 840.0, 862.4]
['2016-01-04', 840.0, 912.8, 817.6, 873.6]
['2016-01-05', 912.8, 935.2, 840.0, 840.0]
['2016-01-06', 840.0, 876.96, 767.2, 778.4]
['2016-01-07', 795.2, 813.68, 672.0, 728.0]
['2016-01-08', 739.2, 778.4, 635.6, 649.6]
['2016-01-11', 666.4, 666.4, 425.6, 560.0]
['2016-01-12', 588.0, 789.6, 476.0, 672.0]
['2016-01-13', 655.2, 694.4, 565.6, 632.8]
['2016-01-14', 655.2, 655.2, 543.2, 621.6]
['2016-01-15', 582.4, 616.0, 543.2, 560.0]
['2016-01-19', 582.4, 582.96, 476.0, 543.2]
['2016-01-20', 509.6, 543.2, 459.2, 520.8]
['2016-01-21', 520.8, 584.64, 509.6, 560.0]
['2016-01-22', 627.2, 644.0, 548.8, 554.4]
['2016-01-25', 560.0, 588.0, 537.6, 554.4]
['2016-01-26', 548.8, 560.0, 527.52, 537.6]
['2016-01-27', 537.6, 556.08, 526.4, 532.0]
['2016-01-28', 537.6, 616.0, 481.6, 560.0]
['2016-01-29', 560.0, 607.6, 532.0, 532.0]
['2016-02-01', 532.0, 604.8, 520.8, 554.4]
['2016-02-02', 548.8, 593.6, 548.8, 571.2]
['2016-02-03', 576.8, 576.8, 532.0, 565.6]
['2016-02-04', 565.6, 571.2, 542.08, 571.2]
['2016-02-05', 548.8, 571.2, 539.84, 549.36]
['2016-02-08', 537.6, 571.2, 477.68, 532.0]
['2016-02-09', 515.2, 560.0, 504.0, 506.8]
['2016-02-10', 515.2, 551.04, 504.0, 509.6]
['2016-02-11', 504.0, 504.0, 487.2, 490.0]
['2016-02-12', 487.2, 532.0, 481.6, 498.4]
['2016-02-16', 526.4, 554.4, 464.8, 537.6]
['2016-02-17', 548.8, 571.2, 504.0, 560.0]
['2016-02-18', 565.6, 588.0, 526.4, 582.4]
['2016-02-19', 565.6, 616.0, 548.8, 554.4]
['2016-02-22', 571.2, 571.2, 528.08, 537.6]
['2016-02-23', 532.0, 554.4, 498.4, 504.0]
['2016-02-24', 504.0, 548.8, 504.0, 548.8]
['2016-02-25', 532.0, 540.4, 515.2, 526.4]
['2016-02-26', 504.0, 526.4, 492.8, 518.0]
['2016-02-29', 526.4, 532.0, 492.8, 492.8]
['2016-03-01', 504.0, 530.88, 504.0, 504.0]
['2016-03-02', 509.6, 532.0, 504.0, 526.4]
['2016-03-03', 532.0, 638.4, 532.0, 576.8]
['2016-03-04', 615.44, 616.0, 532.0, 537.04]
['2016-03-07', 548.24, 722.4, 548.24, 677.6]
['2016-03-08', 677.6, 784.0, 677.6, 722.4]
['2016-03-09', 728.0, 778.4, 711.2, 711.2]
['2016-03-10', 711.2, 781.2, 616.0, 632.8]
['2016-03-11', 686.0, 686.0, 610.4, 638.4]
['2016-03-14', 627.2, 711.76, 593.6, 599.2]
['2016-03-15', 599.2, 644.0, 560.0, 565.6]
['2016-03-16', 586.88, 705.6, 576.8, 632.8]
['2016-03-17', 655.2, 683.2, 616.0, 638.4]
['2016-03-18', 644.0, 660.8, 621.6, 638.4]
['2016-03-21', 655.2, 716.8, 655.2, 711.2]
['2016-03-22', 705.6, 974.4, 705.6, 974.4]
['2016-03-23', 957.6, 1008.0, 828.8, 828.8]
['2016-03-24', 812.0, 890.4, 800.8, 862.4]
['2016-03-28', 890.4, 890.4, 778.4, 834.4]
['2016-03-29', 1114.4, 1265.6, 929.6, 935.2]
['2016-03-30', 756.0, 756.0, 660.8, 711.2]
['2016-03-31', 711.2, 711.2, 672.0, 677.6]
['2016-04-01', 660.8, 683.2, 627.2, 649.6]
['2016-04-04', 672.0, 694.4, 616.0, 649.6]
['2016-04-05', 649.6, 649.6, 610.4, 632.8]
['2016-04-06', 627.2, 660.8, 604.8, 632.8]
['2016-04-07', 632.8, 694.4, 627.2, 660.8]
['2016-04-08', 638.4, 672.0, 627.2, 649.6]
['2016-04-11', 660.8, 660.8, 621.6, 627.2]
['2016-04-12', 638.4, 677.6, 627.2, 655.2]
['2016-04-13', 644.0, 672.0, 632.8, 638.4]
['2016-04-14', 638.4, 672.0, 632.8, 644.0]
['2016-04-15', 638.4, 644.0, 632.8, 632.8]
['2016-04-18', 632.8, 649.6, 627.2, 638.4]
['2016-04-19', 627.2, 655.2, 576.8, 593.6]
['2016-04-20', 593.6, 610.4, 588.0, 604.8]
['2016-04-21', 604.8, 627.2, 593.6, 616.0]
['2016-04-22', 616.0, 627.2, 604.8, 610.4]
['2016-04-25', 604.8, 627.2, 582.4, 627.2]
['2016-04-26', 616.0, 616.0, 582.4, 582.4]
['2016-04-27', 604.8, 604.8, 571.2, 588.0]
['2016-04-28', 588.0, 604.8, 576.8, 604.8]
['2016-04-29', 599.2, 599.2, 560.0, 560.0]
['2016-05-02', 560.0, 560.0, 532.0, 540.4]
['2016-05-03', 537.6, 556.08, 537.6, 537.6]
['2016-05-04', 537.6, 554.4, 515.2, 548.8]
['2016-05-05', 543.2, 543.2, 504.0, 543.2]
['2016-05-06', 548.8, 588.0, 548.8, 554.4]
['2016-05-09', 554.4, 560.0, 509.6, 515.2]
['2016-05-10', 532.0, 582.4, 504.0, 554.4]
['2016-05-11', 554.4, 576.8, 520.8, 532.0]
['2016-05-12', 532.0, 532.56, 491.12, 492.8]
['2016-05-13', 492.8, 532.0, 492.8, 492.8]
['2016-05-16', 492.8, 532.0, 459.2, 492.8]
['2016-05-17', 504.0, 504.0, 459.2, 484.96]
['2016-05-18', 498.4, 498.4, 470.4, 470.4]
['2016-05-19', 464.8, 481.6, 453.6, 459.2]
['2016-05-20', 470.4, 470.4, 453.6, 462.0]
['2016-05-23', 473.2, 476.0, 459.2, 470.4]
['2016-05-24', 470.4, 498.4, 459.2, 487.2]
['2016-05-25', 470.4, 509.6, 464.8, 509.6]
['2016-05-26', 515.2, 526.4, 492.8, 515.2]
['2016-05-27', 498.4, 526.4, 498.4, 509.6]
['2016-05-31', 532.0, 588.0, 466.48, 487.2]
['2016-06-01', 504.0, 509.6, 484.4, 492.8]
['2016-06-02', 492.8, 524.16, 487.2, 520.8]
['2016-06-03', 520.8, 593.6, 504.0, 576.8]
['2016-06-06', 588.0, 599.2, 532.56, 534.8]
['2016-06-07', 537.6, 537.6, 515.2, 515.2]
['2016-06-08', 526.4, 543.2, 515.2, 515.2]
['2016-06-09', 526.4, 532.0, 515.2, 515.2]
['2016-06-10', 520.8, 554.4, 515.2, 554.4]
['2016-06-13', 565.6, 576.8, 515.2, 534.24]
['2016-06-14', 537.6, 571.2, 515.2, 515.2]
['2016-06-15', 526.96, 560.0, 515.2, 526.4]
['2016-06-16', 520.8, 554.4, 516.88, 516.88]
['2016-06-17', 537.6, 548.8, 532.0, 532.0]
['2016-06-20', 526.4, 560.0, 520.8, 526.4]
['2016-06-21', 532.0, 548.8, 532.0, 543.2]
['2016-06-22', 559.44, 588.0, 543.2, 582.4]
['2016-06-23', 582.4, 660.8, 571.2, 610.4]
['2016-06-24', 588.0, 604.8, 554.4, 554.4]
['2016-06-27', 554.4, 560.0, 532.0, 560.0]
['2016-06-28', 571.2, 638.4, 565.6, 632.8]
['2016-06-29', 666.4, 677.6, 571.2, 588.0]
['2016-06-30', 599.2, 621.6, 582.4, 582.4]
['2016-07-01', 588.0, 642.88, 588.0, 604.8]
['2016-07-05', 621.6, 627.2, 571.2, 627.2]
['2016-07-06', 638.4, 638.4, 588.0, 604.8]
['2016-07-07', 599.2, 621.6, 571.2, 571.2]
['2016-07-08', 576.8, 588.0, 565.6, 582.4]
['2016-07-11', 576.8, 599.2, 571.2, 599.2]
['2016-07-12', 588.0, 604.8, 576.8, 582.4]
['2016-07-13', 588.0, 597.52, 576.8, 588.0]
['2016-07-14', 593.6, 611.52, 571.2, 604.8]
['2016-07-15', 599.2, 616.0, 588.0, 610.4]
['2016-07-18', 613.76, 616.0, 576.8, 593.6]
['2016-07-19', 596.4, 599.2, 565.6, 582.4]
['2016-07-20', 582.4, 604.8, 565.6, 582.4]
['2016-07-21', 576.8, 593.6, 571.2, 582.4]
['2016-07-22', 582.4, 588.0, 565.6, 576.8]
['2016-07-25', 582.4, 598.64, 571.2, 571.2]
['2016-07-26', 571.2, 582.4, 537.6, 560.0]
['2016-07-27', 561.68, 571.2, 546.56, 546.56]
['2016-07-28', 560.0, 582.4, 546.56, 560.0]
['2016-07-29', 571.2, 588.0, 554.4, 565.6]
['2016-08-01', 576.8, 588.0, 565.6, 571.2]
['2016-08-02', 604.8, 616.0, 548.8, 560.0]
['2016-08-03', 560.0, 565.6, 548.8, 551.6]
['2016-08-04', 554.4, 560.0, 543.2, 548.8]
['2016-08-05', 548.8, 571.2, 548.8, 571.2]
['2016-08-08', 576.8, 616.0, 565.6, 571.2]
['2016-08-09', 571.2, 593.6, 548.8, 560.0]
['2016-08-10', 588.0, 588.0, 560.0, 565.6]
['2016-08-11', 576.8, 588.0, 565.6, 582.4]
['2016-08-12', 576.8, 616.0, 565.6, 588.0]
['2016-08-15', 599.2, 599.2, 588.0, 588.0]
['2016-08-16', 588.0, 604.8, 588.0, 599.2]
['2016-08-17', 604.8, 744.24, 603.68, 700.0]
['2016-08-18', 784.0, 784.0, 672.0, 677.6]
['2016-08-19', 666.4, 672.0, 644.0, 655.2]
['2016-08-22', 649.6, 672.0, 627.2, 644.0]
['2016-08-23', 644.0, 660.8, 632.8, 644.0]
['2016-08-24', 638.4, 654.64, 616.0, 632.8]
['2016-08-25', 627.2, 627.2, 616.0, 627.2]
['2016-08-26', 627.2, 644.0, 616.0, 616.0]
['2016-08-29', 621.6, 638.4, 621.6, 627.2]
['2016-08-30', 644.0, 649.6, 627.2, 627.2]
['2016-08-31', 630.0, 655.2, 627.2, 644.0]
['2016-09-01', 655.2, 660.8, 632.8, 649.6]
['2016-09-02', 655.2, 672.0, 621.6, 621.6]
['2016-09-06', 621.6, 666.4, 599.2, 627.2]
['2016-09-07', 672.0, 672.0, 571.2, 571.2]
['2016-09-08', 576.8, 599.2, 560.0, 588.0]
['2016-09-09', 582.4, 587.44, 532.0, 548.8]
['2016-09-12', 588.0, 610.4, 560.0, 593.6]
['2016-09-13', 599.2, 610.4, 588.0, 593.6]
['2016-09-14', 604.8, 655.2, 588.0, 627.2]
['2016-09-15', 632.8, 700.0, 610.4, 672.0]
['2016-09-16', 677.6, 683.2, 627.76, 660.8]
['2016-09-19', 655.2, 683.2, 627.2, 627.2]
['2016-09-20', 638.4, 649.6, 610.4, 621.6]
['2016-09-21', 616.0, 655.2, 616.0, 632.8]
['2016-09-22', 655.2, 666.4, 632.8, 644.0]
['2016-09-23', 644.0, 666.4, 632.8, 655.2]
['2016-09-26', 616.0, 656.88, 616.0, 621.6]
['2016-09-27', 616.0, 644.0, 610.4, 610.4]
['2016-09-28', 616.0, 649.6, 593.6, 593.6]
['2016-09-29', 593.6, 632.8, 593.6, 599.2]
['2016-09-30', 621.6, 621.6, 599.2, 599.2]
['2016-10-03', 604.8, 627.2, 604.8, 610.4]
['2016-10-04', 616.0, 649.6, 616.0, 616.0]
['2016-10-05', 638.4, 694.4, 621.6, 638.4]
['2016-10-06', 644.0, 649.6, 627.2, 638.4]
['2016-10-07', 632.8, 672.0, 621.6, 672.0]
['2016-10-10', 660.8, 672.0, 616.0, 621.6]
['2016-10-11', 638.4, 683.2, 621.6, 655.2]
['2016-10-12', 649.6, 649.6, 621.6, 627.2]
['2016-10-13', 800.8, 845.6, 700.0, 761.6]
['2016-10-14', 812.0, 1142.4, 789.6, 1097.6]
['2016-10-17', 1008.0, 1484.0, 991.2, 1310.4]
['2016-10-18', 1265.6, 1394.4, 1209.6, 1316.0]
['2016-10-19', 1293.6, 1338.4, 1136.8, 1198.4]
['2016-10-20', 1198.4, 1260.0, 1148.0, 1198.4]
['2016-10-21', 1125.6, 1207.36, 1013.6, 1052.8]
['2016-10-24', 1030.4, 1052.8, 935.2, 1041.6]
['2016-10-25', 1047.2, 1310.4, 1030.4, 1136.8]
['2016-10-26', 1108.8, 1125.04, 1019.2, 1103.2]
['2016-10-27', 1080.8, 1092.0, 1036.0, 1052.8]
['2016-10-28', 1036.0, 1092.0, 1019.2, 1080.8]
['2016-10-31', 1075.2, 1159.2, 1024.8, 1131.2]
['2016-11-01', 1114.4, 1170.4, 1075.2, 1159.2]
['2016-11-02', 1181.6, 1327.2, 1097.6, 1114.4]
['2016-11-03', 1103.2, 1148.0, 1092.0, 1148.0]
['2016-11-04', 1159.2, 1169.84, 1092.0, 1103.2]
['2016-11-07', 1108.8, 1153.6, 1108.8, 1120.0]
['2016-11-08', 1103.2, 1148.0, 980.0, 1142.4]
['2016-11-09', 1069.6, 1153.6, 1069.6, 1131.2]
['2016-11-10', 1148.0, 1219.12, 1114.4, 1125.6]
['2016-11-11', 1108.8, 1136.8, 1064.0, 1069.6]
['2016-11-14', 1064.0, 1148.0, 1058.4, 1148.0]
['2016-11-15', 1176.0, 1181.6, 1108.8, 1136.8]
['2016-11-16', 1136.8, 1136.8, 1097.6, 1131.2]
['2016-11-17', 1148.0, 1159.2, 1103.2, 1125.6]
['2016-11-18', 1114.4, 1204.0, 1114.4, 1192.8]
['2016-11-21', 1288.0, 1299.2, 1120.0, 1125.6]
['2016-11-22', 1120.0, 1142.4, 1075.2, 1142.4]
['2016-11-23', 1131.2, 1153.6, 1097.6, 1153.6]
['2016-11-25', 1153.6, 1198.4, 1136.8, 1164.8]
['2016-11-28', 1170.4, 1232.0, 1142.4, 1170.4]
['2016-11-29', 1164.8, 1176.0, 1120.0, 1164.8]
['2016-11-30', 1159.2, 1159.2, 1108.8, 1108.8]
['2016-12-01', 1103.2, 1159.2, 1075.2, 1114.4]
['2016-12-02', 1103.2, 1120.0, 1080.8, 1120.0]
['2016-12-05', 1125.6, 1142.4, 1092.0, 1142.4]
['2016-12-06', 1136.8, 1136.8, 1097.6, 1120.0]
['2016-12-07', 1108.8, 1125.6, 1103.2, 1114.4]
['2016-12-08', 1176.0, 1198.4, 1092.0, 1125.6]
['2016-12-09', 1120.0, 1136.8, 1097.6, 1108.8]
['2016-12-12', 1108.8, 1108.8, 1075.2, 1097.6]
['2016-12-13', 1092.0, 1125.6, 1071.84, 1125.6]
['2016-12-14', 1114.4, 1159.2, 1075.76, 1120.0]
['2016-12-15', 1114.4, 1120.0, 1086.4, 1097.6]
['2016-12-16', 1086.4, 1114.4, 1064.0, 1064.0]
['2016-12-19', 1058.4, 1058.4, 920.64, 996.8]
['2016-12-20', 991.2, 1008.0, 935.2, 946.4]
['2016-12-21', 940.8, 952.0, 756.0, 756.0]
['2016-12-22', 784.0, 795.2, 694.4, 756.0]
['2016-12-23', 750.4, 761.6, 716.8, 756.0]
['2016-12-27', 761.6, 772.24, 733.6, 756.0]
['2016-12-28', 756.0, 756.0, 649.6, 688.8]
['2016-12-29', 683.2, 688.8, 627.2, 666.4]
['2016-12-30', 655.2, 688.8, 644.0, 672.0]
['2017-01-03', 688.8, 716.8, 683.2, 705.6]
['2017-01-04', 716.8, 761.6, 711.2, 733.6]
['2017-01-05', 750.4, 772.8, 672.0, 716.8]
['2017-01-06', 700.0, 739.2, 694.4, 711.2]
['2017-01-09', 711.2, 750.4, 700.0, 750.4]
['2017-01-10', 767.2, 924.0, 750.4, 912.8]
['2017-01-11', 918.4, 924.0, 817.6, 868.0]
['2017-01-12', 862.4, 867.44, 784.0, 851.2]
['2017-01-13', 851.2, 896.0, 817.6, 840.0]
['2017-01-17', 840.0, 840.0, 812.0, 834.4]
['2017-01-18', 834.4, 834.4, 761.6, 789.6]
['2017-01-19', 778.4, 806.4, 739.2, 772.8]
['2017-01-20', 767.2, 795.2, 739.2, 767.2]
['2017-01-23', 767.2, 795.2, 756.0, 795.2]
['2017-01-24', 817.6, 817.6, 761.6, 772.8]
['2017-01-25', 784.0, 785.68, 756.0, 784.0]
['2017-01-26', 778.4, 812.0, 767.2, 812.0]
['2017-01-27', 806.4, 828.8, 778.4, 800.8]
['2017-01-30', 800.8, 800.8, 761.6, 795.2]
['2017-01-31', 784.0, 806.4, 767.2, 795.2]
['2017-02-01', 817.6, 817.6, 772.8, 784.0]
['2017-02-02', 778.4, 784.0, 756.0, 772.8]
['2017-02-03', 761.6, 773.36, 756.0, 761.6]
['2017-02-06', 778.4, 784.0, 767.2, 784.0]
['2017-02-07', 784.0, 800.8, 772.8, 800.8]
['2017-02-08', 795.2, 912.8, 784.0, 907.2]
['2017-02-09', 918.4, 918.4, 834.4, 856.8]
['2017-02-10', 873.6, 879.76, 828.8, 878.08]
['2017-02-13', 901.6, 917.84, 851.2, 862.4]
['2017-02-14', 862.4, 901.6, 840.0, 862.4]
['2017-02-15', 862.4, 896.0, 851.2, 873.6]
['2017-02-16', 896.0, 929.6, 856.8, 884.8]
['2017-02-17', 924.0, 929.6, 879.2, 901.6]
['2017-02-21', 924.0, 929.6, 840.0, 856.8]
['2017-02-22', 868.0, 873.04, 840.0, 856.8]
['2017-02-23', 856.8, 884.8, 845.6, 873.6]
['2017-02-24', 868.0, 868.0, 795.2, 834.4]
['2017-02-27', 856.8, 856.8, 789.6, 823.2]
['2017-02-28', 806.4, 828.8, 784.0, 789.6]
['2017-03-01', 784.0, 823.2, 784.0, 817.6]
['2017-03-02', 812.0, 856.8, 800.8, 800.8]
['2017-03-03', 806.4, 840.0, 789.6, 828.8]
['2017-03-06', 840.0, 842.8, 806.4, 840.0]
['2017-03-07', 856.8, 856.8, 823.2, 834.4]
['2017-03-08', 834.4, 873.6, 823.2, 840.0]
['2017-03-09', 856.8, 856.8, 823.2, 828.8]
['2017-03-10', 828.8, 840.0, 823.2, 828.8]
['2017-03-13', 823.2, 828.24, 800.8, 817.6]
['2017-03-14', 812.0, 823.2, 795.2, 823.2]
['2017-03-15', 812.0, 828.8, 800.8, 812.0]
['2017-03-16', 823.2, 823.2, 789.6, 800.8]
['2017-03-17', 795.2, 868.0, 795.2, 812.0]
['2017-03-20', 873.6, 1036.0, 856.8, 924.0]
['2017-03-21', 924.0, 952.0, 868.0, 879.2]
['2017-03-22', 896.0, 896.0, 840.0, 862.4]
['2017-03-23', 946.4, 968.8, 856.8, 901.6]
['2017-03-24', 912.8, 924.0, 884.8, 901.6]
['2017-03-27', 896.0, 929.6, 879.2, 912.8]
['2017-03-28', 912.8, 1002.4, 912.8, 974.4]
['2017-03-29', 1030.4, 1030.4, 940.8, 957.6]
['2017-03-30', 952.0, 980.0, 946.4, 974.4]
['2017-03-31', 968.8, 1008.0, 963.2, 991.2]
['2017-04-03', 991.2, 1036.0, 980.0, 996.8]
['2017-04-04', 1052.8, 1097.6, 952.0, 996.8]
['2017-04-05', 991.2, 991.2, 840.0, 912.8]
['2017-04-06', 907.2, 912.8, 840.0, 873.6]
['2017-04-07', 862.4, 896.0, 851.2, 896.0]
['2017-04-10', 890.4, 918.4, 868.0, 884.8]
['2017-04-11', 940.8, 940.8, 873.6, 896.0]
['2017-04-12', 907.2, 907.2, 845.6, 862.4]
['2017-04-13', 851.2, 896.0, 840.0, 856.8]
['2017-04-17', 856.8, 907.2, 856.8, 890.4]
['2017-04-18', 896.0, 907.2, 862.4, 868.0]
['2017-04-19', 890.4, 918.4, 873.6, 901.6]
['2017-04-20', 957.6, 1036.0, 778.4, 840.0]
['2017-04-21', 828.8, 851.2, 722.4, 789.6]
['2017-04-24', 789.6, 789.6, 649.6, 660.8]
['2017-04-25', 476.0, 492.8, 448.0, 481.6]
['2017-04-26', 481.6, 504.0, 454.72, 464.8]
['2017-04-27', 459.2, 492.8, 448.0, 470.4]
['2017-04-28', 481.6, 496.16, 460.88, 470.4]
['2017-05-01', 470.4, 470.4, 448.0, 464.8]
['2017-05-02', 459.2, 464.8, 425.6, 464.8]
['2017-05-03', 453.6, 460.32, 439.6, 453.04]
['2017-05-04', 459.2, 470.4, 369.6, 392.0]
['2017-05-05', 394.8, 397.6, 347.2, 378.0]
['2017-05-08', 378.0, 389.2, 369.6, 385.28]
['2017-05-09', 378.0, 385.28, 358.96, 369.6]
['2017-05-10', 358.4, 375.2, 352.8, 372.96]
['2017-05-11', 369.6, 380.8, 358.4, 380.24]
['2017-05-12', 383.6, 420.0, 383.6, 398.16]
['2017-05-15', 403.2, 408.8, 376.32, 392.0]
['2017-05-16', 392.0, 402.08, 369.6, 380.8]
['2017-05-17', 365.12, 386.4, 358.4, 363.44]
['2017-05-18', 364.0, 365.68, 336.56, 347.76]
['2017-05-19', 364.0, 397.6, 347.2, 392.0]
['2017-05-22', 375.2, 392.0, 369.6, 384.16]
['2017-05-23', 376.88, 389.2, 364.0, 375.2]
['2017-05-24', 386.4, 386.4, 364.0, 375.2]
['2017-05-25', 375.2, 380.8, 369.6, 372.4]
['2017-05-26', 380.8, 383.6, 358.4, 371.84]
['2017-05-30', 352.8, 364.56, 336.0, 358.4]
['2017-05-31', 341.6, 357.84, 336.0, 344.4]
['2017-06-01', 344.4, 352.8, 341.6, 347.76]
['2017-06-02', 342.16, 364.0, 342.16, 357.84]
['2017-06-05', 375.2, 375.2, 342.16, 347.2]
['2017-06-06', 347.76, 358.4, 341.6, 353.92]
['2017-06-07', 343.84, 352.8, 338.8, 351.12]
['2017-06-08', 347.2, 375.2, 341.04, 358.4]
['2017-06-09', 358.4, 358.4, 347.76, 347.76]
['2017-06-12', 347.76, 375.2, 347.2, 358.4]
['2017-06-13', 380.8, 390.88, 364.56, 380.8]
['2017-06-14', 392.0, 420.0, 386.4, 389.2]
['2017-06-15', 401.52, 403.2, 352.8, 364.56]
['2017-06-16', 364.0, 375.2, 347.2, 351.12]
['2017-06-19', 348.32, 352.8, 347.76, 348.32]
['2017-06-20', 361.2, 364.0, 350.0, 360.08]
['2017-06-21', 375.2, 375.2, 347.2, 355.6]
['2017-06-22', 375.2, 375.2, 353.36, 355.6]
['2017-06-23', 355.04, 358.4, 348.32, 353.36]
['2017-06-26', 352.8, 358.4, 336.0, 349.44]
['2017-06-27', 347.2, 348.88, 338.8, 341.04]
['2017-06-28', 345.52, 351.68, 330.4, 336.0]
['2017-06-29', 336.0, 341.6, 330.4, 332.64]
['2017-06-30', 330.96, 330.96, 313.6, 324.8]
['2017-07-03', 324.8, 337.68, 319.2, 324.8]
['2017-07-05', 327.6, 352.24, 327.6, 336.0]
['2017-07-06', 341.6, 347.2, 316.96, 330.4]
['2017-07-07', 330.4, 330.4, 310.8, 313.6]
['2017-07-10', 316.4, 320.88, 297.36, 308.0]
['2017-07-11', 308.0, 324.8, 297.92, 311.36]
['2017-07-12', 311.36, 324.8, 303.52, 318.08]
['2017-07-13', 330.4, 358.4, 319.2, 332.08]
['2017-07-14', 330.4, 330.4, 319.76, 325.36]
['2017-07-17', 330.4, 330.4, 319.2, 319.2]
['2017-07-18', 319.2, 324.8, 302.4, 303.52]
['2017-07-19', 302.4, 330.4, 302.4, 323.12]
['2017-07-20', 330.4, 330.4, 308.0, 324.24]
['2017-07-21', 324.8, 324.8, 315.28, 322.0]
['2017-07-24', 314.72, 347.2, 308.0, 330.4]
['2017-07-25', 324.8, 361.2, 324.8, 347.2]
['2017-07-26', 342.72, 374.64, 342.72, 358.96]
['2017-07-27', 365.68, 365.68, 338.8, 347.2]
['2017-07-28', 358.4, 358.4, 332.64, 341.6]
['2017-07-31', 336.0, 341.04, 324.8, 336.0]
['2017-08-01', 330.4, 358.4, 327.6, 338.24]
['2017-08-02', 334.32, 346.08, 330.4, 330.4]
['2017-08-03', 331.52, 347.2, 330.4, 340.48]
['2017-08-04', 333.76, 339.36, 325.92, 339.36]
['2017-08-07', 341.6, 347.2, 313.6, 328.72]
['2017-08-08', 327.6, 336.0, 314.72, 322.0]
['2017-08-09', 314.72, 322.0, 296.8, 306.32]
['2017-08-10', 282.8, 307.44, 282.8, 291.76]
['2017-08-11', 291.76, 313.6, 281.12, 294.0]
['2017-08-14', 308.0, 308.0, 288.4, 304.64]
['2017-08-15', 297.36, 302.4, 291.2, 296.8]
['2017-08-16', 308.0, 319.2, 291.2, 310.8]
['2017-08-17', 302.4, 336.0, 302.4, 330.4]
['2017-08-18', 330.96, 338.8, 324.8, 336.0]
['2017-08-21', 361.2, 364.0, 319.2, 319.2]
['2017-08-22', 313.6, 313.6, 291.2, 299.6]
['2017-08-23', 299.04, 305.2, 285.6, 296.8]
['2017-08-24', 296.8, 313.6, 296.8, 305.76]
['2017-08-25', 313.04, 313.04, 296.8, 307.44]
['2017-08-28', 307.44, 322.0, 297.92, 303.52]
['2017-08-29', 302.96, 313.6, 296.8, 297.36]
['2017-08-30', 312.48, 312.48, 275.52, 280.0]
['2017-08-31', 280.0, 291.2, 264.32, 266.0]
['2017-09-01', 270.48, 279.44, 263.2, 276.64]
['2017-09-05', 274.4, 279.44, 252.0, 276.64]
['2017-09-06', 291.2, 291.2, 269.92, 280.0]
['2017-09-07', 280.0, 284.48, 268.8, 278.88]
['2017-09-08', 291.2, 291.2, 279.44, 283.92]
['2017-09-11', 330.4, 336.0, 286.16, 301.28]
['2017-09-12', 292.32, 294.0, 269.92, 278.88]
['2017-09-13', 280.0, 280.0, 265.44, 271.6]
['2017-09-14', 274.4, 280.0, 263.2, 271.6]
['2017-09-15', 270.48, 276.08, 266.0, 272.16]
['2017-09-18', 268.8, 274.4, 263.2, 266.0]
['2017-09-19', 266.0, 280.0, 257.6, 279.44]
['2017-09-20', 280.0, 286.16, 268.8, 277.2]
['2017-09-21', 280.0, 296.8, 274.4, 286.72]
['2017-09-22', 301.28, 301.28, 282.8, 288.4]
['2017-09-25', 291.2, 291.76, 269.92, 280.0]
['2017-09-26', 280.0, 285.6, 274.4, 276.64]
['2017-09-27', 280.0, 285.6, 271.6, 280.0]
['2017-09-28', 280.0, 302.4, 277.2, 294.56]
['2017-09-29', 289.52, 319.2, 288.4, 291.2]
['2017-10-02', 296.8, 302.4, 286.16, 296.8]
['2017-10-03', 297.36, 341.6, 294.0, 330.4]
['2017-10-04', 336.0, 443.52, 333.76, 420.0]
['2017-10-05', 418.32, 420.0, 342.72, 352.8]
['2017-10-06', 337.68, 347.2, 319.2, 347.2]
['2017-10-09', 336.0, 352.8, 330.4, 333.2]
['2017-10-10', 336.0, 357.84, 330.4, 347.2]
['2017-10-11', 347.2, 358.4, 336.0, 336.56]
['2017-10-12', 347.2, 425.6, 347.2, 395.36]
['2017-10-13', 397.6, 436.24, 371.28, 380.8]
['2017-10-16', 390.32, 425.04, 386.96, 403.2]
['2017-10-17', 431.2, 462.0, 375.2, 404.88]
['2017-10-18', 403.2, 411.04, 386.96, 394.8]
['2017-10-19', 392.0, 425.6, 386.4, 414.96]
['2017-10-20', 414.96, 420.0, 397.6, 406.0]
['2017-10-23', 403.2, 403.2, 364.0, 364.0]
['2017-10-24', 370.16, 380.8, 324.8, 336.0]
['2017-10-25', 327.04, 336.0, 314.16, 318.08]
['2017-10-26', 319.2, 322.0, 302.4, 313.6]
['2017-10-27', 313.6, 358.4, 302.96, 345.52]
['2017-10-30', 313.6, 324.8, 280.56, 291.2]
['2017-10-31', 280.0, 291.2, 268.8, 279.44]
['2017-11-01', 280.0, 308.0, 270.48, 296.8]
['2017-11-02', 294.0, 296.8, 280.0, 285.6]
['2017-11-03', 281.12, 291.2, 274.96, 283.92]
['2017-11-06', 280.0, 296.24, 274.4, 280.56]
['2017-11-07', 280.0, 285.6, 270.48, 280.0]
['2017-11-08', 280.0, 285.04, 267.12, 275.52]
['2017-11-09', 274.4, 295.68, 271.6, 291.2]
['2017-11-10', 291.2, 295.68, 269.92, 271.6]
['2017-11-13', 269.36, 291.2, 266.0, 291.2]
['2017-11-14', 282.8, 288.4, 268.8, 268.8]
['2017-11-15', 268.8, 278.32, 263.2, 274.4]
['2017-11-16', 270.48, 285.6, 263.2, 263.2]
['2017-11-17', 274.4, 274.4, 263.2, 268.8]
['2017-11-20', 266.0, 276.64, 263.76, 268.8]
['2017-11-21', 275.52, 302.4, 264.32, 280.56]
['2017-11-22', 280.0, 288.4, 271.6, 274.4]
['2017-11-24', 272.72, 279.44, 263.2, 268.8]
['2017-11-27', 274.4, 294.0, 268.8, 273.28]
['2017-11-28', 280.0, 291.2, 266.0, 274.4]
['2017-11-29', 280.0, 280.0, 266.56, 271.6]
['2017-11-30', 277.2, 277.2, 263.2, 276.08]
['2017-12-01', 274.4, 276.08, 240.8, 255.36]
['2017-12-04', 252.0, 254.24, 235.2, 244.72]
['2017-12-05', 252.0, 257.6, 238.0, 249.2]
['2017-12-06', 249.2, 252.0, 212.8, 231.84]
['2017-12-07', 232.4, 252.0, 212.8, 239.68]
['2017-12-08', 237.44, 249.2, 223.44, 235.2]
['2017-12-11', 229.6, 229.6, 196.0, 206.64]
['2017-12-12', 207.2, 212.8, 184.8, 196.0]
['2017-12-13', 209.44, 209.44, 179.2, 189.28]
['2017-12-14', 190.4, 206.64, 184.8, 193.2]
['2017-12-15', 196.0, 201.6, 190.4, 190.4]
['2017-12-18', 207.76, 207.76, 194.32, 205.52]
['2017-12-19', 211.68, 211.68, 198.8, 198.8]
['2017-12-20', 199.92, 210.0, 198.8, 202.72]
['2017-12-21', 207.2, 210.0, 198.8, 202.72]
['2017-12-22', 210.0, 212.8, 201.6, 209.44]
['2017-12-26', 202.72, 215.6, 201.6, 213.36]
['2017-12-27', 215.6, 218.4, 202.16, 211.68]
['2017-12-28', 207.76, 212.8, 201.6, 202.16]
['2017-12-29', 207.2, 210.56, 197.12, 201.6]
['2018-01-02', 207.2, 207.2, 196.0, 201.6]
['2018-01-03', 201.6, 207.2, 190.4, 195.44]
['2018-01-04', 189.84, 196.0, 184.8, 191.52]
['2018-01-05', 191.52, 191.52, 182.0, 184.8]
['2018-01-08', 192.08, 192.08, 179.2, 187.04]
['2018-01-09', 186.48, 186.48, 179.76, 184.8]
['2018-01-10', 185.36, 201.6, 179.76, 191.52]
['2018-01-11', 190.4, 201.6, 187.6, 197.12]
['2018-01-12', 201.6, 201.6, 187.04, 190.96]
['2018-01-16', 186.48, 190.4, 179.2, 184.8]
['2018-01-17', 182.56, 184.8, 168.56, 173.6]
['2018-01-18', 175.84, 184.8, 173.6, 177.52]
['2018-01-19', 180.88, 184.8, 173.6, 178.08]
['2018-01-22', 179.2, 184.8, 173.6, 179.2]
['2018-01-23', 176.4, 207.2, 173.6, 204.4]
['2018-01-24', 201.6, 201.6, 179.2, 179.2]
['2018-01-25', 190.4, 190.4, 176.4, 178.08]
['2018-01-26', 176.4, 183.12, 170.8, 175.84]
['2018-01-29', 180.32, 180.32, 170.24, 179.76]
['2018-01-30', 179.2, 179.2, 168.0, 170.8]
['2018-01-31', 173.6, 174.72, 162.4, 167.44]
['2018-02-01', 162.96, 168.0, 151.2, 154.56]
['2018-02-02', 156.8, 162.4, 151.2, 151.2]
['2018-02-05', 159.04, 159.04, 133.84, 138.32]
['2018-02-06', 141.12, 150.64, 128.8, 140.0]
['2018-02-07', 141.12, 142.8, 137.2, 141.12]
['2018-02-08', 145.04, 146.72, 134.96, 134.96]
['2018-02-09', 134.4, 143.92, 134.4, 140.0]
['2018-02-12', 184.8, 190.4, 162.4, 162.96]
['2018-02-13', 161.84, 173.6, 142.24, 147.84]
['2018-02-14', 148.4, 156.24, 138.88, 146.16]
['2018-02-15', 140.0, 148.4, 140.0, 142.8]
['2018-02-16', 151.2, 155.12, 145.6, 145.6]
['2018-02-20', 156.8, 158.48, 142.8, 145.6]
['2018-02-21', 145.6, 145.6, 134.4, 138.32]
['2018-02-22', 173.6, 179.2, 141.12, 147.84]
['2018-02-23', 147.84, 153.44, 141.68, 149.52]
['2018-02-26', 159.04, 159.04, 142.8, 146.16]
['2018-02-27', 147.84, 151.2, 142.8, 143.36]
['2018-02-28', 143.92, 147.28, 140.0, 140.0]
['2018-03-01', 145.6, 145.6, 134.96, 138.88]
['2018-03-02', 140.56, 140.56, 136.08, 140.0]
['2018-03-05', 140.0, 142.24, 137.2, 138.32]
['2018-03-06', 145.04, 145.04, 134.96, 137.2]
['2018-03-07', 134.96, 146.72, 134.96, 139.44]
['2018-03-08', 136.64, 150.64, 135.52, 136.08]
['2018-03-09', 135.52, 136.64, 117.6, 131.6]
['2018-03-12', 129.92, 134.4, 120.96, 123.2]
['2018-03-13', 128.8, 128.8, 121.52, 123.2]
['2018-03-14', 123.2, 128.8, 122.08, 123.2]
['2018-03-15', 123.2, 123.2, 117.6, 117.6]
['2018-03-16', 117.6, 127.68, 114.8, 117.6]
['2018-03-19', 128.8, 128.8, 120.4, 126.0]
['2018-03-20', 126.0, 133.28, 122.08, 130.48]
['2018-03-21', 133.28, 139.44, 123.2, 136.08]
['2018-03-22', 134.4, 144.48, 129.36, 141.12]
['2018-03-23', 142.8, 145.6, 130.48, 134.96]
['2018-03-26', 145.04, 145.04, 115.36, 136.08]
['2018-03-27', 123.2, 134.4, 123.2, 131.04]
['2018-03-28', 134.4, 134.4, 126.0, 128.24]
['2018-03-29', 128.8, 134.4, 120.4, 131.6]
['2018-04-02', 134.4, 134.4, 123.2, 129.36]
['2018-04-03', 124.88, 131.6, 124.88, 127.68]
['2018-04-04', 123.2, 132.72, 121.52, 128.8]
['2018-04-05', 126.0, 144.48, 126.0, 138.32]
['2018-04-06', 140.0, 145.6, 129.36, 140.0]
['2018-04-09', 145.6, 162.4, 137.2, 149.52]
['2018-04-10', 150.08, 156.8, 146.16, 154.0]
['2018-04-11', 137.2, 154.0, 137.2, 152.88]
['2018-04-12', 145.6, 170.8, 145.6, 156.8]
['2018-04-13', 168.0, 168.0, 154.0, 168.0]
['2018-04-16', 170.8, 173.04, 156.8, 164.64]
['2018-04-17', 160.72, 162.4, 150.08, 156.24]
['2018-04-18', 151.76, 156.8, 146.16, 148.96]
['2018-04-19', 146.16, 154.0, 140.0, 149.52]
['2018-04-20', 151.2, 152.32, 140.56, 150.64]
['2018-04-23', 146.16, 151.2, 143.92, 144.48]
['2018-04-24', 145.6, 147.84, 140.0, 142.8]
['2018-04-25', 140.0, 142.24, 126.0, 136.64]
['2018-04-26', 128.8, 137.2, 127.12, 134.4]
['2018-04-27', 134.4, 145.04, 128.8, 140.0]
['2018-04-30', 148.96, 148.96, 137.2, 140.0]
['2018-05-01', 140.0, 144.48, 128.8, 138.32]
['2018-05-02', 140.0, 142.8, 134.4, 136.64]
['2018-05-03', 134.4, 141.12, 134.4, 139.44]
['2018-05-04', 140.0, 142.8, 134.4, 142.8]
['2018-05-07', 134.4, 142.8, 134.4, 140.0]
['2018-05-08', 142.24, 142.24, 135.52, 140.56]
['2018-05-09', 142.8, 148.4, 140.0, 148.4]
['2018-05-10', 152.88, 162.4, 150.64, 156.8]
['2018-05-11', 154.0, 154.0, 143.92, 148.4]
['2018-05-14', 151.2, 154.0, 144.48, 150.08]
['2018-05-15', 145.04, 154.0, 145.04, 150.08]
['2018-05-16', 156.8, 156.8, 143.92, 145.04]
['2018-05-17', 151.2, 151.2, 143.92, 145.6]
['2018-05-18', 143.92, 150.08, 143.92, 148.4]
['2018-05-21', 143.36, 145.6, 129.36, 140.0]
['2018-05-22', 156.8, 156.8, 131.6, 138.32]
['2018-05-23', 147.28, 147.28, 131.6, 142.24]
['2018-05-24', 142.8, 142.8, 134.4, 142.24]
['2018-05-25', 140.0, 162.4, 136.64, 141.12]
['2018-05-29', 142.1, 182.0, 126.7, 131.6]
['2018-05-30', 134.4, 143.5, 129.5, 131.6]
['2018-05-31', 133.0, 135.1, 122.5, 124.6]
['2018-06-01', 126.0, 126.0, 105.0, 108.5]
['2018-06-04', 112.0, 114.1, 98.7, 100.1]
['2018-06-05', 100.1, 105.0, 91.0, 104.79]
['2018-06-06', 104.3, 116.13, 101.5, 107.1]
['2018-06-07', 107.8, 110.6, 101.85, 107.8]
['2018-06-08', 109.2, 114.8, 106.4, 106.4]
['2018-06-11', 116.9, 116.9, 100.8, 103.95]
['2018-06-12', 104.3, 118.3, 101.5, 111.3]
['2018-06-13', 109.9, 109.9, 101.5, 101.5]
['2018-06-14', 115.5, 121.1, 105.0, 108.5]
['2018-06-15', 106.4, 106.4, 101.5, 106.4]
['2018-06-18', 102.9, 106.4, 102.2, 104.3]
['2018-06-19', 105.7, 117.6, 105.0, 107.8]
['2018-06-20', 109.2, 117.6, 107.8, 111.3]
['2018-06-21', 114.1, 115.5, 102.2, 107.8]
['2018-06-22', 117.6, 117.6, 102.9, 102.9]
['2018-06-25', 106.4, 112.7, 102.9, 104.3]
['2018-06-26', 100.1, 107.1, 98.0, 102.2]
['2018-06-27', 104.3, 104.3, 95.2, 95.9]
['2018-06-28', 95.9, 96.53, 91.7, 95.9]
['2018-06-29', 96.6, 98.84, 90.3, 91.0]
['2018-07-02', 90.3, 105.0, 90.3, 104.3]
['2018-07-03', 101.5, 105.0, 95.2, 95.2]
['2018-07-05', 101.5, 101.5, 94.5, 100.8]
['2018-07-06', 98.7, 98.7, 91.0, 91.0]
['2018-07-09', 91.0, 92.33, 80.5, 82.6]
['2018-07-10', 89.6, 93.8, 84.0, 87.5]
['2018-07-11', 91.0, 91.0, 84.0, 84.0]
['2018-07-12', 86.1, 86.1, 81.2, 81.9]
['2018-07-13', 82.6, 84.0, 80.5, 81.2]
['2018-07-16', 84.0, 84.0, 77.7, 78.4]
['2018-07-17', 77.7, 78.05, 70.0, 72.8]
['2018-07-18', 73.5, 73.5, 65.8, 66.5]
['2018-07-19', 66.5, 68.6, 66.5, 67.2]
['2018-07-20', 67.2, 73.5, 59.5, 63.63]
['2018-07-23', 77.7, 91.0, 66.5, 66.64]
['2018-07-24', 64.4, 64.4, 56.0, 59.5]
['2018-07-25', 61.25, 61.25, 52.5, 55.86]
['2018-07-26', 56.0, 56.0, 52.85, 53.9]
['2018-07-27', 58.1, 58.1, 48.37, 51.8]
['2018-07-30', 51.8, 55.3, 50.4, 50.54]
['2018-07-31', 50.61, 54.46, 49.21, 49.77]
['2018-08-01', 52.5, 53.9, 49.77, 53.2]
['2018-08-02', 55.23, 59.5, 52.5, 54.95]
['2018-08-03', 55.23, 59.5, 50.33, 52.57]
['2018-08-06', 53.9, 60.9, 51.17, 59.08]
['2018-08-07', 58.1, 58.1, 53.2, 53.9]
['2018-08-08', 53.9, 56.21, 50.82, 51.1]
['2018-08-09', 53.69, 53.83, 50.47, 51.1]
['2018-08-10', 52.5, 52.5, 49.7, 50.4]
['2018-08-13', 49.7, 49.7, 47.95, 49.0]
['2018-08-14', 49.7, 49.7, 47.6, 47.81]
['2018-08-15', 47.6, 49.0, 42.7, 44.1]
['2018-08-16', 43.47, 49.7, 43.19, 46.06]
['2018-08-17', 47.6, 47.6, 44.8, 46.2]
['2018-08-20', 46.9, 47.32, 45.5, 45.85]
['2018-08-21', 46.2, 48.72, 46.2, 46.9]
['2018-08-22', 46.27, 48.3, 45.5, 47.32]
['2018-08-23', 50.4, 50.4, 46.9, 48.44]
['2018-08-24', 49.0, 49.0, 46.69, 47.88]
['2018-08-27', 47.67, 49.98, 47.67, 48.86]
['2018-08-28', 47.67, 49.49, 47.6, 47.67]
['2018-08-29', 49.35, 50.4, 47.6, 49.0]
['2018-08-30', 49.0, 50.4, 48.3, 50.26]
['2018-08-31', 48.37, 54.11, 47.6, 51.8]
['2018-09-04', 53.9, 58.1, 51.8, 58.1]
['2018-09-05', 58.8, 61.6, 56.21, 58.1]
['2018-09-06', 55.3, 58.1, 53.2, 56.0]
['2018-09-07', 56.0, 56.0, 51.87, 53.34]
['2018-09-10', 53.48, 55.3, 52.5, 54.67]
['2018-09-11', 52.57, 55.3, 52.5, 55.3]
['2018-09-12', 54.04, 55.3, 52.5, 53.2]
['2018-09-13', 55.3, 56.7, 51.8, 51.8]
['2018-09-14', 51.17, 51.8, 50.4, 50.4]
['2018-09-17', 50.05, 51.52, 49.63, 49.7]
['2018-09-18', 51.45, 51.45, 46.9, 48.3]
['2018-09-19', 48.3, 49.0, 45.85, 45.85]
['2018-09-20', 47.81, 47.81, 43.26, 43.89]
['2018-09-21', 43.4, 45.5, 43.4, 44.59]
['2018-09-24', 46.2, 47.6, 42.0, 42.42]
['2018-09-25', 43.75, 43.75, 40.6, 41.16]
['2018-09-26', 44.8, 44.8, 40.95, 44.1]
['2018-09-27', 43.82, 48.3, 41.3, 42.49]
['2018-09-28', 42.0, 43.4, 35.0, 39.27]
['2018-10-01', 39.34, 42.0, 37.87, 39.34]
['2018-10-02', 42.0, 42.7, 37.8, 39.9]
['2018-10-03', 39.9, 44.45, 38.5, 43.75]
['2018-10-04', 44.8, 45.5, 41.3, 42.7]
['2018-10-05', 42.7, 43.4, 39.9, 40.95]
['2018-10-08', 40.04, 42.0, 38.5, 39.9]
['2018-10-09', 39.2, 40.6, 38.5, 38.5]
['2018-10-10', 39.27, 39.9, 35.7, 36.05]
['2018-10-11', 35.98, 39.55, 32.41, 34.44]
['2018-10-12', 36.19, 37.03, 34.51, 36.19]
['2018-10-15', 36.05, 39.9, 33.67, 37.87]
['2018-10-16', 39.9, 42.7, 37.8, 37.8]
['2018-10-17', 37.8, 40.46, 35.35, 36.89]
['2018-10-18', 35.84, 39.83, 35.7, 38.5]
['2018-10-19', 39.55, 44.1, 36.47, 38.36]
['2018-10-22', 42.0, 42.0, 37.94, 39.2]
['2018-10-23', 41.3, 41.3, 38.5, 41.09]
['2018-10-24', 40.25, 41.3, 38.85, 39.41]
['2018-10-25', 39.48, 40.53, 38.85, 38.92]
['2018-10-26', 38.85, 39.13, 36.75, 37.24]
['2018-10-29', 39.06, 39.06, 32.2, 33.95]
['2018-10-30', 35.0, 38.43, 34.3, 34.65]
['2018-10-31', 35.0, 35.7, 34.3, 35.0]
['2018-11-01', 35.0, 37.24, 34.44, 36.47]
['2018-11-02', 39.9, 41.3, 35.14, 40.95]
['2018-11-05', 41.3, 42.42, 37.24, 39.9]
['2018-11-06', 37.1, 39.9, 36.75, 38.57]
['2018-11-07', 36.75, 42.0, 36.75, 39.06]
['2018-11-08', 38.5, 46.83, 37.31, 43.4]
['2018-11-09', 44.8, 44.8, 39.2, 39.2]
['2018-11-12', 37.8, 39.13, 36.4, 36.75]
['2018-11-13', 35.7, 36.82, 34.65, 34.86]
['2018-11-14', 37.52, 37.52, 35.7, 35.77]
['2018-11-15', 33.6, 37.52, 33.6, 37.45]
['2018-11-16', 35.0, 38.5, 35.0, 35.07]
['2018-11-19', 40.25, 40.25, 35.0, 35.7]
['2018-11-20', 37.52, 37.52, 34.3, 34.3]
['2018-11-21', 34.02, 36.4, 33.95, 36.4]
['2018-11-23', 33.6, 36.4, 33.6, 33.6]
['2018-11-26', 33.6, 35.7, 33.6, 34.51]
['2018-11-27', 34.93, 35.91, 34.3, 34.3]
['2018-11-28', 34.3, 35.0, 25.9, 30.17]
['2018-11-29', 36.4, 39.2, 33.6, 35.7]
['2018-11-30', 34.44, 37.1, 31.57, 36.26]
['2018-12-03', 35.56, 36.89, 34.3, 36.4]
['2018-12-04', 36.4, 36.96, 35.0, 35.0]
['2018-12-06', 35.0, 35.0, 33.95, 33.95]
['2018-12-07', 33.95, 33.95, 32.2, 32.9]
['2018-12-10', 32.9, 33.6, 30.8, 31.5]
['2018-12-11', 31.64, 32.83, 30.8, 30.8]
['2018-12-12', 30.87, 31.92, 25.9, 30.17]
['2018-12-13', 30.1, 30.45, 26.6, 29.68]
['2018-12-14', 30.73, 32.76, 29.82, 30.8]
['2018-12-17', 30.8, 30.8, 24.5, 27.16]
['2018-12-18', 25.9, 26.11, 21.07, 24.64]
['2018-12-19', 26.6, 26.6, 21.0, 25.2]
['2018-12-20', 22.47, 24.85, 21.14, 21.7]
['2018-12-21', 21.0, 23.1, 21.0, 22.4]
['2018-12-24', 21.7, 21.7, 14.91, 19.95]
['2018-12-26', 19.95, 21.0, 16.8, 19.67]
['2018-12-27', 21.0, 21.0, 17.57, 19.04]
['2018-12-28', 29.12, 29.12, 17.5, 20.51]
['2018-12-31', 20.3, 21.0, 17.71, 19.74]
['2019-01-02', 20.44, 22.33, 18.27, 20.37]
['2019-01-03', 21.42, 24.5, 16.8, 22.4]
['2019-01-04', 22.4, 23.73, 19.67, 23.1]
['2019-01-07', 23.1, 25.13, 23.1, 24.71]
['2019-01-08', 25.76, 25.97, 22.82, 22.82]
['2019-01-09', 23.59, 25.2, 22.82, 22.82]
['2019-01-10', 22.82, 25.9, 22.75, 25.41]
['2019-01-11', 29.75, 29.75, 24.5, 25.13]
['2019-01-14', 25.83, 27.16, 23.24, 23.66]
['2019-01-15', 24.64, 27.3, 23.1, 23.1]
['2019-01-16', 23.8, 25.2, 21.0, 22.96]
['2019-01-17', 23.24, 24.5, 21.0, 22.4]
['2019-01-18', 23.8, 25.06, 22.4, 23.45]
['2019-01-22', 27.3, 27.3, 22.4, 22.82]
['2019-01-23', 22.54, 23.31, 22.4, 22.75]
['2019-01-24', 22.4, 23.66, 22.4, 22.75]
['2019-01-25', 22.54, 24.29, 22.47, 23.1]
['2019-01-28', 22.4, 23.8, 22.05, 22.4]
['2019-01-29', 23.52, 23.8, 21.77, 23.38]
['2019-01-30', 23.24, 23.24, 17.5, 18.9]
['2019-01-31', 20.79, 23.1, 19.6, 21.7]
['2019-02-01', 22.75, 22.75, 21.0, 21.0]
['2019-02-04', 21.0, 22.4, 21.0, 21.77]
['2019-02-05', 22.05, 22.4, 21.0, 21.7]
['2019-02-06', 21.0, 21.0, 17.36, 18.41]
['2019-02-07', 18.9, 18.97, 18.2, 18.9]
['2019-02-08', 18.55, 19.25, 17.29, 18.27]
['2019-02-11', 18.83, 20.3, 17.5, 18.55]
['2019-02-12', 19.6, 19.6, 17.15, 18.13]
['2019-02-13', 17.64, 18.2, 17.15, 17.5]
['2019-02-14', 17.43, 18.9, 17.43, 18.9]
['2019-02-15', 19.6, 19.6, 16.45, 16.8]
['2019-02-19', 17.5, 17.64, 15.33, 15.75]
['2019-02-20', 16.1, 16.52, 15.75, 16.1]
['2019-02-21', 16.8, 16.94, 15.75, 16.17]
['2019-02-22', 16.8, 16.8, 15.75, 16.1]
['2019-02-25', 16.1, 16.17, 15.47, 15.75]
['2019-02-26', 15.68, 17.5, 15.4, 16.87]
['2019-02-27', 17.71, 17.71, 15.05, 17.01]
['2019-02-28', 16.8, 17.01, 15.75, 16.73]
['2019-03-01', 16.8, 25.2, 16.45, 17.22]
['2019-03-04', 17.5, 18.41, 16.45, 16.8]
['2019-03-05', 16.45, 18.48, 16.1, 16.73]
['2019-03-06', 16.52, 16.52, 15.05, 15.75]
['2019-03-07', 16.45, 17.5, 15.47, 16.66]
['2019-03-08', 16.8, 17.22, 15.68, 16.66]
['2019-03-11', 16.45, 17.5, 16.17, 17.01]
['2019-03-12', 17.85, 18.2, 16.17, 17.43]
['2019-03-13', 17.64, 22.4, 17.5, 18.9]
['2019-03-14', 18.76, 18.76, 15.4, 16.8]
['2019-03-15', 16.66, 18.83, 16.66, 17.5]
['2019-03-18', 17.15, 22.05, 16.8, 21.7]
['2019-03-19', 19.6, 21.0, 18.55, 19.25]
['2019-03-20', 18.97, 19.25, 17.57, 18.69]
['2019-03-21', 18.69, 18.69, 17.64, 17.99]
['2019-03-22', 17.92, 18.2, 15.4, 16.45]
['2019-03-25', 16.94, 17.29, 16.1, 16.17]
['2019-03-26', 16.8, 17.29, 16.1, 16.17]
['2019-03-27', 16.17, 16.8, 15.4, 15.75]
['2019-03-28', 16.1, 16.38, 14.7, 16.03]
['2019-03-29', 15.68, 16.03, 12.95, 15.75]
['2019-04-01', 15.96, 16.17, 12.95, 15.19]
['2019-04-02', 13.65, 23.8, 13.65, 19.46]
['2019-04-03', 19.46, 21.0, 18.2, 18.27]
['2019-04-04', 19.6, 19.6, 16.94, 18.2]
['2019-04-05', 18.76, 18.76, 16.8, 17.43]
['2019-04-08', 17.01, 17.5, 16.1, 16.59]
['2019-04-09', 17.5, 18.83, 16.1, 18.48]
['2019-04-10', 18.2, 18.2, 16.1, 16.31]
['2019-04-11', 16.94, 19.39, 16.1, 19.39]
['2019-04-12', 19.6, 20.02, 17.5, 18.06]
['2019-04-15', 17.64, 17.64, 16.8, 17.43]
['2019-04-16', 17.57, 17.57, 16.1, 16.45]
['2019-04-17', 17.08, 17.22, 15.96, 16.31]
['2019-04-18', 16.52, 16.52, 14.77, 15.96]
['2019-04-22', 15.4, 15.47, 14.35, 14.7]
['2019-04-23', 15.47, 15.47, 14.0, 14.0]
['2019-04-24', 14.84, 14.84, 14.0, 14.21]
['2019-04-25', 7.0, 8.26, 7.0, 8.05]
['2019-04-26', 8.4, 8.47, 7.21, 7.7]
['2019-04-29', 7.77, 8.19, 7.56, 7.91]
['2019-04-30', 8.4, 8.96, 7.91, 8.89]
['2019-05-01', 9.31, 13.16, 9.1, 11.2]
['2019-05-02', 11.2, 12.74, 9.8, 11.76]
['2019-05-03', 11.55, 11.55, 9.87, 10.29]
['2019-05-06', 10.5, 10.85, 9.87, 10.29]
['2019-05-07', 10.08, 10.22, 9.38, 9.73]
['2019-05-08', 9.87, 10.01, 8.75, 8.96]
['2019-05-09', 9.1, 10.99, 8.75, 9.66]
['2019-05-10', 9.52, 9.66, 8.82, 8.96]
['2019-05-13', 8.82, 9.31, 8.68, 8.96]
['2019-05-14', 8.96, 9.59, 8.4, 8.96]
['2019-05-15', 9.03, 9.24, 8.61, 8.75]
['2019-05-16', 9.1, 9.1, 7.7, 8.47]
['2019-05-17', 8.89, 8.89, 8.05, 8.19]
['2019-05-20', 8.68, 8.68, 7.7, 8.26]
['2019-05-21', 8.12, 8.54, 7.56, 8.05]
['2019-05-22', 8.05, 8.05, 7.63, 7.7]
['2019-05-23', 7.7, 9.8, 7.7, 9.17]
['2019-05-24', 8.61, 9.45, 7.84, 7.84]
['2019-05-28', 8.4, 8.75, 8.05, 8.26]
['2019-05-29', 8.47, 8.75, 7.84, 8.54]
['2019-05-30', 8.33, 9.03, 8.05, 8.4]
['2019-05-31', 7.56, 8.19, 7.28, 7.49]
['2019-06-03', 7.43, 8.68, 5.31, 5.6]
['2019-06-04', 5.64, 6.44, 5.11, 5.535]
['2019-06-05', 5.33, 5.33, 4.8, 5.0]
['2019-06-06', 12.85, 15.75, 7.01, 7.08]
['2019-06-07', 6.86, 11.015, 6.5, 7.98]
['2019-06-10', 7.91, 7.98, 6.703, 7.0]
['2019-06-11', 7.59, 14.65, 7.59, 9.5]
['2019-06-12', 8.61, 8.75, 7.62, 7.95]
['2019-06-13', 8.07, 11.5, 7.18, 10.11]
['2019-06-14', 8.87, 10.66, 8.62, 8.89]
['2019-06-17', 15.86, 16.49, 9.6, 9.71]
['2019-06-18', 5.89, 6.74, 5.11, 5.3]
['2019-06-19', 5.09, 5.28, 4.62, 4.74]
['2019-06-20', 4.85, 4.85, 4.1, 4.29]
['2019-06-21', 6.28, 6.29, 5.0, 5.2]
['2019-06-24', 4.84, 5.2, 4.55, 4.96]
['2019-06-25', 4.82, 4.882, 4.54, 4.58]
['2019-06-26', 4.5, 4.581, 4.05, 4.14]
['2019-06-27', 4.18, 4.34, 4.03, 4.22]
['2019-06-28', 4.13, 4.37, 4.03, 4.17]
['2019-07-01', 4.07, 4.22, 3.92, 4.0]
['2019-07-02', 3.97, 3.99, 3.63, 3.73]
['2019-07-03', 3.7, 3.87, 3.55, 3.64]
['2019-07-05', 3.53, 4.104, 3.52, 3.87]
['2019-07-08', 3.81, 4.076, 3.8, 3.86]
['2019-07-09', 3.8, 3.97, 3.706, 3.74]
['2019-07-10', 3.76, 4.45, 3.62, 4.12]
['2019-07-11', 4.12, 4.15, 3.839, 4.04]
['2019-07-12', 3.98, 4.25, 3.95, 4.01]
['2019-07-15', 3.95, 4.15, 3.82, 3.85]
['2019-07-16', 3.89, 3.924, 3.65, 3.75]
['2019-07-17', 3.68, 3.98, 3.65, 3.65]
['2019-07-18', 3.66, 3.8, 3.57, 3.62]
['2019-07-19', 3.59, 3.67, 3.56, 3.56]
['2019-07-22', 3.59, 3.7, 3.53, 3.58]
['2019-07-23', 3.47, 3.563, 3.12, 3.205]
['2019-07-24', 3.11, 3.27, 2.69, 3.01]
['2019-07-25', 3.03, 3.15, 2.8, 2.93]
['2019-07-26', 2.9, 3.01, 2.76, 2.92]
['2019-07-29', 2.89, 3.69, 2.89, 3.25]
['2019-07-30', 3.33, 3.55, 2.9, 2.97]
['2019-07-31', 3.2, 3.4, 2.901, 2.96]
['2019-08-01', 2.93, 2.989, 2.82, 2.84]
['2019-08-02', 2.8, 2.8, 2.53, 2.53]
['2019-08-05', 2.57, 2.57, 2.34, 2.4]
['2019-08-06', 2.37, 2.41, 2.21, 2.32]
['2019-08-07', 2.3, 2.33, 2.15, 2.22]
['2019-08-08', 2.2, 2.263, 2.05, 2.19]
['2019-08-09', 2.18, 2.34, 2.11, 2.21]
['2019-08-12', 2.2, 2.42, 2.09, 2.34]
['2019-08-13', 2.33, 2.38, 2.161, 2.23]
['2019-08-14', 2.31, 2.392, 2.05, 2.13]
['2019-08-15', 2.11, 2.29, 2.0, 2.09]
['2019-08-16', 2.05, 2.9, 2.05, 2.65]
['2019-08-19', 2.65, 3.14, 2.36, 2.5]
['2019-08-20', 2.37, 2.66, 2.3, 2.51]
['2019-08-21', 2.46, 2.66, 2.41, 2.41]
['2019-08-22', 2.43, 2.51, 2.36, 2.375]
['2019-08-23', 2.38, 2.589, 2.3, 2.45]
['2019-08-26', 2.45, 2.58, 2.35, 2.39]
['2019-08-27', 2.41, 2.49, 2.31, 2.42]
['2019-08-28', 2.4, 2.45, 2.34, 2.41]
['2019-08-29', 2.41, 2.43, 2.348, 2.38]
['2019-08-30', 2.36, 2.47, 2.3, 2.45]
['2019-09-03', 2.44, 2.6, 2.36, 2.53]
['2019-09-04', 2.6, 2.84, 2.46, 2.56]
['2019-09-05', 2.51, 2.71, 2.44, 2.56]
['2019-09-06', 2.58, 2.72, 2.56, 2.64]
['2019-09-09', 2.63, 2.75, 2.55, 2.65]
['2019-09-10', 2.63, 2.91, 2.61, 2.91]
['2019-09-11', 2.9, 2.96, 2.7, 2.755]
['2019-09-12', 2.98, 3.1, 2.73, 3.03]
['2019-09-13', 3.05, 3.11, 2.822, 3.06]
['2019-09-16', 2.97, 3.1, 2.945, 2.96]
['2019-09-17', 2.99, 3.063, 2.95, 2.99]
['2019-09-18', 3.03, 3.2, 3.0, 3.02]
['2019-09-19', 3.01, 3.1, 2.811, 2.88]
['2019-09-20', 2.9, 2.9, 2.65, 2.73]
['2019-09-23', 2.75, 2.9, 2.663, 2.83]
['2019-09-24', 2.8, 2.83, 2.67, 2.71]
['2019-09-25', 2.7, 2.84, 2.57, 2.64]
['2019-09-26', 2.59, 2.71, 2.37, 2.51]
['2019-09-27', 2.52, 2.784, 2.437, 2.48]
['2019-09-30', 2.46, 2.51, 2.316, 2.42]
['2019-10-01', 2.4, 2.5, 2.25, 2.27]
['2019-10-02', 2.31, 2.45, 2.22, 2.45]
['2019-10-03', 2.45, 2.68, 2.3, 2.39]
['2019-10-04', 2.4, 2.69, 2.291, 2.39]
['2019-10-07', 2.41, 2.619, 2.26, 2.35]
['2019-10-08', 2.39, 2.57, 2.37, 2.47]
['2019-10-09', 2.5, 2.5, 2.37, 2.4]
['2019-10-10', 2.444, 2.444, 2.3, 2.31]
['2019-10-11', 2.3, 2.46, 2.27, 2.29]
['2019-10-14', 2.28, 2.28, 2.03, 2.25]
['2019-10-15', 2.24, 2.63, 2.201, 2.63]
['2019-10-16', 2.65, 2.65, 2.35, 2.5]
['2019-10-17', 4.24, 5.59, 3.5, 3.58]
['2019-10-18', 3.27, 3.7, 3.05, 3.42]
['2019-10-21', 3.37, 3.5, 3.24, 3.41]
['2019-10-22', 3.39, 3.45, 3.24, 3.38]
['2019-10-23', 3.43, 3.55, 3.3, 3.45]
['2019-10-24', 3.45, 3.78, 3.45, 3.57]
['2019-10-25', 3.57, 3.57, 3.28, 3.36]
['2019-10-28', 3.37, 3.44, 3.25, 3.34]
['2019-10-29', 3.29, 3.314, 3.13, 3.17]
['2019-10-30', 3.14, 3.25, 3.05, 3.14]
['2019-10-31', 3.16, 3.22, 3.01, 3.14]
['2019-11-01', 3.13, 3.35, 3.07, 3.11]
['2019-11-04', 3.11, 3.25, 3.11, 3.2]
['2019-11-05', 3.16, 3.2, 3.08, 3.1]
['2019-11-06', 3.11, 3.12, 2.86, 2.95]
['2019-11-07', 3.06, 3.41, 3.06, 3.08]
['2019-11-08', 3.09, 3.38, 3.007, 3.26]
['2019-11-11', 3.22, 3.28, 3.02, 3.07]
['2019-11-12', 3.05, 3.18, 2.96, 3.04]
['2019-11-13', 2.98, 3.08, 2.8, 2.86]
['2019-11-14', 2.9, 2.9, 2.72, 2.75]
['2019-11-15', 2.72, 2.879, 2.64, 2.67]
['2019-11-18', 2.64, 2.69, 2.47, 2.49]
['2019-11-19', 2.4, 2.61, 2.4, 2.55]
['2019-11-20', 2.573, 2.605, 2.41, 2.45]
['2019-11-21', 4.3, 4.55, 3.36, 3.39]
['2019-11-22', 3.37, 3.68, 3.2, 3.58]
['2019-11-25', 3.57, 3.67, 3.43, 3.59]
['2019-11-26', 3.56, 4.69, 3.5, 4.62]
['2019-11-27', 4.93, 8.35, 4.7, 6.27]
['2019-11-29', 6.51, 7.6, 6.4, 6.99]
['2019-12-02', 6.91, 7.2, 5.8, 6.05]
['2019-12-03', 5.64, 6.37, 5.46, 6.0]
['2019-12-04', 5.93, 6.01, 5.61, 5.65]
['2019-12-05', 5.81, 6.53, 5.31, 5.39]
['2019-12-06', 5.3, 5.6, 5.08, 5.19]
['2019-12-09', 5.19, 5.65, 5.05, 5.61]
['2019-12-10', 5.76, 6.0, 5.49, 5.53]
['2019-12-11', 5.61, 5.65, 5.25, 5.26]
['2019-12-12', 5.24, 5.355, 5.122, 5.25]
['2019-12-13', 5.2, 5.48, 5.2, 5.35]
['2019-12-16', 5.45, 5.5, 5.16, 5.24]
['2019-12-17', 5.2, 5.34, 4.71, 4.82]
['2019-12-18', 4.72, 5.196, 4.65, 5.05]
['2019-12-19', 5.03, 5.19, 4.86, 4.89]
['2019-12-20', 4.9, 5.05, 4.7, 5.04]
['2019-12-23', 5.01, 5.39, 4.8, 5.38]
['2019-12-24', 5.47, 5.79, 5.41, 5.7]
['2019-12-26', 5.73, 5.95, 5.26, 5.51]
['2019-12-27', 5.52, 5.6, 5.326, 5.49]
['2019-12-30', 5.49, 5.5, 5.03, 5.19]
['2019-12-31', 5.133, 5.39, 5.01, 5.36]
['2020-01-02', 5.41, 5.75, 5.2, 5.6]
['2020-01-03', 5.5, 5.709, 5.214, 5.28]
['2020-01-06', 5.21, 5.317, 5.01, 5.25]
['2020-01-07', 5.88, 5.88, 5.316, 5.64]
['2020-01-08', 5.58, 5.591, 5.25, 5.36]
['2020-01-09', 5.43, 5.79, 5.31, 5.58]
['2020-01-10', 5.57, 5.89, 5.4, 5.41]
['2020-01-13', 5.4, 5.6, 5.07, 5.12]
['2020-01-14', 5.12, 5.24, 5.03, 5.24]
['2020-01-15', 5.22, 5.35, 5.2, 5.27]
['2020-01-16', 5.28, 5.62, 5.17, 5.54]
['2020-01-17', 5.54, 5.9, 5.495, 5.74]
['2020-01-21', 5.7, 5.87, 5.5, 5.54]
['2020-01-22', 5.51, 5.638, 5.13, 5.3]
['2020-01-23', 5.19, 5.38, 5.165, 5.28]
['2020-01-24', 5.24, 5.37, 4.865, 5.06]
['2020-01-27', 4.82, 4.99, 4.56, 4.71]
['2020-01-28', 4.62, 5.18, 4.6, 4.98]
['2020-01-29', 6.15, 6.9, 5.67, 5.74]
['2020-01-30', 5.79, 6.2, 5.271, 5.42]
['2020-01-31', 5.37, 5.45, 4.96, 5.18]
['2020-02-03', 5.07, 5.12, 4.95, 5.02]
['2020-02-04', 5.04, 5.29, 5.02, 5.1]
['2020-02-05', 5.12, 5.3, 5.11, 5.24]
['2020-02-06', 5.22, 5.23, 5.1, 5.16]
['2020-02-07', 5.1, 5.17, 4.9, 4.92]
['2020-02-10', 4.86, 5.19, 4.86, 5.06]
['2020-02-11', 5.05, 5.068, 4.92, 5.02]
['2020-02-12', 4.9, 5.25, 4.9, 5.09]
['2020-02-13', 5.06, 5.06, 4.93, 5.03]
['2020-02-14', 5.02, 5.06, 4.76, 4.84]
['2020-02-18', 4.76, 4.908, 4.677, 4.82]
['2020-02-19', 4.77, 4.85, 4.62, 4.74]
['2020-02-20', 5.22, 5.22, 4.81, 4.94]
['2020-02-21', 4.91, 4.92, 4.66, 4.72]
['2020-02-24', 4.52, 4.64, 4.45, 4.63]
['2020-02-25', 4.65, 4.65, 4.29, 4.44]
['2020-02-26', 4.41, 4.51, 4.33, 4.4]
['2020-02-27', 4.09, 4.33, 4.04, 4.1]
['2020-02-28', 3.8, 4.08, 3.51, 3.58]
['2020-03-02', 3.5, 3.568, 3.28, 3.33]
['2020-03-03', 3.33, 3.367, 3.27, 3.29]
['2020-03-04', 3.32, 3.45, 3.32, 3.33]
['2020-03-05', 3.26, 3.99, 3.26, 3.42]
['2020-03-06', 3.27, 3.29, 2.75, 2.81]
['2020-03-09', 2.4, 2.51, 2.22, 2.24]
['2020-03-10', 2.33, 2.35, 2.03, 2.06]
['2020-03-11', 2.08, 2.4, 2.01, 2.09]
['2020-03-12', 2.01, 2.03, 1.58, 1.58]
['2020-03-13', 1.7, 1.7, 1.322, 1.41]
['2020-03-16', 1.18, 1.74, 1.18, 1.3]
['2020-03-17', 1.32, 1.54, 1.21, 1.29]
['2020-03-18', 1.2, 1.231, 1.0, 1.15]
['2020-03-19', 1.16, 1.49, 1.16, 1.3]
['2020-03-20', 1.43, 2.86, 1.4, 1.68]
['2020-03-23', 1.9, 1.96, 1.55, 1.88]
['2020-03-24', 1.9, 1.98, 1.72, 1.76]
['2020-03-25', 1.77, 1.805, 1.65, 1.69]
['2020-03-26', 1.67, 1.76, 1.62, 1.71]
['2020-03-27', 1.65, 1.87, 1.561, 1.86]
['2020-03-30', 1.89, 1.9, 1.67, 1.7]
['2020-03-31', 1.65, 2.45, 1.61, 1.77]
['2020-04-01', 1.75, 1.8, 1.62, 1.68]
['2020-04-02', 1.67, 1.68, 1.55, 1.63]
['2020-04-03', 1.61, 1.64, 1.53, 1.57]
['2020-04-06', 1.64, 1.69, 1.53, 1.62]
['2020-04-07', 1.71, 1.715, 1.5, 1.61]
['2020-04-08', 1.58, 1.68, 1.56, 1.6]
['2020-04-09', 1.58, 1.585, 1.49, 1.54]
['2020-04-13', 1.53, 1.606, 1.42, 1.56]
['2020-04-14', 1.66, 1.75, 1.58, 1.67]
['2020-04-15', 1.63, 1.66, 1.52, 1.56]
['2020-04-16', 1.56, 1.59, 1.47, 1.51]
['2020-04-17', 1.55, 1.555, 1.4, 1.48]
['2020-04-20', 1.5, 1.63, 1.35, 1.41]
['2020-04-21', 1.4, 1.4, 1.26, 1.32]
['2020-04-22', 1.34, 1.39, 1.28, 1.31]
['2020-04-23', 1.3, 1.54, 1.28, 1.51]
['2020-04-24', 1.46, 1.515, 1.35, 1.35]
['2020-04-27', 1.4, 1.46, 1.38, 1.44]
['2020-04-28', 1.48, 1.75, 1.4, 1.58]
['2020-04-29', 1.54, 1.68, 1.48, 1.65]
['2020-04-30', 1.67, 2.13, 1.61, 1.87]
['2020-05-01', 1.83, 1.87, 1.63, 1.69]
['2020-05-04', 1.67, 1.7, 1.54, 1.67]
['2020-05-05', 1.64, 1.74, 1.63, 1.66]
['2020-05-06', 1.66, 1.69, 1.58, 1.63]
['2020-05-07', 1.64, 1.68, 1.6, 1.63]
['2020-05-08', 1.64, 1.69, 1.57, 1.68]
['2020-05-11', 1.66, 1.85, 1.65, 1.75]
['2020-05-12', 1.78, 2.045, 1.77, 1.78]
['2020-05-13', 1.82, 1.84, 1.56, 1.67]
['2020-05-14', 1.67, 1.69, 1.54, 1.64]
['2020-05-15', 1.62, 1.74, 1.6, 1.69]
