['2016-10-06', 9.61, 9.61, 9.61, 9.61]
['2016-10-07', 9.61, 9.61, 9.61, 9.61]
['2016-10-10', 9.61, 9.61, 9.61, 9.61]
['2016-10-11', 9.61, 9.61, 9.61, 9.61]
['2016-10-12', 9.62, 9.62, 9.62, 9.62]
['2016-10-13', 9.62, 9.62, 9.62, 9.62]
['2016-10-14', 9.62, 9.62, 9.62, 9.62]
['2016-10-17', 9.62, 9.62, 9.62, 9.62]
['2016-10-18', 9.62, 9.62, 9.62, 9.62]
['2016-10-19', 9.62, 9.62, 9.62, 9.62]
['2016-10-20', 9.62, 9.62, 9.62, 9.62]
['2016-10-21', 9.62, 9.62, 9.62, 9.62]
['2016-10-24', 9.62, 9.62, 9.62, 9.62]
['2016-10-25', 9.62, 9.62, 9.62, 9.62]
['2016-10-26', 9.62, 9.62, 9.62, 9.62]
['2016-10-27', 9.62, 9.62, 9.62, 9.62]
['2016-10-28', 9.62, 9.62, 9.62, 9.62]
['2016-10-31', 9.65, 9.65, 9.65, 9.65]
['2016-11-01', 9.6, 9.61, 9.6, 9.61]
['2016-11-02', 9.61, 9.61, 9.61, 9.61]
['2016-11-03', 9.61, 9.61, 9.61, 9.61]
['2016-11-04', 9.61, 9.61, 9.61, 9.61]
['2016-11-07', 9.75, 9.75, 9.65, 9.65]
['2016-11-08', 9.43, 9.43, 9.43, 9.43]
['2016-11-09', 9.43, 9.43, 9.43, 9.43]
['2016-11-10', 9.43, 9.43, 9.43, 9.43]
['2016-11-11', 9.43, 9.43, 9.43, 9.43]
['2016-11-14', 9.43, 9.43, 9.43, 9.43]
['2016-11-15', 9.75, 9.75, 9.75, 9.75]
['2016-11-16', 9.75, 9.75, 9.75, 9.75]
['2016-11-17', 9.75, 9.75, 9.75, 9.75]
['2016-11-18', 9.7, 9.7, 9.7, 9.7]
['2016-11-21', 9.75, 9.75, 9.75, 9.75]
['2016-11-22', 9.72, 9.72, 9.72, 9.72]
['2016-11-23', 9.7, 9.75, 9.69, 9.69]
['2016-11-25', 9.69, 9.69, 9.69, 9.69]
['2016-11-28', 9.7, 9.73, 9.7, 9.73]
['2016-11-29', 9.73, 9.73, 9.73, 9.73]
['2016-11-30', 9.73, 9.73, 9.73, 9.73]
['2016-12-01', 9.73, 9.73, 9.73, 9.73]
['2016-12-02', 9.71, 9.71, 9.65, 9.65]
['2016-12-05', 9.65, 9.65, 9.65, 9.65]
['2016-12-06', 9.65, 9.65, 9.65, 9.65]
['2016-12-07', 9.65, 9.65, 9.65, 9.65]
['2016-12-08', 9.65, 9.65, 9.65, 9.65]
['2016-12-09', 9.65, 9.65, 9.65, 9.65]
['2016-12-12', 9.65, 9.65, 9.65, 9.65]
['2016-12-13', 9.65, 9.65, 9.65, 9.65]
['2016-12-14', 9.67, 9.67, 9.67, 9.67]
['2016-12-15', 9.67, 9.67, 9.67, 9.67]
['2016-12-16', 9.65, 9.7, 9.64, 9.7]
['2016-12-19', 9.7, 9.71, 9.7, 9.7]
['2016-12-20', 9.7, 9.7, 9.7, 9.7]
['2016-12-21', 9.68, 9.7, 9.66, 9.7]
['2016-12-22', 9.67, 9.72, 9.67, 9.72]
['2016-12-23', 9.68, 9.75, 9.68, 9.75]
['2016-12-27', 9.7, 9.7, 9.7, 9.7]
['2016-12-28', 9.7, 9.7, 9.7, 9.7]
['2016-12-29', 9.7, 9.7, 9.7, 9.7]
['2016-12-30', 9.75, 9.75, 9.75, 9.75]
['2017-01-03', 9.692, 9.693, 9.637, 9.65]
['2017-01-04', 9.62, 9.75, 9.6, 9.715]
['2017-01-05', 9.7, 9.7, 9.7, 9.7]
['2017-01-06', 9.7, 9.705, 9.7, 9.7]
['2017-01-09', 9.75, 9.75, 9.7, 9.7]
['2017-01-10', 9.73, 9.73, 9.71, 9.72]
['2017-01-11', 9.72, 9.72, 9.71, 9.71]
['2017-01-12', 9.738, 9.74, 9.738, 9.74]
['2017-01-13', 9.75, 10.09, 9.73, 9.73]
['2017-01-17', 9.73, 9.734, 9.73, 9.734]
['2017-01-18', 9.73, 9.73, 9.73, 9.73]
['2017-01-19', 9.74, 9.77, 9.74, 9.77]
['2017-01-20', 9.77, 9.77, 9.77, 9.77]
['2017-01-23', 9.77, 9.77, 9.77, 9.77]
['2017-01-24', 9.77, 9.77, 9.77, 9.77]
['2017-01-25', 9.77, 9.77, 9.77, 9.77]
['2017-01-26', 9.77, 9.77, 9.77, 9.77]
['2017-01-27', 9.77, 9.77, 9.77, 9.77]
['2017-01-30', 9.77, 9.77, 9.77, 9.77]
['2017-01-31', 9.77, 9.77, 9.77, 9.77]
['2017-02-01', 9.77, 9.77, 9.77, 9.77]
['2017-02-02', 9.77, 9.77, 9.77, 9.77]
['2017-02-03', 9.77, 9.77, 9.77, 9.77]
['2017-02-06', 9.77, 9.77, 9.77, 9.77]
['2017-02-07', 9.77, 9.77, 9.77, 9.77]
['2017-02-08', 9.73, 9.73, 9.73, 9.73]
['2017-02-09', 9.73, 9.73, 9.73, 9.73]
['2017-02-10', 9.73, 9.73, 9.73, 9.73]
['2017-02-13', 9.73, 9.73, 9.73, 9.73]
['2017-02-14', 9.73, 9.73, 9.73, 9.73]
['2017-02-15', 9.81, 9.81, 9.81, 9.81]
['2017-02-16', 9.81, 9.81, 9.81, 9.81]
['2017-02-17', 9.81, 9.81, 9.81, 9.81]
['2017-02-21', 9.81, 9.81, 9.81, 9.81]
['2017-02-22', 9.81, 9.81, 9.81, 9.81]
['2017-02-23', 9.81, 9.81, 9.81, 9.81]
['2017-02-24', 9.81, 9.81, 9.81, 9.81]
['2017-02-27', 9.81, 9.81, 9.81, 9.81]
['2017-02-28', 9.82, 9.82, 9.82, 9.82]
['2017-03-01', 9.82, 9.82, 9.82, 9.82]
['2017-03-02', 9.82, 9.82, 9.82, 9.82]
['2017-03-03', 9.82, 9.82, 9.82, 9.82]
['2017-03-06', 9.82, 9.82, 9.82, 9.82]
['2017-03-07', 9.82, 9.82, 9.82, 9.82]
['2017-03-08', 9.82, 9.82, 9.82, 9.82]
['2017-03-09', 9.71, 9.75, 9.71, 9.75]
['2017-03-10', 9.73, 9.75, 9.73, 9.75]
['2017-03-13', 9.73, 9.84, 9.73, 9.76]
['2017-03-14', 9.77, 9.77, 9.76, 9.76]
['2017-03-15', 9.78, 9.79, 9.78, 9.79]
['2017-03-16', 9.8, 9.84, 9.8, 9.82]
['2017-03-17', 9.82, 9.83, 9.82, 9.82]
['2017-03-20', 9.78, 9.84, 9.78, 9.78]
['2017-03-21', 9.789, 9.82, 9.78, 9.82]
['2017-03-22', 9.75, 9.79, 9.75, 9.78]
['2017-03-23', 9.78, 9.78, 9.78, 9.78]
['2017-03-24', 9.78, 9.78, 9.78, 9.78]
['2017-03-27', 9.78, 9.78, 9.78, 9.78]
['2017-03-28', 9.78, 9.85, 9.78, 9.81]
['2017-03-29', 9.81, 9.81, 9.81, 9.81]
['2017-03-30', 9.8, 9.803, 9.8, 9.801]
['2017-03-31', 9.801, 9.801, 9.801, 9.801]
['2017-04-03', 9.809, 9.82, 9.79, 9.82]
['2017-04-04', 9.82, 9.82, 9.82, 9.82]
['2017-04-05', 9.78, 9.84, 9.78, 9.84]
['2017-04-06', 9.79, 9.79, 9.79, 9.79]
['2017-04-07', 9.847, 9.85, 9.83, 9.85]
['2017-04-10', 9.85, 9.85, 9.85, 9.85]
['2017-04-11', 9.85, 9.85, 9.85, 9.85]
['2017-04-12', 9.85, 9.85, 9.85, 9.85]
['2017-04-13', 9.85, 9.85, 9.85, 9.85]
['2017-04-17', 9.9, 9.9, 9.86, 9.9]
['2017-04-18', 9.9, 9.9, 9.9, 9.9]
['2017-04-19', 9.9, 9.9, 9.9, 9.9]
['2017-04-20', 9.84, 9.84, 9.84, 9.84]
['2017-04-21', 9.84, 9.84, 9.84, 9.84]
['2017-04-24', 9.8, 9.81, 9.8, 9.81]
['2017-04-25', 9.85, 9.88, 9.85, 9.87]
['2017-04-26', 9.87, 9.87, 9.87, 9.87]
['2017-04-27', 9.87, 9.87, 9.87, 9.87]
['2017-04-28', 9.87, 9.87, 9.87, 9.87]
['2017-05-01', 9.87, 9.87, 9.87, 9.87]
['2017-05-02', 9.87, 9.87, 9.87, 9.87]
['2017-05-03', 9.82, 9.82, 9.82, 9.82]
['2017-05-04', 9.82, 9.82, 9.82, 9.82]
['2017-05-05', 9.82, 9.82, 9.82, 9.82]
['2017-05-08', 9.82, 9.82, 9.82, 9.82]
['2017-05-09', 9.82, 9.82, 9.82, 9.82]
['2017-05-10', 9.85, 9.85, 9.85, 9.85]
['2017-05-11', 9.8, 9.85, 9.8, 9.85]
['2017-05-12', 9.85, 9.85, 9.85, 9.85]
['2017-05-15', 9.83, 9.83, 9.83, 9.83]
['2017-05-16', 9.83, 9.83, 9.83, 9.83]
['2017-05-17', 9.83, 9.83, 9.83, 9.83]
['2017-05-18', 9.83, 9.83, 9.83, 9.83]
['2017-05-19', 9.83, 9.83, 9.83, 9.83]
['2017-05-22', 9.82, 9.82, 9.82, 9.82]
['2017-05-23', 9.81, 9.82, 9.8, 9.81]
['2017-05-24', 9.84, 9.87, 9.82, 9.83]
['2017-05-25', 9.8, 9.82, 9.8, 9.82]
['2017-05-26', 9.82, 9.82, 9.82, 9.82]
['2017-05-30', 9.75, 9.8, 9.72, 9.8]
['2017-05-31', 9.8, 9.8, 9.799, 9.8]
['2017-06-01', 9.8, 9.8, 9.8, 9.8]
['2017-06-02', 9.82, 9.82, 9.79, 9.82]
['2017-06-05', 9.78, 9.83, 9.78, 9.79]
['2017-06-06', 9.79, 9.82, 9.79, 9.79]
['2017-06-07', 9.8, 9.8, 9.8, 9.8]
['2017-06-08', 9.8, 9.8, 9.78, 9.8]
['2017-06-09', 9.78, 9.8, 9.77, 9.8]
['2017-06-12', 9.78, 9.8, 9.75, 9.76]
['2017-06-13', 9.78, 9.8, 9.78, 9.785]
['2017-06-14', 9.75, 9.79, 9.75, 9.76]
['2017-06-15', 9.78, 9.8, 9.78, 9.8]
['2017-06-16', 9.78, 9.8, 9.75, 9.75]
['2017-06-19', 9.8, 9.84, 9.79, 9.81]
['2017-06-20', 9.78, 9.85, 9.78, 9.85]
['2017-06-21', 9.8, 9.87, 9.8, 9.87]
['2017-06-22', 9.83, 9.87, 9.81, 9.85]
['2017-06-23', 9.85, 9.85, 9.85, 9.85]
['2017-06-26', 9.75, 9.86, 9.74, 9.85]
['2017-06-27', 9.85, 9.85, 9.85, 9.85]
['2017-06-28', 9.87, 9.87, 9.83, 9.84]
['2017-06-29', 9.79, 9.84, 9.79, 9.84]
['2017-06-30', 9.81, 9.81, 9.8, 9.8]
['2017-07-03', 9.822, 9.822, 9.822, 9.822]
['2017-07-05', 9.8, 9.83, 9.79, 9.82]
['2017-07-06', 9.84, 9.85, 9.84, 9.85]
['2017-07-07', 9.85, 9.85, 9.85, 9.85]
['2017-07-10', 9.825, 9.87, 9.82, 9.85]
['2017-07-11', 9.85, 9.85, 9.85, 9.85]
['2017-07-12', 9.823, 9.85, 9.82, 9.84]
['2017-07-13', 9.82, 9.83, 9.81, 9.83]
['2017-07-14', 9.83, 9.84, 9.81, 9.84]
['2017-07-17', 9.84, 9.84, 9.84, 9.84]
['2017-07-18', 9.84, 9.84, 9.84, 9.84]
['2017-07-19', 9.84, 9.84, 9.84, 9.84]
['2017-07-20', 9.84, 9.84, 9.84, 9.84]
['2017-07-21', 9.84, 9.84, 9.84, 9.84]
['2017-07-24', 9.83, 9.85, 9.83, 9.85]
['2017-07-25', 9.85, 9.85, 9.85, 9.85]
['2017-07-26', 9.84, 9.86, 9.81, 9.83]
['2017-07-27', 9.81, 9.84, 9.77, 9.84]
['2017-07-28', 9.81, 9.83, 9.81, 9.83]
['2017-07-31', 9.811, 9.84, 9.81, 9.84]
['2017-08-01', 9.84, 9.84, 9.84, 9.84]
['2017-08-02', 9.821, 9.84, 9.81, 9.84]
['2017-08-03', 9.83, 9.84, 9.83, 9.84]
['2017-08-04', 9.86, 9.87, 9.85, 9.87]
['2017-08-07', 9.9, 9.91, 9.84, 9.84]
['2017-08-08', 9.82, 9.82, 9.79, 9.79]
['2017-08-09', 9.78, 9.78, 9.78, 9.78]
['2017-08-10', 9.8, 9.85, 9.78, 9.85]
['2017-08-11', 9.83, 9.83, 9.83, 9.83]
['2017-08-14', 9.81, 9.86, 9.81, 9.86]
['2017-08-15', 9.86, 9.86, 9.86, 9.86]
['2017-08-16', 9.84, 9.84, 9.83, 9.83]
['2017-08-17', 9.83, 9.83, 9.83, 9.83]
['2017-08-18', 9.83, 9.833, 9.83, 9.831]
['2017-08-21', 9.8, 9.83, 9.8, 9.83]
['2017-08-22', 9.83, 9.83, 9.83, 9.83]
['2017-08-23', 9.83, 9.83, 9.83, 9.83]
['2017-08-24', 9.83, 9.83, 9.83, 9.83]
['2017-08-25', 9.79, 9.86, 9.79, 9.81]
['2017-08-28', 9.82, 9.82, 9.8, 9.82]
['2017-08-29', 9.8, 9.84, 9.8, 9.8]
['2017-08-30', 9.82, 9.85, 9.82, 9.85]
['2017-08-31', 9.84, 9.851, 9.8, 9.85]
['2017-09-01', 9.85, 9.85, 9.85, 9.85]
['2017-09-05', 9.85, 9.85, 9.85, 9.85]
['2017-09-06', 9.85, 9.85, 9.85, 9.85]
['2017-09-07', 9.87, 9.87, 9.87, 9.87]
['2017-09-08', 9.82, 9.86, 9.82, 9.86]
['2017-09-11', 9.847, 9.86, 9.84, 9.84]
['2017-09-12', 9.82, 9.82, 9.81, 9.819]
['2017-09-13', 9.8, 9.83, 9.8, 9.83]
['2017-09-14', 9.83, 9.83, 9.83, 9.83]
['2017-09-15', 9.83, 9.83, 9.82, 9.83]
['2017-09-18', 9.81, 9.83, 9.79, 9.83]
['2017-09-19', 9.821, 9.83, 9.82, 9.83]
['2017-09-20', 9.84, 9.84, 9.83, 9.83]
['2017-09-21', 9.82, 9.82, 9.82, 9.82]
['2017-09-22', 9.85, 9.85, 9.85, 9.85]
['2017-09-25', 9.85, 9.85, 9.85, 9.85]
['2017-09-26', 9.86, 9.86, 9.84, 9.86]
['2017-09-27', 9.85, 9.86, 9.82, 9.83]
['2017-09-28', 9.87, 9.87, 9.85, 9.85]
['2017-09-29', 9.84, 9.84, 9.797, 9.8]
['2017-10-02', 9.85, 9.86, 9.79, 9.83]
['2017-10-03', 9.85, 9.85, 9.85, 9.85]
['2017-10-04', 9.835, 9.835, 9.82, 9.821]
['2017-10-05', 9.84, 9.845, 9.81, 9.83]
['2017-10-06', 9.831, 9.84, 9.82, 9.82]
['2017-10-09', 9.85, 9.85, 9.85, 9.85]
['2017-10-10', 9.847, 9.85, 9.82, 9.84]
['2017-10-11', 9.83, 9.83, 9.83, 9.83]
['2017-10-12', 9.84, 9.84, 9.81, 9.82]
['2017-10-13', 9.78, 9.8, 9.78, 9.79]
['2017-10-16', 9.85, 9.85, 9.85, 9.85]
['2017-10-17', 9.84, 9.84, 9.84, 9.84]
['2017-10-18', 9.83, 9.83, 9.83, 9.83]
['2017-10-19', 9.84, 9.85, 9.79, 9.83]
['2017-10-20', 9.8, 9.83, 9.8, 9.83]
['2017-10-23', 9.83, 9.83, 9.83, 9.83]
['2017-10-24', 9.81, 9.81, 9.807, 9.81]
['2017-10-25', 9.81, 9.81, 9.81, 9.81]
['2017-10-26', 9.81, 9.81, 9.78, 9.8]
['2017-10-27', 9.811, 9.83, 9.811, 9.82]
['2017-10-30', 9.801, 9.804, 9.8, 9.8]
['2017-10-31', 9.8, 9.84, 9.8, 9.84]
['2017-11-01', 9.82, 9.839, 9.82, 9.839]
['2017-11-02', 9.839, 9.839, 9.839, 9.839]
['2017-11-03', 10.0, 10.0, 9.89, 9.9]
['2017-11-06', 9.92, 9.92, 9.9, 9.91]
['2017-11-07', 9.92, 9.94, 9.91, 9.91]
['2017-11-08', 9.92, 9.92, 9.84, 9.91]
['2017-11-09', 9.91, 9.91, 9.91, 9.91]
['2017-11-10', 9.89, 9.93, 9.827, 9.92]
['2017-11-13', 9.85, 9.93, 9.82, 9.93]
['2017-11-14', 9.916, 9.93, 9.9, 9.91]
['2017-11-15', 9.91, 9.91, 9.91, 9.91]
['2017-11-16', 9.91, 9.91, 9.91, 9.91]
['2017-11-17', 9.93, 9.93, 9.89, 9.89]
['2017-11-20', 9.88, 9.88, 9.88, 9.88]
['2017-11-21', 9.85, 9.9, 9.85, 9.877]
['2017-11-22', 9.85, 9.87, 9.83, 9.86]
['2017-11-24', 9.88, 9.88, 9.88, 9.88]
['2017-11-27', 9.88, 9.88, 9.88, 9.88]
['2017-11-28', 9.83, 9.85, 9.8, 9.83]
['2017-11-29', 9.83, 9.83, 9.81, 9.83]
['2017-11-30', 9.83, 9.845, 9.82, 9.83]
['2017-12-01', 9.83, 9.845, 9.82, 9.83]
['2017-12-04', 9.84, 9.84, 9.83, 9.83]
['2017-12-05', 9.85, 9.86, 9.85, 9.86]
['2017-12-06', 9.84, 9.85, 9.8, 9.85]
['2017-12-07', 9.85, 9.85, 9.85, 9.85]
['2017-12-08', 9.86, 9.86, 9.85, 9.85]
['2017-12-11', 9.85, 9.861, 9.85, 9.86]
['2017-12-12', 9.88, 9.89, 9.861, 9.89]
['2017-12-13', 9.86, 9.89, 9.84, 9.87]
['2017-12-14', 9.86, 9.89, 9.85, 9.89]
['2017-12-15', 9.86, 9.877, 9.84, 9.869]
['2017-12-18', 9.859, 9.89, 9.85, 9.89]
['2017-12-19', 9.89, 9.9, 9.89, 9.9]
['2017-12-20', 9.88, 9.9, 9.86, 9.861]
['2017-12-21', 9.86, 9.863, 9.83, 9.862]
['2017-12-22', 9.862, 9.862, 9.862, 9.862]
['2017-12-26', 9.862, 9.862, 9.862, 9.862]
['2017-12-27', 9.9, 9.9, 9.88, 9.88]
['2017-12-28', 9.88, 9.88, 9.88, 9.88]
['2017-12-29', 9.92, 9.92, 9.9, 9.919]
['2018-01-02', 9.9, 9.9, 9.88, 9.9]
['2018-01-03', 9.893, 9.95, 9.882, 9.91]
['2018-01-04', 9.901, 9.901, 9.9, 9.901]
['2018-01-05', 9.9, 9.9, 9.9, 9.9]
['2018-01-08', 9.92, 9.93, 9.89, 9.93]
['2018-01-09', 9.93, 9.93, 9.93, 9.93]
['2018-01-10', 9.92, 9.93, 9.92, 9.92]
['2018-01-11', 9.93, 9.94, 9.93, 9.93]
['2018-01-12', 9.95, 9.97, 9.95, 9.96]
['2018-01-16', 9.951, 9.97, 9.95, 9.95]
['2018-01-17', 9.961, 9.97, 9.96, 9.97]
['2018-01-18', 9.97, 9.98, 9.936, 9.94]
['2018-01-19', 9.95, 9.95, 9.94, 9.95]
['2018-01-22', 9.96, 9.98, 9.95, 9.96]
['2018-01-23', 9.96, 9.96, 9.96, 9.96]
['2018-01-24', 9.96, 9.961, 9.96, 9.96]
['2018-01-25', 9.96, 9.96, 9.95, 9.95]
['2018-01-26', 9.98, 9.98, 9.966, 9.98]
['2018-01-29', 9.98, 9.98, 9.965, 9.965]
['2018-01-30', 9.96, 9.96, 9.95, 9.95]
['2018-01-31', 9.956, 9.961, 9.95, 9.95]
['2018-02-01', 9.96, 9.96, 9.96, 9.96]
['2018-02-02', 9.95, 9.96, 9.95, 9.96]
['2018-02-05', 9.96, 9.97, 9.96, 9.96]
['2018-02-06', 10.0, 10.0, 9.95, 9.95]
['2018-02-07', 9.96, 10.0, 9.96, 10.0]
['2018-02-08', 9.999, 10.0, 9.99, 10.0]
['2018-02-09', 10.0, 10.0, 9.97, 9.99]
['2018-02-12', 10.0, 10.01, 9.99, 9.995]
['2018-02-13', 9.96, 10.0, 9.96, 10.0]
['2018-02-14', 10.0, 10.0, 9.99, 10.0]
['2018-02-15', 9.99, 10.0, 9.99, 9.99]
['2018-02-16', 9.99, 10.01, 9.99, 10.01]
['2018-02-20', 10.02, 10.04, 10.01, 10.04]
['2018-02-21', 10.04, 10.05, 10.04, 10.05]
['2018-02-22', 10.04, 10.09, 10.04, 10.06]
['2018-02-23', 10.04, 10.06, 10.04, 10.06]
['2018-02-26', 10.053, 10.415, 10.05, 10.06]
['2018-02-27', 10.24, 10.24, 10.05, 10.05]
['2018-02-28', 10.05, 10.08, 10.05, 10.08]
['2018-03-01', 10.08, 10.08, 10.07, 10.07]
['2018-03-02', 10.06, 10.06, 10.06, 10.06]
['2018-03-05', 10.08, 10.1, 10.07, 10.1]
['2018-03-06', 10.1, 10.14, 10.08, 10.09]
['2018-03-07', 10.09, 10.09, 10.06, 10.06]
['2018-03-08', 10.33, 10.33, 10.02, 10.15]
['2018-03-09', 10.18, 10.25, 10.15, 10.25]
['2018-03-12', 10.24, 10.25, 9.96, 10.06]
['2018-03-13', 10.07, 10.25, 10.07, 10.13]
['2018-03-14', 10.25, 10.27, 10.085, 10.12]
['2018-03-15', 10.03, 10.03, 10.03, 10.03]
['2018-03-16', 10.13, 10.13, 10.05, 10.08]
['2018-03-19', 10.07, 10.09, 10.04, 10.04]
['2018-03-20', 10.01, 10.09, 9.44, 9.67]
['2018-03-21', 9.88, 9.88, 9.38, 9.41]
['2018-03-22', 9.277, 9.319, 8.925, 8.97]
['2018-03-23', 9.0, 9.25, 8.74, 8.96]
['2018-03-26', 8.72, 8.73, 8.71, 8.71]
['2018-03-27', 8.83, 8.96, 8.25, 8.25]
['2018-03-28', 9.0, 9.0, 8.4, 8.5]
['2018-03-29', 9.0, 9.005, 8.775, 8.838]
['2018-04-02', 8.705, 8.9, 8.705, 8.836]
['2018-04-03', 9.0, 9.015, 8.6, 8.88]
['2018-04-04', 8.94, 8.94, 8.651, 8.7]
['2018-04-05', 9.0, 9.152, 8.92, 8.95]
['2018-04-06', 9.01, 9.14, 8.92, 8.96]
['2018-04-09', 8.96, 9.655, 8.96, 9.13]
['2018-04-10', 9.25, 9.49, 9.25, 9.4]
['2018-04-11', 9.42, 9.49, 9.36, 9.43]
['2018-04-12', 9.4, 9.45, 9.4, 9.44]
['2018-04-13', 9.45, 9.5, 9.3, 9.4]
['2018-04-16', 9.43, 9.5, 9.37, 9.49]
['2018-04-17', 9.42, 9.425, 9.35, 9.35]
['2018-04-18', 9.402, 9.45, 9.29, 9.31]
['2018-04-19', 9.44, 9.44, 9.25, 9.3]
['2018-04-20', 9.3, 9.35, 9.05, 9.35]
['2018-04-23', 9.34, 9.38, 8.96, 9.38]
['2018-04-24', 9.411, 9.44, 9.25, 9.4]
['2018-04-25', 9.44, 9.44, 9.0, 9.3]
['2018-04-26', 9.17, 9.655, 9.17, 9.34]
['2018-04-27', 9.4, 9.414, 9.04, 9.3]
['2018-04-30', 9.36, 9.46, 9.12, 9.4]
['2018-05-01', 9.33, 9.4, 9.14, 9.25]
['2018-05-02', 9.2, 9.4, 9.2, 9.2]
['2018-05-03', 9.4, 9.4, 9.17, 9.225]
['2018-05-04', 9.39, 9.57, 9.2, 9.26]
['2018-05-07', 9.5, 9.86, 9.45, 9.5]
['2018-05-08', 9.57, 9.8, 9.45, 9.45]
['2018-05-09', 9.6, 9.691, 9.31, 9.44]
['2018-05-10', 9.31, 9.6, 9.25, 9.3]
['2018-05-11', 9.5, 9.76, 9.3, 9.6]
['2018-05-14', 9.64, 9.765, 9.27, 9.58]
['2018-05-15', 9.69, 9.69, 9.41, 9.505]
['2018-05-16', 9.7, 9.7, 9.19, 9.35]
['2018-05-17', 9.42, 9.49, 8.96, 9.19]
['2018-05-18', 9.09, 9.24, 8.87, 9.24]
['2018-05-21', 9.2, 9.5, 9.06, 9.35]
['2018-05-22', 9.44, 9.47, 9.0, 9.3]
['2018-05-23', 9.32, 9.32, 9.2, 9.275]
['2018-05-24', 9.59, 9.59, 9.16, 9.18]
['2018-05-25', 9.33, 9.33, 8.92, 9.18]
['2018-05-29', 9.34, 9.34, 9.19, 9.33]
['2018-05-30', 9.223, 9.32, 8.89, 9.05]
['2018-05-31', 9.14, 9.34, 9.0, 9.0]
['2018-06-01', 9.175, 9.56, 9.175, 9.43]
['2018-06-04', 9.6, 9.6, 9.26, 9.4]
['2018-06-05', 9.5, 9.557, 9.05, 9.08]
['2018-06-06', 9.15, 9.399, 9.13, 9.13]
['2018-06-07', 9.4, 9.49, 9.05, 9.49]
['2018-06-08', 9.08, 9.316, 9.0, 9.03]
['2018-06-11', 9.11, 9.46, 9.027, 9.24]
['2018-06-12', 9.28, 9.28, 9.01, 9.06]
['2018-06-13', 9.07, 9.35, 9.06, 9.06]
['2018-06-14', 9.16, 9.24, 8.93, 9.03]
['2018-06-15', 9.07, 9.17, 8.95, 8.97]
['2018-06-18', 9.09, 9.15, 8.87, 8.89]
['2018-06-19', 8.85, 9.24, 8.85, 9.1]
['2018-06-20', 9.09, 9.25, 9.04, 9.16]
['2018-06-21', 9.18, 9.32, 9.13, 9.13]
['2018-06-22', 9.15, 9.25, 9.0, 9.12]
['2018-06-25', 9.15, 9.59, 9.02, 9.37]
['2018-06-26', 9.35, 9.62, 9.35, 9.45]
['2018-06-27', 9.41, 9.686, 8.984, 9.14]
['2018-06-28', 9.2, 9.54, 9.07, 9.32]
['2018-06-29', 9.29, 9.42, 9.22, 9.31]
['2018-07-02', 9.25, 9.47, 9.11, 9.4]
['2018-07-03', 9.44, 9.84, 9.43, 9.71]
['2018-07-05', 9.74, 9.81, 9.56, 9.6]
['2018-07-06', 9.6, 9.8, 9.6, 9.69]
['2018-07-09', 9.82, 10.23, 9.8, 10.03]
['2018-07-10', 10.09, 10.17, 9.905, 10.02]
['2018-07-11', 10.04, 10.27, 9.96, 10.1]
['2018-07-12', 10.17, 10.18, 9.94, 10.06]
['2018-07-13', 10.03, 10.23, 9.92, 10.09]
['2018-07-16', 10.15, 10.15, 10.03, 10.07]
['2018-07-17', 10.1, 10.14, 9.9, 9.92]
['2018-07-18', 9.93, 10.05, 9.81, 9.99]
['2018-07-19', 10.03, 10.32, 9.94, 9.95]
['2018-07-20', 9.98, 10.03, 9.71, 9.76]
['2018-07-23', 9.71, 10.17, 9.56, 9.87]
['2018-07-24', 9.87, 10.11, 9.83, 10.0]
['2018-07-25', 10.02, 10.229, 9.82, 10.08]
['2018-07-26', 10.11, 10.68, 10.075, 10.11]
['2018-07-27', 10.2, 10.25, 10.03, 10.24]
['2018-07-30', 10.27, 10.55, 10.07, 10.16]
['2018-07-31', 10.24, 10.56, 10.12, 10.2]
['2018-08-01', 10.25, 10.25, 9.9, 10.01]
['2018-08-02', 10.05, 10.42, 10.05, 10.315]
['2018-08-03', 10.05, 10.5, 10.05, 10.24]
['2018-08-06', 10.27, 10.45, 10.18, 10.25]
['2018-08-07', 10.27, 10.56, 10.24, 10.28]
['2018-08-08', 10.34, 10.59, 10.27, 10.28]
['2018-08-09', 10.4, 10.4, 9.4, 9.89]
['2018-08-10', 9.95, 10.3, 9.91, 9.96]
['2018-08-13', 10.1, 10.21, 9.91, 10.11]
['2018-08-14', 10.1, 10.22, 9.95, 10.01]
['2018-08-15', 10.03, 10.11, 9.625, 9.72]
['2018-08-16', 9.81, 9.99, 9.65, 9.71]
['2018-08-17', 9.67, 10.19, 9.66, 10.01]
['2018-08-20', 10.069, 10.1, 9.795, 9.98]
['2018-08-21', 10.09, 10.52, 9.98, 10.44]
['2018-08-22', 10.46, 10.86, 10.24, 10.8]
['2018-08-23', 10.76, 10.76, 10.27, 10.41]
['2018-08-24', 11.27, 11.27, 10.3, 10.48]
['2018-08-27', 10.85, 11.09, 10.05, 10.17]
['2018-08-28', 10.22, 10.29, 9.94, 10.1]
['2018-08-29', 10.12, 10.325, 9.98, 10.16]
['2018-08-30', 10.11, 10.5, 10.071, 10.39]
['2018-08-31', 10.46, 10.7, 10.25, 10.6]
['2018-09-04', 10.67, 10.74, 10.05, 10.25]
['2018-09-05', 10.29, 10.49, 10.17, 10.46]
['2018-09-06', 10.54, 10.71, 10.32, 10.43]
['2018-09-07', 10.38, 10.51, 10.22, 10.42]
['2018-09-10', 10.51, 10.51, 10.35, 10.41]
['2018-09-11', 10.37, 10.61, 10.3, 10.39]
['2018-09-12', 10.4, 10.575, 10.4, 10.5]
['2018-09-13', 10.5, 10.52, 10.46, 10.5]
['2018-09-14', 10.51, 10.55, 10.37, 10.37]
['2018-09-17', 10.44, 10.5, 10.27, 10.44]
['2018-09-18', 10.49, 10.55, 10.42, 10.42]
['2018-09-19', 10.42, 10.6, 10.22, 10.5]
['2018-09-20', 10.49, 10.6, 10.415, 10.49]
['2018-09-21', 10.5, 10.54, 10.46, 10.5]
['2018-09-24', 10.5, 10.6, 10.429, 10.49]
['2018-09-25', 10.5, 10.51, 10.4, 10.5]
['2018-09-26', 10.48, 10.55, 10.44, 10.49]
['2018-09-27', 10.49, 10.5, 10.48, 10.5]
['2018-09-28', 10.5, 10.55, 10.475, 10.5]
['2018-10-01', 10.54, 10.845, 10.42, 10.5]
['2018-10-02', 10.46, 10.58, 10.44, 10.48]
['2018-10-03', 10.5, 10.54, 10.45, 10.5]
['2018-10-04', 10.46, 10.51, 10.4, 10.45]
['2018-10-05', 10.363, 10.5, 10.33, 10.47]
['2018-10-08', 10.5, 10.55, 10.39, 10.44]
['2018-10-09', 10.36, 11.06, 9.86, 10.48]
['2018-10-10', 10.44, 10.5, 10.25, 10.47]
['2018-10-11', 10.47, 10.57, 10.43, 10.43]
['2018-10-12', 10.45, 10.52, 10.01, 10.2]
['2018-10-15', 10.49, 10.9, 10.32, 10.47]
['2018-10-16', 10.53, 10.6, 10.26, 10.6]
['2018-10-17', 10.58, 10.9, 10.57, 10.75]
['2018-10-18', 10.67, 10.8, 10.67, 10.71]
['2018-10-19', 10.73, 10.8, 10.56, 10.57]
['2018-10-22', 10.74, 10.75, 10.59, 10.7]
['2018-10-23', 10.46, 10.74, 10.46, 10.69]
['2018-10-24', 10.58, 10.67, 10.02, 10.23]
['2018-10-25', 10.25, 10.66, 10.07, 10.66]
['2018-10-26', 10.563, 10.665, 10.12, 10.13]
['2018-10-29', 10.23, 10.5, 9.74, 9.88]
['2018-10-30', 9.16, 10.08, 9.14, 10.0]
['2018-10-31', 10.11, 10.2, 9.85, 10.0]
['2018-11-01', 10.0, 10.07, 9.77, 9.95]
['2018-11-02', 10.09, 10.095, 9.42, 9.45]
['2018-11-05', 9.88, 9.89, 9.5, 9.6]
['2018-11-06', 9.33, 9.85, 9.33, 9.81]
['2018-11-07', 9.85, 9.93, 9.51, 9.74]
['2018-11-08', 9.55, 9.79, 8.9, 9.03]
['2018-11-09', 8.99, 9.05, 8.53, 8.66]
['2018-11-12', 8.4, 9.12, 8.01, 8.81]
['2018-11-13', 8.86, 9.18, 8.39, 8.47]
['2018-11-14', 8.67, 8.98, 8.58, 8.6]
['2018-11-15', 8.61, 8.61, 7.71, 8.16]
['2018-11-16', 8.17, 8.22, 7.98, 7.99]
['2018-11-19', 7.95, 7.99, 7.4, 7.45]
['2018-11-20', 7.47, 8.25, 7.31, 7.38]
['2018-11-21', 7.38, 8.03, 7.35, 7.96]
['2018-11-23', 7.79, 8.18, 7.79, 8.05]
['2018-11-26', 8.2, 8.2, 7.79, 8.02]
['2018-11-27', 7.96, 8.24, 7.89, 8.16]
['2018-11-28', 8.21, 8.65, 8.15, 8.58]
['2018-11-29', 8.5, 8.76, 8.5, 8.72]
['2018-11-30', 8.73, 9.11, 8.68, 8.72]
['2018-12-03', 8.8, 8.975, 8.67, 8.76]
['2018-12-04', 8.76, 8.76, 8.23, 8.33]
['2018-12-06', 8.25, 8.665, 8.07, 8.46]
['2018-12-07', 8.61, 9.0, 8.22, 8.61]
['2018-12-10', 8.67, 9.42, 8.25, 8.67]
['2018-12-11', 8.81, 9.22, 8.53, 8.65]
['2018-12-12', 8.65, 9.21, 8.23, 8.65]
['2018-12-13', 8.72, 8.86, 8.205, 8.49]
['2018-12-14', 8.55, 8.78, 8.06, 8.58]
['2018-12-17', 8.67, 8.805, 7.42, 7.98]
['2018-12-18', 7.93, 8.27, 7.85, 7.87]
['2018-12-19', 7.97, 7.97, 7.32, 7.375]
['2018-12-20', 7.67, 7.75, 7.05, 7.12]
['2018-12-21', 7.4, 7.5, 7.15, 7.27]
['2018-12-24', 7.25, 7.52, 7.25, 7.465]
['2018-12-26', 7.55, 8.87, 7.4, 8.79]
['2018-12-27', 8.62, 8.775, 8.37, 8.58]
['2018-12-28', 8.71, 8.94, 8.26, 8.49]
['2018-12-31', 8.55, 8.6, 8.07, 8.19]
['2019-01-02', 7.725, 9.1, 7.725, 8.6]
['2019-01-03', 8.81, 8.88, 8.52, 8.7]
['2019-01-04', 8.98, 9.395, 8.725, 9.06]
['2019-01-07', 9.25, 9.385, 8.68, 8.79]
['2019-01-08', 8.8, 9.25, 8.47, 8.74]
['2019-01-09', 8.7, 9.1, 8.7, 9.0]
['2019-01-10', 9.02, 9.05, 8.8, 8.96]
['2019-01-11', 8.95, 8.95, 8.67, 8.84]
['2019-01-14', 8.78, 8.78, 8.52, 8.62]
['2019-01-15', 8.76, 9.09, 8.75, 8.82]
['2019-01-16', 8.88, 8.97, 8.57, 8.68]
['2019-01-17', 8.54, 8.91, 8.05, 8.23]
['2019-01-18', 8.25, 9.0, 8.25, 8.66]
['2019-01-22', 8.59, 8.62, 8.2, 8.21]
['2019-01-23', 8.27, 8.27, 7.84, 7.98]
['2019-01-24', 7.98, 8.76, 7.98, 8.68]
['2019-01-25', 8.88, 8.88, 8.48, 8.8]
['2019-01-28', 8.66, 8.66, 8.07, 8.07]
['2019-01-29', 8.12, 8.55, 8.12, 8.34]
['2019-01-30', 8.47, 8.47, 8.05, 8.22]
['2019-01-31', 8.16, 8.4, 8.06, 8.29]
['2019-02-01', 8.4, 8.54, 8.11, 8.32]
['2019-02-04', 8.31, 8.41, 7.955, 8.1]
['2019-02-05', 8.13, 8.88, 8.06, 8.06]
['2019-02-06', 8.01, 8.29, 7.91, 8.08]
['2019-02-07', 7.92, 8.46, 7.89, 8.12]
['2019-02-08', 8.5, 8.834, 7.88, 8.76]
['2019-02-11', 8.49, 8.689, 8.25, 8.57]
['2019-02-12', 8.49, 8.79, 8.255, 8.79]
['2019-02-13', 8.81, 8.81, 8.49, 8.64]
['2019-02-14', 8.5, 8.83, 8.49, 8.56]
['2019-02-15', 8.64, 8.64, 8.275, 8.41]
['2019-02-19', 8.25, 8.394, 6.02, 6.23]
['2019-02-20', 6.24, 6.71, 6.23, 6.5]
['2019-02-21', 6.5, 6.55, 6.35, 6.49]
['2019-02-22', 6.54, 6.55, 6.36, 6.53]
['2019-02-25', 6.48, 6.51, 6.19, 6.21]
['2019-02-26', 6.35, 6.463, 6.19, 6.35]
['2019-02-27', 6.3, 6.305, 6.16, 6.27]
['2019-02-28', 6.24, 6.27, 6.2, 6.23]
['2019-03-01', 6.3, 6.3, 6.11, 6.17]
['2019-03-04', 6.15, 6.15, 6.01, 6.03]
['2019-03-05', 6.1, 6.1, 5.75, 5.81]
['2019-03-06', 5.79, 5.93, 5.75, 5.82]
['2019-03-07', 5.78, 5.89, 5.5, 5.6]
['2019-03-08', 5.57, 5.87, 5.57, 5.79]
['2019-03-11', 5.8, 5.8, 5.69, 5.75]
['2019-03-12', 5.75, 6.43, 5.75, 6.42]
['2019-03-13', 6.43, 6.45, 6.125, 6.4]
['2019-03-14', 6.45, 6.45, 5.975, 6.34]
['2019-03-15', 6.35, 6.445, 5.9, 5.96]
['2019-03-18', 5.96, 5.995, 5.67, 5.83]
['2019-03-19', 5.86, 5.963, 5.75, 5.77]
['2019-03-20', 5.75, 5.92, 5.55, 5.82]
['2019-03-21', 5.81, 5.92, 5.66, 5.85]
['2019-03-22', 5.82, 5.85, 5.6, 5.6]
['2019-03-25', 5.745, 5.745, 5.4, 5.47]
['2019-03-26', 5.55, 5.82, 5.42, 5.54]
['2019-03-27', 5.53, 5.73, 5.3, 5.4]
['2019-03-28', 5.4, 5.59, 5.31, 5.44]
['2019-03-29', 5.49, 5.49, 5.24, 5.24]
['2019-04-01', 5.29, 5.38, 5.0, 5.16]
['2019-04-02', 5.16, 5.219, 4.89, 5.13]
['2019-04-03', 5.18, 5.4, 4.9, 5.17]
['2019-04-04', 5.06, 5.3, 4.9, 5.01]
['2019-04-05', 5.0, 5.01, 4.66, 4.74]
['2019-04-08', 4.74, 4.79, 4.38, 4.68]
['2019-04-09', 4.61, 4.64, 4.395, 4.48]
['2019-04-10', 4.5, 5.08, 4.45, 4.56]
['2019-04-11', 4.59, 5.13, 4.5, 4.9]
['2019-04-12', 4.85, 5.28, 4.76, 4.84]
['2019-04-15', 4.9, 5.23, 4.61, 5.04]
['2019-04-16', 5.05, 5.185, 4.79, 4.96]
['2019-04-17', 4.95, 5.15, 4.74, 4.79]
['2019-04-18', 4.75, 5.06, 4.46, 4.59]
['2019-04-22', 4.61, 4.78, 4.42, 4.56]
['2019-04-23', 4.58, 4.69, 4.54, 4.62]
['2019-04-24', 4.61, 4.84, 4.5, 4.62]
['2019-04-25', 4.62, 4.73, 4.515, 4.63]
['2019-04-26', 4.57, 4.79, 4.43, 4.64]
['2019-04-29', 4.65, 4.91, 4.5, 4.72]
['2019-04-30', 4.72, 4.72, 4.45, 4.54]
['2019-05-01', 4.55, 4.7, 4.495, 4.51]
['2019-05-02', 4.65, 4.65, 4.225, 4.28]
['2019-05-03', 4.44, 4.64, 4.4, 4.48]
['2019-05-06', 4.47, 4.657, 4.36, 4.51]
['2019-05-07', 4.55, 4.55, 4.28, 4.44]
['2019-05-08', 4.44, 4.54, 4.38, 4.48]
['2019-05-09', 4.383, 4.57, 4.32, 4.52]
['2019-05-10', 4.6, 5.1, 4.44, 4.9]
['2019-05-13', 4.85, 4.86, 4.49, 4.58]
['2019-05-14', 4.62, 4.62, 4.34, 4.41]
['2019-05-15', 4.52, 4.73, 4.37, 4.57]
['2019-05-16', 4.63, 4.63, 4.181, 4.24]
['2019-05-17', 4.19, 4.23, 3.8, 3.84]
['2019-05-20', 4.17, 4.43, 3.92, 4.21]
['2019-05-21', 4.2, 4.2, 3.5, 3.75]
['2019-05-22', 3.72, 3.72, 3.43, 3.45]
['2019-05-23', 3.41, 3.6, 2.94, 3.0]
['2019-05-24', 3.0, 3.37, 2.81, 3.06]
['2019-05-28', 3.16, 3.36, 2.81, 2.87]
['2019-05-29', 2.86, 2.995, 2.63, 2.89]
['2019-05-30', 2.9, 2.97, 2.75, 2.91]
['2019-05-31', 2.84, 2.87, 2.76, 2.78]
['2019-06-03', 2.64, 2.82, 2.6, 2.8]
['2019-06-04', 2.82, 2.875, 2.64, 2.7]
['2019-06-05', 2.7, 2.81, 2.38, 2.59]
['2019-06-06', 2.58, 2.75, 2.51, 2.55]
['2019-06-07', 2.55, 3.28, 2.55, 2.76]
['2019-06-10', 2.76, 3.055, 2.65, 2.82]
['2019-06-11', 2.85, 3.14, 2.84, 3.01]
['2019-06-12', 2.96, 3.04, 2.925, 2.95]
['2019-06-13', 2.99, 3.065, 2.8, 3.02]
['2019-06-14', 3.01, 3.22, 2.9, 3.01]
['2019-06-17', 2.9, 3.035, 2.7, 2.71]
['2019-06-18', 2.57, 2.88, 2.57, 2.76]
['2019-06-19', 2.74, 2.85, 2.55, 2.59]
['2019-06-20', 2.59, 2.67, 2.435, 2.5]
['2019-06-21', 2.48, 2.48, 2.26, 2.28]
['2019-06-24', 2.28, 2.28, 1.81, 1.83]
['2019-06-25', 1.85, 2.12, 1.83, 2.0]
['2019-06-26', 2.0, 2.07, 1.86, 2.01]
['2019-06-27', 2.02, 2.28, 1.96, 2.0]
['2019-06-28', 2.01, 2.21, 1.89, 2.04]
['2019-07-01', 2.5, 3.49, 2.35, 2.68]
['2019-07-02', 2.6, 2.7, 2.46, 2.59]
['2019-07-03', 2.58, 2.69, 2.51, 2.65]
['2019-07-05', 2.61, 2.81, 2.56, 2.81]
['2019-07-08', 2.83, 2.99, 2.76, 2.99]
['2019-07-09', 2.99, 3.01, 2.82, 2.97]
['2019-07-10', 2.97, 2.985, 2.67, 2.84]
['2019-07-11', 2.82, 2.967, 2.78, 2.81]
['2019-07-12', 2.84, 2.86, 2.72, 2.75]
['2019-07-15', 2.79, 2.79, 2.5, 2.59]
['2019-07-16', 2.6, 2.83, 2.535, 2.74]
['2019-07-17', 2.73, 2.79, 2.61, 2.62]
['2019-07-18', 2.69, 2.69, 2.51, 2.56]
['2019-07-19', 2.58, 2.667, 2.394, 2.42]
['2019-07-22', 2.43, 2.69, 2.43, 2.66]
['2019-07-23', 2.68, 2.9, 2.62, 2.7]
['2019-07-24', 2.7, 2.82, 2.49, 2.49]
['2019-07-25', 2.5, 2.66, 2.345, 2.38]
['2019-07-26', 2.37, 2.6, 2.31, 2.52]
['2019-07-29', 2.51, 2.55, 2.36, 2.37]
['2019-07-30', 2.39, 2.6, 2.26, 2.56]
['2019-07-31', 2.57, 2.7, 2.5, 2.56]
['2019-08-01', 2.57, 2.7, 2.5, 2.68]
['2019-08-02', 2.7, 2.8, 2.57, 2.57]
['2019-08-05', 2.57, 2.7, 2.5, 2.65]
['2019-08-06', 2.8, 2.89, 2.188, 2.37]
['2019-08-07', 2.36, 2.667, 2.35, 2.63]
['2019-08-08', 2.25, 2.75, 2.25, 2.64]
['2019-08-09', 2.61, 2.65, 2.517, 2.64]
['2019-08-12', 2.62, 2.7, 2.44, 2.56]
['2019-08-13', 2.57, 2.57, 2.35, 2.39]
['2019-08-14', 2.43, 4.34, 2.43, 3.68]
['2019-08-15', 3.42, 3.65, 3.13, 3.56]
['2019-08-16', 3.52, 3.78, 3.45, 3.69]
['2019-08-19', 3.69, 4.0, 3.52, 3.83]
['2019-08-20', 3.84, 4.06, 3.71, 3.81]
['2019-08-21', 3.84, 4.0, 3.84, 3.98]
['2019-08-22', 3.98, 4.02, 3.81, 3.91]
['2019-08-23', 3.9, 3.985, 3.75, 3.82]
['2019-08-26', 3.85, 3.85, 3.76, 3.79]
['2019-08-27', 3.81, 3.83, 3.6, 3.67]
['2019-08-28', 3.65, 3.735, 3.47, 3.68]
['2019-08-29', 3.74, 3.971, 3.652, 3.71]
['2019-08-30', 3.73, 3.87, 3.65, 3.75]
['2019-09-03', 3.73, 3.9, 3.59, 3.83]
['2019-09-04', 3.83, 3.98, 3.497, 3.88]
['2019-09-05', 3.91, 4.1, 3.885, 3.99]
['2019-09-06', 4.02, 4.34, 3.8, 3.91]
['2019-09-09', 4.0, 4.04, 3.86, 3.91]
['2019-09-10', 3.85, 4.17, 3.85, 4.07]
['2019-09-11', 4.07, 4.29, 4.02, 4.25]
['2019-09-12', 4.27, 4.7, 4.27, 4.55]
['2019-09-13', 4.51, 4.81, 4.47, 4.7]
['2019-09-16', 4.75, 4.8, 4.29, 4.72]
['2019-09-17', 4.75, 4.83, 4.612, 4.7]
['2019-09-18', 4.7, 4.74, 4.5, 4.58]
['2019-09-19', 4.6, 4.8, 4.598, 4.66]
['2019-09-20', 4.7, 4.75, 4.49, 4.49]
['2019-09-23', 4.622, 4.77, 4.552, 4.68]
['2019-09-24', 4.6, 4.6, 4.25, 4.33]
['2019-09-25', 4.435, 4.6, 4.37, 4.54]
['2019-09-26', 4.54, 4.74, 4.353, 4.57]
['2019-09-27', 4.63, 4.63, 4.372, 4.48]
['2019-09-30', 4.48, 4.7, 4.121, 4.66]
['2019-10-01', 4.78, 4.78, 4.32, 4.32]
['2019-10-02', 4.3, 4.68, 4.3, 4.32]
['2019-10-03', 4.32, 4.46, 4.29, 4.35]
['2019-10-04', 4.11, 4.56, 4.11, 4.12]
['2019-10-07', 4.11, 4.45, 4.11, 4.2]
['2019-10-08', 4.19, 4.68, 4.19, 4.27]
['2019-10-09', 4.32, 4.55, 4.3, 4.31]
['2019-10-10', 3.45, 3.5, 2.85, 2.91]
['2019-10-11', 2.9, 3.06, 2.55, 2.7]
['2019-10-14', 2.76, 2.881, 2.56, 2.6]
['2019-10-15', 2.64, 2.86, 2.45, 2.475]
['2019-10-16', 2.64, 2.85, 2.57, 2.85]
['2019-10-17', 2.87, 3.276, 2.75, 2.92]
['2019-10-18', 2.89, 2.9, 2.74, 2.84]
['2019-10-21', 2.82, 2.85, 2.68, 2.79]
['2019-10-22', 2.66, 2.88, 2.63, 2.82]
['2019-10-23', 2.84, 2.97, 2.71, 2.89]
['2019-10-24', 2.86, 2.96, 2.83, 2.9]
['2019-10-25', 2.89, 3.02, 2.86, 2.93]
['2019-10-28', 2.93, 3.12, 2.79, 2.88]
['2019-10-29', 2.91, 2.945, 2.74, 2.83]
['2019-10-30', 2.76, 2.85, 2.411, 2.47]
['2019-10-31', 2.47, 2.58, 2.36, 2.54]
['2019-11-01', 2.519, 2.7, 2.519, 2.58]
['2019-11-04', 2.61, 2.742, 2.56, 2.7]
['2019-11-05', 2.69, 2.75, 2.59, 2.68]
['2019-11-06', 2.646, 2.672, 2.47, 2.54]
['2019-11-07', 2.51, 2.54, 2.35, 2.35]
['2019-11-08', 2.4, 2.4, 2.12, 2.23]
['2019-11-11', 2.23, 2.72, 2.18, 2.65]
['2019-11-12', 2.78, 2.81, 2.39, 2.42]
['2019-11-13', 2.44, 2.473, 2.25, 2.27]
['2019-11-14', 2.26, 2.31, 2.2, 2.2]
['2019-11-15', 2.19, 2.25, 2.08, 2.18]
['2019-11-18', 2.2, 2.3, 2.18, 2.29]
['2019-11-19', 2.305, 2.4, 2.3, 2.38]
['2019-11-20', 2.388, 2.585, 2.33, 2.47]
['2019-11-21', 2.4, 2.565, 2.4, 2.55]
['2019-11-22', 2.54, 2.73, 2.54, 2.68]
['2019-11-25', 2.679, 2.95, 2.679, 2.9]
['2019-11-26', 2.95, 3.0, 2.7, 2.78]
['2019-11-27', 2.886, 2.99, 2.76, 2.97]
['2019-11-29', 2.97, 3.02, 2.97, 3.02]
['2019-12-02', 2.99, 2.99, 2.95, 2.96]
['2019-12-03', 2.97, 3.56, 2.97, 3.25]
['2019-12-04', 3.34, 3.83, 3.212, 3.61]
['2019-12-05', 3.63, 3.97, 3.61, 3.92]
['2019-12-06', 4.0, 4.03, 3.67, 3.69]
['2019-12-09', 3.84, 3.84, 3.69, 3.72]
['2019-12-10', 3.75, 3.85, 3.551, 3.77]
['2019-12-11', 3.89, 3.94, 3.47, 3.73]
['2019-12-12', 3.62, 3.85, 3.62, 3.75]
['2019-12-13', 3.74, 3.76, 3.62, 3.75]
['2019-12-16', 3.71, 3.84, 3.54, 3.595]
['2019-12-17', 3.64, 3.739, 3.58, 3.65]
['2019-12-18', 3.641, 3.7, 3.6, 3.6]
['2019-12-19', 3.58, 3.615, 3.34, 3.55]
['2019-12-20', 3.6, 3.61, 3.2, 3.33]
['2019-12-23', 3.26, 3.344, 3.03, 3.13]
['2019-12-24', 3.1, 3.24, 3.06, 3.24]
['2019-12-26', 3.08, 3.49, 3.08, 3.48]
['2019-12-27', 3.41, 3.47, 3.22, 3.27]
['2019-12-30', 3.27, 3.28, 3.09, 3.15]
['2019-12-31', 3.2, 3.4, 3.069, 3.22]
['2020-01-02', 3.32, 3.45, 3.03, 3.34]
['2020-01-03', 3.25, 3.64, 3.25, 3.43]
['2020-01-06', 3.3, 3.36, 3.24, 3.35]
['2020-01-07', 3.25, 3.41, 3.25, 3.3]
['2020-01-08', 3.3, 3.38, 3.24, 3.3]
['2020-01-09', 3.26, 3.56, 3.25, 3.33]
['2020-01-10', 3.44, 3.49, 3.34, 3.47]
['2020-01-13', 3.39, 3.69, 3.37, 3.58]
['2020-01-14', 3.6, 3.7, 3.49, 3.49]
['2020-01-15', 3.486, 3.7, 3.45, 3.46]
['2020-01-16', 3.54, 3.69, 3.33, 3.39]
['2020-01-17', 3.46, 3.69, 3.46, 3.69]
['2020-01-21', 3.68, 3.69, 3.49, 3.69]
['2020-01-22', 3.653, 3.76, 3.653, 3.75]
['2020-01-23', 3.78, 3.89, 3.72, 3.72]
['2020-01-24', 3.81, 3.83, 3.66, 3.78]
['2020-01-27', 3.7, 3.71, 3.54, 3.56]
['2020-01-28', 3.57, 3.81, 3.5, 3.6]
['2020-01-29', 3.51, 3.76, 3.51, 3.56]
['2020-01-30', 3.49, 3.685, 3.49, 3.57]
['2020-01-31', 3.6, 3.67, 3.53, 3.53]
['2020-02-03', 3.58, 3.68, 3.58, 3.63]
['2020-02-04', 3.69, 3.735, 3.63, 3.655]
['2020-02-05', 3.72, 3.73, 3.55, 3.57]
['2020-02-06', 3.63, 3.75, 3.62, 3.63]
['2020-02-07', 3.63, 3.643, 3.28, 3.46]
['2020-02-10', 3.45, 3.52, 3.325, 3.39]
['2020-02-11', 3.42, 3.5, 3.3, 3.31]
['2020-02-12', 3.49, 3.49, 2.977, 2.98]
['2020-02-13', 3.44, 3.44, 3.09, 3.18]
['2020-02-14', 3.3, 3.3, 3.06, 3.1]
['2020-02-18', 3.13, 3.36, 3.13, 3.22]
['2020-02-19', 3.12, 3.31, 3.11, 3.14]
['2020-02-20', 3.23, 3.32, 3.06, 3.25]
['2020-02-21', 3.1, 3.45, 3.1, 3.12]
['2020-02-24', 3.0, 3.12, 2.98, 3.02]
['2020-02-25', 3.077, 3.1, 2.77, 2.77]
['2020-02-26', 2.8, 3.1, 2.8, 2.81]
['2020-02-27', 2.82, 3.09, 2.75, 2.76]
['2020-02-28', 2.75, 2.95, 2.65, 2.82]
['2020-03-02', 2.77, 2.9, 2.75, 2.85]
['2020-03-03', 3.0, 3.45, 3.0, 3.19]
['2020-03-04', 3.168, 3.254, 3.06, 3.07]
['2020-03-05', 3.02, 3.29, 3.0, 3.0]
['2020-03-06', 2.79, 3.03, 2.775, 2.95]
['2020-03-09', 2.8, 2.8, 2.52, 2.52]
['2020-03-10', 2.55, 2.63, 2.5, 2.54]
['2020-03-11', 2.89, 2.89, 2.01, 2.04]
['2020-03-12', 2.04, 2.33, 1.975, 1.975]
['2020-03-13', 2.06, 2.47, 2.02, 2.16]
['2020-03-16', 2.01, 2.24, 1.8, 2.04]
['2020-03-17', 2.09, 2.76, 2.03, 2.15]
['2020-03-18', 1.99, 2.1, 1.86, 1.94]
['2020-03-19', 1.82, 2.17, 1.8, 2.1]
['2020-03-20', 2.14, 2.23, 2.0, 2.08]
['2020-03-23', 2.18, 2.18, 1.866, 1.9]
['2020-03-24', 2.01, 2.038, 1.88, 1.9]
['2020-03-25', 1.909, 2.076, 1.909, 2.03]
['2020-03-26', 2.06, 2.25, 1.92, 2.243]
['2020-03-27', 2.04, 2.24, 2.0, 2.15]
['2020-03-30', 2.08, 2.08, 1.99, 2.04]
['2020-03-31', 2.07, 2.12, 2.01, 2.01]
['2020-04-01', 2.0, 2.0, 1.75, 1.75]
['2020-04-02', 1.77, 2.2, 1.77, 1.78]
['2020-04-03', 1.74, 1.85, 1.7, 1.72]
['2020-04-06', 1.79, 1.92, 1.64, 1.76]
['2020-04-07', 1.97, 2.022, 1.75, 1.89]
['2020-04-08', 1.95, 2.12, 1.91, 2.03]
['2020-04-09', 2.06, 2.164, 1.92, 2.08]
['2020-04-13', 2.16, 2.16, 1.98, 2.04]
['2020-04-14', 2.05, 2.27, 1.94, 1.94]
['2020-04-15', 2.0, 2.17, 2.0, 2.15]
['2020-04-16', 2.14, 2.49, 1.97, 1.991]
['2020-04-17', 1.99, 2.096, 1.769, 2.007]
['2020-04-20', 1.94, 1.98, 1.82, 1.96]
['2020-04-21', 1.85, 1.95, 1.7, 1.821]
['2020-04-22', 1.8, 2.0, 1.7, 1.95]
['2020-04-23', 1.93, 2.1, 1.89, 1.95]
['2020-04-24', 1.89, 1.93, 1.71, 1.8]
['2020-04-27', 1.88, 1.98, 1.85, 1.96]
['2020-04-28', 1.94, 2.035, 1.89, 2.02]
['2020-04-29', 2.08, 2.2, 2.02, 2.16]
['2020-04-30', 2.19, 2.2, 2.06, 2.09]
['2020-05-01', 2.1, 2.1, 1.87, 1.9]
['2020-05-04', 1.9, 2.1, 1.9, 2.01]
['2020-05-05', 1.998, 2.05, 1.95, 1.99]
['2020-05-06', 1.93, 2.04, 1.93, 2.04]
['2020-05-07', 2.025, 2.15, 2.01, 2.15]
['2020-05-08', 2.06, 2.675, 1.94, 2.0]
['2020-05-11', 2.08, 2.08, 1.87, 1.87]
['2020-05-12', 1.899, 1.905, 1.741, 1.82]
['2020-05-13', 1.85, 1.99, 1.63, 1.68]
['2020-05-14', 1.66, 1.99, 1.66, 1.88]
['2020-05-15', 1.8, 1.88, 1.65, 1.85]
