['2017-11-07', 15.0, 15.0, 15.0, 15.0]
['2017-11-08', 15.19, 15.48, 14.8, 14.99]
['2017-11-09', 14.89, 15.41, 14.54, 15.0]
['2017-11-10', 15.01, 15.01, 14.62, 15.0]
['2017-11-13', 14.9, 15.09, 14.47, 14.85]
['2017-11-14', 15.14, 15.14, 14.64, 14.66]
['2017-11-15', 14.69, 14.91, 14.55, 14.85]
['2017-11-16', 14.8, 15.2, 14.8, 14.8]
['2017-11-17', 15.15, 15.15, 14.58, 14.83]
['2017-11-20', 14.72, 15.0, 14.53, 14.55]
['2017-11-21', 15.0, 15.15, 14.96, 15.0]
['2017-11-22', 15.0, 15.03, 15.0, 15.0]
['2017-11-24', 14.93, 15.3, 14.93, 15.3]
['2017-11-27', 15.23, 16.7, 15.15, 16.7]
['2017-11-28', 16.7, 20.0, 16.7, 19.0]
['2017-11-29', 17.8, 21.56, 17.8, 20.7]
['2017-11-30', 20.5, 22.48, 20.5, 21.3]
['2017-12-01', 21.67, 22.32, 20.23, 20.88]
['2017-12-04', 21.01, 21.22, 19.24, 19.24]
['2017-12-05', 19.07, 19.07, 17.67, 18.66]
['2017-12-06', 18.7, 19.0, 17.01, 17.58]
['2017-12-07', 17.44, 18.73, 17.4, 18.05]
['2017-12-08', 18.26, 19.63, 18.26, 19.19]
['2017-12-11', 19.43, 20.2, 18.75, 18.76]
['2017-12-12', 18.8, 18.9, 17.95, 18.0]
['2017-12-13', 18.1, 18.15, 17.5, 18.05]
['2017-12-14', 18.07, 18.96, 17.95, 18.41]
['2017-12-15', 18.5, 19.99, 17.53, 18.21]
['2017-12-18', 18.29, 19.91, 18.29, 19.85]
['2017-12-19', 18.14, 19.48, 18.14, 19.0]
['2017-12-20', 19.02, 20.06, 19.01, 19.76]
['2017-12-21', 19.71, 21.37, 19.71, 21.29]
['2017-12-22', 21.0, 26.49, 21.0, 23.99]
['2017-12-26', 24.19, 26.92, 21.99, 22.13]
['2017-12-27', 22.08, 22.08, 18.6, 20.41]
['2017-12-28', 20.45, 23.5, 20.09, 20.79]
['2017-12-29', 20.9, 21.75, 20.4, 20.95]
['2018-01-02', 21.23, 22.7, 19.0, 20.21]
['2018-01-03', 20.15, 20.8, 19.5, 20.25]
['2018-01-04', 20.5, 23.0, 20.42, 23.0]
['2018-01-05', 23.0, 24.41, 22.3, 23.75]
['2018-01-08', 23.75, 23.95, 22.68, 22.83]
['2018-01-09', 22.7, 24.0, 22.35, 23.16]
['2018-01-10', 23.1, 23.51, 22.15, 22.66]
['2018-01-11', 23.21, 24.44, 22.51, 23.85]
['2018-01-12', 23.67, 24.5, 22.94, 23.51]
['2018-01-16', 23.83, 24.75, 21.7, 22.1]
['2018-01-17', 22.27, 22.95, 20.1, 22.0]
['2018-01-18', 22.6, 23.32, 22.0, 22.45]
['2018-01-19', 22.76, 22.83, 21.5, 22.35]
['2018-01-22', 22.66, 23.6, 22.29, 23.06]
['2018-01-23', 22.77, 23.49, 21.52, 23.43]
['2018-01-24', 23.47, 23.47, 21.71, 22.61]
['2018-01-25', 22.5, 22.6, 21.6, 21.74]
['2018-01-26', 22.0, 24.86, 22.0, 22.82]
['2018-01-29', 22.63, 23.77, 21.85, 22.84]
['2018-01-30', 22.76, 22.94, 22.1, 22.73]
['2018-01-31', 22.76, 23.95, 21.76, 23.95]
['2018-02-01', 23.67, 23.82, 22.6, 23.07]
['2018-02-02', 22.86, 23.96, 21.86, 22.75]
['2018-02-05', 22.95, 23.15, 22.5, 22.5]
['2018-02-06', 22.5, 23.61, 22.5, 23.44]
['2018-02-07', 22.85, 23.89, 22.67, 22.75]
['2018-02-08', 23.22, 23.77, 22.55, 22.55]
['2018-02-09', 22.92, 23.9, 22.87, 23.5]
['2018-02-12', 23.83, 28.8, 23.68, 27.85]
['2018-02-13', 27.6, 32.61, 27.32, 29.8]
['2018-02-14', 29.61, 30.3, 27.88, 28.75]
['2018-02-15', 29.24, 31.0, 29.0, 29.25]
['2018-02-16', 29.82, 30.0, 28.31, 28.86]
['2018-02-20', 29.14, 33.3, 29.14, 31.4]
['2018-02-21', 32.0, 34.86, 31.41, 31.99]
['2018-02-22', 32.0, 32.5, 31.0, 31.9]
['2018-02-23', 32.5, 34.1, 31.9, 32.0]
['2018-02-26', 31.84, 31.84, 25.82, 28.31]
['2018-02-27', 28.12, 28.66, 26.06, 28.64]
['2018-02-28', 28.5, 33.98, 25.95, 26.09]
['2018-03-01', 26.5, 28.4, 26.0, 27.39]
['2018-03-02', 27.28, 28.02, 26.6, 27.6]
['2018-03-05', 27.6, 30.8, 27.15, 27.53]
['2018-03-06', 27.93, 29.92, 27.81, 29.76]
['2018-03-07', 28.44, 29.03, 27.03, 28.02]
['2018-03-08', 28.35, 29.75, 27.2, 28.17]
['2018-03-09', 28.74, 29.14, 26.75, 28.21]
['2018-03-12', 28.89, 33.81, 28.89, 30.46]
['2018-03-13', 30.95, 31.25, 27.98, 29.8]
['2018-03-14', 30.39, 31.25, 28.3, 29.08]
['2018-03-15', 29.0, 30.75, 28.89, 30.06]
['2018-03-16', 29.85, 30.5, 28.8, 29.72]
['2018-03-19', 29.65, 31.89, 28.2, 30.57]
['2018-03-20', 30.33, 31.53, 28.12, 30.85]
['2018-03-21', 31.5, 31.5, 28.11, 29.86]
['2018-03-22', 29.42, 31.1, 28.83, 30.61]
['2018-03-23', 30.7, 31.12, 29.7, 30.19]
['2018-03-26', 30.8, 31.28, 29.5, 31.16]
['2018-03-27', 30.99, 31.02, 29.07, 29.17]
['2018-03-28', 29.45, 31.18, 27.94, 30.23]
['2018-03-29', 29.63, 32.03, 28.84, 28.84]
['2018-04-02', 29.1, 31.97, 28.0, 28.68]
['2018-04-03', 29.06, 30.55, 28.62, 28.62]
['2018-04-04', 28.24, 29.11, 28.03, 28.9]
['2018-04-05', 29.07, 29.07, 26.46, 27.33]
['2018-04-06', 26.97, 28.31, 26.97, 27.4]
['2018-04-09', 27.86, 30.8, 27.69, 30.25]
['2018-04-10', 30.73, 30.73, 28.46, 30.21]
['2018-04-11', 29.85, 33.75, 29.34, 32.18]
['2018-04-12', 32.52, 33.98, 32.1, 33.22]
['2018-04-13', 33.54, 34.32, 32.06, 32.96]
['2018-04-16', 33.29, 34.88, 33.02, 34.76]
['2018-04-17', 34.98, 38.3, 34.97, 36.62]
['2018-04-18', 37.23, 38.0, 36.62, 36.9]
['2018-04-19', 36.89, 37.99, 36.6, 37.14]
['2018-04-20', 37.49, 39.0, 37.46, 38.77]
['2018-04-23', 39.0, 39.9, 37.58, 38.08]
['2018-04-24', 38.47, 40.17, 38.08, 38.09]
['2018-04-25', 38.05, 40.0, 38.02, 39.27]
['2018-04-26', 39.61, 39.61, 38.75, 39.14]
['2018-04-27', 39.42, 40.45, 37.85, 38.37]
['2018-04-30', 38.6, 40.04, 37.93, 39.15]
['2018-05-01', 38.95, 42.83, 38.95, 41.46]
['2018-05-02', 40.5, 40.74, 37.89, 38.75]
['2018-05-03', 38.64, 39.2, 34.39, 36.02]
['2018-05-04', 35.61, 37.94, 35.35, 36.17]
['2018-05-07', 36.5, 38.3, 36.5, 37.06]
['2018-05-08', 37.0, 37.12, 35.73, 36.61]
['2018-05-09', 36.39, 36.39, 34.75, 35.06]
['2018-05-10', 35.39, 35.5, 31.64, 33.44]
['2018-05-11', 33.8, 35.21, 31.31, 34.17]
['2018-05-14', 34.49, 35.53, 33.3, 34.51]
['2018-05-15', 34.51, 35.55, 34.1, 34.4]
['2018-05-16', 34.44, 34.95, 34.03, 34.45]
['2018-05-17', 34.15, 35.04, 33.81, 34.39]
['2018-05-18', 34.77, 36.24, 34.46, 34.75]
['2018-05-21', 35.0, 36.29, 34.7, 35.38]
['2018-05-22', 35.99, 35.99, 33.75, 34.08]
['2018-05-23', 34.0, 34.74, 34.0, 34.18]
['2018-05-24', 34.41, 36.17, 33.7, 34.11]
['2018-05-25', 34.26, 35.49, 33.49, 35.38]
['2018-05-29', 35.17, 39.31, 35.12, 38.5]
['2018-05-30', 38.25, 42.44, 37.52, 37.85]
['2018-05-31', 38.69, 40.54, 37.51, 38.14]
['2018-06-01', 39.65, 39.65, 37.0, 37.0]
['2018-06-04', 37.19, 39.61, 36.68, 37.37]
['2018-06-05', 39.49, 39.49, 36.75, 37.33]
['2018-06-06', 37.33, 37.73, 36.78, 37.08]
['2018-06-07', 37.3, 38.12, 36.16, 36.7]
['2018-06-08', 36.72, 37.09, 36.35, 36.35]
['2018-06-11', 36.49, 37.24, 34.23, 34.99]
['2018-06-12', 35.61, 36.7, 35.56, 35.8]
['2018-06-13', 38.0, 38.0, 35.83, 35.95]
['2018-06-14', 37.26, 38.02, 35.01, 35.3]
['2018-06-15', 36.38, 36.38, 31.63, 33.28]
['2018-06-18', 33.51, 33.91, 31.7, 33.0]
['2018-06-19', 33.0, 33.4, 32.01, 32.54]
['2018-06-20', 32.54, 32.7, 30.93, 31.88]
['2018-06-21', 32.27, 33.0, 29.5, 30.99]
['2018-06-22', 31.33, 31.33, 30.0, 30.68]
['2018-06-25', 30.42, 32.13, 29.44, 29.62]
['2018-06-26', 30.21, 32.85, 28.68, 28.83]
['2018-06-27', 29.0, 30.05, 28.34, 28.93]
['2018-06-28', 29.67, 31.75, 29.67, 29.81]
['2018-06-29', 30.15, 33.64, 29.85, 32.25]
['2018-07-02', 32.4, 32.63, 30.97, 31.18]
['2018-07-03', 31.43, 32.18, 30.45, 30.45]
['2018-07-05', 31.0, 32.29, 31.0, 31.2]
['2018-07-06', 33.31, 33.66, 31.85, 32.0]
['2018-07-09', 32.15, 33.28, 31.01, 31.64]
['2018-07-10', 31.54, 33.03, 31.03, 31.65]
['2018-07-11', 31.64, 32.49, 29.39, 30.45]
['2018-07-12', 30.41, 30.79, 29.7, 30.31]
['2018-07-13', 31.48, 35.38, 31.4, 33.84]
['2018-07-16', 34.1, 36.04, 32.15, 33.15]
['2018-07-17', 33.0, 34.19, 32.93, 33.11]
['2018-07-18', 33.16, 40.13, 33.16, 35.0]
['2018-07-19', 34.16, 35.6, 33.6, 33.6]
['2018-07-20', 33.41, 36.0, 31.5, 32.4]
['2018-07-23', 33.0, 33.0, 31.5, 31.82]
['2018-07-24', 32.44, 34.2, 31.55, 32.0]
['2018-07-25', 32.12, 32.7, 31.49, 32.7]
['2018-07-26', 31.85, 33.0, 31.54, 31.7]
['2018-07-27', 32.0, 32.4, 30.1, 30.65]
['2018-07-30', 30.25, 31.98, 29.9, 30.12]
['2018-07-31', 30.57, 32.13, 30.34, 30.57]
['2018-08-01', 36.65, 36.65, 30.06, 31.28]
['2018-08-02', 30.99, 34.12, 29.61, 33.5]
['2018-08-03', 32.8, 33.01, 31.5, 31.52]
['2018-08-06', 31.5, 32.16, 31.19, 31.82]
['2018-08-07', 32.69, 32.9, 31.86, 32.11]
['2018-08-08', 31.99, 32.1, 30.96, 30.96]
['2018-08-09', 31.46, 31.51, 30.0, 30.63]
['2018-08-10', 30.62, 31.22, 30.0, 31.05]
['2018-08-13', 30.41, 31.08, 29.42, 30.02]
['2018-08-14', 31.25, 31.6, 30.06, 31.38]
['2018-08-15', 31.99, 31.99, 28.51, 29.34]
['2018-08-16', 29.76, 30.69, 28.35, 30.29]
['2018-08-17', 29.5, 30.15, 28.47, 30.15]
['2018-08-20', 29.05, 29.75, 28.16, 29.5]
['2018-08-21', 30.0, 30.69, 30.0, 30.69]
['2018-08-22', 30.74, 31.07, 30.61, 30.61]
['2018-08-23', 30.81, 31.49, 30.81, 31.38]
['2018-08-24', 31.34, 31.49, 30.55, 31.49]
['2018-08-27', 31.49, 32.38, 31.09, 31.27]
['2018-08-28', 31.89, 32.84, 30.93, 32.84]
['2018-08-29', 32.64, 34.99, 31.56, 33.4]
['2018-08-30', 33.08, 34.99, 32.5, 34.99]
['2018-08-31', 34.8, 34.8, 30.79, 33.99]
['2018-09-04', 32.74, 33.48, 32.5, 33.21]
['2018-09-05', 33.28, 33.48, 32.16, 33.17]
['2018-09-06', 33.29, 33.45, 32.74, 32.74]
['2018-09-07', 32.53, 33.47, 32.53, 33.05]
['2018-09-10', 32.91, 33.98, 32.89, 33.4]
['2018-09-11', 33.06, 33.73, 32.29, 33.13]
['2018-09-12', 33.0, 33.47, 32.5, 32.87]
['2018-09-13', 32.94, 33.18, 32.28, 33.0]
['2018-09-14', 33.24, 33.9, 32.29, 33.03]
['2018-09-17', 33.0, 33.03, 32.5, 32.87]
['2018-09-18', 33.0, 34.93, 32.26, 34.77]
['2018-09-19', 34.87, 35.78, 32.59, 34.0]
['2018-09-20', 34.0, 34.94, 33.86, 34.4]
['2018-09-21', 34.99, 35.47, 33.05, 33.06]
['2018-09-24', 33.0, 33.74, 32.84, 33.63]
['2018-09-25', 34.03, 34.97, 34.03, 34.42]
['2018-09-26', 34.37, 34.91, 33.83, 34.74]
['2018-09-27', 34.0, 34.5, 33.01, 34.47]
['2018-09-28', 34.58, 34.97, 33.92, 34.32]
['2018-10-01', 34.25, 35.44, 34.25, 34.73]
['2018-10-02', 34.92, 34.98, 34.15, 34.89]
['2018-10-03', 35.0, 35.0, 34.07, 35.0]
['2018-10-04', 34.82, 35.14, 33.89, 34.95]
['2018-10-05', 34.96, 34.96, 34.16, 34.8]
['2018-10-08', 34.9, 35.0, 33.39, 34.3]
['2018-10-09', 34.49, 34.94, 33.97, 34.1]
['2018-10-10', 34.02, 34.56, 32.7, 32.76]
['2018-10-11', 32.85, 33.99, 32.85, 33.75]
['2018-10-12', 34.33, 34.99, 32.62, 33.11]
['2018-10-15', 32.47, 32.75, 32.41, 32.51]
['2018-10-16', 32.7, 35.6, 31.83, 34.85]
['2018-10-17', 34.46, 34.96, 33.01, 33.6]
['2018-10-18', 34.0, 34.18, 33.05, 33.1]
['2018-10-19', 33.25, 33.74, 33.05, 33.18]
['2018-10-22', 33.5, 33.98, 32.82, 33.48]
['2018-10-23', 33.0, 34.74, 33.0, 33.41]
['2018-10-24', 33.7, 34.8, 33.0, 34.59]
['2018-10-25', 33.0, 35.0, 31.99, 31.99]
['2018-10-26', 31.83, 32.5, 31.45, 32.25]
['2018-10-29', 32.49, 33.35, 30.44, 31.1]
['2018-10-30', 31.0, 32.99, 30.52, 30.52]
['2018-10-31', 31.91, 33.46, 31.73, 32.2]
['2018-11-01', 32.32, 34.98, 32.32, 33.7]
['2018-11-02', 34.36, 35.0, 33.01, 33.81]
['2018-11-05', 33.85, 35.0, 33.7, 33.7]
['2018-11-06', 33.98, 34.32, 32.62, 33.98]
['2018-11-07', 33.85, 35.0, 28.81, 31.0]
['2018-11-08', 31.62, 33.5, 31.0, 33.5]
['2018-11-09', 31.53, 32.66, 31.53, 32.45]
['2018-11-12', 32.31, 32.98, 30.02, 30.32]
['2018-11-13', 30.69, 31.0, 29.52, 30.77]
['2018-11-14', 31.0, 31.0, 29.7, 29.98]
['2018-11-15', 28.63, 30.6, 26.93, 27.84]
['2018-11-16', 28.02, 28.6, 27.75, 28.0]
['2018-11-19', 27.9, 27.96, 21.91, 26.35]
['2018-11-20', 25.82, 28.8, 25.64, 26.02]
['2018-11-21', 25.44, 29.36, 25.27, 27.9]
['2018-11-23', 27.69, 29.88, 26.49, 29.88]
['2018-11-26', 28.66, 32.01, 28.66, 30.0]
['2018-11-27', 28.52, 31.51, 28.52, 30.31]
['2018-11-28', 28.47, 30.5, 28.47, 30.49]
['2018-11-29', 30.64, 30.93, 30.0, 30.33]
['2018-11-30', 30.79, 30.79, 29.15, 29.22]
['2018-12-03', 29.14, 30.25, 28.39, 29.48]
['2018-12-04', 29.81, 29.89, 28.4, 29.54]
['2018-12-06', 29.08, 29.89, 28.99, 29.5]
['2018-12-07', 28.22, 30.0, 28.22, 29.82]
['2018-12-10', 29.99, 30.04, 29.4, 29.51]
['2018-12-11', 29.49, 29.49, 29.03, 29.4]
['2018-12-12', 30.08, 30.08, 28.16, 29.5]
['2018-12-13', 28.86, 29.01, 27.31, 27.9]
['2018-12-14', 27.33, 27.76, 26.66, 27.2]
['2018-12-17', 27.62, 27.62, 20.31, 24.27]
['2018-12-18', 24.51, 25.24, 22.52, 23.69]
['2018-12-19', 24.47, 24.84, 23.0, 24.19]
['2018-12-20', 23.85, 24.1, 22.22, 23.33]
['2018-12-21', 23.22, 24.07, 22.62, 24.05]
['2018-12-24', 23.7, 25.57, 23.47, 24.22]
['2018-12-26', 24.47, 27.84, 24.42, 27.84]
['2018-12-27', 26.9, 29.35, 26.41, 28.62]
['2018-12-28', 28.76, 32.42, 28.07, 32.04]
['2018-12-31', 32.97, 38.27, 32.95, 36.37]
['2019-01-02', 36.1, 36.54, 33.16, 34.9]
['2019-01-03', 33.98, 34.9, 32.86, 33.6]
['2019-01-04', 33.55, 37.06, 33.42, 35.85]
['2019-01-07', 36.65, 36.65, 33.74, 35.95]
['2019-01-08', 36.83, 36.83, 33.26, 35.5]
['2019-01-09', 36.15, 36.15, 33.25, 34.54]
['2019-01-10', 35.6, 35.82, 34.05, 35.65]
['2019-01-11', 35.0, 35.6, 33.26, 34.34]
['2019-01-14', 33.73, 34.6, 33.55, 33.86]
['2019-01-15', 34.19, 36.49, 33.42, 35.29]
['2019-01-16', 34.78, 36.25, 34.63, 34.63]
['2019-01-17', 36.0, 36.0, 33.3, 33.98]
['2019-01-18', 34.1, 36.59, 33.26, 35.32]
['2019-01-22', 34.78, 36.01, 34.0, 35.02]
['2019-01-23', 34.65, 37.03, 33.96, 35.88]
['2019-01-24', 35.31, 38.0, 33.85, 33.85]
['2019-01-25', 34.5, 36.97, 33.89, 36.11]
['2019-01-28', 36.28, 36.28, 34.17, 34.76]
['2019-01-29', 35.72, 36.01, 33.32, 33.32]
['2019-01-30', 33.34, 34.52, 32.34, 32.8]
['2019-01-31', 33.47, 34.34, 32.49, 32.79]
['2019-02-01', 32.69, 34.34, 32.0, 32.4]
['2019-02-04', 32.45, 33.5, 32.45, 32.63]
['2019-02-05', 34.8, 35.4, 33.3, 34.27]
['2019-02-06', 35.07, 35.23, 33.17, 33.85]
['2019-02-07', 33.56, 35.1, 33.56, 34.03]
['2019-02-08', 34.42, 34.42, 32.64, 33.5]
['2019-02-11', 33.36, 34.5, 33.1, 33.65]
['2019-02-12', 34.08, 34.98, 33.01, 33.6]
['2019-02-13', 33.59, 34.74, 30.81, 32.0]
['2019-02-14', 32.0, 33.59, 31.08, 31.16]
['2019-02-15', 31.66, 34.13, 30.97, 33.18]
['2019-02-19', 33.5, 33.92, 32.12, 32.98]
['2019-02-20', 32.97, 33.56, 32.13, 32.78]
['2019-02-21', 32.05, 33.99, 31.33, 31.97]
['2019-02-22', 32.25, 33.58, 32.0, 32.05]
['2019-02-25', 32.48, 33.49, 30.87, 32.8]
['2019-02-26', 32.94, 34.12, 32.39, 32.9]
['2019-02-27', 33.07, 36.0, 31.5, 34.81]
['2019-02-28', 34.61, 37.68, 34.02, 37.06]
['2019-03-01', 37.2, 38.98, 37.2, 37.95]
['2019-03-04', 38.29, 38.65, 36.21, 38.18]
['2019-03-05', 38.06, 41.38, 37.1, 40.68]
['2019-03-06', 40.51, 41.25, 38.46, 39.95]
['2019-03-07', 39.94, 42.66, 39.55, 42.43]
['2019-03-08', 42.73, 46.56, 42.45, 44.59]
['2019-03-11', 45.32, 49.61, 44.52, 48.61]
['2019-03-12', 48.5, 51.33, 45.93, 47.02]
['2019-03-13', 47.83, 49.39, 47.33, 48.41]
['2019-03-14', 47.6, 49.5, 47.11, 48.62]
['2019-03-15', 48.64, 48.68, 46.35, 47.4]
['2019-03-18', 47.78, 47.81, 46.22, 46.52]
['2019-03-19', 47.49, 47.5, 45.75, 47.08]
['2019-03-20', 46.27, 48.88, 45.1, 46.16]
['2019-03-21', 46.11, 46.11, 44.45, 45.35]
['2019-03-22', 44.43, 45.21, 43.02, 43.69]
['2019-03-25', 43.25, 43.67, 42.26, 43.01]
['2019-03-26', 43.0, 43.0, 39.93, 40.6]
['2019-03-27', 40.0, 41.22, 39.26, 39.74]
['2019-03-28', 39.93, 40.72, 38.55, 39.18]
['2019-03-29', 38.82, 39.79, 36.88, 37.79]
['2019-04-01', 38.03, 38.34, 36.49, 37.25]
['2019-04-02', 37.47, 37.47, 35.94, 37.16]
['2019-04-03', 37.3, 40.98, 37.3, 39.51]
['2019-04-04', 39.36, 40.66, 38.18, 38.88]
['2019-04-05', 39.23, 41.99, 38.8, 41.91]
['2019-04-08', 41.9, 41.9, 39.57, 40.72]
['2019-04-09', 40.71, 44.65, 40.49, 43.77]
['2019-04-10', 43.22, 47.24, 43.22, 47.0]
['2019-04-11', 46.77, 47.45, 45.61, 47.07]
['2019-04-12', 47.67, 49.0, 46.98, 48.59]
['2019-04-15', 48.52, 49.47, 47.78, 49.05]
['2019-04-16', 49.69, 52.0, 48.71, 50.56]
['2019-04-17', 50.75, 51.48, 48.58, 50.58]
['2019-04-18', 50.0, 51.72, 48.58, 50.56]
['2019-04-22', 50.38, 52.1, 48.66, 51.28]
['2019-04-23', 51.0, 51.71, 49.11, 51.61]
['2019-04-24', 51.0, 53.1, 50.75, 51.14]
['2019-04-25', 51.15, 51.63, 47.9, 49.5]
['2019-04-26', 49.24, 50.25, 48.21, 49.93]
['2019-04-29', 50.12, 50.88, 46.52, 46.89]
['2019-04-30', 46.99, 47.18, 45.46, 46.09]
['2019-05-01', 46.05, 47.29, 44.39, 45.24]
['2019-05-02', 45.3, 46.11, 43.94, 43.95]
['2019-05-03', 44.28, 45.47, 44.22, 44.83]
['2019-05-06', 44.43, 45.68, 43.57, 44.61]
['2019-05-07', 44.5, 45.49, 42.12, 42.68]
['2019-05-08', 42.69, 44.17, 42.69, 43.11]
['2019-05-09', 42.7, 44.22, 42.04, 42.48]
['2019-05-10', 42.23, 45.72, 41.77, 42.51]
['2019-05-13', 41.57, 42.85, 40.33, 41.85]
['2019-05-14', 41.85, 42.36, 40.93, 41.39]
['2019-05-15', 41.14, 41.98, 40.7, 41.6]
['2019-05-16', 40.76, 43.34, 40.76, 41.66]
['2019-05-17', 41.61, 42.12, 39.67, 39.85]
['2019-05-20', 39.8, 39.97, 38.18, 38.41]
['2019-05-21', 38.15, 40.48, 38.06, 40.27]
['2019-05-22', 40.14, 40.68, 37.87, 38.05]
['2019-05-23', 37.94, 39.28, 37.17, 39.1]
['2019-05-24', 42.99, 42.99, 33.31, 35.11]
['2019-05-28', 35.34, 37.98, 35.34, 36.54]
['2019-05-29', 36.27, 37.0, 35.24, 36.48]
['2019-05-30', 36.62, 37.36, 36.3, 37.15]
['2019-05-31', 37.02, 37.22, 35.9, 35.99]
['2019-06-03', 35.84, 37.1, 35.61, 36.51]
['2019-06-04', 36.97, 37.47, 36.21, 37.29]
['2019-06-05', 4.25, 4.77, 2.91, 3.06]
['2019-06-06', 3.35, 3.6, 3.05, 3.2]
['2019-06-07', 3.16, 3.99, 3.07, 3.18]
['2019-06-10', 3.31, 3.58, 3.22, 3.28]
['2019-06-11', 3.27, 3.28, 3.03, 3.08]
['2019-06-12', 3.08, 3.31, 3.03, 3.28]
['2019-06-13', 3.38, 3.55, 3.18, 3.36]
['2019-06-14', 3.31, 3.33, 3.13, 3.15]
['2019-06-17', 3.16, 3.34, 3.15, 3.32]
['2019-06-18', 3.37, 3.42, 3.21, 3.27]
['2019-06-19', 3.24, 3.36, 3.18, 3.32]
['2019-06-20', 3.36, 3.37, 3.16, 3.23]
['2019-06-21', 3.25, 3.3, 3.15, 3.22]
['2019-06-24', 3.2, 3.22, 3.11, 3.15]
['2019-06-25', 3.17, 3.17, 3.05, 3.06]
['2019-06-26', 3.05, 3.09, 2.93, 3.06]
['2019-06-27', 3.06, 3.19, 3.03, 3.12]
['2019-06-28', 3.15, 3.24, 3.13, 3.16]
['2019-07-01', 3.25, 3.51, 3.18, 3.43]
['2019-07-02', 3.5, 3.68, 3.3, 3.39]
['2019-07-03', 3.4, 3.43, 3.26, 3.35]
['2019-07-05', 3.36, 3.42, 3.29, 3.32]
['2019-07-08', 3.31, 3.36, 3.26, 3.36]
['2019-07-09', 3.38, 3.52, 3.33, 3.51]
['2019-07-10', 3.51, 3.55, 3.36, 3.41]
['2019-07-11', 3.4, 3.42, 3.26, 3.28]
['2019-07-12', 3.3, 3.34, 3.2, 3.24]
['2019-07-15', 3.28, 3.29, 3.09, 3.16]
['2019-07-16', 3.16, 3.22, 3.09, 3.15]
['2019-07-17', 3.16, 3.22, 3.05, 3.06]
['2019-07-18', 3.09, 3.14, 2.96, 3.14]
['2019-07-19', 3.11, 3.13, 2.8, 3.0]
['2019-07-22', 2.87, 2.98, 2.83, 2.95]
['2019-07-23', 2.93, 2.98, 2.85, 2.89]
['2019-07-24', 2.87, 2.94, 2.81, 2.93]
['2019-07-25', 2.9, 2.92, 2.84, 2.86]
['2019-07-26', 2.86, 2.95, 2.86, 2.92]
['2019-07-29', 2.93, 2.98, 2.86, 2.89]
['2019-07-30', 2.89, 3.02, 2.86, 2.96]
['2019-07-31', 2.95, 3.06, 2.91, 2.98]
['2019-08-01', 2.99, 2.99, 2.84, 2.87]
['2019-08-02', 2.86, 2.89, 2.82, 2.87]
['2019-08-05', 2.86, 2.86, 2.66, 2.77]
['2019-08-06', 2.76, 2.76, 2.66, 2.7]
['2019-08-07', 2.69, 2.82, 2.6, 2.78]
['2019-08-08', 2.78, 2.79, 2.71, 2.75]
['2019-08-09', 2.77, 2.78, 2.67, 2.71]
['2019-08-12', 2.69, 2.73, 2.61, 2.64]
['2019-08-13', 2.6, 2.77, 2.53, 2.66]
['2019-08-14', 2.65, 2.65, 2.54, 2.58]
['2019-08-15', 2.59, 2.62, 2.45, 2.56]
['2019-08-16', 2.58, 2.72, 2.54, 2.63]
['2019-08-19', 2.64, 2.69, 2.6, 2.64]
['2019-08-20', 2.63, 2.68, 2.59, 2.64]
['2019-08-21', 2.64, 2.94, 2.62, 2.84]
['2019-08-22', 2.87, 2.9, 2.69, 2.84]
['2019-08-23', 2.81, 2.88, 2.68, 2.69]
['2019-08-26', 2.69, 2.74, 2.62, 2.68]
['2019-08-27', 2.72, 2.75, 2.62, 2.64]
['2019-08-28', 2.66, 2.88, 2.61, 2.79]
['2019-08-29', 2.77, 2.9, 2.7, 2.87]
['2019-08-30', 2.86, 2.9, 2.76, 2.84]
['2019-09-03', 2.79, 2.91, 2.75, 2.82]
['2019-09-04', 2.87, 2.96, 2.8, 2.87]
['2019-09-05', 2.88, 2.9, 2.76, 2.77]
['2019-09-06', 2.83, 3.02, 2.77, 2.93]
['2019-09-09', 2.95, 2.96, 2.88, 2.93]
['2019-09-10', 2.95, 3.12, 2.9, 3.05]
['2019-09-11', 3.1, 3.19, 3.04, 3.09]
['2019-09-12', 3.09, 3.14, 2.96, 3.02]
['2019-09-13', 3.03, 3.09, 2.95, 3.02]
['2019-09-16', 3.04, 3.12, 3.02, 3.08]
['2019-09-17', 3.08, 3.08, 2.91, 2.91]
['2019-09-18', 2.92, 2.92, 2.77, 2.9]
['2019-09-19', 2.91, 2.92, 2.8, 2.86]
['2019-09-20', 2.86, 2.92, 2.79, 2.9]
['2019-09-23', 2.9, 2.91, 2.8, 2.81]
['2019-09-24', 2.82, 2.85, 2.66, 2.67]
['2019-09-25', 2.67, 2.71, 2.59, 2.67]
['2019-09-26', 2.64, 2.71, 2.54, 2.59]
['2019-09-27', 2.57, 2.68, 2.51, 2.53]
['2019-09-30', 2.52, 2.54, 2.43, 2.47]
['2019-10-01', 2.49, 2.54, 2.35, 2.37]
['2019-10-02', 2.33, 2.39, 2.22, 2.33]
['2019-10-03', 2.32, 2.4, 2.26, 2.37]
['2019-10-04', 2.37, 2.42, 2.32, 2.35]
['2019-10-07', 2.32, 2.4, 2.23, 2.27]
['2019-10-08', 2.27, 2.37, 2.17, 2.31]
['2019-10-09', 2.4, 2.4, 2.26, 2.29]
['2019-10-10', 2.3, 2.36, 2.26, 2.34]
['2019-10-11', 2.35, 2.44, 2.3, 2.32]
['2019-10-14', 2.33, 2.38, 2.25, 2.34]
['2019-10-15', 2.36, 2.58, 2.27, 2.54]
['2019-10-16', 2.52, 2.68, 2.35, 2.37]
['2019-10-17', 2.4, 2.41, 2.3, 2.35]
['2019-10-18', 2.31, 2.34, 2.18, 2.2]
['2019-10-21', 2.21, 2.36, 2.21, 2.34]
['2019-10-22', 2.37, 2.43, 2.27, 2.29]
['2019-10-23', 2.29, 2.43, 2.26, 2.37]
['2019-10-24', 2.36, 2.37, 2.26, 2.28]
['2019-10-25', 2.27, 2.48, 2.25, 2.47]
['2019-10-28', 2.45, 2.64, 2.41, 2.61]
['2019-10-29', 2.57, 2.65, 2.5, 2.57]
['2019-10-30', 2.6, 2.74, 2.57, 2.69]
['2019-10-31', 2.72, 2.85, 2.64, 2.65]
['2019-11-01', 2.66, 2.87, 2.66, 2.81]
['2019-11-04', 2.9, 2.9, 2.73, 2.77]
['2019-11-05', 2.8, 2.8, 2.63, 2.67]
['2019-11-06', 2.71, 2.77, 2.56, 2.59]
['2019-11-07', 3.1, 3.1, 2.57, 2.74]
['2019-11-08', 2.6, 2.84, 2.45, 2.78]
['2019-11-11', 2.74, 2.77, 2.57, 2.63]
['2019-11-12', 2.63, 2.65, 2.52, 2.54]
['2019-11-13', 2.5, 2.51, 2.36, 2.4]
['2019-11-14', 2.39, 2.44, 2.32, 2.35]
['2019-11-15', 2.35, 2.39, 2.26, 2.32]
['2019-11-18', 2.33, 2.38, 2.28, 2.33]
['2019-11-19', 2.37, 2.62, 2.37, 2.58]
['2019-11-20', 2.62, 2.66, 2.43, 2.58]
['2019-11-21', 2.59, 2.81, 2.55, 2.6]
['2019-11-22', 2.58, 2.69, 2.57, 2.61]
['2019-11-25', 2.62, 2.68, 2.61, 2.65]
['2019-11-26', 2.95, 3.38, 2.8, 3.08]
['2019-11-27', 3.08, 3.55, 3.08, 3.47]
['2019-11-29', 3.47, 3.65, 3.35, 3.4]
['2019-12-02', 3.37, 3.58, 3.06, 3.56]
['2019-12-03', 3.58, 3.58, 3.3, 3.4]
['2019-12-04', 3.4, 3.5, 3.32, 3.39]
['2019-12-05', 3.36, 3.45, 3.2, 3.26]
['2019-12-06', 3.26, 3.29, 3.04, 3.16]
['2019-12-09', 3.14, 3.38, 3.14, 3.29]
['2019-12-10', 3.28, 3.38, 3.22, 3.25]
['2019-12-11', 3.25, 3.3, 3.17, 3.17]
['2019-12-12', 3.25, 3.4, 3.17, 3.36]
['2019-12-13', 3.39, 3.7, 3.38, 3.48]
['2019-12-16', 3.54, 3.58, 3.39, 3.57]
['2019-12-17', 3.55, 4.28, 3.5, 4.22]
['2019-12-18', 4.22, 4.32, 3.9, 3.95]
['2019-12-19', 3.91, 4.02, 3.7, 4.01]
['2019-12-20', 3.95, 4.07, 3.86, 3.95]
['2019-12-23', 3.94, 4.05, 3.87, 4.0]
['2019-12-24', 4.0, 4.58, 3.98, 4.32]
['2019-12-26', 4.33, 4.63, 4.33, 4.54]
['2019-12-27', 4.54, 4.67, 4.22, 4.33]
['2019-12-30', 4.28, 4.3, 3.86, 3.93]
['2019-12-31', 3.94, 4.14, 3.9, 3.96]
['2020-01-02', 4.06, 4.06, 3.62, 3.69]
['2020-01-03', 3.56, 3.73, 3.51, 3.65]
['2020-01-06', 3.66, 3.66, 3.49, 3.52]
['2020-01-07', 3.56, 3.85, 3.54, 3.69]
['2020-01-08', 3.7, 4.0, 3.7, 3.81]
['2020-01-09', 3.84, 4.11, 3.84, 4.02]
['2020-01-10', 4.06, 4.27, 3.92, 3.97]
['2020-01-13', 4.04, 4.1, 3.86, 3.94]
['2020-01-14', 3.99, 4.08, 3.9, 4.08]
['2020-01-15', 4.07, 4.18, 4.02, 4.07]
['2020-01-16', 4.11, 4.23, 3.71, 3.72]
['2020-01-17', 3.74, 3.85, 3.48, 3.64]
['2020-01-21', 3.64, 3.65, 3.48, 3.49]
['2020-01-22', 3.49, 3.52, 3.38, 3.41]
['2020-01-23', 3.4, 3.48, 3.23, 3.43]
['2020-01-24', 3.44, 3.44, 3.28, 3.33]
['2020-01-27', 3.3, 3.36, 3.1, 3.31]
['2020-01-28', 3.33, 3.41, 3.18, 3.28]
['2020-01-29', 3.3, 3.55, 3.3, 3.45]
['2020-01-30', 3.41, 3.47, 3.3, 3.31]
['2020-01-31', 3.34, 3.42, 3.21, 3.23]
['2020-02-03', 3.26, 3.51, 3.26, 3.47]
['2020-02-04', 3.46, 3.58, 3.35, 3.4]
['2020-02-05', 3.41, 3.46, 3.31, 3.34]
['2020-02-06', 3.36, 3.4, 3.14, 3.27]
['2020-02-07', 3.25, 3.27, 3.17, 3.21]
['2020-02-10', 3.16, 3.27, 3.1, 3.21]
['2020-02-11', 3.21, 3.28, 3.07, 3.21]
['2020-02-12', 3.21, 3.35, 3.16, 3.33]
['2020-02-13', 3.3, 3.43, 3.25, 3.42]
['2020-02-14', 3.39, 3.45, 3.31, 3.39]
['2020-02-18', 3.39, 4.19, 3.27, 4.19]
['2020-02-19', 4.08, 4.97, 3.95, 4.77]
['2020-02-20', 4.71, 4.98, 4.3, 4.75]
['2020-02-21', 4.66, 4.68, 4.29, 4.55]
['2020-02-24', 4.26, 4.47, 4.17, 4.28]
['2020-02-25', 4.3, 4.75, 4.04, 4.18]
['2020-02-26', 4.5, 4.88, 4.08, 4.85]
['2020-02-27', 4.76, 4.85, 4.35, 4.54]
['2020-02-28', 4.21, 4.6, 4.12, 4.24]
['2020-03-02', 4.33, 6.18, 4.3, 6.08]
['2020-03-03', 5.21, 5.46, 4.4, 4.59]
['2020-03-04', 4.7, 4.76, 4.45, 4.52]
['2020-03-05', 4.51, 4.55, 4.06, 4.16]
['2020-03-06', 4.09, 4.51, 4.0, 4.47]
['2020-03-09', 4.3, 4.39, 3.73, 3.81]
['2020-03-10', 3.98, 3.98, 3.31, 3.74]
['2020-03-11', 3.48, 3.73, 3.18, 3.23]
['2020-03-12', 2.96, 3.06, 2.74, 2.79]
['2020-03-13', 2.99, 3.15, 2.74, 3.1]
['2020-03-16', 2.75, 3.02, 2.59, 2.72]
['2020-03-17', 2.7, 2.95, 2.61, 2.83]
['2020-03-18', 2.65, 2.88, 2.52, 2.65]
['2020-03-19', 2.65, 3.1, 2.61, 2.99]
['2020-03-20', 3.07, 3.56, 2.98, 3.43]
['2020-03-23', 3.47, 3.55, 3.14, 3.45]
['2020-03-24', 3.5, 3.65, 3.17, 3.49]
['2020-03-25', 3.46, 3.66, 3.35, 3.41]
['2020-03-26', 3.38, 3.8, 3.37, 3.6]
['2020-03-27', 3.52, 3.63, 3.46, 3.6]
['2020-03-30', 3.65, 3.72, 3.5, 3.53]
['2020-03-31', 3.7, 3.95, 3.65, 3.82]
['2020-04-01', 6.54, 6.97, 5.13, 5.73]
['2020-04-02', 5.23, 5.27, 4.51, 4.71]
['2020-04-03', 4.49, 5.75, 4.21, 5.66]
['2020-04-06', 5.62, 5.62, 5.13, 5.36]
['2020-04-07', 5.16, 5.25, 4.82, 4.91]
['2020-04-08', 4.91, 5.44, 4.8, 5.21]
['2020-04-09', 5.2, 5.25, 4.91, 5.05]
['2020-04-13', 5.09, 5.15, 4.76, 5.03]
['2020-04-14', 4.97, 5.22, 4.82, 5.12]
['2020-04-15', 4.96, 5.37, 4.91, 5.25]
['2020-04-16', 5.39, 5.63, 5.24, 5.42]
['2020-04-17', 5.3, 5.38, 5.14, 5.2]
['2020-04-20', 5.18, 5.36, 5.05, 5.15]
['2020-04-21', 5.07, 5.2, 4.88, 5.09]
['2020-04-22', 5.0, 5.2, 4.9, 5.17]
['2020-04-23', 5.2, 5.44, 5.1, 5.3]
['2020-04-24', 5.24, 5.85, 5.2, 5.84]
['2020-04-27', 6.15, 6.98, 6.0, 6.3]
['2020-04-28', 6.36, 6.38, 5.68, 5.8]
['2020-04-29', 6.0, 6.13, 5.41, 5.42]
['2020-04-30', 5.94, 7.37, 5.69, 7.07]
['2020-05-01', 6.95, 7.17, 6.42, 6.99]
['2020-05-04', 6.79, 7.04, 6.54, 6.82]
['2020-05-05', 6.93, 7.3, 6.37, 6.79]
['2020-05-06', 6.76, 7.45, 6.73, 7.24]
['2020-05-07', 7.5, 7.62, 7.01, 7.13]
['2020-05-08', 7.12, 7.52, 7.11, 7.33]
['2020-05-11', 7.31, 8.12, 7.23, 7.96]
['2020-05-12', 8.23, 8.28, 7.71, 8.0]
['2020-05-13', 8.03, 8.04, 6.91, 7.37]
['2020-05-14', 7.26, 7.63, 7.08, 7.29]
['2020-05-15', 7.2, 7.67, 7.0, 7.5]
