['2019-02-28', 12.8, 14.5, 12.7, 14.49]
['2019-03-01', 14.14, 15.52, 14.14, 14.77]
['2019-03-04', 14.84, 15.52, 14.8, 15.0]
['2019-03-05', 15.0, 15.09, 14.03, 14.26]
['2019-03-06', 14.2, 14.5, 12.85, 13.3]
['2019-03-07', 13.2, 13.47, 12.61, 12.71]
['2019-03-08', 12.71, 13.0, 12.5, 12.83]
['2019-03-11', 12.75, 13.88, 12.67, 13.5]
['2019-03-12', 15.2, 15.2, 13.01, 13.43]
['2019-03-13', 13.4, 13.9, 13.07, 13.55]
['2019-03-14', 13.49, 13.9, 13.07, 13.51]
['2019-03-15', 13.41, 13.73, 13.09, 13.5]
['2019-03-18', 13.56, 13.62, 12.55, 13.2]
['2019-03-19', 13.45, 13.76, 13.05, 13.5]
['2019-03-20', 13.36, 14.28, 13.36, 13.75]
['2019-03-21', 13.55, 13.65, 13.34, 13.52]
['2019-03-22', 13.31, 14.21, 13.31, 13.8]
['2019-03-25', 14.3, 14.3, 13.5, 13.56]
['2019-03-26', 13.65, 14.36, 13.19, 13.89]
['2019-03-27', 13.94, 14.71, 13.8, 14.48]
['2019-03-28', 14.41, 14.59, 13.84, 14.01]
['2019-03-29', 13.99, 14.61, 13.96, 14.5]
['2019-04-01', 14.52, 14.52, 13.8, 14.0]
['2019-04-02', 14.1, 14.34, 13.93, 13.95]
['2019-04-03', 13.91, 14.53, 13.66, 13.93]
['2019-04-04', 13.94, 14.0, 13.63, 13.86]
['2019-04-05', 13.86, 14.39, 13.5, 14.15]
['2019-04-08', 14.04, 15.0, 13.93, 15.0]
['2019-04-09', 14.95, 14.95, 14.33, 14.51]
['2019-04-10', 14.27, 14.75, 13.38, 13.55]
['2019-04-11', 14.01, 14.6, 13.45, 14.21]
['2019-04-12', 14.3, 14.5, 13.3, 14.27]
['2019-04-15', 14.3, 15.0, 14.07, 14.91]
['2019-04-16', 14.78, 14.85, 13.85, 14.17]
['2019-04-17', 14.24, 14.9, 14.1, 14.83]
['2019-04-18', 14.75, 15.96, 14.5, 14.78]
['2019-04-22', 14.7, 15.59, 14.52, 15.1]
['2019-04-23', 15.25, 16.0, 14.74, 14.95]
['2019-04-24', 15.12, 15.31, 14.6, 15.02]
['2019-04-25', 14.87, 15.24, 14.82, 14.94]
['2019-04-26', 14.94, 15.13, 13.83, 14.1]
['2019-04-29', 14.65, 14.68, 14.05, 14.51]
['2019-04-30', 14.47, 14.76, 14.21, 14.36]
['2019-05-01', 14.48, 14.66, 14.17, 14.57]
['2019-05-02', 14.07, 14.79, 14.07, 14.3]
['2019-05-03', 14.39, 14.67, 14.04, 14.45]
['2019-05-06', 14.08, 14.94, 14.08, 14.52]
['2019-05-07', 14.55, 15.1, 14.42, 14.53]
['2019-05-08', 14.54, 15.1, 14.54, 15.0]
['2019-05-09', 14.66, 15.08, 14.18, 14.55]
['2019-05-10', 14.58, 15.1, 14.25, 15.1]
['2019-05-13', 14.68, 15.1, 13.57, 14.94]
['2019-05-14', 14.71, 15.73, 14.71, 15.2]
['2019-05-15', 15.07, 15.26, 14.36, 14.7]
['2019-05-16', 14.53, 14.8, 14.26, 14.59]
['2019-05-17', 14.44, 14.83, 14.17, 14.82]
['2019-05-20', 14.81, 18.55, 14.53, 18.1]
['2019-05-21', 18.48, 19.0, 16.37, 17.05]
['2019-05-22', 17.0, 17.47, 15.75, 17.47]
['2019-05-23', 17.45, 17.45, 16.25, 16.76]
['2019-05-24', 16.79, 17.82, 16.09, 17.59]
['2019-05-28', 17.85, 17.85, 15.7, 16.29]
['2019-05-29', 16.21, 16.98, 15.31, 15.87]
['2019-05-30', 15.91, 15.97, 14.25, 15.13]
['2019-05-31', 15.96, 15.96, 14.89, 15.68]
['2019-06-03', 15.69, 16.25, 15.2, 15.96]
['2019-06-04', 16.15, 16.66, 15.34, 16.15]
['2019-06-05', 16.25, 16.25, 13.87, 13.87]
['2019-06-06', 13.95, 14.98, 13.65, 14.98]
['2019-06-07', 14.95, 15.5, 14.64, 14.7]
['2019-06-10', 14.78, 15.1, 14.25, 14.25]
['2019-06-11', 14.4, 14.77, 13.58, 14.0]
['2019-06-12', 13.88, 16.0, 13.71, 14.08]
['2019-06-13', 14.78, 14.82, 13.47, 14.46]
['2019-06-14', 13.73, 14.69, 13.73, 14.26]
['2019-06-17', 14.99, 14.99, 13.59, 13.83]
['2019-06-18', 13.95, 14.99, 13.95, 14.24]
['2019-06-19', 14.47, 14.6, 13.03, 13.05]
['2019-06-20', 12.75, 13.74, 12.3, 13.09]
['2019-06-21', 13.23, 13.34, 12.78, 12.95]
['2019-06-24', 13.05, 13.19, 12.02, 12.33]
['2019-06-25', 12.42, 13.77, 12.35, 12.64]
['2019-06-26', 12.9, 13.31, 11.34, 11.52]
['2019-06-27', 11.57, 12.42, 11.05, 11.25]
['2019-06-28', 11.25, 12.0, 10.88, 11.6]
['2019-07-01', 11.69, 12.46, 11.2, 11.3]
['2019-07-02', 11.34, 11.42, 10.08, 10.5]
['2019-07-03', 10.32, 10.32, 9.23, 9.4]
['2019-07-05', 9.43, 10.17, 8.48, 9.08]
['2019-07-08', 9.07, 9.79, 8.6, 9.43]
['2019-07-09', 9.38, 9.69, 8.69, 9.25]
['2019-07-10', 9.29, 9.85, 9.05, 9.36]
['2019-07-11', 9.32, 9.72, 9.16, 9.22]
['2019-07-12', 9.16, 9.45, 8.58, 8.87]
['2019-07-15', 8.94, 9.06, 8.5, 8.67]
['2019-07-16', 8.6, 9.12, 7.8, 8.25]
['2019-07-17', 8.26, 9.38, 8.07, 9.11]
['2019-07-18', 9.12, 9.61, 8.31, 8.69]
['2019-07-19', 8.68, 9.23, 8.0, 8.31]
['2019-07-22', 8.26, 8.64, 7.57, 7.71]
['2019-07-23', 7.77, 7.78, 7.41, 7.53]
['2019-07-24', 7.49, 7.5, 7.28, 7.37]
['2019-07-25', 7.35, 7.46, 7.07, 7.25]
['2019-07-26', 7.22, 7.89, 7.06, 7.49]
['2019-07-29', 7.47, 8.34, 7.28, 7.32]
['2019-07-30', 7.28, 7.72, 7.28, 7.45]
['2019-07-31', 7.52, 7.85, 7.36, 7.67]
['2019-08-01', 7.62, 7.9, 7.53, 7.53]
['2019-08-02', 7.5, 7.6, 7.01, 7.21]
['2019-08-05', 7.13, 7.46, 6.29, 6.74]
['2019-08-06', 6.7, 7.51, 6.23, 7.5]
['2019-08-07', 7.43, 7.86, 7.0, 7.69]
['2019-08-08', 7.7, 10.36, 6.97, 8.42]
['2019-08-09', 9.9, 10.25, 8.5, 8.75]
['2019-08-12', 9.2, 9.75, 8.95, 9.2]
['2019-08-13', 9.3, 10.0, 8.5, 8.89]
['2019-08-14', 8.81, 9.38, 8.57, 8.58]
['2019-08-15', 8.57, 9.0, 8.3, 8.37]
['2019-08-16', 8.5, 8.8, 8.5, 8.64]
['2019-08-19', 9.08, 9.8, 8.9, 8.95]
['2019-08-20', 9.15, 9.91, 8.91, 9.07]
['2019-08-21', 9.1, 9.8, 9.0, 9.15]
['2019-08-22', 9.28, 9.55, 9.0, 9.0]
['2019-08-23', 9.0, 9.28, 8.91, 9.01]
['2019-08-26', 9.45, 9.45, 9.03, 9.23]
['2019-08-27', 9.0, 10.0, 8.91, 9.09]
['2019-08-28', 9.03, 9.55, 8.9, 9.39]
['2019-08-29', 9.38, 9.58, 9.05, 9.5]
['2019-08-30', 9.44, 9.54, 9.09, 9.36]
['2019-09-03', 9.61, 9.61, 9.1, 9.2]
['2019-09-04', 9.27, 9.4, 8.65, 8.71]
['2019-09-05', 8.79, 9.21, 8.72, 8.87]
['2019-09-06', 9.0, 9.2, 8.75, 8.94]
['2019-09-09', 9.15, 9.29, 8.85, 8.91]
['2019-09-10', 8.97, 9.0, 8.8, 8.95]
['2019-09-11', 9.0, 9.5, 8.91, 9.31]
['2019-09-12', 9.23, 9.43, 9.05, 9.3]
['2019-09-13', 9.26, 9.26, 9.12, 9.16]
['2019-09-16', 9.2, 9.43, 9.16, 9.33]
['2019-09-17', 9.32, 9.38, 8.92, 9.02]
['2019-09-18', 8.96, 9.8, 8.81, 9.52]
['2019-09-19', 9.34, 9.81, 9.0, 9.52]
['2019-09-20', 9.51, 9.97, 9.35, 9.52]
['2019-09-23', 9.59, 9.59, 8.8, 8.92]
['2019-09-24', 9.0, 9.18, 8.37, 8.61]
['2019-09-25', 8.58, 8.85, 8.4, 8.47]
['2019-09-26', 8.46, 8.54, 7.85, 7.9]
['2019-09-27', 7.9, 8.06, 7.12, 7.4]
['2019-09-30', 7.35, 7.85, 7.35, 7.53]
['2019-10-01', 7.51, 7.81, 7.36, 7.44]
['2019-10-02', 7.39, 7.57, 6.65, 7.2]
['2019-10-03', 7.19, 7.27, 6.81, 6.97]
['2019-10-04', 7.0, 7.25, 6.9, 7.1]
['2019-10-07', 7.25, 8.06, 7.25, 7.41]
['2019-10-08', 7.34, 7.34, 6.82, 6.99]
['2019-10-09', 7.08, 7.08, 6.29, 6.68]
['2019-10-10', 6.68, 6.92, 6.64, 6.78]
['2019-10-11', 6.86, 7.31, 6.4, 6.46]
['2019-10-14', 6.5, 7.77, 5.44, 5.58]
['2019-10-15', 5.75, 5.75, 5.36, 5.51]
['2019-10-16', 5.5, 5.74, 5.0, 5.27]
['2019-10-17', 5.29, 5.61, 4.8, 5.45]
['2019-10-18', 5.4, 5.45, 4.82, 5.05]
['2019-10-21', 5.06, 5.49, 5.06, 5.27]
['2019-10-22', 5.3, 5.46, 4.9, 5.25]
['2019-10-23', 5.25, 5.8, 5.25, 5.76]
['2019-10-24', 5.85, 6.17, 5.7, 5.96]
['2019-10-25', 5.95, 6.13, 5.82, 5.97]
['2019-10-28', 6.15, 6.71, 6.0, 6.14]
['2019-10-29', 6.12, 6.49, 6.06, 6.28]
['2019-10-30', 6.3, 6.71, 6.29, 6.61]
['2019-10-31', 6.67, 6.96, 5.32, 5.86]
['2019-11-01', 5.92, 6.32, 5.75, 6.07]
['2019-11-04', 6.12, 6.79, 6.12, 6.2]
['2019-11-05', 6.2, 6.59, 6.16, 6.27]
['2019-11-06', 6.28, 6.53, 5.91, 6.01]
['2019-11-07', 6.0, 6.57, 5.98, 6.29]
['2019-11-08', 6.55, 6.9, 6.46, 6.75]
['2019-11-11', 6.84, 7.19, 6.01, 6.19]
['2019-11-12', 6.18, 6.61, 6.0, 6.11]
['2019-11-13', 6.05, 6.4, 5.95, 6.11]
['2019-11-14', 6.15, 6.75, 5.96, 6.5]
['2019-11-15', 6.64, 8.17, 6.39, 6.56]
['2019-11-18', 6.72, 7.14, 6.72, 6.99]
['2019-11-19', 7.19, 7.85, 7.0, 7.44]
['2019-11-20', 7.47, 8.0, 7.1, 7.36]
['2019-11-21', 7.4, 7.44, 7.0, 7.33]
['2019-11-22', 7.29, 7.59, 7.05, 7.44]
['2019-11-25', 7.5, 9.4, 7.5, 8.37]
['2019-11-26', 8.4, 8.46, 8.11, 8.37]
['2019-11-27', 8.4, 8.72, 8.01, 8.23]
['2019-11-29', 8.34, 8.85, 8.25, 8.71]
['2019-12-02', 8.85, 9.19, 8.23, 8.87]
['2019-12-03', 8.67, 9.12, 8.27, 8.39]
['2019-12-04', 8.37, 8.37, 7.11, 7.3]
['2019-12-05', 7.12, 7.36, 6.34, 6.42]
['2019-12-06', 6.45, 6.84, 5.3, 5.36]
['2019-12-09', 6.05, 6.1, 5.2, 5.23]
['2019-12-10', 5.28, 5.68, 5.11, 5.24]
['2019-12-11', 5.31, 5.55, 4.97, 5.15]
['2019-12-12', 5.21, 6.07, 5.21, 5.93]
['2019-12-13', 6.0, 6.68, 5.82, 5.94]
['2019-12-16', 6.09, 6.28, 5.5, 5.54]
['2019-12-17', 5.63, 5.98, 5.51, 5.85]
['2019-12-18', 5.9, 5.9, 5.32, 5.38]
['2019-12-19', 5.39, 5.74, 5.36, 5.41]
['2019-12-20', 5.41, 5.75, 5.11, 5.38]
['2019-12-23', 5.38, 6.13, 5.2, 5.92]
['2019-12-24', 5.9, 6.05, 5.51, 5.62]
['2019-12-26', 5.75, 6.22, 5.69, 5.79]
['2019-12-27', 5.85, 6.37, 5.52, 5.52]
['2019-12-30', 5.53, 5.6, 5.08, 5.18]
['2019-12-31', 5.15, 5.4, 4.61, 5.02]
['2020-01-02', 5.02, 5.3, 5.0, 5.2]
['2020-01-03', 5.12, 5.6, 5.11, 5.44]
['2020-01-06', 5.5, 5.75, 5.46, 5.61]
['2020-01-07', 5.61, 5.9, 5.42, 5.8]
['2020-01-08', 5.74, 6.28, 5.71, 6.12]
['2020-01-09', 6.16, 6.3, 5.28, 5.42]
['2020-01-10', 5.42, 5.73, 5.15, 5.28]
['2020-01-13', 5.35, 5.44, 4.88, 5.11]
['2020-01-14', 5.04, 5.5, 4.99, 5.14]
['2020-01-15', 5.18, 5.34, 4.9, 4.95]
['2020-01-16', 4.97, 5.25, 4.97, 5.1]
['2020-01-17', 5.13, 5.24, 4.9, 4.92]
['2020-01-21', 5.0, 5.67, 5.0, 5.49]
['2020-01-22', 5.58, 5.8, 5.53, 5.74]
['2020-01-23', 6.65, 7.96, 6.16, 7.7]
['2020-01-24', 7.99, 7.99, 7.2, 7.61]
['2020-01-27', 7.8, 9.3, 7.77, 9.2]
['2020-01-28', 9.16, 9.44, 8.06, 8.31]
['2020-01-29', 8.51, 9.82, 8.38, 9.31]
['2020-01-30', 9.33, 9.33, 8.57, 8.66]
['2020-01-31', 8.59, 8.92, 8.32, 8.58]
['2020-02-03', 8.7, 9.5, 8.65, 9.29]
['2020-02-04', 9.29, 9.49, 9.07, 9.34]
['2020-02-05', 9.43, 9.8, 9.08, 9.2]
['2020-02-06', 9.23, 9.53, 9.02, 9.14]
['2020-02-07', 9.18, 9.38, 8.2, 8.94]
['2020-02-10', 9.0, 10.0, 9.0, 9.49]
['2020-02-11', 9.48, 9.48, 7.8, 8.1]
['2020-02-12', 8.12, 8.2, 7.37, 7.53]
['2020-02-13', 7.5, 7.68, 6.62, 6.93]
['2020-02-14', 6.92, 6.97, 6.66, 6.68]
['2020-02-18', 6.75, 7.15, 6.72, 6.87]
['2020-02-19', 6.9, 7.93, 6.81, 7.27]
['2020-02-20', 7.32, 7.85, 7.02, 7.12]
['2020-02-21', 7.14, 7.38, 6.81, 7.15]
['2020-02-24', 7.09, 7.09, 6.7, 6.92]
['2020-02-25', 6.92, 7.2, 6.51, 6.72]
['2020-02-26', 6.63, 7.04, 6.54, 6.58]
['2020-02-27', 6.5, 6.67, 6.03, 6.05]
['2020-02-28', 5.89, 6.05, 5.66, 5.97]
['2020-03-02', 6.0, 7.29, 5.75, 6.82]
['2020-03-03', 6.94, 7.28, 6.23, 6.6]
['2020-03-04', 6.74, 7.23, 6.36, 6.92]
['2020-03-05', 6.81, 6.82, 6.41, 6.46]
['2020-03-06', 6.12, 6.66, 5.99, 6.63]
['2020-03-09', 6.26, 6.35, 5.93, 5.97]
['2020-03-10', 6.3, 6.31, 5.26, 5.65]
['2020-03-11', 5.54, 5.69, 5.11, 5.54]
['2020-03-12', 5.04, 5.19, 4.1, 4.31]
['2020-03-13', 4.27, 4.76, 2.82, 3.94]
['2020-03-16', 3.75, 4.46, 3.61, 3.62]
['2020-03-17', 3.6, 4.24, 3.51, 4.15]
['2020-03-18', 3.95, 5.39, 3.74, 4.48]
['2020-03-19', 4.6, 6.24, 4.57, 4.99]
['2020-03-20', 5.02, 5.87, 4.9, 5.86]
['2020-03-23', 5.86, 6.25, 5.8, 6.12]
['2020-03-24', 6.23, 6.44, 5.5, 6.18]
['2020-03-25', 5.27, 6.03, 5.26, 5.66]
['2020-03-26', 5.68, 6.05, 5.4, 6.0]
['2020-03-27', 5.88, 6.14, 5.52, 6.05]
['2020-03-30', 6.13, 6.99, 5.59, 6.5]
['2020-03-31', 6.67, 7.0, 5.93, 6.15]
['2020-04-01', 6.0, 6.0, 5.11, 5.21]
['2020-04-02', 5.13, 5.5, 4.58, 5.35]
['2020-04-03', 5.0, 5.19, 4.55, 4.62]
['2020-04-06', 4.89, 5.54, 4.86, 5.54]
['2020-04-07', 5.92, 6.0, 5.06, 5.22]
['2020-04-08', 5.41, 5.45, 5.18, 5.29]
['2020-04-09', 5.41, 5.93, 5.16, 5.51]
['2020-04-13', 5.53, 6.17, 5.25, 6.0]
['2020-04-14', 6.16, 6.5, 6.05, 6.31]
['2020-04-15', 6.31, 6.5, 5.75, 6.0]
['2020-04-16', 6.16, 6.42, 5.78, 6.42]
['2020-04-17', 6.52, 7.09, 6.26, 6.47]
['2020-04-20', 6.91, 7.19, 6.56, 6.72]
['2020-04-21', 6.87, 7.29, 6.2, 6.29]
['2020-04-22', 6.29, 7.0, 6.28, 6.8]
['2020-04-23', 6.8, 6.99, 6.23, 6.51]
['2020-04-24', 6.56, 6.75, 6.31, 6.5]
['2020-04-27', 6.83, 7.14, 6.4, 6.59]
['2020-04-28', 6.91, 6.99, 6.42, 6.75]
['2020-04-29', 6.9, 7.44, 6.79, 7.19]
['2020-04-30', 7.32, 7.32, 6.45, 6.51]
['2020-05-01', 6.5, 6.89, 5.81, 6.25]
['2020-05-04', 6.3, 7.0, 5.88, 6.68]
['2020-05-05', 6.8, 6.95, 6.34, 6.46]
['2020-05-06', 6.49, 7.1, 6.34, 6.77]
['2020-05-07', 6.73, 7.21, 6.15, 6.36]
['2020-05-08', 6.51, 6.7, 6.28, 6.38]
['2020-05-11', 6.42, 6.77, 6.35, 6.65]
['2020-05-12', 6.83, 6.85, 6.51, 6.6]
['2020-05-13', 6.59, 7.1, 6.28, 6.42]
['2020-05-14', 6.3, 6.34, 5.61, 5.8]
['2020-05-15', 5.83, 6.56, 5.81, 6.5]
['2020-05-18', 6.81, 6.81, 6.15, 6.38]
['2020-05-19', 6.47, 6.66, 6.35, 6.45]
['2020-05-20', 6.57, 6.62, 6.15, 6.57]
['2020-05-21', 6.16, 6.38, 6.05, 6.36]
['2020-05-22', 6.28, 6.7, 6.28, 6.61]
