['2020-04-08', 20.85, 22.84, 19.1, 20.08]
['2020-04-09', 20.1, 23.19, 20.1, 21.57]
['2020-04-13', 22.02, 25.85, 22.0, 23.23]
['2020-04-14', 23.68, 27.49, 23.68, 27.49]
['2020-04-15', 26.98, 27.66, 25.11, 27.18]
['2020-04-16', 26.96, 27.59, 26.66, 27.12]
['2020-04-17', 27.26, 28.6, 24.5, 26.7]
['2020-04-20', 26.98, 28.05, 25.56, 28.0]
['2020-04-21', 27.9, 30.66, 27.05, 27.06]
['2020-04-22', 27.5, 30.25, 27.5, 28.58]
['2020-04-23', 28.29, 29.47, 27.81, 29.47]
['2020-04-24', 29.38, 30.89, 29.0, 30.59]
['2020-04-27', 30.6, 31.3, 30.02, 30.4]
['2020-04-28', 30.5, 31.09, 30.4, 30.9]
['2020-04-29', 31.0, 31.5, 27.73, 29.97]
['2020-04-30', 29.47, 30.08, 28.05, 29.55]
['2020-05-01', 29.25, 29.47, 28.19, 28.8]
['2020-05-04', 28.9, 30.43, 28.6, 29.02]
['2020-05-05', 29.5, 30.42, 28.26, 28.8]
['2020-05-06', 28.8, 29.2, 25.65, 27.86]
['2020-05-07', 27.98, 29.46, 26.31, 26.85]
['2020-05-08', 28.01, 28.5, 27.0, 27.39]
['2020-05-11', 27.73, 28.0, 26.21, 27.28]
['2020-05-12', 27.37, 32.75, 27.37, 29.65]
['2020-05-13', 29.5, 31.59, 27.5, 28.75]
['2020-05-14', 28.25, 29.18, 27.16, 28.18]
['2020-05-15', 27.8, 29.87, 27.8, 28.6]
['2020-05-18', 29.0, 30.71, 28.35, 28.35]
['2020-05-19', 28.54, 29.99, 26.26, 27.41]
['2020-05-20', 28.05, 28.79, 25.6, 27.65]
['2020-05-21', 27.52, 28.0, 26.65, 27.32]
['2020-05-22', 26.42, 27.63, 26.33, 27.31]
['2020-05-26', 27.5, 27.5, 26.07, 26.76]
['2020-05-27', 27.0, 31.0, 26.49, 28.42]
['2020-05-28', 28.5, 28.73, 27.02, 28.0]
['2020-05-29', 27.82, 30.0, 25.84, 28.74]
