['2014-11-04', 49.76, 49.76, 44.98, 45.15]
['2014-11-05', 46.88, 50.14, 44.98, 48.76]
['2014-11-06', 48.52, 48.91, 45.93, 47.85]
['2014-11-07', 47.94, 48.43, 47.27, 47.39]
['2014-11-10', 47.17, 47.67, 44.56, 44.72]
['2014-11-11', 44.27, 44.74, 42.87, 43.72]
['2014-11-12', 42.71, 45.44, 42.71, 45.12]
['2014-11-13', 44.33, 46.89, 44.12, 46.43]
['2014-11-14', 46.54, 46.97, 45.44, 45.92]
['2014-11-17', 46.08, 47.0, 45.94, 46.58]
['2014-11-18', 45.94, 47.26, 45.93, 46.79]
['2014-11-19', 47.78, 48.66, 46.74, 48.54]
['2014-11-20', 48.1, 49.67, 48.1, 48.98]
['2014-11-21', 48.62, 49.87, 48.62, 49.38]
['2014-11-24', 48.98, 50.73, 48.98, 50.64]
['2014-11-25', 50.98, 51.84, 50.08, 51.58]
['2014-11-26', 52.12, 52.33, 51.54, 52.01]
['2014-11-28', 52.54, 52.84, 52.04, 52.48]
['2014-12-01', 52.87, 52.97, 51.63, 51.69]
['2014-12-02', 52.15, 52.16, 51.38, 51.92]
['2014-12-03', 51.46, 52.16, 51.23, 51.26]
['2014-12-04', 51.0, 51.8, 50.92, 51.69]
['2014-12-05', 52.15, 52.57, 51.61, 52.11]
['2014-12-08', 52.13, 52.27, 51.57, 52.04]
['2014-12-09', 51.2, 52.31, 50.73, 51.95]
['2014-12-10', 51.55, 52.6, 51.55, 51.73]
['2014-12-11', 52.0, 52.11, 49.61, 50.65]
['2014-12-12', 50.19, 50.74, 49.02, 49.07]
['2014-12-15', 48.58, 49.51, 47.86, 48.27]
['2014-12-16', 47.28, 48.06, 47.28, 47.75]
['2014-12-17', 47.66, 48.28, 47.66, 48.05]
['2014-12-18', 48.31, 48.71, 48.12, 48.29]
['2014-12-19', 48.34, 49.51, 48.27, 49.31]
['2014-12-22', 49.43, 50.79, 49.31, 50.68]
['2014-12-23', 50.88, 51.44, 50.7, 51.25]
['2014-12-24', 51.21, 51.27, 50.88, 50.88]
['2014-12-26', 50.84, 50.89, 50.55, 50.81]
['2014-12-29', 50.65, 50.65, 49.78, 50.37]
['2014-12-30', 50.1, 50.69, 49.67, 50.59]
['2014-12-31', 49.18, 50.66, 49.18, 50.09]
['2015-01-02', 50.0, 50.0, 49.5, 49.8]
['2015-01-05', 49.55, 49.55, 48.64, 48.81]
['2015-01-06', 48.81, 48.81, 47.08, 47.53]
['2015-01-07', 47.68, 48.35, 47.36, 47.68]
['2015-01-08', 47.91, 49.75, 47.91, 49.29]
['2015-01-09', 49.14, 49.89, 48.22, 48.89]
['2015-01-12', 48.89, 49.17, 48.51, 48.99]
['2015-01-13', 49.22, 50.19, 49.06, 49.85]
['2015-01-14', 49.14, 49.42, 47.64, 48.13]
['2015-01-15', 48.22, 49.11, 47.71, 49.06]
['2015-01-16', 48.88, 49.27, 48.44, 48.98]
['2015-01-20', 49.04, 49.57, 47.24, 47.47]
['2015-01-21', 47.3, 47.64, 46.8, 47.13]
['2015-01-22', 47.16, 47.75, 46.85, 47.56]
['2015-01-23', 47.6, 47.6, 46.9, 47.09]
['2015-01-26', 47.09, 47.47, 46.9, 47.25]
['2015-01-27', 46.79, 47.11, 46.67, 47.11]
['2015-01-28', 47.56, 47.56, 45.4, 45.61]
['2015-01-29', 45.68, 45.7, 45.03, 45.12]
['2015-01-30', 45.0, 45.11, 44.32, 44.47]
['2015-02-02', 44.5, 45.26, 44.08, 45.24]
['2015-02-03', 45.24, 47.15, 45.24, 47.03]
['2015-02-04', 46.68, 49.88, 46.68, 48.62]
['2015-02-05', 49.01, 51.41, 49.01, 51.0]
['2015-02-06', 51.19, 51.19, 49.9, 50.05]
['2015-02-09', 49.97, 50.35, 49.41, 49.59]
['2015-02-10', 49.92, 50.02, 49.14, 49.93]
['2015-02-11', 50.0, 50.19, 49.01, 49.37]
['2015-02-12', 49.51, 50.26, 48.77, 50.21]
['2015-02-13', 50.14, 50.41, 49.19, 49.95]
['2015-02-17', 49.78, 50.63, 49.59, 50.63]
['2015-02-18', 50.42, 50.84, 49.82, 50.5]
['2015-02-19', 50.5, 50.65, 50.13, 50.48]
['2015-02-20', 50.95, 50.95, 49.8, 50.61]
['2015-02-23', 50.32, 50.97, 50.32, 50.91]
['2015-02-24', 51.0, 51.5, 50.99, 51.27]
['2015-02-25', 51.33, 52.63, 51.33, 52.52]
['2015-02-26', 52.2, 52.77, 51.86, 52.05]
['2015-02-27', 52.13, 52.56, 51.63, 51.86]
['2015-03-02', 52.07, 52.99, 51.82, 52.85]
['2015-03-03', 52.6, 53.79, 52.6, 53.69]
['2015-03-04', 53.63, 53.63, 52.74, 52.9]
['2015-03-05', 53.0, 53.04, 52.5, 52.79]
['2015-03-06', 52.29, 52.9, 51.8, 52.17]
['2015-03-09', 51.93, 53.81, 51.93, 53.76]
['2015-03-10', 53.4, 53.4, 52.55, 52.69]
['2015-03-11', 52.82, 53.03, 52.41, 52.94]
['2015-03-12', 53.0, 56.13, 53.0, 55.54]
['2015-03-13', 55.59, 55.94, 55.15, 55.27]
['2015-03-16', 55.32, 55.84, 54.92, 55.36]
['2015-03-17', 55.06, 55.06, 54.4, 54.67]
['2015-03-18', 54.62, 54.85, 54.41, 54.56]
['2015-03-19', 54.25, 54.5, 53.7, 54.26]
['2015-03-20', 54.51, 54.7, 53.93, 54.15]
['2015-03-23', 54.0, 54.26, 53.64, 53.91]
['2015-03-24', 53.7, 54.9, 53.38, 54.75]
['2015-03-25', 54.6, 54.6, 53.56, 53.8]
['2015-03-26', 53.69, 53.69, 52.67, 53.27]
['2015-03-27', 53.26, 54.0, 53.15, 53.97]
['2015-03-30', 53.96, 54.48, 53.66, 53.7]
['2015-03-31', 56.26, 58.13, 56.23, 56.48]
['2015-04-01', 56.48, 56.6, 54.9, 55.6]
['2015-04-02', 55.24, 55.85, 55.24, 55.84]
['2015-04-06', 55.67, 56.14, 55.62, 55.85]
['2015-04-07', 56.07, 56.24, 55.56, 55.75]
['2015-04-08', 55.75, 56.05, 55.3, 55.79]
['2015-04-09', 56.0, 56.22, 55.82, 55.93]
['2015-04-10', 55.52, 56.24, 55.52, 56.03]
['2015-04-13', 56.05, 56.13, 55.59, 55.72]
['2015-04-14', 55.58, 55.97, 55.41, 55.55]
['2015-04-15', 55.77, 56.2, 55.45, 55.51]
['2015-04-16', 55.29, 55.73, 55.29, 55.66]
['2015-04-17', 56.22, 56.22, 54.34, 54.54]
['2015-04-20', 54.52, 55.05, 53.58, 53.85]
['2015-04-21', 53.97, 54.82, 53.97, 54.59]
['2015-04-22', 54.74, 54.74, 53.49, 53.64]
['2015-04-23', 53.72, 53.86, 52.98, 53.02]
['2015-04-24', 53.23, 53.7, 52.78, 53.33]
['2015-04-27', 53.35, 53.73, 52.81, 53.38]
['2015-04-28', 53.57, 53.66, 52.72, 53.4]
['2015-04-29', 53.19, 54.95, 53.06, 54.84]
['2015-04-30', 54.68, 55.65, 54.14, 54.24]
['2015-05-01', 54.63, 54.63, 53.34, 53.94]
['2015-05-04', 54.18, 55.25, 53.94, 54.84]
['2015-05-05', 54.87, 55.21, 54.01, 54.42]
['2015-05-06', 54.34, 54.47, 53.69, 53.86]
['2015-05-07', 53.85, 53.85, 53.21, 53.37]
['2015-05-08', 52.53, 53.51, 52.36, 52.41]
['2015-05-11', 52.45, 53.1, 51.94, 52.2]
['2015-05-12', 52.12, 52.12, 51.43, 51.63]
['2015-05-13', 51.81, 52.22, 51.81, 51.99]
['2015-05-14', 52.22, 52.22, 51.44, 51.54]
['2015-05-15', 51.6, 51.96, 51.39, 51.69]
['2015-05-18', 51.67, 52.54, 51.67, 52.34]
['2015-05-19', 52.24, 52.65, 52.2, 52.55]
['2015-05-20', 52.63, 52.91, 52.09, 52.4]
['2015-05-21', 52.46, 52.97, 51.88, 52.5]
['2015-05-22', 52.51, 53.39, 51.89, 52.0]
['2015-05-26', 53.0, 54.29, 51.23, 53.58]
['2015-05-27', 53.76, 53.88, 52.88, 53.59]
['2015-05-28', 53.56, 53.58, 52.59, 53.29]
['2015-05-29', 53.37, 54.05, 52.91, 53.91]
['2015-06-01', 53.9, 54.91, 53.65, 53.78]
['2015-06-02', 53.61, 54.11, 53.0, 53.83]
['2015-06-03', 53.85, 54.27, 52.52, 52.82]
['2015-06-04', 52.82, 52.88, 51.92, 52.12]
['2015-06-05', 52.13, 52.76, 51.96, 52.68]
['2015-06-08', 51.69, 52.47, 51.69, 52.01]
['2015-06-09', 51.88, 52.3, 50.93, 52.24]
['2015-06-10', 52.3, 52.55, 52.0, 52.4]
['2015-06-11', 52.4, 52.78, 52.36, 52.68]
['2015-06-12', 52.4, 52.64, 51.96, 52.47]
['2015-06-15', 52.3, 52.4, 51.65, 51.94]
['2015-06-16', 51.94, 52.22, 51.64, 51.91]
['2015-06-17', 51.86, 52.2, 51.73, 51.94]
['2015-06-18', 51.89, 52.52, 51.8, 52.03]
['2015-06-19', 52.23, 52.26, 51.97, 52.0]
['2015-06-22', 51.81, 52.38, 51.81, 52.07]
['2015-06-23', 52.01, 52.44, 51.61, 51.77]
['2015-06-24', 51.52, 51.62, 50.56, 50.62]
['2015-06-25', 50.5, 50.9, 49.8, 50.17]
['2015-06-26', 50.09, 51.84, 50.09, 51.79]
['2015-06-29', 51.32, 51.64, 50.22, 50.59]
['2015-06-30', 50.68, 51.05, 50.22, 50.97]
['2015-07-01', 51.34, 51.9, 50.66, 51.81]
['2015-07-02', 51.83, 52.39, 51.4, 51.72]
['2015-07-06', 51.36, 52.17, 51.18, 51.82]
['2015-07-07', 51.63, 51.88, 50.76, 51.66]
['2015-07-08', 51.39, 51.57, 50.69, 50.93]
['2015-07-09', 51.18, 51.69, 51.18, 51.27]
['2015-07-10', 51.65, 52.53, 51.54, 52.15]
['2015-07-13', 52.38, 53.29, 52.24, 53.16]
['2015-07-14', 53.68, 53.68, 53.0, 53.08]
['2015-07-15', 53.18, 54.03, 52.56, 53.98]
['2015-07-16', 54.29, 54.82, 54.16, 54.67]
['2015-07-17', 54.58, 54.89, 54.43, 54.83]
['2015-07-20', 55.01, 55.18, 54.68, 54.95]
['2015-07-21', 55.17, 55.17, 54.43, 54.54]
['2015-07-22', 54.38, 55.01, 54.38, 54.78]
['2015-07-23', 54.82, 54.85, 53.55, 53.66]
['2015-07-24', 53.64, 54.48, 53.47, 53.58]
['2015-07-27', 52.82, 53.29, 52.42, 52.6]
['2015-07-28', 52.87, 53.36, 52.49, 53.11]
['2015-07-29', 53.09, 53.74, 53.08, 53.65]
['2015-07-30', 53.58, 54.37, 53.22, 54.07]
['2015-07-31', 54.21, 54.37, 53.92, 53.97]
['2015-08-03', 54.22, 54.97, 54.17, 54.81]
['2015-08-04', 55.08, 56.26, 54.75, 56.05]
['2015-08-05', 56.24, 56.58, 53.87, 54.54]
['2015-08-06', 54.55, 54.55, 51.7, 53.73]
['2015-08-07', 53.72, 54.01, 52.67, 53.59]
['2015-08-10', 53.43, 54.65, 53.43, 54.58]
['2015-08-11', 54.24, 54.56, 53.92, 54.52]
['2015-08-12', 53.9, 54.22, 53.51, 54.08]
['2015-08-13', 53.91, 54.85, 53.91, 54.64]
['2015-08-14', 54.32, 54.76, 54.17, 54.51]
['2015-08-17', 54.23, 56.02, 54.23, 55.99]
['2015-08-18', 56.0, 56.52, 55.86, 56.49]
['2015-08-19', 56.33, 57.0, 56.33, 56.55]
['2015-08-20', 56.23, 56.4, 55.09, 55.2]
['2015-08-21', 54.77, 54.9, 53.05, 53.5]
['2015-08-24', 50.69, 54.26, 49.5, 51.74]
['2015-08-25', 53.38, 53.8, 51.98, 52.52]
['2015-08-26', 53.31, 53.37, 51.89, 53.2]
['2015-08-27', 53.63, 54.73, 53.4, 54.66]
['2015-08-28', 54.41, 54.71, 54.05, 54.65]
['2015-08-31', 54.61, 54.69, 53.86, 54.47]
['2015-09-01', 53.36, 54.8, 53.36, 53.98]
['2015-09-02', 54.56, 54.95, 53.82, 54.58]
['2015-09-03', 54.88, 55.91, 54.59, 55.36]
['2015-09-04', 55.13, 55.26, 54.47, 55.05]
['2015-09-08', 55.32, 56.03, 55.16, 55.97]
['2015-09-09', 56.28, 56.44, 55.47, 55.62]
['2015-09-10', 55.67, 55.73, 54.44, 54.51]
['2015-09-11', 54.45, 54.67, 54.02, 54.46]
['2015-09-14', 54.32, 54.5, 53.96, 54.19]
['2015-09-15', 54.02, 54.89, 53.76, 54.75]
['2015-09-16', 54.92, 55.18, 54.51, 55.07]
['2015-09-17', 54.97, 57.28, 54.97, 56.55]
['2015-09-18', 55.98, 56.53, 55.66, 55.78]
['2015-09-21', 55.99, 56.99, 55.88, 56.92]
['2015-09-22', 56.54, 56.62, 55.76, 56.28]
['2015-09-23', 56.15, 56.33, 55.22, 55.45]
['2015-09-24', 54.85, 55.14, 53.65, 54.18]
['2015-09-25', 54.76, 54.76, 53.81, 53.99]
['2015-09-28', 53.92, 54.07, 51.37, 51.49]
['2015-09-29', 51.33, 51.6, 49.97, 50.19]
['2015-09-30', 50.54, 51.57, 50.54, 51.44]
['2015-10-01', 51.34, 53.58, 51.28, 53.5]
['2015-10-02', 53.07, 54.19, 52.69, 54.12]
['2015-10-05', 54.35, 56.1, 54.35, 55.88]
['2015-10-06', 55.78, 56.06, 54.84, 54.92]
['2015-10-07', 55.09, 55.58, 54.42, 54.82]
['2015-10-08', 54.95, 55.63, 54.67, 55.51]
['2015-10-09', 55.53, 55.79, 55.09, 55.46]
['2015-10-12', 55.56, 55.67, 55.15, 55.29]
['2015-10-13', 54.86, 55.54, 54.49, 55.21]
['2015-10-14', 55.06, 55.49, 54.44, 54.61]
['2015-10-15', 54.83, 55.68, 54.75, 55.68]
['2015-10-16', 55.61, 55.99, 55.27, 55.54]
['2015-10-19', 55.33, 55.65, 54.75, 55.07]
['2015-10-20', 54.94, 55.33, 54.43, 54.48]
['2015-10-21', 54.52, 54.59, 52.49, 52.6]
['2015-10-22', 52.86, 53.49, 52.55, 52.93]
['2015-10-23', 53.43, 55.97, 52.96, 53.44]
['2015-10-26', 53.3, 53.87, 53.3, 53.66]
['2015-10-27', 53.36, 53.87, 52.62, 52.71]
['2015-10-28', 52.87, 53.52, 52.43, 53.31]
['2015-10-29', 53.3, 55.52, 53.23, 55.13]
['2015-10-30', 54.16, 55.11, 54.16, 54.56]
['2015-11-02', 55.0, 55.58, 54.71, 55.05]
['2015-11-03', 55.52, 55.52, 54.36, 55.19]
['2015-11-04', 55.3, 55.79, 54.4, 54.81]
['2015-11-05', 54.83, 54.94, 53.76, 54.53]
['2015-11-06', 54.31, 54.9, 54.2, 54.75]
['2015-11-09', 54.86, 54.86, 53.96, 54.31]
['2015-11-10', 54.3, 54.91, 53.92, 54.66]
['2015-11-11', 54.67, 54.94, 54.55, 54.81]
['2015-11-12', 54.8, 55.09, 54.5, 55.0]
['2015-11-13', 54.72, 55.42, 53.16, 53.3]
['2015-11-16', 53.11, 53.54, 52.34, 53.03]
['2015-11-17', 53.17, 53.57, 52.71, 53.25]
['2015-11-18', 53.38, 54.09, 53.15, 54.03]
['2015-11-19', 54.1, 54.11, 52.89, 53.14]
['2015-11-20', 53.13, 53.69, 52.96, 53.41]
['2015-11-23', 53.48, 53.8, 53.04, 53.25]
['2015-11-24', 52.91, 52.91, 52.35, 52.61]
['2015-11-25', 52.59, 52.94, 52.38, 52.84]
['2015-11-27', 52.94, 53.08, 52.49, 52.74]
['2015-11-30', 53.18, 53.18, 52.33, 53.01]
['2015-12-01', 53.14, 53.67, 53.06, 53.48]
['2015-12-02', 53.41, 53.81, 53.28, 53.42]
['2015-12-03', 53.63, 53.63, 51.12, 51.46]
['2015-12-04', 51.66, 52.4, 51.3, 52.18]
['2015-12-07', 51.96, 52.84, 51.58, 52.29]
['2015-12-08', 51.82, 52.66, 51.76, 51.93]
['2015-12-09', 51.62, 52.26, 51.16, 51.56]
['2015-12-10', 50.95, 51.47, 50.95, 51.19]
['2015-12-11', 50.64, 51.04, 49.73, 50.44]
['2015-12-14', 50.38, 50.88, 48.8, 48.96]
['2015-12-15', 49.31, 50.28, 49.25, 49.68]
['2015-12-16', 49.87, 51.63, 49.77, 51.52]
['2015-12-17', 51.44, 51.84, 50.73, 51.46]
['2015-12-18', 50.98, 50.98, 49.69, 50.31]
['2015-12-21', 50.6, 50.63, 49.89, 50.03]
['2015-12-22', 49.98, 50.7, 49.72, 50.63]
['2015-12-23', 50.83, 51.05, 50.38, 50.57]
['2015-12-24', 50.35, 50.93, 50.35, 50.63]
['2015-12-28', 50.59, 50.94, 50.04, 50.93]
['2015-12-29', 51.0, 51.84, 50.9, 51.53]
['2015-12-30', 51.35, 51.77, 51.19, 51.61]
['2015-12-31', 51.36, 52.18, 51.36, 51.65]
['2016-01-04', 50.97, 51.4, 49.75, 50.49]
['2016-01-05', 50.49, 50.49, 49.42, 49.88]
['2016-01-06', 49.26, 49.69, 48.85, 49.22]
['2016-01-07', 48.39, 49.19, 47.86, 48.79]
['2016-01-08', 49.01, 49.92, 49.01, 49.3]
['2016-01-11', 49.45, 49.6, 48.9, 49.14]
['2016-01-12', 49.28, 50.21, 49.03, 49.75]
['2016-01-13', 49.79, 50.1, 48.01, 48.11]
['2016-01-14', 48.27, 50.0, 48.17, 49.45]
['2016-01-15', 48.51, 48.75, 47.4, 47.83]
['2016-01-19', 48.19, 48.28, 47.33, 47.83]
['2016-01-20', 47.35, 47.89, 45.53, 47.34]
['2016-01-21', 47.38, 47.83, 46.3, 46.96]
['2016-01-22', 47.37, 48.28, 47.16, 48.23]
['2016-01-25', 48.0, 48.3, 47.24, 47.35]
['2016-01-26', 47.58, 47.79, 46.89, 47.32]
['2016-01-27', 47.38, 47.49, 45.77, 46.25]
['2016-01-28', 46.76, 46.76, 45.67, 46.39]
['2016-01-29', 46.4, 47.67, 46.4, 47.6]
['2016-02-01', 47.28, 48.71, 46.29, 48.27]
['2016-02-02', 47.9, 48.36, 46.85, 47.06]
['2016-02-03', 47.44, 47.88, 46.96, 47.79]
['2016-02-04', 47.71, 48.9, 46.32, 47.12]
['2016-02-05', 46.74, 46.74, 45.74, 46.32]
['2016-02-08', 45.86, 45.89, 44.48, 45.5]
['2016-02-09', 44.83, 45.91, 44.64, 45.86]
['2016-02-10', 46.05, 46.38, 42.03, 44.69]
['2016-02-11', 44.0, 44.47, 43.44, 43.91]
['2016-02-12', 44.38, 45.59, 43.95, 45.55]
['2016-02-16', 45.94, 45.96, 45.1, 45.93]
['2016-02-17', 46.36, 47.51, 45.73, 47.05]
['2016-02-18', 46.62, 48.36, 46.62, 47.81]
['2016-02-19', 47.43, 48.38, 47.43, 47.93]
['2016-02-22', 48.32, 48.89, 47.99, 48.58]
['2016-02-23', 48.41, 49.08, 48.3, 48.34]
['2016-02-24', 47.89, 48.97, 47.48, 48.94]
['2016-02-25', 48.99, 50.58, 48.99, 50.54]
['2016-02-26', 50.3, 50.7, 49.93, 50.16]
['2016-02-29', 50.37, 51.36, 49.34, 50.29]
['2016-03-01', 50.62, 51.83, 50.62, 51.77]
['2016-03-02', 51.34, 51.69, 51.32, 51.61]
['2016-03-03', 51.48, 52.68, 51.43, 52.25]
['2016-03-04', 52.29, 52.48, 51.77, 52.32]
['2016-03-07', 52.31, 52.86, 52.06, 52.84]
['2016-03-08', 52.58, 52.72, 52.37, 52.63]
['2016-03-09', 52.84, 53.11, 52.52, 53.05]
['2016-03-10', 53.17, 53.17, 52.18, 52.41]
['2016-03-11', 52.77, 53.39, 52.7, 53.35]
['2016-03-14', 52.93, 53.18, 52.76, 52.79]
['2016-03-15', 52.58, 53.15, 52.07, 53.15]
['2016-03-16', 52.87, 56.87, 52.87, 56.55]
['2016-03-17', 56.37, 57.44, 55.68, 57.11]
['2016-03-18', 58.82, 58.82, 57.26, 57.54]
['2016-03-21', 57.61, 57.72, 57.11, 57.59]
['2016-03-22', 57.14, 57.66, 57.04, 57.62]
['2016-03-23', 57.36, 57.54, 57.12, 57.18]
['2016-03-24', 56.93, 57.02, 56.34, 56.89]
['2016-03-28', 57.16, 57.57, 56.81, 57.19]
['2016-03-29', 56.97, 58.76, 56.97, 58.5]
['2016-03-30', 58.79, 58.79, 57.95, 58.61]
['2016-03-31', 58.41, 58.72, 57.99, 58.16]
['2016-04-01', 57.93, 58.73, 57.69, 58.59]
['2016-04-04', 58.6, 59.19, 58.46, 58.81]
['2016-04-05', 58.51, 58.84, 58.0, 58.46]
['2016-04-06', 58.46, 58.84, 58.36, 58.81]
['2016-04-07', 58.4, 58.74, 57.41, 57.6]
['2016-04-08', 57.98, 57.99, 57.35, 57.76]
['2016-04-11', 57.88, 59.0, 57.28, 57.45]
['2016-04-12', 57.43, 57.73, 57.0, 57.56]
['2016-04-13', 57.8, 58.55, 57.66, 58.34]
['2016-04-14', 58.14, 58.31, 57.48, 57.56]
['2016-04-15', 57.57, 57.69, 57.05, 57.48]
['2016-04-18', 57.44, 57.44, 56.89, 56.89]
['2016-04-19', 57.1, 57.98, 56.65, 57.15]
['2016-04-20', 57.14, 57.14, 55.63, 55.8]
['2016-04-21', 55.95, 55.95, 54.74, 55.45]
['2016-04-22', 55.43, 55.71, 55.09, 55.41]
['2016-04-25', 55.03, 57.96, 54.53, 57.74]
['2016-04-26', 57.74, 58.63, 57.71, 57.96]
['2016-04-27', 57.7, 58.13, 56.55, 56.61]
['2016-04-28', 56.5, 58.26, 55.94, 57.55]
['2016-04-29', 58.74, 58.74, 56.27, 57.32]
['2016-05-02', 57.47, 59.36, 57.47, 59.1]
['2016-05-03', 58.77, 59.56, 58.14, 58.38]
['2016-05-04', 58.1, 58.61, 57.9, 58.46]
['2016-05-05', 58.61, 59.02, 58.18, 58.37]
['2016-05-06', 57.78, 59.16, 57.68, 58.59]
['2016-05-09', 57.97, 59.05, 57.97, 58.49]
['2016-05-10', 58.59, 59.68, 58.35, 59.68]
['2016-05-11', 59.6, 60.19, 59.22, 59.77]
['2016-05-12', 59.91, 60.27, 58.0, 58.84]
['2016-05-13', 58.68, 59.49, 58.49, 59.45]
['2016-05-16', 58.84, 59.04, 57.44, 57.76]
['2016-05-17', 57.66, 58.22, 56.91, 57.43]
['2016-05-18', 57.87, 59.08, 56.96, 57.55]
['2016-05-19', 57.8, 57.99, 57.0, 57.62]
['2016-05-20', 58.12, 59.74, 57.75, 59.57]
['2016-05-23', 59.35, 59.35, 57.78, 57.87]
['2016-05-24', 58.38, 59.05, 57.82, 58.97]
['2016-05-25', 59.1, 59.31, 58.04, 58.19]
['2016-05-26', 58.09, 58.5, 57.17, 57.2]
['2016-05-27', 57.33, 57.7, 56.84, 57.61]
['2016-05-31', 57.67, 57.99, 56.88, 57.8]
['2016-06-01', 57.78, 59.8, 57.78, 59.48]
['2016-06-02', 59.17, 60.02, 59.04, 59.94]
['2016-06-03', 59.9, 59.9, 58.9, 59.64]
['2016-06-06', 59.61, 59.9, 58.86, 58.98]
['2016-06-07', 58.84, 59.74, 58.62, 59.56]
['2016-06-08', 59.34, 60.03, 59.01, 59.84]
['2016-06-09', 60.0, 60.03, 59.22, 59.85]
['2016-06-10', 59.46, 59.92, 58.85, 59.85]
['2016-06-13', 59.5, 60.13, 56.33, 58.75]
['2016-06-14', 58.64, 59.83, 58.3, 58.44]
['2016-06-15', 58.23, 58.81, 58.23, 58.46]
['2016-06-16', 58.4, 59.02, 58.28, 58.9]
['2016-06-17', 58.7, 59.3, 58.42, 58.98]
['2016-06-20', 59.31, 60.04, 58.86, 58.99]
['2016-06-21', 58.92, 59.47, 58.48, 58.77]
['2016-06-22', 59.05, 59.21, 58.47, 59.2]
['2016-06-23', 59.81, 60.06, 59.36, 60.01]
['2016-06-24', 58.39, 59.06, 56.87, 56.92]
['2016-06-27', 56.5, 56.51, 55.3, 56.24]
['2016-06-28', 56.95, 57.18, 56.33, 56.88]
['2016-06-29', 57.44, 59.08, 57.38, 58.95]
['2016-06-30', 59.06, 59.57, 58.62, 59.4]
['2016-07-01', 59.4, 60.17, 59.39, 59.88]
['2016-07-05', 60.19, 60.19, 59.36, 59.54]
['2016-07-06', 59.2, 59.78, 58.96, 59.72]
['2016-07-07', 59.62, 60.42, 59.6, 60.11]
['2016-07-08', 60.56, 61.09, 60.24, 60.87]
['2016-07-11', 61.29, 61.33, 60.84, 61.26]
['2016-07-12', 61.46, 61.69, 61.27, 61.47]
['2016-07-13', 61.56, 61.91, 61.45, 61.84]
['2016-07-14', 62.07, 62.3, 61.81, 62.27]
['2016-07-15', 62.06, 62.15, 61.43, 61.59]
['2016-07-18', 61.58, 62.0, 61.4, 61.7]
['2016-07-19', 61.49, 61.97, 61.1, 61.23]
['2016-07-20', 61.57, 62.2, 60.48, 62.04]
['2016-07-21', 62.03, 62.57, 61.82, 62.51]
['2016-07-22', 62.34, 63.47, 62.34, 63.17]
['2016-07-25', 62.87, 63.47, 62.77, 62.85]
['2016-07-26', 63.11, 63.11, 61.77, 62.55]
['2016-07-27', 62.84, 63.12, 62.28, 62.87]
['2016-07-28', 62.87, 63.57, 62.87, 63.23]
['2016-07-29', 63.16, 63.6, 62.78, 62.81]
['2016-08-01', 62.88, 63.52, 62.81, 62.89]
['2016-08-02', 62.94, 63.02, 62.11, 62.38]
['2016-08-03', 62.79, 62.79, 62.25, 62.56]
['2016-08-04', 62.61, 62.99, 62.32, 62.96]
['2016-08-05', 63.0, 63.01, 61.76, 61.93]
['2016-08-08', 61.55, 62.28, 61.53, 62.02]
['2016-08-09', 61.94, 66.48, 61.77, 65.8]
['2016-08-10', 66.04, 66.04, 65.06, 65.23]
['2016-08-11', 65.21, 66.15, 65.21, 65.99]
['2016-08-12', 65.85, 67.22, 65.85, 66.92]
['2016-08-15', 67.2, 68.0, 67.2, 67.95]
['2016-08-16', 68.17, 68.17, 67.2, 67.24]
['2016-08-17', 67.37, 67.72, 66.79, 67.56]
['2016-08-18', 67.57, 67.71, 66.51, 67.17]
['2016-08-19', 66.89, 66.93, 66.33, 66.87]
['2016-08-22', 67.09, 67.52, 66.5, 67.3]
['2016-08-23', 67.18, 67.48, 66.95, 67.29]
['2016-08-24', 67.21, 67.5, 66.57, 66.73]
['2016-08-25', 66.82, 67.2, 66.63, 67.11]
['2016-08-26', 67.57, 67.57, 66.46, 67.04]
['2016-08-29', 66.96, 68.05, 66.96, 67.59]
['2016-08-30', 67.71, 67.76, 67.08, 67.5]
['2016-08-31', 67.57, 70.09, 66.9, 67.45]
['2016-09-01', 68.25, 70.73, 68.25, 70.53]
['2016-09-02', 70.81, 71.45, 69.72, 70.38]
['2016-09-06', 70.19, 70.59, 69.71, 70.53]
['2016-09-07', 70.33, 71.31, 70.04, 71.29]
['2016-09-08', 71.26, 71.34, 69.28, 69.57]
['2016-09-09', 68.96, 69.31, 68.39, 68.41]
['2016-09-12', 68.14, 69.89, 68.14, 69.79]
['2016-09-13', 69.23, 69.59, 68.29, 68.88]
['2016-09-14', 68.46, 69.17, 68.46, 68.99]
['2016-09-15', 69.16, 69.88, 68.9, 69.56]
['2016-09-16', 69.4, 69.65, 67.8, 67.8]
['2016-09-19', 67.95, 69.25, 67.95, 68.62]
['2016-09-20', 68.76, 68.93, 68.05, 68.88]
['2016-09-21', 68.97, 70.52, 68.97, 70.34]
['2016-09-22', 70.59, 71.76, 70.44, 70.9]
['2016-09-23', 70.3, 70.95, 70.23, 70.93]
['2016-09-26', 70.76, 70.92, 70.38, 70.83]
['2016-09-27', 70.81, 71.52, 70.36, 71.35]
['2016-09-28', 71.68, 71.71, 70.86, 71.66]
['2016-09-29', 71.47, 71.77, 69.88, 70.46]
['2016-09-30', 70.46, 70.62, 69.89, 70.16]
['2016-10-03', 69.88, 70.68, 69.19, 69.76]
['2016-10-04', 69.8, 70.23, 69.36, 69.86]
['2016-10-05', 69.87, 70.55, 69.49, 69.59]
['2016-10-06', 69.4, 69.8, 69.24, 69.51]
['2016-10-07', 69.73, 69.73, 68.74, 69.05]
['2016-10-10', 69.38, 69.68, 69.13, 69.61]
['2016-10-11', 69.66, 69.66, 66.97, 67.08]
['2016-10-12', 66.83, 67.18, 66.29, 66.66]
['2016-10-13', 66.16, 66.58, 65.7, 66.14]
['2016-10-14', 66.49, 67.29, 65.97, 66.73]
['2016-10-17', 66.45, 67.17, 66.35, 66.68]
['2016-10-18', 67.21, 67.46, 66.73, 66.8]
['2016-10-19', 66.66, 67.24, 66.63, 66.65]
['2016-10-20', 66.56, 67.07, 66.28, 66.51]
['2016-10-21', 66.6, 66.88, 65.74, 65.84]
['2016-10-24', 66.24, 66.6, 65.76, 66.51]
['2016-10-25', 66.35, 66.9, 65.96, 66.1]
['2016-10-26', 65.89, 66.12, 63.62, 64.03]
['2016-10-27', 64.11, 64.58, 62.84, 63.07]
['2016-10-28', 63.17, 64.69, 62.7, 63.95]
['2016-10-31', 64.28, 65.18, 64.08, 64.95]
['2016-11-01', 65.06, 65.06, 63.38, 63.88]
['2016-11-02', 63.61, 64.37, 63.52, 64.24]
['2016-11-03', 64.06, 66.94, 62.3, 62.57]
['2016-11-04', 62.35, 64.52, 61.69, 63.46]
['2016-11-07', 64.08, 65.39, 64.08, 65.1]
['2016-11-08', 64.77, 66.67, 64.77, 66.24]
['2016-11-09', 65.76, 69.17, 65.3, 68.16]
['2016-11-10', 68.07, 70.26, 67.61, 68.26]
['2016-11-11', 67.82, 68.47, 66.67, 68.24]
['2016-11-14', 68.28, 68.67, 67.17, 67.25]
['2016-11-15', 67.16, 67.98, 66.56, 66.61]
['2016-11-16', 66.36, 66.98, 66.32, 66.93]
['2016-11-17', 66.92, 67.84, 66.92, 67.79]
['2016-11-18', 67.64, 68.39, 66.76, 67.41]
['2016-11-21', 67.71, 68.07, 67.34, 67.93]
['2016-11-22', 68.2, 69.46, 67.76, 69.4]
['2016-11-23', 69.26, 69.9, 68.61, 68.93]
['2016-11-25', 68.58, 69.57, 68.58, 69.57]
['2016-11-28', 69.33, 70.56, 67.91, 68.62]
['2016-11-29', 68.82, 70.67, 68.64, 70.05]
['2016-11-30', 70.4, 70.4, 68.24, 69.53]
['2016-12-01', 69.78, 70.23, 68.07, 68.67]
['2016-12-02', 68.66, 68.97, 67.37, 67.53]
['2016-12-05', 68.47, 69.53, 67.72, 68.91]
['2016-12-06', 68.76, 70.4, 68.76, 70.35]
['2016-12-07', 70.09, 72.84, 70.09, 72.29]
['2016-12-08', 72.5, 72.5, 71.02, 71.08]
['2016-12-09', 71.13, 71.2, 70.27, 70.54]
['2016-12-12', 70.79, 71.07, 69.64, 70.15]
['2016-12-13', 70.4, 71.86, 70.4, 71.48]
['2016-12-14', 71.98, 73.72, 71.79, 72.56]
['2016-12-15', 72.14, 73.55, 72.14, 72.84]
['2016-12-16', 72.74, 73.57, 72.15, 72.44]
['2016-12-19', 72.78, 73.24, 72.28, 72.38]
['2016-12-20', 72.86, 73.03, 72.61, 72.84]
['2016-12-21', 72.83, 73.3, 72.45, 72.96]
['2016-12-22', 72.77, 73.19, 72.23, 73.07]
['2016-12-23', 73.07, 73.33, 72.7, 72.87]
['2016-12-27', 72.69, 73.44, 72.69, 73.1]
['2016-12-28', 73.5, 73.9, 72.71, 73.01]
['2016-12-29', 72.81, 73.88, 72.56, 73.24]
['2016-12-30', 73.26, 73.26, 71.74, 72.46]
['2017-01-03', 72.42, 72.96, 70.45, 71.14]
['2017-01-04', 71.39, 73.08, 70.49, 72.97]
['2017-01-05', 72.72, 74.26, 72.72, 73.86]
['2017-01-06', 73.61, 74.37, 73.44, 74.19]
['2017-01-09', 74.25, 74.89, 73.32, 73.56]
['2017-01-10', 73.86, 74.69, 73.46, 74.23]
['2017-01-11', 74.21, 75.02, 73.85, 74.93]
['2017-01-12', 74.76, 75.47, 73.93, 74.5]
['2017-01-13', 74.47, 75.09, 74.28, 74.98]
['2017-01-17', 74.84, 76.75, 74.38, 76.7]
['2017-01-18', 76.74, 77.25, 76.11, 76.19]
['2017-01-19', 76.08, 77.14, 76.08, 77.0]
['2017-01-20', 77.19, 78.21, 77.19, 78.0]
['2017-01-23', 78.17, 78.7, 77.56, 78.09]
['2017-01-24', 78.5, 78.69, 77.79, 78.46]
['2017-01-25', 78.78, 79.21, 78.17, 78.92]
['2017-01-26', 83.81, 86.69, 82.97, 85.91]
['2017-01-27', 87.47, 87.47, 82.37, 83.67]
['2017-01-30', 83.52, 83.66, 82.37, 83.63]
['2017-01-31', 83.08, 83.98, 82.98, 83.68]
['2017-02-01', 83.88, 84.38, 83.13, 83.97]
['2017-02-02', 83.85, 84.18, 83.61, 83.71]
['2017-02-03', 83.85, 84.57, 83.71, 84.57]
['2017-02-06', 84.32, 84.48, 82.84, 83.45]
['2017-02-07', 83.53, 84.41, 83.53, 84.19]
['2017-02-08', 83.94, 84.66, 83.91, 84.63]
['2017-02-09', 84.48, 84.95, 83.77, 84.82]
['2017-02-10', 83.84, 85.01, 83.84, 84.83]
['2017-02-13', 84.72, 85.14, 83.95, 84.3]
['2017-02-14', 84.5, 84.9, 84.12, 84.51]
['2017-02-15', 84.6, 85.09, 84.09, 84.99]
['2017-02-16', 85.24, 85.81, 83.91, 84.87]
['2017-02-17', 85.08, 85.08, 83.35, 85.04]
['2017-02-21', 85.11, 85.28, 84.33, 85.21]
['2017-02-22', 84.81, 85.49, 84.5, 84.84]
['2017-02-23', 85.02, 85.2, 84.02, 84.42]
['2017-02-24', 83.96, 85.0, 83.96, 84.87]
['2017-02-27', 84.78, 85.32, 84.6, 85.03]
['2017-02-28', 84.9, 85.0, 83.86, 84.26]
['2017-03-01', 85.0, 85.5, 84.08, 84.19]
['2017-03-02', 83.87, 84.17, 83.29, 83.44]
['2017-03-03', 83.42, 83.65, 82.96, 83.4]
['2017-03-06', 83.17, 83.99, 83.08, 83.72]
['2017-03-07', 83.86, 84.46, 83.58, 83.65]
['2017-03-08', 83.78, 84.08, 83.22, 83.29]
['2017-03-09', 83.53, 84.23, 83.06, 83.64]
['2017-03-10', 83.96, 84.42, 83.62, 84.1]
['2017-03-13', 83.76, 84.68, 83.76, 84.31]
['2017-03-14', 84.17, 84.53, 83.86, 84.22]
['2017-03-15', 84.47, 85.08, 84.23, 84.62]
['2017-03-16', 84.86, 85.0, 84.09, 84.27]
['2017-03-17', 84.52, 84.61, 83.76, 84.45]
['2017-03-20', 84.16, 84.53, 84.13, 84.17]
['2017-03-21', 84.06, 84.45, 83.08, 83.21]
['2017-03-22', 83.46, 83.77, 82.84, 83.51]
['2017-03-23', 83.38, 84.78, 83.38, 84.09]
['2017-03-24', 84.49, 85.18, 84.2, 84.6]
['2017-03-27', 84.3, 84.69, 83.27, 84.27]
['2017-03-28', 84.0, 84.65, 83.51, 84.47]
['2017-03-29', 84.13, 85.0, 83.82, 84.68]
['2017-03-30', 83.76, 85.49, 83.76, 85.33]
['2017-03-31', 84.95, 86.08, 84.95, 85.09]
['2017-04-03', 84.76, 86.14, 84.61, 85.71]
['2017-04-04', 85.29, 88.06, 85.29, 87.19]
['2017-04-05', 87.2, 88.57, 86.21, 86.48]
['2017-04-06', 86.69, 87.6, 86.69, 87.03]
['2017-04-07', 86.84, 87.19, 86.48, 86.58]
['2017-04-10', 86.52, 87.1, 86.39, 86.72]
['2017-04-11', 86.8, 86.8, 85.56, 86.5]
['2017-04-12', 86.52, 86.93, 86.02, 86.6]
['2017-04-13', 86.16, 87.05, 85.51, 85.54]
['2017-04-17', 85.79, 86.22, 85.33, 86.01]
['2017-04-18', 85.47, 86.05, 85.22, 85.77]
['2017-04-19', 85.37, 87.25, 85.37, 86.77]
['2017-04-20', 87.34, 87.76, 86.95, 87.57]
['2017-04-21', 87.08, 88.29, 87.08, 87.8]
['2017-04-24', 88.05, 88.9, 88.05, 88.83]
['2017-04-25', 89.49, 89.84, 89.11, 89.43]
['2017-04-26', 89.64, 90.8, 89.56, 89.62]
['2017-04-27', 90.13, 90.57, 90.01, 90.4]
['2017-04-28', 90.11, 90.18, 89.3, 89.93]
['2017-05-01', 89.93, 90.36, 88.96, 89.53]
['2017-05-02', 89.36, 89.46, 87.64, 88.52]
['2017-05-03', 88.57, 88.57, 84.33, 84.77]
['2017-05-04', 84.36, 85.52, 84.36, 84.37]
['2017-05-05', 84.97, 86.57, 84.77, 86.5]
['2017-05-08', 86.15, 86.15, 84.21, 84.59]
['2017-05-09', 84.48, 85.16, 84.28, 84.85]
['2017-05-10', 84.6, 84.81, 83.71, 84.22]
['2017-05-11', 84.04, 84.44, 83.59, 84.25]
['2017-05-12', 84.16, 84.53, 83.51, 83.59]
['2017-05-15', 83.82, 84.0, 82.86, 83.07]
['2017-05-16', 83.34, 83.51, 82.56, 82.8]
['2017-05-17', 82.2, 82.65, 80.46, 81.41]
['2017-05-18', 81.45, 82.59, 81.45, 82.17]
['2017-05-19', 82.11, 82.76, 81.92, 82.17]
['2017-05-22', 82.25, 82.79, 82.25, 82.41]
['2017-05-23', 82.39, 83.28, 82.0, 82.71]
['2017-05-24', 82.81, 85.44, 82.72, 84.86]
['2017-05-25', 85.06, 86.37, 85.06, 85.79]
['2017-05-26', 85.98, 87.09, 85.98, 86.62]
['2017-05-30', 86.85, 87.36, 86.11, 87.13]
['2017-05-31', 87.38, 88.31, 86.86, 88.25]
['2017-06-01', 88.62, 90.4, 87.66, 89.12]
['2017-06-02', 89.29, 91.16, 89.29, 91.0]
['2017-06-05', 90.68, 90.68, 88.49, 88.72]
['2017-06-06', 88.73, 88.73, 87.99, 88.56]
['2017-06-07', 88.53, 89.23, 88.35, 89.0]
['2017-06-08', 88.86, 88.86, 86.51, 87.39]
['2017-06-09', 87.06, 87.59, 85.26, 86.15]
['2017-06-12', 85.86, 87.34, 85.75, 87.24]
['2017-06-13', 87.44, 88.41, 87.25, 88.23]
['2017-06-14', 88.65, 88.65, 86.78, 87.05]
['2017-06-15', 86.16, 87.16, 85.59, 86.81]
['2017-06-16', 86.89, 87.49, 85.57, 87.19]
['2017-06-19', 87.44, 87.91, 87.4, 87.43]
['2017-06-20', 87.01, 87.01, 84.86, 85.27]
['2017-06-21', 85.4, 85.4, 84.94, 85.09]
['2017-06-22', 85.1, 85.89, 84.68, 84.96]
['2017-06-23', 85.01, 85.21, 83.9, 84.98]
['2017-06-26', 85.1, 85.8, 85.07, 85.56]
['2017-06-27', 85.29, 85.43, 84.39, 84.49]
['2017-06-28', 84.62, 86.81, 84.47, 86.45]
['2017-06-29', 86.62, 86.62, 85.07, 85.82]
['2017-06-30', 85.4, 86.38, 84.86, 85.79]
['2017-07-03', 86.18, 86.44, 83.65, 83.71]
['2017-07-05', 83.45, 84.95, 82.24, 84.58]
['2017-07-06', 84.37, 84.69, 83.78, 84.02]
['2017-07-07', 83.89, 84.87, 83.71, 84.46]
['2017-07-10', 84.35, 85.55, 84.35, 85.29]
['2017-07-11', 85.46, 86.49, 85.15, 85.68]
['2017-07-12', 86.14, 87.2, 86.14, 86.65]
['2017-07-13', 86.92, 86.92, 86.0, 86.34]
['2017-07-14', 86.34, 87.84, 85.68, 87.58]
['2017-07-17', 87.95, 88.13, 87.33, 87.54]
['2017-07-18', 87.19, 88.07, 86.46, 87.71]
['2017-07-19', 88.03, 88.58, 87.65, 88.37]
['2017-07-20', 88.36, 89.38, 88.22, 88.63]
['2017-07-21', 88.84, 89.41, 88.7, 89.15]
['2017-07-24', 89.12, 89.26, 88.38, 88.79]
['2017-07-25', 88.8, 89.11, 88.09, 88.93]
['2017-07-26', 89.05, 89.61, 88.63, 89.11]
['2017-07-27', 89.7, 94.54, 89.63, 93.65]
['2017-07-28', 93.19, 94.79, 92.29, 94.44]
['2017-07-31', 96.61, 100.16, 96.61, 98.92]
['2017-08-01', 99.39, 99.39, 97.88, 99.15]
['2017-08-02', 99.6, 99.6, 98.0, 98.71]
['2017-08-03', 99.05, 99.47, 98.19, 98.45]
['2017-08-04', 98.3, 98.7, 97.97, 98.09]
['2017-08-07', 98.13, 98.4, 97.13, 97.32]
['2017-08-08', 97.03, 99.76, 96.94, 99.07]
['2017-08-09', 98.91, 102.86, 98.03, 102.76]
['2017-08-10', 102.34, 103.01, 101.51, 101.65]
['2017-08-11', 101.81, 102.23, 100.67, 101.61]
['2017-08-14', 102.26, 104.35, 96.62, 103.12]
['2017-08-15', 103.02, 103.27, 101.22, 101.28]
['2017-08-16', 101.4, 102.08, 101.1, 101.92]
['2017-08-17', 101.76, 102.12, 99.73, 99.84]
['2017-08-18', 99.54, 100.45, 99.01, 99.71]
['2017-08-21', 99.65, 101.06, 99.65, 100.86]
['2017-08-22', 101.03, 101.77, 100.82, 101.37]
['2017-08-23', 101.08, 101.08, 99.76, 99.86]
['2017-08-24', 100.09, 100.09, 98.49, 99.51]
['2017-08-25', 99.1, 100.19, 98.65, 98.93]
['2017-08-28', 99.47, 99.47, 98.44, 99.31]
['2017-08-29', 98.27, 99.21, 98.25, 98.8]
['2017-08-30', 98.93, 100.59, 98.93, 100.25]
['2017-08-31', 100.31, 101.52, 100.14, 101.43]
['2017-09-01', 101.69, 101.69, 100.18, 100.29]
['2017-09-05', 99.89, 100.96, 99.44, 100.81]
['2017-09-06', 100.23, 103.59, 100.14, 102.96]
['2017-09-07', 103.29, 103.95, 100.72, 101.94]
['2017-09-08', 101.67, 102.65, 99.72, 100.8]
['2017-09-11', 100.9, 101.75, 98.1, 98.22]
['2017-09-12', 98.26, 100.35, 97.08, 98.74]
['2017-09-13', 98.41, 99.96, 98.14, 99.8]
['2017-09-14', 99.26, 99.31, 97.69, 97.76]
['2017-09-15', 97.93, 98.23, 96.02, 97.0]
['2017-09-18', 97.16, 97.16, 95.7, 96.29]
['2017-09-19', 96.24, 96.45, 94.75, 95.2]
['2017-09-20', 95.46, 96.51, 94.72, 95.61]
['2017-09-21', 95.26, 95.26, 94.01, 94.09]
['2017-09-22', 93.82, 94.42, 93.68, 94.08]
['2017-09-25', 93.29, 93.82, 92.58, 93.27]
['2017-09-26', 93.29, 93.51, 92.81, 93.13]
['2017-09-27', 93.04, 94.33, 92.96, 94.11]
['2017-09-28', 93.64, 93.75, 92.63, 93.48]
['2017-09-29', 93.04, 94.3, 92.9, 94.18]
['2017-10-02', 94.18, 94.66, 93.75, 94.03]
['2017-10-03', 94.13, 95.87, 94.06, 95.69]
['2017-10-04', 95.84, 96.84, 95.81, 96.49]
['2017-10-05', 96.62, 97.45, 96.42, 96.83]
['2017-10-06', 96.74, 97.02, 95.87, 95.93]
['2017-10-09', 96.18, 96.25, 94.95, 95.12]
['2017-10-10', 95.65, 95.65, 94.65, 95.12]
['2017-10-11', 95.33, 95.98, 94.85, 95.61]
['2017-10-12', 95.21, 95.21, 92.56, 93.46]
['2017-10-13', 93.42, 93.84, 91.53, 93.45]
['2017-10-16', 94.18, 94.32, 93.38, 93.65]
['2017-10-17', 93.61, 93.96, 92.95, 92.98]
['2017-10-18', 92.6, 93.07, 91.95, 91.98]
['2017-10-19', 92.04, 92.04, 91.11, 91.53]
['2017-10-20', 91.53, 92.35, 91.53, 91.98]
['2017-10-23', 91.82, 92.15, 90.85, 90.93]
['2017-10-24', 90.49, 90.79, 88.77, 88.8]
['2017-10-25', 88.75, 89.76, 87.81, 89.69]
['2017-10-26', 86.29, 86.29, 81.74, 82.24]
['2017-10-27', 82.49, 83.3, 80.39, 82.55]
['2017-10-30', 82.48, 84.98, 82.24, 84.54]
['2017-10-31', 85.05, 87.09, 84.16, 86.21]
['2017-11-01', 87.02, 87.67, 86.7, 87.21]
['2017-11-02', 87.61, 87.9, 86.47, 87.29]
['2017-11-03', 86.86, 87.62, 85.48, 86.43]
['2017-11-06', 86.56, 91.75, 86.55, 89.53]
['2017-11-07', 89.18, 90.22, 88.56, 88.72]
['2017-11-08', 88.16, 88.55, 86.86, 87.09]
['2017-11-09', 86.99, 88.21, 86.27, 88.13]
['2017-11-10', 88.21, 88.72, 87.56, 87.73]
['2017-11-13', 87.55, 88.72, 87.55, 88.71]
['2017-11-14', 88.04, 88.04, 86.09, 86.85]
['2017-11-15', 86.6, 87.49, 85.43, 87.45]
['2017-11-16', 87.53, 88.59, 86.16, 88.25]
['2017-11-17', 88.22, 90.22, 88.22, 89.56]
['2017-11-20', 87.68, 90.74, 87.68, 88.46]
['2017-11-21', 88.61, 89.49, 88.01, 88.15]
['2017-11-22', 88.07, 88.38, 86.85, 87.38]
['2017-11-24', 87.47, 87.57, 85.96, 86.53]
['2017-11-27', 86.65, 86.65, 84.1, 84.69]
['2017-11-28', 85.1, 85.99, 84.04, 85.81]
['2017-11-29', 85.68, 87.49, 85.61, 86.66]
['2017-11-30', 86.99, 87.06, 84.56, 85.71]
['2017-12-01', 85.45, 88.45, 85.45, 87.82]
['2017-12-04', 88.07, 89.54, 87.05, 87.62]
['2017-12-05', 87.53, 88.05, 86.41, 86.46]
['2017-12-06', 86.46, 86.54, 83.98, 84.13]
['2017-12-07', 83.95, 85.86, 83.69, 84.6]
['2017-12-08', 84.77, 85.45, 83.29, 83.79]
['2017-12-11', 83.67, 85.86, 83.56, 85.56]
['2017-12-12', 85.57, 85.98, 84.0, 84.73]
['2017-12-13', 85.27, 85.5, 83.85, 84.65]
['2017-12-14', 84.72, 84.93, 83.53, 84.45]
['2017-12-15', 84.6, 84.78, 83.2, 83.46]
['2017-12-18', 84.01, 84.67, 83.39, 84.19]
['2017-12-19', 84.3, 84.3, 82.13, 82.19]
['2017-12-20', 82.19, 82.22, 80.52, 81.08]
['2017-12-21', 81.01, 85.19, 81.01, 84.33]
['2017-12-22', 84.19, 85.8, 84.19, 85.04]
['2017-12-26', 84.93, 85.78, 84.44, 84.99]
['2017-12-27', 85.01, 85.21, 83.03, 83.35]
['2017-12-28', 84.33, 85.06, 83.51, 84.98]
['2017-12-29', 85.03, 85.17, 83.95, 85.05]
['2018-01-02', 85.62, 88.58, 85.11, 88.3]
['2018-01-03', 89.01, 91.25, 88.22, 89.49]
['2018-01-04', 89.68, 90.16, 87.98, 88.39]
['2018-01-05', 88.27, 88.96, 88.03, 88.83]
['2018-01-08', 88.94, 90.61, 88.54, 89.66]
['2018-01-09', 89.71, 90.04, 89.16, 89.34]
['2018-01-10', 88.91, 89.2, 87.5, 88.71]
['2018-01-11', 88.81, 90.29, 88.69, 89.93]
['2018-01-12', 90.01, 90.49, 89.26, 90.3]
['2018-01-16', 89.63, 90.54, 88.9, 89.44]
['2018-01-17', 90.07, 90.95, 89.49, 90.76]
['2018-01-18', 90.53, 92.24, 90.4, 92.11]
['2018-01-19', 92.58, 93.11, 92.23, 93.03]
['2018-01-22', 93.1, 93.96, 92.97, 93.81]
['2018-01-23', 93.77, 94.26, 93.28, 93.96]
['2018-01-24', 94.31, 95.34, 93.3, 95.14]
['2018-01-25', 95.33, 95.55, 94.1, 94.7]
['2018-01-26', 95.02, 95.27, 94.49, 94.96]
['2018-01-29', 94.7, 94.73, 93.64, 93.8]
['2018-01-30', 93.96, 94.65, 93.83, 94.3]
['2018-01-31', 94.51, 95.07, 92.58, 94.64]
['2018-02-01', 94.39, 95.6, 93.85, 93.9]
['2018-02-02', 94.18, 98.53, 94.18, 96.16]
['2018-02-05', 96.26, 97.1, 92.67, 92.94]
['2018-02-06', 91.52, 92.13, 89.58, 91.33]
['2018-02-07', 91.18, 91.91, 89.91, 90.32]
['2018-02-08', 90.38, 90.38, 86.35, 86.5]
['2018-02-09', 87.25, 87.75, 84.92, 86.04]
['2018-02-12', 86.58, 89.42, 86.48, 89.09]
['2018-02-13', 89.03, 89.03, 88.08, 88.78]
['2018-02-14', 88.34, 90.04, 88.22, 89.95]
['2018-02-15', 90.13, 91.73, 89.57, 91.46]
['2018-02-16', 90.97, 92.74, 90.87, 91.88]
['2018-02-20', 91.96, 91.98, 90.5, 90.73]
['2018-02-21', 91.04, 92.51, 90.56, 91.11]
['2018-02-22', 91.11, 91.77, 89.24, 89.46]
['2018-02-23', 89.78, 91.76, 89.25, 91.61]
['2018-02-26', 91.75, 91.91, 90.77, 91.07]
['2018-02-27', 91.1, 91.3, 89.39, 89.45]
['2018-02-28', 89.84, 90.0, 87.3, 87.38]
['2018-03-01', 88.12, 88.58, 85.88, 87.05]
['2018-03-02', 86.56, 86.75, 85.37, 85.87]
['2018-03-05', 85.85, 89.06, 84.93, 88.39]
['2018-03-06', 88.75, 88.75, 86.82, 87.62]
['2018-03-07', 86.52, 87.85, 84.02, 87.19]
['2018-03-08', 86.4, 88.49, 86.4, 87.68]
['2018-03-09', 88.34, 89.35, 87.69, 88.71]
['2018-03-12', 88.56, 93.84, 88.56, 91.53]
['2018-03-13', 91.85, 92.44, 89.1, 89.35]
['2018-03-14', 89.91, 89.91, 87.73, 87.86]
['2018-03-15', 88.01, 88.07, 86.71, 87.24]
['2018-03-16', 87.25, 88.44, 87.25, 88.13]
['2018-03-19', 88.02, 88.02, 86.18, 86.8]
['2018-03-20', 86.87, 87.04, 85.81, 86.24]
['2018-03-21', 86.23, 86.78, 85.89, 86.25]
['2018-03-22', 85.63, 85.63, 84.75, 85.27]
['2018-03-23', 85.28, 85.37, 83.25, 83.35]
['2018-03-26', 84.18, 84.18, 82.19, 83.28]
['2018-03-27', 83.55, 84.06, 82.44, 83.1]
['2018-03-28', 83.11, 83.83, 82.5, 82.96]
['2018-03-29', 83.27, 85.1, 82.49, 84.8]
['2018-04-02', 84.32, 84.65, 81.65, 82.47]
['2018-04-03', 83.03, 83.47, 82.11, 82.99]
['2018-04-04', 82.03, 83.46, 82.03, 83.21]
['2018-04-05', 83.62, 84.08, 82.58, 83.56]
['2018-04-06', 82.87, 83.42, 81.69, 82.38]
['2018-04-09', 82.73, 83.97, 82.39, 82.95]
['2018-04-10', 83.64, 84.18, 82.23, 82.31]
['2018-04-11', 82.0, 82.08, 81.14, 81.31]
['2018-04-12', 81.74, 81.96, 80.42, 81.64]
['2018-04-13', 82.07, 82.07, 80.89, 81.19]
['2018-04-16', 81.24, 83.21, 81.01, 82.88]
['2018-04-17', 83.3, 83.67, 82.7, 82.88]
['2018-04-18', 82.83, 84.18, 82.83, 83.84]
['2018-04-19', 84.04, 84.87, 82.88, 83.3]
['2018-04-20', 83.1, 83.8, 82.09, 82.46]
['2018-04-23', 82.47, 83.18, 82.33, 82.7]
['2018-04-24', 82.98, 83.59, 80.27, 80.85]
['2018-04-25', 80.86, 81.31, 79.81, 81.11]
['2018-04-26', 81.14, 81.69, 80.58, 81.05]
['2018-04-27', 77.24, 77.24, 68.28, 69.25]
['2018-04-30', 69.6, 71.28, 69.6, 70.48]
['2018-05-01', 70.48, 71.85, 69.51, 71.59]
['2018-05-02', 71.56, 72.35, 69.54, 69.61]
['2018-05-03', 69.5, 70.8, 68.2, 70.55]
['2018-05-04', 70.64, 72.17, 70.64, 72.1]
['2018-05-07', 71.78, 73.06, 71.72, 72.8]
['2018-05-08', 72.79, 72.92, 71.61, 71.75]
['2018-05-09', 70.46, 72.03, 70.46, 70.54]
['2018-05-10', 70.51, 71.75, 70.51, 71.13]
['2018-05-11', 70.87, 71.1, 70.28, 70.73]
['2018-05-14', 70.93, 72.03, 70.74, 71.71]
['2018-05-15', 70.89, 71.48, 70.63, 71.39]
['2018-05-16', 71.18, 72.38, 71.03, 71.85]
['2018-05-17', 71.74, 71.85, 70.86, 70.94]
['2018-05-18', 70.75, 70.96, 70.41, 70.65]
['2018-05-21', 70.32, 70.75, 69.82, 70.23]
['2018-05-22', 70.08, 70.87, 70.08, 70.28]
['2018-05-23', 70.0, 70.95, 69.58, 70.76]
['2018-05-24', 70.55, 70.69, 69.78, 70.53]
['2018-05-25', 71.05, 71.18, 70.6, 70.96]
['2018-05-29', 70.28, 70.92, 69.24, 69.73]
['2018-05-30', 69.87, 69.96, 69.12, 69.2]
['2018-05-31', 69.15, 69.19, 68.09, 68.29]
['2018-06-01', 68.65, 69.43, 68.05, 68.27]
['2018-06-04', 68.26, 69.4, 67.75, 69.05]
['2018-06-05', 69.25, 69.84, 68.91, 69.48]
['2018-06-06', 69.24, 71.87, 69.24, 71.33]
['2018-06-07', 71.41, 72.28, 71.18, 72.2]
['2018-06-08', 71.99, 72.56, 71.71, 72.51]
['2018-06-11', 72.35, 73.87, 72.3, 73.59]
['2018-06-12', 73.6, 75.56, 73.5, 74.82]
['2018-06-13', 75.7, 76.05, 73.89, 74.0]
['2018-06-14', 74.22, 76.37, 74.22, 76.05]
['2018-06-15', 75.97, 76.55, 75.44, 76.18]
['2018-06-18', 75.96, 76.33, 75.17, 75.88]
['2018-06-19', 75.51, 75.79, 75.05, 75.48]
['2018-06-20', 75.87, 76.72, 75.07, 75.64]
['2018-06-21', 76.55, 76.55, 74.76, 74.84]
['2018-06-22', 74.98, 77.23, 74.98, 76.86]
['2018-06-25', 76.75, 77.16, 75.96, 76.39]
['2018-06-26', 76.4, 77.35, 75.67, 77.11]
['2018-06-27', 77.12, 77.86, 75.78, 75.9]
['2018-06-28', 75.8, 76.39, 75.07, 75.71]
['2018-06-29', 75.71, 76.6, 74.64, 75.64]
['2018-07-02', 75.43, 77.35, 74.86, 75.43]
['2018-07-03', 75.67, 77.14, 75.57, 76.75]
['2018-07-05', 77.5, 77.5, 75.68, 76.77]
['2018-07-06', 76.78, 78.9, 76.78, 78.6]
['2018-07-09', 79.07, 79.86, 78.73, 79.82]
['2018-07-10', 79.96, 79.98, 78.88, 79.34]
['2018-07-11', 78.91, 79.6, 78.62, 78.9]
['2018-07-12', 79.0, 79.44, 78.7, 79.17]
['2018-07-13', 79.08, 79.11, 78.6, 78.87]
['2018-07-16', 78.99, 79.36, 78.77, 79.02]
['2018-07-17', 78.75, 79.54, 78.5, 79.22]
['2018-07-18', 79.21, 79.49, 78.3, 78.6]
['2018-07-19', 78.56, 78.77, 77.32, 77.74]
['2018-07-20', 77.7, 77.74, 76.6, 77.21]
['2018-07-23', 77.44, 77.44, 75.91, 76.24]
['2018-07-24', 76.43, 76.65, 75.47, 75.49]
['2018-07-25', 75.59, 75.59, 72.8, 73.45]
['2018-07-26', 73.48, 75.99, 73.48, 75.7]
['2018-07-27', 75.72, 76.67, 74.48, 75.15]
['2018-07-30', 75.14, 76.53, 75.0, 76.48]
['2018-07-31', 78.77, 81.73, 78.65, 79.34]
['2018-08-01', 79.52, 79.52, 77.99, 77.99]
['2018-08-02', 78.08, 78.08, 77.07, 77.31]
['2018-08-03', 77.39, 79.56, 77.25, 79.25]
['2018-08-06', 79.61, 79.61, 78.64, 78.86]
['2018-08-07', 78.04, 78.74, 77.39, 78.3]
['2018-08-08', 78.04, 78.74, 77.8, 78.14]
['2018-08-09', 78.04, 80.22, 78.04, 79.74]
['2018-08-10', 79.45, 79.45, 78.6, 79.06]
['2018-08-13', 79.38, 79.38, 78.42, 78.93]
['2018-08-14', 79.15, 80.15, 78.46, 79.9]
['2018-08-15', 80.07, 80.07, 77.55, 77.84]
['2018-08-16', 78.3, 79.33, 78.25, 78.97]
['2018-08-17', 78.79, 79.29, 78.56, 78.75]
['2018-08-20', 78.9, 79.55, 78.11, 78.36]
['2018-08-21', 78.54, 80.79, 78.54, 80.41]
['2018-08-22', 80.47, 80.83, 78.81, 79.72]
['2018-08-23', 79.63, 79.63, 77.11, 77.4]
['2018-08-24', 77.44, 78.84, 77.44, 78.54]
['2018-08-27', 78.67, 79.98, 78.67, 79.25]
['2018-08-28', 79.18, 80.62, 79.18, 79.61]
['2018-08-29', 79.58, 80.76, 79.37, 80.49]
['2018-08-30', 80.44, 80.68, 80.06, 80.45]
['2018-08-31', 80.26, 81.44, 80.26, 81.0]
['2018-09-04', 80.75, 81.97, 79.85, 81.32]
['2018-09-05', 81.18, 81.68, 80.41, 80.57]
['2018-09-06', 80.56, 81.14, 79.47, 79.51]
['2018-09-07', 79.29, 79.99, 79.11, 79.64]
['2018-09-10', 79.87, 80.7, 79.51, 80.42]
['2018-09-11', 80.27, 81.7, 80.27, 81.36]
['2018-09-12', 81.23, 81.36, 79.85, 81.15]
['2018-09-13', 81.34, 83.97, 81.34, 82.56]
['2018-09-14', 82.56, 82.87, 82.0, 82.69]
['2018-09-17', 82.51, 82.74, 82.0, 82.31]
['2018-09-18', 82.2, 84.96, 82.2, 84.48]
['2018-09-19', 84.58, 85.09, 84.5, 84.56]
['2018-09-20', 84.7, 85.51, 84.44, 84.9]
['2018-09-21', 85.07, 85.92, 84.81, 84.81]
['2018-09-24', 84.8, 84.8, 83.55, 83.61]
['2018-09-25', 83.64, 83.64, 82.92, 83.21]
['2018-09-26', 83.36, 83.9, 83.0, 83.19]
['2018-09-27', 83.28, 84.69, 83.28, 83.78]
['2018-09-28', 82.85, 84.45, 82.85, 84.33]
['2018-10-01', 84.63, 84.96, 82.68, 82.92]
['2018-10-02', 82.93, 84.0, 82.84, 83.86]
['2018-10-03', 84.24, 84.36, 83.39, 83.54]
['2018-10-04', 83.33, 83.69, 82.56, 82.79]
['2018-10-05', 82.82, 83.18, 80.66, 81.2]
['2018-10-08', 80.94, 82.06, 80.6, 81.78]
['2018-10-09', 81.6, 83.06, 81.15, 82.51]
['2018-10-10', 82.17, 82.67, 79.61, 79.81]
['2018-10-11', 80.23, 80.23, 77.81, 78.28]
['2018-10-12', 79.41, 80.06, 78.08, 79.81]
['2018-10-15', 79.73, 81.83, 78.59, 81.39]
['2018-10-16', 81.83, 83.38, 81.56, 83.18]
['2018-10-17', 83.18, 83.47, 81.79, 82.66]
['2018-10-18', 82.55, 83.13, 81.43, 82.57]
['2018-10-19', 82.87, 83.82, 82.64, 83.37]
['2018-10-22', 83.72, 84.15, 82.46, 82.65]
['2018-10-23', 81.52, 82.28, 80.5, 81.71]
['2018-10-24', 81.62, 82.54, 78.32, 78.49]
['2018-10-25', 79.14, 81.67, 79.14, 80.93]
['2018-10-26', 78.32, 78.32, 74.06, 76.59]
['2018-10-29', 77.58, 79.97, 76.63, 77.75]
['2018-10-30', 77.76, 81.49, 77.76, 81.44]
['2018-10-31', 82.17, 84.1, 81.94, 82.79]
['2018-11-01', 83.08, 84.78, 82.56, 83.84]
['2018-11-02', 85.07, 85.07, 80.49, 81.83]
['2018-11-05', 82.04, 83.4, 82.04, 83.28]
['2018-11-06', 83.29, 83.76, 82.25, 82.74]
['2018-11-07', 83.16, 84.6, 83.16, 84.25]
['2018-11-08', 83.81, 84.56, 82.77, 83.21]
['2018-11-09', 83.02, 83.54, 81.31, 82.07]
['2018-11-12', 81.85, 82.99, 81.23, 82.25]
['2018-11-13', 82.19, 84.26, 82.18, 82.57]
['2018-11-14', 83.36, 83.63, 82.31, 82.68]
['2018-11-15', 82.7, 82.7, 80.19, 82.17]
['2018-11-16', 81.73, 84.55, 81.73, 84.11]
['2018-11-19', 83.91, 84.33, 81.78, 82.14]
['2018-11-20', 81.15, 81.68, 77.03, 77.58]
['2018-11-21', 77.81, 79.0, 77.53, 77.77]
['2018-11-23', 77.41, 79.04, 77.07, 78.86]
['2018-11-26', 79.28, 80.41, 78.98, 80.29]
['2018-11-27', 79.91, 81.66, 79.91, 81.47]
['2018-11-28', 81.64, 84.31, 81.5, 84.2]
['2018-11-29', 84.07, 85.87, 83.92, 84.99]
['2018-11-30', 84.53, 85.45, 84.24, 85.13]
['2018-12-03', 85.8, 86.11, 83.74, 84.3]
['2018-12-04', 84.2, 85.12, 81.67, 82.26]
['2018-12-06', 80.94, 82.77, 80.52, 82.75]
['2018-12-07', 82.33, 83.28, 80.07, 80.8]
['2018-12-10', 80.9, 80.9, 78.99, 80.15]
['2018-12-11', 81.27, 81.5, 78.92, 79.52]
['2018-12-12', 80.62, 82.2, 80.32, 80.78]
['2018-12-13', 81.02, 81.6, 78.82, 79.37]
['2018-12-14', 78.67, 79.71, 78.32, 78.76]
['2018-12-17', 78.36, 79.02, 77.68, 78.02]
['2018-12-18', 78.64, 78.67, 76.34, 76.86]
['2018-12-19', 76.33, 77.69, 74.26, 75.03]
['2018-12-20', 74.14, 75.1, 72.33, 73.18]
['2018-12-21', 73.89, 74.09, 70.93, 71.44]
['2018-12-24', 71.25, 71.42, 69.14, 69.18]
['2018-12-26', 69.61, 71.7, 68.76, 71.67]
['2018-12-27', 71.15, 71.84, 68.8, 71.83]
['2018-12-28', 72.3, 72.65, 71.36, 71.74]
['2018-12-31', 72.21, 72.67, 70.65, 71.81]
['2019-01-02', 70.54, 72.85, 70.33, 72.69]
['2019-01-03', 72.18, 74.39, 72.18, 72.98]
['2019-01-04', 73.26, 76.61, 73.26, 76.06]
['2019-01-07', 76.1, 77.19, 75.62, 76.34]
['2019-01-08', 77.08, 77.26, 76.19, 76.54]
['2019-01-09', 77.39, 77.39, 75.85, 76.17]
['2019-01-10', 75.73, 76.09, 74.71, 75.3]
['2019-01-11', 74.68, 75.8, 74.68, 75.69]
['2019-01-14', 75.24, 75.85, 74.53, 74.74]
['2019-01-15', 74.84, 75.22, 74.43, 75.0]
['2019-01-16', 75.01, 75.81, 74.8, 75.07]
['2019-01-17', 74.76, 75.61, 74.75, 75.36]
['2019-01-18', 75.63, 75.92, 74.86, 75.37]
['2019-01-22', 74.1, 74.97, 73.05, 73.42]
['2019-01-23', 74.14, 75.26, 72.06, 73.47]
['2019-01-24', 73.39, 74.23, 72.94, 74.15]
['2019-01-25', 74.52, 75.17, 74.52, 74.83]
['2019-01-28', 74.18, 75.59, 73.95, 75.59]
['2019-01-29', 75.59, 75.95, 74.77, 74.93]
['2019-01-30', 75.33, 76.03, 74.57, 75.22]
['2019-01-31', 81.55, 86.19, 81.03, 84.77]
['2019-02-01', 84.75, 87.51, 84.75, 87.16]
['2019-02-04', 87.26, 87.86, 86.8, 86.99]
['2019-02-05', 87.19, 88.43, 86.32, 88.37]
['2019-02-06', 88.36, 89.48, 88.15, 89.02]
['2019-02-07', 88.62, 89.03, 87.78, 89.0]
['2019-02-08', 88.6, 88.74, 87.72, 88.5]
['2019-02-11', 88.02, 88.59, 86.39, 86.55]
['2019-02-12', 86.86, 88.0, 86.5, 87.29]
['2019-02-13', 87.3, 87.86, 86.54, 86.91]
['2019-02-14', 86.58, 87.87, 86.2, 87.8]
['2019-02-15', 88.12, 89.42, 87.81, 89.29]
['2019-02-19', 89.28, 89.54, 88.76, 88.79]
['2019-02-20', 88.89, 89.93, 88.79, 89.41]
['2019-02-21', 89.11, 89.64, 87.9, 89.4]
['2019-02-22', 88.42, 90.0, 88.42, 89.8]
['2019-02-25', 90.0, 90.38, 89.23, 89.23]
['2019-02-26', 88.98, 89.53, 88.56, 89.29]
['2019-02-27', 89.23, 89.69, 88.5, 89.26]
['2019-02-28', 89.35, 89.61, 89.01, 89.32]
['2019-03-01', 89.71, 90.06, 89.24, 89.75]
['2019-03-04', 90.47, 90.88, 89.56, 90.3]
['2019-03-05', 90.3, 90.7, 89.14, 89.14]
['2019-03-06', 89.15, 89.58, 88.52, 88.9]
['2019-03-07', 88.83, 88.96, 88.06, 88.37]
['2019-03-08', 86.99, 88.1, 86.99, 88.04]
['2019-03-11', 88.18, 89.67, 88.18, 89.62]
['2019-03-12', 89.63, 90.19, 89.4, 90.08]
['2019-03-13', 90.32, 91.69, 90.26, 91.05]
['2019-03-14', 90.94, 92.17, 90.51, 91.84]
['2019-03-15', 92.0, 92.85, 91.57, 92.27]
['2019-03-18', 92.2, 93.33, 92.2, 93.18]
['2019-03-19', 92.95, 94.52, 92.95, 93.53]
['2019-03-20', 93.44, 93.96, 92.63, 93.23]
['2019-03-21', 92.72, 94.4, 92.72, 94.15]
['2019-03-22', 93.8, 94.0, 92.5, 92.73]
['2019-03-25', 92.8, 92.8, 91.73, 92.1]
['2019-03-26', 92.17, 92.64, 92.01, 92.53]
['2019-03-27', 93.11, 93.11, 92.33, 92.8]
['2019-03-28', 92.79, 92.89, 92.26, 92.74]
['2019-03-29', 92.94, 92.94, 91.23, 91.64]
['2019-04-01', 92.31, 92.61, 91.64, 92.33]
['2019-04-02', 92.29, 92.76, 91.65, 92.55]
['2019-04-03', 92.79, 93.02, 91.51, 92.03]
['2019-04-04', 91.74, 92.08, 91.27, 91.96]
['2019-04-05', 92.24, 93.11, 92.09, 93.04]
['2019-04-08', 92.99, 93.39, 92.66, 93.37]
['2019-04-09', 91.7, 93.7, 91.7, 93.49]
['2019-04-10', 93.47, 94.24, 93.37, 94.21]
['2019-04-11', 94.14, 94.67, 94.0, 94.52]
['2019-04-12', 95.11, 95.18, 94.37, 94.92]
['2019-04-15', 94.92, 95.15, 94.25, 94.73]
['2019-04-16', 94.21, 95.45, 94.21, 95.36]
['2019-04-17', 95.37, 95.92, 95.37, 95.83]
['2019-04-18', 96.0, 96.43, 94.79, 95.86]
['2019-04-22', 95.71, 95.71, 94.84, 95.1]
['2019-04-23', 95.11, 96.27, 94.63, 95.94]
['2019-04-24', 96.12, 96.67, 95.19, 96.28]
['2019-04-25', 96.38, 97.85, 94.73, 97.4]
['2019-04-26', 97.39, 98.34, 96.62, 98.25]
['2019-04-29', 97.95, 98.65, 97.75, 98.58]
['2019-04-30', 98.25, 99.37, 97.07, 98.39]
['2019-05-01', 98.71, 100.25, 98.56, 98.66]
['2019-05-02', 98.79, 98.89, 97.34, 98.34]
['2019-05-03', 98.06, 100.03, 98.0, 99.98]
['2019-05-06', 98.43, 99.59, 98.43, 99.57]
['2019-05-07', 98.97, 99.77, 98.46, 99.64]
['2019-05-08', 99.31, 99.89, 98.94, 98.98]
['2019-05-09', 98.51, 99.37, 97.74, 99.19]
['2019-05-10', 98.93, 99.89, 97.81, 99.74]
['2019-05-13', 98.41, 98.96, 96.37, 96.89]
['2019-05-14', 96.94, 98.58, 96.9, 97.56]
['2019-05-15', 97.13, 98.68, 96.56, 98.65]
['2019-05-16', 98.9, 100.78, 98.9, 100.34]
['2019-05-17', 99.68, 101.79, 99.68, 101.52]
['2019-05-20', 100.94, 100.94, 98.68, 99.07]
['2019-05-21', 99.32, 100.57, 99.32, 99.89]
['2019-05-22', 99.45, 100.08, 99.43, 99.92]
['2019-05-23', 99.1, 99.66, 98.54, 99.21]
['2019-05-24', 99.79, 100.23, 99.21, 99.4]
['2019-05-28', 99.77, 100.35, 99.08, 99.41]
['2019-05-29', 98.95, 98.97, 97.63, 97.82]
['2019-05-30', 98.48, 99.0, 97.2, 98.49]
['2019-05-31', 97.11, 98.0, 97.11, 97.52]
['2019-06-03', 97.5, 98.23, 96.75, 96.98]
['2019-06-04', 97.5, 99.69, 97.2, 99.17]
['2019-06-05', 99.74, 99.74, 98.61, 99.09]
['2019-06-06', 99.27, 100.66, 99.04, 100.58]
['2019-06-07', 101.11, 102.51, 100.9, 101.53]
['2019-06-10', 101.49, 102.41, 100.84, 101.68]
['2019-06-11', 102.05, 102.07, 100.23, 100.65]
['2019-06-12', 100.57, 100.85, 99.64, 99.72]
['2019-06-13', 100.29, 100.29, 99.32, 99.63]
['2019-06-14', 99.62, 100.37, 99.09, 100.05]
['2019-06-17', 100.26, 101.49, 100.07, 100.96]
['2019-06-18', 101.62, 102.44, 101.33, 101.4]
['2019-06-19', 101.24, 102.26, 101.18, 102.0]
['2019-06-20', 102.52, 103.21, 101.84, 102.38]
['2019-06-21', 102.02, 102.97, 100.96, 102.68]
['2019-06-24', 102.7, 102.82, 101.47, 101.49]
['2019-06-25', 100.87, 100.87, 99.96, 100.17]
['2019-06-26', 99.57, 100.84, 99.27, 99.44]
['2019-06-27', 99.73, 101.44, 99.3, 101.33]
['2019-06-28', 101.46, 102.84, 101.36, 102.84]
['2019-07-01', 104.09, 104.09, 102.97, 103.98]
['2019-07-02', 104.39, 104.39, 103.5, 103.87]
['2019-07-03', 104.27, 105.01, 103.97, 104.67]
['2019-07-05', 104.08, 105.24, 104.0, 105.24]
['2019-07-08', 105.2, 105.2, 104.26, 104.34]
['2019-07-09', 104.32, 105.61, 103.95, 105.43]
['2019-07-10', 105.88, 106.46, 105.51, 106.16]
['2019-07-11', 106.91, 107.2, 106.17, 106.59]
['2019-07-12', 106.91, 107.39, 106.57, 107.03]
['2019-07-15', 107.38, 107.38, 106.35, 106.72]
['2019-07-16', 106.82, 107.26, 106.42, 106.52]
['2019-07-17', 106.99, 107.13, 105.68, 105.92]
['2019-07-18', 104.8, 106.16, 104.72, 105.96]
['2019-07-19', 106.51, 106.52, 104.43, 104.56]
['2019-07-22', 104.52, 104.79, 103.5, 103.56]
['2019-07-23', 103.74, 103.79, 102.82, 103.58]
['2019-07-24', 103.68, 104.31, 103.18, 104.14]
['2019-07-25', 103.99, 104.17, 103.39, 103.65]
['2019-07-26', 98.55, 101.38, 96.92, 100.93]
['2019-07-29', 100.97, 100.97, 99.61, 99.64]
['2019-07-30', 99.42, 100.84, 99.42, 100.04]
['2019-07-31', 99.59, 99.59, 97.73, 98.19]
['2019-08-01', 98.34, 100.42, 97.79, 97.98]
['2019-08-02', 97.28, 97.98, 94.21, 97.72]
['2019-08-05', 96.34, 96.71, 94.96, 96.26]
['2019-08-06', 96.61, 98.25, 96.19, 97.73]
['2019-08-07', 96.49, 96.98, 95.46, 96.71]
['2019-08-08', 97.19, 98.98, 97.19, 98.35]
['2019-08-09', 97.86, 98.47, 96.76, 97.9]
['2019-08-12', 97.28, 97.84, 96.39, 97.19]
['2019-08-13', 96.97, 98.6, 96.9, 97.69]
['2019-08-14', 96.62, 96.9, 96.01, 96.39]
['2019-08-15', 96.95, 97.46, 96.29, 97.1]
['2019-08-16', 97.44, 98.77, 97.44, 98.44]
['2019-08-19', 98.53, 100.25, 98.53, 99.78]
['2019-08-20', 99.41, 100.6, 99.2, 100.18]
['2019-08-21', 101.04, 101.04, 99.75, 100.24]
['2019-08-22', 100.5, 100.5, 99.01, 99.94]
['2019-08-23', 99.69, 100.24, 97.91, 98.1]
['2019-08-26', 98.81, 101.17, 98.81, 100.99]
['2019-08-27', 101.34, 101.86, 100.84, 100.87]
['2019-08-28', 100.43, 101.99, 100.22, 101.79]
['2019-08-29', 102.8, 104.08, 102.51, 103.69]
['2019-08-30', 104.01, 104.95, 103.81, 104.75]
['2019-09-03', 104.25, 104.97, 103.91, 104.58]
['2019-09-04', 105.39, 106.99, 105.39, 106.88]
['2019-09-05', 107.58, 109.06, 107.11, 107.25]
['2019-09-06', 107.32, 108.7, 107.16, 108.15]
['2019-09-09', 108.5, 108.94, 106.23, 107.09]
['2019-09-10', 107.0, 107.82, 106.38, 107.07]
['2019-09-11', 107.18, 107.96, 106.79, 107.96]
['2019-09-12', 107.92, 109.56, 107.78, 108.37]
['2019-09-13', 108.25, 109.11, 108.03, 108.63]
['2019-09-16', 108.22, 108.87, 106.48, 107.66]
['2019-09-17', 107.64, 108.17, 107.04, 107.96]
['2019-09-18', 108.02, 108.21, 107.02, 108.09]
['2019-09-19', 107.9, 109.05, 107.9, 108.43]
['2019-09-20', 108.58, 108.58, 106.23, 106.91]
['2019-09-23', 107.2, 107.25, 106.61, 106.76]
['2019-09-24', 106.82, 107.37, 105.41, 105.63]
['2019-09-25', 105.6, 106.0, 105.06, 105.6]
['2019-09-26', 105.69, 105.69, 103.51, 104.34]
['2019-09-27', 104.48, 104.63, 102.31, 103.22]
['2019-09-30', 103.68, 104.91, 103.44, 104.52]
['2019-10-01', 104.44, 105.38, 103.39, 103.45]
['2019-10-02', 102.85, 104.71, 102.85, 104.1]
['2019-10-03', 104.5, 105.25, 103.44, 105.25]
['2019-10-04', 106.51, 108.35, 106.32, 107.89]
['2019-10-07', 108.1, 108.84, 107.36, 108.02]
['2019-10-08', 107.22, 108.25, 106.32, 107.3]
['2019-10-09', 107.6, 108.23, 107.39, 107.56]
['2019-10-10', 107.21, 108.25, 107.08, 107.38]
['2019-10-11', 108.33, 108.45, 106.83, 106.9]
['2019-10-14', 106.17, 107.08, 106.17, 106.75]
['2019-10-15', 107.09, 109.36, 107.09, 109.02]
['2019-10-16', 108.94, 110.46, 108.52, 109.8]
['2019-10-17', 110.22, 111.47, 109.84, 110.7]
['2019-10-18', 110.75, 111.03, 110.08, 110.86]
['2019-10-21', 111.1, 111.46, 109.72, 109.94]
['2019-10-22', 110.0, 110.91, 109.68, 109.79]
['2019-10-23', 109.71, 110.17, 109.45, 110.02]
['2019-10-24', 110.61, 110.68, 109.39, 110.25]
['2019-10-25', 114.95, 117.87, 113.74, 116.08]
['2019-10-28', 115.81, 117.98, 115.81, 116.93]
['2019-10-29', 117.43, 117.99, 116.41, 116.75]
['2019-10-30', 116.71, 117.98, 116.51, 117.89]
['2019-10-31', 117.89, 117.99, 116.69, 117.99]
['2019-11-01', 118.49, 119.83, 118.49, 119.63]
['2019-11-04', 120.0, 120.0, 118.3, 118.42]
['2019-11-05', 118.68, 118.68, 117.07, 118.03]
['2019-11-06', 117.65, 118.09, 115.56, 116.62]
['2019-11-07', 117.12, 117.12, 115.15, 115.82]
['2019-11-08', 115.7, 117.44, 115.7, 116.72]
['2019-11-11', 116.29, 117.57, 116.17, 116.98]
['2019-11-12', 116.13, 118.1, 116.13, 117.0]
['2019-11-13', 116.83, 118.96, 116.73, 118.09]
['2019-11-14', 117.73, 118.58, 117.44, 118.48]
['2019-11-15', 118.68, 118.68, 116.76, 117.13]
['2019-11-18', 117.53, 117.53, 116.44, 116.95]
['2019-11-19', 117.07, 118.49, 116.65, 117.79]
['2019-11-20', 117.64, 120.25, 117.3, 119.85]
['2019-11-21', 120.04, 120.18, 118.77, 119.0]
['2019-11-22', 119.11, 119.11, 117.31, 117.44]
['2019-11-25', 117.59, 117.91, 116.4, 116.82]
['2019-11-26', 116.96, 117.37, 116.1, 117.12]
['2019-11-27', 117.46, 119.14, 116.94, 118.94]
['2019-11-29', 118.9, 118.9, 118.0, 118.31]
['2019-12-02', 118.22, 118.47, 117.1, 117.88]
['2019-12-03', 117.09, 118.17, 116.82, 117.85]
['2019-12-04', 117.79, 117.85, 116.09, 116.22]
['2019-12-05', 116.29, 118.18, 116.29, 118.09]
['2019-12-06', 118.73, 119.31, 118.07, 118.92]
['2019-12-09', 118.47, 119.84, 118.04, 118.71]
['2019-12-10', 118.42, 118.64, 116.93, 117.09]
['2019-12-11', 117.24, 118.67, 117.0, 118.55]
['2019-12-12', 118.19, 120.35, 118.19, 119.77]
['2019-12-13', 119.63, 121.64, 119.63, 120.53]
['2019-12-16', 120.75, 121.0, 118.62, 119.28]
['2019-12-17', 119.62, 120.02, 119.12, 119.18]
['2019-12-18', 118.89, 119.96, 118.48, 118.82]
['2019-12-19', 118.89, 121.49, 118.89, 121.38]
['2019-12-20', 121.78, 122.2, 120.72, 121.1]
['2019-12-23', 121.49, 122.81, 120.81, 122.69]
['2019-12-24', 123.12, 123.33, 122.39, 122.78]
['2019-12-26', 123.08, 124.13, 123.08, 124.06]
['2019-12-27', 124.17, 124.41, 123.4, 124.0]
['2019-12-30', 124.16, 124.16, 123.11, 123.54]
['2019-12-31', 123.66, 124.86, 123.62, 124.56]
['2020-01-02', 124.85, 125.22, 123.07, 125.19]
['2020-01-03', 124.45, 126.59, 124.45, 126.5]
['2020-01-06', 126.41, 127.02, 125.6, 126.93]
['2020-01-07', 126.56, 128.16, 126.56, 127.49]
['2020-01-08', 127.35, 129.13, 127.17, 127.3]
['2020-01-09', 127.16, 128.23, 127.16, 128.07]
['2020-01-10', 128.56, 128.56, 127.25, 127.38]
['2020-01-13', 127.65, 128.93, 127.64, 128.89]
['2020-01-14', 128.95, 128.95, 128.07, 128.44]
['2020-01-15', 128.81, 130.1, 128.74, 129.65]
['2020-01-16', 129.38, 129.88, 128.14, 129.03]
['2020-01-17', 129.14, 129.37, 128.07, 128.64]
['2020-01-21', 128.42, 129.66, 127.43, 129.36]
['2020-01-22', 129.74, 130.49, 129.09, 129.83]
['2020-01-23', 129.7, 130.71, 129.06, 130.49]
['2020-01-24', 130.08, 130.62, 128.61, 128.61]
['2020-01-27', 127.04, 128.99, 127.04, 128.37]
['2020-01-28', 128.34, 129.41, 128.1, 128.24]
['2020-01-29', 128.24, 128.24, 125.54, 125.71]
['2020-01-30', 125.15, 126.31, 124.6, 126.31]
['2020-01-31', 127.15, 132.2, 126.6, 131.59]
['2020-02-03', 131.33, 135.81, 131.33, 134.95]
['2020-02-04', 135.79, 135.79, 132.82, 134.97]
['2020-02-05', 133.4, 134.01, 132.24, 132.46]
['2020-02-06', 132.62, 133.73, 132.62, 133.25]
['2020-02-07', 133.01, 133.13, 132.2, 132.89]
['2020-02-10', 133.18, 134.03, 132.54, 133.77]
['2020-02-11', 134.08, 134.75, 132.75, 134.6]
['2020-02-12', 134.33, 135.52, 134.33, 134.92]
['2020-02-13', 134.53, 135.76, 134.53, 135.44]
['2020-02-14', 135.67, 135.99, 134.79, 135.7]
['2020-02-18', 134.86, 136.74, 134.86, 136.69]
['2020-02-19', 137.23, 138.47, 136.9, 137.91]
['2020-02-20', 137.7, 138.47, 136.06, 136.97]
['2020-02-21', 136.63, 137.09, 135.14, 135.6]
['2020-02-24', 133.8, 135.03, 133.0, 134.32]
['2020-02-25', 134.89, 135.65, 131.6, 131.7]
['2020-02-26', 133.07, 134.09, 131.32, 131.47]
['2020-02-27', 129.38, 131.28, 128.19, 128.19]
['2020-02-28', 125.81, 127.36, 121.78, 123.68]
['2020-03-02', 124.15, 126.32, 124.01, 126.21]
['2020-03-03', 126.4, 128.83, 125.76, 126.34]
['2020-03-04', 128.26, 132.24, 127.76, 131.91]
['2020-03-05', 130.07, 131.34, 125.28, 125.93]
['2020-03-06', 123.84, 123.84, 119.81, 121.99]
['2020-03-09', 116.07, 117.06, 110.63, 112.34]
['2020-03-10', 113.82, 116.64, 112.29, 116.42]
['2020-03-11', 114.13, 115.31, 109.49, 110.64]
['2020-03-12', 103.87, 110.14, 101.37, 105.25]
['2020-03-13', 109.89, 112.82, 102.03, 109.8]
['2020-03-16', 101.4, 101.8, 91.39, 92.35]
['2020-03-17', 93.28, 97.15, 93.01, 96.3]
['2020-03-18', 90.79, 93.21, 80.14, 89.63]
['2020-03-19', 88.72, 95.03, 88.16, 92.21]
['2020-03-20', 92.32, 94.0, 86.71, 87.38]
['2020-03-23', 88.31, 89.3, 84.89, 88.01]
['2020-03-24', 92.67, 97.92, 92.17, 97.04]
['2020-03-25', 95.83, 103.74, 95.83, 98.3]
['2020-03-26', 99.04, 109.99, 97.8, 109.52]
['2020-03-27', 105.88, 110.35, 105.08, 108.01]
['2020-03-30', 108.37, 110.55, 107.51, 110.37]
['2020-03-31', 109.54, 110.32, 105.59, 107.0]
['2020-04-01', 104.88, 104.88, 101.32, 102.53]
['2020-04-02', 102.21, 107.03, 101.91, 106.24]
['2020-04-03', 106.06, 106.66, 102.64, 104.02]
['2020-04-06', 108.26, 110.22, 106.87, 109.68]
['2020-04-07', 112.72, 113.76, 107.09, 108.11]
['2020-04-08', 108.93, 111.82, 108.11, 110.89]
['2020-04-09', 112.51, 112.82, 110.45, 111.63]
['2020-04-13', 111.87, 112.97, 110.1, 112.31]
['2020-04-14', 114.33, 118.15, 114.04, 117.66]
['2020-04-15', 115.63, 120.65, 115.63, 119.38]
['2020-04-16', 120.09, 120.9, 118.85, 119.87]
['2020-04-17', 122.02, 122.02, 119.05, 121.79]
['2020-04-20', 119.84, 122.93, 119.84, 121.53]
['2020-04-21', 119.61, 121.14, 118.63, 119.78]
['2020-04-22', 122.34, 122.34, 120.04, 120.85]
['2020-04-23', 121.33, 123.22, 120.79, 121.41]
['2020-04-24', 122.16, 122.78, 120.56, 122.78]
['2020-04-27', 123.03, 125.99, 123.03, 123.85]
['2020-04-28', 125.8, 125.8, 121.89, 122.5]
['2020-04-29', 125.27, 125.27, 121.4, 121.52]
['2020-04-30', 120.09, 123.39, 119.42, 120.02]
['2020-05-01', 119.61, 122.92, 119.56, 122.37]
['2020-05-04', 122.52, 124.77, 122.33, 123.28]
['2020-05-05', 123.51, 125.49, 123.2, 123.85]
['2020-05-06', 124.36, 124.36, 121.26, 121.29]
['2020-05-07', 123.84, 124.83, 122.86, 124.02]
['2020-05-08', 125.21, 125.77, 124.03, 124.63]
['2020-05-11', 123.42, 124.5, 122.56, 123.04]
['2020-05-12', 123.09, 123.56, 120.88, 121.17]
['2020-05-13', 121.67, 121.67, 117.43, 119.3]
['2020-05-14', 118.93, 120.7, 118.13, 120.57]
['2020-05-15', 119.69, 120.74, 118.6, 120.36]
['2020-05-18', 122.68, 125.83, 121.6, 125.01]
['2020-05-19', 126.92, 129.71, 124.42, 124.59]
['2020-05-20', 126.54, 126.54, 123.17, 123.78]
['2020-05-21', 123.8, 124.72, 123.16, 123.89]
['2020-05-22', 123.16, 124.31, 123.12, 124.26]
