['2015-06-25', 6.12, 7.19, 5.97, 6.77]
['2015-06-26', 6.6, 6.77, 6.18, 6.43]
['2015-06-29', 6.12, 6.35, 6.02, 6.15]
['2015-06-30', 6.24, 6.39, 6.13, 6.19]
['2015-07-01', 6.36, 6.38, 6.13, 6.32]
['2015-07-02', 6.49, 6.73, 6.47, 6.67]
['2015-07-06', 6.57, 7.21, 6.4, 6.87]
['2015-07-07', 7.12, 7.5, 6.76, 6.89]
['2015-07-08', 7.38, 7.38, 6.52, 7.15]
['2015-07-09', 7.15, 7.15, 6.5, 7.0]
['2015-07-10', 6.97, 7.0, 6.8, 6.91]
['2015-07-13', 6.87, 6.95, 6.69, 6.88]
['2015-07-14', 6.8, 7.08, 6.75, 7.0]
['2015-07-15', 6.89, 7.1, 6.74, 6.99]
['2015-07-16', 7.25, 7.25, 6.73, 7.13]
['2015-07-17', 7.2, 7.5, 7.0, 7.47]
['2015-07-20', 6.98, 7.66, 6.76, 6.91]
['2015-07-21', 7.16, 7.68, 7.01, 7.33]
['2015-07-22', 7.26, 7.3, 7.0, 7.19]
['2015-07-23', 7.3, 7.3, 6.96, 7.17]
['2015-07-24', 7.01, 7.45, 7.01, 7.18]
['2015-07-27', 7.11, 7.45, 6.08, 6.53]
['2015-07-28', 6.4, 6.74, 6.4, 6.71]
['2015-07-29', 6.8, 7.2, 6.49, 7.2]
['2015-07-30', 7.27, 7.49, 7.09, 7.27]
['2015-07-31', 7.45, 7.45, 7.15, 7.37]
['2015-08-03', 7.45, 7.5, 6.7, 7.16]
['2015-08-04', 7.35, 7.38, 6.4, 6.72]
['2015-08-05', 7.01, 7.13, 6.5, 6.77]
['2015-08-06', 6.7, 7.17, 6.45, 6.63]
['2015-08-07', 6.95, 6.95, 6.4, 6.46]
['2015-08-10', 6.36, 6.79, 6.36, 6.68]
['2015-08-11', 6.75, 6.76, 6.31, 6.33]
['2015-08-12', 6.3, 6.56, 6.12, 6.55]
['2015-08-13', 6.57, 7.1, 6.57, 7.07]
['2015-08-14', 6.89, 7.47, 6.86, 7.43]
['2015-08-17', 8.16, 8.58, 7.44, 8.56]
['2015-08-18', 8.42, 8.58, 8.24, 8.39]
['2015-08-19', 8.28, 8.28, 7.81, 7.97]
['2015-08-20', 7.89, 8.25, 7.49, 7.95]
['2015-08-21', 7.84, 7.84, 7.2, 7.35]
['2015-08-24', 6.87, 7.35, 6.07, 6.12]
['2015-08-25', 6.52, 7.37, 6.48, 6.59]
['2015-08-26', 6.45, 7.16, 6.45, 6.89]
['2015-08-27', 6.76, 7.8, 6.76, 7.42]
['2015-08-28', 7.41, 7.42, 6.65, 6.75]
['2015-08-31', 6.2, 6.63, 6.13, 6.21]
['2015-09-01', 6.23, 6.25, 5.81, 6.0]
['2015-09-02', 6.1, 6.18, 6.01, 6.1]
['2015-09-03', 6.17, 6.93, 6.17, 6.82]
['2015-09-04', 7.14, 7.14, 6.62, 6.84]
['2015-09-08', 7.0, 7.18, 6.46, 6.99]
['2015-09-09', 6.98, 7.37, 6.98, 7.31]
['2015-09-10', 7.19, 7.24, 6.82, 6.94]
['2015-09-11', 7.24, 7.24, 6.98, 6.98]
['2015-09-14', 6.97, 7.01, 6.21, 7.0]
['2015-09-15', 6.98, 7.2, 6.42, 6.54]
['2015-09-16', 6.5, 7.01, 6.38, 6.4]
['2015-09-17', 6.59, 6.59, 6.38, 6.47]
['2015-09-18', 6.44, 6.99, 5.38, 5.38]
['2015-09-21', 5.79, 6.23, 5.7, 5.94]
['2015-09-22', 5.92, 5.99, 5.66, 5.76]
['2015-09-23', 5.69, 6.04, 5.69, 5.98]
['2015-09-24', 5.96, 5.96, 5.72, 5.84]
['2015-09-25', 5.8, 5.9, 5.72, 5.75]
['2015-09-28', 5.51, 5.64, 4.78, 4.98]
['2015-09-29', 5.0, 5.29, 4.86, 4.98]
['2015-09-30', 4.74, 4.74, 3.82, 4.3]
['2015-10-01', 4.38, 4.79, 4.26, 4.76]
['2015-10-02', 4.73, 4.73, 4.01, 4.07]
['2015-10-05', 4.06, 4.1, 3.72, 3.72]
['2015-10-06', 4.23, 4.23, 3.5, 3.53]
['2015-10-07', 3.5, 3.9, 3.48, 3.75]
['2015-10-08', 3.71, 3.77, 3.53, 3.73]
['2015-10-09', 3.72, 3.82, 3.55, 3.63]
['2015-10-12', 3.6, 3.89, 3.48, 3.87]
['2015-10-13', 3.85, 3.9, 3.68, 3.7]
['2015-10-14', 3.66, 3.8, 3.57, 3.72]
['2015-10-15', 3.75, 3.89, 3.57, 3.86]
['2015-10-16', 3.88, 3.93, 3.56, 3.63]
['2015-10-19', 3.58, 3.84, 3.54, 3.72]
['2015-10-20', 3.7, 3.73, 3.42, 3.48]
['2015-10-21', 3.5, 3.5, 3.08, 3.25]
['2015-10-22', 3.24, 3.47, 3.13, 3.3]
['2015-10-23', 3.36, 3.45, 3.06, 3.39]
['2015-10-26', 3.18, 3.35, 3.15, 3.27]
['2015-10-27', 3.27, 3.27, 2.87, 2.93]
['2015-10-28', 3.0, 3.17, 2.78, 3.0]
['2015-10-29', 2.97, 3.05, 2.56, 2.97]
['2015-10-30', 2.96, 3.01, 2.9, 3.0]
['2015-11-02', 3.14, 3.76, 3.03, 3.31]
['2015-11-03', 3.75, 3.75, 3.28, 3.33]
['2015-11-04', 3.51, 3.69, 3.21, 3.31]
['2015-11-05', 3.75, 4.26, 3.65, 4.25]
['2015-11-06', 4.25, 4.52, 4.24, 4.45]
['2015-11-09', 4.5, 4.8, 4.28, 4.41]
['2015-11-10', 4.6, 4.6, 4.29, 4.41]
['2015-11-11', 4.38, 4.39, 4.1, 4.18]
['2015-11-12', 4.13, 4.2, 3.77, 3.79]
['2015-11-13', 3.78, 4.15, 3.38, 3.41]
['2015-11-16', 3.43, 3.58, 2.76, 3.02]
['2015-11-17', 3.02, 3.13, 2.99, 3.12]
['2015-11-18', 3.15, 3.33, 2.98, 3.29]
['2015-11-19', 3.31, 3.43, 3.27, 3.42]
['2015-11-20', 3.49, 3.59, 3.2, 3.55]
['2015-11-23', 3.73, 3.74, 3.54, 3.73]
['2015-11-24', 3.53, 3.61, 3.37, 3.41]
['2015-11-25', 3.47, 3.49, 3.33, 3.46]
['2015-11-27', 3.46, 3.58, 3.46, 3.57]
['2015-11-30', 3.54, 3.55, 3.5, 3.54]
['2015-12-01', 3.57, 3.86, 3.54, 3.83]
['2015-12-02', 3.93, 3.93, 3.73, 3.84]
['2015-12-03', 3.82, 3.86, 3.62, 3.82]
['2015-12-04', 3.81, 4.0, 3.81, 3.87]
['2015-12-07', 3.74, 4.0, 3.55, 3.68]
['2015-12-08', 3.53, 3.72, 3.53, 3.59]
['2015-12-09', 3.56, 3.66, 3.56, 3.63]
['2015-12-10', 3.65, 4.11, 3.65, 4.06]
['2015-12-11', 3.55, 3.56, 3.2, 3.24]
['2015-12-14', 3.24, 3.46, 3.24, 3.36]
['2015-12-15', 3.41, 3.61, 3.3, 3.55]
['2015-12-16', 3.6, 3.69, 3.41, 3.6]
['2015-12-17', 3.63, 3.73, 3.4, 3.55]
['2015-12-18', 3.52, 3.67, 3.4, 3.53]
['2015-12-21', 3.5, 3.5, 3.3, 3.44]
['2015-12-22', 3.45, 3.47, 3.32, 3.46]
['2015-12-23', 3.47, 3.72, 3.34, 3.58]
['2015-12-24', 3.55, 3.65, 3.55, 3.64]
['2015-12-28', 3.55, 3.7, 3.44, 3.5]
['2015-12-29', 3.57, 3.62, 3.41, 3.52]
['2015-12-30', 3.45, 3.48, 3.41, 3.43]
['2015-12-31', 3.45, 3.46, 3.32, 3.38]
['2016-01-04', 3.3, 3.38, 3.22, 3.28]
['2016-01-05', 3.23, 3.33, 3.13, 3.21]
['2016-01-06', 3.15, 3.24, 3.02, 3.14]
['2016-01-07', 3.08, 3.26, 3.01, 3.07]
['2016-01-08', 3.08, 3.15, 2.92, 2.93]
['2016-01-11', 2.94, 3.25, 2.63, 2.86]
['2016-01-12', 2.87, 2.87, 2.44, 2.72]
['2016-01-13', 2.72, 2.76, 2.46, 2.55]
['2016-01-14', 2.55, 2.59, 2.35, 2.49]
['2016-01-15', 2.41, 2.41, 2.21, 2.36]
['2016-01-19', 2.44, 2.45, 2.28, 2.37]
['2016-01-20', 2.34, 2.5, 2.13, 2.43]
['2016-01-21', 2.33, 2.46, 2.31, 2.44]
['2016-01-22', 2.48, 2.63, 2.39, 2.6]
['2016-01-25', 2.61, 2.69, 2.4, 2.55]
['2016-01-26', 2.59, 2.59, 2.31, 2.38]
['2016-01-27', 2.36, 2.36, 2.13, 2.19]
['2016-01-28', 2.24, 3.15, 2.02, 2.08]
['2016-01-29', 2.07, 2.48, 2.07, 2.17]
['2016-02-01', 2.16, 2.22, 2.11, 2.16]
['2016-02-02', 2.11, 2.36, 2.11, 2.21]
['2016-02-03', 2.23, 2.29, 2.02, 2.21]
['2016-02-04', 2.24, 2.3, 2.05, 2.07]
['2016-02-05', 2.08, 2.08, 1.89, 1.89]
['2016-02-08', 1.93, 1.98, 1.8, 1.83]
['2016-02-09', 1.8, 1.95, 1.78, 1.89]
['2016-02-10', 1.89, 1.93, 1.76, 1.84]
['2016-02-11', 1.8, 1.95, 1.8, 1.87]
['2016-02-12', 1.9, 2.59, 1.78, 1.93]
['2016-02-16', 1.94, 1.94, 1.85, 1.92]
['2016-02-17', 1.93, 2.03, 1.89, 1.96]
['2016-02-18', 1.95, 2.2, 1.93, 2.03]
['2016-02-19', 2.05, 2.05, 1.95, 1.99]
['2016-02-22', 2.04, 2.06, 2.0, 2.04]
['2016-02-23', 2.96, 2.96, 2.27, 2.33]
['2016-02-24', 2.3, 2.33, 2.02, 2.14]
['2016-02-25', 2.14, 2.26, 2.03, 2.21]
['2016-02-26', 2.25, 2.39, 2.2, 2.29]
['2016-02-29', 2.23, 2.31, 2.1, 2.12]
['2016-03-01', 2.11, 2.14, 2.02, 2.06]
['2016-03-02', 2.03, 2.12, 2.03, 2.07]
['2016-03-03', 2.06, 2.1, 2.03, 2.05]
['2016-03-04', 2.05, 2.08, 2.03, 2.04]
['2016-03-07', 2.05, 2.28, 2.0, 2.26]
['2016-03-08', 2.23, 2.24, 2.15, 2.15]
['2016-03-09', 2.17, 2.26, 2.04, 2.15]
['2016-03-10', 2.17, 2.17, 2.06, 2.15]
['2016-03-11', 2.18, 2.18, 2.08, 2.13]
['2016-03-14', 2.13, 2.15, 1.94, 1.96]
['2016-03-15', 1.97, 2.03, 1.97, 1.99]
['2016-03-16', 1.99, 2.02, 1.96, 2.0]
['2016-03-17', 2.01, 2.01, 1.96, 2.0]
['2016-03-18', 2.02, 2.05, 1.95, 1.96]
['2016-03-21', 1.99, 2.02, 1.97, 1.98]
['2016-03-22', 1.99, 2.02, 1.96, 1.99]
['2016-03-23', 1.99, 1.99, 1.94, 1.94]
['2016-03-24', 1.94, 1.98, 1.91, 1.94]
['2016-03-28', 1.94, 1.96, 1.92, 1.92]
['2016-03-29', 1.94, 2.0, 1.88, 1.89]
['2016-03-30', 1.92, 2.0, 1.87, 1.89]
['2016-03-31', 1.91, 1.95, 1.88, 1.89]
['2016-04-01', 1.89, 1.92, 1.89, 1.89]
['2016-04-04', 1.88, 1.9, 1.88, 1.89]
['2016-04-05', 1.89, 1.93, 1.88, 1.88]
['2016-04-06', 1.88, 1.9, 1.87, 1.9]
['2016-04-07', 1.9, 1.98, 1.88, 1.88]
['2016-04-08', 1.9, 1.9, 1.87, 1.88]
['2016-04-11', 1.9, 1.9, 1.85, 1.85]
['2016-04-12', 1.83, 1.88, 1.83, 1.88]
['2016-04-13', 1.88, 1.9, 1.88, 1.9]
['2016-04-14', 1.9, 1.9, 1.88, 1.88]
['2016-04-15', 1.88, 1.9, 1.88, 1.88]
['2016-04-18', 1.92, 1.92, 1.87, 1.9]
['2016-04-19', 1.88, 1.98, 1.86, 1.89]
['2016-04-20', 1.89, 1.97, 1.85, 1.85]
['2016-04-21', 1.82, 1.88, 1.82, 1.85]
['2016-04-22', 1.87, 1.94, 1.86, 1.93]
['2016-04-25', 1.95, 1.99, 1.89, 1.9]
['2016-04-26', 2.01, 2.01, 1.92, 1.96]
['2016-04-27', 1.98, 2.05, 1.95, 2.04]
['2016-04-28', 2.05, 2.17, 2.04, 2.05]
['2016-04-29', 2.09, 2.11, 2.04, 2.06]
['2016-05-02', 2.1, 2.12, 2.06, 2.1]
['2016-05-03', 2.1, 2.15, 1.92, 1.94]
['2016-05-04', 2.4, 2.42, 1.94, 1.97]
['2016-05-05', 2.09, 2.12, 2.0, 2.11]
['2016-05-06', 2.12, 2.28, 2.07, 2.1]
['2016-05-09', 2.11, 2.16, 2.09, 2.12]
['2016-05-10', 2.16, 2.26, 2.16, 2.2]
['2016-05-11', 2.21, 2.25, 2.19, 2.19]
['2016-05-12', 2.2, 2.28, 2.18, 2.23]
['2016-05-13', 2.24, 2.26, 2.21, 2.23]
['2016-05-16', 2.25, 2.31, 2.22, 2.3]
['2016-05-17', 2.28, 2.31, 2.2, 2.21]
['2016-05-18', 2.21, 2.28, 2.15, 2.2]
['2016-05-19', 2.2, 2.25, 2.16, 2.19]
['2016-05-20', 2.2, 2.2, 2.14, 2.2]
['2016-05-23', 2.18, 2.22, 2.18, 2.18]
['2016-05-24', 2.17, 2.28, 2.14, 2.27]
['2016-05-25', 2.27, 2.3, 2.22, 2.25]
['2016-05-26', 2.27, 2.32, 2.05, 2.1]
['2016-05-27', 2.11, 2.23, 2.01, 2.06]
['2016-05-31', 2.04, 2.09, 1.95, 1.95]
['2016-06-01', 1.95, 2.15, 1.92, 2.13]
['2016-06-02', 2.14, 2.25, 2.12, 2.24]
['2016-06-03', 2.24, 2.25, 2.11, 2.21]
['2016-06-06', 2.16, 2.32, 2.15, 2.29]
['2016-06-07', 2.4, 2.48, 2.32, 2.41]
['2016-06-08', 2.44, 3.04, 2.39, 2.99]
['2016-06-09', 3.27, 3.41, 2.66, 2.75]
['2016-06-10', 2.7, 2.73, 2.59, 2.69]
['2016-06-13', 2.65, 2.81, 2.62, 2.77]
['2016-06-14', 2.74, 2.92, 2.74, 2.8]
['2016-06-15', 2.69, 2.86, 2.66, 2.77]
['2016-06-16', 2.73, 2.81, 2.65, 2.73]
['2016-06-17', 2.74, 2.79, 2.68, 2.68]
['2016-06-20', 2.68, 2.78, 2.68, 2.73]
['2016-06-21', 2.73, 2.81, 2.66, 2.76]
['2016-06-22', 2.76, 2.81, 2.72, 2.78]
['2016-06-23', 2.82, 2.83, 2.68, 2.7]
['2016-06-24', 2.65, 2.79, 2.51, 2.76]
['2016-06-27', 2.83, 3.29, 2.6, 3.15]
['2016-06-28', 3.22, 3.78, 3.16, 3.65]
['2016-06-29', 3.62, 4.36, 3.61, 4.2]
['2016-06-30', 4.24, 4.37, 3.6, 3.67]
['2016-07-01', 3.64, 4.37, 3.64, 4.14]
['2016-07-05', 4.26, 4.27, 3.9, 4.1]
['2016-07-06', 4.11, 4.75, 3.97, 4.73]
['2016-07-07', 4.73, 4.81, 4.28, 4.38]
['2016-07-08', 4.41, 4.85, 4.41, 4.65]
['2016-07-11', 4.77, 5.17, 4.75, 4.84]
['2016-07-12', 4.98, 5.04, 4.46, 4.71]
['2016-07-13', 4.66, 4.99, 4.63, 4.76]
['2016-07-14', 4.8, 4.96, 4.58, 4.8]
['2016-07-15', 4.77, 4.86, 4.66, 4.77]
['2016-07-18', 4.83, 5.0, 4.68, 4.8]
['2016-07-19', 4.81, 4.86, 4.63, 4.64]
['2016-07-20', 4.65, 4.65, 4.31, 4.47]
['2016-07-21', 4.42, 4.49, 4.13, 4.22]
['2016-07-22', 4.25, 4.35, 4.0, 4.3]
['2016-07-25', 4.26, 4.34, 4.07, 4.16]
['2016-07-26', 4.07, 4.23, 3.94, 4.05]
['2016-07-27', 4.06, 4.3, 3.95, 4.25]
['2016-07-28', 4.25, 4.48, 4.08, 4.25]
['2016-07-29', 4.22, 4.32, 3.99, 4.25]
['2016-08-01', 4.12, 4.18, 3.87, 3.87]
['2016-08-02', 3.81, 3.81, 3.57, 3.61]
['2016-08-03', 3.57, 3.77, 3.46, 3.68]
['2016-08-04', 3.7, 3.98, 3.7, 3.89]
['2016-08-05', 4.2, 6.3, 4.2, 6.0]
['2016-08-08', 5.82, 5.88, 5.21, 5.75]
['2016-08-09', 5.79, 6.3, 5.75, 6.03]
['2016-08-10', 6.1, 6.28, 5.65, 5.8]
['2016-08-11', 5.78, 6.11, 5.62, 5.68]
['2016-08-12', 5.75, 6.6, 5.68, 6.45]
['2016-08-15', 6.79, 8.41, 6.75, 7.58]
['2016-08-16', 7.45, 7.52, 6.8, 7.12]
['2016-08-17', 7.05, 7.24, 6.77, 7.1]
['2016-08-18', 7.02, 7.75, 7.02, 7.5]
['2016-08-19', 7.54, 8.1, 7.5, 7.89]
['2016-08-22', 8.01, 8.59, 8.0, 8.19]
['2016-08-23', 8.2, 8.72, 6.62, 7.38]
['2016-08-24', 7.18, 7.61, 6.9, 7.16]
['2016-08-25', 7.07, 7.76, 7.02, 7.62]
['2016-08-26', 7.51, 8.43, 7.5, 8.25]
['2016-08-29', 8.46, 9.81, 8.43, 9.7]
['2016-08-30', 9.8, 10.1, 9.08, 9.59]
['2016-08-31', 9.65, 9.75, 9.19, 9.52]
['2016-09-01', 9.73, 9.74, 9.36, 9.5]
['2016-09-02', 9.63, 9.63, 9.35, 9.4]
['2016-09-06', 9.38, 9.4, 8.6, 9.36]
['2016-09-07', 9.36, 9.6, 9.12, 9.55]
['2016-09-08', 9.53, 9.75, 9.33, 9.46]
['2016-09-09', 7.56, 7.95, 7.18, 7.44]
['2016-09-12', 7.24, 8.01, 7.21, 7.94]
['2016-09-13', 7.69, 8.11, 7.52, 7.87]
['2016-09-14', 7.87, 8.11, 7.74, 7.99]
['2016-09-15', 7.91, 8.38, 7.91, 8.29]
['2016-09-16', 8.38, 8.38, 7.99, 8.35]
['2016-09-19', 8.3, 8.76, 8.3, 8.45]
['2016-09-20', 8.5, 8.62, 8.3, 8.5]
['2016-09-21', 8.52, 8.66, 8.35, 8.65]
['2016-09-22', 8.78, 9.13, 8.66, 9.07]
['2016-09-23', 8.92, 9.04, 8.49, 8.49]
['2016-09-26', 8.17, 8.39, 8.0, 8.21]
['2016-09-27', 8.07, 8.59, 8.05, 8.22]
['2016-09-28', 8.16, 8.31, 8.1, 8.27]
['2016-09-29', 8.22, 8.3, 7.83, 7.89]
['2016-09-30', 7.95, 8.33, 7.87, 8.28]
['2016-10-03', 8.19, 8.31, 7.91, 8.23]
['2016-10-04', 8.29, 8.58, 8.19, 8.39]
['2016-10-05', 8.55, 8.58, 8.19, 8.23]
['2016-10-06', 8.23, 8.5, 8.09, 8.2]
['2016-10-07', 8.31, 8.38, 8.06, 8.28]
['2016-10-10', 8.21, 8.42, 7.95, 8.05]
['2016-10-11', 7.9, 8.43, 7.81, 8.02]
['2016-10-12', 8.01, 8.03, 7.62, 7.77]
['2016-10-13', 7.65, 8.05, 7.61, 7.98]
['2016-10-14', 8.01, 8.25, 7.65, 7.7]
['2016-10-17', 7.7, 8.45, 7.7, 8.45]
['2016-10-18', 8.55, 8.8, 8.5, 8.65]
['2016-10-19', 8.85, 8.9, 8.3, 8.5]
['2016-10-20', 8.5, 9.35, 8.5, 9.25]
['2016-10-21', 9.2, 9.35, 8.9, 9.05]
['2016-10-24', 9.4, 10.3, 9.2, 9.7]
['2016-10-25', 9.85, 10.0, 9.05, 9.15]
['2016-10-26', 9.15, 9.35, 8.6, 8.7]
['2016-10-27', 8.6, 8.95, 8.35, 8.4]
['2016-10-28', 8.35, 8.85, 8.15, 8.15]
['2016-10-31', 8.2, 8.75, 8.15, 8.65]
['2016-11-01', 8.65, 9.15, 8.5, 9.05]
['2016-11-02', 9.55, 9.95, 9.05, 9.5]
['2016-11-03', 9.5, 9.65, 8.6, 8.6]
['2016-11-04', 8.7, 9.35, 8.6, 8.8]
['2016-11-07', 9.1, 9.3, 9.0, 9.2]
['2016-11-08', 9.45, 9.55, 8.95, 9.05]
['2016-11-09', 8.6, 9.35, 8.25, 9.3]
['2016-11-10', 9.45, 9.45, 8.95, 9.45]
['2016-11-11', 9.5, 10.2, 9.5, 9.85]
['2016-11-14', 9.6, 10.7, 9.45, 10.2]
['2016-11-15', 10.4, 10.85, 10.25, 10.25]
['2016-11-16', 9.1, 9.35, 8.85, 9.05]
['2016-11-17', 9.05, 9.32, 8.85, 9.25]
['2016-11-18', 9.35, 9.35, 9.1, 9.25]
['2016-11-21', 9.3, 9.5, 8.98, 9.15]
['2016-11-22', 9.25, 9.5, 9.1, 9.35]
['2016-11-23', 9.55, 10.0, 9.36, 9.85]
['2016-11-25', 9.9, 10.05, 9.75, 9.75]
['2016-11-28', 9.9, 10.05, 9.4, 9.6]
['2016-11-29', 9.6, 9.75, 9.3, 9.5]
['2016-11-30', 9.7, 9.75, 9.1, 9.1]
['2016-12-01', 9.2, 9.45, 9.0, 9.2]
['2016-12-02', 9.2, 9.65, 9.05, 9.15]
['2016-12-05', 9.05, 9.4, 9.05, 9.25]
['2016-12-06', 9.45, 9.5, 9.2, 9.4]
['2016-12-07', 9.45, 9.65, 9.2, 9.55]
['2016-12-08', 9.5, 9.55, 9.2, 9.3]
['2016-12-09', 9.35, 9.45, 9.05, 9.45]
['2016-12-12', 9.4, 9.45, 9.15, 9.35]
['2016-12-13', 9.05, 9.35, 9.0, 9.05]
['2016-12-14', 9.05, 9.2, 8.9, 9.05]
['2016-12-15', 9.1, 9.15, 8.9, 9.0]
['2016-12-16', 9.05, 9.05, 8.1, 8.77]
['2016-12-19', 8.75, 9.18, 8.65, 9.0]
['2016-12-20', 8.7, 9.2, 8.7, 8.75]
['2016-12-21', 8.8, 9.15, 8.7, 8.95]
['2016-12-22', 8.85, 9.1, 8.6, 8.6]
['2016-12-23', 8.65, 8.8, 8.5, 8.55]
['2016-12-27', 8.55, 8.75, 8.4, 8.45]
['2016-12-28', 8.5, 8.6, 8.05, 8.3]
['2016-12-29', 8.25, 8.45, 8.25, 8.4]
['2016-12-30', 8.4, 8.65, 8.35, 8.6]
['2017-01-03', 8.65, 8.93, 8.5, 8.85]
['2017-01-04', 8.95, 8.96, 8.5, 8.6]
['2017-01-05', 8.65, 8.85, 8.12, 8.3]
['2017-01-06', 8.3, 8.51, 8.05, 8.25]
['2017-01-09', 8.25, 8.8, 8.25, 8.5]
['2017-01-10', 8.45, 8.85, 8.45, 8.75]
['2017-01-11', 8.75, 9.1, 8.65, 9.05]
['2017-01-12', 9.0, 9.05, 8.65, 8.85]
['2017-01-13', 8.85, 9.1, 8.85, 9.0]
['2017-01-17', 9.05, 9.2, 9.01, 9.15]
['2017-01-18', 9.15, 9.45, 9.05, 9.25]
['2017-01-19', 9.25, 9.3, 9.0, 9.05]
['2017-01-20', 9.05, 9.3, 9.0, 9.15]
['2017-01-23', 9.0, 9.05, 8.55, 8.55]
['2017-01-24', 8.55, 8.77, 7.95, 8.65]
['2017-01-25', 8.65, 9.1, 8.6, 8.8]
['2017-01-26', 8.85, 8.9, 8.65, 8.7]
['2017-01-27', 8.85, 8.9, 8.65, 8.85]
['2017-01-30', 8.8, 8.93, 8.55, 8.8]
['2017-01-31', 8.8, 8.8, 8.35, 8.5]
['2017-02-01', 8.55, 8.65, 8.45, 8.55]
['2017-02-02', 8.65, 8.65, 8.15, 8.3]
['2017-02-03', 8.35, 8.95, 8.25, 8.9]
['2017-02-06', 8.85, 9.05, 8.5, 9.0]
['2017-02-07', 9.0, 9.15, 8.85, 9.05]
['2017-02-08', 9.05, 9.41, 8.9, 9.3]
['2017-02-09', 9.35, 9.62, 9.1, 9.35]
['2017-02-10', 9.4, 9.5, 9.25, 9.35]
['2017-02-13', 9.35, 9.45, 9.1, 9.3]
['2017-02-14', 9.25, 9.45, 9.1, 9.2]
['2017-02-15', 9.15, 9.35, 9.1, 9.25]
['2017-02-16', 9.2, 9.35, 9.05, 9.05]
['2017-02-17', 9.05, 9.5, 9.0, 9.45]
['2017-02-21', 9.55, 9.6, 9.25, 9.35]
['2017-02-22', 10.0, 12.5, 10.0, 12.15]
['2017-02-23', 12.25, 12.45, 11.9, 12.05]
['2017-02-24', 12.0, 13.43, 12.0, 12.65]
['2017-02-27', 12.9, 13.3, 12.25, 12.6]
['2017-02-28', 12.45, 13.1, 12.45, 12.8]
['2017-03-01', 13.05, 13.43, 13.0, 13.4]
['2017-03-02', 13.5, 14.2, 13.2, 13.9]
['2017-03-03', 14.0, 14.1, 13.2, 13.4]
['2017-03-06', 13.25, 13.7, 13.2, 13.35]
['2017-03-07', 13.25, 13.65, 12.8, 13.1]
['2017-03-08', 13.1, 13.45, 12.85, 13.05]
['2017-03-09', 13.1, 13.38, 12.85, 12.9]
['2017-03-10', 13.0, 13.35, 12.9, 13.25]
['2017-03-13', 13.35, 14.25, 13.35, 14.05]
['2017-03-14', 12.35, 12.65, 12.0, 12.32]
['2017-03-15', 12.4, 12.85, 12.3, 12.3]
['2017-03-16', 12.35, 12.7, 12.25, 12.4]
['2017-03-17', 12.3, 12.55, 12.1, 12.45]
['2017-03-20', 12.55, 12.55, 12.05, 12.3]
['2017-03-21', 12.25, 12.45, 11.75, 11.8]
['2017-03-22', 11.7, 12.15, 11.05, 11.8]
['2017-03-23', 11.85, 12.15, 11.5, 11.9]
['2017-03-24', 11.85, 12.2, 11.7, 11.9]
['2017-03-27', 11.75, 12.35, 11.5, 12.15]
['2017-03-28', 12.0, 12.25, 11.9, 12.15]
['2017-03-29', 12.15, 12.4, 12.1, 12.2]
['2017-03-30', 12.15, 12.5, 12.05, 12.4]
['2017-03-31', 12.45, 12.75, 12.3, 12.5]
['2017-04-03', 12.45, 12.45, 11.55, 12.35]
['2017-04-04', 12.25, 12.4, 11.9, 12.3]
['2017-04-05', 12.3, 12.4, 12.1, 12.25]
['2017-04-06', 12.25, 12.7, 12.1, 12.65]
['2017-04-07', 12.6, 12.65, 12.05, 12.25]
['2017-04-10', 12.25, 12.3, 11.6, 11.75]
['2017-04-11', 11.45, 11.95, 11.45, 11.6]
['2017-04-12', 11.55, 11.75, 11.2, 11.25]
['2017-04-13', 11.2, 11.25, 10.65, 10.85]
['2017-04-17', 10.85, 11.7, 10.8, 11.3]
['2017-04-18', 11.4, 11.65, 11.3, 11.5]
['2017-04-19', 11.55, 12.05, 11.52, 11.85]
['2017-04-20', 11.85, 12.1, 11.77, 12.0]
['2017-04-21', 11.95, 12.15, 11.55, 11.6]
['2017-04-24', 11.75, 11.9, 11.65, 11.8]
['2017-04-25', 11.8, 12.0, 11.6, 11.8]
['2017-04-26', 11.85, 12.1, 11.65, 12.05]
['2017-04-27', 12.05, 12.9, 12.05, 12.85]
['2017-04-28', 12.9, 13.2, 12.7, 13.0]
['2017-05-01', 13.05, 13.5, 12.75, 13.4]
['2017-05-02', 13.5, 13.55, 12.75, 12.9]
['2017-05-03', 13.45, 15.95, 13.4, 15.15]
['2017-05-04', 14.25, 14.4, 13.5, 13.75]
['2017-05-05', 13.75, 13.85, 13.4, 13.6]
['2017-05-08', 13.75, 14.91, 13.75, 14.0]
['2017-05-09', 14.75, 15.45, 14.55, 15.4]
['2017-05-10', 15.4, 16.55, 15.31, 16.2]
['2017-05-11', 16.25, 16.85, 15.8, 15.85]
['2017-05-12', 15.85, 16.85, 15.8, 16.5]
['2017-05-15', 16.8, 17.15, 15.95, 16.45]
['2017-05-16', 16.45, 16.7, 16.0, 16.4]
['2017-05-17', 16.2, 16.35, 15.8, 15.8]
['2017-05-18', 15.75, 16.0, 15.3, 15.8]
['2017-05-19', 15.85, 16.48, 15.8, 16.3]
['2017-05-22', 16.35, 17.45, 16.0, 17.2]
['2017-05-23', 17.1, 17.35, 16.55, 16.75]
['2017-05-24', 16.85, 17.1, 16.5, 16.8]
['2017-05-25', 16.9, 17.25, 16.65, 17.0]
['2017-05-26', 17.0, 17.25, 16.7, 17.05]
['2017-05-30', 17.0, 17.05, 16.45, 16.5]
['2017-05-31', 16.6, 16.73, 16.25, 16.6]
['2017-06-01', 16.65, 16.85, 16.2, 16.75]
['2017-06-02', 16.75, 16.91, 16.4, 16.75]
['2017-06-05', 16.4, 16.65, 15.4, 16.25]
['2017-06-06', 16.1, 16.2, 15.6, 16.05]
['2017-06-07', 16.05, 16.83, 15.9, 16.7]
['2017-06-08', 16.5, 16.85, 16.15, 16.8]
['2017-06-09', 16.65, 16.8, 15.76, 16.05]
['2017-06-12', 15.35, 15.95, 15.1, 15.7]
['2017-06-13', 15.8, 16.1, 15.35, 15.95]
['2017-06-14', 16.1, 16.6, 15.75, 16.25]
['2017-06-15', 15.0, 15.2, 14.6, 14.8]
['2017-06-16', 14.85, 15.1, 14.75, 15.1]
['2017-06-19', 15.1, 15.7, 14.95, 15.45]
['2017-06-20', 15.4, 15.65, 15.05, 15.1]
['2017-06-21', 15.1, 15.65, 15.1, 15.3]
['2017-06-22', 15.3, 15.55, 15.0, 15.1]
['2017-06-23', 15.15, 15.65, 14.75, 15.6]
['2017-06-26', 15.85, 16.85, 15.8, 16.25]
['2017-06-27', 16.25, 16.9, 15.8, 16.15]
['2017-06-28', 16.3, 17.42, 16.15, 17.4]
['2017-06-29', 17.45, 17.75, 16.95, 17.4]
['2017-06-30', 17.55, 17.85, 17.1, 17.65]
['2017-07-03', 18.1, 18.45, 17.4, 17.55]
['2017-07-05', 17.55, 18.5, 17.45, 18.45]
['2017-07-06', 18.25, 18.8, 17.95, 18.45]
['2017-07-07', 18.5, 18.5, 17.55, 18.0]
['2017-07-10', 17.8, 18.15, 17.12, 18.1]
['2017-07-11', 18.1, 18.2, 17.55, 18.0]
['2017-07-12', 18.25, 18.45, 17.95, 18.33]
['2017-07-13', 18.4, 18.5, 17.8, 18.25]
['2017-07-14', 18.0, 18.3, 17.45, 17.55]
['2017-07-17', 17.55, 18.9, 17.5, 18.45]
['2017-07-18', 18.45, 18.62, 18.15, 18.45]
['2017-07-19', 18.6, 18.62, 18.15, 18.45]
['2017-07-20', 18.6, 18.7, 18.2, 18.55]
['2017-07-21', 18.75, 18.9, 18.3, 18.55]
['2017-07-24', 18.6, 19.15, 18.15, 19.15]
['2017-07-25', 19.15, 19.4, 18.85, 19.35]
['2017-07-26', 19.45, 19.5, 18.85, 19.2]
['2017-07-27', 19.25, 19.5, 18.7, 18.9]
['2017-07-28', 18.8, 20.4, 18.55, 19.55]
['2017-07-31', 19.8, 19.8, 18.3, 18.45]
['2017-08-01', 18.7, 19.25, 18.35, 18.65]
['2017-08-02', 20.2, 20.45, 15.4, 15.5]
['2017-08-03', 15.65, 16.85, 15.65, 16.25]
['2017-08-04', 16.3, 17.6, 15.9, 17.2]
['2017-08-07', 17.45, 19.1, 17.45, 18.85]
['2017-08-08', 18.85, 19.95, 18.6, 18.9]
['2017-08-09', 18.9, 19.0, 18.2, 18.5]
['2017-08-10', 18.55, 18.6, 17.95, 18.0]
['2017-08-11', 18.1, 19.35, 18.02, 19.15]
['2017-08-14', 18.25, 18.3, 16.6, 17.15]
['2017-08-15', 17.25, 17.45, 16.38, 16.85]
['2017-08-16', 16.85, 17.2, 15.65, 15.7]
['2017-08-17', 15.7, 16.3, 15.05, 16.1]
['2017-08-18', 15.95, 15.98, 15.35, 15.85]
['2017-08-21', 15.9, 15.9, 15.25, 15.5]
['2017-08-22', 15.55, 16.45, 15.5, 16.25]
['2017-08-23', 16.0, 16.75, 16.0, 16.7]
['2017-08-24', 16.75, 17.05, 16.6, 17.0]
['2017-08-25', 17.0, 17.2, 16.85, 17.1]
['2017-08-28', 17.15, 17.15, 16.83, 17.0]
['2017-08-29', 16.9, 17.15, 16.8, 16.9]
['2017-08-30', 16.95, 17.2, 16.88, 16.95]
['2017-08-31', 17.1, 17.55, 17.0, 17.5]
['2017-09-01', 17.45, 17.45, 16.7, 16.8]
['2017-09-05', 16.6, 17.2, 16.5, 17.05]
['2017-09-06', 17.2, 17.3, 16.3, 16.4]
['2017-09-07', 16.3, 16.75, 16.2, 16.4]
['2017-09-08', 16.45, 16.75, 16.33, 16.5]
['2017-09-11', 16.5, 16.85, 16.35, 16.75]
['2017-09-12', 16.8, 17.65, 16.8, 17.4]
['2017-09-13', 17.35, 17.6, 17.0, 17.15]
['2017-09-14', 17.0, 17.52, 16.85, 17.45]
['2017-09-15', 17.35, 17.35, 16.87, 17.15]
['2017-09-18', 17.05, 17.45, 17.05, 17.45]
['2017-09-19', 17.4, 17.45, 17.15, 17.25]
['2017-09-20', 17.4, 17.5, 17.2, 17.45]
['2017-09-21', 17.4, 17.5, 17.2, 17.45]
['2017-09-22', 17.4, 17.95, 17.23, 17.35]
['2017-09-25', 17.35, 17.65, 17.15, 17.5]
['2017-09-26', 17.55, 17.67, 17.25, 17.45]
['2017-09-27', 17.6, 17.73, 17.4, 17.55]
['2017-09-28', 17.6, 17.85, 17.45, 17.7]
['2017-09-29', 17.8, 17.95, 17.55, 17.8]
['2017-10-02', 17.8, 18.2, 17.8, 18.0]
['2017-10-03', 17.9, 18.1, 17.75, 18.0]
['2017-10-04', 17.85, 18.25, 17.8, 17.9]
['2017-10-05', 17.95, 18.33, 17.9, 18.0]
['2017-10-06', 18.1, 18.23, 17.85, 18.15]
['2017-10-09', 18.2, 18.3, 17.8, 17.8]
['2017-10-10', 18.0, 18.5, 17.95, 18.4]
['2017-10-11', 18.4, 19.0, 18.35, 18.7]
['2017-10-12', 18.75, 18.95, 18.5, 18.6]
['2017-10-13', 18.65, 18.65, 17.75, 17.85]
['2017-10-16', 17.8, 17.9, 17.6, 17.75]
['2017-10-17', 17.7, 17.95, 17.4, 17.85]
['2017-10-18', 17.9, 17.95, 17.5, 17.55]
['2017-10-19', 17.45, 17.65, 17.15, 17.4]
['2017-10-20', 17.6, 18.25, 17.5, 18.25]
['2017-10-23', 18.25, 18.7, 18.05, 18.25]
['2017-10-24', 18.3, 18.45, 18.1, 18.15]
['2017-10-25', 18.1, 18.4, 18.0, 18.25]
['2017-10-26', 18.3, 18.7, 18.1, 18.45]
['2017-10-27', 18.45, 19.35, 18.4, 19.3]
['2017-10-30', 19.3, 19.45, 18.85, 19.1]
['2017-10-31', 19.05, 20.0, 19.0, 19.9]
['2017-11-01', 20.05, 20.15, 18.6, 18.7]
['2017-11-02', 19.25, 22.75, 19.25, 22.6]
['2017-11-03', 22.55, 23.0, 21.38, 22.3]
['2017-11-06', 21.75, 24.1, 21.75, 22.95]
['2017-11-07', 23.1, 23.42, 21.05, 22.05]
['2017-11-08', 21.8, 22.5, 21.62, 22.35]
['2017-11-09', 22.35, 24.0, 22.15, 22.95]
['2017-11-10', 22.95, 23.35, 22.2, 22.25]
['2017-11-13', 22.0, 22.4, 21.6, 22.0]
['2017-11-14', 21.9, 22.3, 21.55, 22.05]
['2017-11-15', 21.7, 21.85, 21.05, 21.55]
['2017-11-16', 21.5, 22.2, 21.4, 21.85]
['2017-11-17', 21.75, 22.4, 21.25, 22.35]
['2017-11-20', 22.1, 22.95, 21.75, 22.85]
['2017-11-21', 22.95, 23.5, 22.95, 23.4]
['2017-11-22', 23.35, 23.55, 22.5, 22.8]
['2017-11-24', 22.9, 23.0, 22.4, 22.7]
['2017-11-27', 22.85, 23.05, 22.0, 22.2]
['2017-11-28', 22.2, 23.15, 22.2, 22.85]
['2017-11-29', 23.0, 23.0, 22.4, 22.55]
['2017-11-30', 22.9, 22.9, 21.95, 22.4]
['2017-12-01', 22.5, 22.5, 21.35, 21.85]
['2017-12-04', 22.15, 22.29, 20.5, 20.75]
['2017-12-05', 20.75, 20.95, 20.3, 20.4]
['2017-12-06', 20.3, 20.95, 20.1, 20.85]
['2017-12-07', 20.85, 21.35, 20.5, 20.65]
['2017-12-08', 20.85, 20.95, 20.55, 20.85]
['2017-12-11', 20.85, 20.95, 20.35, 20.55]
['2017-12-12', 20.65, 20.95, 20.45, 20.5]
['2017-12-13', 20.6, 20.8, 20.4, 20.6]
['2017-12-14', 20.55, 20.8, 19.75, 19.9]
['2017-12-15', 19.95, 20.1, 19.5, 19.7]
['2017-12-18', 19.9, 20.65, 19.9, 20.35]
['2017-12-19', 20.35, 20.65, 19.95, 20.15]
['2017-12-20', 20.4, 20.7, 20.2, 20.6]
['2017-12-21', 20.55, 20.9, 20.1, 20.3]
['2017-12-22', 20.2, 20.7, 20.15, 20.55]
['2017-12-26', 20.6, 21.45, 20.45, 21.2]
['2017-12-27', 21.2, 22.55, 21.2, 22.15]
['2017-12-28', 22.3, 22.33, 20.95, 21.15]
['2017-12-29', 21.15, 21.33, 20.3, 20.45]
['2018-01-02', 20.6, 21.3, 20.15, 21.0]
['2018-01-03', 21.0, 21.1, 20.5, 20.9]
['2018-01-04', 21.0, 21.1, 20.25, 20.58]
['2018-01-05', 20.55, 21.75, 20.4, 21.7]
['2018-01-08', 21.6, 21.65, 20.7, 20.85]
['2018-01-09', 20.95, 22.65, 20.95, 22.5]
['2018-01-10', 22.35, 23.75, 22.15, 23.55]
['2018-01-11', 23.7, 24.1, 23.05, 23.65]
['2018-01-12', 23.7, 23.95, 23.3, 23.48]
['2018-01-16', 23.55, 23.9, 21.92, 22.15]
['2018-01-17', 22.35, 22.6, 22.0, 22.4]
['2018-01-18', 22.35, 23.0, 22.25, 22.6]
['2018-01-19', 22.55, 22.85, 22.35, 22.8]
['2018-01-22', 22.85, 23.2, 22.4, 23.2]
['2018-01-23', 23.2, 23.6, 22.95, 23.5]
['2018-01-24', 23.6, 24.4, 22.45, 22.95]
['2018-01-25', 23.2, 24.45, 23.0, 24.3]
['2018-01-26', 24.35, 24.45, 23.3, 23.6]
['2018-01-29', 23.5, 24.35, 23.35, 24.15]
['2018-01-30', 23.85, 24.3, 23.35, 23.8]
['2018-01-31', 23.9, 23.9, 22.85, 23.0]
['2018-02-01', 22.9, 23.35, 21.9, 23.15]
['2018-02-02', 22.95, 22.95, 21.75, 21.9]
['2018-02-05', 21.55, 22.15, 20.4, 20.5]
['2018-02-06', 20.3, 20.95, 19.55, 20.85]
['2018-02-07', 20.7, 20.9, 19.9, 20.15]
['2018-02-08', 20.25, 20.3, 19.6, 19.7]
['2018-02-09', 19.95, 20.15, 18.8, 19.95]
['2018-02-12', 20.0, 20.6, 19.35, 19.8]
['2018-02-13', 19.65, 20.2, 19.25, 19.9]
['2018-02-14', 19.9, 20.6, 19.8, 20.15]
['2018-02-15', 20.0, 20.45, 19.65, 20.35]
['2018-02-16', 20.25, 20.73, 20.25, 20.55]
['2018-02-20', 20.15, 20.77, 20.15, 20.5]
['2018-02-21', 20.7, 21.45, 20.65, 20.95]
['2018-02-22', 20.95, 20.95, 19.7, 19.8]
['2018-02-23', 20.0, 20.1, 19.3, 19.8]
['2018-02-26', 19.8, 20.3, 19.35, 20.0]
['2018-02-27', 17.05, 17.6, 15.05, 15.35]
['2018-02-28', 15.25, 15.7, 15.15, 15.3]
['2018-03-01', 15.4, 15.85, 14.8, 14.85]
['2018-03-02', 14.9, 16.5, 14.45, 16.4]
['2018-03-05', 16.15, 16.4, 15.55, 15.8]
['2018-03-06', 15.8, 15.9, 15.0, 15.35]
['2018-03-07', 15.15, 15.75, 15.15, 15.7]
['2018-03-08', 15.65, 15.9, 15.55, 15.7]
['2018-03-09', 15.85, 16.55, 15.7, 16.0]
['2018-03-12', 15.95, 17.0, 15.95, 16.8]
['2018-03-13', 16.95, 16.95, 16.35, 16.45]
['2018-03-14', 16.45, 16.85, 16.25, 16.4]
['2018-03-15', 16.4, 16.55, 16.15, 16.2]
['2018-03-16', 16.2, 16.7, 16.1, 16.2]
['2018-03-19', 16.1, 16.15, 15.5, 15.55]
['2018-03-20', 15.65, 16.15, 15.65, 16.1]
['2018-03-21', 16.05, 16.3, 15.9, 16.15]
['2018-03-22', 15.9, 15.9, 15.05, 15.1]
['2018-03-23', 15.15, 15.73, 15.15, 15.5]
['2018-03-26', 15.9, 16.45, 15.5, 16.45]
['2018-03-27', 16.55, 16.55, 15.65, 15.8]
['2018-03-28', 15.8, 16.0, 15.5, 15.65]
['2018-03-29', 15.8, 16.15, 15.65, 15.9]
['2018-04-02', 15.75, 16.5, 15.6, 15.9]
['2018-04-03', 15.75, 15.88, 15.05, 15.4]
['2018-04-04', 15.25, 15.95, 15.1, 15.9]
['2018-04-05', 16.1, 16.25, 15.8, 16.1]
['2018-04-06', 15.9, 16.1, 15.1, 15.35]
['2018-04-09', 15.5, 15.65, 14.8, 14.85]
['2018-04-10', 15.0, 15.5, 14.93, 15.3]
['2018-04-11', 15.1, 15.6, 14.11, 15.5]
['2018-04-12', 15.55, 15.95, 15.35, 15.75]
['2018-04-13', 15.85, 16.35, 15.65, 15.95]
['2018-04-16', 16.0, 16.6, 15.35, 16.45]
['2018-04-17', 16.5, 17.25, 16.35, 17.2]
['2018-04-18', 17.25, 17.4, 16.95, 17.15]
['2018-04-19', 17.15, 17.45, 17.0, 17.3]
['2018-04-20', 17.15, 17.65, 17.1, 17.55]
['2018-04-23', 17.6, 17.7, 17.3, 17.6]
['2018-04-24', 17.7, 17.7, 17.3, 17.55]
['2018-04-25', 17.55, 17.7, 17.08, 17.35]
['2018-04-26', 17.5, 18.08, 17.4, 17.9]
['2018-04-27', 18.0, 18.05, 17.65, 18.0]
['2018-04-30', 17.85, 18.05, 17.73, 17.8]
['2018-05-01', 17.8, 18.45, 17.75, 18.35]
['2018-05-02', 18.35, 19.35, 18.02, 18.7]
['2018-05-03', 19.35, 19.95, 17.7, 17.9]
['2018-05-04', 17.85, 17.85, 16.1, 16.42]
['2018-05-07', 16.4, 16.5, 15.55, 15.65]
['2018-05-08', 15.55, 15.55, 14.2, 14.35]
['2018-05-09', 14.35, 14.6, 13.88, 14.0]
['2018-05-10', 14.1, 14.95, 14.0, 14.8]
['2018-05-11', 14.9, 15.0, 14.15, 14.9]
['2018-05-14', 14.85, 15.1, 14.43, 14.45]
['2018-05-15', 14.45, 14.55, 14.2, 14.3]
['2018-05-16', 14.4, 14.7, 14.1, 14.5]
['2018-05-17', 14.4, 14.65, 14.1, 14.15]
['2018-05-18', 14.25, 14.3, 13.95, 14.25]
['2018-05-21', 14.35, 14.5, 13.95, 14.15]
['2018-05-22', 14.15, 14.2, 13.8, 13.85]
['2018-05-23', 13.85, 13.9, 13.6, 13.65]
['2018-05-24', 13.6, 14.25, 13.55, 14.1]
['2018-05-25', 14.0, 14.6, 13.95, 14.55]
['2018-05-29', 14.5, 14.55, 13.85, 14.15]
['2018-05-30', 14.15, 14.35, 14.0, 14.2]
['2018-05-31', 14.25, 14.85, 13.85, 14.0]
['2018-06-01', 14.15, 14.65, 14.0, 14.6]
['2018-06-04', 14.65, 15.4, 14.45, 15.2]
['2018-06-05', 15.15, 15.25, 14.2, 14.45]
['2018-06-06', 14.45, 14.95, 14.15, 14.7]
['2018-06-07', 14.5, 15.0, 13.88, 14.45]
['2018-06-08', 14.45, 14.55, 13.85, 14.1]
['2018-06-11', 14.15, 14.85, 14.13, 14.7]
['2018-06-12', 14.75, 14.9, 14.35, 14.45]
['2018-06-13', 14.45, 14.85, 14.35, 14.6]
['2018-06-14', 14.65, 14.7, 14.15, 14.25]
['2018-06-15', 14.15, 14.55, 13.95, 14.5]
['2018-06-18', 14.65, 15.4, 14.4, 15.3]
['2018-06-19', 15.1, 15.35, 14.6, 15.35]
['2018-06-20', 15.3, 15.3, 14.65, 14.65]
['2018-06-21', 14.7, 14.75, 14.35, 14.5]
['2018-06-22', 14.5, 15.25, 14.35, 15.15]
['2018-06-25', 15.0, 15.0, 14.3, 14.35]
['2018-06-26', 14.4, 15.1, 14.35, 15.0]
['2018-06-27', 14.95, 14.95, 14.2, 14.3]
['2018-06-28', 14.2, 15.0, 14.2, 14.65]
['2018-06-29', 14.75, 14.9, 14.52, 14.55]
['2018-07-02', 14.55, 14.9, 14.45, 14.85]
['2018-07-03', 15.0, 15.2, 14.8, 14.9]
['2018-07-05', 15.0, 15.15, 14.6, 15.05]
['2018-07-06', 15.05, 15.3, 14.95, 14.95]
['2018-07-09', 14.95, 15.5, 14.95, 15.3]
['2018-07-10', 15.3, 15.4, 15.0, 15.2]
['2018-07-11', 15.05, 15.55, 15.05, 15.1]
['2018-07-12', 15.25, 15.25, 14.85, 14.85]
['2018-07-13', 14.8, 14.9, 14.05, 14.05]
['2018-07-16', 14.1, 14.19, 13.65, 14.0]
['2018-07-17', 13.95, 14.35, 13.8, 14.0]
['2018-07-18', 13.95, 13.95, 13.7, 13.8]
['2018-07-19', 13.8, 14.0, 13.65, 13.85]
['2018-07-20', 13.85, 13.9, 13.65, 13.7]
['2018-07-23', 13.6, 14.0, 13.4, 13.9]
['2018-07-24', 13.9, 14.4, 13.85, 13.95]
['2018-07-25', 13.9, 14.2, 13.25, 13.3]
['2018-07-26', 13.4, 13.75, 13.2, 13.65]
['2018-07-27', 13.7, 13.7, 13.0, 13.3]
['2018-07-30', 13.25, 13.6, 13.0, 13.3]
['2018-07-31', 13.45, 14.5, 13.4, 14.45]
['2018-08-01', 14.25, 15.0, 14.0, 15.0]
['2018-08-02', 13.85, 14.6, 13.0, 13.35]
['2018-08-03', 13.25, 13.65, 13.25, 13.6]
['2018-08-06', 13.65, 13.75, 13.4, 13.5]
['2018-08-07', 13.65, 13.7, 13.2, 13.35]
['2018-08-08', 13.4, 13.65, 13.2, 13.55]
['2018-08-09', 13.55, 13.65, 13.4, 13.5]
['2018-08-10', 13.45, 13.55, 13.05, 13.1]
['2018-08-13', 13.0, 13.55, 12.8, 13.35]
['2018-08-14', 13.4, 13.6, 13.25, 13.45]
['2018-08-15', 13.45, 13.6, 13.1, 13.45]
['2018-08-16', 13.5, 13.9, 13.43, 13.75]
['2018-08-17', 13.7, 13.8, 13.35, 13.45]
['2018-08-20', 13.5, 14.6, 13.3, 14.5]
['2018-08-21', 14.5, 14.85, 14.05, 14.45]
['2018-08-22', 14.4, 14.6, 14.15, 14.5]
['2018-08-23', 14.55, 14.75, 14.35, 14.5]
['2018-08-24', 14.5, 14.7, 14.2, 14.55]
['2018-08-27', 14.7, 15.15, 14.65, 14.9]
['2018-08-28', 14.9, 14.95, 14.3, 14.65]
['2018-08-29', 14.55, 15.2, 14.5, 15.1]
['2018-08-30', 15.1, 16.0, 15.0, 15.6]
['2018-08-31', 15.7, 16.15, 15.45, 16.1]
['2018-09-04', 16.05, 16.05, 15.38, 15.55]
['2018-09-05', 15.35, 15.5, 15.0, 15.4]
['2018-09-06', 15.35, 15.75, 15.15, 15.2]
['2018-09-07', 15.25, 15.6, 15.2, 15.4]
['2018-09-10', 15.45, 16.15, 15.4, 15.7]
['2018-09-11', 15.7, 15.9, 15.25, 15.5]
['2018-09-12', 15.55, 16.0, 15.1, 15.9]
['2018-09-13', 15.95, 16.3, 15.81, 16.3]
['2018-09-14', 16.25, 16.55, 15.8, 16.35]
['2018-09-17', 16.4, 16.59, 15.65, 16.15]
['2018-09-18', 16.2, 16.6, 16.1, 16.15]
['2018-09-19', 16.1, 16.55, 16.05, 16.1]
['2018-09-20', 16.15, 16.35, 15.95, 16.2]
['2018-09-21', 16.2, 16.35, 15.55, 15.65]
['2018-09-24', 15.6, 15.6, 14.65, 15.0]
['2018-09-25', 15.05, 15.35, 14.9, 14.9]
['2018-09-26', 14.9, 15.25, 14.6, 14.75]
['2018-09-27', 14.75, 15.1, 14.3, 14.55]
['2018-09-28', 14.45, 15.15, 14.45, 14.95]
['2018-10-01', 14.88, 15.12, 14.7, 14.91]
['2018-10-02', 14.9, 15.03, 14.76, 14.91]
['2018-10-03', 14.95, 15.49, 14.82, 15.44]
['2018-10-04', 15.39, 15.46, 14.84, 14.86]
['2018-10-05', 14.82, 14.91, 14.14, 14.19]
['2018-10-08', 14.15, 14.31, 13.94, 14.1]
['2018-10-09', 14.05, 14.34, 13.79, 14.18]
['2018-10-10', 14.14, 14.46, 13.9, 13.9]
['2018-10-11', 13.76, 14.1, 13.55, 13.56]
['2018-10-12', 13.78, 13.81, 13.17, 13.27]
['2018-10-15', 13.25, 13.65, 13.14, 13.44]
['2018-10-16', 13.53, 13.93, 13.29, 13.88]
['2018-10-17', 13.84, 14.0, 13.52, 13.75]
['2018-10-18', 13.73, 14.23, 13.46, 13.65]
['2018-10-19', 13.66, 13.79, 13.45, 13.5]
['2018-10-22', 13.46, 13.65, 13.18, 13.31]
['2018-10-23', 13.09, 13.35, 12.81, 13.17]
['2018-10-24', 13.13, 13.31, 13.05, 13.06]
['2018-10-25', 13.16, 13.45, 13.05, 13.26]
['2018-10-26', 13.07, 13.14, 12.59, 12.9]
['2018-10-29', 13.1, 13.27, 12.6, 12.68]
['2018-10-30', 12.7, 13.1, 12.62, 12.69]
['2018-10-31', 14.41, 15.33, 12.6, 13.97]
['2018-11-01', 14.0, 15.21, 14.0, 15.16]
['2018-11-02', 15.16, 15.53, 14.76, 15.07]
['2018-11-05', 15.1, 15.21, 14.51, 14.71]
['2018-11-06', 14.74, 15.35, 14.64, 15.28]
['2018-11-07', 15.35, 15.88, 14.51, 15.77]
['2018-11-08', 15.7, 15.98, 15.2, 15.84]
['2018-11-09', 15.74, 15.74, 14.95, 14.96]
['2018-11-12', 14.96, 15.25, 14.56, 14.86]
['2018-11-13', 14.86, 15.54, 14.84, 15.35]
['2018-11-14', 15.45, 15.85, 15.21, 15.69]
['2018-11-15', 15.53, 16.64, 15.53, 16.49]
['2018-11-16', 16.35, 16.5, 16.11, 16.25]
['2018-11-19', 16.3, 16.55, 16.17, 16.3]
['2018-11-20', 16.19, 16.26, 15.9, 16.01]
['2018-11-21', 16.02, 16.09, 15.57, 16.05]
['2018-11-23', 15.84, 16.38, 15.84, 16.15]
['2018-11-26', 16.4, 16.95, 15.88, 16.92]
['2018-11-27', 16.93, 17.03, 16.59, 16.84]
['2018-11-28', 16.97, 17.66, 16.74, 17.65]
['2018-11-29', 17.51, 18.02, 17.35, 17.85]
['2018-11-30', 17.81, 18.96, 17.61, 18.75]
['2018-12-03', 19.0, 19.31, 18.45, 19.01]
['2018-12-04', 18.81, 18.81, 17.93, 18.21]
['2018-12-06', 17.98, 18.09, 16.88, 17.38]
['2018-12-07', 17.3, 17.48, 16.78, 16.94]
['2018-12-10', 16.87, 17.03, 16.4, 16.82]
['2018-12-11', 17.11, 17.17, 16.63, 16.95]
['2018-12-12', 17.45, 17.94, 17.35, 17.43]
['2018-12-13', 17.43, 17.59, 16.89, 17.27]
['2018-12-14', 17.1, 17.43, 17.08, 17.29]
['2018-12-17', 17.25, 17.25, 16.25, 16.28]
['2018-12-18', 16.4, 16.9, 16.08, 16.42]
['2018-12-19', 16.47, 17.13, 16.0, 16.08]
['2018-12-20', 16.02, 16.17, 15.06, 15.21]
['2018-12-21', 15.23, 15.31, 14.53, 14.55]
['2018-12-24', 14.52, 14.52, 13.82, 13.96]
['2018-12-26', 14.03, 14.76, 14.02, 14.75]
['2018-12-27', 14.46, 14.87, 14.26, 14.86]
['2018-12-28', 14.85, 15.25, 14.78, 15.03]
['2018-12-31', 15.18, 15.67, 15.13, 15.65]
['2019-01-02', 15.4, 15.64, 15.28, 15.47]
['2019-01-03', 15.34, 15.41, 14.84, 14.93]
['2019-01-04', 15.09, 15.75, 14.57, 15.7]
['2019-01-07', 15.64, 16.09, 15.58, 15.81]
['2019-01-08', 16.0, 16.14, 15.8, 15.99]
['2019-01-09', 16.12, 16.27, 15.98, 16.17]
['2019-01-10', 16.12, 16.29, 15.91, 16.22]
['2019-01-11', 16.17, 16.49, 16.09, 16.25]
['2019-01-14', 16.04, 16.56, 15.98, 16.29]
['2019-01-15', 16.27, 16.56, 16.05, 16.47]
['2019-01-16', 16.49, 17.01, 16.49, 16.62]
['2019-01-17', 16.54, 16.82, 16.35, 16.5]
['2019-01-18', 16.55, 16.7, 16.43, 16.57]
['2019-01-22', 16.52, 16.79, 16.09, 16.26]
['2019-01-23', 16.31, 16.76, 16.31, 16.44]
['2019-01-24', 16.45, 16.76, 16.33, 16.67]
['2019-01-25', 16.69, 17.18, 16.6, 16.94]
['2019-01-28', 16.76, 16.94, 16.37, 16.69]
['2019-01-29', 16.68, 16.98, 16.42, 16.47]
['2019-01-30', 16.67, 16.67, 16.29, 16.61]
['2019-01-31', 16.48, 17.1, 16.33, 16.82]
['2019-02-01', 16.82, 17.0, 16.66, 16.85]
['2019-02-04', 16.81, 17.38, 16.81, 17.13]
['2019-02-05', 17.24, 17.76, 17.18, 17.56]
['2019-02-06', 17.58, 18.09, 17.45, 17.99]
['2019-02-07', 17.89, 18.02, 17.59, 17.68]
['2019-02-08', 17.54, 17.74, 17.27, 17.47]
['2019-02-11', 17.51, 17.73, 17.35, 17.67]
['2019-02-12', 17.83, 17.98, 17.59, 17.65]
['2019-02-13', 17.65, 18.07, 17.51, 17.64]
['2019-02-14', 17.6, 18.66, 17.6, 18.48]
['2019-02-15', 18.54, 18.8, 18.28, 18.54]
['2019-02-19', 18.49, 19.35, 18.29, 19.16]
['2019-02-20', 20.92, 22.5, 20.5, 22.03]
['2019-02-21', 21.98, 22.93, 21.72, 22.92]
['2019-02-22', 22.96, 24.4, 22.96, 23.94]
['2019-02-25', 24.2, 25.12, 23.55, 23.9]
['2019-02-26', 23.91, 24.15, 23.32, 23.35]
['2019-02-27', 23.17, 23.69, 22.46, 23.08]
['2019-02-28', 22.97, 23.01, 22.48, 22.85]
['2019-03-01', 23.02, 23.95, 23.02, 23.75]
['2019-03-04', 23.81, 23.9, 23.26, 23.56]
['2019-03-05', 23.79, 23.79, 22.94, 23.43]
['2019-03-06', 23.4, 23.53, 22.55, 22.58]
['2019-03-07', 22.54, 22.94, 22.28, 22.72]
['2019-03-08', 22.6, 23.98, 22.5, 23.45]
['2019-03-11', 23.48, 23.84, 23.3, 23.77]
['2019-03-12', 24.01, 24.96, 23.49, 23.91]
['2019-03-13', 24.03, 24.39, 23.81, 23.93]
['2019-03-14', 23.84, 24.24, 23.41, 23.96]
['2019-03-15', 23.97, 24.87, 23.97, 24.1]
['2019-03-18', 24.15, 24.83, 24.15, 24.73]
['2019-03-19', 24.97, 25.49, 24.39, 24.56]
['2019-03-20', 24.49, 24.61, 24.02, 24.12]
['2019-03-21', 24.08, 25.2, 23.8, 25.1]
['2019-03-22', 24.89, 25.2, 23.59, 23.62]
['2019-03-25', 23.35, 23.84, 21.5, 23.71]
['2019-03-26', 23.95, 24.15, 23.35, 23.59]
['2019-03-27', 23.68, 24.04, 23.23, 23.95]
['2019-03-28', 23.97, 24.6, 23.97, 24.49]
['2019-03-29', 24.55, 25.42, 24.07, 24.48]
['2019-04-01', 24.77, 25.0, 24.09, 24.35]
['2019-04-02', 24.37, 24.53, 24.04, 24.48]
['2019-04-03', 24.67, 25.06, 24.6, 25.0]
['2019-04-04', 24.98, 25.45, 24.6, 25.29]
['2019-04-05', 25.41, 26.3, 25.41, 25.66]
['2019-04-08', 25.53, 25.53, 24.9, 25.22]
['2019-04-09', 25.12, 25.48, 24.76, 24.92]
['2019-04-10', 25.05, 25.69, 25.04, 25.48]
['2019-04-11', 25.57, 25.77, 24.97, 25.52]
['2019-04-12', 25.66, 25.68, 25.07, 25.54]
['2019-04-15', 25.53, 25.9, 25.23, 25.25]
['2019-04-16', 25.39, 25.47, 24.65, 24.79]
['2019-04-17', 24.86, 24.86, 23.32, 23.9]
['2019-04-18', 23.84, 24.35, 23.28, 24.15]
['2019-04-22', 23.94, 24.28, 23.61, 24.12]
['2019-04-23', 24.3, 24.93, 23.82, 24.83]
['2019-04-24', 24.77, 25.15, 24.65, 24.96]
['2019-04-25', 24.82, 25.03, 24.5, 24.91]
['2019-04-26', 25.0, 25.22, 24.5, 25.17]
['2019-04-29', 25.24, 25.3, 24.35, 25.12]
['2019-04-30', 25.44, 25.52, 24.02, 24.16]
['2019-05-01', 24.59, 24.59, 23.58, 23.84]
['2019-05-02', 23.61, 25.12, 23.61, 25.1]
['2019-05-03', 25.28, 26.1, 25.03, 26.07]
['2019-05-06', 25.47, 25.7, 25.07, 25.4]
['2019-05-07', 25.38, 26.4, 24.95, 25.3]
['2019-05-08', 25.31, 25.45, 24.81, 24.88]
['2019-05-09', 24.63, 24.93, 24.19, 24.76]
['2019-05-10', 24.62, 25.72, 24.29, 25.5]
['2019-05-13', 24.9, 25.15, 24.38, 24.51]
['2019-05-14', 24.54, 25.14, 24.31, 24.92]
['2019-05-15', 24.72, 25.67, 24.51, 25.53]
['2019-05-16', 25.61, 25.87, 25.47, 25.7]
['2019-05-17', 25.5, 25.54, 23.98, 24.25]
['2019-05-20', 24.05, 24.23, 23.64, 23.94]
['2019-05-21', 24.13, 24.74, 24.08, 24.73]
['2019-05-22', 24.64, 25.06, 24.64, 24.77]
['2019-05-23', 24.46, 24.82, 24.16, 24.32]
['2019-05-24', 24.42, 24.79, 24.18, 24.73]
['2019-05-28', 24.75, 25.24, 24.57, 24.7]
['2019-05-29', 24.48, 24.93, 24.1, 24.9]
['2019-05-30', 25.09, 25.41, 24.88, 24.88]
['2019-05-31', 24.62, 24.82, 23.87, 23.99]
['2019-06-03', 23.86, 23.98, 23.23, 23.33]
['2019-06-04', 23.64, 24.65, 23.57, 24.62]
['2019-06-05', 24.83, 25.28, 24.36, 25.28]
['2019-06-06', 25.1, 25.47, 24.77, 25.04]
['2019-06-07', 25.26, 25.71, 25.09, 25.32]
['2019-06-10', 25.5, 26.06, 25.36, 25.9]
['2019-06-11', 26.14, 26.32, 24.46, 25.24]
['2019-06-12', 25.22, 26.36, 25.14, 26.25]
['2019-06-13', 26.46, 27.12, 26.04, 26.5]
['2019-06-14', 26.49, 26.86, 26.23, 26.45]
['2019-06-17', 26.57, 27.05, 26.03, 26.83]
['2019-06-18', 27.25, 27.88, 26.86, 27.26]
['2019-06-19', 27.32, 28.18, 27.18, 28.14]
['2019-06-20', 28.48, 28.48, 27.35, 28.03]
['2019-06-21', 27.82, 28.11, 27.11, 27.85]
['2019-06-24', 28.02, 28.02, 27.46, 27.61]
['2019-06-25', 27.8, 28.06, 27.54, 27.76]
['2019-06-26', 28.01, 28.23, 26.37, 26.86]
['2019-06-27', 27.08, 27.83, 26.9, 27.63]
['2019-06-28', 27.67, 28.37, 27.47, 28.3]
['2019-07-01', 28.68, 29.8, 28.23, 28.68]
['2019-07-02', 28.75, 29.03, 28.07, 28.45]
['2019-07-03', 28.58, 28.85, 28.19, 28.57]
['2019-07-05', 28.33, 28.87, 27.98, 28.72]
['2019-07-08', 28.45, 28.45, 27.02, 27.54]
['2019-07-09', 27.51, 28.09, 27.23, 27.94]
['2019-07-10', 28.14, 28.46, 27.7, 28.12]
['2019-07-11', 28.34, 28.34, 27.5, 27.66]
['2019-07-12', 27.79, 27.89, 27.26, 27.76]
['2019-07-15', 27.8, 28.19, 27.6, 28.06]
['2019-07-16', 28.09, 28.21, 27.23, 27.84]
['2019-07-17', 27.77, 27.78, 27.1, 27.11]
['2019-07-18', 27.16, 28.17, 26.88, 27.97]
['2019-07-19', 27.94, 28.73, 27.79, 28.26]
['2019-07-22', 28.5, 28.62, 27.59, 27.67]
['2019-07-23', 27.75, 28.59, 27.27, 28.14]
['2019-07-24', 28.14, 29.04, 27.63, 28.94]
['2019-07-25', 24.57, 24.64, 21.04, 23.11]
['2019-07-26', 23.11, 23.25, 21.68, 22.77]
['2019-07-29', 22.74, 23.6, 22.74, 23.18]
['2019-07-30', 22.86, 23.28, 22.83, 23.17]
['2019-07-31', 23.2, 23.26, 22.0, 22.62]
['2019-08-01', 22.65, 23.17, 22.35, 22.49]
['2019-08-02', 22.44, 22.63, 22.01, 22.49]
['2019-08-05', 21.96, 22.5, 21.93, 22.3]
['2019-08-06', 22.44, 23.5, 22.28, 23.48]
['2019-08-07', 23.19, 23.6, 22.82, 23.37]
['2019-08-08', 23.45, 23.84, 22.58, 23.5]
['2019-08-09', 23.44, 23.72, 22.38, 22.72]
['2019-08-12', 22.53, 22.54, 21.96, 22.25]
['2019-08-13', 22.2, 22.9, 21.88, 22.46]
['2019-08-14', 22.05, 22.28, 21.2, 21.3]
['2019-08-15', 21.36, 21.96, 20.7, 21.89]
['2019-08-16', 22.55, 23.32, 22.08, 23.1]
['2019-08-19', 23.51, 23.79, 22.98, 23.61]
['2019-08-20', 23.57, 23.69, 23.08, 23.17]
['2019-08-21', 23.46, 23.5, 22.98, 23.18]
['2019-08-22', 23.3, 23.3, 22.79, 22.79]
['2019-08-23', 22.79, 23.01, 21.8, 21.93]
['2019-08-26', 22.32, 22.8, 22.16, 22.35]
['2019-08-27', 22.45, 22.86, 21.87, 21.89]
['2019-08-28', 21.85, 22.06, 21.52, 21.84]
['2019-08-29', 22.13, 22.31, 21.72, 21.8]
['2019-08-30', 21.99, 21.99, 21.46, 21.76]
['2019-09-03', 21.41, 21.6, 20.82, 21.01]
['2019-09-04', 21.27, 21.41, 20.33, 21.36]
['2019-09-05', 21.74, 22.17, 21.48, 21.82]
['2019-09-06', 21.87, 22.76, 21.79, 22.51]
['2019-09-09', 22.66, 22.66, 22.16, 22.19]
['2019-09-10', 22.0, 22.9, 21.49, 22.41]
['2019-09-11', 22.46, 23.86, 22.46, 23.74]
['2019-09-12', 23.94, 24.11, 23.28, 24.03]
['2019-09-13', 24.2, 24.75, 24.11, 24.62]
['2019-09-16', 24.39, 25.28, 24.17, 25.18]
['2019-09-17', 25.1, 25.62, 24.64, 25.36]
['2019-09-18', 25.4, 25.85, 24.94, 25.73]
['2019-09-19', 25.75, 26.11, 25.4, 25.84]
['2019-09-20', 25.81, 26.55, 25.46, 26.38]
['2019-09-23', 26.27, 26.93, 26.19, 26.56]
['2019-09-24', 26.66, 27.12, 26.11, 26.31]
['2019-09-25', 26.29, 26.77, 25.97, 26.36]
['2019-09-26', 26.33, 26.57, 25.72, 26.09]
['2019-09-27', 26.2, 26.2, 24.91, 25.32]
['2019-09-30', 25.33, 25.49, 25.06, 25.07]
['2019-10-01', 25.02, 25.33, 24.02, 24.03]
['2019-10-02', 19.75, 20.37, 18.39, 19.04]
['2019-10-03', 18.69, 19.71, 17.87, 19.43]
['2019-10-04', 19.66, 19.93, 19.07, 19.74]
['2019-10-07', 19.46, 19.69, 18.54, 18.57]
['2019-10-08', 18.31, 18.76, 17.85, 18.55]
['2019-10-09', 18.79, 18.87, 18.43, 18.47]
['2019-10-10', 18.57, 18.72, 18.1, 18.58]
['2019-10-11', 18.93, 19.25, 18.55, 18.99]
['2019-10-14', 18.88, 19.08, 18.34, 18.83]
['2019-10-15', 18.89, 19.39, 18.78, 19.1]
['2019-10-16', 19.03, 19.24, 18.85, 19.01]
['2019-10-17', 19.08, 19.25, 18.73, 18.9]
['2019-10-18', 18.73, 19.07, 18.68, 18.86]
['2019-10-21', 18.96, 19.09, 18.54, 18.59]
['2019-10-22', 18.59, 18.85, 18.36, 18.47]
['2019-10-23', 18.48, 19.0, 18.39, 18.9]
['2019-10-24', 19.06, 19.39, 18.88, 19.24]
['2019-10-25', 19.24, 19.77, 19.23, 19.46]
['2019-10-28', 19.51, 20.0, 19.51, 19.76]
['2019-10-29', 19.74, 20.31, 19.66, 19.73]
['2019-10-30', 19.68, 20.07, 19.47, 19.93]
['2019-10-31', 20.5, 21.3, 19.67, 20.85]
['2019-11-01', 20.71, 21.16, 20.16, 20.75]
['2019-11-04', 20.93, 21.21, 20.55, 21.0]
['2019-11-05', 21.1, 21.25, 20.52, 21.2]
['2019-11-06', 21.08, 21.24, 20.35, 20.39]
['2019-11-07', 20.68, 21.52, 20.53, 20.88]
['2019-11-08', 20.75, 21.64, 20.6, 21.46]
['2019-11-11', 21.43, 21.8, 21.3, 21.53]
['2019-11-12', 21.56, 21.84, 20.84, 20.99]
['2019-11-13', 20.85, 21.44, 20.72, 21.03]
['2019-11-14', 20.79, 21.7, 20.47, 21.35]
['2019-11-15', 21.51, 21.55, 21.04, 21.54]
['2019-11-18', 21.41, 21.5, 20.8, 21.03]
['2019-11-19', 21.18, 21.44, 20.89, 21.13]
['2019-11-20', 21.1, 21.37, 20.65, 20.77]
['2019-11-21', 20.79, 20.8, 19.9, 20.14]
['2019-11-22', 20.28, 20.45, 19.77, 20.23]
['2019-11-25', 20.32, 21.03, 20.25, 20.7]
['2019-11-26', 20.55, 21.06, 20.53, 20.7]
['2019-11-27', 20.75, 21.02, 20.58, 20.92]
['2019-11-29', 20.83, 21.1, 20.6, 20.9]
['2019-12-02', 20.69, 20.96, 20.05, 20.26]
['2019-12-03', 20.15, 20.55, 19.88, 20.15]
['2019-12-04', 20.31, 20.49, 20.09, 20.2]
['2019-12-05', 20.28, 20.75, 20.08, 20.51]
['2019-12-06', 20.6, 20.89, 20.38, 20.44]
['2019-12-09', 20.4, 20.45, 19.93, 20.24]
['2019-12-10', 20.16, 20.43, 20.06, 20.15]
['2019-12-11', 20.22, 20.71, 20.06, 20.47]
['2019-12-12', 20.41, 21.07, 20.27, 20.63]
['2019-12-13', 20.56, 20.7, 20.08, 20.26]
['2019-12-16', 20.52, 21.08, 20.4, 20.6]
['2019-12-17', 20.78, 20.78, 20.22, 20.76]
['2019-12-18', 20.7, 21.42, 20.6, 21.36]
['2019-12-19', 21.29, 21.34, 20.81, 21.05]
['2019-12-20', 21.1, 21.1, 20.51, 20.71]
['2019-12-23', 20.83, 21.0, 19.5, 20.61]
['2019-12-24', 20.6, 20.96, 20.37, 20.86]
['2019-12-26', 20.72, 20.93, 20.4, 20.56]
['2019-12-27', 20.66, 20.68, 20.19, 20.27]
['2019-12-30', 20.37, 20.76, 20.19, 20.26]
['2019-12-31', 20.18, 20.67, 20.04, 20.51]
['2020-01-02', 20.67, 20.67, 19.15, 19.25]
['2020-01-03', 18.9, 19.44, 18.69, 19.19]
['2020-01-06', 19.11, 19.55, 18.62, 19.46]
['2020-01-07', 19.37, 19.69, 19.22, 19.31]
['2020-01-08', 19.3, 20.16, 19.3, 20.05]
['2020-01-09', 20.22, 20.22, 18.74, 18.78]
['2020-01-10', 18.88, 19.21, 18.59, 19.17]
['2020-01-13', 19.15, 19.23, 18.0, 18.05]
['2020-01-14', 18.08, 18.59, 17.8, 18.52]
['2020-01-15', 18.57, 19.18, 18.32, 18.87]
['2020-01-16', 19.11, 19.23, 18.58, 18.86]
['2020-01-17', 19.1, 19.1, 18.58, 18.92]
['2020-01-21', 18.75, 18.96, 18.49, 18.72]
['2020-01-22', 18.7, 18.8, 18.44, 18.76]
['2020-01-23', 18.64, 19.2, 18.48, 18.82]
['2020-01-24', 18.8, 18.8, 17.78, 18.03]
['2020-01-27', 17.65, 18.48, 17.54, 18.1]
['2020-01-28', 18.11, 18.6, 17.97, 18.17]
['2020-01-29', 18.15, 18.51, 18.06, 18.15]
['2020-01-30', 17.95, 18.2, 17.74, 17.94]
['2020-01-31', 17.8, 17.95, 17.35, 17.51]
['2020-02-03', 17.0, 17.31, 16.51, 17.07]
['2020-02-04', 17.32, 17.71, 17.2, 17.52]
['2020-02-05', 17.69, 18.05, 17.54, 17.83]
['2020-02-06', 17.9, 17.92, 17.5, 17.69]
['2020-02-07', 17.63, 17.7, 16.82, 17.04]
['2020-02-10', 17.07, 17.22, 16.94, 17.15]
['2020-02-11', 17.27, 17.47, 16.94, 16.95]
['2020-02-12', 17.11, 17.26, 16.85, 16.9]
['2020-02-13', 16.76, 17.02, 16.58, 16.83]
['2020-02-14', 16.75, 16.99, 16.42, 16.64]
['2020-02-18', 16.64, 16.99, 16.4, 16.55]
['2020-02-19', 16.63, 16.78, 16.47, 16.53]
['2020-02-20', 16.5, 16.66, 16.05, 16.57]
['2020-02-21', 16.39, 16.6, 16.22, 16.57]
['2020-02-24', 16.01, 16.39, 15.86, 16.11]
['2020-02-25', 15.53, 17.57, 15.53, 16.69]
['2020-02-26', 16.94, 17.32, 16.19, 16.3]
['2020-02-27', 16.0, 16.14, 15.55, 15.64]
['2020-02-28', 15.4, 15.84, 14.92, 15.55]
['2020-03-02', 15.55, 15.82, 15.0, 15.6]
['2020-03-03', 15.52, 15.95, 15.13, 15.44]
['2020-03-04', 15.7, 15.92, 15.3, 15.71]
['2020-03-05', 15.5, 15.52, 14.7, 15.06]
['2020-03-06', 14.69, 15.15, 14.38, 15.07]
['2020-03-09', 14.7, 15.2, 14.0, 14.05]
['2020-03-10', 14.37, 14.37, 13.44, 13.88]
['2020-03-11', 13.56, 13.88, 13.21, 13.62]
['2020-03-12', 12.7, 12.79, 11.48, 12.11]
['2020-03-13', 12.6, 12.96, 11.95, 12.92]
['2020-03-16', 12.0, 12.19, 10.75, 10.78]
['2020-03-17', 10.94, 12.07, 10.17, 11.76]
['2020-03-18', 11.21, 11.68, 8.67, 9.11]
['2020-03-19', 9.11, 11.34, 9.07, 10.4]
['2020-03-20', 10.45, 11.55, 10.25, 10.58]
['2020-03-23', 10.75, 11.42, 10.1, 11.06]
['2020-03-24', 11.55, 12.0, 11.1, 11.73]
['2020-03-25', 11.73, 12.1, 11.07, 11.46]
['2020-03-26', 11.58, 12.71, 11.46, 12.61]
['2020-03-27', 12.06, 12.63, 12.01, 12.12]
['2020-03-30', 12.29, 12.62, 11.81, 12.29]
['2020-03-31', 12.28, 13.1, 12.24, 12.76]
['2020-04-01', 12.3, 12.38, 11.31, 11.6]
['2020-04-02', 11.46, 11.77, 10.58, 11.16]
['2020-04-03', 11.08, 11.13, 10.21, 10.34]
['2020-04-06', 10.78, 11.34, 10.78, 11.09]
['2020-04-07', 11.34, 11.91, 11.23, 11.51]
['2020-04-08', 11.79, 13.01, 11.67, 12.93]
['2020-04-09', 13.26, 13.74, 12.78, 13.21]
['2020-04-13', 13.06, 13.43, 12.74, 13.38]
['2020-04-14', 13.57, 14.19, 13.44, 14.04]
['2020-04-15', 13.62, 13.78, 12.75, 13.04]
['2020-04-16', 13.12, 13.48, 12.69, 13.15]
['2020-04-17', 13.61, 13.9, 13.26, 13.85]
['2020-04-20', 13.59, 13.9, 13.06, 13.28]
['2020-04-21', 12.85, 13.52, 12.77, 13.31]
['2020-04-22', 13.61, 13.77, 13.24, 13.62]
['2020-04-23', 13.69, 14.0, 13.49, 13.69]
['2020-04-24', 13.73, 13.92, 13.5, 13.64]
['2020-04-27', 13.7, 13.94, 13.31, 13.55]
['2020-04-28', 13.55, 13.68, 12.76, 12.96]
['2020-04-29', 13.4, 14.28, 12.98, 14.03]
['2020-04-30', 13.77, 14.09, 12.91, 13.05]
['2020-05-01', 12.81, 13.02, 11.95, 12.07]
['2020-05-04', 11.9, 12.65, 11.66, 12.56]
['2020-05-05', 12.65, 13.27, 12.62, 12.71]
['2020-05-06', 12.8, 12.92, 12.33, 12.55]
['2020-05-07', 12.82, 12.94, 12.39, 12.83]
['2020-05-08', 13.01, 13.41, 12.66, 12.9]
['2020-05-11', 12.66, 13.12, 12.3, 12.79]
['2020-05-12', 12.85, 13.1, 12.36, 12.36]
['2020-05-13', 12.3, 12.3, 11.41, 11.82]
['2020-05-14', 11.57, 11.73, 10.97, 11.55]
['2020-05-15', 11.52, 12.02, 11.43, 11.93]
['2020-05-18', 12.43, 12.91, 12.36, 12.63]
['2020-05-19', 12.5, 12.62, 11.83, 11.85]
['2020-05-20', 11.98, 12.33, 11.82, 12.28]
['2020-05-21', 12.26, 12.7, 12.05, 12.64]
['2020-05-22', 12.69, 12.72, 12.16, 12.7]
['2020-05-26', 13.14, 13.14, 12.33, 12.77]
['2020-05-27', 13.01, 13.88, 12.48, 13.81]
['2020-05-28', 14.01, 14.58, 13.91, 14.3]
['2020-05-29', 14.53, 14.53, 13.6, 13.73]
