['2013-10-22', 9.9, 10.0, 9.5, 10.0]
['2013-10-23', 10.0, 10.0, 9.0, 10.0]
['2013-10-24', 10.0, 10.0, 10.0, 10.0]
['2013-10-25', 10.0, 10.0, 10.0, 10.0]
['2013-10-28', 10.0, 10.0, 10.0, 10.0]
['2013-10-29', 10.0, 10.0, 10.0, 10.0]
['2013-10-30', 10.0, 10.0, 10.0, 10.0]
['2013-10-31', 10.0, 10.0, 10.0, 10.0]
['2013-11-01', 10.0, 10.0, 10.0, 10.0]
['2013-11-04', 10.0, 10.0, 10.0, 10.0]
['2013-11-05', 10.0, 10.0, 10.0, 10.0]
['2013-11-06', 10.0, 10.0, 10.0, 10.0]
['2013-11-07', 10.0, 10.0, 10.0, 10.0]
['2013-11-08', 10.0, 10.0, 10.0, 10.0]
['2013-11-11', 10.0, 10.0, 10.0, 10.0]
['2013-11-12', 9.7, 9.7, 9.7, 9.7]
['2013-11-13', 9.7, 9.7, 9.7, 9.7]
['2013-11-14', 9.0, 9.0, 8.0, 8.0]
['2013-11-15', 8.95, 8.95, 8.95, 8.95]
['2013-11-18', 8.95, 8.95, 8.95, 8.95]
['2013-11-19', 8.95, 8.95, 8.95, 8.95]
['2013-11-20', 8.95, 8.95, 8.95, 8.95]
['2013-11-21', 8.95, 8.95, 8.95, 8.95]
['2013-11-22', 8.95, 8.95, 8.95, 8.95]
['2013-11-25', 8.95, 8.95, 8.95, 8.95]
['2013-11-26', 8.95, 8.95, 8.95, 8.95]
['2013-11-27', 8.64, 8.64, 8.0, 8.25]
['2013-11-29', 8.25, 8.25, 8.25, 8.25]
['2013-12-02', 8.25, 8.3, 8.25, 8.3]
['2013-12-03', 8.3, 8.3, 8.3, 8.3]
['2013-12-04', 8.3, 8.3, 8.25, 8.3]
['2013-12-05', 8.25, 8.25, 8.25, 8.25]
['2013-12-06', 8.25, 8.25, 8.2, 8.2]
['2013-12-09', 8.22, 8.25, 8.15, 8.15]
['2013-12-10', 8.12, 8.12, 8.1, 8.1]
['2013-12-11', 8.04, 8.05, 8.0, 8.0]
['2013-12-12', 7.9, 8.0, 7.0, 7.5]
['2013-12-13', 8.0, 8.0, 8.0, 8.0]
['2013-12-16', 7.99, 7.99, 7.5, 7.65]
['2013-12-17', 8.0, 8.0, 8.0, 8.0]
['2013-12-18', 8.0, 8.0, 8.0, 8.0]
['2013-12-19', 8.0, 8.27, 8.0, 8.03]
['2013-12-20', 8.0, 8.0, 8.0, 8.0]
['2013-12-23', 7.99, 8.29, 7.6, 8.29]
['2013-12-24', 8.29, 8.29, 8.29, 8.29]
['2013-12-26', 8.3, 8.3, 8.3, 8.3]
['2013-12-27', 8.3, 8.3, 8.3, 8.3]
['2013-12-30', 8.25, 8.25, 8.0, 8.0]
['2013-12-31', 8.05, 8.25, 8.0, 8.25]
['2014-01-02', 8.25, 8.29, 8.15, 8.15]
['2014-01-03', 8.15, 8.15, 8.15, 8.15]
['2014-01-06', 8.15, 8.25, 8.15, 8.25]
['2014-01-07', 8.1, 8.3, 8.0, 8.3]
['2014-01-08', 8.3, 8.3, 8.3, 8.3]
['2014-01-09', 8.29, 8.5, 8.25, 8.3]
['2014-01-10', 8.3, 8.43, 8.3, 8.4]
['2014-01-13', 8.45, 8.5, 8.4, 8.5]
['2014-01-14', 9.2, 9.2, 9.2, 9.2]
['2014-01-15', 9.0, 9.0, 9.0, 9.0]
['2014-01-16', 8.9, 8.9, 8.5, 8.6]
['2014-01-17', 8.75, 9.0, 8.75, 9.0]
['2014-01-21', 9.0, 9.0, 8.8, 8.8]
['2014-01-22', 9.0, 9.0, 8.75, 9.0]
['2014-01-23', 8.61, 8.85, 8.61, 8.85]
['2014-01-24', 9.0, 9.28, 9.0, 9.28]
['2014-01-27', 9.28, 9.28, 9.0, 9.0]
['2014-01-28', 8.65, 9.2, 8.65, 9.0]
['2014-01-29', 9.0, 9.0, 9.0, 9.0]
['2014-01-30', 9.0, 9.0, 9.0, 9.0]
['2014-01-31', 9.0, 9.1, 8.9, 8.91]
['2014-02-03', 8.9, 8.9, 8.9, 8.9]
['2014-02-04', 8.4, 8.6, 8.2, 8.45]
['2014-02-05', 8.2, 8.2, 8.05, 8.05]
['2014-02-06', 8.15, 8.15, 8.15, 8.15]
['2014-02-07', 8.15, 8.2, 8.15, 8.2]
['2014-02-10', 8.28, 8.65, 8.28, 8.5]
['2014-02-11', 8.6, 8.6, 8.45, 8.45]
['2014-02-12', 8.45, 8.45, 8.45, 8.45]
['2014-02-13', 8.45, 8.45, 8.4, 8.4]
['2014-02-14', 8.5, 8.9, 8.41, 8.9]
['2014-02-18', 8.7, 8.7, 8.55, 8.55]
['2014-02-19', 8.25, 8.25, 8.25, 8.25]
['2014-02-20', 8.25, 8.35, 8.25, 8.35]
['2014-02-21', 8.36, 8.36, 8.25, 8.25]
['2014-02-24', 8.15, 8.25, 8.0, 8.25]
['2014-02-25', 8.25, 8.25, 8.0, 8.0]
['2014-02-26', 8.0, 8.0, 8.0, 8.0]
['2014-02-27', 8.0, 8.0, 8.0, 8.0]
['2014-02-28', 8.0, 8.0, 8.0, 8.0]
['2014-03-03', 8.0, 8.0, 7.9, 8.0]
['2014-03-04', 8.0, 8.0, 7.9, 7.9]
['2014-03-05', 7.9, 7.9, 7.9, 7.9]
['2014-03-06', 8.0, 8.01, 7.9, 8.0]
['2014-03-07', 8.0, 8.05, 7.82, 7.95]
['2014-03-10', 7.95, 8.1, 7.95, 8.07]
['2014-03-11', 8.0, 8.0, 8.0, 8.0]
['2014-03-12', 8.07, 8.07, 8.05, 8.05]
['2014-03-13', 8.0, 8.0, 8.0, 8.0]
['2014-03-14', 8.02, 8.02, 8.0, 8.0]
['2014-03-17', 7.8, 7.8, 7.55, 7.7]
['2014-03-18', 7.75, 8.15, 7.75, 8.01]
['2014-03-19', 8.09, 8.09, 8.0, 8.02]
['2014-03-20', 8.05, 8.05, 8.02, 8.02]
['2014-03-21', 7.55, 8.05, 7.4, 7.44]
['2014-03-24', 7.4, 8.0, 6.99, 7.86]
['2014-03-25', 7.86, 7.87, 7.65, 7.65]
['2014-03-26', 7.58, 7.61, 7.15, 7.61]
['2014-03-27', 7.61, 7.61, 7.61, 7.61]
['2014-03-28', 7.21, 7.6, 7.21, 7.59]
['2014-03-31', 7.4, 7.64, 7.01, 7.44]
['2014-04-01', 7.59, 8.0, 7.5, 8.0]
['2014-04-02', 7.98, 7.98, 7.98, 7.98]
['2014-04-03', 7.55, 8.0, 7.55, 7.95]
['2014-04-04', 7.99, 7.99, 7.55, 7.55]
['2014-04-07', 7.9, 8.0, 7.9, 7.95]
['2014-04-08', 7.75, 7.9, 7.75, 7.89]
['2014-04-09', 7.54, 7.95, 7.54, 7.95]
['2014-04-10', 7.56, 8.0, 7.56, 7.94]
['2014-04-11', 7.07, 7.89, 7.07, 7.5]
['2014-04-14', 7.5, 7.5, 7.5, 7.5]
['2014-04-15', 8.0, 8.0, 7.75, 7.85]
['2014-04-16', 7.84, 7.84, 7.82, 7.82]
['2014-04-17', 7.27, 7.85, 7.27, 7.85]
['2014-04-21', 7.9, 7.9, 7.89, 7.89]
['2014-04-22', 7.85, 7.85, 7.55, 7.69]
['2014-04-23', 7.9, 7.9, 7.9, 7.9]
['2014-04-24', 7.63, 7.63, 6.87, 7.59]
['2014-04-25', 7.55, 7.55, 6.98, 7.5]
['2014-04-28', 7.5, 7.5, 7.5, 7.5]
['2014-04-29', 7.07, 7.5, 7.06, 7.5]
['2014-04-30', 7.5, 7.62, 7.5, 7.5]
['2014-05-01', 7.5, 7.6, 7.25, 7.6]
['2014-05-02', 7.65, 7.67, 7.35, 7.67]
['2014-05-05', 7.67, 7.67, 7.67, 7.67]
['2014-05-06', 7.67, 7.67, 7.67, 7.67]
['2014-05-07', 7.48, 7.55, 6.98, 7.35]
['2014-05-08', 7.08, 7.5, 7.0, 7.0]
['2014-05-09', 7.47, 7.47, 7.47, 7.47]
['2014-05-12', 7.06, 7.25, 7.06, 7.25]
['2014-05-13', 7.55, 7.55, 7.04, 7.32]
['2014-05-14', 7.12, 7.13, 7.1, 7.1]
['2014-05-15', 7.4, 7.45, 7.0, 7.13]
['2014-05-16', 7.01, 7.25, 6.61, 7.1]
['2014-05-19', 7.07, 7.07, 6.84, 6.84]
['2014-05-20', 7.0, 7.0, 6.92, 6.98]
['2014-05-21', 6.98, 6.98, 6.92, 6.92]
['2014-05-22', 6.98, 6.98, 6.73, 6.87]
['2014-05-23', 6.8, 6.8, 6.55, 6.6]
['2014-05-27', 6.57, 6.57, 6.5, 6.53]
['2014-05-28', 6.62, 6.64, 5.55, 6.39]
['2014-05-29', 6.49, 6.59, 6.44, 6.5]
['2014-05-30', 6.49, 6.5, 6.21, 6.48]
['2014-06-02', 6.93, 6.98, 6.65, 6.73]
['2014-06-03', 6.7, 6.8, 6.62, 6.65]
['2014-06-04', 6.65, 6.65, 6.36, 6.65]
['2014-06-05', 6.37, 6.65, 6.37, 6.65]
['2014-06-06', 6.65, 6.65, 6.37, 6.65]
['2014-06-09', 6.52, 6.65, 6.16, 6.65]
['2014-06-10', 6.2, 6.98, 6.2, 6.63]
['2014-06-11', 6.5, 6.75, 6.5, 6.65]
['2014-06-12', 6.5, 6.75, 6.35, 6.44]
['2014-06-13', 6.54, 6.64, 6.36, 6.6]
['2014-06-16', 6.49, 6.74, 6.45, 6.65]
['2014-06-17', 6.75, 6.75, 6.6, 6.72]
['2014-06-18', 6.74, 6.75, 6.31, 6.63]
['2014-06-19', 6.65, 6.74, 6.3, 6.47]
['2014-06-20', 6.57, 6.625, 5.52, 5.52]
['2014-06-23', 5.97, 5.97, 5.65, 5.78]
['2014-06-24', 5.95, 5.97, 5.75, 5.8]
['2014-06-25', 5.9, 5.98, 5.8, 5.97]
['2014-06-26', 5.97, 5.97, 5.85, 5.91]
['2014-06-27', 5.92, 5.95, 5.83, 5.83]
['2014-06-30', 5.85, 6.22, 5.82, 6.1]
['2014-07-01', 6.42, 6.49, 6.12, 6.38]
['2014-07-02', 6.22, 6.45, 5.81, 6.15]
['2014-07-03', 6.33, 6.47, 6.16, 6.46]
['2014-07-07', 6.46, 6.46, 6.3, 6.3]
['2014-07-08', 6.44, 6.51, 6.44, 6.47]
['2014-07-09', 6.5, 6.5, 6.06, 6.43]
['2014-07-10', 6.63, 6.89, 6.63, 6.66]
['2014-07-11', 6.86, 6.86, 6.79, 6.79]
['2014-07-14', 6.3, 6.7, 6.3, 6.7]
['2014-07-15', 6.6, 6.63, 6.35, 6.5]
['2014-07-16', 6.26, 6.42, 6.17, 6.42]
['2014-07-17', 6.06, 6.6, 6.06, 6.35]
['2014-07-18', 6.79, 6.79, 6.02, 6.08]
['2014-07-21', 6.25, 6.5, 6.09, 6.5]
['2014-07-22', 6.35, 6.5, 6.31, 6.41]
['2014-07-23', 6.35, 6.4, 6.23, 6.4]
['2014-07-24', 6.49, 6.49, 6.22, 6.22]
['2014-07-25', 6.35, 6.35, 6.14, 6.14]
['2014-07-28', 6.4, 6.9, 6.2, 6.85]
['2014-07-29', 7.65, 7.65, 6.5, 6.81]
['2014-07-30', 6.93, 7.13, 6.57, 6.93]
['2014-07-31', 6.88, 6.88, 6.67, 6.7]
['2014-08-01', 6.68, 7.4, 6.5, 6.51]
['2014-08-04', 6.35, 7.295, 6.12, 7.295]
['2014-08-05', 7.5, 7.5, 6.75, 6.75]
['2014-08-06', 7.35, 7.35, 6.79, 6.9]
['2014-08-07', 7.0, 7.48, 6.99, 7.28]
['2014-08-08', 7.1, 7.35, 7.1, 7.14]
['2014-08-11', 7.63, 8.49, 7.25, 7.78]
['2014-08-12', 7.81, 8.75, 7.5, 8.61]
['2014-08-13', 8.61, 10.35, 8.0, 8.848]
['2014-08-14', 8.85, 9.27, 8.2, 8.43]
['2014-08-15', 8.96, 8.99, 8.5, 8.5]
['2014-08-18', 8.5, 8.85, 8.2, 8.69]
['2014-08-19', 8.87, 8.92, 8.55, 8.59]
['2014-08-20', 8.59, 8.75, 8.13, 8.36]
['2014-08-21', 8.51, 8.51, 8.19, 8.25]
['2014-08-22', 8.35, 8.43, 8.0, 8.09]
['2014-08-25', 8.06, 8.49, 8.05, 8.14]
['2014-08-26', 8.48, 8.48, 8.2, 8.23]
['2014-08-27', 8.35, 8.73, 8.26, 8.64]
['2014-08-28', 8.45, 9.48, 8.29, 8.89]
['2014-08-29', 9.04, 9.82, 9.0, 9.64]
['2014-09-02', 9.92, 9.95, 9.51, 9.88]
['2014-09-03', 10.0, 10.0, 9.389, 9.47]
['2014-09-04', 9.5, 9.5, 8.25, 8.39]
['2014-09-05', 8.91, 8.91, 8.32, 8.6]
['2014-09-08', 8.81, 9.37, 8.71, 9.22]
['2014-09-09', 9.34, 9.34, 8.83, 8.84]
['2014-09-10', 8.79, 9.15, 8.53, 8.65]
['2014-09-11', 8.53, 8.98, 8.1, 8.39]
['2014-09-12', 8.39, 9.0, 8.03, 8.1]
['2014-09-15', 8.07, 8.51, 7.52, 7.64]
['2014-09-16', 7.64, 7.87, 7.15, 7.5]
['2014-09-17', 7.5, 7.5, 7.5, 7.5]
['2014-09-18', 11.33, 11.33, 4.77, 5.09]
['2014-09-19', 5.25, 5.84, 5.2, 5.47]
['2014-09-22', 5.32, 5.85, 5.32, 5.48]
['2014-09-23', 5.59, 5.63, 5.2, 5.22]
['2014-09-24', 8.73, 9.67, 6.89, 7.23]
['2014-09-25', 6.71, 7.43, 6.25, 6.44]
['2014-09-26', 6.81, 6.83, 6.11, 6.41]
['2014-09-29', 6.17, 6.35, 5.75, 6.29]
['2014-09-30', 5.97, 6.24, 5.86, 6.11]
['2014-10-01', 5.92, 5.92, 5.32, 5.51]
['2014-10-02', 5.49, 5.49, 4.9, 5.33]
['2014-10-03', 5.26, 5.45, 5.17, 5.35]
['2014-10-06', 5.38, 5.6, 5.02, 5.04]
['2014-10-07', 5.04, 5.3, 5.0, 5.21]
['2014-10-08', 5.32, 5.32, 5.0, 5.11]
['2014-10-09', 5.0, 5.14, 4.95, 4.96]
['2014-10-10', 4.95, 5.06, 4.7, 4.8]
['2014-10-13', 5.12, 5.12, 4.31, 4.54]
['2014-10-14', 4.63, 4.71, 4.57, 4.68]
['2014-10-15', 4.64, 4.67, 4.35, 4.42]
['2014-10-16', 4.4, 4.76, 4.4, 4.69]
['2014-10-17', 4.89, 5.08, 4.61, 4.83]
['2014-10-20', 4.75, 4.96, 4.5, 4.8]
['2014-10-21', 4.7, 4.96, 4.7, 4.88]
['2014-10-22', 4.96, 5.63, 4.94, 5.45]
['2014-10-23', 5.42, 5.851, 5.124, 5.25]
['2014-10-24', 5.25, 5.48, 5.1, 5.17]
['2014-10-27', 5.25, 5.25, 5.1, 5.13]
['2014-10-28', 5.13, 5.15, 4.71, 4.72]
['2014-10-29', 4.7, 4.87, 4.68, 4.76]
['2014-10-30', 4.65, 4.76, 4.37, 4.37]
['2014-10-31', 4.388, 4.57, 4.15, 4.29]
['2014-11-03', 4.35, 4.42, 4.35, 4.39]
['2014-11-04', 4.41, 4.78, 3.99, 4.1]
['2014-11-05', 4.1, 4.4, 3.7, 3.97]
['2014-11-06', 3.95, 4.16, 3.92, 4.16]
['2014-11-07', 4.09, 4.14, 3.9, 3.95]
['2014-11-10', 4.0, 4.12, 3.86, 4.12]
['2014-11-11', 4.23, 4.61, 4.05, 4.52]
['2014-11-12', 4.56, 4.66, 4.34, 4.6]
['2014-11-13', 4.64, 5.35, 4.523, 4.95]
['2014-11-14', 5.14, 5.29, 4.91, 5.29]
['2014-11-17', 5.25, 5.64, 5.25, 5.37]
['2014-11-18', 5.25, 5.49, 4.97, 5.2]
['2014-11-19', 5.25, 5.41, 5.05, 5.29]
['2014-11-20', 5.15, 5.3, 5.03, 5.09]
['2014-11-21', 5.09, 5.5, 5.09, 5.39]
['2014-11-24', 5.51, 5.57, 5.15, 5.15]
['2014-11-25', 5.27, 5.3, 4.88, 4.99]
['2014-11-26', 5.03, 5.19, 4.94, 5.1]
['2014-11-28', 5.08, 5.08, 4.92, 5.02]
['2014-12-01', 5.092, 5.18, 4.85, 4.97]
['2014-12-02', 5.0, 5.159, 4.91, 4.98]
['2014-12-03', 4.9, 5.03, 4.86, 4.875]
['2014-12-04', 4.98, 5.265, 4.86, 5.08]
['2014-12-05', 5.17, 5.59, 5.11, 5.42]
['2014-12-08', 5.51, 5.51, 5.17, 5.21]
['2014-12-09', 5.06, 5.55, 5.06, 5.322]
['2014-12-10', 5.34, 5.54, 5.17, 5.32]
['2014-12-11', 5.25, 5.4, 5.25, 5.35]
['2014-12-12', 5.19, 5.3, 5.05, 5.09]
['2014-12-15', 5.17, 5.44, 5.11, 5.36]
['2014-12-16', 5.58, 5.58, 5.09, 5.265]
['2014-12-17', 5.3, 5.37, 5.13, 5.18]
['2014-12-18', 5.14, 5.29, 5.06, 5.18]
['2014-12-19', 5.17, 5.31, 5.07, 5.125]
['2014-12-22', 5.19, 5.42, 5.06, 5.35]
['2014-12-23', 5.24, 5.24, 5.08, 5.14]
['2014-12-24', 5.11, 5.154, 5.06, 5.15]
['2014-12-26', 5.09, 5.23, 5.06, 5.16]
['2014-12-29', 5.1, 5.18, 5.1, 5.18]
['2014-12-30', 5.101, 5.25, 4.93, 5.18]
['2014-12-31', 5.09, 5.26, 5.06, 5.26]
['2015-01-02', 5.26, 5.4, 5.14, 5.4]
['2015-01-05', 5.35, 5.49, 5.26, 5.26]
['2015-01-06', 5.25, 5.25, 5.06, 5.07]
['2015-01-07', 5.07, 5.32, 4.997, 5.28]
['2015-01-08', 5.36, 6.03, 5.31, 5.69]
['2015-01-09', 5.69, 6.71, 5.69, 6.61]
['2015-01-12', 7.0, 7.35, 6.83, 7.13]
['2015-01-13', 7.15, 7.25, 6.5, 6.98]
['2015-01-14', 6.89, 6.97, 6.33, 6.4]
['2015-01-15', 6.5, 6.5, 5.85, 5.85]
['2015-01-16', 5.92, 5.92, 5.54, 5.79]
['2015-01-20', 5.79, 6.412, 5.55, 5.73]
['2015-01-21', 5.76, 5.94, 5.36, 5.47]
['2015-01-22', 5.46, 5.46, 5.11, 5.2]
['2015-01-23', 5.12, 5.49, 5.06, 5.232]
['2015-01-26', 5.35, 5.64, 5.26, 5.35]
['2015-01-27', 5.66, 5.66, 5.374, 5.52]
['2015-01-28', 5.63, 5.645, 5.26, 5.36]
['2015-01-29', 5.4, 5.42, 5.15, 5.41]
['2015-01-30', 5.15, 5.61, 5.15, 5.55]
['2015-02-02', 5.61, 5.63, 5.35, 5.58]
['2015-02-03', 5.57, 5.6, 5.41, 5.45]
['2015-02-04', 5.474, 5.61, 5.45, 5.61]
['2015-02-05', 5.47, 5.6, 5.36, 5.6]
['2015-02-06', 5.57, 5.71, 5.5, 5.6]
['2015-02-09', 5.6, 5.62, 5.41, 5.49]
['2015-02-10', 5.58, 5.609, 5.5, 5.56]
['2015-02-11', 5.61, 5.61, 5.55, 5.58]
['2015-02-12', 5.542, 5.57, 5.42, 5.51]
['2015-02-13', 5.6, 6.0, 5.6, 5.91]
['2015-02-17', 5.94, 6.1, 5.88, 6.03]
['2015-02-18', 6.27, 6.39, 6.2, 6.25]
['2015-02-19', 6.25, 6.35, 6.12, 6.14]
['2015-02-20', 6.32, 6.34, 6.06, 6.08]
['2015-02-23', 6.08, 6.79, 6.08, 6.58]
['2015-02-24', 6.7, 7.0, 6.49, 6.96]
['2015-02-25', 7.03, 7.29, 7.01, 7.26]
['2015-02-26', 7.4, 7.47, 6.62, 6.86]
['2015-02-27', 7.02, 7.5, 7.02, 7.24]
['2015-03-02', 7.37, 7.97, 7.14, 7.88]
['2015-03-03', 7.97, 8.11, 7.4, 7.48]
['2015-03-04', 7.5, 7.95, 7.25, 7.94]
['2015-03-05', 8.0, 8.38, 7.69, 8.2]
['2015-03-06', 8.13, 8.18, 7.75, 7.91]
['2015-03-09', 7.92, 7.98, 7.24, 7.61]
['2015-03-10', 7.61, 7.91, 7.2, 7.398]
['2015-03-11', 7.32, 7.32, 6.75, 6.87]
['2015-03-12', 6.92, 7.298, 6.53, 6.58]
['2015-03-13', 6.6, 6.78, 6.2, 6.62]
['2015-03-16', 6.66, 7.16, 6.3, 7.1]
['2015-03-17', 7.1, 7.825, 6.988, 7.56]
['2015-03-18', 7.5, 7.89, 7.227, 7.39]
['2015-03-19', 7.36, 7.64, 7.011, 7.47]
['2015-03-20', 7.303, 7.67, 7.1, 7.33]
['2015-03-23', 7.28, 7.29, 7.08, 7.21]
['2015-03-24', 7.26, 8.09, 7.138, 7.29]
['2015-03-25', 7.36, 7.58, 7.05, 7.16]
['2015-03-26', 7.09, 7.2, 6.52, 6.91]
['2015-03-27', 6.85, 7.0, 6.741, 6.96]
['2015-03-30', 7.0, 7.0, 6.75, 6.87]
['2015-03-31', 6.81, 6.98, 6.68, 6.9]
['2015-04-01', 7.0, 7.04, 6.53, 6.74]
['2015-04-02', 6.74, 6.98, 6.39, 6.63]
['2015-04-06', 6.64, 7.1, 6.37, 6.98]
['2015-04-07', 6.942, 7.05, 6.72, 6.8]
['2015-04-08', 7.05, 7.05, 6.66, 6.76]
['2015-04-09', 6.76, 7.04, 6.69, 6.83]
['2015-04-10', 6.87, 6.99, 6.83, 6.84]
['2015-04-13', 6.88, 7.1, 6.82, 7.07]
['2015-04-14', 7.08, 7.88, 7.07, 7.715]
['2015-04-15', 7.7, 8.2, 7.63, 7.98]
['2015-04-16', 7.96, 8.29, 7.91, 8.09]
['2015-04-17', 8.17, 8.17, 7.81, 7.94]
['2015-04-20', 8.03, 8.03, 7.09, 7.4]
['2015-04-21', 7.29, 7.56, 7.024, 7.26]
['2015-04-22', 7.26, 7.45, 7.08, 7.2]
['2015-04-23', 7.2, 7.38, 7.07, 7.12]
['2015-04-24', 6.95, 6.99, 6.66, 6.85]
['2015-04-27', 6.95, 7.18, 6.8, 6.85]
['2015-04-28', 6.88, 6.97, 6.54, 6.68]
['2015-04-29', 6.64, 6.8, 6.63, 6.7]
['2015-04-30', 6.94, 6.94, 6.62, 6.64]
['2015-05-01', 6.77, 6.85, 6.5, 6.5]
['2015-05-04', 6.55, 6.82, 6.4, 6.815]
['2015-05-05', 6.72, 6.83, 6.57, 6.77]
['2015-05-06', 6.73, 6.77, 6.6, 6.66]
['2015-05-07', 6.69, 6.8, 6.61, 6.79]
['2015-05-08', 6.8, 7.05, 6.77, 6.99]
['2015-05-11', 7.02, 7.22, 6.94, 7.08]
['2015-05-12', 7.1, 7.59, 6.92, 7.52]
['2015-05-13', 7.52, 7.62, 7.29, 7.6]
['2015-05-14', 7.61, 7.76, 7.5, 7.7]
['2015-05-15', 7.68, 7.77, 7.24, 7.66]
['2015-05-18', 7.75, 7.769, 7.33, 7.6]
['2015-05-19', 7.59, 7.6, 6.83, 7.075]
['2015-05-20', 7.06, 7.17, 6.91, 7.12]
['2015-05-21', 7.22, 7.22, 6.91, 7.09]
['2015-05-22', 7.11, 7.13, 6.986, 7.09]
['2015-05-26', 7.029, 7.44, 7.01, 7.1]
['2015-05-27', 7.07, 7.1, 7.0, 7.08]
['2015-05-28', 7.04, 7.17, 7.0, 7.06]
['2015-05-29', 7.11, 7.2, 7.05, 7.05]
['2015-06-01', 7.11, 7.17, 7.02, 7.1]
['2015-06-02', 7.05, 7.36, 7.02, 7.21]
['2015-06-03', 7.26, 7.29, 7.12, 7.25]
['2015-06-04', 7.21, 7.49, 7.1, 7.28]
['2015-06-05', 7.31, 7.43, 7.25, 7.31]
['2015-06-08', 7.35, 7.42, 7.18, 7.3]
['2015-06-09', 7.34, 7.42, 7.17, 7.36]
['2015-06-10', 7.344, 7.344, 7.135, 7.21]
['2015-06-11', 7.21, 7.33, 7.21, 7.32]
['2015-06-12', 7.27, 7.37, 7.168, 7.23]
['2015-06-15', 7.35, 7.4, 7.19, 7.28]
['2015-06-16', 7.29, 7.33, 7.2, 7.29]
['2015-06-17', 7.29, 7.7, 7.246, 7.61]
['2015-06-18', 7.64, 8.08, 7.543, 7.91]
['2015-06-19', 7.9, 8.07, 7.83, 8.0]
['2015-06-22', 8.0, 8.15, 7.947, 8.06]
['2015-06-23', 8.21, 8.5, 8.18, 8.38]
['2015-06-24', 8.5, 8.5, 7.96, 8.0]
['2015-06-25', 8.05, 8.37, 7.69, 8.2]
['2015-06-26', 8.25, 8.43, 8.06, 8.42]
['2015-06-29', 8.42, 8.42, 7.89, 8.16]
['2015-06-30', 8.2, 8.75, 8.15, 8.58]
['2015-07-01', 8.76, 8.925, 8.58, 8.76]
['2015-07-02', 8.82, 8.93, 8.614, 8.83]
['2015-07-06', 8.78, 9.0, 8.56, 8.69]
['2015-07-07', 8.69, 8.69, 8.1, 8.32]
['2015-07-08', 8.27, 8.27, 7.88, 7.89]
['2015-07-09', 8.0, 8.196, 7.85, 8.06]
['2015-07-10', 8.11, 8.58, 8.11, 8.51]
['2015-07-13', 8.53, 8.67, 8.3, 8.42]
['2015-07-14', 8.4, 9.11, 8.32, 9.08]
['2015-07-15', 9.13, 9.6, 9.12, 9.5]
['2015-07-16', 9.64, 10.78, 9.35, 10.72]
['2015-07-17', 10.76, 11.14, 10.25, 11.02]
['2015-07-20', 11.15, 11.99, 11.1, 11.65]
['2015-07-21', 11.56, 11.8, 11.07, 11.79]
['2015-07-22', 12.5, 14.48, 12.06, 13.69]
['2015-07-23', 14.08, 14.18, 12.64, 13.54]
['2015-07-24', 13.41, 13.78, 12.75, 12.93]
['2015-07-27', 12.75, 12.76, 11.68, 12.51]
['2015-07-28', 12.58, 13.484, 12.38, 13.07]
['2015-07-29', 13.15, 13.15, 12.3, 12.43]
['2015-07-30', 12.35, 12.46, 11.59, 12.19]
['2015-07-31', 11.84, 12.47, 11.76, 12.36]
['2015-08-03', 12.27, 13.4, 12.27, 12.76]
['2015-08-04', 12.91, 13.1, 12.53, 12.96]
['2015-08-05', 13.0, 13.63, 12.812, 13.06]
['2015-08-06', 13.02, 13.5, 12.59, 12.94]
['2015-08-07', 12.95, 13.35, 12.57, 13.2]
['2015-08-10', 13.21, 14.96, 13.16, 13.97]
['2015-08-11', 13.53, 17.83, 13.53, 17.37]
['2015-08-12', 17.05, 17.16, 15.348, 16.19]
['2015-08-13', 16.1, 16.698, 15.9, 15.96]
['2015-08-14', 16.0, 17.15, 15.66, 16.51]
['2015-08-17', 16.89, 16.89, 15.8, 16.14]
['2015-08-18', 16.35, 16.5, 14.84, 14.98]
['2015-08-19', 14.76, 15.474, 14.15, 14.91]
['2015-08-20', 14.77, 15.7, 14.59, 14.94]
['2015-08-21', 14.64, 14.96, 13.55, 13.76]
['2015-08-24', 12.38, 13.602, 11.53, 12.56]
['2015-08-25', 12.88, 13.17, 12.446, 12.69]
['2015-08-26', 13.0, 13.25, 12.64, 13.08]
['2015-08-27', 13.23, 13.85, 13.06, 13.36]
['2015-08-28', 13.21, 14.19, 13.21, 13.84]
['2015-08-31', 14.39, 15.93, 14.32, 14.72]
['2015-09-01', 14.6, 15.71, 14.03, 15.59]
['2015-09-02', 15.82, 16.99, 15.27, 16.93]
['2015-09-03', 17.25, 17.825, 16.46, 16.53]
['2015-09-04', 16.0, 17.47, 15.77, 17.04]
['2015-09-08', 17.71, 18.6, 16.5, 18.54]
['2015-09-09', 19.0, 19.23, 17.67, 17.9]
['2015-09-10', 17.72, 18.26, 17.22, 17.46]
['2015-09-11', 17.45, 18.17, 17.45, 18.04]
['2015-09-14', 18.03, 18.03, 16.2, 17.01]
['2015-09-15', 16.83, 17.6, 16.36, 16.92]
['2015-09-16', 16.88, 17.19, 16.45, 16.59]
['2015-09-17', 16.72, 17.68, 16.44, 17.25]
['2015-09-18', 16.84, 17.23, 16.45, 17.09]
['2015-09-21', 17.25, 17.37, 15.47, 15.68]
['2015-09-22', 15.46, 15.9, 14.75, 14.88]
['2015-09-23', 14.75, 15.64, 14.68, 15.47]
['2015-09-24', 15.39, 16.15, 14.85, 15.82]
['2015-09-25', 16.07, 16.3, 14.31, 14.55]
['2015-09-28', 14.41, 14.41, 12.95, 13.74]
['2015-09-29', 13.27, 13.71, 12.17, 12.26]
['2015-09-30', 12.43, 13.03, 11.4, 11.83]
['2015-10-01', 11.84, 11.96, 10.88, 11.75]
['2015-10-02', 11.56, 13.14, 11.55, 12.98]
['2015-10-05', 12.85, 13.66, 12.5, 12.7]
['2015-10-06', 12.78, 13.11, 11.85, 12.17]
['2015-10-07', 12.24, 12.9, 11.71, 12.84]
['2015-10-08', 12.86, 13.18, 12.04, 12.51]
['2015-10-09', 12.59, 13.076, 12.44, 12.74]
['2015-10-12', 12.87, 13.19, 12.64, 12.94]
['2015-10-13', 12.78, 13.1, 12.16, 12.23]
['2015-10-14', 12.32, 12.609, 11.76, 11.87]
['2015-10-15', 11.74, 12.88, 11.7, 12.76]
['2015-10-16', 12.72, 13.29, 12.69, 12.81]
['2015-10-19', 12.8, 13.42, 12.5, 12.71]
['2015-10-20', 12.64, 13.5, 11.75, 11.85]
['2015-10-21', 12.0, 12.0, 11.0, 11.27]
['2015-10-22', 11.34, 11.74, 10.37, 11.03]
['2015-10-23', 11.06, 11.75, 10.95, 11.48]
['2015-10-26', 11.41, 12.13, 11.4, 11.59]
['2015-10-27', 11.63, 12.0, 11.1, 11.43]
['2015-10-28', 11.44, 11.98, 10.99, 11.56]
['2015-10-29', 11.46, 11.876, 10.74, 10.77]
['2015-10-30', 11.77, 12.7, 11.477, 11.96]
['2015-11-02', 12.37, 12.87, 12.0, 12.08]
['2015-11-03', 12.08, 12.57, 11.25, 11.41]
['2015-11-04', 11.41, 11.63, 10.7, 11.26]
['2015-11-05', 11.23, 11.35, 10.77, 10.77]
['2015-11-06', 10.7, 11.36, 10.52, 11.03]
['2015-11-09', 10.94, 11.14, 10.59, 10.79]
['2015-11-10', 10.82, 11.04, 10.46, 10.97]
['2015-11-11', 11.05, 11.14, 10.62, 10.66]
['2015-11-12', 10.6, 10.71, 10.14, 10.22]
['2015-11-13', 11.73, 13.8, 11.72, 13.17]
['2015-11-16', 13.12, 14.796, 13.1, 14.38]
['2015-11-17', 14.52, 14.689, 12.81, 13.21]
['2015-11-18', 13.2, 13.49, 12.8, 13.14]
['2015-11-19', 13.19, 13.2, 12.14, 12.24]
['2015-11-20', 12.36, 12.81, 12.04, 12.74]
['2015-11-23', 12.99, 13.2, 12.7, 12.94]
['2015-11-24', 12.9, 13.37, 12.65, 13.18]
['2015-11-25', 13.15, 13.53, 13.15, 13.33]
['2015-11-27', 13.44, 13.61, 13.3, 13.44]
['2015-11-30', 13.46, 14.325, 13.44, 13.89]
['2015-12-01', 13.95, 14.22, 13.66, 13.89]
['2015-12-02', 13.85, 14.154, 13.235, 13.38]
['2015-12-03', 13.43, 13.6, 12.53, 12.8]
['2015-12-04', 12.67, 13.14, 12.49, 12.9]
['2015-12-07', 12.82, 12.83, 12.08, 12.53]
['2015-12-08', 12.26, 13.13, 12.26, 12.9]
['2015-12-09', 12.81, 12.83, 12.16, 12.29]
['2015-12-10', 12.23, 12.6, 12.16, 12.25]
['2015-12-11', 12.1, 12.17, 11.8, 11.92]
['2015-12-14', 11.89, 12.015, 11.35, 11.41]
['2015-12-15', 11.58, 12.09, 11.52, 11.89]
['2015-12-16', 11.95, 12.795, 11.66, 12.68]
['2015-12-17', 12.77, 13.0, 12.47, 12.52]
['2015-12-18', 12.52, 13.09, 12.52, 13.0]
['2015-12-21', 13.07, 13.07, 12.42, 12.83]
['2015-12-22', 12.8, 12.85, 12.11, 12.4]
['2015-12-23', 12.16, 12.65, 12.16, 12.63]
['2015-12-24', 12.65, 12.87, 12.65, 12.74]
['2015-12-28', 12.71, 13.06, 12.55, 12.92]
['2015-12-29', 13.01, 13.38, 12.79, 13.12]
['2015-12-30', 13.07, 13.27, 12.85, 12.97]
['2015-12-31', 12.93, 13.02, 12.68, 12.93]
['2016-01-04', 12.6, 12.73, 12.3, 12.6]
['2016-01-05', 12.7, 12.99, 12.65, 12.92]
['2016-01-06', 12.72, 12.72, 12.18, 12.52]
['2016-01-07', 12.27, 12.29, 11.74, 12.01]
['2016-01-08', 12.1, 12.29, 11.09, 11.37]
['2016-01-11', 11.5, 11.5, 10.56, 10.89]
['2016-01-12', 11.04, 11.32, 10.81, 11.15]
['2016-01-13', 11.23, 11.496, 10.31, 10.35]
['2016-01-14', 10.38, 10.64, 9.62, 10.36]
['2016-01-15', 10.0, 10.14, 9.31, 9.75]
['2016-01-19', 9.84, 10.28, 9.19, 9.49]
['2016-01-20', 9.32, 9.71, 9.1, 9.5]
['2016-01-21', 9.44, 9.51, 8.85, 8.98]
['2016-01-22', 9.22, 9.55, 8.95, 9.42]
['2016-01-25', 9.3, 9.81, 9.28, 9.39]
['2016-01-26', 9.39, 9.46, 8.96, 9.42]
['2016-01-27', 9.39, 9.39, 8.81, 8.94]
['2016-01-28', 8.98, 9.04, 8.42, 8.71]
['2016-01-29', 8.7, 9.18, 8.68, 9.06]
['2016-02-01', 8.96, 9.4, 8.81, 9.21]
['2016-02-02', 9.1, 9.36, 9.1, 9.24]
['2016-02-03', 9.31, 9.38, 8.995, 9.37]
['2016-02-04', 9.31, 9.6, 9.025, 9.12]
['2016-02-05', 9.05, 9.556, 8.83, 9.07]
['2016-02-08', 8.95, 8.95, 8.37, 8.62]
['2016-02-09', 8.45, 8.63, 8.0, 8.2]
['2016-02-10', 8.34, 8.36, 8.07, 8.21]
['2016-02-11', 8.06, 8.38, 7.9, 8.14]
['2016-02-12', 8.23, 9.0, 8.06, 8.76]
['2016-02-16', 9.31, 9.352, 8.99, 9.31]
['2016-02-17', 9.4, 9.79, 9.11, 9.74]
['2016-02-18', 9.82, 10.26, 9.74, 9.93]
['2016-02-19', 9.83, 10.68, 9.62, 10.32]
['2016-02-22', 10.48, 10.81, 10.34, 10.73]
['2016-02-23', 10.88, 10.88, 10.35, 10.69]
['2016-02-24', 10.53, 10.69, 10.46, 10.64]
['2016-02-25', 10.74, 10.95, 10.55, 10.93]
['2016-02-26', 10.98, 11.26, 10.82, 10.9]
['2016-02-29', 10.85, 10.98, 10.04, 10.1]
['2016-03-01', 10.28, 10.48, 9.6, 10.42]
['2016-03-02', 10.42, 10.5, 10.1, 10.38]
['2016-03-03', 10.35, 10.47, 10.08, 10.18]
['2016-03-04', 10.12, 10.43, 9.53, 9.65]
['2016-03-07', 9.63, 10.015, 9.5, 9.64]
['2016-03-08', 9.52, 9.9, 9.52, 9.78]
['2016-03-09', 9.79, 9.97, 9.5, 9.58]
['2016-03-10', 9.68, 9.82, 9.44, 9.47]
['2016-03-11', 9.75, 10.82, 9.67, 10.35]
['2016-03-14', 10.35, 11.0, 10.24, 10.82]
['2016-03-15', 10.69, 10.69, 10.02, 10.2]
['2016-03-16', 10.12, 10.35, 9.61, 10.17]
['2016-03-17', 10.12, 10.13, 9.625, 9.84]
['2016-03-18', 9.83, 10.25, 9.626, 10.11]
['2016-03-21', 10.02, 10.36, 10.02, 10.28]
['2016-03-22', 10.19, 10.87, 10.19, 10.79]
['2016-03-23', 10.66, 11.0, 10.41, 10.61]
['2016-03-24', 10.54, 10.84, 10.4, 10.48]
['2016-03-28', 10.59, 10.78, 10.31, 10.4]
['2016-03-29', 10.31, 10.64, 9.9, 10.55]
['2016-03-30', 10.67, 10.78, 10.24, 10.42]
['2016-03-31', 10.4, 10.4, 9.995, 10.15]
['2016-04-01', 10.12, 10.83, 9.66, 10.75]
['2016-04-04', 10.71, 10.95, 10.61, 10.65]
['2016-04-05', 10.52, 11.28, 10.52, 11.26]
['2016-04-06', 11.35, 12.55, 11.35, 12.38]
['2016-04-07', 12.36, 12.66, 12.03, 12.33]
['2016-04-08', 12.48, 12.52, 11.82, 12.33]
['2016-04-11', 12.27, 12.4, 11.96, 12.19]
['2016-04-12', 12.04, 12.53, 11.93, 12.48]
['2016-04-13', 12.54, 12.55, 11.97, 12.27]
['2016-04-14', 12.19, 12.58, 12.1, 12.26]
['2016-04-15', 12.2, 12.2, 11.73, 11.89]
['2016-04-18', 11.78, 11.9, 11.07, 11.4]
['2016-04-19', 11.44, 12.01, 11.13, 11.72]
['2016-04-20', 11.76, 11.99, 11.42, 11.54]
['2016-04-21', 11.51, 11.845, 11.36, 11.72]
['2016-04-22', 11.82, 11.9, 11.47, 11.58]
['2016-04-25', 11.65, 11.84, 11.0, 11.02]
['2016-04-26', 11.1, 11.2, 10.03, 10.21]
['2016-04-27', 10.13, 10.199, 9.71, 9.96]
['2016-04-28', 10.0, 10.17, 9.82, 9.94]
['2016-04-29', 9.96, 10.11, 9.55, 9.75]
['2016-05-02', 9.77, 9.95, 9.58, 9.87]
['2016-05-03', 9.82, 10.25, 9.82, 10.0]
['2016-05-04', 10.01, 10.03, 9.53, 9.72]
['2016-05-05', 9.68, 9.69, 9.1, 9.2]
['2016-05-06', 9.09, 9.16, 8.52, 8.91]
['2016-05-09', 8.96, 9.32, 8.8, 8.87]
['2016-05-10', 8.72, 8.75, 7.3, 8.47]
['2016-05-11', 8.49, 8.52, 7.91, 8.01]
['2016-05-12', 8.07, 8.23, 7.51, 7.65]
['2016-05-13', 7.64, 7.72, 7.31, 7.38]
['2016-05-16', 7.65, 7.9, 7.472, 7.82]
['2016-05-17', 7.75, 8.02, 7.73, 7.85]
['2016-05-18', 7.88, 8.19, 7.66, 7.79]
['2016-05-19', 7.78, 7.87, 7.53, 7.79]
['2016-05-20', 7.81, 8.32, 7.66, 7.83]
['2016-05-23', 7.84, 8.88, 7.76, 8.73]
['2016-05-24', 8.88, 9.3, 8.87, 9.1]
['2016-05-25', 9.16, 9.21, 8.83, 8.91]
['2016-05-26', 8.92, 9.14, 8.84, 9.04]
['2016-05-27', 9.09, 9.48, 8.98, 9.07]
['2016-05-31', 9.24, 9.24, 8.66, 8.74]
['2016-06-01', 8.74, 8.74, 8.44, 8.51]
['2016-06-02', 8.56, 9.012, 8.56, 8.75]
['2016-06-03', 8.78, 8.92, 8.37, 8.44]
['2016-06-06', 8.48, 8.74, 8.4, 8.71]
['2016-06-07', 8.71, 9.1, 8.6, 8.75]
['2016-06-08', 8.78, 8.96, 8.65, 8.9]
['2016-06-09', 8.99, 9.59, 8.9, 9.1]
['2016-06-10', 8.93, 9.0, 8.13, 8.16]
['2016-06-13', 8.17, 8.47, 8.03, 8.44]
['2016-06-14', 8.42, 8.55, 7.97, 8.02]
['2016-06-15', 8.04, 8.09, 7.2, 7.45]
['2016-06-16', 7.49, 7.66, 7.2, 7.5]
['2016-06-17', 7.68, 7.8, 6.91, 7.03]
['2016-06-20', 7.0, 7.2, 6.412, 6.81]
['2016-06-21', 6.86, 6.98, 6.46, 6.96]
['2016-06-22', 7.01, 7.76, 6.89, 7.49]
['2016-06-23', 7.7, 7.785, 7.15, 7.19]
['2016-06-24', 6.9, 7.15, 6.7, 6.88]
['2016-06-27', 7.0, 7.37, 6.56, 7.19]
['2016-06-28', 7.27, 7.36, 6.17, 6.27]
['2016-06-29', 2.82, 3.11, 2.51, 3.1]
['2016-06-30', 3.07, 3.2, 3.0, 3.04]
['2016-07-01', 3.05, 3.13, 3.02, 3.04]
['2016-07-05', 3.03, 3.48, 2.96, 3.44]
['2016-07-06', 3.48, 3.86, 3.17, 3.2]
['2016-07-07', 3.32, 3.32, 3.11, 3.27]
['2016-07-08', 3.24, 3.36, 3.2, 3.34]
['2016-07-11', 3.35, 3.35, 3.21, 3.3]
['2016-07-12', 3.4, 3.44, 3.3, 3.38]
['2016-07-13', 3.4, 3.42, 3.29, 3.32]
['2016-07-14', 3.33, 3.41, 3.29, 3.36]
['2016-07-15', 3.37, 3.4, 3.29, 3.36]
['2016-07-18', 3.34, 3.36, 3.29, 3.33]
['2016-07-19', 3.32, 3.33, 3.16, 3.27]
['2016-07-20', 3.28, 3.36, 3.22, 3.32]
['2016-07-21', 3.32, 3.71, 3.32, 3.55]
['2016-07-22', 3.54, 3.71, 3.41, 3.7]
['2016-07-25', 3.71, 3.72, 3.61, 3.64]
['2016-07-26', 3.64, 3.7, 3.54, 3.6]
['2016-07-27', 3.6, 3.719, 3.53, 3.6]
['2016-07-28', 3.6, 3.73, 3.56, 3.6]
['2016-07-29', 3.61, 3.71, 3.56, 3.69]
['2016-08-01', 3.7, 3.7, 3.29, 3.425]
['2016-08-02', 3.42, 3.49, 3.29, 3.4]
['2016-08-03', 3.25, 3.66, 3.25, 3.59]
['2016-08-04', 3.6, 3.7, 3.5, 3.645]
['2016-08-05', 3.66, 3.74, 3.54, 3.7]
['2016-08-08', 3.7, 3.72, 3.62, 3.69]
['2016-08-09', 3.71, 4.39, 3.62, 4.32]
['2016-08-10', 4.29, 4.37, 3.96, 4.22]
['2016-08-11', 4.23, 4.26, 4.06, 4.23]
['2016-08-12', 4.24, 4.62, 4.148, 4.48]
['2016-08-15', 4.48, 4.5, 4.31, 4.36]
['2016-08-16', 4.33, 4.35, 4.0, 4.01]
['2016-08-17', 4.0, 4.15, 3.76, 3.86]
['2016-08-18', 3.93, 3.94, 3.66, 3.7]
['2016-08-19', 3.69, 3.9, 3.63, 3.67]
['2016-08-22', 3.68, 3.94, 3.54, 3.77]
['2016-08-23', 3.77, 3.9, 3.66, 3.81]
['2016-08-24', 3.87, 3.89, 3.59, 3.63]
['2016-08-25', 3.65, 3.81, 3.407, 3.53]
['2016-08-26', 3.52, 3.74, 3.52, 3.62]
['2016-08-29', 3.64, 3.73, 3.51, 3.54]
['2016-08-30', 3.5, 3.66, 3.5, 3.54]
['2016-08-31', 3.51, 3.61, 3.33, 3.37]
['2016-09-01', 3.41, 3.49, 3.33, 3.43]
['2016-09-02', 3.43, 3.52, 3.376, 3.48]
['2016-09-06', 3.5, 3.6, 3.39, 3.39]
['2016-09-07', 3.39, 3.485, 3.33, 3.33]
['2016-09-08', 3.34, 3.43, 3.33, 3.37]
['2016-09-09', 3.36, 3.45, 3.31, 3.4]
['2016-09-12', 3.37, 3.63, 3.35, 3.6]
['2016-09-13', 3.59, 3.59, 3.221, 3.29]
['2016-09-14', 3.28, 3.47, 3.2, 3.3]
['2016-09-15', 3.28, 3.58, 3.28, 3.5]
['2016-09-16', 3.52, 3.68, 3.425, 3.62]
['2016-09-19', 3.63, 3.67, 3.4, 3.45]
['2016-09-20', 3.47, 3.66, 3.361, 3.59]
['2016-09-21', 3.61, 3.75, 3.52, 3.65]
['2016-09-22', 3.66, 3.9, 3.66, 3.83]
['2016-09-23', 3.83, 3.94, 3.74, 3.89]
['2016-09-26', 4.45, 4.93, 4.13, 4.28]
['2016-09-27', 4.4, 4.55, 4.15, 4.48]
['2016-09-28', 4.51, 4.59, 4.31, 4.41]
['2016-09-29', 4.4, 4.406, 4.0, 4.06]
['2016-09-30', 4.08, 4.55, 3.95, 4.46]
['2016-10-03', 4.49, 4.58, 4.22, 4.54]
['2016-10-04', 4.56, 4.56, 4.22, 4.25]
['2016-10-05', 4.25, 4.35, 4.13, 4.3]
['2016-10-06', 4.27, 4.32, 4.11, 4.17]
['2016-10-07', 5.2, 5.9, 5.11, 5.41]
['2016-10-10', 5.73, 5.75, 5.36, 5.54]
['2016-10-11', 5.87, 5.88, 5.4, 5.42]
['2016-10-12', 5.38, 5.42, 4.52, 4.6]
['2016-10-13', 4.57, 4.69, 4.12, 4.15]
['2016-10-14', 4.13, 4.13, 3.75, 3.8]
['2016-10-17', 3.92, 4.11, 3.6, 3.65]
['2016-10-18', 3.64, 3.838, 3.56, 3.6]
['2016-10-19', 3.6, 3.66, 3.56, 3.62]
['2016-10-20', 3.62, 3.727, 3.57, 3.63]
['2016-10-21', 3.61, 3.74, 3.56, 3.58]
['2016-10-24', 3.55, 3.63, 3.49, 3.5]
['2016-10-25', 3.51, 3.51, 3.37, 3.4]
['2016-10-26', 3.38, 3.45, 3.27, 3.28]
['2016-10-27', 3.3, 3.33, 3.16, 3.26]
['2016-10-28', 3.25, 3.264, 3.15, 3.19]
['2016-10-31', 3.18, 3.25, 3.15, 3.21]
['2016-11-01', 3.24, 3.36, 3.18, 3.22]
['2016-11-02', 3.24, 3.24, 3.13, 3.16]
['2016-11-03', 3.15, 3.15, 3.05, 3.06]
['2016-11-04', 3.06, 3.19, 3.06, 3.07]
['2016-11-07', 3.1, 3.13, 3.03, 3.07]
['2016-11-08', 3.12, 3.34, 3.12, 3.33]
['2016-11-09', 3.31, 3.47, 3.21, 3.47]
['2016-11-10', 3.5, 3.79, 3.46, 3.66]
['2016-11-11', 3.7, 3.71, 3.5, 3.55]
['2016-11-14', 3.56, 3.85, 3.56, 3.84]
['2016-11-15', 3.84, 3.864, 3.69, 3.81]
['2016-11-16', 3.8, 3.9, 3.63, 3.77]
['2016-11-17', 3.8, 3.888, 3.681, 3.8]
['2016-11-18', 3.79, 3.82, 3.7, 3.76]
['2016-11-21', 3.79, 3.88, 3.735, 3.84]
['2016-11-22', 3.84, 3.847, 3.59, 3.64]
['2016-11-23', 3.55, 3.709, 3.36, 3.4]
['2016-11-25', 3.4, 3.54, 3.32, 3.5]
['2016-11-28', 3.48, 3.49, 3.125, 3.17]
['2016-11-29', 3.17, 3.41, 3.17, 3.33]
['2016-11-30', 3.3, 3.45, 3.21, 3.42]
['2016-12-01', 3.4, 3.52, 3.22, 3.27]
['2016-12-02', 3.27, 3.58, 3.27, 3.47]
['2016-12-05', 3.51, 3.78, 3.5, 3.725]
['2016-12-06', 3.73, 3.8, 3.6, 3.72]
['2016-12-07', 3.69, 3.72, 3.54, 3.61]
['2016-12-08', 3.57, 3.675, 3.53, 3.59]
['2016-12-09', 3.63, 3.78, 3.596, 3.73]
['2016-12-12', 3.7, 3.756, 3.6, 3.64]
['2016-12-13', 3.65, 3.69, 3.51, 3.56]
['2016-12-14', 3.55, 3.57, 3.41, 3.49]
['2016-12-15', 3.48, 3.54, 3.43, 3.45]
['2016-12-16', 3.48, 3.59, 3.316, 3.59]
['2016-12-19', 3.61, 3.8, 3.61, 3.74]
['2016-12-20', 3.86, 4.22, 3.82, 4.04]
['2016-12-21', 4.05, 4.177, 3.91, 3.93]
['2016-12-22', 3.96, 4.04, 3.72, 3.75]
['2016-12-23', 3.82, 3.9, 3.8, 3.88]
['2016-12-27', 3.89, 4.14, 3.89, 4.11]
['2016-12-28', 4.11, 4.15, 3.92, 3.92]
['2016-12-29', 3.9, 4.03, 3.7, 3.73]
['2016-12-30', 3.75, 3.79, 3.67, 3.68]
['2017-01-03', 3.75, 3.769, 3.59, 3.68]
['2017-01-04', 3.71, 3.9, 3.7, 3.85]
['2017-01-05', 3.94, 3.94, 3.61, 3.76]
['2017-01-06', 3.77, 3.847, 3.69, 3.69]
['2017-01-09', 3.69, 3.796, 3.415, 3.47]
['2017-01-10', 3.5, 3.5, 3.381, 3.41]
['2017-01-11', 3.46, 3.46, 3.25, 3.35]
['2017-01-12', 3.35, 3.5, 3.35, 3.45]
['2017-01-13', 3.45, 3.58, 3.44, 3.51]
['2017-01-17', 3.52, 3.59, 3.365, 3.58]
['2017-01-18', 3.63, 3.63, 3.36, 3.39]
['2017-01-19', 3.39, 3.44, 3.27, 3.28]
['2017-01-20', 3.28, 3.41, 3.28, 3.37]
['2017-01-23', 3.37, 3.49, 3.325, 3.4]
['2017-01-24', 3.36, 3.5, 3.35, 3.48]
['2017-01-25', 3.53, 3.65, 3.48, 3.6]
['2017-01-26', 3.62, 3.642, 3.54, 3.61]
['2017-01-27', 3.61, 3.69, 3.57, 3.64]
['2017-01-30', 3.58, 3.67, 3.47, 3.57]
['2017-01-31', 3.57, 3.64, 3.44, 3.62]
['2017-02-01', 3.66, 3.74, 3.58, 3.66]
['2017-02-02', 3.66, 3.74, 3.53, 3.68]
['2017-02-03', 3.74, 3.756, 3.64, 3.69]
['2017-02-06', 3.65, 3.75, 3.65, 3.7]
['2017-02-07', 3.72, 3.78, 3.692, 3.73]
['2017-02-08', 3.73, 3.763, 3.5, 3.55]
['2017-02-09', 3.57, 3.69, 3.404, 3.64]
['2017-02-10', 3.68, 3.72, 3.6, 3.67]
['2017-02-13', 3.71, 3.74, 3.65, 3.71]
['2017-02-14', 3.73, 3.84, 3.7, 3.75]
['2017-02-15', 3.67, 3.81, 3.65, 3.8]
['2017-02-16', 3.81, 3.86, 3.73, 3.83]
['2017-02-17', 3.83, 3.83, 3.74, 3.78]
['2017-02-21', 3.89, 4.04, 3.814, 3.99]
['2017-02-22', 3.99, 4.1, 3.91, 3.96]
['2017-02-23', 4.0, 4.0, 3.82, 3.91]
['2017-02-24', 3.9, 4.04, 3.84, 3.86]
['2017-02-27', 3.9, 4.03, 3.87, 4.01]
['2017-02-28', 4.0, 4.04, 3.9, 3.96]
['2017-03-01', 4.04, 4.15, 4.0, 4.07]
['2017-03-02', 4.05, 4.24, 4.05, 4.07]
['2017-03-03', 4.1, 4.17, 3.96, 4.0]
['2017-03-06', 3.96, 4.03, 3.85, 3.88]
['2017-03-07', 3.75, 3.94, 3.75, 3.9]
['2017-03-08', 3.94, 4.05, 3.89, 3.9]
['2017-03-09', 3.94, 3.99, 3.81, 3.96]
['2017-03-10', 4.02, 4.03, 3.98, 4.0]
['2017-03-13', 4.0, 4.5, 4.0, 4.45]
['2017-03-14', 4.45, 4.45, 4.15, 4.27]
['2017-03-15', 4.27, 4.3, 4.18, 4.24]
['2017-03-16', 4.24, 4.26, 4.1, 4.13]
['2017-03-17', 4.15, 4.58, 4.15, 4.5]
['2017-03-20', 4.7, 4.859, 4.33, 4.46]
['2017-03-21', 4.46, 4.46, 4.13, 4.15]
['2017-03-22', 4.16, 4.324, 3.91, 4.19]
['2017-03-23', 4.19, 4.38, 4.08, 4.18]
['2017-03-24', 4.21, 4.21, 3.95, 4.01]
['2017-03-27', 3.92, 4.08, 3.64, 3.78]
['2017-03-28', 3.84, 3.9, 3.75, 3.86]
['2017-03-29', 3.88, 4.17, 3.81, 4.02]
['2017-03-30', 3.98, 4.03, 3.86, 3.9]
['2017-03-31', 3.86, 3.96, 3.85, 3.9]
['2017-04-03', 3.93, 3.95, 3.75, 3.83]
['2017-04-04', 3.85, 3.85, 3.72, 3.74]
['2017-04-05', 3.76, 3.905, 3.72, 3.75]
['2017-04-06', 3.77, 3.884, 3.73, 3.8]
['2017-04-07', 3.77, 3.83, 3.75, 3.76]
['2017-04-10', 3.75, 3.85, 3.719, 3.76]
['2017-04-11', 3.78, 3.85, 3.64, 3.75]
['2017-04-12', 3.74, 3.82, 3.7, 3.73]
['2017-04-13', 3.74, 3.78, 3.655, 3.75]
['2017-04-17', 3.75, 3.84, 3.71, 3.76]
['2017-04-18', 3.7, 3.76, 3.65, 3.68]
['2017-04-19', 3.72, 3.84, 3.68, 3.7]
['2017-04-20', 3.7, 3.74, 3.64, 3.69]
['2017-04-21', 3.74, 3.768, 3.65, 3.7]
['2017-04-24', 3.84, 3.884, 3.67, 3.8]
['2017-04-25', 3.85, 4.25, 3.825, 4.06]
['2017-04-26', 4.11, 4.2, 4.02, 4.13]
['2017-04-27', 4.18, 4.183, 4.06, 4.11]
['2017-04-28', 4.14, 4.4, 4.03, 4.24]
['2017-05-01', 4.31, 4.313, 4.13, 4.18]
['2017-05-02', 4.21, 4.34, 4.094, 4.23]
['2017-05-03', 4.24, 4.323, 4.173, 4.24]
['2017-05-04', 4.26, 4.26, 4.18, 4.21]
['2017-05-05', 4.21, 4.21, 4.15, 4.15]
['2017-05-08', 4.11, 4.15, 3.91, 3.98]
['2017-05-09', 3.96, 4.06, 3.96, 3.98]
['2017-05-10', 4.0, 4.04, 3.92, 4.02]
['2017-05-11', 4.02, 4.04, 3.91, 4.0]
['2017-05-12', 4.0, 4.0, 3.64, 3.65]
['2017-05-15', 3.7, 3.862, 3.7, 3.76]
['2017-05-16', 3.71, 3.87, 3.41, 3.44]
['2017-05-17', 3.4, 3.595, 3.33, 3.35]
['2017-05-18', 3.4, 3.49, 3.35, 3.46]
['2017-05-19', 3.45, 3.59, 3.43, 3.56]
['2017-05-22', 3.59, 3.71, 3.48, 3.55]
['2017-05-23', 3.55, 3.735, 3.55, 3.66]
['2017-05-24', 3.64, 3.76, 3.62, 3.68]
['2017-05-25', 3.71, 3.71, 3.56, 3.64]
['2017-05-26', 3.64, 3.72, 3.47, 3.64]
['2017-05-30', 3.62, 3.62, 3.395, 3.51]
['2017-05-31', 3.52, 3.68, 3.5, 3.67]
['2017-06-01', 3.66, 3.825, 3.6, 3.76]
['2017-06-02', 3.79, 3.88, 3.635, 3.69]
['2017-06-05', 3.75, 3.8, 3.64, 3.65]
['2017-06-06', 3.65, 3.799, 3.46, 3.51]
['2017-06-07', 3.53, 3.76, 3.49, 3.56]
['2017-06-08', 3.58, 3.68, 3.5, 3.6]
['2017-06-09', 3.973, 3.973, 3.47, 3.59]
['2017-06-12', 3.53, 3.65, 3.46, 3.5]
['2017-06-13', 3.525, 3.75, 3.525, 3.68]
['2017-06-14', 3.65, 4.049, 3.54, 3.94]
['2017-06-15', 3.94, 4.17, 3.84, 3.97]
['2017-06-16', 3.92, 3.963, 3.85, 3.87]
['2017-06-19', 3.88, 4.119, 3.82, 4.02]
['2017-06-20', 5.06, 5.14, 4.16, 4.24]
['2017-06-21', 4.2, 4.362, 4.06, 4.16]
['2017-06-22', 4.11, 4.36, 4.1, 4.32]
['2017-06-23', 4.35, 4.46, 4.17, 4.21]
['2017-06-26', 4.23, 4.338, 3.9, 3.94]
['2017-06-27', 3.97, 4.17, 3.92, 3.99]
['2017-06-28', 4.04, 4.15, 4.0, 4.13]
['2017-06-29', 4.1, 4.33, 4.03, 4.08]
['2017-06-30', 4.06, 4.16, 3.82, 4.02]
['2017-07-03', 4.02, 4.15, 3.97, 4.09]
['2017-07-05', 4.07, 4.22, 3.92, 3.98]
['2017-07-06', 4.06, 4.18, 3.99, 4.0]
['2017-07-07', 4.01, 4.11, 4.0, 4.05]
['2017-07-10', 3.99, 4.17, 3.99, 4.13]
['2017-07-11', 4.1, 4.34, 4.1, 4.33]
['2017-07-12', 4.41, 4.49, 4.33, 4.47]
['2017-07-13', 4.41, 4.48, 4.31, 4.43]
['2017-07-14', 4.44, 4.45, 4.368, 4.41]
['2017-07-17', 4.45, 4.81, 4.43, 4.68]
['2017-07-18', 4.71, 4.73, 4.54, 4.55]
['2017-07-19', 4.6, 4.69, 4.49, 4.67]
['2017-07-20', 4.64, 4.69, 4.57, 4.63]
['2017-07-21', 4.58, 4.72, 4.58, 4.71]
['2017-07-24', 4.71, 4.99, 4.69, 4.91]
['2017-07-25', 4.87, 5.2, 4.87, 5.07]
['2017-07-26', 5.12, 5.12, 4.92, 4.97]
['2017-07-27', 4.94, 5.054, 4.82, 4.94]
['2017-07-28', 4.94, 5.27, 4.9, 5.26]
['2017-07-31', 5.32, 5.33, 5.0, 5.07]
['2017-08-01', 5.08, 5.08, 4.73, 4.82]
['2017-08-02', 4.8, 4.95, 4.42, 4.57]
['2017-08-03', 4.55, 4.68, 4.43, 4.43]
['2017-08-04', 4.5, 4.55, 4.4, 4.42]
['2017-08-07', 4.49, 4.732, 4.36, 4.49]
['2017-08-08', 4.44, 4.62, 4.38, 4.52]
['2017-08-09', 4.68, 4.88, 4.22, 4.32]
['2017-08-10', 4.25, 4.32, 4.01, 4.24]
['2017-08-11', 4.25, 4.518, 4.14, 4.27]
['2017-08-14', 4.51, 4.57, 4.13, 4.32]
['2017-08-15', 4.36, 4.36, 4.08, 4.15]
['2017-08-16', 4.2, 4.25, 4.08, 4.17]
['2017-08-17', 4.17, 4.19, 4.09, 4.1]
['2017-08-18', 4.06, 4.12, 4.03, 4.1]
['2017-08-21', 4.13, 4.475, 4.03, 4.19]
['2017-08-22', 4.162, 4.278, 4.09, 4.17]
['2017-08-23', 4.15, 4.16, 4.06, 4.09]
['2017-08-24', 4.15, 4.25, 3.99, 4.03]
['2017-08-25', 4.03, 4.057, 3.95, 4.01]
['2017-08-28', 4.03, 4.07, 3.96, 4.05]
['2017-08-29', 4.03, 4.09, 3.81, 3.83]
['2017-08-30', 3.81, 3.82, 3.529, 3.675]
['2017-08-31', 3.7, 3.79, 3.52, 3.78]
['2017-09-01', 3.8, 3.94, 3.71, 3.82]
['2017-09-05', 3.83, 3.89, 3.72, 3.77]
['2017-09-06', 3.8, 3.88, 3.7, 3.8]
['2017-09-07', 3.8, 3.885, 3.8, 3.8]
['2017-09-08', 3.79, 3.89, 3.78, 3.83]
['2017-09-11', 3.85, 4.23, 3.791, 4.13]
['2017-09-12', 4.19, 4.19, 4.05, 4.16]
['2017-09-13', 4.15, 4.21, 4.089, 4.14]
['2017-09-14', 4.15, 4.18, 4.07, 4.09]
['2017-09-15', 4.09, 4.14, 3.96, 4.01]
['2017-09-18', 3.95, 4.14, 3.95, 3.98]
['2017-09-19', 3.98, 4.01, 3.91, 3.93]
['2017-09-20', 3.92, 4.04, 3.81, 4.0]
['2017-09-21', 3.95, 4.2, 3.95, 4.13]
['2017-09-22', 4.163, 4.179, 3.94, 4.14]
['2017-09-25', 4.15, 4.21, 4.11, 4.14]
['2017-09-26', 4.15, 4.15, 3.97, 4.01]
['2017-09-27', 4.016, 4.07, 3.99, 4.04]
['2017-09-28', 4.05, 4.13, 3.95, 3.96]
['2017-09-29', 3.95, 4.0, 3.91, 3.97]
['2017-10-02', 4.01, 4.11, 3.999, 4.06]
['2017-10-03', 4.05, 4.106, 4.01, 4.05]
['2017-10-04', 4.02, 4.14, 4.02, 4.08]
['2017-10-05', 4.06, 4.085, 3.94, 3.97]
['2017-10-06', 3.94, 4.0, 3.91, 3.95]
['2017-10-09', 3.99, 4.01, 3.83, 3.87]
['2017-10-10', 3.902, 4.12, 3.88, 4.12]
['2017-10-11', 4.08, 4.379, 4.08, 4.35]
['2017-10-12', 4.35, 4.37, 4.11, 4.15]
['2017-10-13', 4.24, 4.24, 3.922, 3.99]
['2017-10-16', 3.85, 4.03, 3.66, 3.78]
['2017-10-17', 3.79, 3.93, 3.69, 3.71]
['2017-10-18', 3.89, 4.133, 3.68, 3.99]
['2017-10-19', 3.99, 3.99, 3.82, 3.83]
['2017-10-20', 3.88, 3.88, 3.651, 3.71]
['2017-10-23', 3.73, 3.8, 3.55, 3.59]
['2017-10-24', 3.61, 3.61, 3.51, 3.52]
['2017-10-25', 3.54, 3.61, 3.5, 3.56]
['2017-10-26', 3.56, 3.56, 3.4, 3.5]
['2017-10-27', 3.51, 3.71, 3.416, 3.62]
['2017-10-30', 3.65, 3.65, 3.5, 3.53]
['2017-10-31', 3.56, 3.621, 3.48, 3.53]
['2017-11-01', 3.53, 3.59, 3.44, 3.5]
['2017-11-02', 3.5, 3.53, 3.42, 3.5]
['2017-11-03', 3.5, 3.53, 3.452, 3.5]
['2017-11-06', 3.47, 3.65, 3.46, 3.6]
['2017-11-07', 3.65, 3.68, 3.5, 3.55]
['2017-11-08', 3.58, 3.64, 3.53, 3.54]
['2017-11-09', 3.58, 3.64, 3.5, 3.63]
['2017-11-10', 3.68, 3.9, 3.68, 3.87]
['2017-11-13', 3.84, 3.971, 3.64, 3.69]
['2017-11-14', 3.65, 3.75, 3.53, 3.61]
['2017-11-15', 3.6, 3.77, 3.553, 3.7]
['2017-11-16', 3.78, 4.009, 3.67, 3.85]
['2017-11-17', 3.55, 3.688, 3.5, 3.63]
['2017-11-20', 3.61, 3.62, 3.47, 3.57]
['2017-11-21', 3.57, 3.651, 3.54, 3.56]
['2017-11-22', 3.58, 3.623, 3.55, 3.57]
['2017-11-24', 3.59, 3.728, 3.58, 3.64]
['2017-11-27', 3.64, 3.646, 3.54, 3.57]
['2017-11-28', 3.56, 3.62, 3.55, 3.6]
['2017-11-29', 3.6, 3.67, 3.57, 3.62]
['2017-11-30', 3.64, 3.65, 3.55, 3.57]
['2017-12-01', 3.59, 3.6, 3.5, 3.56]
['2017-12-04', 3.6, 3.74, 3.51, 3.67]
['2017-12-05', 3.68, 3.73, 3.54, 3.59]
['2017-12-06', 3.54, 3.6, 3.48, 3.52]
['2017-12-07', 3.54, 3.54, 3.45, 3.45]
['2017-12-08', 3.6, 3.64, 3.45, 3.57]
['2017-12-11', 3.6, 3.61, 3.49, 3.53]
['2017-12-12', 3.57, 3.57, 3.48, 3.505]
['2017-12-13', 3.52, 3.581, 3.44, 3.47]
['2017-12-14', 3.45, 3.47, 3.35, 3.36]
['2017-12-15', 3.4, 3.59, 3.34, 3.5]
['2017-12-18', 3.6, 3.63, 3.45, 3.49]
['2017-12-19', 3.5, 3.6, 3.47, 3.52]
['2017-12-20', 3.55, 3.56, 3.47, 3.47]
['2017-12-21', 3.48, 3.56, 3.42, 3.46]
['2017-12-22', 3.482, 3.55, 3.43, 3.5]
['2017-12-26', 3.56, 3.59, 3.49, 3.5]
['2017-12-27', 3.49, 3.55, 3.48, 3.5]
['2017-12-28', 3.53, 3.57, 3.45, 3.53]
['2017-12-29', 3.5, 3.56, 3.41, 3.44]
['2018-01-02', 3.5, 3.56, 3.36, 3.44]
['2018-01-03', 3.47, 3.529, 3.36, 3.39]
['2018-01-04', 3.5, 3.5, 3.254, 3.31]
['2018-01-05', 3.32, 3.38, 2.896, 3.03]
['2018-01-08', 3.25, 3.59, 3.175, 3.42]
['2018-01-09', 3.48, 3.5, 2.93, 3.46]
['2018-01-10', 3.46, 3.46, 3.46, 3.46]
['2018-01-11', 1.75, 2.14, 1.67, 1.87]
['2018-01-12', 2.0, 2.0, 1.69, 1.71]
['2018-01-16', 1.71, 1.725, 1.5, 1.52]
['2018-01-17', 1.5, 1.589, 1.4, 1.47]
['2018-01-18', 1.48, 1.49, 1.42, 1.43]
['2018-01-19', 1.43, 1.44, 1.3, 1.36]
['2018-01-22', 1.34, 1.49, 1.32, 1.45]
['2018-01-23', 1.46, 1.48, 1.37, 1.43]
['2018-01-24', 1.43, 1.44, 1.35, 1.38]
['2018-01-25', 1.39, 1.44, 1.35, 1.4]
['2018-01-26', 1.41, 1.429, 1.31, 1.31]
['2018-01-29', 1.32, 1.45, 1.26, 1.41]
['2018-01-30', 1.4, 1.4, 1.31, 1.36]
['2018-01-31', 1.37, 1.37, 1.32, 1.32]
['2018-02-01', 1.33, 1.43, 1.28, 1.43]
['2018-02-02', 1.41, 1.41, 1.3, 1.33]
['2018-02-05', 1.31, 1.32, 1.2, 1.23]
['2018-02-06', 1.24, 1.25, 1.18, 1.23]
['2018-02-07', 1.25, 1.29, 1.23, 1.29]
['2018-02-08', 1.29, 1.3, 1.17, 1.2]
['2018-02-09', 1.21, 1.27, 1.15, 1.23]
['2018-02-12', 1.25, 1.32, 1.23, 1.29]
['2018-02-13', 1.29, 1.31, 1.21, 1.27]
['2018-02-14', 1.28, 1.31, 1.23, 1.3]
['2018-02-15', 1.3, 1.35, 1.28, 1.33]
['2018-02-16', 1.33, 1.39, 1.31, 1.33]
['2018-02-20', 1.3, 1.36, 1.18, 1.26]
['2018-02-21', 1.27, 1.3, 1.24, 1.26]
['2018-02-22', 1.27, 1.27, 1.17, 1.18]
['2018-02-23', 1.19, 1.26, 1.161, 1.24]
['2018-02-26', 1.24, 1.37, 1.24, 1.31]
['2018-02-27', 1.65, 1.69, 1.42, 1.52]
['2018-02-28', 1.6, 1.98, 1.55, 1.9]
['2018-03-01', 1.9, 1.93, 1.52, 1.57]
['2018-03-02', 1.66, 1.79, 1.57, 1.7]
['2018-03-05', 1.71, 1.75, 1.53, 1.62]
['2018-03-06', 1.61, 1.65, 1.54, 1.59]
['2018-03-07', 1.58, 1.671, 1.55, 1.65]
['2018-03-08', 1.65, 1.66, 1.57, 1.6]
['2018-03-09', 1.61, 1.678, 1.55, 1.58]
['2018-03-12', 1.55, 1.58, 1.42, 1.48]
['2018-03-13', 1.49, 1.54, 1.461, 1.48]
['2018-03-14', 1.49, 1.53, 1.48, 1.51]
['2018-03-15', 1.52, 1.52, 1.46, 1.47]
['2018-03-16', 1.47, 1.53, 1.46, 1.52]
['2018-03-19', 1.51, 1.53, 1.41, 1.48]
['2018-03-20', 1.53, 1.53, 1.42, 1.49]
['2018-03-21', 1.5, 1.56, 1.46, 1.54]
['2018-03-22', 1.53, 1.72, 1.53, 1.67]
['2018-03-23', 1.71, 1.71, 1.57, 1.6]
['2018-03-26', 1.61, 1.64, 1.51, 1.55]
['2018-03-27', 1.56, 1.59, 1.53, 1.56]
['2018-03-28', 1.55, 1.63, 1.46, 1.46]
['2018-03-29', 1.6, 1.6, 1.46, 1.53]
['2018-04-02', 1.56, 1.62, 1.471, 1.51]
['2018-04-03', 1.52, 1.55, 1.486, 1.5]
['2018-04-04', 1.49, 1.623, 1.49, 1.6]
['2018-04-05', 1.61, 1.673, 1.56, 1.63]
['2018-04-06', 1.62, 1.68, 1.58, 1.65]
['2018-04-09', 1.67, 1.779, 1.62, 1.63]
['2018-04-10', 1.65, 1.66, 1.54, 1.64]
['2018-04-11', 1.64, 1.7, 1.581, 1.68]
['2018-04-12', 1.69, 1.7, 1.65, 1.66]
['2018-04-13', 1.67, 1.74, 1.661, 1.705]
['2018-04-16', 1.72, 1.75, 1.651, 1.7]
['2018-04-17', 1.69, 1.74, 1.65, 1.69]
['2018-04-18', 1.7, 1.7, 1.6, 1.69]
['2018-04-19', 1.7, 1.7, 1.58, 1.62]
['2018-04-20', 1.62, 1.67, 1.599, 1.65]
['2018-04-23', 1.65, 1.65, 1.48, 1.5]
['2018-04-24', 1.49, 1.58, 1.49, 1.55]
['2018-04-25', 1.55, 1.57, 1.495, 1.55]
['2018-04-26', 1.56, 1.64, 1.5, 1.61]
['2018-04-27', 1.62, 1.63, 1.57, 1.6]
['2018-04-30', 1.6, 1.609, 1.52, 1.54]
['2018-05-01', 1.56, 1.561, 1.45, 1.49]
['2018-05-02', 1.52, 1.55, 1.45, 1.48]
['2018-05-03', 1.49, 1.5, 1.47, 1.5]
['2018-05-04', 1.52, 1.58, 1.49, 1.54]
['2018-05-07', 1.7, 1.72, 1.55, 1.57]
['2018-05-08', 1.61, 2.136, 1.6, 1.78]
['2018-05-09', 1.15, 1.24, 1.03, 1.14]
['2018-05-10', 1.1, 1.11, 1.05, 1.06]
['2018-05-11', 1.07, 1.13, 1.05, 1.1]
['2018-05-14', 1.11, 1.28, 1.08, 1.27]
['2018-05-15', 1.26, 1.29, 1.2, 1.25]
['2018-05-16', 1.24, 1.24, 1.2, 1.2]
['2018-05-17', 1.21, 1.24, 1.19, 1.23]
['2018-05-18', 1.25, 1.339, 1.23, 1.3]
['2018-05-21', 1.31, 1.322, 1.211, 1.25]
['2018-05-22', 1.25, 1.27, 1.22, 1.22]
['2018-05-23', 1.22, 1.27, 1.21, 1.24]
['2018-05-24', 1.23, 1.23, 1.185, 1.19]
['2018-05-25', 1.2, 1.22, 1.2, 1.22]
['2018-05-29', 1.2, 1.21, 1.16, 1.19]
['2018-05-30', 1.2, 1.221, 1.17, 1.17]
['2018-05-31', 1.18, 1.2, 1.14, 1.18]
['2018-06-01', 1.19, 1.21, 1.15, 1.19]
['2018-06-04', 1.18, 1.2, 1.18, 1.19]
['2018-06-05', 1.2, 1.24, 1.2, 1.21]
['2018-06-06', 1.22, 1.26, 1.22, 1.24]
['2018-06-07', 1.24, 1.32, 1.24, 1.28]
['2018-06-08', 1.27, 1.33, 1.251, 1.27]
['2018-06-11', 1.28, 1.34, 1.28, 1.329]
['2018-06-12', 1.33, 1.35, 1.257, 1.32]
['2018-06-13', 1.32, 1.36, 1.26, 1.36]
['2018-06-14', 1.35, 1.41, 1.35, 1.39]
['2018-06-15', 1.39, 1.4, 1.341, 1.39]
['2018-06-18', 1.39, 1.4, 1.31, 1.335]
['2018-06-19', 1.32, 1.355, 1.31, 1.34]
['2018-06-20', 1.34, 1.41, 1.34, 1.355]
['2018-06-21', 1.3, 1.36, 1.3, 1.3]
['2018-06-22', 1.31, 1.34, 1.27, 1.27]
['2018-06-25', 1.27, 1.289, 1.235, 1.27]
['2018-06-26', 1.25, 1.3, 1.25, 1.3]
['2018-06-27', 1.3, 1.35, 1.299, 1.33]
['2018-06-28', 1.29, 1.33, 1.261, 1.28]
['2018-06-29', 1.29, 1.31, 1.29, 1.3]
['2018-07-02', 1.29, 1.34, 1.27, 1.33]
['2018-07-03', 1.339, 1.38, 1.33, 1.38]
['2018-07-05', 1.37, 1.4, 1.312, 1.35]
['2018-07-06', 1.34, 1.4, 1.34, 1.38]
['2018-07-09', 1.38, 1.45, 1.35, 1.38]
['2018-07-10', 1.391, 1.44, 1.38, 1.38]
['2018-07-11', 1.4, 1.45, 1.38, 1.41]
['2018-07-12', 1.42, 1.43, 1.39, 1.425]
['2018-07-13', 1.4, 1.45, 1.4, 1.42]
['2018-07-16', 1.44, 1.44, 1.4, 1.41]
['2018-07-17', 1.4, 1.44, 1.38, 1.38]
['2018-07-18', 1.442, 1.442, 1.393, 1.41]
['2018-07-19', 1.42, 1.439, 1.38, 1.38]
['2018-07-20', 1.39, 1.43, 1.36, 1.39]
['2018-07-23', 1.41, 1.41, 1.381, 1.41]
['2018-07-24', 1.4, 1.44, 1.39, 1.4]
['2018-07-25', 1.38, 1.41, 1.361, 1.41]
['2018-07-26', 1.4, 1.43, 1.36, 1.39]
['2018-07-27', 1.381, 1.4, 1.37, 1.39]
['2018-07-30', 1.387, 1.42, 1.34, 1.37]
['2018-07-31', 1.36, 1.4, 1.31, 1.31]
['2018-08-01', 1.35, 1.41, 1.35, 1.39]
['2018-08-02', 1.381, 1.4, 1.38, 1.388]
['2018-08-03', 1.35, 1.39, 1.34, 1.37]
['2018-08-06', 1.361, 1.44, 1.3, 1.43]
['2018-08-07', 1.44, 1.48, 1.41, 1.41]
['2018-08-08', 1.44, 1.55, 1.41, 1.49]
['2018-08-09', 1.48, 1.52, 1.471, 1.49]
['2018-08-10', 1.5, 1.54, 1.47, 1.53]
['2018-08-13', 1.55, 1.59, 1.521, 1.55]
['2018-08-14', 1.58, 1.58, 1.42, 1.49]
['2018-08-15', 1.48, 1.49, 1.427, 1.44]
['2018-08-16', 1.43, 1.496, 1.36, 1.4]
['2018-08-17', 1.39, 1.436, 1.36, 1.37]
['2018-08-20', 1.36, 1.41, 1.33, 1.35]
['2018-08-21', 1.365, 1.43, 1.35, 1.4]
['2018-08-22', 1.4, 1.43, 1.37, 1.42]
['2018-08-23', 1.43, 1.45, 1.41, 1.44]
['2018-08-24', 1.43, 1.45, 1.4, 1.4]
['2018-08-27', 1.4, 1.44, 1.36, 1.37]
['2018-08-28', 1.37, 1.42, 1.36, 1.37]
['2018-08-29', 1.38, 1.41, 1.38, 1.41]
['2018-08-30', 1.4, 1.45, 1.39, 1.42]
['2018-08-31', 1.43, 1.49, 1.43, 1.49]
['2018-09-04', 1.45, 1.68, 1.45, 1.575]
['2018-09-05', 1.57, 1.65, 1.51, 1.62]
['2018-09-06', 1.63, 1.64, 1.56, 1.63]
['2018-09-07', 1.62, 1.7, 1.552, 1.57]
['2018-09-10', 1.57, 1.63, 1.54, 1.56]
['2018-09-11', 1.58, 1.58, 1.52, 1.57]
['2018-09-12', 1.591, 1.591, 1.53, 1.57]
['2018-09-13', 1.628, 1.63, 1.58, 1.599]
['2018-09-14', 1.573, 1.6, 1.527, 1.56]
['2018-09-17', 1.59, 1.6, 1.568, 1.57]
['2018-09-18', 1.56, 1.6, 1.53, 1.575]
['2018-09-19', 1.57, 1.6, 1.52, 1.57]
['2018-09-20', 1.58, 1.599, 1.41, 1.52]
['2018-09-21', 1.45, 1.54, 1.45, 1.54]
['2018-09-24', 1.53, 1.532, 1.46, 1.49]
['2018-09-25', 1.45, 1.5, 1.43, 1.46]
['2018-09-26', 1.498, 1.5, 1.4, 1.42]
['2018-09-27', 1.433, 1.45, 1.38, 1.42]
['2018-09-28', 1.41, 1.42, 1.37, 1.38]
['2018-10-01', 1.37, 1.45, 1.37, 1.37]
['2018-10-02', 1.38, 1.4, 1.37, 1.38]
['2018-10-03', 1.39, 1.41, 1.38, 1.38]
['2018-10-04', 1.39, 1.41, 1.3, 1.32]
['2018-10-05', 1.33, 1.38, 1.33, 1.37]
['2018-10-08', 1.36, 1.37, 1.31, 1.34]
['2018-10-09', 1.33, 1.36, 1.31, 1.335]
['2018-10-10', 1.34, 1.36, 1.31, 1.31]
['2018-10-11', 1.34, 1.34, 1.3, 1.3]
['2018-10-12', 1.33, 1.35, 1.31, 1.35]
['2018-10-15', 1.35, 1.39, 1.31, 1.31]
['2018-10-16', 1.32, 1.44, 1.3, 1.3]
['2018-10-17', 1.31, 1.44, 1.28, 1.35]
['2018-10-18', 1.37, 1.37, 1.3, 1.3]
['2018-10-19', 1.31, 1.32, 1.18, 1.21]
['2018-10-22', 1.26, 1.353, 1.11, 1.13]
['2018-10-23', 1.12, 1.244, 1.06, 1.16]
['2018-10-24', 1.21, 1.33, 1.21, 1.3]
['2018-10-25', 1.31, 1.35, 1.293, 1.31]
['2018-10-26', 1.292, 1.36, 1.25, 1.31]
['2018-10-29', 1.31, 1.31, 1.27, 1.31]
['2018-10-30', 1.3, 1.36, 1.266, 1.34]
['2018-10-31', 1.31, 1.42, 1.31, 1.4]
['2018-11-01', 1.42, 1.44, 1.38, 1.44]
['2018-11-02', 1.48, 1.55, 1.31, 1.48]
['2018-11-05', 1.5, 1.54, 1.45, 1.48]
['2018-11-06', 1.5, 1.52, 1.49, 1.5]
['2018-11-07', 1.52, 1.52, 1.44, 1.49]
['2018-11-08', 1.54, 1.63, 1.53, 1.63]
['2018-11-09', 1.63, 1.64, 1.59, 1.6]
['2018-11-12', 1.6, 1.749, 1.6, 1.6]
['2018-11-13', 1.6, 1.65, 1.59, 1.6]
['2018-11-14', 1.57, 1.57, 1.45, 1.47]
['2018-11-15', 1.48, 1.51, 1.41, 1.41]
['2018-11-16', 1.42, 1.45, 1.42, 1.44]
['2018-11-19', 1.41, 1.47, 1.38, 1.39]
['2018-11-20', 1.36, 1.45, 1.36, 1.41]
['2018-11-21', 1.42, 1.42, 1.4, 1.41]
['2018-11-23', 1.41, 1.44, 1.37, 1.41]
['2018-11-26', 1.41, 1.42, 1.35, 1.35]
['2018-11-27', 1.35, 1.4, 1.35, 1.39]
['2018-11-28', 1.4, 1.44, 1.39, 1.4]
['2018-11-29', 1.376, 1.42, 1.376, 1.41]
['2018-11-30', 1.42, 1.45, 1.36, 1.36]
['2018-12-03', 1.38, 1.5, 1.38, 1.45]
['2018-12-04', 1.5, 1.5, 1.411, 1.46]
['2018-12-06', 1.43, 1.45, 1.38, 1.39]
['2018-12-07', 1.39, 1.46, 1.39, 1.39]
['2018-12-10', 1.4, 1.48, 1.36, 1.44]
['2018-12-11', 1.46, 1.48, 1.37, 1.37]
['2018-12-12', 1.42, 1.46, 1.4, 1.44]
['2018-12-13', 1.43, 1.45, 1.36, 1.38]
['2018-12-14', 1.37, 1.45, 1.37, 1.39]
['2018-12-17', 1.36, 1.43, 1.35, 1.35]
['2018-12-18', 1.35, 1.39, 1.28, 1.31]
['2018-12-19', 1.33, 1.37, 1.313, 1.313]
['2018-12-20', 1.38, 1.38, 1.3, 1.3]
['2018-12-21', 1.3, 1.34, 1.26, 1.26]
['2018-12-24', 1.25, 1.31, 1.25, 1.25]
['2018-12-26', 1.25, 1.25, 1.15, 1.15]
['2018-12-27', 1.12, 1.17, 1.05, 1.09]
['2018-12-28', 1.05, 1.13, 1.04, 1.07]
['2018-12-31', 1.07, 1.38, 1.06, 1.3]
['2019-01-02', 1.33, 1.46, 1.28, 1.46]
['2019-01-03', 1.45, 1.56, 1.41, 1.56]
['2019-01-04', 1.56, 1.64, 1.56, 1.62]
['2019-01-07', 1.63, 1.64, 1.588, 1.64]
['2019-01-08', 1.64, 1.64, 1.54, 1.54]
['2019-01-09', 1.57, 1.62, 1.52, 1.62]
['2019-01-10', 1.6, 1.619, 1.56, 1.58]
['2019-01-11', 1.62, 1.62, 1.56, 1.58]
['2019-01-14', 1.62, 1.69, 1.57, 1.58]
['2019-01-15', 1.58, 1.62, 1.58, 1.58]
['2019-01-16', 1.611, 1.62, 1.58, 1.59]
['2019-01-17', 2.345, 2.64, 1.8, 1.88]
['2019-01-18', 1.77, 1.8, 1.6, 1.67]
['2019-01-22', 1.72, 1.75, 1.52, 1.56]
['2019-01-23', 1.58, 1.68, 1.53, 1.56]
['2019-01-24', 1.64, 1.68, 1.58, 1.61]
['2019-01-25', 1.61, 1.662, 1.58, 1.59]
['2019-01-28', 1.63, 1.68, 1.6, 1.61]
['2019-01-29', 1.6, 1.66, 1.563, 1.63]
['2019-01-30', 1.65, 1.68, 1.6, 1.614]
['2019-01-31', 1.62, 1.67, 1.61, 1.61]
['2019-02-01', 1.61, 1.67, 1.6, 1.61]
['2019-02-04', 1.62, 1.65, 1.56, 1.58]
['2019-02-05', 1.58, 1.62, 1.58, 1.6]
['2019-02-06', 1.6, 1.63, 1.58, 1.63]
['2019-02-07', 1.61, 1.632, 1.6, 1.63]
['2019-02-08', 1.62, 1.67, 1.61, 1.64]
['2019-02-11', 1.66, 1.72, 1.65, 1.68]
['2019-02-12', 1.69, 1.76, 1.69, 1.73]
['2019-02-13', 1.76, 1.77, 1.68, 1.71]
['2019-02-14', 1.74, 1.77, 1.56, 1.63]
['2019-02-15', 1.63, 1.73, 1.615, 1.69]
['2019-02-19', 1.7, 1.74, 1.65, 1.7]
['2019-02-20', 1.7, 1.72, 1.664, 1.68]
['2019-02-21', 1.69, 1.72, 1.675, 1.72]
['2019-02-22', 1.71, 1.72, 1.68, 1.702]
['2019-02-25', 1.72, 1.72, 1.69, 1.7]
['2019-02-26', 1.7, 1.72, 1.68, 1.69]
['2019-02-27', 1.68, 1.72, 1.65, 1.69]
['2019-02-28', 1.68, 1.74, 1.67, 1.74]
['2019-03-01', 1.74, 1.81, 1.72, 1.78]
['2019-03-04', 1.8, 1.81, 1.75, 1.81]
['2019-03-05', 1.8, 2.0, 1.768, 1.96]
['2019-03-06', 1.94, 2.0, 1.81, 1.98]
['2019-03-07', 1.98, 2.1, 1.94, 2.06]
['2019-03-08', 2.07, 2.07, 2.0, 2.06]
['2019-03-11', 2.08, 2.2, 2.071, 2.18]
['2019-03-12', 2.51, 2.58, 2.15, 2.25]
['2019-03-13', 2.19, 2.19, 1.89, 2.03]
['2019-03-14', 2.13, 2.24, 2.05, 2.19]
['2019-03-15', 2.18, 2.27, 2.1, 2.24]
['2019-03-18', 2.2, 2.2, 2.11, 2.12]
['2019-03-19', 2.1, 2.2, 2.06, 2.19]
['2019-03-20', 2.2, 2.27, 2.125, 2.2]
['2019-03-21', 2.18, 2.25, 2.15, 2.17]
['2019-03-22', 2.15, 2.22, 2.1, 2.2]
['2019-03-25', 2.16, 2.2, 2.12, 2.175]
['2019-03-26', 2.2, 2.24, 2.13, 2.19]
['2019-03-27', 2.12, 2.36, 2.07, 2.23]
['2019-03-28', 2.34, 2.35, 2.22, 2.33]
['2019-03-29', 2.32, 2.37, 2.22, 2.31]
['2019-04-01', 2.26, 2.35, 2.26, 2.29]
['2019-04-02', 2.31, 2.32, 2.21, 2.32]
['2019-04-03', 2.3, 2.32, 2.22, 2.31]
['2019-04-04', 2.27, 2.3, 2.22, 2.27]
['2019-04-05', 2.27, 2.32, 2.19, 2.28]
['2019-04-08', 2.31, 2.32, 2.17, 2.195]
['2019-04-09', 2.19, 2.229, 2.177, 2.2]
['2019-04-10', 2.21, 2.21, 2.0, 2.11]
['2019-04-11', 2.12, 2.25, 2.1, 2.13]
['2019-04-12', 2.14, 2.15, 1.855, 1.87]
['2019-04-15', 1.86, 1.89, 1.55, 1.66]
['2019-04-16', 1.65, 1.73, 1.52, 1.72]
['2019-04-17', 1.75, 1.94, 1.75, 1.92]
['2019-04-18', 1.94, 1.94, 1.817, 1.86]
['2019-04-22', 1.88, 1.907, 1.8, 1.88]
['2019-04-23', 1.88, 1.9, 1.82, 1.85]
['2019-04-24', 1.85, 1.901, 1.83, 1.84]
['2019-04-25', 1.84, 1.92, 1.84, 1.91]
['2019-04-26', 1.9, 1.94, 1.86, 1.88]
['2019-04-29', 1.88, 1.895, 1.828, 1.89]
['2019-04-30', 1.87, 1.89, 1.8, 1.84]
['2019-05-01', 1.87, 1.87, 1.8, 1.85]
['2019-05-02', 1.85, 1.85, 1.72, 1.82]
['2019-05-03', 1.81, 1.83, 1.76, 1.81]
['2019-05-06', 1.8, 1.85, 1.8, 1.83]
['2019-05-07', 1.82, 1.89, 1.82, 1.86]
['2019-05-08', 1.85, 1.88, 1.818, 1.85]
['2019-05-09', 1.86, 1.89, 1.803, 1.89]
['2019-05-10', 1.86, 1.9, 1.82, 1.86]
['2019-05-13', 1.83, 1.89, 1.75, 1.8]
['2019-05-14', 1.9, 2.0, 1.89, 1.93]
['2019-05-15', 1.96, 1.96, 1.82, 1.88]
['2019-05-16', 1.88, 1.88, 1.82, 1.86]
['2019-05-17', 1.87, 1.88, 1.82, 1.87]
['2019-05-20', 1.87, 1.87, 1.78, 1.78]
['2019-05-21', 1.77, 1.789, 1.55, 1.58]
['2019-05-22', 1.56, 1.6, 1.43, 1.549]
['2019-05-23', 1.56, 1.689, 1.518, 1.59]
['2019-05-24', 1.55, 1.64, 1.55, 1.57]
['2019-05-28', 1.585, 1.6, 1.57, 1.59]
['2019-05-29', 1.58, 1.61, 1.562, 1.57]
['2019-05-30', 1.58, 1.58, 1.451, 1.46]
['2019-05-31', 1.46, 1.57, 1.46, 1.53]
['2019-06-03', 1.5, 1.54, 1.48, 1.5]
['2019-06-04', 1.51, 1.55, 1.498, 1.52]
['2019-06-05', 1.54, 1.54, 1.43, 1.45]
['2019-06-06', 1.43, 1.475, 1.4, 1.43]
['2019-06-07', 1.47, 1.52, 1.431, 1.49]
['2019-06-10', 1.46, 1.513, 1.451, 1.49]
['2019-06-11', 1.49, 1.6, 1.49, 1.59]
['2019-06-12', 1.55, 1.7, 1.55, 1.68]
['2019-06-13', 1.68, 1.74, 1.55, 1.62]
['2019-06-14', 1.632, 1.672, 1.56, 1.615]
['2019-06-17', 1.56, 1.81, 1.4, 1.75]
['2019-06-18', 1.83, 1.85, 1.749, 1.82]
['2019-06-19', 1.86, 1.86, 1.77, 1.82]
['2019-06-20', 1.84, 1.89, 1.79, 1.79]
['2019-06-21', 1.76, 1.86, 1.699, 1.83]
['2019-06-24', 1.83, 1.85, 1.63, 1.75]
['2019-06-25', 1.75, 1.89, 1.75, 1.815]
['2019-06-26', 1.83, 1.89, 1.76, 1.89]
['2019-06-27', 1.89, 2.035, 1.85, 1.99]
['2019-06-28', 2.01, 2.01, 1.911, 1.95]
['2019-07-01', 1.98, 1.98, 1.91, 1.93]
['2019-07-02', 1.95, 1.97, 1.91, 1.93]
['2019-07-03', 1.9, 1.93, 1.869, 1.91]
['2019-07-05', 1.91, 1.96, 1.885, 1.93]
['2019-07-08', 1.92, 2.02, 1.91, 1.95]
['2019-07-09', 1.97, 1.97, 1.84, 1.87]
['2019-07-10', 1.87, 1.915, 1.85, 1.89]
['2019-07-11', 1.88, 1.98, 1.78, 1.79]
['2019-07-12', 1.79, 1.897, 1.79, 1.86]
['2019-07-15', 1.86, 1.881, 1.64, 1.8]
['2019-07-16', 1.8, 1.83, 1.77, 1.81]
['2019-07-17', 1.82, 1.85, 1.71, 1.79]
['2019-07-18', 1.76, 1.85, 1.73, 1.8]
['2019-07-19', 1.79, 1.89, 1.79, 1.83]
['2019-07-22', 1.82, 1.82, 1.797, 1.82]
['2019-07-23', 1.82, 1.91, 1.811, 1.85]
['2019-07-24', 1.81, 1.87, 1.77, 1.82]
['2019-07-25', 1.81, 1.87, 1.8, 1.83]
['2019-07-26', 1.83, 1.87, 1.805, 1.85]
['2019-07-29', 1.87, 1.93, 1.83, 1.89]
['2019-07-30', 1.87, 1.95, 1.85, 1.9]
['2019-07-31', 1.91, 1.97, 1.89, 1.89]
['2019-08-01', 1.9, 1.97, 1.89, 1.89]
['2019-08-02', 1.9, 1.95, 1.72, 1.81]
['2019-08-05', 1.76, 1.8, 1.75, 1.79]
['2019-08-06', 1.77, 1.87, 1.68, 1.8]
['2019-08-07', 1.82, 1.94, 1.82, 1.9]
['2019-08-08', 1.94, 1.95, 1.88, 1.9]
['2019-08-09', 1.89, 1.95, 1.85, 1.92]
['2019-08-12', 1.9, 1.91, 1.88, 1.9]
['2019-08-13', 1.9, 2.1, 1.89, 2.03]
['2019-08-14', 2.02, 2.18, 2.02, 2.09]
['2019-08-15', 2.07, 2.35, 2.07, 2.14]
['2019-08-16', 2.14, 2.35, 2.021, 2.34]
['2019-08-19', 2.36, 2.45, 2.3, 2.38]
['2019-08-20', 2.38, 2.4, 2.32, 2.4]
['2019-08-21', 2.4, 2.73, 2.4, 2.65]
['2019-08-22', 2.8, 2.8, 2.6, 2.74]
['2019-08-23', 2.73, 3.03, 2.62, 2.72]
['2019-08-26', 2.71, 2.8, 2.55, 2.74]
['2019-08-27', 2.73, 2.78, 2.56, 2.69]
['2019-08-28', 2.72, 2.849, 2.63, 2.84]
['2019-08-29', 2.85, 2.85, 2.67, 2.75]
['2019-08-30', 2.76, 2.94, 2.702, 2.94]
['2019-09-03', 2.92, 3.35, 2.86, 3.16]
['2019-09-04', 3.16, 3.265, 3.07, 3.2]
['2019-09-05', 3.25, 3.37, 3.08, 3.2]
['2019-09-06', 3.23, 3.3, 3.08, 3.22]
['2019-09-09', 3.24, 3.45, 3.19, 3.33]
['2019-09-10', 3.3, 3.335, 3.22, 3.25]
['2019-09-11', 3.28, 3.29, 2.77, 2.91]
['2019-09-12', 2.89, 3.143, 2.8, 3.03]
['2019-09-13', 3.03, 3.09, 2.91, 2.98]
['2019-09-16', 2.98, 3.01, 2.8, 2.92]
['2019-09-17', 2.92, 2.96, 2.6, 2.83]
['2019-09-18', 2.79, 2.93, 2.749, 2.93]
['2019-09-19', 2.95, 3.07, 2.86, 2.9]
['2019-09-20', 2.875, 2.97, 2.77, 2.87]
['2019-09-23', 2.83, 2.99, 2.82, 2.89]
['2019-09-24', 2.89, 2.99, 2.82, 2.9]
['2019-09-25', 2.92, 2.935, 2.83, 2.86]
['2019-09-26', 2.87, 2.88, 2.8, 2.84]
['2019-09-27', 2.84, 2.89, 2.76, 2.79]
['2019-09-30', 2.89, 2.89, 2.76, 2.81]
['2019-10-01', 2.8, 2.8, 2.64, 2.66]
['2019-10-02', 2.64, 2.68, 2.61, 2.63]
['2019-10-03', 2.68, 2.75, 2.63, 2.71]
['2019-10-04', 2.73, 2.83, 2.72, 2.73]
['2019-10-07', 2.75, 2.83, 2.62, 2.77]
['2019-10-08', 2.75, 2.82, 2.7, 2.8]
['2019-10-09', 2.8, 2.84, 2.63, 2.77]
['2019-10-10', 2.78, 2.8, 2.71, 2.72]
['2019-10-11', 2.75, 2.86, 2.72, 2.78]
['2019-10-14', 2.75, 2.9, 2.75, 2.85]
['2019-10-15', 2.85, 2.94, 2.85, 2.89]
['2019-10-16', 2.89, 3.21, 2.889, 3.07]
['2019-10-17', 3.09, 3.19, 3.05, 3.15]
['2019-10-18', 3.22, 3.25, 3.05, 3.1]
['2019-10-21', 3.1, 3.112, 2.91, 3.05]
['2019-10-22', 3.041, 3.1, 3.025, 3.06]
['2019-10-23', 3.05, 3.076, 2.95, 3.0]
['2019-10-24', 3.04, 3.085, 2.97, 3.03]
['2019-10-25', 2.97, 3.02, 2.42, 2.65]
['2019-10-28', 2.73, 2.79, 2.48, 2.725]
['2019-10-29', 2.72, 2.73, 2.62, 2.67]
['2019-10-30', 2.66, 2.79, 2.64, 2.69]
['2019-10-31', 2.7, 2.74, 2.63, 2.69]
['2019-11-01', 2.72, 2.8, 2.69, 2.76]
['2019-11-04', 2.82, 2.87, 2.655, 2.76]
['2019-11-05', 2.82, 2.94, 2.7, 2.85]
['2019-11-06', 2.93, 2.96, 2.71, 2.78]
['2019-11-07', 2.78, 2.9, 2.74, 2.8]
['2019-11-08', 2.82, 2.855, 2.55, 2.73]
['2019-11-11', 0.63, 0.887, 0.62, 0.8]
['2019-11-12', 0.8, 0.847, 0.76, 0.791]
['2019-11-13', 0.78, 0.783, 0.66, 0.684]
['2019-11-14', 0.425, 0.45, 0.38, 0.4]
['2019-11-15', 0.4, 0.41, 0.382, 0.394]
['2019-11-18', 0.4, 0.44, 0.39, 0.405]
['2019-11-19', 0.42, 0.425, 0.39, 0.399]
['2019-11-20', 0.406, 0.43, 0.39, 0.424]
['2019-11-21', 0.439, 0.439, 0.4, 0.405]
['2019-11-22', 0.41, 0.419, 0.385, 0.394]
['2019-11-25', 0.4, 0.428, 0.39, 0.422]
['2019-11-26', 0.428, 0.46, 0.41, 0.425]
['2019-11-27', 0.45, 0.45, 0.411, 0.416]
['2019-11-29', 0.44, 0.448, 0.412, 0.445]
['2019-12-02', 0.441, 0.445, 0.42, 0.44]
['2019-12-03', 0.43, 0.45, 0.412, 0.418]
['2019-12-04', 0.419, 0.428, 0.41, 0.413]
['2019-12-05', 0.414, 0.415, 0.395, 0.399]
['2019-12-06', 0.4, 0.404, 0.38, 0.39]
['2019-12-09', 0.39, 0.405, 0.384, 0.401]
['2019-12-10', 0.401, 0.41, 0.38, 0.394]
['2019-12-11', 0.395, 0.4, 0.352, 0.37]
['2019-12-12', 0.375, 0.38, 0.341, 0.352]
['2019-12-13', 0.35, 0.351, 0.34, 0.348]
['2019-12-16', 0.35, 0.35, 0.32, 0.327]
['2019-12-17', 0.333, 0.335, 0.32, 0.325]
['2019-12-18', 0.33, 0.349, 0.32, 0.327]
['2019-12-19', 0.34, 0.349, 0.327, 0.33]
['2019-12-20', 0.338, 0.344, 0.322, 0.34]
['2019-12-23', 0.337, 0.35, 0.326, 0.345]
['2019-12-24', 0.343, 0.355, 0.343, 0.35]
['2019-12-26', 0.35, 0.373, 0.35, 0.365]
['2019-12-27', 0.37, 0.373, 0.34, 0.355]
['2019-12-30', 0.35, 0.367, 0.34, 0.362]
['2019-12-31', 0.369, 0.394, 0.353, 0.385]
['2020-01-02', 0.39, 0.451, 0.375, 0.419]
['2020-01-03', 0.41, 0.42, 0.399, 0.41]
['2020-01-06', 0.43, 0.431, 0.414, 0.423]
['2020-01-07', 0.43, 0.45, 0.42, 0.426]
['2020-01-08', 0.406, 0.42, 0.399, 0.412]
['2020-01-09', 0.42, 0.43, 0.402, 0.41]
['2020-01-10', 0.46, 0.51, 0.423, 0.465]
['2020-01-13', 0.494, 0.5, 0.41, 0.45]
['2020-01-14', 0.421, 0.45, 0.42, 0.44]
['2020-01-15', 0.45, 0.465, 0.43, 0.45]
['2020-01-16', 0.45, 0.575, 0.44, 0.57]
['2020-01-17', 0.56, 0.577, 0.516, 0.53]
['2020-01-21', 0.535, 0.55, 0.502, 0.55]
['2020-01-22', 0.55, 0.615, 0.51, 0.528]
['2020-01-23', 0.53, 0.53, 0.501, 0.51]
['2020-01-24', 0.53, 0.534, 0.46, 0.47]
['2020-01-27', 0.47, 0.47, 0.44, 0.45]
['2020-01-28', 0.45, 0.5, 0.45, 0.458]
['2020-01-29', 0.461, 0.49, 0.46, 0.47]
['2020-01-30', 0.462, 0.469, 0.425, 0.454]
['2020-01-31', 0.454, 0.454, 0.43, 0.441]
['2020-02-03', 0.444, 0.45, 0.429, 0.431]
['2020-02-04', 0.43, 0.48, 0.42, 0.444]
['2020-02-05', 0.45, 0.469, 0.45, 0.465]
['2020-02-06', 0.47, 0.48, 0.44, 0.45]
['2020-02-07', 0.422, 0.473, 0.422, 0.442]
['2020-02-10', 0.436, 0.47, 0.436, 0.464]
['2020-02-11', 0.473, 0.485, 0.45, 0.454]
['2020-02-12', 0.45, 0.466, 0.442, 0.449]
['2020-02-13', 0.454, 0.462, 0.44, 0.445]
['2020-02-14', 0.47, 0.47, 0.445, 0.455]
['2020-02-18', 0.46, 0.474, 0.451, 0.47]
['2020-02-19', 0.47, 0.51, 0.451, 0.476]
['2020-02-20', 0.48, 0.48, 0.46, 0.472]
['2020-02-21', 0.47, 0.47, 0.46, 0.461]
['2020-02-24', 0.51, 0.77, 0.49, 0.77]
['2020-02-25', 0.538, 0.61, 0.525, 0.558]
['2020-02-26', 0.56, 0.564, 0.52, 0.53]
['2020-02-27', 0.54, 0.54, 0.472, 0.5]
['2020-02-28', 0.48, 0.528, 0.43, 0.497]
['2020-03-02', 0.495, 0.602, 0.495, 0.585]
['2020-03-03', 0.585, 0.595, 0.532, 0.545]
['2020-03-04', 0.58, 0.59, 0.531, 0.578]
['2020-03-05', 0.576, 0.614, 0.565, 0.579]
['2020-03-06', 0.57, 0.585, 0.551, 0.567]
['2020-03-09', 0.5, 0.54, 0.5, 0.513]
['2020-03-10', 0.525, 0.525, 0.482, 0.516]
['2020-03-11', 0.51, 0.51, 0.451, 0.451]
['2020-03-12', 0.433, 0.45, 0.35, 0.415]
['2020-03-13', 0.4, 0.44, 0.35, 0.365]
['2020-03-16', 0.36, 0.392, 0.32, 0.32]
['2020-03-17', 0.32, 0.35, 0.303, 0.32]
['2020-03-18', 0.326, 0.345, 0.301, 0.332]
['2020-03-19', 0.33, 0.439, 0.33, 0.406]
['2020-03-20', 0.46, 0.47, 0.36, 0.382]
['2020-03-23', 0.389, 0.409, 0.367, 0.39]
['2020-03-24', 0.394, 0.43, 0.36, 0.404]
['2020-03-25', 0.4, 0.439, 0.39, 0.424]
['2020-03-26', 0.405, 0.439, 0.393, 0.42]
['2020-03-27', 0.412, 0.439, 0.41, 0.428]
['2020-03-30', 0.44, 0.48, 0.43, 0.475]
['2020-03-31', 0.48, 0.505, 0.47, 0.48]
['2020-04-01', 0.47, 0.475, 0.42, 0.432]
['2020-04-02', 0.428, 0.437, 0.41, 0.421]
['2020-04-03', 0.43, 0.43, 0.405, 0.415]
['2020-04-06', 0.415, 0.446, 0.415, 0.43]
['2020-04-07', 0.43, 0.47, 0.43, 0.455]
['2020-04-08', 0.453, 0.47, 0.43, 0.447]
['2020-04-09', 0.48, 0.494, 0.435, 0.47]
['2020-04-13', 0.46, 0.482, 0.452, 0.473]
['2020-04-14', 0.48, 0.49, 0.46, 0.464]
['2020-04-15', 0.46, 0.5, 0.457, 0.483]
['2020-04-16', 0.5, 0.5, 0.485, 0.485]
['2020-04-17', 0.499, 0.5, 0.494, 0.499]
['2020-04-20', 0.5, 0.574, 0.49, 0.564]
['2020-04-21', 0.57, 0.57, 0.51, 0.52]
['2020-04-22', 0.53, 0.54, 0.51, 0.525]
['2020-04-23', 0.52, 0.56, 0.518, 0.554]
['2020-04-24', 0.58, 0.58, 0.541, 0.559]
['2020-04-27', 0.588, 0.59, 0.55, 0.565]
['2020-04-28', 0.56, 0.56, 0.531, 0.54]
['2020-04-29', 0.547, 0.56, 0.54, 0.543]
['2020-04-30', 0.56, 0.56, 0.543, 0.554]
['2020-05-01', 0.54, 0.57, 0.54, 0.545]
['2020-05-04', 0.55, 0.59, 0.548, 0.569]
['2020-05-05', 0.59, 0.62, 0.57, 0.59]
['2020-05-06', 0.59, 0.63, 0.57, 0.625]
['2020-05-07', 0.631, 0.75, 0.602, 0.67]
['2020-05-08', 0.67, 0.7, 0.655, 0.664]
['2020-05-11', 0.68, 0.72, 0.675, 0.71]
['2020-05-12', 0.75, 0.76, 0.72, 0.739]
['2020-05-13', 0.74, 0.75, 0.68, 0.7]
['2020-05-14', 0.69, 0.758, 0.68, 0.75]
['2020-05-15', 0.75, 0.837, 0.72, 0.8]
['2020-05-18', 0.83, 1.023, 0.83, 0.991]
['2020-05-19', 1.04, 1.12, 0.92, 0.99]
['2020-05-20', 0.98, 1.02, 0.905, 0.938]
['2020-05-21', 0.93, 0.95, 0.88, 0.898]
['2020-05-22', 0.93, 1.01, 0.9, 0.989]
['2020-05-26', 1.02, 1.03, 0.92, 0.97]
['2020-05-27', 0.979, 0.979, 0.902, 0.935]
['2020-05-28', 0.95, 0.979, 0.913, 0.925]
['2020-05-29', 0.933, 0.933, 0.86, 0.914]
