['2019-07-25', 40.51, 45.46, 37.74, 38.1]
['2019-07-26', 37.75, 40.5, 37.26, 38.12]
['2019-07-29', 38.84, 42.0, 38.22, 41.63]
['2019-07-30', 41.46, 42.8, 40.1, 41.0]
['2019-07-31', 41.11, 45.68, 41.11, 44.25]
['2019-08-01', 43.97, 44.5, 41.01, 41.01]
['2019-08-02', 41.01, 41.01, 36.67, 37.49]
['2019-08-05', 36.5, 36.5, 33.2, 33.53]
['2019-08-06', 34.16, 35.97, 31.6, 33.15]
['2019-08-07', 32.8, 34.71, 31.78, 33.21]
['2019-08-08', 33.22, 35.36, 33.12, 33.21]
['2019-08-09', 34.71, 38.44, 34.5, 37.57]
['2019-08-12', 37.57, 38.97, 35.51, 36.94]
['2019-08-13', 36.86, 38.89, 36.03, 36.25]
['2019-08-14', 36.0, 36.08, 32.51, 33.92]
['2019-08-15', 34.08, 34.87, 33.57, 34.03]
['2019-08-16', 34.5, 37.04, 34.5, 36.79]
['2019-08-19', 37.7, 38.98, 34.31, 36.5]
['2019-08-20', 36.32, 37.99, 34.95, 34.99]
['2019-08-21', 35.25, 36.96, 34.5, 34.95]
['2019-08-22', 35.5, 36.25, 35.24, 35.42]
['2019-08-23', 35.5, 35.97, 34.37, 34.64]
['2019-08-26', 34.88, 35.5, 31.34, 31.34]
['2019-08-27', 31.82, 32.25, 29.52, 29.69]
['2019-08-28', 30.99, 31.5, 29.8, 30.04]
['2019-08-29', 30.5, 31.23, 30.01, 30.84]
['2019-08-30', 30.96, 31.99, 29.63, 30.64]
['2019-09-03', 30.61, 31.38, 30.01, 30.23]
['2019-09-04', 30.91, 31.0, 29.85, 30.89]
['2019-09-05', 30.01, 31.29, 23.7, 25.55]
['2019-09-06', 25.99, 27.36, 25.82, 26.06]
['2019-09-09', 26.29, 26.8, 23.22, 23.47]
['2019-09-10', 23.36, 24.0, 22.88, 23.35]
['2019-09-11', 23.5, 24.4, 23.45, 23.93]
['2019-09-12', 24.16, 25.6, 24.16, 25.28]
['2019-09-13', 25.21, 26.19, 24.36, 24.64]
['2019-09-16', 24.81, 25.22, 23.45, 23.48]
['2019-09-17', 23.52, 24.0, 22.3, 22.57]
['2019-09-18', 22.55, 23.18, 21.9, 22.59]
['2019-09-19', 22.69, 23.3, 22.45, 23.06]
['2019-09-20', 22.97, 23.93, 22.69, 23.86]
['2019-09-23', 23.85, 24.35, 22.3, 22.49]
['2019-09-24', 22.47, 22.49, 19.23, 19.39]
['2019-09-25', 19.69, 19.69, 18.15, 19.0]
['2019-09-26', 18.91, 19.05, 17.58, 17.89]
['2019-09-27', 17.89, 18.15, 16.65, 17.05]
['2019-09-30', 17.11, 17.69, 16.85, 17.44]
['2019-10-01', 17.53, 17.53, 15.7, 15.92]
['2019-10-02', 15.57, 16.99, 15.12, 16.87]
['2019-10-03', 16.88, 18.08, 16.73, 17.66]
['2019-10-04', 17.73, 17.92, 16.8, 17.32]
['2019-10-07', 19.24, 20.8, 17.8, 20.5]
['2019-10-08', 20.61, 20.75, 18.89, 19.1]
['2019-10-09', 19.11, 19.5, 18.3, 19.12]
['2019-10-10', 19.12, 19.52, 18.63, 18.86]
['2019-10-11', 18.95, 19.2, 17.41, 17.64]
['2019-10-14', 17.58, 18.56, 17.25, 18.45]
['2019-10-15', 18.65, 19.64, 18.5, 19.46]
['2019-10-16', 19.46, 20.5, 18.98, 20.33]
['2019-10-17', 19.98, 21.5, 19.78, 21.22]
['2019-10-18', 21.24, 21.44, 20.4, 20.62]
['2019-10-21', 20.58, 21.18, 19.82, 20.0]
['2019-10-22', 20.0, 21.37, 20.0, 20.96]
['2019-10-23', 21.12, 21.5, 20.5, 21.32]
['2019-10-24', 21.6, 21.86, 20.26, 20.97]
['2019-10-25', 20.84, 21.34, 20.53, 21.17]
['2019-10-28', 21.27, 22.85, 21.16, 22.67]
['2019-10-29', 22.79, 22.95, 21.5, 21.84]
['2019-10-30', 21.97, 22.25, 20.95, 21.45]
['2019-10-31', 21.5, 22.08, 20.92, 21.59]
['2019-11-01', 21.68, 22.72, 21.38, 22.52]
['2019-11-04', 22.78, 24.63, 22.52, 23.52]
['2019-11-05', 23.33, 23.47, 22.5, 22.69]
['2019-11-06', 22.63, 22.89, 20.39, 21.2]
['2019-11-07', 25.81, 27.73, 23.96, 24.43]
['2019-11-08', 24.51, 25.62, 24.09, 25.25]
['2019-11-11', 24.81, 26.72, 24.58, 25.88]
['2019-11-12', 26.05, 26.45, 25.3, 25.6]
['2019-11-13', 25.45, 26.9, 24.84, 26.71]
['2019-11-14', 26.76, 26.99, 24.87, 25.36]
['2019-11-15', 25.63, 26.2, 25.19, 25.55]
['2019-11-18', 25.56, 26.08, 25.25, 25.55]
['2019-11-19', 25.96, 29.24, 25.96, 28.44]
['2019-11-20', 29.05, 29.27, 27.18, 27.96]
['2019-11-21', 28.21, 29.02, 27.61, 28.26]
['2019-11-22', 28.76, 28.76, 27.27, 28.4]
['2019-11-25', 28.44, 28.9, 28.09, 28.55]
['2019-11-26', 28.33, 30.0, 28.29, 28.88]
['2019-11-27', 28.9, 29.83, 28.69, 29.2]
['2019-11-29', 28.93, 29.18, 28.1, 28.56]
['2019-12-02', 28.71, 28.89, 26.29, 27.68]
['2019-12-03', 25.89, 27.28, 25.51, 26.76]
['2019-12-04', 26.82, 27.44, 26.23, 26.8]
['2019-12-05', 26.65, 27.11, 26.35, 26.85]
['2019-12-06', 27.03, 28.69, 26.77, 28.01]
['2019-12-09', 28.0, 28.3, 27.11, 27.43]
['2019-12-10', 25.83, 26.5, 24.75, 26.1]
['2019-12-11', 26.08, 28.03, 25.69, 27.54]
['2019-12-12', 28.01, 28.48, 26.67, 27.04]
['2019-12-13', 27.13, 27.25, 25.85, 25.9]
['2019-12-16', 26.41, 27.29, 25.83, 26.56]
['2019-12-17', 26.66, 26.8, 25.91, 26.34]
['2019-12-18', 26.28, 26.56, 25.87, 25.93]
['2019-12-19', 26.08, 27.0, 25.95, 26.59]
['2019-12-20', 26.77, 26.84, 26.0, 26.26]
['2019-12-23', 26.36, 26.7, 25.33, 26.57]
['2019-12-24', 26.67, 26.67, 25.86, 26.19]
['2019-12-26', 26.01, 26.19, 24.75, 24.86]
['2019-12-27', 25.11, 25.11, 23.52, 24.24]
['2019-12-30', 24.14, 24.28, 23.25, 24.08]
['2019-12-31', 24.01, 25.12, 23.86, 25.06]
['2020-01-02', 25.3, 25.46, 24.31, 25.22]
['2020-01-03', 24.6, 25.45, 24.53, 25.16]
['2020-01-06', 25.01, 25.31, 24.41, 25.04]
['2020-01-07', 25.17, 26.25, 24.52, 25.65]
['2020-01-08', 25.53, 26.35, 25.39, 26.08]
['2020-01-09', 26.3, 26.93, 25.8, 26.3]
['2020-01-10', 26.65, 27.88, 26.4, 27.0]
['2020-01-13', 28.56, 29.89, 28.17, 28.55]
['2020-01-14', 28.82, 31.36, 27.87, 30.82]
['2020-01-15', 31.0, 31.82, 30.18, 30.9]
['2020-01-16', 31.17, 31.47, 29.41, 29.72]
['2020-01-17', 29.98, 30.2, 28.57, 29.45]
['2020-01-21', 29.5, 29.53, 28.52, 28.9]
['2020-01-22', 28.5, 28.9, 28.02, 28.2]
['2020-01-23', 28.33, 28.71, 27.75, 28.0]
['2020-01-24', 28.16, 28.4, 26.52, 27.21]
['2020-01-27', 26.3, 26.7, 25.62, 25.72]
['2020-01-28', 26.0, 26.09, 24.7, 25.87]
['2020-01-29', 25.5, 26.11, 24.61, 24.91]
['2020-01-30', 24.3, 24.76, 23.77, 24.55]
['2020-01-31', 24.35, 24.69, 23.8, 24.16]
['2020-02-03', 23.96, 24.65, 23.51, 23.96]
['2020-02-04', 24.0, 25.1, 24.0, 24.57]
['2020-02-05', 25.0, 25.52, 24.39, 25.47]
['2020-02-06', 26.0, 26.0, 25.12, 25.56]
['2020-02-07', 25.58, 25.79, 25.19, 25.4]
['2020-02-10', 25.43, 25.51, 24.52, 24.72]
['2020-02-11', 24.75, 26.36, 24.75, 26.24]
['2020-02-12', 26.45, 27.25, 26.05, 27.2]
['2020-02-13', 27.0, 27.6, 26.79, 27.09]
['2020-02-14', 27.17, 27.9, 27.07, 27.17]
['2020-02-18', 27.38, 27.97, 26.67, 26.93]
['2020-02-19', 26.91, 27.76, 26.91, 27.6]
['2020-02-20', 27.64, 28.5, 27.58, 28.35]
['2020-02-21', 28.25, 28.28, 27.13, 27.82]
['2020-02-24', 26.35, 27.48, 25.83, 27.13]
['2020-02-25', 27.35, 27.5, 24.8, 25.27]
['2020-02-26', 25.42, 26.13, 25.13, 25.45]
['2020-02-27', 24.75, 26.28, 24.33, 25.46]
['2020-02-28', 24.41, 25.64, 24.16, 25.01]
['2020-03-02', 25.5, 26.75, 25.36, 26.7]
['2020-03-03', 27.99, 28.2, 24.17, 24.29]
['2020-03-04', 25.68, 27.72, 24.71, 27.64]
['2020-03-05', 25.72, 30.19, 25.65, 28.42]
['2020-03-06', 27.4, 29.9, 26.88, 27.84]
['2020-03-09', 24.99, 25.0, 22.91, 24.54]
['2020-03-10', 25.5, 27.57, 25.0, 27.24]
['2020-03-11', 26.52, 26.7, 24.56, 25.16]
['2020-03-12', 23.35, 25.99, 22.66, 24.21]
['2020-03-13', 25.87, 26.24, 23.81, 25.27]
['2020-03-16', 22.46, 22.48, 18.76, 20.17]
['2020-03-17', 21.0, 23.98, 19.94, 22.48]
['2020-03-18', 21.21, 23.75, 20.71, 23.0]
['2020-03-19', 23.31, 23.39, 19.93, 21.62]
['2020-03-20', 22.5, 23.95, 21.44, 22.55]
['2020-03-23', 22.94, 23.47, 20.89, 21.16]
['2020-03-24', 21.65, 23.6, 21.51, 22.9]
['2020-03-25', 22.75, 24.08, 22.37, 23.09]
['2020-03-26', 23.28, 23.79, 22.5, 23.52]
['2020-03-27', 23.05, 25.25, 22.44, 24.23]
['2020-03-30', 25.44, 29.21, 24.36, 27.1]
['2020-03-31', 27.46, 28.95, 26.81, 28.53]
['2020-04-01', 26.99, 28.04, 26.1, 27.8]
['2020-04-02', 27.5, 27.8, 25.35, 26.13]
['2020-04-03', 27.75, 29.5, 27.25, 29.05]
['2020-04-06', 30.15, 30.49, 28.67, 30.09]
['2020-04-07', 32.5, 34.2, 31.09, 33.16]
['2020-04-08', 33.5, 33.88, 31.73, 32.04]
['2020-04-09', 32.32, 33.51, 31.81, 33.34]
['2020-04-13', 34.02, 36.25, 34.02, 35.27]
['2020-04-14', 36.25, 37.87, 35.82, 37.45]
['2020-04-15', 36.39, 39.29, 36.12, 38.5]
['2020-04-16', 39.35, 40.5, 37.14, 37.36]
['2020-04-17', 37.24, 38.17, 36.06, 37.3]
['2020-04-20', 37.1, 38.86, 37.02, 37.86]
['2020-04-21', 40.0, 41.0, 37.04, 38.51]
['2020-04-22', 37.85, 38.89, 37.15, 37.77]
['2020-04-23', 38.15, 41.61, 38.06, 41.09]
['2020-04-24', 41.61, 42.65, 40.79, 40.98]
['2020-04-27', 41.9, 44.17, 41.39, 43.71]
['2020-04-28', 44.17, 44.8, 40.3, 42.01]
['2020-04-29', 42.4, 42.99, 40.88, 41.13]
['2020-04-30', 40.51, 40.65, 38.75, 40.01]
['2020-05-01', 39.18, 39.85, 37.76, 37.96]
['2020-05-04', 37.83, 39.21, 37.51, 38.9]
['2020-05-05', 39.8, 44.14, 39.41, 43.91]
['2020-05-06', 44.49, 48.6, 44.25, 46.96]
['2020-05-07', 52.56, 56.63, 51.18, 52.43]
['2020-05-08', 51.84, 55.48, 50.08, 53.96]
['2020-05-11', 53.08, 54.53, 51.35, 53.59]
['2020-05-12', 55.0, 59.99, 53.59, 57.85]
['2020-05-13', 60.01, 62.88, 55.8, 57.35]
['2020-05-14', 57.49, 63.55, 56.9, 61.16]
['2020-05-15', 61.88, 61.94, 57.62, 59.32]
