['2018-08-10', 12.0, 12.0, 11.5, 11.75]
['2018-08-13', 11.75, 11.93, 11.05, 11.5]
['2018-08-14', 11.5, 11.75, 11.08, 11.65]
['2018-08-15', 11.59, 11.7, 11.5, 11.64]
['2018-08-16', 11.55, 11.8, 11.51, 11.7]
['2018-08-17', 11.69, 11.79, 11.17, 11.74]
['2018-08-20', 11.85, 12.23, 11.7, 12.17]
['2018-08-21', 12.17, 12.5, 12.1, 12.33]
['2018-08-22', 12.25, 12.55, 12.1, 12.44]
['2018-08-23', 12.5, 12.54, 12.26, 12.5]
['2018-08-24', 12.49, 12.93, 12.35, 12.56]
['2018-08-27', 12.4, 12.6, 12.25, 12.56]
['2018-08-28', 12.65, 13.5, 12.55, 12.97]
['2018-08-29', 12.96, 13.05, 12.75, 12.84]
['2018-08-30', 12.86, 13.75, 12.81, 13.69]
['2018-08-31', 13.75, 13.96, 13.39, 13.79]
['2018-09-04', 14.08, 16.24, 14.0, 15.82]
['2018-09-05', 16.29, 16.41, 15.2, 15.85]
['2018-09-06', 15.91, 16.12, 14.01, 15.65]
['2018-09-07', 15.62, 16.05, 15.0, 15.85]
['2018-09-10', 15.84, 16.0, 15.41, 15.65]
['2018-09-11', 15.63, 15.95, 15.04, 15.29]
['2018-09-12', 15.04, 15.39, 14.5, 14.65]
['2018-09-13', 14.42, 15.34, 14.05, 15.31]
['2018-09-14', 15.25, 15.9, 14.93, 15.6]
['2018-09-17', 15.55, 15.69, 14.71, 14.84]
['2018-09-18', 14.75, 15.3, 14.75, 14.89]
['2018-09-19', 14.94, 15.16, 14.44, 14.45]
['2018-09-20', 14.26, 15.14, 13.0, 13.56]
['2018-09-21', 13.45, 13.94, 13.45, 13.81]
['2018-09-24', 13.72, 13.72, 13.2, 13.4]
['2018-09-25', 13.3, 13.39, 12.55, 12.57]
['2018-09-26', 12.52, 13.67, 12.2, 13.61]
['2018-09-27', 13.59, 13.72, 13.18, 13.36]
['2018-09-28', 13.33, 13.97, 13.3, 13.86]
['2018-10-01', 13.9, 14.15, 12.98, 13.21]
['2018-10-02', 13.18, 13.87, 12.81, 13.66]
['2018-10-03', 13.7, 13.97, 13.09, 13.9]
['2018-10-04', 13.79, 13.91, 13.28, 13.33]
['2018-10-05', 13.31, 13.31, 12.95, 12.99]
['2018-10-08', 12.98, 13.3, 12.65, 13.21]
['2018-10-09', 13.21, 13.45, 12.74, 13.07]
['2018-10-10', 13.06, 13.56, 12.6, 13.25]
['2018-10-11', 13.1, 13.25, 12.39, 12.62]
['2018-10-12', 12.77, 13.45, 12.62, 13.39]
['2018-10-15', 13.36, 13.65, 13.0, 13.65]
['2018-10-16', 13.68, 14.15, 13.03, 14.08]
['2018-10-17', 14.04, 14.25, 13.29, 14.19]
['2018-10-18', 14.09, 14.15, 13.47, 13.6]
['2018-10-19', 13.61, 13.93, 13.61, 13.86]
['2018-10-22', 13.91, 14.22, 13.9, 14.06]
['2018-10-23', 13.89, 14.04, 13.3, 13.65]
['2018-10-24', 13.62, 13.76, 13.36, 13.63]
['2018-10-25', 13.52, 13.89, 13.24, 13.79]
['2018-10-26', 13.67, 13.78, 13.38, 13.47]
['2018-10-29', 13.6, 13.82, 12.92, 12.99]
['2018-10-30', 12.92, 13.75, 12.92, 13.59]
['2018-10-31', 13.74, 14.47, 13.74, 14.45]
['2018-11-01', 14.47, 14.5, 14.05, 14.12]
['2018-11-02', 14.16, 14.35, 13.55, 13.63]
['2018-11-05', 13.63, 14.05, 13.63, 13.9]
['2018-11-06', 13.79, 14.01, 13.61, 13.73]
['2018-11-07', 13.85, 14.25, 13.8, 14.11]
['2018-11-08', 14.1, 15.95, 14.1, 15.12]
['2018-11-09', 15.0, 15.37, 14.2, 14.46]
['2018-11-12', 14.53, 14.7, 14.15, 14.33]
['2018-11-13', 14.44, 15.08, 14.3, 14.55]
['2018-11-14', 14.65, 14.9, 14.52, 14.78]
['2018-11-15', 14.64, 15.27, 14.64, 15.14]
['2018-11-16', 15.03, 15.22, 14.45, 14.56]
['2018-11-19', 14.56, 14.56, 12.1, 13.01]
['2018-11-20', 12.95, 13.55, 12.75, 13.17]
['2018-11-21', 13.23, 13.75, 13.22, 13.65]
['2018-11-23', 13.54, 13.95, 13.04, 13.94]
['2018-11-26', 14.0, 14.33, 13.33, 13.41]
['2018-11-27', 13.4, 13.79, 12.66, 12.83]
['2018-11-28', 13.04, 13.59, 12.38, 12.46]
['2018-11-29', 12.43, 13.18, 11.57, 11.83]
['2018-11-30', 11.83, 12.21, 11.63, 12.08]
['2018-12-03', 12.28, 12.28, 11.85, 12.0]
['2018-12-04', 12.84, 12.95, 10.39, 10.63]
['2018-12-06', 10.53, 11.84, 10.42, 11.69]
['2018-12-07', 11.69, 12.28, 11.58, 11.89]
['2018-12-10', 11.85, 12.04, 11.35, 11.7]
['2018-12-11', 11.83, 12.05, 11.42, 11.51]
['2018-12-12', 11.61, 12.06, 11.37, 11.88]
['2018-12-13', 11.88, 11.9, 10.0, 10.23]
['2018-12-14', 10.11, 10.6, 9.95, 10.1]
['2018-12-17', 10.05, 10.73, 9.68, 9.95]
['2018-12-18', 9.97, 10.0, 8.66, 9.14]
['2018-12-19', 9.09, 9.25, 7.75, 7.9]
['2018-12-20', 7.9, 8.0, 6.79, 7.32]
['2018-12-21', 7.34, 7.79, 6.84, 6.86]
['2018-12-24', 6.71, 7.12, 6.67, 6.8]
['2018-12-26', 6.83, 7.26, 6.6, 6.75]
['2018-12-27', 6.64, 7.05, 6.36, 6.56]
['2018-12-28', 6.6, 7.23, 6.6, 7.03]
['2018-12-31', 7.09, 7.76, 7.02, 7.71]
['2019-01-02', 7.51, 8.11, 7.03, 7.7]
['2019-01-03', 7.63, 7.63, 6.9, 7.22]
['2019-01-04', 7.32, 7.64, 7.21, 7.33]
['2019-01-07', 7.25, 7.88, 7.17, 7.77]
['2019-01-08', 7.8, 8.12, 7.51, 7.89]
['2019-01-09', 8.02, 8.26, 7.68, 7.93]
['2019-01-10', 7.76, 7.8, 7.42, 7.66]
['2019-01-11', 7.63, 7.93, 7.6, 7.75]
['2019-01-14', 7.67, 8.14, 7.53, 8.05]
['2019-01-15', 8.04, 8.39, 7.95, 8.19]
['2019-01-16', 8.27, 8.58, 8.17, 8.27]
['2019-01-17', 8.27, 8.6, 8.22, 8.55]
['2019-01-18', 8.56, 8.95, 8.41, 8.65]
['2019-01-22', 8.73, 9.1, 8.65, 8.72]
['2019-01-23', 8.76, 8.94, 8.25, 8.42]
['2019-01-24', 8.51, 8.68, 8.25, 8.48]
['2019-01-25', 8.55, 8.89, 8.36, 8.74]
['2019-01-28', 8.79, 9.24, 8.67, 9.04]
['2019-01-29', 9.11, 9.37, 8.7, 8.82]
['2019-01-30', 8.9, 9.36, 8.85, 9.25]
['2019-01-31', 9.28, 9.37, 8.65, 8.75]
['2019-02-01', 8.37, 8.75, 8.28, 8.73]
['2019-02-04', 8.78, 9.28, 8.73, 9.01]
['2019-02-05', 9.46, 9.91, 7.87, 8.58]
['2019-02-06', 8.44, 8.99, 8.44, 8.65]
['2019-02-07', 8.65, 8.98, 8.55, 8.73]
['2019-02-08', 8.7, 8.94, 8.65, 8.8]
['2019-02-11', 8.81, 9.21, 8.71, 8.8]
['2019-02-12', 8.88, 9.15, 8.87, 9.11]
['2019-02-13', 9.15, 9.19, 8.81, 8.96]
['2019-02-14', 9.03, 9.68, 9.01, 9.52]
['2019-02-15', 9.55, 9.72, 9.22, 9.39]
['2019-02-19', 9.4, 9.72, 9.39, 9.68]
['2019-02-20', 9.63, 9.8, 9.31, 9.33]
['2019-02-21', 9.37, 9.9, 9.21, 9.8]
['2019-02-22', 9.78, 10.1, 9.7, 10.03]
['2019-02-25', 10.09, 10.63, 9.45, 9.71]
['2019-02-26', 9.7, 10.6, 9.58, 10.21]
['2019-02-27', 10.18, 10.34, 9.94, 10.05]
['2019-02-28', 10.06, 10.26, 9.8, 10.07]
['2019-03-01', 10.09, 10.34, 9.54, 9.85]
['2019-03-04', 9.88, 9.93, 9.5, 9.72]
['2019-03-05', 9.77, 9.82, 9.36, 9.53]
['2019-03-06', 9.54, 9.75, 9.2, 9.41]
['2019-03-07', 9.4, 9.72, 9.21, 9.59]
['2019-03-08', 9.55, 9.72, 9.29, 9.62]
['2019-03-11', 9.62, 9.71, 9.35, 9.41]
['2019-03-12', 9.43, 9.45, 8.95, 9.34]
['2019-03-13', 9.37, 9.55, 9.03, 9.46]
['2019-03-14', 9.47, 9.56, 9.24, 9.52]
['2019-03-15', 9.52, 9.56, 9.14, 9.41]
['2019-03-18', 9.41, 9.41, 9.22, 9.34]
['2019-03-19', 9.38, 9.43, 9.2, 9.36]
['2019-03-20', 9.37, 9.37, 9.0, 9.16]
['2019-03-21', 9.15, 9.21, 8.51, 8.74]
['2019-03-22', 8.73, 8.73, 8.23, 8.5]
['2019-03-25', 8.5, 8.5, 7.97, 8.28]
['2019-03-26', 8.39, 8.41, 8.02, 8.13]
['2019-03-27', 8.17, 8.49, 8.15, 8.39]
['2019-03-28', 8.41, 8.48, 8.18, 8.4]
['2019-03-29', 8.45, 8.51, 8.15, 8.34]
['2019-04-01', 8.43, 8.73, 8.41, 8.64]
['2019-04-02', 8.71, 8.8, 8.46, 8.59]
['2019-04-03', 8.66, 8.88, 8.65, 8.71]
['2019-04-04', 8.72, 8.8, 8.53, 8.57]
['2019-04-05', 8.64, 8.7, 8.35, 8.4]
['2019-04-08', 8.36, 8.36, 8.01, 8.27]
['2019-04-09', 8.25, 8.4, 8.13, 8.16]
['2019-04-10', 8.27, 8.35, 8.06, 8.34]
['2019-04-11', 8.33, 8.47, 8.2, 8.46]
['2019-04-12', 8.49, 9.07, 8.33, 8.48]
['2019-04-15', 8.44, 8.52, 8.06, 8.1]
['2019-04-16', 8.15, 8.29, 8.03, 8.05]
['2019-04-17', 8.13, 8.39, 8.07, 8.28]
['2019-04-18', 8.23, 8.66, 8.22, 8.47]
['2019-04-22', 8.47, 8.75, 8.34, 8.62]
['2019-04-23', 8.61, 8.77, 8.55, 8.67]
['2019-04-24', 8.69, 8.87, 8.67, 8.79]
['2019-04-25', 8.8, 8.83, 8.61, 8.73]
['2019-04-26', 8.82, 8.86, 8.65, 8.75]
['2019-04-29', 8.82, 9.12, 8.75, 9.1]
['2019-04-30', 8.95, 9.2, 8.95, 9.14]
['2019-05-01', 9.17, 9.17, 8.95, 9.03]
['2019-05-02', 9.03, 9.15, 8.77, 9.14]
['2019-05-03', 9.08, 9.3, 9.08, 9.29]
['2019-05-06', 9.11, 9.37, 8.98, 9.3]
['2019-05-07', 9.17, 9.29, 9.02, 9.16]
['2019-05-08', 9.08, 9.33, 9.08, 9.17]
['2019-05-09', 9.1, 9.37, 8.98, 9.34]
['2019-05-10', 9.27, 9.45, 8.95, 9.2]
['2019-05-13', 9.08, 9.38, 8.66, 8.81]
['2019-05-14', 8.82, 9.09, 8.71, 8.97]
['2019-05-15', 8.96, 9.13, 8.87, 9.02]
['2019-05-16', 9.05, 9.09, 8.67, 8.9]
['2019-05-17', 8.8, 9.06, 8.77, 8.85]
['2019-05-20', 8.83, 8.92, 8.75, 8.82]
['2019-05-21', 8.82, 9.06, 8.78, 9.0]
['2019-05-22', 8.93, 9.08, 8.79, 8.88]
['2019-05-23', 8.81, 9.07, 8.77, 8.96]
['2019-05-24', 8.98, 9.18, 8.89, 9.08]
['2019-05-28', 9.08, 9.18, 9.0, 9.1]
['2019-05-29', 9.09, 9.18, 8.91, 9.11]
['2019-05-30', 9.07, 9.3, 8.94, 9.26]
['2019-05-31', 9.17, 9.3, 8.99, 9.12]
['2019-06-03', 9.06, 9.13, 8.62, 9.0]
['2019-06-04', 9.09, 9.12, 8.76, 8.87]
['2019-06-05', 9.15, 9.37, 9.09, 9.3]
['2019-06-06', 9.37, 9.61, 9.31, 9.54]
['2019-06-07', 9.65, 10.18, 9.65, 10.15]
['2019-06-10', 10.26, 10.75, 10.26, 10.45]
['2019-06-11', 10.59, 10.7, 10.1, 10.32]
['2019-06-12', 10.25, 10.45, 10.25, 10.36]
['2019-06-13', 10.38, 10.92, 10.38, 10.62]
['2019-06-14', 10.69, 11.08, 10.67, 10.85]
['2019-06-17', 10.97, 11.08, 10.54, 10.6]
['2019-06-18', 10.71, 10.94, 10.38, 10.59]
['2019-06-19', 10.65, 10.84, 10.57, 10.67]
['2019-06-20', 10.81, 10.98, 10.56, 10.87]
['2019-06-21', 10.81, 11.05, 10.64, 10.66]
['2019-06-24', 10.66, 10.71, 10.12, 10.14]
['2019-06-25', 10.13, 10.58, 9.57, 9.6]
['2019-06-26', 9.6, 9.99, 9.18, 9.33]
['2019-06-27', 9.37, 9.64, 9.18, 9.19]
['2019-06-28', 9.25, 9.51, 8.93, 9.14]
['2019-07-01', 9.23, 9.69, 9.18, 9.52]
['2019-07-02', 9.54, 9.75, 9.31, 9.38]
['2019-07-03', 9.43, 9.74, 9.41, 9.47]
['2019-07-05', 9.44, 9.75, 9.41, 9.64]
['2019-07-08', 9.64, 9.65, 9.4, 9.53]
['2019-07-09', 9.53, 9.63, 9.31, 9.47]
['2019-07-10', 9.53, 9.59, 9.41, 9.53]
['2019-07-11', 9.56, 9.59, 9.36, 9.41]
['2019-07-12', 9.62, 10.1, 9.6, 9.88]
['2019-07-15', 9.98, 10.02, 9.81, 9.89]
['2019-07-16', 9.96, 10.24, 9.96, 10.16]
['2019-07-17', 10.23, 10.35, 10.12, 10.14]
['2019-07-18', 10.19, 10.34, 10.14, 10.23]
['2019-07-19', 10.24, 10.43, 10.05, 10.09]
['2019-07-22', 10.12, 10.35, 10.11, 10.14]
['2019-07-23', 10.17, 10.45, 10.16, 10.45]
['2019-07-24', 10.45, 10.87, 10.45, 10.77]
['2019-07-25', 10.78, 10.85, 10.27, 10.36]
['2019-07-26', 10.36, 10.45, 10.08, 10.14]
['2019-07-29', 10.14, 10.14, 9.86, 10.12]
['2019-07-30', 10.03, 10.33, 9.96, 10.32]
['2019-07-31', 10.35, 10.66, 10.22, 10.24]
['2019-08-01', 10.21, 10.35, 9.76, 9.81]
['2019-08-02', 9.7, 9.77, 9.13, 9.46]
['2019-08-05', 9.32, 9.34, 8.8, 9.13]
['2019-08-06', 9.22, 9.41, 9.05, 9.35]
['2019-08-07', 9.33, 9.72, 9.2, 9.6]
['2019-08-08', 9.66, 9.97, 9.65, 9.77]
['2019-08-09', 9.0, 9.1, 5.35, 6.62]
['2019-08-12', 6.61, 6.74, 5.79, 5.84]
['2019-08-13', 5.9, 6.25, 5.9, 6.14]
['2019-08-14', 6.25, 6.35, 5.85, 6.19]
['2019-08-15', 6.24, 6.36, 5.73, 5.83]
['2019-08-16', 5.89, 6.21, 5.76, 6.14]
['2019-08-19', 6.26, 6.56, 6.22, 6.48]
['2019-08-20', 6.5, 6.54, 6.19, 6.26]
['2019-08-21', 6.3, 6.59, 6.2, 6.25]
['2019-08-22', 6.25, 6.29, 6.05, 6.06]
['2019-08-23', 6.05, 6.12, 5.96, 6.01]
['2019-08-26', 6.1, 6.7, 6.09, 6.46]
['2019-08-27', 6.48, 6.57, 6.29, 6.33]
['2019-08-28', 6.29, 6.58, 6.26, 6.39]
['2019-08-29', 6.46, 6.8, 6.42, 6.72]
['2019-08-30', 6.7, 6.77, 6.45, 6.46]
['2019-09-03', 6.36, 6.58, 6.2, 6.46]
['2019-09-04', 6.42, 6.61, 6.42, 6.56]
['2019-09-05', 6.65, 6.74, 6.34, 6.65]
['2019-09-06', 6.65, 6.75, 6.41, 6.49]
['2019-09-09', 6.52, 7.07, 6.49, 7.01]
['2019-09-10', 7.1, 7.46, 7.04, 7.27]
['2019-09-11', 7.28, 7.65, 7.25, 7.52]
['2019-09-12', 7.52, 7.71, 7.39, 7.53]
['2019-09-13', 7.62, 8.1, 7.62, 7.79]
['2019-09-16', 7.63, 7.82, 7.4, 7.55]
['2019-09-17', 7.5, 7.5, 7.2, 7.41]
['2019-09-18', 7.4, 7.43, 7.1, 7.29]
['2019-09-19', 7.28, 7.44, 7.15, 7.24]
['2019-09-20', 7.27, 7.58, 7.23, 7.47]
['2019-09-23', 7.47, 7.54, 7.21, 7.41]
['2019-09-24', 7.39, 7.47, 7.13, 7.17]
['2019-09-25', 7.18, 7.32, 7.12, 7.26]
['2019-09-26', 7.27, 7.27, 6.8, 6.88]
['2019-09-27', 6.9, 7.18, 6.78, 6.81]
['2019-09-30', 6.84, 6.87, 6.43, 6.75]
['2019-10-01', 6.78, 6.85, 6.41, 6.49]
['2019-10-02', 6.47, 6.57, 5.96, 6.31]
['2019-10-03', 6.24, 6.32, 5.98, 6.25]
['2019-10-04', 6.24, 6.49, 6.24, 6.35]
['2019-10-07', 6.34, 6.69, 6.26, 6.5]
['2019-10-08', 6.42, 6.68, 6.36, 6.5]
['2019-10-09', 6.54, 6.6, 6.22, 6.38]
['2019-10-10', 6.35, 6.43, 6.26, 6.34]
['2019-10-11', 6.41, 6.59, 6.41, 6.43]
['2019-10-14', 6.43, 7.05, 6.35, 7.03]
['2019-10-15', 7.08, 7.44, 7.05, 7.41]
['2019-10-16', 7.46, 7.94, 7.19, 7.23]
['2019-10-17', 7.28, 7.35, 7.17, 7.27]
['2019-10-18', 7.2, 7.38, 7.01, 7.05]
['2019-10-21', 7.16, 7.38, 7.09, 7.33]
['2019-10-22', 7.25, 7.85, 7.21, 7.71]
['2019-10-23', 7.7, 7.77, 7.32, 7.46]
['2019-10-24', 7.52, 7.73, 7.44, 7.46]
['2019-10-25', 7.4, 7.8, 7.4, 7.68]
['2019-10-28', 7.72, 7.84, 7.68, 7.74]
['2019-10-29', 7.72, 7.97, 7.49, 7.75]
['2019-10-30', 7.72, 7.81, 7.63, 7.77]
['2019-10-31', 7.73, 7.87, 7.51, 7.62]
['2019-11-01', 7.65, 7.81, 7.52, 7.64]
['2019-11-04', 7.76, 7.76, 7.5, 7.55]
['2019-11-05', 7.57, 7.71, 7.26, 7.33]
['2019-11-06', 7.32, 7.41, 7.11, 7.35]
['2019-11-07', 7.36, 7.64, 7.36, 7.6]
['2019-11-08', 7.67, 7.67, 7.39, 7.43]
['2019-11-11', 7.43, 7.46, 7.25, 7.3]
['2019-11-12', 7.32, 7.33, 7.02, 7.11]
['2019-11-13', 7.0, 7.08, 6.94, 7.02]
['2019-11-14', 7.02, 7.14, 6.99, 7.06]
['2019-11-15', 7.11, 7.34, 7.11, 7.19]
['2019-11-18', 7.2, 7.2, 7.05, 7.1]
['2019-11-19', 7.2, 7.25, 7.04, 7.09]
['2019-11-20', 7.07, 7.17, 6.92, 7.09]
['2019-11-21', 7.1, 7.17, 6.95, 6.97]
['2019-11-22', 7.0, 7.1, 6.92, 7.06]
['2019-11-25', 7.07, 7.33, 7.02, 7.11]
['2019-11-26', 7.11, 7.28, 7.09, 7.16]
['2019-11-27', 7.11, 7.24, 7.11, 7.15]
['2019-11-29', 7.11, 7.32, 7.06, 7.27]
['2019-12-02', 7.31, 7.43, 6.96, 7.0]
['2019-12-03', 7.01, 8.23, 6.95, 8.09]
['2019-12-04', 8.15, 8.69, 8.15, 8.43]
['2019-12-05', 8.4, 8.75, 8.32, 8.73]
['2019-12-06', 8.75, 8.92, 8.69, 8.89]
['2019-12-09', 8.8, 9.25, 8.8, 9.11]
['2019-12-10', 9.03, 9.16, 8.97, 9.07]
['2019-12-11', 9.03, 9.3, 8.94, 9.26]
['2019-12-12', 9.3, 9.5, 8.72, 8.83]
['2019-12-13', 8.84, 9.04, 8.71, 8.86]
['2019-12-16', 8.97, 9.05, 8.69, 8.75]
['2019-12-17', 8.82, 8.88, 8.48, 8.81]
['2019-12-18', 8.86, 9.02, 8.68, 8.76]
['2019-12-19', 8.86, 9.02, 8.71, 8.98]
['2019-12-20', 9.0, 9.0, 8.82, 8.98]
['2019-12-23', 9.0, 9.61, 8.99, 9.4]
['2019-12-24', 9.43, 9.64, 9.23, 9.52]
['2019-12-26', 9.5, 9.65, 9.35, 9.41]
['2019-12-27', 9.43, 9.43, 8.99, 9.14]
['2019-12-30', 9.09, 9.15, 8.87, 8.95]
['2019-12-31', 8.9, 9.14, 8.9, 8.94]
['2020-01-02', 8.96, 9.1, 8.78, 8.84]
['2020-01-03', 8.75, 8.85, 8.53, 8.69]
['2020-01-06', 8.56, 8.76, 8.52, 8.56]
['2020-01-07', 8.56, 8.67, 8.52, 8.58]
['2020-01-08', 8.55, 8.9, 8.53, 8.69]
['2020-01-09', 8.73, 8.94, 8.72, 8.79]
['2020-01-10', 8.78, 8.79, 8.58, 8.64]
['2020-01-13', 8.65, 8.78, 8.56, 8.7]
['2020-01-14', 8.68, 9.08, 8.68, 8.87]
['2020-01-15', 8.9, 9.08, 8.85, 8.96]
['2020-01-16', 9.01, 9.46, 9.01, 9.36]
['2020-01-17', 9.44, 9.49, 9.16, 9.27]
['2020-01-21', 9.3, 9.3, 8.96, 9.07]
['2020-01-22', 9.09, 9.1, 8.98, 9.0]
['2020-01-23', 9.1, 9.4, 8.82, 9.37]
['2020-01-24', 9.4, 9.4, 9.07, 9.21]
['2020-01-27', 9.0, 9.03, 8.69, 8.71]
['2020-01-28', 8.74, 8.86, 8.43, 8.64]
['2020-01-29', 8.7, 8.89, 8.45, 8.6]
['2020-01-30', 8.52, 8.7, 8.42, 8.66]
['2020-01-31', 8.62, 8.77, 8.45, 8.54]
['2020-02-03', 8.6, 8.72, 8.11, 8.29]
['2020-02-04', 8.41, 8.45, 8.17, 8.24]
['2020-02-05', 8.33, 8.49, 8.26, 8.35]
['2020-02-06', 8.43, 8.5, 8.17, 8.25]
['2020-02-07', 8.2, 8.25, 7.6, 7.81]
['2020-02-10', 7.81, 7.94, 7.53, 7.91]
['2020-02-11', 7.95, 8.58, 7.37, 8.46]
['2020-02-12', 8.51, 8.64, 8.29, 8.35]
['2020-02-13', 8.3, 8.31, 7.99, 8.09]
['2020-02-14', 8.09, 8.15, 7.86, 7.94]
['2020-02-18', 7.95, 8.02, 7.55, 7.69]
['2020-02-19', 7.74, 7.77, 7.57, 7.61]
['2020-02-20', 7.61, 7.91, 7.55, 7.77]
['2020-02-21', 7.7, 7.8, 7.6, 7.68]
['2020-02-24', 7.38, 7.44, 7.11, 7.24]
['2020-02-25', 7.25, 7.25, 6.68, 6.7]
['2020-02-26', 6.75, 6.82, 6.26, 6.3]
['2020-02-27', 6.14, 6.38, 5.85, 5.9]
['2020-02-28', 5.75, 5.95, 5.66, 5.77]
['2020-03-02', 5.87, 6.13, 5.7, 5.95]
['2020-03-03', 5.93, 6.18, 5.65, 5.81]
['2020-03-04', 5.9, 6.08, 5.65, 6.06]
['2020-03-05', 5.87, 5.9, 5.2, 5.34]
['2020-03-06', 5.11, 5.77, 5.0, 5.76]
['2020-03-09', 5.27, 5.5, 5.02, 5.19]
['2020-03-10', 5.44, 5.59, 4.8, 5.43]
['2020-03-11', 5.31, 5.35, 4.47, 4.53]
['2020-03-12', 4.14, 4.4, 3.63, 3.73]
['2020-03-13', 4.01, 4.95, 3.46, 4.72]
['2020-03-16', 3.92, 4.1, 3.53, 3.72]
['2020-03-17', 3.72, 4.47, 3.2, 3.4]
['2020-03-18', 3.39, 3.55, 2.39, 2.89]
['2020-03-19', 2.8, 3.21, 2.32, 2.7]
['2020-03-20', 2.87, 3.7, 2.87, 3.13]
['2020-03-23', 3.19, 3.36, 2.71, 3.02]
['2020-03-24', 3.35, 3.57, 3.17, 3.43]
['2020-03-25', 3.79, 3.86, 3.0, 3.24]
['2020-03-26', 3.55, 4.99, 3.25, 4.09]
['2020-03-27', 4.09, 4.21, 3.5, 3.94]
['2020-03-30', 3.73, 3.73, 2.96, 3.11]
['2020-03-31', 3.18, 3.37, 3.0, 3.29]
['2020-04-01', 3.02, 3.21, 2.9, 3.03]
['2020-04-02', 3.01, 3.11, 2.5, 2.52]
['2020-04-03', 2.5, 2.55, 2.05, 2.13]
['2020-04-06', 2.26, 2.53, 2.1, 2.52]
['2020-04-07', 3.1, 3.84, 2.65, 2.74]
['2020-04-08', 2.85, 3.25, 2.76, 3.25]
['2020-04-09', 3.45, 4.1, 3.38, 3.98]
['2020-04-13', 4.06, 4.18, 3.29, 3.86]
['2020-04-14', 4.07, 4.4, 3.87, 4.16]
['2020-04-15', 3.94, 4.38, 3.75, 4.08]
['2020-04-16', 3.95, 3.96, 3.4, 3.43]
['2020-04-17', 3.78, 3.8, 3.25, 3.29]
['2020-04-20', 3.3, 3.42, 2.87, 3.04]
['2020-04-21', 3.0, 3.27, 2.95, 3.21]
['2020-04-22', 3.27, 3.32, 2.79, 2.93]
['2020-04-23', 2.95, 3.21, 2.93, 3.0]
['2020-04-24', 3.08, 3.1, 2.77, 2.86]
['2020-04-27', 2.93, 3.13, 2.78, 3.07]
['2020-04-28', 3.13, 3.7, 3.12, 3.63]
['2020-04-29', 3.8, 4.65, 3.8, 4.1]
['2020-04-30', 3.81, 4.64, 3.75, 4.55]
['2020-05-01', 4.21, 4.35, 3.97, 4.15]
['2020-05-04', 4.0, 4.18, 3.62, 3.99]
['2020-05-05', 4.2, 4.23, 3.85, 3.87]
['2020-05-06', 3.87, 3.98, 3.5, 3.55]
['2020-05-07', 3.63, 3.86, 3.52, 3.69]
['2020-05-08', 3.81, 4.15, 3.8, 4.01]
['2020-05-11', 3.8, 4.19, 3.61, 4.06]
['2020-05-12', 4.07, 4.44, 3.74, 3.74]
['2020-05-13', 3.74, 3.89, 3.5, 3.63]
['2020-05-14', 3.53, 3.64, 3.25, 3.33]
['2020-05-15', 3.27, 3.31, 3.0, 3.13]
['2020-05-18', 3.41, 3.64, 3.15, 3.2]
['2020-05-19', 3.2, 3.33, 3.0, 3.15]
['2020-05-20', 3.24, 3.67, 3.21, 3.57]
['2020-05-21', 3.6, 3.79, 3.54, 3.57]
['2020-05-22', 3.64, 3.72, 3.4, 3.5]
