['2012-10-17', 2.1, 2.1, 2.1, 2.1]
['2012-10-18', 2.1, 2.1, 2.1, 2.1]
['2012-10-19', 2.1, 2.1, 2.1, 2.1]
['2012-10-22', 2.1, 2.1, 2.1, 2.1]
['2012-10-23', 2.1, 2.1, 2.1, 2.1]
['2012-10-24', 2.1, 2.1, 2.1, 2.1]
['2012-10-25', 2.1, 2.1, 2.1, 2.1]
['2012-10-26', 2.1, 2.1, 2.1, 2.1]
['2012-10-31', 2.1, 2.1, 2.1, 2.1]
['2012-11-01', 2.1, 2.1, 2.1, 2.1]
['2012-11-02', 2.1, 2.1, 2.1, 2.1]
['2012-11-05', 2.1, 2.1, 2.1, 2.1]
['2012-11-06', 2.1, 2.1, 2.1, 2.1]
['2012-11-07', 2.1, 2.1, 2.1, 2.1]
['2012-11-08', 2.1, 2.1, 2.1, 2.1]
['2012-11-09', 2.1, 2.1, 2.1, 2.1]
['2012-11-12', 2.1, 2.1, 2.1, 2.1]
['2012-11-13', 2.1, 2.1, 2.1, 2.1]
['2012-11-14', 2.1, 2.1, 2.1, 2.1]
['2012-11-15', 2.1, 2.1, 2.1, 2.1]
['2012-11-16', 6.0, 6.5, 6.0, 6.5]
['2012-11-19', 6.6, 6.6, 6.6, 6.6]
['2012-11-20', 6.6, 6.6, 6.6, 6.6]
['2012-11-21', 6.6, 6.6, 6.6, 6.6]
['2012-11-23', 6.6, 6.6, 6.6, 6.6]
['2012-11-26', 6.62, 6.62, 6.62, 6.62]
['2012-11-27', 6.62, 6.62, 6.62, 6.62]
['2012-11-28', 6.62, 6.62, 6.62, 6.62]
['2012-11-29', 6.62, 6.62, 6.62, 6.62]
['2012-11-30', 6.62, 6.62, 6.62, 6.62]
['2012-12-03', 6.62, 6.62, 6.62, 6.62]
['2012-12-04', 6.62, 6.62, 6.62, 6.62]
['2012-12-05', 6.62, 6.62, 6.62, 6.62]
['2012-12-06', 6.62, 6.62, 6.62, 6.62]
['2012-12-07', 6.62, 6.62, 6.62, 6.62]
['2012-12-10', 6.62, 6.62, 6.62, 6.62]
['2012-12-11', 6.62, 6.62, 6.62, 6.62]
['2012-12-12', 6.62, 6.62, 6.62, 6.62]
['2012-12-13', 6.62, 6.62, 6.62, 6.62]
['2012-12-14', 6.62, 6.62, 6.62, 6.62]
['2012-12-17', 6.62, 6.62, 6.62, 6.62]
['2012-12-18', 6.6, 6.6, 6.6, 6.6]
['2012-12-19', 6.6, 6.6, 6.6, 6.6]
['2012-12-20', 6.6, 6.6, 6.6, 6.6]
['2012-12-21', 6.6, 6.6, 6.6, 6.6]
['2012-12-24', 6.6, 6.6, 6.6, 6.6]
['2012-12-26', 6.6, 6.6, 6.6, 6.6]
['2012-12-27', 6.6, 6.6, 6.6, 6.6]
['2012-12-28', 6.6, 6.6, 6.6, 6.6]
['2012-12-31', 6.6, 6.6, 6.6, 6.6]
['2013-01-02', 6.6, 6.6, 6.6, 6.6]
['2013-01-03', 6.6, 6.6, 6.6, 6.6]
['2013-01-04', 6.6, 6.6, 6.6, 6.6]
['2013-01-07', 6.6, 6.6, 6.6, 6.6]
['2013-01-08', 6.6, 6.6, 6.6, 6.6]
['2013-01-09', 6.6, 6.6, 6.6, 6.6]
['2013-01-10', 6.6, 6.6, 6.6, 6.6]
['2013-01-11', 6.5, 6.6, 6.5, 6.6]
['2013-01-14', 6.58, 6.58, 6.58, 6.58]
['2013-01-15', 6.58, 6.58, 6.58, 6.58]
['2013-01-16', 6.58, 6.58, 6.58, 6.58]
['2013-01-17', 6.58, 6.58, 6.58, 6.58]
['2013-01-18', 6.58, 6.58, 6.58, 6.58]
['2013-01-22', 6.6, 7.58, 6.6, 7.58]
['2013-01-23', 7.58, 7.58, 7.58, 7.58]
['2013-01-24', 7.8, 7.98, 7.8, 7.98]
['2013-01-25', 7.98, 7.98, 7.98, 7.98]
['2013-01-28', 7.98, 7.98, 7.98, 7.98]
['2013-01-29', 7.98, 7.98, 7.98, 7.98]
['2013-01-30', 7.98, 7.98, 7.98, 7.98]
['2013-01-31', 7.98, 7.98, 7.98, 7.98]
['2013-02-01', 7.98, 7.98, 7.98, 7.98]
['2013-02-04', 7.98, 7.98, 7.98, 7.98]
['2013-02-05', 7.98, 7.98, 7.98, 7.98]
['2013-02-06', 7.98, 7.98, 7.98, 7.98]
['2013-02-07', 7.98, 7.98, 7.98, 7.98]
['2013-02-08', 7.98, 7.98, 7.98, 7.98]
['2013-02-11', 7.98, 7.98, 7.98, 7.98]
['2013-02-12', 7.98, 7.98, 7.98, 7.98]
['2013-02-13', 7.98, 8.0, 7.98, 8.0]
['2013-02-14', 8.0, 8.0, 8.0, 8.0]
['2013-02-15', 7.92, 7.92, 7.9, 7.9]
['2013-02-19', 7.9, 7.9, 7.9, 7.9]
['2013-02-20', 7.9, 7.9, 7.9, 7.9]
['2013-02-21', 7.9, 7.9, 7.9, 7.9]
['2013-02-22', 7.9, 7.9, 7.9, 7.9]
['2013-02-25', 7.9, 7.9, 7.9, 7.9]
['2013-02-26', 7.9, 7.9, 7.9, 7.9]
['2013-02-27', 7.9, 7.9, 7.9, 7.9]
['2013-02-28', 7.9, 7.9, 7.9, 7.9]
['2013-03-01', 7.9, 7.9, 7.9, 7.9]
['2013-03-04', 7.9, 7.9, 7.9, 7.9]
['2013-03-05', 7.9, 7.9, 7.9, 7.9]
['2013-03-06', 7.9, 7.9, 7.9, 7.9]
['2013-03-07', 7.9, 7.9, 7.9, 7.9]
['2013-03-08', 7.9, 7.9, 7.9, 7.9]
['2013-03-11', 7.9, 7.9, 7.9, 7.9]
['2013-03-12', 7.9, 7.9, 7.9, 7.9]
['2013-03-13', 7.9, 7.9, 7.9, 7.9]
['2013-03-14', 7.9, 7.9, 7.9, 7.9]
['2013-03-15', 7.9, 7.9, 7.9, 7.9]
['2013-03-18', 3.95, 3.95, 3.95, 3.95]
['2013-03-19', 3.95, 3.95, 3.95, 3.95]
['2013-03-20', 8.75, 8.75, 8.75, 8.75]
['2013-03-21', 8.75, 8.75, 8.75, 8.75]
['2013-03-22', 8.75, 8.75, 8.75, 8.75]
['2013-03-25', 8.75, 8.75, 8.75, 8.75]
['2013-03-26', 8.75, 8.75, 8.75, 8.75]
['2013-03-27', 8.75, 8.75, 8.75, 8.75]
['2013-03-28', 8.75, 8.75, 8.75, 8.75]
['2013-04-01', 8.75, 8.75, 8.75, 8.75]
['2013-04-02', 8.75, 8.75, 8.75, 8.75]
['2013-04-03', 8.75, 8.75, 8.75, 8.75]
['2013-04-04', 8.75, 8.75, 8.75, 8.75]
['2013-04-05', 8.75, 8.75, 8.75, 8.75]
['2013-04-08', 8.75, 8.75, 8.75, 8.75]
['2013-04-09', 10.24, 10.24, 10.24, 10.24]
['2013-04-10', 10.24, 10.24, 10.24, 10.24]
['2013-04-11', 10.24, 10.24, 10.24, 10.24]
['2013-04-12', 10.24, 10.24, 10.24, 10.24]
['2013-04-15', 10.24, 10.24, 10.24, 10.24]
['2013-04-16', 10.24, 10.24, 10.24, 10.24]
['2013-04-17', 10.24, 10.24, 10.24, 10.24]
['2013-04-18', 10.5, 10.9, 10.5, 10.9]
['2013-04-19', 11.5, 12.25, 11.5, 12.25]
['2013-04-22', 11.75, 11.75, 11.25, 11.5]
['2013-04-23', 11.5, 11.5, 11.5, 11.5]
['2013-04-24', 4.6, 4.6, 4.1, 4.4]
['2013-04-25', 4.48, 4.48, 4.02, 4.1]
['2013-04-26', 4.16, 4.3, 4.15, 4.3]
['2013-04-29', 4.3, 4.8, 4.219, 4.44]
['2013-04-30', 4.55, 4.55, 4.13, 4.35]
['2013-05-01', 4.28, 4.44, 4.17, 4.17]
['2013-05-02', 4.2, 4.45, 4.2, 4.25]
['2013-05-03', 4.4, 4.5, 4.21, 4.28]
['2013-05-06', 4.27, 4.7, 4.27, 4.6]
['2013-05-07', 4.6, 4.7, 4.5, 4.69]
['2013-05-08', 4.68, 4.93, 4.6, 4.8]
['2013-05-09', 4.8, 4.9, 4.35, 4.7]
['2013-05-10', 4.6, 4.94, 4.6, 4.94]
['2013-05-13', 5.17, 5.2, 4.94, 5.2]
['2013-05-14', 5.2, 5.699, 4.99, 4.99]
['2013-05-15', 5.03, 5.03, 4.45, 4.99]
['2013-05-16', 5.6, 5.6, 4.7, 5.01]
['2013-05-17', 5.07, 5.19, 4.75, 5.19]
['2013-05-20', 5.05, 5.05, 4.9, 4.95]
['2013-05-21', 5.2, 5.2, 4.8, 4.98]
['2013-05-22', 5.2, 5.2, 4.85, 4.85]
['2013-05-23', 4.85, 5.0, 4.7, 4.72]
['2013-05-24', 4.72, 4.9, 4.72, 4.9]
['2013-05-28', 5.0, 5.0, 4.8, 4.99]
['2013-05-29', 4.92, 4.99, 4.71, 4.71]
['2013-05-30', 5.0, 5.6, 4.71, 4.9]
['2013-05-31', 4.99, 5.0, 4.71, 4.71]
['2013-06-03', 4.71, 4.95, 4.65, 4.8]
['2013-06-04', 4.8, 4.83, 4.65, 4.7]
['2013-06-05', 4.82, 4.82, 4.43, 4.5]
['2013-06-06', 4.53, 4.75, 4.24, 4.31]
['2013-06-07', 4.51, 4.555, 4.399, 4.4]
['2013-06-10', 4.39, 4.6, 4.26, 4.5]
['2013-06-11', 4.44, 4.44, 4.44, 4.44]
['2013-06-12', 4.37, 4.59, 4.06, 4.11]
['2013-06-13', 4.11, 4.53, 4.0, 4.34]
['2013-06-14', 4.31, 4.35, 4.306, 4.306]
['2013-06-17', 4.34, 4.35, 4.26, 4.35]
['2013-06-18', 4.35, 4.5, 4.35, 4.5]
['2013-06-19', 4.49, 4.5, 4.4, 4.5]
['2013-06-20', 4.4, 4.48, 4.4, 4.4]
['2013-06-21', 4.49, 4.63, 4.4, 4.63]
['2013-06-24', 4.5, 4.7, 4.41, 4.7]
['2013-06-25', 4.7, 4.75, 4.51, 4.7]
['2013-06-26', 4.63, 4.79, 4.43, 4.64]
['2013-06-27', 4.7, 4.7, 4.5, 4.53]
['2013-06-28', 4.96, 4.96, 4.52, 4.52]
['2013-07-01', 4.58, 4.867, 4.52, 4.52]
['2013-07-02', 4.52, 4.52, 4.52, 4.52]
['2013-07-03', 4.709, 4.709, 4.52, 4.52]
['2013-07-05', 4.55, 4.57, 4.52, 4.52]
['2013-07-08', 4.53, 4.88, 4.52, 4.52]
['2013-07-09', 4.56, 4.59, 4.5, 4.5]
['2013-07-10', 4.5, 4.5, 4.5, 4.5]
['2013-07-11', 4.51, 4.51, 4.43, 4.461]
['2013-07-12', 4.45, 4.5, 4.42, 4.43]
['2013-07-15', 4.45, 4.48, 4.42, 4.48]
['2013-07-16', 4.42, 4.6, 4.42, 4.6]
['2013-07-17', 4.53, 4.54, 4.5, 4.54]
['2013-07-18', 4.51, 4.52, 4.5, 4.52]
['2013-07-19', 4.52, 4.52, 4.52, 4.52]
['2013-07-22', 4.55, 4.58, 4.54, 4.55]
['2013-07-23', 4.6, 4.92, 4.6, 4.91]
['2013-07-24', 4.91, 5.71, 4.9, 5.25]
['2013-07-25', 5.5, 5.5, 4.96, 5.39]
['2013-07-26', 5.38, 5.5, 5.15, 5.16]
['2013-07-29', 5.1, 5.25, 5.0, 5.25]
['2013-07-30', 5.18, 5.18, 5.15, 5.15]
['2013-07-31', 4.99, 5.24, 4.99, 5.24]
['2013-08-01', 5.16, 5.26, 5.16, 5.26]
['2013-08-02', 5.15, 5.25, 5.1, 5.25]
['2013-08-05', 5.25, 5.26, 5.12, 5.16]
['2013-08-06', 5.25, 5.25, 5.25, 5.25]
['2013-08-07', 5.12, 5.16, 4.8, 5.16]
['2013-08-08', 5.15, 5.65, 5.15, 5.15]
['2013-08-09', 5.25, 5.3, 5.25, 5.3]
['2013-08-12', 5.27, 5.27, 5.12, 5.25]
['2013-08-13', 5.0, 5.99, 4.83, 5.35]
['2013-08-14', 5.24, 5.25, 4.9, 5.25]
['2013-08-15', 5.0, 5.2, 5.0, 5.2]
['2013-08-16', 5.099, 5.1, 5.07, 5.07]
['2013-08-19', 4.97, 5.16, 4.8, 5.16]
['2013-08-20', 5.021, 5.021, 4.86, 4.87]
['2013-08-21', 5.02, 5.19, 5.02, 5.02]
['2013-08-22', 5.02, 5.02, 5.02, 5.02]
['2013-08-23', 5.01, 5.38, 4.89, 5.01]
['2013-08-26', 5.01, 5.2, 5.01, 5.05]
['2013-08-27', 5.07, 5.18, 4.92, 4.92]
['2013-08-28', 5.2, 5.2, 5.199, 5.199]
['2013-08-29', 5.3, 5.44, 5.16, 5.4]
['2013-08-30', 5.45, 5.5, 5.4, 5.48]
['2013-09-03', 5.5, 5.63, 5.5, 5.55]
['2013-09-04', 5.6, 5.6, 5.148, 5.209]
['2013-09-05', 5.23, 5.38, 5.036, 5.25]
['2013-09-06', 5.28, 5.452, 5.25, 5.35]
['2013-09-09', 5.57, 5.629, 5.104, 5.54]
['2013-09-10', 5.5, 5.55, 5.47, 5.47]
['2013-09-11', 5.48, 5.54, 5.15, 5.23]
['2013-09-12', 5.14, 5.23, 5.14, 5.23]
['2013-09-13', 5.1, 5.1, 5.1, 5.1]
['2013-09-16', 5.131, 5.131, 5.131, 5.131]
['2013-09-17', 5.25, 5.52, 5.201, 5.25]
['2013-09-18', 5.25, 5.37, 5.2, 5.37]
['2013-09-19', 5.38, 5.39, 5.17, 5.38]
['2013-09-20', 5.12, 5.351, 5.11, 5.11]
['2013-09-23', 5.1, 5.38, 5.1, 5.24]
['2013-09-24', 5.29, 5.39, 5.289, 5.39]
['2013-09-25', 5.27, 5.27, 5.25, 5.251]
['2013-09-26', 5.25, 5.37, 5.12, 5.37]
['2013-09-27', 5.12, 5.36, 5.02, 5.04]
['2013-09-30', 5.3, 5.39, 5.12, 5.39]
['2013-10-01', 5.41, 5.41, 5.13, 5.14]
['2013-10-02', 5.04, 5.28, 4.78, 5.23]
['2013-10-03', 5.25, 5.25, 5.17, 5.17]
['2013-10-04', 5.001, 5.11, 4.751, 5.11]
['2013-10-07', 5.09, 5.09, 4.78, 4.92]
['2013-10-08', 4.99, 5.1, 4.77, 4.8]
['2013-10-09', 4.81, 4.99, 4.41, 4.8]
['2013-10-10', 4.99, 4.99, 4.933, 4.94]
['2013-10-11', 4.94, 4.94, 4.94, 4.94]
['2013-10-14', 4.94, 4.94, 4.94, 4.94]
['2013-10-15', 4.98, 4.98, 4.98, 4.98]
['2013-10-16', 4.93, 5.0, 4.49, 4.997]
['2013-10-17', 5.0, 5.0, 4.6, 4.98]
['2013-10-18', 4.6, 4.81, 4.6, 4.81]
['2013-10-21', 4.6, 5.0, 4.6, 5.0]
['2013-10-22', 4.9, 4.99, 4.9, 4.99]
['2013-10-23', 4.9, 5.0, 4.9, 5.0]
['2013-10-24', 5.0, 5.0, 4.9, 4.9]
['2013-10-25', 4.98, 5.0, 4.98, 5.0]
['2013-10-28', 4.95, 4.95, 4.95, 4.95]
['2013-10-29', 4.95, 5.0, 4.95, 5.0]
['2013-10-30', 4.96, 4.96, 4.96, 4.96]
['2013-10-31', 4.86, 4.95, 4.86, 4.94]
['2013-11-01', 4.87, 4.87, 4.801, 4.86]
['2013-11-04', 4.8, 4.8, 4.6, 4.6]
['2013-11-05', 4.6, 4.646, 4.6, 4.646]
['2013-11-06', 4.67, 4.74, 4.67, 4.74]
['2013-11-07', 4.57, 4.62, 4.57, 4.6]
['2013-11-08', 4.65, 4.74, 4.25, 4.3]
['2013-11-11', 4.21, 4.23, 3.75, 4.21]
['2013-11-12', 3.9, 4.21, 3.84, 4.17]
['2013-11-13', 4.0, 4.18, 3.85, 4.18]
['2013-11-14', 4.0, 4.46, 3.96, 4.24]
['2013-11-15', 4.09, 4.4, 4.0, 4.05]
['2013-11-18', 4.09, 4.25, 4.06, 4.1]
['2013-11-19', 4.05, 4.15, 4.05, 4.15]
['2013-11-20', 4.021, 4.17, 4.02, 4.021]
['2013-11-21', 4.02, 4.385, 4.02, 4.385]
['2013-11-22', 4.37, 4.37, 4.02, 4.34]
['2013-11-25', 4.2, 4.2, 4.0, 4.0]
['2013-11-26', 4.01, 4.19, 4.0, 4.0]
['2013-11-27', 4.1, 4.32, 4.1, 4.32]
['2013-11-29', 4.19, 4.19, 4.01, 4.02]
['2013-12-02', 4.07, 4.15, 4.05, 4.09]
['2013-12-03', 3.99, 4.02, 3.85, 3.95]
['2013-12-04', 4.0, 4.25, 3.98, 4.25]
['2013-12-05', 4.27, 4.79, 4.1, 4.65]
['2013-12-06', 4.73, 4.75, 4.5, 4.749]
['2013-12-09', 4.7, 5.1, 4.7, 4.84]
['2013-12-10', 4.75, 5.08, 4.75, 5.06]
['2013-12-11', 5.06, 5.06, 4.72, 4.74]
['2013-12-12', 4.72, 4.93, 4.72, 4.93]
['2013-12-13', 4.691, 4.92, 4.691, 4.76]
['2013-12-16', 4.77, 4.85, 4.76, 4.85]
['2013-12-17', 4.85, 4.85, 4.75, 4.75]
['2013-12-18', 4.824, 4.83, 4.8, 4.81]
['2013-12-19', 4.801, 4.94, 4.8, 4.94]
['2013-12-20', 4.91, 5.0, 4.81, 4.81]
['2013-12-23', 4.92, 5.05, 4.83, 5.05]
['2013-12-24', 5.05, 5.05, 5.05, 5.05]
['2013-12-26', 5.05, 5.05, 4.91, 4.99]
['2013-12-27', 4.99, 4.99, 4.94, 4.94]
['2013-12-30', 4.96, 5.05, 4.96, 5.05]
['2013-12-31', 5.04, 5.1, 5.04, 5.1]
['2014-01-02', 5.0, 5.188, 4.952, 5.188]
['2014-01-03', 5.1, 5.12, 4.976, 5.12]
['2014-01-06', 4.97, 5.011, 4.97, 5.01]
['2014-01-07', 5.04, 5.29, 5.04, 5.1]
['2014-01-08', 5.12, 5.2, 5.1, 5.1]
['2014-01-09', 5.1, 5.45, 5.063, 5.28]
['2014-01-10', 5.28, 5.65, 5.28, 5.44]
['2014-01-13', 5.49, 5.49, 5.302, 5.329]
['2014-01-14', 5.39, 5.599, 5.2, 5.489]
['2014-01-15', 5.28, 5.48, 5.27, 5.395]
['2014-01-16', 5.395, 5.4, 5.29, 5.29]
['2014-01-17', 5.29, 5.29, 5.04, 5.07]
['2014-01-21', 5.04, 5.357, 5.04, 5.22]
['2014-01-22', 5.25, 5.25, 5.18, 5.23]
['2014-01-23', 5.23, 5.319, 5.185, 5.31]
['2014-01-24', 5.31, 5.31, 5.21, 5.21]
['2014-01-27', 5.29, 6.25, 5.2, 5.54]
['2014-01-28', 5.37, 5.51, 5.103, 5.464]
['2014-01-29', 5.7, 5.8, 5.26, 5.29]
['2014-01-30', 5.43, 5.62, 5.0, 5.11]
['2014-01-31', 5.24, 5.24, 4.95, 5.02]
['2014-02-03', 5.1, 5.11, 4.75, 4.91]
['2014-02-04', 4.98, 4.98, 4.75, 4.81]
['2014-02-05', 4.9, 4.95, 4.9, 4.95]
['2014-02-06', 5.24, 5.24, 4.89, 5.0]
['2014-02-07', 5.16, 5.16, 5.0, 5.0]
['2014-02-10', 5.0, 5.15, 5.0, 5.15]
['2014-02-11', 5.15, 5.22, 5.05, 5.05]
['2014-02-12', 5.05, 5.154, 5.0, 5.154]
['2014-02-13', 5.178, 5.178, 5.15, 5.15]
['2014-02-14', 5.13, 5.19, 4.93, 4.95]
['2014-02-18', 5.02, 5.18, 4.95, 5.163]
['2014-02-19', 5.2, 5.2, 4.96, 5.15]
['2014-02-20', 5.14, 5.15, 4.932, 5.15]
['2014-02-21', 5.24, 5.24, 5.19, 5.22]
['2014-02-24', 5.21, 5.48, 5.1, 5.45]
['2014-02-25', 5.41, 5.931, 5.37, 5.5]
['2014-02-26', 5.157, 5.8, 5.157, 5.8]
['2014-02-27', 5.79, 5.82, 5.45, 5.6]
['2014-02-28', 5.6, 5.61, 5.35, 5.35]
['2014-03-03', 5.65, 5.7, 5.145, 5.34]
['2014-03-04', 5.49, 5.65, 5.265, 5.265]
['2014-03-05', 5.22, 5.368, 5.11, 5.284]
['2014-03-06', 5.42, 5.63, 5.129, 5.2]
['2014-03-07', 5.229, 5.3, 5.229, 5.25]
['2014-03-10', 5.4, 5.5, 5.4, 5.5]
['2014-03-11', 5.57, 5.58, 5.35, 5.53]
['2014-03-12', 5.6, 5.85, 5.6, 5.66]
['2014-03-13', 5.65, 5.67, 5.27, 5.34]
['2014-03-14', 5.28, 5.49, 5.28, 5.49]
['2014-03-17', 5.53, 5.68, 5.53, 5.65]
['2014-03-18', 5.65, 5.68, 5.451, 5.589]
['2014-03-19', 5.68, 6.37, 5.29, 5.31]
['2014-03-20', 5.38, 5.45, 5.17, 5.17]
['2014-03-21', 5.17, 5.209, 5.04, 5.08]
['2014-03-24', 5.0, 5.13, 4.91, 4.911]
['2014-03-25', 4.94, 4.94, 4.92, 4.94]
['2014-03-26', 4.91, 4.92, 4.8, 4.81]
['2014-03-27', 4.69, 4.8, 4.69, 4.77]
['2014-03-28', 4.9, 4.9, 4.78, 4.78]
['2014-03-31', 4.84, 4.84, 4.803, 4.82]
['2014-04-01', 4.7, 4.7, 4.55, 4.59]
['2014-04-02', 4.708, 4.708, 4.65, 4.7]
['2014-04-03', 4.6, 4.69, 4.58, 4.58]
['2014-04-04', 4.67, 4.67, 4.55, 4.555]
['2014-04-07', 4.51, 4.52, 4.4, 4.4]
['2014-04-08', 4.47, 4.47, 4.34, 4.34]
['2014-04-09', 4.34, 4.52, 4.26, 4.4]
['2014-04-10', 4.4, 4.4, 4.32, 4.33]
['2014-04-11', 4.356, 4.37, 4.35, 4.35]
['2014-04-14', 4.41, 4.46, 4.39, 4.46]
['2014-04-15', 4.46, 4.46, 4.192, 4.37]
['2014-04-16', 4.324, 4.46, 4.216, 4.45]
['2014-04-17', 4.36, 4.44, 4.35, 4.44]
['2014-04-21', 4.4, 4.46, 4.281, 4.3]
['2014-04-22', 4.41, 4.44, 4.28, 4.428]
['2014-04-23', 4.331, 4.34, 4.22, 4.3]
['2014-04-24', 4.26, 4.295, 4.1, 4.2]
['2014-04-25', 4.24, 4.28, 4.15, 4.22]
['2014-04-28', 4.25, 4.25, 4.215, 4.25]
['2014-04-29', 4.21, 4.21, 4.12, 4.12]
['2014-04-30', 4.1, 4.14, 4.0, 4.05]
['2014-05-01', 4.05, 4.23, 4.05, 4.141]
['2014-05-02', 4.11, 4.11, 3.96, 4.01]
['2014-05-05', 4.1, 4.1, 4.1, 4.1]
['2014-05-06', 4.1, 4.1, 4.01, 4.01]
['2014-05-07', 4.15, 4.19, 4.028, 4.028]
['2014-05-08', 4.15, 4.24, 3.951, 4.04]
['2014-05-09', 3.97, 3.97, 3.97, 3.97]
['2014-05-12', 4.27, 4.27, 4.1, 4.1]
['2014-05-13', 4.1, 4.1, 3.98, 4.091]
['2014-05-14', 4.35, 4.35, 4.024, 4.03]
['2014-05-15', 3.95, 3.95, 3.77, 3.87]
['2014-05-16', 3.866, 3.866, 3.8, 3.81]
['2014-05-19', 3.9, 3.9, 3.9, 3.9]
['2014-05-20', 3.92, 3.92, 3.92, 3.92]
['2014-05-21', 3.81, 3.95, 3.81, 3.95]
['2014-05-22', 3.821, 3.834, 3.821, 3.834]
['2014-05-23', 3.84, 3.84, 3.84, 3.84]
['2014-05-27', 3.9, 3.9, 3.8, 3.9]
['2014-05-28', 3.905, 3.905, 3.9, 3.9]
['2014-05-29', 3.85, 3.92, 3.85, 3.9]
['2014-05-30', 3.9, 3.9, 3.83, 3.87]
['2014-06-02', 3.9, 3.9, 3.9, 3.9]
['2014-06-03', 3.82, 3.85, 3.75, 3.85]
['2014-06-04', 3.97, 3.98, 3.96, 3.98]
['2014-06-05', 3.95, 3.98, 3.59, 3.77]
['2014-06-06', 3.74, 3.82, 3.74, 3.803]
['2014-06-09', 3.79, 3.87, 3.74, 3.87]
['2014-06-10', 3.87, 4.0, 3.72, 3.854]
['2014-06-11', 3.73, 3.9, 3.73, 3.9]
['2014-06-12', 3.9, 3.9, 3.9, 3.9]
['2014-06-13', 3.9, 3.9, 3.9, 3.9]
['2014-06-16', 3.784, 3.95, 3.7, 3.95]
['2014-06-17', 4.0, 4.39, 3.96, 4.22]
['2014-06-18', 4.22, 4.22, 4.22, 4.22]
['2014-06-19', 4.24, 4.249, 4.1, 4.1]
['2014-06-20', 4.04, 4.25, 4.0, 4.25]
['2014-06-23', 4.261, 4.261, 4.261, 4.261]
['2014-06-24', 4.29, 4.3, 4.1, 4.3]
['2014-06-25', 4.24, 4.24, 4.24, 4.24]
['2014-06-26', 4.06, 4.076, 3.97, 4.058]
['2014-06-27', 4.05, 4.062, 4.02, 4.056]
['2014-06-30', 4.22, 4.25, 4.14, 4.25]
['2014-07-01', 4.12, 4.45, 4.12, 4.45]
['2014-07-02', 4.49, 4.68, 4.37, 4.41]
['2014-07-03', 4.206, 4.587, 4.206, 4.57]
['2014-07-07', 4.6, 4.6, 4.41, 4.5]
['2014-07-08', 4.37, 4.62, 4.37, 4.39]
['2014-07-09', 4.55, 4.55, 4.43, 4.47]
['2014-07-10', 4.29, 4.29, 4.29, 4.29]
['2014-07-11', 4.31, 4.31, 4.31, 4.31]
['2014-07-14', 4.43, 4.43, 4.36, 4.36]
['2014-07-15', 4.15, 4.33, 4.141, 4.31]
['2014-07-16', 4.35, 4.41, 4.24, 4.3]
['2014-07-17', 4.3, 4.35, 4.14, 4.27]
['2014-07-18', 4.21, 4.48, 4.18, 4.43]
['2014-07-21', 4.45, 4.46, 4.25, 4.43]
['2014-07-22', 4.41, 4.41, 4.16, 4.24]
['2014-07-23', 4.19, 4.23, 4.02, 4.2]
['2014-07-24', 4.2, 4.21, 4.2, 4.21]
['2014-07-25', 4.2, 4.21, 3.99, 4.01]
['2014-07-28', 4.01, 4.129, 3.92, 4.0]
['2014-07-29', 4.06, 4.3, 3.96, 3.96]
['2014-07-30', 3.99, 4.22, 3.67, 3.73]
['2014-07-31', 3.75, 3.75, 3.54, 3.54]
['2014-08-01', 3.5, 3.68, 3.48, 3.5]
['2014-08-04', 3.49, 3.5, 3.25, 3.4]
['2014-08-05', 3.44, 3.44, 3.3, 3.33]
['2014-08-06', 3.31, 3.347, 3.3, 3.31]
['2014-08-07', 3.22, 3.253, 2.96, 2.96]
['2014-08-08', 2.81, 2.96, 2.77, 2.96]
['2014-08-11', 2.96, 3.025, 2.96, 2.96]
['2014-08-12', 2.95, 2.95, 2.65, 2.95]
['2014-08-13', 2.94, 3.0, 2.8, 3.0]
['2014-08-14', 3.0, 3.0, 2.83, 2.86]
['2014-08-15', 2.891, 2.99, 2.88, 2.95]
['2014-08-18', 2.91, 2.95, 2.9, 2.9]
['2014-08-19', 3.0, 3.0, 2.81, 2.83]
['2014-08-20', 2.97, 2.97, 2.78, 2.83]
['2014-08-21', 2.82, 2.88, 2.82, 2.85]
['2014-08-22', 2.82, 2.83, 2.681, 2.83]
['2014-08-25', 2.87, 2.87, 2.87, 2.87]
['2014-08-26', 2.88, 2.88, 2.76, 2.85]
['2014-08-27', 2.839, 2.85, 2.81, 2.85]
['2014-08-28', 2.76, 2.83, 2.76, 2.77]
['2014-08-29', 2.81, 2.81, 2.67, 2.8]
['2014-09-02', 2.84, 2.84, 2.68, 2.8]
['2014-09-03', 2.7, 2.701, 2.67, 2.67]
['2014-09-04', 2.72, 2.82, 2.72, 2.82]
['2014-09-05', 2.84, 3.34, 2.58, 3.081]
['2014-09-08', 3.1, 3.58, 3.1, 3.41]
['2014-09-09', 3.45, 5.24, 3.26, 3.71]
['2014-09-10', 3.97, 3.98, 3.45, 3.54]
['2014-09-11', 3.5, 3.5, 3.25, 3.31]
['2014-09-12', 3.32, 3.43, 3.31, 3.35]
['2014-09-15', 3.336, 3.38, 3.08, 3.22]
['2014-09-16', 3.22, 3.34, 3.22, 3.31]
['2014-09-17', 3.25, 3.58, 3.25, 3.5]
['2014-09-18', 3.49, 3.5, 3.4, 3.43]
['2014-09-19', 3.46, 3.59, 3.4, 3.4]
['2014-09-22', 3.44, 3.495, 3.31, 3.4]
['2014-09-23', 3.42, 3.42, 3.4, 3.4]
['2014-09-24', 3.49, 3.88, 3.42, 3.589]
['2014-09-25', 3.69, 3.74, 3.44, 3.6]
['2014-09-26', 3.6, 3.67, 3.45, 3.67]
['2014-09-29', 3.46, 3.6, 3.35, 3.6]
['2014-09-30', 3.38, 3.574, 3.38, 3.45]
['2014-10-01', 3.36, 3.49, 3.36, 3.49]
['2014-10-02', 3.67, 3.67, 3.587, 3.587]
['2014-10-03', 3.45, 3.552, 3.45, 3.549]
['2014-10-06', 3.549, 3.549, 3.549, 3.549]
['2014-10-07', 3.515, 3.515, 3.41, 3.45]
['2014-10-08', 3.44, 3.45, 3.38, 3.39]
['2014-10-09', 3.39, 3.443, 3.38, 3.38]
['2014-10-10', 3.33, 3.33, 3.25, 3.265]
['2014-10-13', 3.25, 3.29, 3.22, 3.22]
['2014-10-14', 3.21, 3.25, 3.21, 3.25]
['2014-10-15', 3.204, 3.204, 3.204, 3.204]
['2014-10-16', 3.18, 3.29, 3.18, 3.23]
['2014-10-17', 3.2, 3.24, 3.2, 3.24]
['2014-10-20', 3.28, 3.29, 3.28, 3.29]
['2014-10-21', 3.32, 3.32, 3.32, 3.32]
['2014-10-22', 3.32, 3.32, 3.32, 3.32]
['2014-10-23', 3.383, 3.383, 3.383, 3.383]
['2014-10-24', 3.38, 3.45, 3.35, 3.45]
['2014-10-27', 3.45, 3.45, 3.45, 3.45]
['2014-10-28', 3.42, 3.47, 3.42, 3.421]
['2014-10-29', 3.421, 3.421, 3.421, 3.421]
['2014-10-30', 3.45, 3.46, 3.45, 3.46]
['2014-10-31', 3.52, 3.56, 3.52, 3.56]
['2014-11-03', 3.77, 3.78, 3.715, 3.78]
['2014-11-04', 3.83, 3.998, 3.83, 3.998]
['2014-11-05', 3.89, 4.24, 3.89, 4.16]
['2014-11-06', 4.05, 4.2, 3.81, 3.96]
['2014-11-07', 3.86, 3.92, 3.86, 3.87]
['2014-11-10', 3.86, 3.86, 3.729, 3.762]
['2014-11-11', 3.75, 3.76, 3.73, 3.76]
['2014-11-12', 3.76, 4.37, 3.76, 3.9]
['2014-11-13', 3.81, 4.0, 3.81, 3.833]
['2014-11-14', 4.0, 4.15, 3.75, 3.81]
['2014-11-17', 3.89, 3.89, 3.67, 3.67]
['2014-11-18', 3.681, 3.681, 3.68, 3.68]
['2014-11-19', 3.68, 3.8, 3.68, 3.73]
['2014-11-20', 3.81, 3.81, 3.68, 3.68]
['2014-11-21', 3.69, 3.85, 3.69, 3.69]
['2014-11-24', 3.69, 3.69, 3.68, 3.69]
['2014-11-25', 3.69, 3.728, 3.65, 3.728]
['2014-11-26', 3.76, 3.76, 3.76, 3.76]
['2014-11-28', 3.66, 3.677, 3.65, 3.668]
['2014-12-01', 3.66, 3.67, 3.66, 3.67]
['2014-12-02', 3.85, 3.87, 3.66, 3.66]
['2014-12-03', 3.699, 3.7, 3.69, 3.7]
['2014-12-04', 3.67, 3.67, 3.64, 3.65]
['2014-12-05', 3.8, 3.85, 3.65, 3.66]
['2014-12-08', 3.6, 3.73, 3.6, 3.65]
['2014-12-09', 3.58, 3.824, 3.58, 3.62]
['2014-12-10', 3.6, 3.6, 3.6, 3.6]
['2014-12-11', 3.58, 3.7, 3.58, 3.58]
['2014-12-12', 3.66, 3.84, 3.62, 3.62]
['2014-12-15', 3.595, 3.64, 3.5, 3.64]
['2014-12-16', 3.6, 3.6, 3.5, 3.5]
['2014-12-17', 3.53, 3.53, 3.53, 3.53]
['2014-12-18', 3.55, 3.564, 3.55, 3.558]
['2014-12-19', 3.51, 3.59, 3.51, 3.59]
['2014-12-22', 3.51, 3.522, 3.5, 3.522]
['2014-12-23', 3.54, 3.54, 3.5, 3.5]
['2014-12-24', 3.46, 3.46, 3.46, 3.46]
['2014-12-26', 3.46, 3.47, 3.46, 3.47]
['2014-12-29', 3.47, 3.478, 3.46, 3.46]
['2014-12-30', 3.5, 3.5, 3.5, 3.5]
['2014-12-31', 3.5, 3.56, 3.5, 3.56]
['2015-01-02', 3.51, 3.6, 3.51, 3.6]
['2015-01-05', 3.55, 3.56, 3.55, 3.56]
['2015-01-06', 3.52, 3.528, 3.52, 3.52]
['2015-01-07', 3.54, 3.54, 3.52, 3.53]
['2015-01-08', 3.52, 3.6, 3.52, 3.53]
['2015-01-09', 3.53, 3.53, 3.5, 3.52]
['2015-01-12', 3.52, 3.525, 3.52, 3.525]
['2015-01-13', 3.525, 3.525, 3.525, 3.525]
['2015-01-14', 3.5, 3.5, 3.19, 3.2]
['2015-01-15', 3.2, 3.2, 3.2, 3.2]
['2015-01-16', 3.28, 3.28, 3.28, 3.28]
['2015-01-20', 3.27, 3.27, 3.25, 3.25]
['2015-01-21', 3.29, 3.5, 3.22, 3.35]
['2015-01-22', 3.38, 3.78, 3.38, 3.59]
['2015-01-23', 3.57, 3.57, 3.261, 3.47]
['2015-01-26', 3.67, 3.67, 3.32, 3.46]
['2015-01-27', 3.46, 3.46, 3.46, 3.46]
['2015-01-28', 3.29, 3.32, 3.24, 3.3]
['2015-01-29', 3.48, 3.48, 3.33, 3.37]
['2015-01-30', 3.27, 3.41, 3.21, 3.4]
['2015-02-02', 3.32, 3.46, 3.25, 3.42]
['2015-02-03', 3.409, 3.66, 3.25, 3.62]
['2015-02-04', 3.68, 3.73, 3.45, 3.47]
['2015-02-05', 3.47, 3.47, 3.45, 3.45]
['2015-02-06', 3.45, 3.45, 3.45, 3.45]
['2015-02-09', 3.31, 3.31, 3.31, 3.31]
['2015-02-10', 3.27, 3.342, 3.25, 3.342]
['2015-02-11', 3.45, 3.66, 3.3, 3.3]
['2015-02-12', 3.35, 3.46, 3.35, 3.46]
['2015-02-13', 3.46, 3.46, 3.46, 3.46]
['2015-02-17', 3.43, 3.435, 3.4, 3.4]
['2015-02-18', 3.15, 3.15, 3.15, 3.15]
['2015-02-19', 3.15, 3.55, 3.15, 3.55]
['2015-02-20', 3.27, 3.27, 3.27, 3.27]
['2015-02-23', 3.12, 3.2, 3.12, 3.2]
['2015-02-24', 3.2, 3.484, 3.161, 3.19]
['2015-02-25', 3.22, 3.22, 3.22, 3.22]
['2015-02-26', 3.18, 3.31, 3.18, 3.3]
['2015-02-27', 3.2, 3.301, 3.2, 3.3]
['2015-03-02', 3.28, 3.33, 3.18, 3.26]
['2015-03-03', 3.3, 3.35, 3.203, 3.25]
['2015-03-04', 3.3, 3.57, 3.22, 3.4]
['2015-03-05', 3.39, 3.53, 3.39, 3.42]
['2015-03-06', 3.32, 3.403, 3.26, 3.26]
['2015-03-09', 3.27, 3.27, 3.27, 3.27]
['2015-03-10', 3.27, 3.27, 3.27, 3.27]
['2015-03-11', 3.27, 3.4, 3.27, 3.28]
['2015-03-12', 3.28, 3.28, 3.28, 3.28]
['2015-03-13', 3.28, 3.28, 3.28, 3.28]
['2015-03-16', 3.28, 3.35, 3.11, 3.15]
['2015-03-17', 3.24, 3.24, 2.91, 3.02]
['2015-03-18', 3.01, 3.15, 2.55, 2.96]
['2015-03-19', 3.0, 3.0, 2.66, 2.75]
['2015-03-20', 2.85, 2.85, 2.75, 2.79]
['2015-03-23', 2.65, 2.79, 2.63, 2.71]
['2015-03-24', 2.55, 3.0, 2.55, 2.8]
['2015-03-25', 2.85, 2.9, 2.66, 2.87]
['2015-03-26', 3.02, 3.02, 2.95, 2.95]
['2015-03-27', 2.36, 2.98, 2.36, 2.78]
['2015-03-30', 2.928, 2.928, 2.928, 2.928]
['2015-03-31', 2.78, 2.968, 2.78, 2.82]
['2015-04-01', 2.99, 2.99, 2.77, 2.86]
['2015-04-02', 2.85, 2.85, 2.79, 2.79]
['2015-04-06', 2.89, 2.89, 2.89, 2.89]
['2015-04-07', 2.79, 2.79, 2.79, 2.79]
['2015-04-08', 2.783, 2.823, 2.77, 2.823]
['2015-04-09', 2.791, 2.804, 2.791, 2.8]
['2015-04-10', 2.78, 2.83, 2.78, 2.81]
['2015-04-13', 2.78, 2.78, 2.77, 2.77]
['2015-04-14', 2.771, 2.85, 2.771, 2.85]
['2015-04-15', 2.83, 2.9, 2.77, 2.857]
['2015-04-16', 2.78, 2.82, 2.78, 2.79]
['2015-04-17', 2.75, 2.81, 2.75, 2.76]
['2015-04-20', 2.76, 2.76, 2.76, 2.76]
['2015-04-21', 2.76, 2.76, 2.76, 2.76]
['2015-04-22', 2.76, 2.76, 2.76, 2.76]
['2015-04-23', 2.78, 2.79, 2.32, 2.55]
['2015-04-24', 2.55, 2.55, 2.55, 2.55]
['2015-04-27', 2.331, 2.5, 2.331, 2.4]
['2015-04-28', 2.39, 2.39, 2.33, 2.35]
['2015-04-29', 2.34, 2.37, 2.34, 2.37]
['2015-04-30', 2.37, 2.39, 2.37, 2.39]
['2015-05-01', 2.39, 2.39, 2.37, 2.39]
['2015-05-04', 2.57, 3.34, 2.57, 3.24]
['2015-05-05', 3.33, 3.914, 3.12, 3.37]
['2015-05-06', 3.39, 3.77, 3.24, 3.41]
['2015-05-07', 3.42, 3.671, 3.42, 3.533]
['2015-05-08', 3.53, 3.69, 3.19, 3.42]
['2015-05-11', 3.39, 3.39, 3.39, 3.39]
['2015-05-12', 3.36, 3.36, 3.36, 3.36]
['2015-05-13', 3.202, 3.23, 3.14, 3.17]
['2015-05-14', 3.08, 3.29, 2.82, 3.24]
['2015-05-15', 3.24, 3.24, 3.24, 3.24]
['2015-05-18', 3.5, 3.5, 3.5, 3.5]
['2015-05-19', 3.15, 3.613, 3.06, 3.613]
['2015-05-20', 3.33, 3.404, 3.12, 3.33]
['2015-05-21', 3.5, 3.5, 3.2, 3.2]
['2015-05-22', 3.2, 3.2, 3.2, 3.2]
['2015-05-26', 3.38, 3.4, 3.198, 3.198]
['2015-05-27', 3.29, 3.43, 3.28, 3.29]
['2015-05-28', 3.3, 3.42, 3.3, 3.42]
['2015-05-29', 3.42, 3.42, 3.42, 3.42]
['2015-06-01', 3.32, 3.32, 3.32, 3.32]
['2015-06-02', 3.32, 3.32, 3.32, 3.32]
['2015-06-03', 3.28, 3.28, 3.24, 3.24]
['2015-06-04', 3.47, 3.47, 3.19, 3.19]
['2015-06-05', 3.19, 3.19, 3.19, 3.19]
['2015-06-08', 3.2, 3.31, 3.16, 3.16]
['2015-06-09', 3.25, 3.25, 3.25, 3.25]
['2015-06-10', 3.25, 3.25, 3.25, 3.25]
['2015-06-11', 3.2, 3.25, 3.13, 3.17]
['2015-06-12', 3.15, 3.15, 3.04, 3.04]
['2015-06-15', 3.02, 3.2, 3.02, 3.16]
['2015-06-16', 3.02, 3.104, 3.01, 3.104]
['2015-06-17', 3.104, 3.104, 3.104, 3.104]
['2015-06-18', 3.11, 3.47, 3.11, 3.3]
['2015-06-19', 3.02, 3.02, 3.0, 3.0]
['2015-06-22', 3.11, 3.15, 3.11, 3.15]
['2015-06-23', 3.14, 3.14, 3.14, 3.14]
['2015-06-24', 3.14, 3.14, 3.14, 3.14]
['2015-06-25', 3.14, 3.14, 3.14, 3.14]
['2015-06-26', 3.14, 3.14, 3.14, 3.14]
['2015-06-29', 3.0, 3.05, 3.0, 3.05]
['2015-06-30', 3.08, 3.09, 3.08, 3.08]
['2015-07-01', 3.08, 3.16, 2.95, 3.01]
['2015-07-02', 2.96, 3.12, 2.87, 2.87]
['2015-07-06', 2.83, 3.164, 2.83, 2.99]
['2015-07-07', 2.99, 2.99, 2.99, 2.99]
['2015-07-08', 2.99, 2.99, 2.81, 2.93]
['2015-07-09', 2.88, 2.955, 2.78, 2.92]
['2015-07-10', 2.79, 2.908, 2.79, 2.87]
['2015-07-13', 2.99, 3.05, 2.96, 2.96]
['2015-07-14', 2.96, 2.96, 2.96, 2.96]
['2015-07-15', 2.98, 2.99, 2.96, 2.99]
['2015-07-16', 2.99, 2.99, 2.99, 2.99]
['2015-07-17', 2.99, 2.99, 2.99, 2.99]
['2015-07-20', 3.01, 3.05, 3.01, 3.05]
['2015-07-21', 3.05, 3.05, 3.05, 3.05]
['2015-07-22', 3.01, 3.02, 3.0, 3.0]
['2015-07-23', 3.0, 3.0, 3.0, 3.0]
['2015-07-24', 2.96, 2.97, 2.96, 2.96]
['2015-07-27', 3.02, 3.02, 3.02, 3.02]
['2015-07-28', 3.0, 3.0, 2.97, 2.97]
['2015-07-29', 2.97, 2.97, 2.97, 2.97]
['2015-07-30', 2.97, 2.97, 2.97, 2.97]
['2015-07-31', 2.97, 2.97, 2.97, 2.97]
['2015-08-03', 2.97, 2.97, 2.97, 2.97]
['2015-08-04', 2.97, 2.97, 2.97, 2.97]
['2015-08-05', 2.98, 3.0, 2.98, 2.98]
['2015-08-06', 2.98, 2.98, 2.98, 2.98]
['2015-08-07', 2.98, 2.98, 2.98, 2.98]
['2015-08-10', 2.98, 2.98, 2.98, 2.98]
['2015-08-11', 2.98, 2.98, 2.98, 2.98]
['2015-08-12', 2.98, 2.98, 2.98, 2.98]
['2015-08-13', 2.98, 2.98, 2.98, 2.98]
['2015-08-14', 2.98, 2.98, 2.98, 2.98]
['2015-08-17', 2.8, 2.82, 2.8, 2.81]
['2015-08-18', 2.76, 2.76, 2.76, 2.76]
['2015-08-19', 2.76, 2.76, 2.76, 2.76]
['2015-08-20', 2.76, 2.76, 2.76, 2.76]
['2015-08-21', 2.8, 2.8, 2.5, 2.5]
['2015-08-24', 2.5, 2.5, 2.5, 2.5]
['2015-08-25', 1.92, 2.13, 1.92, 2.13]
['2015-08-26', 2.25, 2.25, 2.2, 2.2]
['2015-08-27', 2.232, 2.232, 2.2, 2.2]
['2015-08-28', 2.2, 2.5, 2.2, 2.21]
['2015-08-31', 2.18, 2.32, 2.18, 2.21]
['2015-09-01', 2.21, 2.34, 2.21, 2.34]
['2015-09-02', 2.45, 2.98, 2.3, 2.41]
['2015-09-03', 2.41, 2.54, 2.41, 2.54]
['2015-09-04', 2.51, 2.55, 2.51, 2.55]
['2015-09-08', 2.76, 2.76, 2.22, 2.5]
['2015-09-09', 3.49, 3.49, 2.7, 2.9]
['2015-09-10', 2.9, 2.99, 2.74, 2.74]
['2015-09-11', 2.84, 2.9, 2.84, 2.85]
['2015-09-14', 2.9, 2.9, 2.9, 2.9]
['2015-09-15', 2.957, 3.06, 2.6, 2.822]
['2015-09-16', 3.0, 3.19, 2.73, 2.73]
['2015-09-17', 2.77, 2.77, 2.64, 2.64]
['2015-09-18', 2.631, 2.66, 2.631, 2.66]
['2015-09-21', 2.66, 2.66, 2.66, 2.66]
['2015-09-22', 2.75, 2.99, 2.73, 2.99]
['2015-09-23', 2.85, 2.85, 2.85, 2.85]
['2015-09-24', 2.85, 2.85, 2.85, 2.85]
['2015-09-25', 2.69, 2.768, 2.67, 2.768]
['2015-09-28', 2.68, 2.68, 2.658, 2.658]
['2015-09-29', 2.63, 2.63, 2.62, 2.62]
['2015-09-30', 2.62, 2.62, 2.62, 2.62]
['2015-10-01', 2.62, 2.62, 2.62, 2.62]
['2015-10-02', 2.62, 2.62, 2.62, 2.62]
['2015-10-05', 2.62, 2.62, 2.62, 2.62]
['2015-10-06', 2.62, 2.62, 2.62, 2.62]
['2015-10-07', 2.62, 2.64, 2.62, 2.64]
['2015-10-08', 2.64, 2.64, 2.64, 2.64]
['2015-10-09', 2.77, 2.77, 2.652, 2.652]
['2015-10-12', 2.652, 2.652, 2.652, 2.652]
['2015-10-13', 2.4, 2.4, 2.4, 2.4]
['2015-10-14', 2.5, 2.5, 2.5, 2.5]
['2015-10-15', 2.45, 2.45, 2.4, 2.4]
['2015-10-16', 2.395, 2.4, 2.39, 2.4]
['2015-10-19', 2.4, 2.45, 2.39, 2.45]
['2015-10-20', 2.5, 2.5, 2.5, 2.5]
['2015-10-21', 2.5, 2.5, 2.5, 2.5]
['2015-10-22', 2.5, 2.5, 2.5, 2.5]
['2015-10-23', 2.5, 2.5, 2.5, 2.5]
['2015-10-26', 2.4, 2.4, 2.2, 2.25]
['2015-10-27', 2.25, 2.25, 2.25, 2.25]
['2015-10-28', 2.18, 2.39, 2.18, 2.31]
['2015-10-29', 2.26, 2.26, 2.26, 2.26]
['2015-10-30', 2.26, 2.26, 2.26, 2.26]
['2015-11-02', 2.3, 2.3, 2.298, 2.3]
['2015-11-03', 2.3, 2.3, 2.3, 2.3]
['2015-11-04', 2.26, 2.305, 2.26, 2.26]
['2015-11-05', 2.33, 2.33, 2.33, 2.33]
['2015-11-06', 2.33, 2.33, 2.33, 2.33]
['2015-11-09', 2.2, 2.2, 2.12, 2.13]
['2015-11-10', 2.1, 2.13, 2.1, 2.1]
['2015-11-11', 2.08, 2.13, 2.077, 2.13]
['2015-11-12', 2.13, 2.13, 2.13, 2.13]
['2015-11-13', 2.02, 2.02, 2.02, 2.02]
['2015-11-16', 2.35, 2.39, 2.086, 2.086]
['2015-11-17', 2.3, 2.3, 1.9, 1.92]
['2015-11-18', 2.15, 2.45, 2.1, 2.21]
['2015-11-19', 2.05, 2.24, 1.61, 2.15]
['2015-11-20', 2.08, 2.08, 2.08, 2.08]
['2015-11-23', 2.08, 2.08, 2.08, 2.08]
['2015-11-24', 2.02, 2.41, 2.02, 2.13]
['2015-11-25', 2.39, 2.39, 2.066, 2.08]
['2015-11-27', 2.37, 2.37, 2.186, 2.186]
['2015-11-30', 2.128, 2.128, 2.128, 2.128]
['2015-12-01', 2.128, 2.128, 2.128, 2.128]
['2015-12-02', 2.21, 2.22, 2.075, 2.075]
['2015-12-03', 2.1, 2.1, 2.09, 2.09]
['2015-12-04', 2.04, 2.1, 2.04, 2.08]
['2015-12-07', 2.0, 2.0, 2.0, 2.0]
['2015-12-08', 2.08, 2.1, 1.98, 2.0]
['2015-12-09', 2.0, 2.0, 1.984, 1.984]
['2015-12-10', 2.1, 2.12, 2.08, 2.12]
['2015-12-11', 2.15, 2.16, 2.12, 2.12]
['2015-12-14', 2.1, 2.1, 2.01, 2.06]
['2015-12-15', 2.14, 2.14, 2.14, 2.14]
['2015-12-16', 2.14, 2.14, 2.14, 2.14]
['2015-12-17', 2.082, 2.082, 2.082, 2.082]
['2015-12-18', 2.1, 2.1, 2.1, 2.1]
['2015-12-21', 1.92, 2.034, 1.91, 2.034]
['2015-12-22', 2.034, 2.034, 2.034, 2.034]
['2015-12-23', 2.1, 2.11, 1.91, 1.97]
['2015-12-24', 1.97, 1.97, 1.97, 1.97]
['2015-12-28', 1.97, 1.97, 1.97, 1.97]
['2015-12-29', 1.97, 1.97, 1.9, 1.9]
['2015-12-30', 1.85, 2.0, 1.85, 2.0]
['2015-12-31', 2.09, 2.115, 2.09, 2.1]
['2016-01-04', 2.1, 2.1, 2.1, 2.1]
['2016-01-05', 2.1, 2.1, 2.1, 2.1]
['2016-01-06', 2.0, 2.0, 2.0, 2.0]
['2016-01-07', 2.0, 2.0, 1.76, 1.822]
['2016-01-08', 2.0, 2.0, 1.72, 1.823]
['2016-01-11', 1.823, 1.823, 1.823, 1.823]
['2016-01-12', 1.918, 1.918, 1.918, 1.918]
['2016-01-13', 1.98, 1.98, 1.98, 1.98]
['2016-01-14', 1.98, 1.98, 1.98, 1.98]
['2016-01-15', 1.99, 1.99, 1.99, 1.99]
['2016-01-19', 1.51, 1.72, 1.51, 1.66]
['2016-01-20', 1.576, 1.576, 1.576, 1.576]
['2016-01-21', 1.576, 1.576, 1.576, 1.576]
['2016-01-22', 1.6, 1.88, 1.57, 1.76]
['2016-01-25', 1.82, 1.85, 1.54, 1.778]
['2016-01-26', 1.66, 1.73, 1.66, 1.71]
['2016-01-27', 1.62, 1.705, 1.62, 1.705]
['2016-01-28', 1.8, 1.829, 1.8, 1.81]
['2016-01-29', 1.95, 2.0, 1.73, 1.99]
['2016-02-01', 1.95, 1.95, 1.95, 1.95]
['2016-02-02', 2.0, 2.0, 2.0, 2.0]
['2016-02-03', 2.0, 2.0, 2.0, 2.0]
['2016-02-04', 1.965, 1.965, 1.965, 1.965]
['2016-02-05', 1.965, 1.965, 1.965, 1.965]
['2016-02-08', 1.965, 1.965, 1.965, 1.965]
['2016-02-09', 1.965, 1.965, 1.965, 1.965]
['2016-02-10', 1.965, 1.965, 1.965, 1.965]
['2016-02-11', 1.965, 1.965, 1.965, 1.965]
['2016-02-12', 1.965, 1.965, 1.965, 1.965]
['2016-02-16', 1.965, 1.965, 1.965, 1.965]
['2016-02-17', 1.965, 1.965, 1.965, 1.965]
['2016-02-18', 1.7, 1.99, 1.7, 1.99]
['2016-02-19', 2.03, 2.41, 2.03, 2.23]
['2016-02-22', 2.31, 2.31, 2.15, 2.31]
['2016-02-23', 2.31, 2.31, 2.31, 2.31]
['2016-02-24', 2.08, 2.24, 2.08, 2.24]
['2016-02-25', 2.12, 2.16, 2.08, 2.16]
['2016-02-26', 2.06, 2.16, 2.06, 2.16]
['2016-02-29', 2.0, 2.06, 2.0, 2.0]
['2016-03-01', 2.0, 2.09, 2.0, 2.09]
['2016-03-02', 2.07, 2.07, 2.07, 2.07]
['2016-03-03', 1.82, 2.08, 1.81, 2.06]
['2016-03-04', 2.03, 2.03, 2.03, 2.03]
['2016-03-07', 2.086, 2.1, 2.086, 2.09]
['2016-03-08', 1.98, 2.059, 1.928, 2.059]
['2016-03-09', 2.116, 2.16, 2.056, 2.056]
['2016-03-10', 2.05, 2.16, 1.98, 2.135]
['2016-03-11', 2.135, 2.135, 2.135, 2.135]
['2016-03-14', 2.05, 2.08, 2.05, 2.08]
['2016-03-15', 1.82, 2.07, 1.82, 2.064]
['2016-03-16', 2.05, 2.05, 2.001, 2.001]
['2016-03-17', 2.05, 2.08, 2.0, 2.05]
['2016-03-18', 2.05, 2.05, 2.05, 2.05]
['2016-03-21', 2.052, 2.12, 2.051, 2.09]
['2016-03-22', 2.08, 2.092, 2.04, 2.04]
['2016-03-23', 2.04, 2.04, 2.04, 2.04]
['2016-03-24', 2.04, 2.04, 2.04, 2.04]
['2016-03-28', 2.03, 2.03, 2.026, 2.03]
['2016-03-29', 2.031, 2.06, 2.03, 2.03]
['2016-03-30', 2.03, 2.031, 2.03, 2.03]
['2016-03-31', 2.03, 2.09, 2.0, 2.0]
['2016-04-01', 2.0, 2.0, 2.0, 2.0]
['2016-04-04', 1.83, 2.0, 1.83, 2.0]
['2016-04-05', 2.0, 2.0, 2.0, 2.0]
['2016-04-06', 2.0, 2.0, 2.0, 2.0]
['2016-04-07', 2.0, 2.0, 2.0, 2.0]
['2016-04-08', 1.87, 1.87, 1.87, 1.87]
['2016-04-11', 1.87, 1.87, 1.87, 1.87]
['2016-04-12', 1.85, 1.87, 1.85, 1.85]
['2016-04-13', 1.91, 1.94, 1.65, 1.75]
['2016-04-14', 1.749, 2.11, 1.742, 2.059]
['2016-04-15', 2.099, 2.8, 2.099, 2.12]
['2016-04-18', 2.37, 2.49, 2.2, 2.29]
['2016-04-19', 2.13, 2.2, 2.13, 2.16]
['2016-04-20', 2.16, 2.16, 2.16, 2.16]
['2016-04-21', 2.12, 2.16, 2.12, 2.16]
['2016-04-22', 2.15, 2.15, 2.12, 2.12]
['2016-04-25', 2.12, 2.12, 2.12, 2.12]
['2016-04-26', 2.1, 2.15, 2.1, 2.15]
['2016-04-27', 2.1, 2.15, 2.08, 2.12]
['2016-04-28', 2.08, 2.15, 2.08, 2.15]
['2016-04-29', 2.133, 2.133, 2.133, 2.133]
['2016-05-02', 2.1, 2.1, 2.08, 2.08]
['2016-05-03', 2.1, 2.16, 2.08, 2.132]
['2016-05-04', 2.16, 2.16, 2.16, 2.16]
['2016-05-05', 2.136, 2.136, 2.136, 2.136]
['2016-05-06', 2.112, 2.16, 2.111, 2.16]
['2016-05-09', 2.15, 2.15, 2.15, 2.15]
['2016-05-10', 2.152, 2.152, 2.15, 2.15]
['2016-05-11', 2.15, 2.15, 2.15, 2.15]
['2016-05-12', 2.15, 2.15, 2.15, 2.15]
['2016-05-13', 2.145, 2.15, 2.145, 2.15]
['2016-05-16', 2.15, 2.15, 2.09, 2.09]
['2016-05-17', 2.1, 2.1, 2.07, 2.07]
['2016-05-18', 2.07, 2.07, 2.07, 2.07]
['2016-05-19', 2.08, 2.09, 2.08, 2.09]
['2016-05-20', 2.11, 2.11, 2.07, 2.09]
['2016-05-23', 2.09, 2.09, 2.09, 2.09]
['2016-05-24', 2.09, 2.09, 2.09, 2.09]
['2016-05-25', 1.98, 1.98, 1.98, 1.98]
['2016-05-26', 1.98, 1.99, 1.98, 1.98]
['2016-05-27', 1.96, 1.96, 1.96, 1.96]
['2016-05-31', 1.96, 1.96, 1.96, 1.96]
['2016-06-01', 1.987, 1.987, 1.987, 1.987]
['2016-06-02', 2.01, 2.01, 2.01, 2.01]
['2016-06-03', 2.01, 2.01, 2.01, 2.01]
['2016-06-06', 2.01, 2.01, 2.01, 2.01]
['2016-06-07', 1.99, 2.0, 1.91, 1.91]
['2016-06-08', 1.91, 1.91, 1.91, 1.91]
['2016-06-09', 1.815, 1.884, 1.815, 1.884]
['2016-06-10', 1.884, 1.884, 1.884, 1.884]
['2016-06-13', 1.884, 1.884, 1.884, 1.884]
['2016-06-14', 1.884, 1.884, 1.884, 1.884]
['2016-06-15', 1.884, 1.884, 1.884, 1.884]
['2016-06-16', 1.884, 1.884, 1.884, 1.884]
['2016-06-17', 1.884, 1.884, 1.884, 1.884]
['2016-06-20', 1.75, 1.75, 1.75, 1.75]
['2016-06-21', 1.61, 1.61, 1.61, 1.61]
['2016-06-22', 1.61, 1.61, 1.61, 1.61]
['2016-06-23', 1.61, 1.61, 1.61, 1.61]
['2016-06-24', 1.84, 2.11, 1.68, 2.047]
['2016-06-27', 2.15, 2.22, 2.085, 2.2]
['2016-06-28', 2.28, 2.28, 1.856, 1.856]
['2016-06-29', 2.181, 2.181, 2.181, 2.181]
['2016-06-30', 2.26, 2.26, 1.9, 2.24]
['2016-07-01', 1.9, 2.004, 1.9, 2.004]
['2016-07-05', 2.1, 2.1, 1.89, 2.0]
['2016-07-06', 2.0, 2.0, 2.0, 2.0]
['2016-07-07', 1.979, 1.979, 1.979, 1.979]
['2016-07-08', 1.979, 1.979, 1.979, 1.979]
['2016-07-11', 1.933, 2.017, 1.933, 2.017]
['2016-07-12', 2.017, 2.017, 2.017, 2.017]
['2016-07-13', 1.89, 1.99, 1.89, 1.99]
['2016-07-14', 2.1, 2.1, 2.1, 2.1]
['2016-07-15', 2.091, 2.1, 2.091, 2.1]
['2016-07-18', 2.08, 2.58, 2.08, 2.199]
['2016-07-19', 2.029, 2.23, 1.65, 1.85]
['2016-07-20', 1.88, 1.93, 1.77, 1.78]
['2016-07-21', 1.83, 1.83, 1.796, 1.796]
['2016-07-22', 1.87, 2.02, 1.85, 2.02]
['2016-07-25', 2.02, 2.02, 2.02, 2.02]
['2016-07-26', 1.91, 1.91, 1.86, 1.906]
['2016-07-27', 1.89, 1.91, 1.89, 1.89]
['2016-07-28', 1.89, 1.89, 1.89, 1.89]
['2016-07-29', 1.78, 1.93, 1.68, 1.7]
['2016-08-01', 1.78, 2.02, 1.78, 1.98]
['2016-08-02', 1.98, 2.0, 1.82, 1.99]
['2016-08-03', 2.0, 2.2, 1.99, 2.12]
['2016-08-04', 2.19, 2.19, 2.027, 2.072]
['2016-08-05', 2.17, 2.39, 2.01, 2.18]
['2016-08-08', 2.15, 2.3, 1.98, 1.98]
['2016-08-09', 2.02, 2.2, 1.976, 2.1]
['2016-08-10', 1.96, 2.2, 1.84, 1.85]
['2016-08-11', 1.92, 2.28, 1.9, 2.0]
['2016-08-12', 1.83, 1.9, 1.83, 1.84]
['2016-08-15', 1.87, 2.05, 1.87, 2.04]
['2016-08-16', 1.88, 2.1, 1.84, 1.86]
['2016-08-17', 1.91, 1.91, 1.91, 1.91]
['2016-08-18', 1.99, 1.99, 1.885, 1.89]
['2016-08-19', 1.86, 1.91, 1.86, 1.862]
['2016-08-22', 1.89, 1.89, 1.89, 1.89]
['2016-08-23', 1.9, 1.91, 1.75, 1.77]
['2016-08-24', 1.92, 1.92, 1.76, 1.77]
['2016-08-25', 1.81, 1.9, 1.76, 1.9]
['2016-08-26', 1.9, 1.9, 1.9, 1.9]
['2016-08-29', 1.78, 1.816, 1.68, 1.68]
['2016-08-30', 1.78, 1.78, 1.71, 1.75]
['2016-08-31', 1.75, 1.87, 1.75, 1.81]
['2016-09-01', 1.68, 1.8, 1.68, 1.8]
['2016-09-02', 1.7, 1.92, 1.7, 1.91]
['2016-09-06', 1.74, 1.9, 1.74, 1.82]
['2016-09-07', 1.786, 1.88, 1.78, 1.78]
['2016-09-08', 1.72, 1.72, 1.72, 1.72]
['2016-09-09', 1.74, 1.828, 1.71, 1.77]
['2016-09-12', 1.8, 1.84, 1.8, 1.84]
['2016-09-13', 1.75, 1.75, 1.75, 1.75]
['2016-09-14', 1.88, 1.88, 1.668, 1.74]
['2016-09-15', 1.74, 1.74, 1.74, 1.74]
['2016-09-16', 1.85, 1.85, 1.85, 1.85]
['2016-09-19', 1.69, 1.7, 1.6, 1.67]
['2016-09-20', 1.64, 1.64, 1.57, 1.63]
['2016-09-21', 1.62, 1.69, 1.62, 1.69]
['2016-09-22', 1.64, 1.65, 1.599, 1.63]
['2016-09-23', 1.7, 1.74, 1.7, 1.74]
['2016-09-26', 1.68, 1.68, 1.6, 1.6]
['2016-09-27', 1.68, 1.68, 1.615, 1.62]
['2016-09-28', 1.68, 1.68, 1.66, 1.66]
['2016-09-29', 1.7, 1.7, 1.66, 1.67]
['2016-09-30', 1.67, 1.67, 1.67, 1.67]
['2016-10-03', 1.7, 1.7, 1.69, 1.7]
['2016-10-04', 1.74, 1.75, 1.683, 1.69]
['2016-10-05', 1.681, 1.715, 1.61, 1.62]
['2016-10-06', 1.6, 1.66, 1.55, 1.55]
['2016-10-07', 1.56, 1.65, 1.54, 1.65]
['2016-10-10', 1.638, 1.639, 1.53, 1.61]
['2016-10-11', 1.65, 1.71, 1.55, 1.55]
['2016-10-12', 1.58, 1.61, 1.57, 1.61]
['2016-10-13', 1.56, 1.57, 1.54, 1.55]
['2016-10-14', 1.54, 1.55, 1.53, 1.55]
['2016-10-17', 1.53, 1.55, 1.51, 1.54]
['2016-10-18', 1.51, 1.539, 1.51, 1.539]
['2016-10-19', 1.51, 1.59, 1.51, 1.55]
['2016-10-20', 1.55, 1.55, 1.535, 1.55]
['2016-10-21', 1.55, 1.58, 1.53, 1.55]
['2016-10-24', 1.549, 1.55, 1.53, 1.54]
['2016-10-25', 1.53, 1.55, 1.53, 1.54]
['2016-10-26', 1.53, 1.55, 1.53, 1.53]
['2016-10-27', 1.53, 1.53, 1.53, 1.53]
['2016-10-28', 1.55, 1.58, 1.55, 1.58]
['2016-10-31', 1.62, 1.89, 1.59, 1.73]
['2016-11-01', 1.69, 1.72, 1.66, 1.72]
['2016-11-02', 1.71, 1.71, 1.68, 1.68]
['2016-11-03', 1.68, 1.68, 1.52, 1.54]
['2016-11-04', 1.539, 1.54, 1.53, 1.54]
['2016-11-07', 1.53, 1.64, 1.53, 1.63]
['2016-11-08', 1.569, 1.63, 1.36, 1.55]
['2016-11-09', 1.54, 1.7, 1.49, 1.59]
['2016-11-10', 1.5, 1.68, 1.49, 1.5]
['2016-11-11', 1.5, 1.5, 1.44, 1.479]
['2016-11-14', 1.5, 1.5, 1.44, 1.44]
['2016-11-15', 1.46, 1.46, 1.45, 1.45]
['2016-11-16', 1.41, 1.41, 1.212, 1.359]
['2016-11-17', 1.33, 1.41, 1.33, 1.38]
['2016-11-18', 1.39, 1.41, 1.339, 1.409]
['2016-11-21', 1.38, 1.38, 1.15, 1.38]
['2016-11-22', 1.378, 1.378, 1.28, 1.341]
['2016-11-23', 1.37, 1.37, 1.301, 1.35]
['2016-11-25', 1.311, 1.35, 1.311, 1.35]
['2016-11-28', 1.35, 1.4, 1.35, 1.383]
['2016-11-29', 1.38, 1.39, 1.35, 1.35]
['2016-11-30', 1.37, 1.46, 1.32, 1.41]
['2016-12-01', 1.37, 1.37, 1.3, 1.31]
['2016-12-02', 1.339, 1.362, 1.33, 1.33]
['2016-12-05', 1.31, 1.36, 1.26, 1.26]
['2016-12-06', 1.24, 1.283, 1.24, 1.24]
['2016-12-07', 1.227, 1.28, 1.227, 1.28]
['2016-12-08', 1.26, 1.3, 1.26, 1.29]
['2016-12-09', 1.35, 1.35, 1.2, 1.25]
['2016-12-12', 1.33, 1.33, 1.27, 1.28]
['2016-12-13', 1.28, 1.3, 1.26, 1.27]
['2016-12-14', 1.28, 1.44, 1.28, 1.35]
['2016-12-15', 1.36, 1.36, 1.32, 1.35]
['2016-12-16', 1.35, 1.35, 1.3, 1.33]
['2016-12-19', 1.31, 1.33, 1.3, 1.3]
['2016-12-20', 1.3, 1.33, 1.28, 1.294]
['2016-12-21', 1.3, 1.31, 1.26, 1.26]
['2016-12-22', 1.26, 1.33, 1.2, 1.27]
['2016-12-23', 1.26, 1.27, 1.2, 1.25]
['2016-12-27', 1.22, 1.23, 1.14, 1.17]
['2016-12-28', 1.58, 1.77, 1.32, 1.32]
['2016-12-29', 1.4, 1.425, 1.33, 1.34]
['2016-12-30', 1.33, 1.365, 1.24, 1.33]
['2017-01-03', 1.37, 1.37, 1.26, 1.28]
['2017-01-04', 1.26, 1.26, 1.15, 1.22]
['2017-01-05', 1.226, 1.46, 1.2, 1.29]
['2017-01-06', 1.305, 1.33, 1.28, 1.32]
['2017-01-09', 1.3, 1.307, 1.259, 1.27]
['2017-01-10', 1.269, 1.29, 1.235, 1.28]
['2017-01-11', 1.34, 1.34, 1.23, 1.27]
['2017-01-12', 1.34, 1.44, 1.16, 1.3]
['2017-01-13', 1.32, 1.38, 1.29, 1.34]
['2017-01-17', 1.33, 1.45, 1.32, 1.35]
['2017-01-18', 1.35, 1.37, 1.33, 1.36]
['2017-01-19', 1.338, 1.38, 1.33, 1.34]
['2017-01-20', 1.33, 1.38, 1.32, 1.33]
['2017-01-23', 1.33, 1.35, 1.314, 1.34]
['2017-01-24', 1.33, 1.42, 1.29, 1.39]
['2017-01-25', 1.42, 1.42, 1.33, 1.375]
['2017-01-26', 1.43, 1.43, 1.385, 1.409]
['2017-01-27', 1.44, 1.44, 1.37, 1.37]
['2017-01-30', 1.37, 1.37, 1.3, 1.3]
['2017-01-31', 1.3, 1.343, 1.26, 1.28]
['2017-02-01', 1.271, 1.32, 1.271, 1.292]
['2017-02-02', 1.27, 1.305, 1.27, 1.305]
['2017-02-03', 1.31, 1.31, 1.26, 1.31]
['2017-02-06', 1.31, 1.31, 1.26, 1.3]
['2017-02-07', 1.26, 1.28, 1.26, 1.27]
['2017-02-08', 1.27, 1.35, 1.18, 1.35]
['2017-02-09', 1.3, 1.35, 1.22, 1.33]
['2017-02-10', 1.32, 1.32, 1.25, 1.3]
['2017-02-13', 1.34, 1.58, 1.23, 1.36]
['2017-02-14', 1.395, 1.395, 1.29, 1.3]
['2017-02-15', 1.35, 1.38, 1.33, 1.37]
['2017-02-16', 1.36, 1.38, 1.36, 1.38]
['2017-02-17', 1.37, 1.38, 1.32, 1.38]
['2017-02-21', 1.37, 1.37, 1.25, 1.28]
['2017-02-22', 1.37, 1.37, 1.29, 1.33]
['2017-02-23', 1.28, 1.34, 1.28, 1.34]
['2017-02-24', 1.34, 1.34, 1.313, 1.313]
['2017-02-27', 1.34, 1.34, 1.22, 1.25]
['2017-02-28', 1.24, 1.33, 1.17, 1.33]
['2017-03-01', 1.28, 1.3, 1.267, 1.3]
['2017-03-02', 1.29, 1.33, 1.24, 1.33]
['2017-03-03', 1.3, 1.37, 1.26, 1.37]
['2017-03-06', 1.3, 1.44, 1.28, 1.31]
['2017-03-07', 1.32, 1.32, 1.18, 1.26]
['2017-03-08', 1.25, 1.28, 1.2, 1.25]
['2017-03-09', 1.25, 1.25, 1.2, 1.22]
['2017-03-10', 1.2, 1.24, 1.2, 1.2]
['2017-03-13', 1.245, 1.245, 1.19, 1.2]
['2017-03-14', 1.195, 1.2, 1.19, 1.2]
['2017-03-15', 1.22, 1.22, 1.19, 1.21]
['2017-03-16', 1.22, 1.287, 1.19, 1.28]
['2017-03-17', 1.28, 1.35, 1.2, 1.31]
['2017-03-20', 1.318, 1.33, 1.31, 1.31]
['2017-03-21', 1.29, 1.29, 1.19, 1.2]
['2017-03-22', 1.2, 1.295, 1.2, 1.26]
['2017-03-23', 1.28, 1.45, 1.26, 1.3]
['2017-03-24', 1.258, 1.34, 1.21, 1.28]
['2017-03-27', 1.28, 1.28, 1.25, 1.26]
['2017-03-28', 1.314, 1.34, 1.21, 1.22]
['2017-03-29', 1.25, 1.25, 1.21, 1.24]
['2017-03-30', 1.31, 1.36, 1.22, 1.28]
['2017-03-31', 1.24, 1.24, 1.111, 1.17]
['2017-04-03', 1.2, 1.25, 1.17, 1.17]
['2017-04-04', 1.17, 1.2, 1.15, 1.16]
['2017-04-05', 1.151, 1.18, 1.15, 1.163]
['2017-04-06', 1.16, 1.19, 1.15, 1.18]
['2017-04-07', 1.195, 1.432, 1.179, 1.3]
['2017-04-10', 1.3, 1.3, 1.19, 1.21]
['2017-04-11', 1.235, 1.27, 1.22, 1.22]
['2017-04-12', 1.23, 1.3, 1.19, 1.19]
['2017-04-13', 1.21, 1.38, 1.21, 1.296]
['2017-04-17', 1.3, 1.3, 1.2, 1.29]
['2017-04-18', 1.25, 1.25, 1.11, 1.19]
['2017-04-19', 1.17, 1.25, 1.17, 1.21]
['2017-04-20', 1.2, 1.29, 1.16, 1.239]
['2017-04-21', 1.22, 1.22, 1.181, 1.2]
['2017-04-24', 1.2, 1.33, 1.2, 1.29]
['2017-04-25', 1.28, 1.3, 1.2, 1.3]
['2017-04-26', 1.25, 1.288, 1.22, 1.25]
['2017-04-27', 1.22, 1.29, 1.2, 1.26]
['2017-04-28', 1.221, 1.241, 1.21, 1.241]
['2017-05-01', 1.3, 1.3, 1.213, 1.22]
['2017-05-02', 1.22, 1.247, 1.2, 1.24]
['2017-05-03', 1.219, 1.24, 1.219, 1.22]
['2017-05-04', 1.2, 1.23, 1.19, 1.22]
['2017-05-05', 1.21, 1.25, 1.2, 1.2]
['2017-05-08', 1.214, 1.219, 1.175, 1.2]
['2017-05-09', 1.2, 1.2, 1.177, 1.18]
['2017-05-10', 1.2, 1.23, 1.2, 1.22]
['2017-05-11', 1.22, 1.24, 1.185, 1.21]
['2017-05-12', 1.209, 1.23, 1.2, 1.215]
['2017-05-15', 1.191, 1.2, 1.185, 1.19]
['2017-05-16', 1.21, 1.21, 1.18, 1.19]
['2017-05-17', 1.17, 1.197, 1.17, 1.18]
['2017-05-18', 1.165, 1.188, 1.165, 1.177]
['2017-05-19', 1.2, 1.2, 1.18, 1.195]
['2017-05-22', 1.2, 1.2, 0.951, 0.989]
['2017-05-23', 1.03, 1.04, 0.999, 1.04]
['2017-05-24', 1.02, 1.05, 1.02, 1.05]
['2017-05-25', 1.06, 1.29, 1.05, 1.14]
['2017-05-26', 1.18, 1.18, 1.06, 1.085]
['2017-05-30', 1.07, 1.14, 1.07, 1.12]
['2017-05-31', 1.11, 1.16, 1.08, 1.16]
['2017-06-01', 1.113, 1.14, 1.1, 1.1]
['2017-06-02', 1.105, 1.25, 1.09, 1.136]
['2017-06-05', 1.12, 1.15, 1.11, 1.145]
['2017-06-06', 1.172, 1.172, 1.12, 1.16]
['2017-06-07', 1.13, 1.139, 1.1, 1.12]
['2017-06-08', 1.138, 1.138, 1.11, 1.12]
['2017-06-09', 1.1, 1.123, 1.08, 1.112]
['2017-06-12', 1.13, 1.14, 1.06, 1.095]
['2017-06-13', 1.09, 1.11, 1.02, 1.1]
['2017-06-14', 1.06, 1.09, 1.06, 1.07]
['2017-06-15', 1.05, 1.07, 1.04, 1.04]
['2017-06-16', 1.06, 1.08, 1.01, 1.01]
['2017-06-19', 1.02, 1.07, 1.02, 1.055]
['2017-06-20', 1.06, 1.09, 1.06, 1.06]
['2017-06-21', 1.067, 1.067, 1.04, 1.04]
['2017-06-22', 1.05, 1.05, 1.03, 1.03]
['2017-06-23', 1.03, 1.049, 1.03, 1.04]
['2017-06-26', 1.04, 1.1, 1.01, 1.03]
['2017-06-27', 1.037, 1.05, 1.03, 1.03]
['2017-06-28', 1.03, 1.14, 1.01, 1.13]
['2017-06-29', 1.08, 1.13, 1.04, 1.08]
['2017-06-30', 1.05, 1.1, 1.01, 1.08]
['2017-07-03', 1.05, 1.1, 1.02, 1.06]
['2017-07-05', 1.05, 1.05, 1.01, 1.03]
['2017-07-06', 1.01, 1.05, 1.01, 1.02]
['2017-07-07', 1.01, 1.05, 1.01, 1.05]
['2017-07-10', 1.05, 1.07, 1.02, 1.07]
['2017-07-11', 1.05, 1.05, 1.01, 1.01]
['2017-07-12', 1.01, 1.03, 1.009, 1.03]
['2017-07-13', 1.03, 1.04, 1.0, 1.03]
['2017-07-14', 1.008, 1.07, 1.007, 1.06]
['2017-07-17', 1.031, 1.031, 1.03, 1.03]
['2017-07-18', 1.04, 1.04, 1.04, 1.04]
['2017-07-19', 1.038, 1.04, 1.0, 1.013]
['2017-07-20', 1.0, 1.0, 0.99, 0.99]
['2017-07-21', 0.99, 1.02, 0.99, 1.0]
['2017-07-24', 1.0, 1.0, 0.98, 0.99]
['2017-07-25', 1.0, 1.0, 0.97, 0.97]
['2017-07-26', 0.97, 0.972, 0.954, 0.97]
['2017-07-27', 0.972, 0.972, 0.94, 0.96]
['2017-07-28', 0.91, 0.95, 0.9, 0.92]
['2017-07-31', 0.92, 0.92, 0.85, 0.89]
['2017-08-01', 0.89, 0.89, 0.85, 0.88]
['2017-08-02', 0.86, 0.88, 0.86, 0.86]
['2017-08-03', 1.05, 1.35, 0.98, 0.986]
['2017-08-04', 1.0, 1.0, 0.772, 0.831]
['2017-08-07', 0.86, 0.91, 0.773, 0.839]
['2017-08-08', 0.83, 0.84, 0.75, 0.83]
['2017-08-09', 0.85, 0.94, 0.85, 0.91]
['2017-08-10', 0.93, 0.93, 0.87, 0.92]
['2017-08-11', 0.91, 0.91, 0.8, 0.875]
['2017-08-14', 0.92, 0.92, 0.84, 0.92]
['2017-08-15', 0.9, 0.924, 0.855, 0.917]
['2017-08-16', 0.82, 0.881, 0.7, 0.82]
['2017-08-17', 0.85, 0.85, 0.782, 0.82]
['2017-08-18', 0.8, 0.825, 0.8, 0.825]
['2017-08-21', 0.731, 0.8, 0.731, 0.79]
['2017-08-22', 0.75, 0.798, 0.74, 0.76]
['2017-08-23', 0.75, 0.79, 0.75, 0.79]
['2017-08-24', 0.79, 0.79, 0.75, 0.781]
['2017-08-25', 0.8, 0.8, 0.762, 0.79]
['2017-08-28', 0.77, 0.79, 0.77, 0.78]
['2017-08-29', 0.8, 0.868, 0.8, 0.81]
['2017-08-30', 0.806, 0.815, 0.801, 0.81]
['2017-08-31', 0.81, 0.84, 0.803, 0.803]
['2017-09-01', 0.83, 0.83, 0.8, 0.83]
['2017-09-05', 0.85, 0.85, 0.733, 0.798]
['2017-09-06', 0.76, 0.807, 0.76, 0.8]
['2017-09-07', 0.85, 0.85, 0.78, 0.785]
['2017-09-08', 0.794, 0.805, 0.76, 0.794]
['2017-09-11', 0.84, 0.88, 0.8, 0.87]
['2017-09-12', 0.9, 0.9, 0.83, 0.85]
['2017-09-13', 0.893, 0.893, 0.82, 0.88]
['2017-09-14', 0.892, 0.97, 0.871, 0.95]
['2017-09-15', 0.89, 1.0, 0.89, 0.9]
['2017-09-18', 0.945, 0.945, 0.86, 0.935]
['2017-09-19', 0.9, 0.935, 0.89, 0.92]
['2017-09-20', 0.9, 0.93, 0.879, 0.902]
['2017-09-21', 0.886, 0.91, 0.851, 0.905]
['2017-09-22', 0.91, 0.92, 0.875, 0.91]
['2017-09-25', 0.89, 0.915, 0.884, 0.884]
['2017-09-26', 0.884, 0.985, 0.87, 0.913]
['2017-09-27', 0.91, 0.92, 0.895, 0.91]
['2017-09-28', 0.895, 0.907, 0.88, 0.899]
['2017-09-29', 0.88, 0.9, 0.88, 0.89]
['2017-10-02', 0.92, 0.92, 0.875, 0.878]
['2017-10-03', 0.884, 0.884, 0.875, 0.875]
['2017-10-04', 0.875, 0.98, 0.815, 0.84]
['2017-10-05', 0.815, 0.84, 0.75, 0.822]
['2017-10-06', 0.83, 0.83, 0.78, 0.795]
['2017-10-09', 0.82, 0.82, 0.79, 0.81]
['2017-10-10', 0.82, 0.849, 0.81, 0.835]
['2017-10-11', 0.84, 0.865, 0.81, 0.852]
['2017-10-12', 0.86, 0.861, 0.83, 0.85]
['2017-10-13', 0.851, 0.851, 0.8, 0.805]
['2017-10-16', 0.81, 0.81, 0.75, 0.799]
['2017-10-17', 0.775, 0.804, 0.77, 0.8]
['2017-10-18', 0.78, 0.8, 0.77, 0.8]
['2017-10-19', 0.78, 0.8, 0.77, 0.77]
['2017-10-20', 0.765, 0.78, 0.67, 0.77]
['2017-10-23', 0.75, 0.75, 0.743, 0.743]
['2017-10-24', 0.74, 0.74, 0.7, 0.7]
['2017-10-25', 0.72, 0.72, 0.65, 0.682]
['2017-10-26', 0.7, 0.723, 0.68, 0.709]
['2017-10-27', 0.69, 0.69, 0.67, 0.68]
['2017-10-30', 0.901, 0.99, 0.78, 0.879]
['2017-10-31', 0.84, 0.875, 0.77, 0.83]
['2017-11-01', 0.79, 0.898, 0.78, 0.81]
['2017-11-02', 0.801, 0.85, 0.795, 0.8]
['2017-11-03', 0.829, 0.829, 0.78, 0.785]
['2017-11-06', 0.82, 0.82, 0.66, 0.758]
['2017-11-07', 0.72, 0.83, 0.72, 0.77]
['2017-11-08', 0.76, 0.776, 0.74, 0.74]
['2017-11-09', 0.7, 0.75, 0.7, 0.73]
['2017-11-10', 0.74, 0.92, 0.72, 0.74]
['2017-11-13', 0.76, 0.761, 0.7, 0.745]
['2017-11-14', 0.77, 0.805, 0.705, 0.785]
['2017-11-15', 0.781, 0.799, 0.751, 0.775]
['2017-11-16', 0.78, 0.79, 0.762, 0.77]
['2017-11-17', 0.86, 1.28, 0.84, 1.23]
['2017-11-20', 1.12, 1.15, 0.93, 0.995]
['2017-11-21', 0.985, 1.02, 0.914, 0.95]
['2017-11-22', 1.0, 1.1, 0.94, 0.99]
['2017-11-24', 1.05, 1.75, 1.05, 1.41]
['2017-11-27', 1.55, 1.75, 1.12, 1.24]
['2017-11-28', 1.17, 1.27, 1.03, 1.12]
['2017-11-29', 1.11, 1.17, 1.01, 1.08]
['2017-11-30', 1.06, 1.12, 0.97, 1.11]
['2017-12-01', 1.1, 1.107, 1.05, 1.08]
['2017-12-04', 1.06, 1.1, 1.03, 1.058]
['2017-12-05', 1.05, 1.15, 1.013, 1.04]
['2017-12-06', 1.03, 1.059, 1.0, 1.02]
['2017-12-07', 1.01, 1.1, 1.01, 1.04]
['2017-12-08', 1.03, 1.07, 1.02, 1.03]
['2017-12-11', 1.02, 1.05, 1.01, 1.02]
['2017-12-12', 1.03, 1.03, 0.935, 0.96]
['2017-12-13', 0.991, 1.0, 0.94, 0.954]
['2017-12-14', 0.953, 0.964, 0.95, 0.95]
['2017-12-15', 0.95, 1.05, 0.94, 0.98]
['2017-12-18', 0.992, 1.09, 0.99, 1.068]
['2017-12-19', 1.08, 1.08, 0.96, 0.971]
['2017-12-20', 0.996, 1.03, 0.97, 1.01]
['2017-12-21', 1.02, 1.3, 1.0, 1.19]
['2017-12-22', 1.1, 1.23, 1.08, 1.14]
['2017-12-26', 1.13, 1.15, 1.04, 1.07]
['2017-12-27', 1.06, 1.157, 1.05, 1.09]
['2017-12-28', 1.09, 1.12, 1.04, 1.11]
['2017-12-29', 1.11, 1.13, 1.05, 1.12]
['2018-01-02', 1.77, 1.77, 1.31, 1.36]
['2018-01-03', 1.29, 1.35, 1.18, 1.24]
['2018-01-04', 1.25, 1.345, 1.21, 1.24]
['2018-01-05', 1.24, 1.243, 1.16, 1.17]
['2018-01-08', 1.19, 1.199, 1.12, 1.15]
['2018-01-09', 1.14, 1.25, 1.11, 1.2]
['2018-01-10', 1.21, 1.23, 1.13, 1.17]
['2018-01-11', 1.18, 1.23, 1.131, 1.161]
['2018-01-12', 1.17, 1.29, 1.17, 1.2]
['2018-01-16', 1.2, 1.24, 1.13, 1.18]
['2018-01-17', 1.17, 1.18, 1.134, 1.17]
['2018-01-18', 1.29, 1.38, 1.18, 1.29]
['2018-01-19', 1.29, 1.29, 1.16, 1.19]
['2018-01-22', 1.21, 1.24, 1.17, 1.2]
['2018-01-23', 1.23, 1.23, 1.17, 1.2]
['2018-01-24', 1.21, 1.23, 1.11, 1.17]
['2018-01-25', 1.18, 1.18, 1.09, 1.12]
['2018-01-26', 1.12, 1.17, 1.1, 1.17]
['2018-01-29', 1.17, 1.19, 1.12, 1.13]
['2018-01-30', 1.12, 1.14, 1.099, 1.11]
['2018-01-31', 1.11, 1.13, 1.09, 1.1]
['2018-02-01', 1.11, 1.13, 1.04, 1.07]
['2018-02-02', 1.07, 1.08, 1.0, 1.05]
['2018-02-05', 1.05, 1.05, 0.985, 0.995]
['2018-02-06', 0.97, 1.01, 0.96, 0.965]
['2018-02-07', 0.99, 1.02, 0.98, 1.02]
['2018-02-08', 1.0, 1.03, 0.98, 0.985]
['2018-02-09', 1.01, 1.08, 0.903, 0.999]
['2018-02-12', 0.981, 1.04, 0.981, 1.02]
['2018-02-13', 1.02, 1.147, 1.02, 1.1]
['2018-02-14', 1.09, 1.17, 1.09, 1.12]
['2018-02-15', 1.14, 1.17, 1.11, 1.16]
['2018-02-16', 1.16, 1.17, 1.11, 1.15]
['2018-02-20', 1.17, 1.18, 1.13, 1.15]
['2018-02-21', 1.16, 1.16, 1.12, 1.15]
['2018-02-22', 1.15, 1.17, 1.12, 1.159]
['2018-02-23', 1.16, 1.22, 1.13, 1.215]
['2018-02-26', 1.22, 1.27, 1.13, 1.23]
['2018-02-27', 1.205, 1.27, 1.205, 1.249]
['2018-02-28', 1.26, 1.29, 1.18, 1.23]
['2018-03-01', 1.24, 1.277, 1.22, 1.25]
['2018-03-02', 1.26, 1.36, 1.249, 1.35]
['2018-03-05', 1.36, 1.388, 1.291, 1.35]
['2018-03-06', 1.37, 1.37, 1.3, 1.32]
['2018-03-07', 1.32, 1.37, 1.3, 1.36]
['2018-03-08', 1.36, 1.45, 1.36, 1.441]
['2018-03-09', 1.45, 1.49, 1.44, 1.48]
['2018-03-12', 1.5, 1.5, 1.401, 1.46]
['2018-03-13', 1.48, 1.48, 1.41, 1.43]
['2018-03-14', 1.4, 1.5, 1.25, 1.4]
['2018-03-15', 1.41, 1.5, 1.41, 1.46]
['2018-03-16', 1.45, 1.48, 1.421, 1.48]
['2018-03-19', 1.46, 1.47, 1.401, 1.445]
['2018-03-20', 1.45, 1.45, 1.37, 1.42]
['2018-03-21', 1.42, 1.42, 1.34, 1.4]
['2018-03-22', 1.4, 1.4, 1.344, 1.39]
['2018-03-23', 1.4, 1.4, 1.31, 1.36]
['2018-03-26', 1.34, 1.38, 1.29, 1.33]
['2018-03-27', 1.33, 1.4, 1.32, 1.36]
['2018-03-28', 1.36, 1.36, 1.13, 1.2]
['2018-03-29', 1.15, 1.32, 1.15, 1.32]
['2018-04-02', 1.29, 1.32, 1.27, 1.28]
['2018-04-03', 1.27, 1.3, 1.27, 1.28]
['2018-04-04', 1.22, 1.29, 1.22, 1.25]
['2018-04-05', 1.35, 1.35, 1.26, 1.31]
['2018-04-06', 1.29, 1.3, 1.22, 1.3]
['2018-04-09', 1.35, 1.35, 1.29, 1.29]
['2018-04-10', 1.34, 1.34, 1.3, 1.338]
['2018-04-11', 1.31, 1.41, 1.31, 1.409]
['2018-04-12', 1.42, 1.52, 1.371, 1.49]
['2018-04-13', 1.56, 1.56, 1.26, 1.4]
['2018-04-16', 1.43, 1.47, 1.35, 1.47]
['2018-04-17', 1.485, 1.65, 1.48, 1.599]
['2018-04-18', 1.62, 1.62, 1.5, 1.56]
['2018-04-19', 1.57, 1.57, 1.48, 1.53]
['2018-04-20', 1.52, 1.53, 1.46, 1.52]
['2018-04-23', 1.51, 1.54, 1.4, 1.48]
['2018-04-24', 1.46, 1.55, 1.45, 1.49]
['2018-04-25', 1.49, 1.52, 1.38, 1.52]
['2018-04-26', 1.51, 1.53, 1.44, 1.53]
['2018-04-27', 1.54, 1.55, 1.49, 1.54]
['2018-04-30', 1.53, 1.67, 1.52, 1.53]
['2018-05-01', 1.52, 1.55, 1.32, 1.42]
['2018-05-02', 1.4, 1.46, 1.35, 1.44]
['2018-05-03', 1.42, 1.46, 1.371, 1.38]
['2018-05-04', 1.38, 1.43, 1.38, 1.42]
['2018-05-07', 1.4, 1.43, 1.38, 1.39]
['2018-05-08', 1.4, 1.43, 1.38, 1.39]
['2018-05-09', 1.38, 1.39, 1.36, 1.39]
['2018-05-10', 1.428, 1.428, 1.33, 1.36]
['2018-05-11', 1.35, 1.38, 1.338, 1.35]
['2018-05-14', 1.36, 1.4, 1.33, 1.37]
['2018-05-15', 1.41, 1.475, 1.16, 1.22]
['2018-05-16', 1.47, 1.47, 1.28, 1.34]
['2018-05-17', 1.35, 1.39, 1.33, 1.35]
['2018-05-18', 1.35, 1.408, 1.329, 1.408]
['2018-05-21', 1.41, 1.46, 1.362, 1.459]
['2018-05-22', 1.45, 1.49, 1.45, 1.461]
['2018-05-23', 1.48, 1.49, 1.28, 1.33]
['2018-05-24', 1.32, 1.383, 1.32, 1.35]
['2018-05-25', 1.339, 1.42, 1.33, 1.41]
['2018-05-29', 1.41, 1.41, 1.361, 1.37]
['2018-05-30', 1.38, 1.39, 1.3, 1.31]
['2018-05-31', 1.34, 1.358, 1.3, 1.34]
['2018-06-01', 1.34, 1.38, 1.32, 1.37]
['2018-06-04', 1.4, 1.4, 1.31, 1.36]
['2018-06-05', 1.34, 1.378, 1.31, 1.32]
['2018-06-06', 1.355, 1.37, 1.32, 1.32]
['2018-06-07', 1.31, 1.379, 1.31, 1.33]
['2018-06-08', 1.33, 1.36, 1.31, 1.31]
['2018-06-11', 1.33, 1.36, 1.28, 1.31]
['2018-06-12', 1.306, 1.33, 1.3, 1.32]
['2018-06-13', 1.33, 1.34, 1.32, 1.34]
['2018-06-14', 1.35, 1.35, 1.33, 1.34]
['2018-06-15', 1.33, 1.33, 1.3, 1.32]
['2018-06-18', 1.3, 1.34, 1.281, 1.34]
['2018-06-19', 1.29, 1.34, 1.26, 1.31]
['2018-06-20', 1.292, 1.305, 1.16, 1.227]
['2018-06-21', 1.22, 1.25, 1.22, 1.24]
['2018-06-22', 1.222, 1.251, 1.22, 1.24]
['2018-06-25', 1.239, 1.239, 1.141, 1.154]
['2018-06-26', 1.15, 1.25, 1.15, 1.22]
['2018-06-27', 1.2, 1.21, 1.12, 1.17]
['2018-06-28', 1.15, 1.17, 1.097, 1.133]
['2018-06-29', 1.11, 1.21, 1.11, 1.14]
['2018-07-02', 1.16, 1.27, 1.157, 1.23]
['2018-07-03', 1.68, 1.94, 1.57, 1.62]
['2018-07-05', 1.62, 1.656, 1.43, 1.65]
['2018-07-06', 1.65, 1.65, 1.52, 1.58]
['2018-07-09', 1.61, 1.63, 1.5, 1.63]
['2018-07-10', 1.64, 1.64, 1.54, 1.62]
['2018-07-11', 1.6, 1.64, 1.51, 1.51]
['2018-07-12', 1.51, 1.58, 1.51, 1.53]
['2018-07-13', 1.55, 1.58, 1.53, 1.54]
['2018-07-16', 1.54, 1.56, 1.46, 1.494]
['2018-07-17', 1.51, 1.56, 1.45, 1.52]
['2018-07-18', 1.52, 1.58, 1.49, 1.54]
['2018-07-19', 1.524, 1.53, 1.5, 1.51]
['2018-07-20', 1.51, 1.55, 1.5, 1.53]
['2018-07-23', 1.55, 1.552, 1.48, 1.54]
['2018-07-24', 1.54, 1.55, 1.481, 1.5]
['2018-07-25', 1.49, 1.5, 1.42, 1.44]
['2018-07-26', 1.43, 1.5, 1.4, 1.42]
['2018-07-27', 1.43, 1.499, 1.43, 1.45]
['2018-07-30', 1.49, 1.49, 1.37, 1.409]
['2018-07-31', 1.35, 1.46, 1.35, 1.38]
['2018-08-01', 1.42, 1.45, 1.38, 1.38]
['2018-08-02', 1.39, 1.42, 1.39, 1.41]
['2018-08-03', 1.39, 1.47, 1.39, 1.41]
['2018-08-06', 1.455, 1.46, 1.395, 1.42]
['2018-08-07', 1.45, 1.45, 1.395, 1.42]
['2018-08-08', 1.43, 1.46, 1.41, 1.45]
['2018-08-09', 1.46, 1.48, 1.43, 1.472]
['2018-08-10', 1.46, 1.49, 1.45, 1.46]
['2018-08-13', 1.45, 1.52, 1.44, 1.478]
['2018-08-14', 1.46, 1.505, 1.31, 1.35]
['2018-08-15', 1.44, 1.482, 1.093, 1.29]
['2018-08-16', 1.26, 1.34, 1.249, 1.34]
['2018-08-17', 1.27, 1.31, 1.27, 1.28]
['2018-08-20', 1.29, 1.38, 1.27, 1.366]
['2018-08-21', 1.351, 1.39, 1.34, 1.34]
['2018-08-22', 1.37, 1.39, 1.31, 1.32]
['2018-08-23', 1.35, 1.365, 1.25, 1.28]
['2018-08-24', 1.32, 1.35, 1.28, 1.29]
['2018-08-27', 1.3, 1.34, 1.3, 1.3]
['2018-08-28', 1.31, 1.32, 1.3, 1.3]
['2018-08-29', 1.3, 1.31, 1.23, 1.291]
['2018-08-30', 1.26, 1.31, 1.21, 1.28]
['2018-08-31', 1.274, 1.31, 1.26, 1.26]
['2018-09-04', 1.26, 1.299, 1.2, 1.27]
['2018-09-05', 1.28, 1.28, 1.221, 1.23]
['2018-09-06', 1.24, 1.29, 1.218, 1.29]
['2018-09-07', 1.27, 1.28, 1.21, 1.21]
['2018-09-10', 1.23, 1.25, 1.23, 1.25]
['2018-09-11', 1.2, 1.25, 1.2, 1.24]
['2018-09-12', 1.23, 1.25, 1.23, 1.23]
['2018-09-13', 1.235, 1.27, 1.16, 1.23]
['2018-09-14', 1.25, 1.25, 1.21, 1.21]
['2018-09-17', 1.21, 1.25, 1.16, 1.2]
['2018-09-18', 1.21, 1.24, 1.193, 1.21]
['2018-09-19', 1.151, 1.24, 1.151, 1.215]
['2018-09-20', 1.21, 1.25, 1.18, 1.25]
['2018-09-21', 1.21, 1.3, 1.21, 1.23]
['2018-09-24', 1.243, 1.243, 1.15, 1.22]
['2018-09-25', 1.17, 1.229, 1.12, 1.12]
['2018-09-26', 1.15, 1.207, 1.13, 1.14]
['2018-09-27', 1.15, 1.15, 1.12, 1.12]
['2018-09-28', 1.09, 1.18, 1.05, 1.11]
['2018-10-01', 1.15, 1.164, 1.09, 1.09]
['2018-10-02', 1.09, 1.15, 1.06, 1.08]
['2018-10-03', 1.146, 1.146, 1.06, 1.066]
['2018-10-04', 1.064, 1.16, 1.05, 1.105]
['2018-10-05', 1.09, 1.15, 1.09, 1.15]
['2018-10-08', 1.17, 1.2, 1.11, 1.19]
['2018-10-09', 1.2, 1.2, 1.1, 1.1]
['2018-10-10', 1.09, 1.2, 1.01, 1.01]
['2018-10-11', 1.06, 1.077, 1.01, 1.03]
['2018-10-12', 1.02, 1.1, 1.01, 1.01]
['2018-10-15', 1.06, 1.06, 1.02, 1.06]
['2018-10-16', 1.04, 1.06, 1.0, 1.06]
['2018-10-17', 1.06, 1.09, 1.051, 1.09]
['2018-10-18', 1.05, 1.1, 1.05, 1.1]
['2018-10-19', 1.09, 1.1, 1.05, 1.05]
['2018-10-22', 1.05, 1.09, 1.018, 1.033]
['2018-10-23', 1.01, 1.09, 1.01, 1.047]
['2018-10-24', 1.03, 1.08, 1.019, 1.07]
['2018-10-25', 1.096, 1.236, 1.02, 1.04]
['2018-10-26', 1.03, 1.065, 1.01, 1.01]
['2018-10-29', 1.0, 1.0, 0.803, 0.865]
['2018-10-30', 0.875, 0.875, 0.7, 0.762]
['2018-10-31', 0.778, 0.86, 0.745, 0.802]
['2018-11-01', 0.74, 0.859, 0.74, 0.82]
['2018-11-02', 0.902, 0.976, 0.83, 0.85]
['2018-11-05', 0.85, 0.9, 0.757, 0.806]
['2018-11-06', 0.806, 0.84, 0.78, 0.8]
['2018-11-07', 0.8, 0.82, 0.773, 0.773]
['2018-11-08', 0.8, 0.8, 0.75, 0.79]
['2018-11-09', 0.74, 0.79, 0.7, 0.749]
['2018-11-12', 0.768, 0.798, 0.7, 0.73]
['2018-11-13', 0.75, 0.798, 0.58, 0.71]
['2018-11-14', 0.67, 0.8, 0.62, 0.69]
['2018-11-15', 0.643, 0.766, 0.643, 0.71]
['2018-11-16', 0.76, 0.768, 0.64, 0.7]
['2018-11-19', 0.725, 0.725, 0.64, 0.691]
['2018-11-20', 0.5, 0.5, 0.376, 0.45]
['2018-11-21', 0.4, 0.41, 0.29, 0.393]
['2018-11-23', 0.4, 0.89, 0.393, 0.549]
['2018-11-26', 0.564, 0.64, 0.466, 0.49]
['2018-11-27', 0.42, 0.5, 0.35, 0.375]
['2018-11-28', 0.37, 0.45, 0.351, 0.389]
['2018-11-29', 0.375, 0.43, 0.301, 0.42]
['2018-11-30', 0.405, 0.445, 0.39, 0.392]
['2018-12-03', 0.41, 0.54, 0.383, 0.407]
['2018-12-04', 0.407, 0.42, 0.37, 0.396]
['2018-12-06', 0.383, 0.41, 0.35, 0.36]
['2018-12-07', 0.37, 0.373, 0.36, 0.366]
['2018-12-10', 0.34, 0.37, 0.34, 0.35]
['2018-12-11', 0.358, 0.365, 0.313, 0.33]
['2018-12-12', 0.31, 0.368, 0.31, 0.334]
['2018-12-13', 0.34, 0.386, 0.3, 0.33]
['2018-12-14', 0.34, 0.375, 0.339, 0.367]
['2018-12-17', 0.39, 0.39, 0.333, 0.352]
['2018-12-18', 0.352, 0.38, 0.35, 0.36]
['2018-12-19', 0.36, 0.372, 0.34, 0.366]
['2018-12-20', 0.33, 0.348, 0.29, 0.309]
['2018-12-21', 0.8, 0.95, 0.624, 0.86]
['2018-12-24', 1.19, 1.28, 1.02, 1.08]
['2018-12-26', 0.99, 0.99, 0.795, 0.859]
['2018-12-27', 0.771, 0.795, 0.633, 0.69]
['2018-12-28', 0.69, 0.77, 0.68, 0.71]
['2018-12-31', 0.714, 0.714, 0.603, 0.661]
['2019-01-02', 0.68, 0.9, 0.68, 0.81]
['2019-01-03', 0.818, 0.82, 0.74, 0.775]
['2019-01-04', 0.81, 0.858, 0.77, 0.82]
['2019-01-07', 0.841, 1.14, 0.82, 1.075]
['2019-01-08', 1.13, 1.15, 0.9, 1.04]
['2019-01-09', 1.02, 1.05, 0.93, 0.97]
['2019-01-10', 0.98, 0.995, 0.913, 0.951]
['2019-01-11', 0.92, 0.98, 0.92, 0.97]
['2019-01-14', 1.01, 1.15, 0.95, 1.01]
['2019-01-15', 1.04, 1.05, 0.95, 1.01]
['2019-01-16', 0.999, 0.999, 0.843, 0.931]
['2019-01-17', 0.87, 0.95, 0.87, 0.915]
['2019-01-18', 0.93, 0.931, 0.811, 0.92]
['2019-01-22', 0.88, 0.92, 0.88, 0.902]
['2019-01-23', 0.907, 0.947, 0.89, 0.92]
['2019-01-24', 0.9, 0.925, 0.85, 0.895]
['2019-01-25', 0.86, 0.9, 0.86, 0.875]
['2019-01-28', 0.86, 0.97, 0.86, 0.96]
['2019-01-29', 0.938, 0.96, 0.895, 0.91]
['2019-01-30', 0.9, 0.932, 0.895, 0.92]
['2019-01-31', 0.92, 0.92, 0.88, 0.919]
['2019-02-01', 0.93, 1.16, 0.93, 1.107]
['2019-02-04', 1.1, 1.19, 1.001, 1.135]
['2019-02-05', 1.15, 1.41, 1.11, 1.3]
['2019-02-06', 1.33, 1.33, 1.16, 1.3]
['2019-02-07', 1.27, 1.27, 1.18, 1.25]
['2019-02-08', 1.25, 1.25, 1.15, 1.19]
['2019-02-11', 1.19, 1.24, 1.1, 1.16]
['2019-02-12', 1.18, 1.21, 1.1, 1.18]
['2019-02-13', 1.19, 1.195, 1.137, 1.19]
['2019-02-14', 1.17, 1.19, 1.15, 1.16]
['2019-02-15', 1.16, 1.18, 1.14, 1.14]
['2019-02-19', 1.15, 1.27, 1.15, 1.24]
['2019-02-20', 1.25, 1.305, 1.22, 1.27]
['2019-02-21', 1.3, 1.317, 1.205, 1.23]
['2019-02-22', 1.25, 1.25, 1.15, 1.17]
['2019-02-25', 1.17, 1.22, 1.17, 1.17]
['2019-02-26', 1.18, 1.18, 1.15, 1.16]
['2019-02-27', 1.15, 1.17, 1.12, 1.14]
['2019-02-28', 1.14, 1.16, 1.1, 1.15]
['2019-03-01', 1.14, 1.15, 1.12, 1.13]
['2019-03-04', 1.12, 1.14, 1.12, 1.14]
['2019-03-05', 1.13, 1.15, 1.11, 1.12]
['2019-03-06', 1.11, 1.12, 1.06, 1.1]
['2019-03-07', 1.09, 1.146, 1.09, 1.14]
['2019-03-08', 1.14, 1.14, 1.11, 1.116]
['2019-03-11', 1.11, 1.14, 1.08, 1.08]
['2019-03-12', 1.11, 1.11, 1.07, 1.11]
['2019-03-13', 1.2, 1.29, 1.13, 1.23]
['2019-03-14', 1.25, 1.25, 1.11, 1.13]
['2019-03-15', 1.155, 1.29, 1.155, 1.285]
['2019-03-18', 1.28, 1.29, 1.23, 1.25]
['2019-03-19', 1.24, 1.263, 1.2, 1.22]
['2019-03-20', 1.19, 1.27, 1.19, 1.23]
['2019-03-21', 1.22, 1.29, 1.22, 1.26]
['2019-03-22', 1.26, 1.283, 1.245, 1.26]
['2019-03-25', 1.25, 1.25, 1.216, 1.23]
['2019-03-26', 1.218, 1.34, 1.218, 1.31]
['2019-03-27', 1.33, 1.349, 1.27, 1.32]
['2019-03-28', 1.34, 1.35, 1.22, 1.28]
['2019-03-29', 1.289, 1.32, 1.24, 1.26]
['2019-04-01', 1.35, 1.35, 1.25, 1.29]
['2019-04-02', 1.34, 1.388, 1.291, 1.37]
['2019-04-03', 1.39, 1.39, 1.35, 1.36]
['2019-04-04', 1.38, 1.45, 1.38, 1.41]
['2019-04-05', 1.45, 1.459, 1.369, 1.39]
['2019-04-08', 1.45, 1.45, 1.37, 1.4]
['2019-04-09', 1.23, 1.337, 1.23, 1.281]
['2019-04-10', 1.3, 1.3, 1.12, 1.122]
['2019-04-11', 1.13, 1.14, 0.99, 0.995]
['2019-04-12', 1.0, 1.13, 1.0, 1.04]
['2019-04-15', 1.06, 1.085, 0.82, 0.882]
['2019-04-16', 0.92, 1.0, 0.889, 0.98]
['2019-04-17', 0.98, 1.074, 0.957, 0.99]
['2019-04-18', 1.0, 1.12, 1.0, 1.04]
['2019-04-22', 1.02, 1.16, 1.02, 1.1]
['2019-04-23', 1.12, 1.21, 1.1, 1.17]
['2019-04-24', 1.18, 1.215, 1.16, 1.18]
['2019-04-25', 1.19, 1.26, 1.16, 1.23]
['2019-04-26', 1.2, 1.2, 1.15, 1.16]
['2019-04-29', 1.15, 1.22, 1.15, 1.16]
['2019-04-30', 0.94, 1.02, 0.85, 0.94]
['2019-05-01', 0.9, 0.99, 0.9, 0.973]
['2019-05-02', 0.98, 1.033, 0.972, 1.02]
['2019-05-03', 1.04, 1.13, 1.04, 1.09]
['2019-05-06', 1.05, 1.12, 1.05, 1.05]
['2019-05-07', 1.05, 1.09, 0.973, 1.05]
['2019-05-08', 1.06, 1.1, 0.982, 1.1]
['2019-05-09', 1.07, 1.1, 1.0, 1.067]
['2019-05-10', 1.073, 1.09, 1.041, 1.09]
['2019-05-13', 1.05, 1.09, 0.96, 1.0]
['2019-05-14', 1.05, 1.064, 0.982, 1.064]
['2019-05-15', 1.08, 1.092, 1.0, 1.0]
['2019-05-16', 1.01, 1.1, 1.01, 1.02]
['2019-05-17', 1.03, 1.07, 0.982, 1.026]
['2019-05-20', 1.09, 1.09, 0.99, 1.015]
['2019-05-21', 1.0, 1.007, 0.97, 0.997]
['2019-05-22', 0.997, 1.01, 0.931, 0.99]
['2019-05-23', 0.942, 1.2, 0.94, 0.94]
['2019-05-24', 0.95, 0.98, 0.83, 0.917]
['2019-05-28', 0.862, 0.92, 0.83, 0.83]
['2019-05-29', 0.8, 0.945, 0.78, 0.832]
['2019-05-30', 0.95, 1.11, 0.946, 1.07]
['2019-05-31', 1.1, 1.17, 1.08, 1.12]
['2019-06-03', 1.17, 1.18, 1.05, 1.17]
['2019-06-04', 1.17, 1.24, 1.15, 1.15]
['2019-06-05', 1.17, 1.176, 1.04, 1.08]
['2019-06-06', 0.8, 0.9, 0.76, 0.76]
['2019-06-07', 0.78, 0.828, 0.701, 0.8]
['2019-06-10', 0.779, 0.931, 0.779, 0.843]
['2019-06-11', 0.837, 0.925, 0.837, 0.92]
['2019-06-12', 0.92, 1.02, 0.92, 0.96]
['2019-06-13', 0.95, 1.024, 0.923, 0.937]
['2019-06-14', 0.987, 1.01, 0.905, 0.976]
['2019-06-17', 0.982, 1.02, 0.908, 0.92]
['2019-06-18', 0.91, 1.02, 0.91, 0.954]
['2019-06-19', 0.95, 0.96, 0.915, 0.939]
['2019-06-20', 0.91, 0.95, 0.91, 0.93]
['2019-06-21', 0.911, 0.96, 0.889, 0.889]
['2019-06-24', 0.889, 0.915, 0.87, 0.87]
['2019-06-25', 0.87, 0.87, 0.743, 0.82]
['2019-06-26', 0.799, 0.8, 0.76, 0.765]
['2019-06-27', 0.8, 0.8, 0.76, 0.79]
['2019-06-28', 0.78, 0.8, 0.753, 0.76]
['2019-07-01', 0.764, 0.85, 0.76, 0.83]
['2019-07-02', 0.821, 0.821, 0.74, 0.78]
['2019-07-03', 0.76, 0.82, 0.7, 0.772]
['2019-07-05', 0.774, 0.774, 0.73, 0.764]
['2019-07-08', 0.76, 0.84, 0.76, 0.79]
['2019-07-09', 0.73, 0.77, 0.73, 0.765]
['2019-07-10', 0.75, 0.78, 0.75, 0.75]
['2019-07-11', 0.754, 0.754, 0.623, 0.65]
['2019-07-12', 0.65, 0.65, 0.62, 0.62]
['2019-07-15', 0.62, 0.687, 0.55, 0.66]
['2019-07-16', 0.64, 0.69, 0.602, 0.66]
['2019-07-17', 0.66, 0.74, 0.65, 0.73]
['2019-07-18', 0.72, 0.84, 0.72, 0.785]
['2019-07-19', 0.8, 0.819, 0.76, 0.76]
['2019-07-22', 0.735, 0.735, 0.67, 0.68]
['2019-07-23', 0.696, 0.696, 0.68, 0.694]
['2019-07-24', 0.664, 0.7, 0.664, 0.68]
['2019-07-25', 0.68, 0.718, 0.67, 0.718]
['2019-07-26', 0.698, 0.74, 0.68, 0.703]
['2019-07-29', 0.72, 0.75, 0.67, 0.698]
['2019-07-30', 0.68, 0.742, 0.68, 0.7]
['2019-07-31', 0.76, 0.836, 0.76, 0.78]
['2019-08-01', 0.79, 0.79, 0.698, 0.698]
['2019-08-02', 0.64, 0.79, 0.64, 0.68]
['2019-08-05', 0.7, 0.777, 0.64, 0.776]
['2019-08-06', 0.85, 0.85, 0.672, 0.78]
['2019-08-07', 0.734, 0.744, 0.7, 0.73]
['2019-08-08', 0.74, 0.74, 0.65, 0.73]
['2019-08-09', 0.72, 0.72, 0.68, 0.69]
['2019-08-12', 0.682, 0.69, 0.68, 0.68]
['2019-08-13', 0.684, 0.69, 0.684, 0.685]
['2019-08-14', 0.69, 0.691, 0.514, 0.6]
['2019-08-15', 0.553, 0.71, 0.553, 0.709]
['2019-08-16', 0.66, 0.709, 0.66, 0.7]
['2019-08-19', 0.74, 0.74, 0.7, 0.7]
['2019-08-20', 0.69, 0.691, 0.67, 0.69]
['2019-08-21', 0.7, 0.734, 0.67, 0.72]
['2019-08-22', 0.672, 0.701, 0.672, 0.7]
['2019-08-23', 0.672, 0.683, 0.63, 0.683]
['2019-08-26', 0.63, 0.68, 0.63, 0.68]
['2019-08-27', 0.64, 0.65, 0.64, 0.65]
['2019-08-28', 0.68, 0.68, 0.64, 0.64]
['2019-08-29', 0.646, 0.675, 0.646, 0.65]
['2019-08-30', 0.65, 0.65, 0.65, 0.65]
['2019-09-03', 0.65, 0.653, 0.55, 0.63]
['2019-09-04', 0.63, 0.65, 0.603, 0.627]
['2019-09-05', 0.603, 0.629, 0.57, 0.607]
['2019-09-06', 0.603, 0.633, 0.6, 0.62]
['2019-09-09', 0.55, 0.67, 0.53, 0.6]
['2019-09-10', 0.67, 0.68, 0.581, 0.581]
['2019-09-11', 0.593, 0.67, 0.553, 0.635]
['2019-09-12', 0.635, 0.67, 0.56, 0.583]
['2019-09-13', 0.67, 0.67, 0.59, 0.605]
['2019-09-16', 0.649, 0.649, 0.502, 0.53]
['2019-09-17', 0.59, 0.62, 0.54, 0.545]
['2019-09-18', 0.6, 0.6, 0.54, 0.55]
['2019-09-19', 0.55, 0.599, 0.53, 0.57]
['2019-09-20', 0.6, 0.603, 0.45, 0.539]
['2019-09-23', 0.539, 0.57, 0.51, 0.532]
['2019-09-24', 0.57, 0.59, 0.55, 0.578]
['2019-09-25', 0.578, 0.6, 0.54, 0.56]
['2019-09-26', 0.56, 0.585, 0.535, 0.56]
['2019-09-27', 0.58, 0.59, 0.493, 0.52]
['2019-09-30', 0.57, 0.57, 0.464, 0.54]
['2019-10-01', 0.55, 0.55, 0.49, 0.532]
['2019-10-02', 0.511, 0.54, 0.51, 0.51]
['2019-10-03', 0.51, 0.528, 0.49, 0.518]
['2019-10-04', 0.46, 0.528, 0.46, 0.515]
['2019-10-07', 0.482, 0.53, 0.38, 0.518]
['2019-10-08', 0.51, 0.51, 0.47, 0.5]
['2019-10-09', 0.45, 0.507, 0.45, 0.492]
['2019-10-10', 0.5, 0.5, 0.48, 0.48]
['2019-10-11', 0.5, 0.5, 0.45, 0.45]
['2019-10-14', 0.491, 0.491, 0.46, 0.46]
['2019-10-15', 0.46, 0.483, 0.45, 0.48]
['2019-10-16', 0.5, 0.5, 0.484, 0.488]
['2019-10-17', 0.452, 0.47, 0.452, 0.46]
['2019-10-18', 0.45, 0.48, 0.434, 0.434]
['2019-10-21', 0.462, 0.48, 0.44, 0.462]
['2019-10-22', 0.49, 0.49, 0.4, 0.406]
['2019-10-23', 0.44, 0.66, 0.42, 0.481]
['2019-10-24', 0.575, 0.584, 0.481, 0.57]
['2019-10-25', 0.62, 0.65, 0.59, 0.6]
['2019-10-28', 0.59, 0.65, 0.59, 0.616]
['2019-10-29', 0.61, 0.65, 0.61, 0.616]
['2019-10-30', 0.64, 0.73, 0.616, 0.643]
['2019-10-31', 0.8, 0.8, 0.629, 0.717]
['2019-11-01', 0.8, 0.8, 0.74, 0.75]
['2019-11-04', 0.8, 0.8, 0.69, 0.71]
['2019-11-05', 0.695, 0.78, 0.62, 0.64]
['2019-11-06', 0.65, 0.65, 0.592, 0.65]
['2019-11-07', 0.65, 0.65, 0.61, 0.648]
['2019-11-08', 0.68, 1.2, 0.68, 1.0]
['2019-11-11', 0.99, 1.16, 0.92, 1.08]
['2019-11-12', 0.991, 1.05, 0.962, 0.999]
['2019-11-13', 0.968, 1.0, 0.92, 0.97]
['2019-11-14', 0.98, 1.11, 0.84, 0.883]
['2019-11-15', 0.9, 0.95, 0.76, 0.8]
['2019-11-18', 0.89, 0.9, 0.79, 0.9]
['2019-11-19', 0.95, 1.01, 0.94, 0.974]
['2019-11-20', 1.0, 1.01, 0.955, 0.96]
['2019-11-21', 1.0, 1.09, 0.98, 1.005]
['2019-11-22', 1.05, 1.074, 0.92, 0.985]
['2019-11-25', 0.94, 1.04, 0.91, 0.942]
['2019-11-26', 0.92, 0.974, 0.872, 0.885]
['2019-11-27', 0.89, 0.985, 0.89, 0.957]
['2019-11-29', 1.0, 1.0, 0.92, 0.975]
['2019-12-02', 0.95, 0.975, 0.924, 0.925]
['2019-12-03', 0.93, 0.975, 0.91, 0.92]
['2019-12-04', 0.911, 0.952, 0.9, 0.933]
['2019-12-05', 0.92, 0.942, 0.88, 0.942]
['2019-12-06', 0.97, 0.98, 0.891, 0.94]
['2019-12-09', 0.92, 0.95, 0.8, 0.834]
['2019-12-10', 0.85, 0.914, 0.79, 0.845]
['2019-12-11', 0.81, 0.9, 0.81, 0.83]
['2019-12-12', 0.87, 0.9, 0.83, 0.876]
['2019-12-13', 0.9, 0.96, 0.86, 0.96]
['2019-12-16', 0.91, 0.97, 0.91, 0.96]
['2019-12-17', 0.96, 1.0, 0.96, 0.96]
['2019-12-18', 0.96, 1.0, 0.96, 0.96]
['2019-12-19', 0.99, 1.0, 0.96, 0.96]
['2019-12-20', 0.96, 1.0, 0.942, 0.942]
['2019-12-23', 0.93, 0.95, 0.89, 0.949]
['2019-12-24', 0.92, 0.949, 0.91, 0.91]
['2019-12-26', 0.91, 0.91, 0.849, 0.855]
['2019-12-27', 0.9, 0.91, 0.85, 0.858]
['2019-12-30', 0.91, 0.91, 0.823, 0.84]
['2019-12-31', 0.804, 0.909, 0.672, 0.89]
['2020-01-02', 0.94, 1.015, 0.835, 1.004]
['2020-01-03', 0.99, 0.99, 0.94, 0.94]
['2020-01-06', 0.93, 0.979, 0.906, 0.977]
['2020-01-07', 0.973, 1.05, 0.973, 1.02]
['2020-01-08', 1.05, 1.09, 1.01, 1.08]
['2020-01-09', 1.08, 1.2, 1.08, 1.1]
['2020-01-10', 1.14, 1.15, 1.02, 1.054]
['2020-01-13', 1.09, 1.11, 1.09, 1.11]
['2020-01-14', 1.15, 1.25, 1.14, 1.21]
['2020-01-15', 1.17, 1.25, 1.08, 1.08]
['2020-01-16', 1.18, 1.229, 1.13, 1.13]
['2020-01-17', 1.25, 1.25, 1.05, 1.18]
['2020-01-21', 1.06, 1.25, 1.05, 1.19]
['2020-01-22', 1.12, 1.19, 1.05, 1.06]
['2020-01-23', 1.03, 1.1, 0.99, 1.05]
['2020-01-24', 1.02, 1.09, 0.98, 1.01]
['2020-01-27', 1.01, 1.07, 1.01, 1.04]
['2020-01-28', 1.04, 1.11, 1.02, 1.06]
['2020-01-29', 1.08, 1.19, 1.07, 1.119]
['2020-01-30', 1.06, 1.18, 1.06, 1.18]
['2020-01-31', 1.18, 1.2, 1.083, 1.1]
['2020-02-03', 1.1, 1.11, 1.0, 1.07]
['2020-02-04', 1.06, 1.11, 1.06, 1.06]
['2020-02-05', 1.05, 1.173, 1.05, 1.079]
['2020-02-06', 1.11, 1.151, 1.09, 1.09]
['2020-02-07', 1.13, 1.163, 1.06, 1.069]
['2020-02-10', 1.03, 1.09, 1.03, 1.045]
['2020-02-11', 1.05, 1.05, 1.0, 1.045]
['2020-02-12', 1.055, 1.075, 1.055, 1.075]
['2020-02-13', 1.03, 1.15, 1.03, 1.08]
['2020-02-14', 1.054, 1.1, 1.03, 1.047]
['2020-02-18', 1.03, 1.04, 1.03, 1.04]
['2020-02-19', 1.04, 1.096, 1.03, 1.04]
['2020-02-20', 1.03, 1.03, 0.976, 0.99]
['2020-02-21', 1.01, 1.11, 1.01, 1.083]
['2020-02-24', 1.06, 1.11, 1.0, 1.11]
['2020-02-25', 1.11, 1.11, 1.037, 1.06]
['2020-02-26', 1.04, 1.05, 0.98, 0.98]
['2020-02-27', 1.0, 1.02, 0.863, 1.007]
['2020-02-28', 0.9, 1.0, 0.9, 1.0]
['2020-03-02', 0.958, 1.011, 0.896, 0.94]
['2020-03-03', 0.98, 1.02, 0.98, 0.995]
['2020-03-04', 1.0, 1.062, 1.0, 1.016]
['2020-03-05', 1.023, 1.023, 0.98, 0.98]
['2020-03-06', 1.03, 1.045, 1.01, 1.01]
['2020-03-09', 1.009, 1.01, 0.97, 0.986]
['2020-03-10', 1.035, 1.035, 0.99, 1.02]
['2020-03-11', 1.02, 1.04, 0.851, 1.04]
['2020-03-12', 0.94, 1.02, 0.94, 0.985]
['2020-03-13', 1.0, 1.002, 0.8, 0.86]
['2020-03-16', 0.758, 0.8, 0.65, 0.774]
['2020-03-17', 0.7, 0.838, 0.688, 0.739]
['2020-03-18', 0.65, 0.717, 0.579, 0.6]
['2020-03-19', 0.59, 0.784, 0.577, 0.724]
['2020-03-20', 0.784, 0.89, 0.7, 0.72]
['2020-03-23', 0.7, 0.84, 0.7, 0.704]
['2020-03-24', 0.709, 0.709, 0.709, 0.709]
['2020-03-25', 0.759, 0.759, 0.653, 0.691]
['2020-03-26', 0.72, 0.747, 0.6, 0.644]
['2020-03-27', 0.809, 0.81, 0.439, 0.497]
['2020-03-30', 0.565, 0.85, 0.565, 0.64]
['2020-03-31', 0.685, 0.77, 0.63, 0.75]
['2020-04-01', 0.835, 0.948, 0.816, 0.87]
['2020-04-02', 0.77, 0.906, 0.77, 0.86]
['2020-04-03', 0.93, 0.998, 0.875, 0.91]
['2020-04-06', 0.98, 0.98, 0.88, 0.89]
['2020-04-07', 0.85, 1.01, 0.77, 0.91]
['2020-04-08', 0.92, 1.02, 0.892, 0.955]
['2020-04-09', 0.9, 1.01, 0.892, 0.915]
['2020-04-13', 0.95, 0.998, 0.95, 0.95]
['2020-04-14', 0.95, 1.01, 0.888, 0.942]
['2020-04-15', 1.03, 1.15, 0.926, 1.06]
['2020-04-16', 1.03, 1.17, 1.0, 1.04]
['2020-04-17', 1.09, 1.16, 1.08, 1.1]
['2020-04-20', 1.16, 1.16, 1.0, 1.04]
['2020-04-21', 1.1, 1.16, 1.0, 1.09]
['2020-04-22', 1.1, 1.15, 1.055, 1.093]
['2020-04-23', 1.05, 1.1, 1.05, 1.05]
['2020-04-24', 1.03, 1.042, 0.911, 0.952]
['2020-04-27', 0.945, 1.0, 0.945, 0.995]
['2020-04-28', 0.995, 1.025, 0.962, 1.0]
['2020-04-29', 1.04, 1.14, 1.04, 1.14]
['2020-04-30', 1.14, 1.14, 0.973, 1.14]
['2020-05-01', 1.09, 1.15, 1.057, 1.14]
['2020-05-04', 1.14, 1.14, 1.14, 1.14]
['2020-05-05', 1.09, 1.09, 1.0, 1.03]
['2020-05-06', 1.0, 1.09, 1.0, 1.02]
['2020-05-07', 1.09, 1.15, 1.09, 1.09]
['2020-05-08', 1.09, 1.09, 1.067, 1.067]
['2020-05-11', 1.12, 1.15, 1.08, 1.08]
['2020-05-12', 1.18, 1.18, 1.1, 1.105]
['2020-05-13', 1.13, 1.17, 1.06, 1.1]
['2020-05-14', 1.1, 1.21, 1.1, 1.12]
['2020-05-15', 1.12, 1.18, 1.115, 1.18]
['2020-05-18', 1.18, 1.22, 1.17, 1.18]
['2020-05-19', 1.16, 1.19, 1.13, 1.15]
['2020-05-20', 1.17, 1.21, 1.17, 1.2]
['2020-05-21', 1.2, 1.21, 1.14, 1.14]
['2020-05-22', 1.14, 1.2, 1.111, 1.2]
