['2014-06-12', 10.0, 11.26, 9.75, 11.02]
['2014-06-13', 11.39, 11.74, 10.2, 10.3]
['2014-06-16', 10.34, 10.85, 10.3, 10.7]
['2014-06-17', 10.7, 10.7, 10.0, 10.1]
['2014-06-18', 10.01, 10.23, 9.85, 9.97]
['2014-06-19', 10.01, 10.2, 9.75, 9.75]
['2014-06-20', 9.89, 10.03, 9.73, 9.92]
['2014-06-23', 10.61, 10.69, 9.762, 10.24]
['2014-06-24', 10.26, 10.26, 9.9, 10.05]
['2014-06-25', 9.84, 10.17, 9.84, 9.99]
['2014-06-26', 9.98, 9.98, 8.89, 9.73]
['2014-06-27', 9.75, 9.97, 9.43, 9.57]
['2014-06-30', 9.96, 9.96, 9.37, 9.52]
['2014-07-01', 9.69, 9.82, 9.4, 9.8]
['2014-07-02', 9.75, 10.09, 9.75, 9.89]
['2014-07-03', 9.9, 9.93, 9.75, 9.82]
['2014-07-07', 10.4, 11.11, 10.01, 11.05]
['2014-07-08', 10.73, 10.95, 10.51, 10.74]
['2014-07-09', 10.86, 10.96, 10.53, 10.92]
['2014-07-10', 10.3, 10.6, 10.0, 10.525]
['2014-07-11', 10.26, 10.4, 9.8, 9.88]
['2014-07-14', 9.75, 10.125, 9.41, 9.49]
['2014-07-15', 9.5, 9.6, 8.25, 8.78]
['2014-07-16', 8.8, 8.98, 7.805, 8.3]
['2014-07-17', 8.16, 8.3, 8.1, 8.17]
['2014-07-18', 8.15, 8.24, 7.95, 8.05]
['2014-07-21', 8.02, 8.07, 7.64, 7.75]
['2014-07-22', 7.85, 8.42, 7.7, 8.42]
['2014-07-23', 8.45, 8.78, 8.351, 8.56]
['2014-07-24', 8.82, 8.82, 8.45, 8.69]
['2014-07-25', 8.87, 8.87, 8.26, 8.4]
['2014-07-28', 8.35, 8.546, 8.29, 8.3]
['2014-07-29', 8.35, 8.45, 8.2, 8.39]
['2014-07-30', 8.48, 8.85, 8.375, 8.5]
['2014-07-31', 9.57, 9.6, 8.75, 9.0]
['2014-08-01', 8.54, 8.98, 8.48, 8.53]
['2014-08-04', 8.6, 8.85, 8.555, 8.77]
['2014-08-05', 8.96, 8.98, 8.34, 8.43]
['2014-08-06', 8.51, 8.66, 8.4, 8.63]
['2014-08-07', 8.67, 8.75, 8.53, 8.56]
['2014-08-08', 8.7, 9.07, 8.57, 8.8]
['2014-08-11', 8.82, 9.0, 8.705, 8.81]
['2014-08-12', 8.75, 8.92, 8.3, 8.35]
['2014-08-13', 8.37, 8.66, 8.3, 8.61]
['2014-08-14', 8.65, 8.66, 8.4, 8.54]
['2014-08-15', 8.61, 8.67, 8.3, 8.53]
['2014-08-18', 8.43, 8.78, 8.33, 8.46]
['2014-08-19', 8.5, 8.63, 8.4, 8.54]
['2014-08-20', 8.41, 8.63, 8.41, 8.51]
['2014-08-21', 8.59, 9.002, 8.48, 8.86]
['2014-08-22', 9.13, 9.48, 9.0, 9.37]
['2014-08-25', 9.52, 10.79, 9.52, 10.58]
['2014-08-26', 10.79, 11.9, 10.6, 11.73]
['2014-08-27', 12.5, 12.96, 11.05, 11.67]
['2014-08-28', 11.36, 12.07, 10.93, 11.87]
['2014-08-29', 11.89, 12.156, 11.5, 11.59]
['2014-09-02', 11.44, 12.22, 11.3, 12.02]
['2014-09-03', 12.1, 12.6, 11.85, 12.05]
['2014-09-04', 12.15, 12.74, 11.7, 11.74]
['2014-09-05', 11.78, 11.78, 10.52, 10.89]
['2014-09-08', 10.73, 11.93, 10.7, 11.41]
['2014-09-09', 11.21, 11.75, 10.9, 11.31]
['2014-09-10', 11.31, 11.76, 11.205, 11.72]
['2014-09-11', 11.63, 11.79, 11.21, 11.45]
['2014-09-12', 11.43, 11.7, 10.91, 11.18]
['2014-09-15', 11.0, 11.08, 10.72, 10.88]
['2014-09-16', 10.86, 11.26, 10.753, 11.23]
['2014-09-17', 11.29, 11.6, 10.5, 11.11]
['2014-09-18', 11.15, 11.15, 10.53, 10.65]
['2014-09-19', 10.66, 10.85, 10.21, 10.22]
['2014-09-22', 10.14, 10.17, 9.77, 10.16]
['2014-09-23', 10.13, 10.13, 9.62, 9.78]
['2014-09-24', 9.85, 10.25, 9.756, 9.99]
['2014-09-25', 10.0, 10.19, 9.87, 9.9]
['2014-09-26', 9.93, 10.09, 9.68, 9.94]
['2014-09-29', 9.85, 10.95, 9.75, 10.89]
['2014-09-30', 10.82, 11.52, 10.48, 11.14]
['2014-10-01', 11.09, 11.18, 10.4, 10.46]
['2014-10-02', 10.51, 10.909, 9.98, 10.8]
['2014-10-03', 10.91, 11.07, 10.417, 10.6]
['2014-10-06', 10.59, 11.31, 10.55, 10.99]
['2014-10-07', 10.98, 10.98, 10.16, 10.25]
['2014-10-08', 10.25, 10.6, 10.033, 10.4]
['2014-10-09', 10.34, 10.5, 10.103, 10.4]
['2014-10-10', 10.31, 10.41, 9.46, 9.68]
['2014-10-13', 9.69, 9.89, 9.15, 9.18]
['2014-10-14', 9.32, 9.57, 9.0, 9.11]
['2014-10-15', 9.0, 9.19, 8.8, 8.99]
['2014-10-16', 9.0, 9.42, 8.77, 9.38]
['2014-10-17', 9.5, 9.83, 9.2, 9.48]
['2014-10-20', 9.41, 9.57, 9.04, 9.2]
['2014-10-21', 9.27, 9.35, 9.07, 9.18]
['2014-10-22', 9.25, 9.416, 9.05, 9.11]
['2014-10-23', 9.25, 9.3, 9.0, 9.2]
['2014-10-24', 9.24, 9.4, 9.0, 9.08]
['2014-10-27', 9.05, 9.13, 8.8, 8.86]
['2014-10-28', 8.87, 9.3, 8.54, 9.22]
['2014-10-29', 9.2, 9.48, 9.04, 9.41]
['2014-10-30', 10.1, 10.51, 9.66, 9.91]
['2014-10-31', 10.29, 10.39, 9.91, 10.06]
['2014-11-03', 10.0, 10.1, 9.728, 9.82]
['2014-11-04', 9.72, 9.875, 9.48, 9.81]
['2014-11-05', 9.87, 10.02, 9.5, 9.59]
['2014-11-06', 9.64, 9.65, 9.39, 9.4]
['2014-11-07', 9.4, 9.66, 9.3, 9.35]
['2014-11-10', 9.39, 9.71, 9.31, 9.66]
['2014-11-11', 9.7, 9.8, 9.4, 9.46]
['2014-11-12', 9.4, 9.78, 9.4, 9.66]
['2014-11-13', 9.67, 9.79, 9.45, 9.69]
['2014-11-14', 9.66, 9.8, 9.652, 9.7]
['2014-11-17', 9.73, 9.86, 9.61, 9.7]
['2014-11-18', 9.69, 9.8, 9.56, 9.7]
['2014-11-19', 9.73, 9.77, 9.47, 9.75]
['2014-11-20', 9.67, 9.85, 9.61, 9.75]
['2014-11-21', 9.8, 9.845, 9.7, 9.77]
['2014-11-24', 9.8, 9.86, 9.49, 9.56]
['2014-11-25', 9.55, 9.78, 9.54, 9.58]
['2014-11-26', 9.55, 9.66, 9.5, 9.51]
['2014-11-28', 9.56, 9.61, 9.15, 9.27]
['2014-12-01', 9.28, 9.31, 8.54, 8.65]
['2014-12-02', 8.75, 8.98, 8.65, 8.8]
['2014-12-03', 8.77, 8.905, 8.66, 8.9]
['2014-12-04', 8.93, 9.1, 8.72, 9.08]
['2014-12-05', 9.08, 9.39, 9.08, 9.35]
['2014-12-08', 9.0, 9.36, 8.88, 8.89]
['2014-12-09', 8.8, 8.8, 8.33, 8.76]
['2014-12-10', 8.76, 8.86, 8.51, 8.62]
['2014-12-11', 8.7, 9.13, 8.676, 8.98]
['2014-12-12', 8.88, 9.25, 8.82, 9.07]
['2014-12-15', 9.11, 9.24, 8.57, 8.64]
['2014-12-16', 8.56, 8.88, 8.51, 8.62]
['2014-12-17', 8.6, 8.86, 8.6, 8.63]
['2014-12-18', 8.7, 8.85, 8.66, 8.73]
['2014-12-19', 8.71, 9.47, 8.71, 9.06]
['2014-12-22', 9.09, 9.62, 8.93, 9.52]
['2014-12-23', 9.52, 9.63, 9.03, 9.49]
['2014-12-24', 9.49, 9.9, 9.49, 9.75]
['2014-12-26', 9.78, 9.869, 9.64, 9.7]
['2014-12-29', 9.68, 10.0, 9.68, 10.0]
['2014-12-30', 9.88, 10.085, 9.76, 9.81]
['2014-12-31', 9.82, 10.1, 9.8, 9.96]
['2015-01-02', 10.0, 10.01, 9.51, 9.87]
['2015-01-05', 9.77, 9.88, 9.26, 9.45]
['2015-01-06', 9.41, 9.585, 9.26, 9.5]
['2015-01-07', 9.59, 9.91, 9.5, 9.87]
['2015-01-08', 9.88, 10.15, 9.63, 9.96]
['2015-01-09', 9.92, 10.03, 9.85, 9.95]
['2015-01-12', 10.0, 10.03, 9.8, 9.96]
['2015-01-13', 9.8, 10.15, 9.77, 9.93]
['2015-01-14', 9.83, 10.0, 9.76, 9.96]
['2015-01-15', 9.99, 9.99, 9.138, 9.29]
['2015-01-16', 9.26, 9.61, 9.04, 9.34]
['2015-01-20', 9.46, 9.6, 9.11, 9.3]
['2015-01-21', 9.26, 9.27, 8.9, 9.09]
['2015-01-22', 9.12, 9.26, 8.83, 9.25]
['2015-01-23', 9.26, 9.37, 9.01, 9.28]
['2015-01-26', 9.25, 9.27, 9.0, 9.22]
['2015-01-27', 9.12, 9.29, 9.0, 9.04]
['2015-01-28', 9.12, 9.12, 8.62, 8.82]
['2015-01-29', 8.68, 8.91, 8.53, 8.87]
['2015-01-30', 8.8, 9.09, 8.662, 8.77]
['2015-02-02', 8.76, 8.9, 8.565, 8.86]
['2015-02-03', 8.92, 9.105, 8.81, 8.88]
['2015-02-04', 8.85, 9.22, 8.85, 9.14]
['2015-02-05', 9.21, 9.44, 9.14, 9.41]
['2015-02-06', 9.39, 9.45, 9.14, 9.23]
['2015-02-09', 9.33, 9.5, 9.25, 9.48]
['2015-02-10', 9.5, 9.6, 9.12, 9.38]
['2015-02-11', 9.39, 9.42, 9.17, 9.25]
['2015-02-12', 9.38, 9.79, 9.181, 9.74]
['2015-02-13', 9.67, 9.985, 8.71, 9.53]
['2015-02-17', 9.53, 9.55, 9.05, 9.12]
['2015-02-18', 8.76, 9.11, 8.71, 8.91]
['2015-02-19', 8.77, 8.93, 8.72, 8.74]
['2015-02-20', 8.76, 8.85, 8.6, 8.8]
['2015-02-23', 8.58, 8.694, 8.55, 8.56]
['2015-02-24', 8.53, 8.73, 8.4, 8.6]
['2015-02-25', 8.57, 8.77, 8.52, 8.63]
['2015-02-26', 8.52, 8.78, 8.52, 8.68]
['2015-02-27', 8.73, 9.0, 8.665, 8.93]
['2015-03-02', 8.88, 8.9, 8.41, 8.67]
['2015-03-03', 8.61, 8.64, 8.5, 8.58]
['2015-03-04', 8.58, 8.65, 8.357, 8.6]
['2015-03-05', 8.6, 8.97, 8.45, 8.96]
['2015-03-06', 8.9, 8.97, 8.72, 8.76]
['2015-03-09', 8.74, 8.92, 8.55, 8.92]
['2015-03-10', 8.4, 8.71, 8.17, 8.41]
['2015-03-11', 8.44, 8.88, 8.31, 8.78]
['2015-03-12', 8.79, 8.96, 8.57, 8.92]
['2015-03-13', 8.93, 8.99, 8.72, 8.74]
['2015-03-16', 8.8, 8.92, 8.67, 8.79]
['2015-03-17', 8.77, 8.91, 8.66, 8.87]
['2015-03-18', 8.86, 8.9, 8.74, 8.89]
['2015-03-19', 8.85, 8.96, 8.74, 8.8]
['2015-03-20', 8.89, 9.0, 8.83, 9.0]
['2015-03-23', 8.9, 9.04, 8.8, 8.97]
['2015-03-24', 8.97, 9.14, 8.91, 9.06]
['2015-03-25', 9.07, 9.1, 8.71, 8.76]
['2015-03-26', 8.98, 9.1, 8.73, 8.83]
['2015-03-27', 8.86, 9.09, 8.69, 9.08]
['2015-03-30', 9.12, 9.2, 9.05, 9.18]
['2015-03-31', 9.15, 9.3, 9.072, 9.26]
['2015-04-01', 9.25, 9.25, 8.84, 9.13]
['2015-04-02', 9.15, 9.15, 8.94, 8.97]
['2015-04-06', 8.94, 8.99, 8.86, 8.87]
['2015-04-07', 8.85, 9.02, 8.85, 8.93]
['2015-04-08', 8.96, 9.07, 8.89, 9.0]
['2015-04-09', 9.01, 9.19, 8.99, 9.02]
['2015-04-10', 9.0, 9.35, 8.862, 9.29]
['2015-04-13', 9.27, 9.46, 9.13, 9.17]
['2015-04-14', 9.2, 9.24, 8.94, 9.0]
['2015-04-15', 9.04, 9.35, 8.98, 9.29]
['2015-04-16', 9.3, 9.679, 9.3, 9.62]
['2015-04-17', 9.55, 9.65, 9.25, 9.6]
['2015-04-20', 9.66, 9.66, 9.42, 9.45]
['2015-04-21', 9.49, 9.6, 9.37, 9.57]
['2015-04-22', 9.58, 9.66, 9.41, 9.5]
['2015-04-23', 6.1, 7.5, 6.02, 7.11]
['2015-04-24', 7.4, 7.424, 6.7, 6.975]
['2015-04-27', 6.95, 7.01, 6.12, 6.14]
['2015-04-28', 6.12, 6.446, 6.08, 6.115]
['2015-04-29', 6.1, 6.19, 5.89, 6.0]
['2015-04-30', 5.96, 6.05, 5.88, 6.02]
['2015-05-01', 6.0, 6.66, 6.0, 6.65]
['2015-05-04', 6.64, 6.64, 6.08, 6.13]
['2015-05-05', 6.09, 6.24, 5.98, 6.18]
['2015-05-06', 6.16, 6.296, 6.01, 6.11]
['2015-05-07', 6.11, 6.21, 5.985, 6.0]
['2015-05-08', 6.08, 6.088, 5.93, 5.96]
['2015-05-11', 5.98, 6.24, 5.96, 6.2]
['2015-05-12', 6.18, 6.67, 6.15, 6.6]
['2015-05-13', 6.62, 6.66, 6.4, 6.47]
['2015-05-14', 6.52, 6.57, 6.24, 6.26]
['2015-05-15', 6.28, 6.364, 6.2, 6.31]
['2015-05-18', 6.3, 6.396, 6.16, 6.27]
['2015-05-19', 6.22, 6.35, 6.13, 6.33]
['2015-05-20', 6.36, 6.37, 6.095, 6.14]
['2015-05-21', 5.98, 6.26, 5.97, 6.08]
['2015-05-22', 6.07, 6.11, 5.99, 6.02]
['2015-05-26', 5.98, 6.05, 5.96, 6.01]
['2015-05-27', 5.99, 6.13, 5.98, 6.05]
['2015-05-28', 5.98, 6.245, 5.98, 6.19]
['2015-05-29', 6.15, 6.15, 6.01, 6.02]
['2015-06-01', 6.04, 6.08, 5.96, 6.03]
['2015-06-02', 6.01, 6.15, 5.98, 6.04]
['2015-06-03', 6.0, 6.11, 5.95, 6.05]
['2015-06-04', 6.04, 6.125, 5.98, 6.06]
['2015-06-05', 6.0, 6.115, 5.97, 6.11]
['2015-06-08', 6.13, 6.13, 5.95, 5.97]
['2015-06-09', 6.14, 6.14, 5.9, 5.98]
['2015-06-10', 6.01, 6.43, 5.99, 6.39]
['2015-06-11', 6.23, 6.28, 5.95, 6.03]
['2015-06-12', 6.03, 6.18, 5.91, 6.17]
['2015-06-15', 6.19, 6.37, 6.01, 6.37]
['2015-06-16', 6.37, 6.98, 6.35, 6.88]
['2015-06-17', 6.88, 7.1, 6.68, 6.93]
['2015-06-18', 6.98, 7.06, 6.58, 6.68]
['2015-06-19', 6.71, 6.72, 6.51, 6.58]
['2015-06-22', 6.61, 6.68, 6.24, 6.44]
['2015-06-23', 6.46, 6.585, 6.28, 6.47]
['2015-06-24', 6.49, 6.6, 6.25, 6.27]
['2015-06-25', 6.29, 6.44, 6.18, 6.31]
['2015-06-26', 6.32, 6.38, 6.1, 6.13]
['2015-06-29', 6.1, 6.195, 5.8, 5.83]
['2015-06-30', 5.75, 5.94, 5.69, 5.91]
['2015-07-01', 5.94, 6.019, 5.71, 5.81]
['2015-07-02', 5.8, 5.835, 5.59, 5.59]
['2015-07-06', 5.54, 5.7, 5.42, 5.7]
['2015-07-07', 5.68, 5.68, 5.32, 5.41]
['2015-07-08', 5.38, 5.54, 5.32, 5.53]
['2015-07-09', 5.58, 5.66, 5.43, 5.46]
['2015-07-10', 5.49, 5.85, 5.48, 5.73]
['2015-07-13', 5.75, 5.772, 5.65, 5.75]
['2015-07-14', 5.72, 5.875, 5.7, 5.86]
['2015-07-15', 5.83, 5.94, 5.75, 5.91]
['2015-07-16', 5.91, 6.015, 5.85, 6.0]
['2015-07-17', 5.98, 6.03, 5.75, 5.77]
['2015-07-20', 5.74, 5.74, 5.57, 5.69]
['2015-07-21', 5.69, 5.93, 5.616, 5.82]
['2015-07-22', 5.79, 5.81, 5.645, 5.65]
['2015-07-23', 5.68, 5.83, 5.65, 5.67]
['2015-07-24', 5.65, 5.73, 5.41, 5.47]
['2015-07-27', 5.46, 5.55, 5.37, 5.49]
['2015-07-28', 5.5, 5.568, 5.32, 5.43]
['2015-07-29', 5.43, 5.44, 5.3, 5.38]
['2015-07-30', 5.67, 5.796, 4.82, 5.06]
['2015-07-31', 5.04, 5.79, 4.89, 5.72]
['2015-08-03', 5.67, 5.75, 5.25, 5.32]
['2015-08-04', 5.25, 5.33, 5.08, 5.16]
['2015-08-05', 5.22, 5.73, 5.22, 5.54]
['2015-08-06', 5.44, 5.49, 5.135, 5.21]
['2015-08-07', 4.98, 5.1, 4.81, 4.98]
['2015-08-10', 5.02, 5.13, 4.9, 4.95]
['2015-08-11', 4.92, 5.0, 4.75, 4.79]
['2015-08-12', 4.78, 4.789, 4.5, 4.77]
['2015-08-13', 4.76, 4.8, 4.61, 4.62]
['2015-08-14', 4.59, 4.72, 4.58, 4.69]
['2015-08-17', 4.54, 4.63, 4.46, 4.51]
['2015-08-18', 4.54, 4.58, 4.3, 4.52]
['2015-08-19', 4.46, 4.53, 3.96, 4.27]
['2015-08-20', 4.22, 4.43, 3.82, 4.06]
['2015-08-21', 3.91, 4.175, 3.85, 4.11]
['2015-08-24', 3.91, 4.09, 3.5, 3.95]
['2015-08-25', 4.06, 4.06, 3.805, 3.88]
['2015-08-26', 3.93, 3.95, 3.67, 3.92]
['2015-08-27', 3.94, 4.05, 3.89, 4.04]
['2015-08-28', 4.02, 4.143, 4.01, 4.06]
['2015-08-31', 4.08, 4.17, 4.06, 4.11]
['2015-09-01', 4.04, 4.155, 3.77, 3.8]
['2015-09-02', 3.86, 3.97, 3.81, 3.875]
['2015-09-03', 3.91, 3.96, 3.81, 3.86]
['2015-09-04', 3.8, 4.08, 3.8, 4.0]
['2015-09-08', 4.02, 4.08, 3.765, 3.79]
['2015-09-09', 3.71, 3.74, 3.56, 3.59]
['2015-09-10', 3.6, 3.7, 3.53, 3.65]
['2015-09-11', 3.62, 3.75, 3.515, 3.74]
['2015-09-14', 3.74, 3.78, 3.635, 3.69]
['2015-09-15', 3.71, 3.85, 3.65, 3.69]
['2015-09-16', 3.68, 3.95, 3.6, 3.81]
['2015-09-17', 3.78, 3.931, 3.68, 3.71]
['2015-09-18', 3.63, 3.87, 3.55, 3.72]
['2015-09-21', 3.75, 3.76, 3.53, 3.57]
['2015-09-22', 3.54, 3.54, 3.3, 3.45]
['2015-09-23', 3.47, 3.47, 3.33, 3.39]
['2015-09-24', 3.38, 3.41, 3.315, 3.39]
['2015-09-25', 3.4, 3.43, 3.18, 3.19]
['2015-09-28', 3.16, 3.25, 3.11, 3.18]
['2015-09-29', 3.23, 3.25, 2.805, 2.83]
['2015-09-30', 2.85, 3.2, 2.85, 3.1]
['2015-10-01', 3.11, 3.11, 2.97, 3.05]
['2015-10-02', 3.03, 3.24, 3.014, 3.21]
['2015-10-05', 3.21, 3.48, 3.2, 3.48]
['2015-10-06', 3.45, 3.57, 3.42, 3.51]
['2015-10-07', 3.51, 3.77, 3.51, 3.77]
['2015-10-08', 3.75, 3.8, 3.65, 3.79]
['2015-10-09', 3.78, 3.83, 3.53, 3.83]
['2015-10-12', 3.77, 3.77, 3.54, 3.72]
['2015-10-13', 3.7, 3.79, 3.68, 3.7]
['2015-10-14', 3.66, 3.76, 3.59, 3.72]
['2015-10-15', 3.69, 3.93, 3.65, 3.86]
['2015-10-16', 3.87, 3.92, 3.74, 3.87]
['2015-10-19', 3.83, 4.04, 3.8, 3.99]
['2015-10-20', 3.99, 4.0, 3.815, 3.89]
['2015-10-21', 3.9, 3.96, 3.82, 3.85]
['2015-10-22', 3.85, 3.99, 3.85, 3.92]
['2015-10-23', 3.98, 4.01, 3.87, 3.96]
['2015-10-26', 3.94, 3.94, 3.7, 3.77]
['2015-10-27', 3.76, 3.93, 3.54, 3.75]
['2015-10-28', 3.76, 4.0, 3.76, 3.97]
['2015-10-29', 3.93, 4.07, 3.831, 3.95]
['2015-10-30', 3.96, 4.24, 3.71, 3.86]
['2015-11-02', 3.86, 4.12, 3.78, 4.12]
['2015-11-03', 4.02, 4.18, 4.0, 4.15]
['2015-11-04', 4.17, 4.27, 4.06, 4.19]
['2015-11-05', 4.2, 4.2, 4.04, 4.1]
['2015-11-06', 4.08, 4.49, 4.06, 4.49]
['2015-11-09', 4.47, 4.655, 4.29, 4.39]
['2015-11-10', 4.37, 4.4, 4.21, 4.24]
['2015-11-11', 4.23, 4.405, 4.01, 4.13]
['2015-11-12', 4.1, 4.18, 4.0, 4.01]
['2015-11-13', 3.98, 4.068, 3.81, 3.92]
['2015-11-16', 3.81, 4.11, 3.75, 4.03]
['2015-11-17', 3.96, 4.04, 3.89, 3.92]
['2015-11-18', 3.95, 4.11, 3.9, 4.09]
['2015-11-19', 4.06, 4.19, 4.06, 4.16]
['2015-11-20', 4.19, 4.19, 4.03, 4.09]
['2015-11-23', 4.06, 4.23, 3.97, 4.04]
['2015-11-24', 4.01, 4.31, 4.0, 4.29]
['2015-11-25', 4.26, 4.4, 4.02, 4.28]
['2015-11-27', 4.24, 4.27, 4.09, 4.2]
['2015-11-30', 4.11, 4.42, 4.11, 4.34]
['2015-12-01', 4.14, 4.39, 4.14, 4.22]
['2015-12-02', 4.18, 4.25, 4.12, 4.14]
['2015-12-03', 4.15, 4.19, 4.01, 4.12]
['2015-12-04', 4.12, 4.16, 4.04, 4.12]
['2015-12-07', 4.09, 4.12, 3.98, 4.0]
['2015-12-08', 3.93, 4.14, 3.88, 4.05]
['2015-12-09', 4.02, 4.12, 3.98, 3.99]
['2015-12-10', 3.98, 4.04, 3.94, 3.97]
['2015-12-11', 3.72, 3.99, 3.72, 3.8]
['2015-12-14', 3.81, 3.84, 3.55, 3.7]
['2015-12-15', 3.75, 3.86, 3.68, 3.84]
['2015-12-16', 3.87, 3.95, 3.8, 3.91]
['2015-12-17', 3.95, 3.99, 3.85, 3.85]
['2015-12-18', 3.85, 3.985, 3.85, 3.92]
['2015-12-21', 3.93, 3.94, 3.844, 3.89]
['2015-12-22', 3.9, 3.96, 3.81, 3.92]
['2015-12-23', 3.95, 3.96, 3.825, 3.9]
['2015-12-24', 3.93, 3.94, 3.86, 3.9]
['2015-12-28', 3.85, 3.905, 3.69, 3.75]
['2015-12-29', 3.78, 3.8, 3.58, 3.62]
['2015-12-30', 3.63, 3.7, 3.53, 3.6]
['2015-12-31', 3.58, 3.69, 3.5, 3.61]
['2016-01-04', 3.56, 3.69, 3.405, 3.68]
['2016-01-05', 3.69, 3.69, 3.54, 3.66]
['2016-01-06', 3.65, 3.96, 3.59, 3.79]
['2016-01-07', 3.69, 3.89, 3.66, 3.83]
['2016-01-08', 3.87, 3.98, 3.66, 3.77]
['2016-01-11', 3.78, 3.865, 3.6, 3.8]
['2016-01-12', 3.8, 3.98, 3.7, 3.85]
['2016-01-13', 3.82, 3.97, 3.62, 3.67]
['2016-01-14', 3.7, 3.9, 3.58, 3.87]
['2016-01-15', 3.75, 3.8, 3.6, 3.72]
['2016-01-19', 3.81, 3.81, 3.55, 3.64]
['2016-01-20', 3.59, 3.7, 3.44, 3.61]
['2016-01-21', 3.63, 3.86, 3.56, 3.68]
['2016-01-22', 3.76, 3.88, 3.61, 3.68]
['2016-01-25', 3.68, 3.74, 3.55, 3.57]
['2016-01-26', 3.62, 3.67, 3.48, 3.56]
['2016-01-27', 3.56, 3.67, 3.42, 3.5]
['2016-01-28', 3.57, 3.66, 3.465, 3.48]
['2016-01-29', 3.51, 3.72, 3.51, 3.69]
['2016-02-01', 3.69, 3.75, 3.54, 3.64]
['2016-02-02', 3.62, 3.72, 3.47, 3.5]
['2016-02-03', 3.53, 3.57, 3.29, 3.3]
['2016-02-04', 3.32, 3.55, 3.31, 3.5]
['2016-02-05', 3.51, 3.7, 3.15, 3.6]
['2016-02-08', 3.48, 3.62, 3.35, 3.6]
['2016-02-09', 3.55, 3.61, 3.28, 3.39]
['2016-02-10', 3.43, 3.51, 3.06, 3.09]
['2016-02-11', 3.05, 3.2, 3.01, 3.12]
['2016-02-12', 3.17, 3.3, 3.1, 3.19]
['2016-02-16', 3.05, 3.28, 3.03, 3.15]
['2016-02-17', 3.15, 3.32, 3.13, 3.3]
['2016-02-18', 3.26, 3.41, 3.26, 3.31]
['2016-02-19', 3.3, 3.44, 3.28, 3.4]
['2016-02-22', 3.47, 3.5, 3.41, 3.41]
['2016-02-23', 3.43, 3.46, 3.26, 3.29]
['2016-02-24', 3.25, 3.39, 3.19, 3.31]
['2016-02-25', 3.33, 3.39, 3.24, 3.34]
['2016-02-26', 3.34, 3.5, 3.31, 3.33]
['2016-02-29', 3.34, 3.47, 3.238, 3.37]
['2016-03-01', 3.41, 3.63, 3.41, 3.61]
['2016-03-02', 3.63, 3.98, 3.63, 3.94]
['2016-03-03', 3.67, 3.98, 3.65, 3.93]
['2016-03-04', 3.93, 4.05, 3.86, 3.98]
['2016-03-07', 3.93, 4.13, 3.93, 4.04]
['2016-03-08', 4.11, 4.19, 4.05, 4.07]
['2016-03-09', 4.06, 4.14, 4.0, 4.01]
['2016-03-10', 4.0, 4.1, 3.93, 4.06]
['2016-03-11', 4.06, 4.13, 3.935, 4.09]
['2016-03-14', 4.05, 4.29, 3.76, 4.14]
['2016-03-15', 4.11, 4.18, 3.945, 3.98]
['2016-03-16', 3.98, 4.18, 3.98, 4.09]
['2016-03-17', 4.15, 4.21, 4.05, 4.14]
['2016-03-18', 4.18, 4.34, 4.17, 4.26]
['2016-03-21', 4.27, 4.35, 4.12, 4.25]
['2016-03-22', 4.21, 4.32, 4.17, 4.23]
['2016-03-23', 4.2, 4.41, 4.04, 4.07]
['2016-03-24', 4.03, 4.27, 4.015, 4.21]
['2016-03-28', 4.25, 4.26, 4.18, 4.23]
['2016-03-29', 4.21, 4.41, 4.13, 4.35]
['2016-03-30', 4.35, 4.49, 4.29, 4.38]
['2016-03-31', 4.4, 4.55, 4.345, 4.52]
['2016-04-01', 4.48, 4.56, 4.36, 4.5]
['2016-04-04', 4.47, 4.68, 4.4, 4.5]
['2016-04-05', 4.53, 4.56, 4.39, 4.43]
['2016-04-06', 4.45, 4.67, 4.38, 4.6]
['2016-04-07', 4.6, 4.605, 4.48, 4.59]
['2016-04-08', 4.6, 4.69, 4.5, 4.52]
['2016-04-11', 4.56, 4.72, 4.53, 4.54]
['2016-04-12', 4.53, 4.65, 4.5, 4.56]
['2016-04-13', 4.48, 4.69, 4.48, 4.61]
['2016-04-14', 4.65, 4.65, 4.48, 4.57]
['2016-04-15', 4.54, 4.6, 4.5, 4.59]
['2016-04-18', 4.54, 4.78, 4.49, 4.62]
['2016-04-19', 4.63, 4.66, 4.46, 4.55]
['2016-04-20', 4.55, 4.61, 4.37, 4.57]
['2016-04-21', 4.56, 4.61, 4.37, 4.55]
['2016-04-22', 4.53, 4.59, 4.51, 4.54]
['2016-04-25', 4.54, 4.57, 4.42, 4.48]
['2016-04-26', 4.51, 4.56, 4.39, 4.44]
['2016-04-27', 4.43, 4.54, 4.32, 4.35]
['2016-04-28', 4.35, 4.45, 4.22, 4.26]
['2016-04-29', 3.95, 3.955, 3.27, 3.83]
['2016-05-02', 3.77, 3.79, 3.6, 3.74]
['2016-05-03', 3.63, 3.78, 3.36, 3.4]
['2016-05-04', 3.34, 3.38, 3.155, 3.25]
['2016-05-05', 3.19, 3.29, 3.11, 3.12]
['2016-05-06', 3.12, 3.2, 2.95, 3.18]
['2016-05-09', 3.15, 3.21, 3.08, 3.16]
['2016-05-10', 3.19, 3.21, 3.06, 3.19]
['2016-05-11', 3.16, 3.22, 3.1, 3.12]
['2016-05-12', 3.1, 3.2, 3.08, 3.08]
['2016-05-13', 3.08, 3.162, 3.04, 3.05]
['2016-05-16', 3.08, 3.13, 3.055, 3.1]
['2016-05-17', 3.1, 3.11, 2.91, 2.99]
['2016-05-18', 2.99, 3.11, 2.95, 3.06]
['2016-05-19', 3.05, 3.1, 2.96, 2.98]
['2016-05-20', 3.0, 3.05, 2.95, 2.98]
['2016-05-23', 2.97, 3.0, 2.78, 2.83]
['2016-05-24', 2.82, 3.0, 2.82, 2.96]
['2016-05-25', 2.99, 3.07, 2.95, 2.96]
['2016-05-26', 2.95, 3.07, 2.89, 2.94]
['2016-05-27', 2.93, 3.04, 2.85, 2.96]
['2016-05-31', 2.98, 3.42, 2.98, 3.3]
['2016-06-01', 3.28, 3.34, 3.17, 3.3]
['2016-06-02', 3.32, 3.32, 3.19, 3.29]
['2016-06-03', 3.29, 3.43, 3.26, 3.42]
['2016-06-06', 3.4, 3.43, 3.29, 3.4]
['2016-06-07', 3.4, 3.44, 3.26, 3.29]
['2016-06-08', 3.29, 3.39, 3.27, 3.3]
['2016-06-09', 3.31, 3.325, 3.15, 3.19]
['2016-06-10', 3.17, 3.205, 3.04, 3.05]
['2016-06-13', 3.04, 3.4, 3.019, 3.28]
['2016-06-14', 3.27, 3.38, 3.18, 3.21]
['2016-06-15', 3.21, 3.41, 3.04, 3.23]
['2016-06-16', 3.21, 3.36, 3.12, 3.24]
['2016-06-17', 3.25, 3.32, 3.14, 3.16]
['2016-06-20', 3.22, 3.3, 3.17, 3.22]
['2016-06-21', 3.21, 3.26, 3.13, 3.16]
['2016-06-22', 3.16, 3.24, 3.01, 3.04]
['2016-06-23', 3.09, 3.27, 3.09, 3.24]
['2016-06-24', 3.09, 3.2, 3.0, 3.09]
['2016-06-27', 3.06, 3.16, 2.85, 2.89]
['2016-06-28', 2.96, 3.065, 2.94, 3.01]
['2016-06-29', 3.03, 3.15, 2.93, 3.04]
['2016-06-30', 3.05, 3.104, 2.98, 3.05]
['2016-07-01', 3.04, 3.09, 3.02, 3.09]
['2016-07-05', 3.09, 3.1, 3.005, 3.04]
['2016-07-06', 3.05, 3.23, 2.98, 3.16]
['2016-07-07', 3.15, 3.3, 3.12, 3.13]
['2016-07-08', 3.25, 3.32, 3.21, 3.3]
['2016-07-11', 3.31, 3.39, 3.175, 3.28]
['2016-07-12', 3.29, 3.36, 3.26, 3.31]
['2016-07-13', 3.34, 3.35, 3.19, 3.24]
['2016-07-14', 3.26, 3.35, 3.08, 3.3]
['2016-07-15', 3.15, 3.27, 2.95, 3.26]
['2016-07-18', 3.28, 3.28, 3.071, 3.24]
['2016-07-19', 3.22, 3.51, 3.16, 3.41]
['2016-07-20', 3.42, 3.43, 3.31, 3.35]
['2016-07-21', 3.31, 3.46, 3.18, 3.18]
['2016-07-22', 3.2, 3.43, 3.14, 3.3]
['2016-07-25', 3.29, 3.32, 3.21, 3.24]
['2016-07-26', 3.225, 3.23, 3.17, 3.21]
['2016-07-27', 3.19, 3.27, 3.19, 3.23]
['2016-07-28', 3.23, 3.38, 3.13, 3.19]
['2016-07-29', 3.46, 3.5, 3.3, 3.41]
['2016-08-01', 3.39, 3.44, 3.32, 3.4]
['2016-08-02', 3.38, 3.47, 3.36, 3.4]
['2016-08-03', 3.37, 3.46, 3.26, 3.45]
['2016-08-04', 3.43, 3.5, 3.34, 3.45]
['2016-08-05', 3.445, 3.54, 3.34, 3.51]
['2016-08-08', 3.52, 3.69, 3.45, 3.62]
['2016-08-09', 3.61, 3.63, 3.38, 3.45]
['2016-08-10', 3.44, 3.47, 3.38, 3.38]
['2016-08-11', 3.37, 3.47, 3.32, 3.34]
['2016-08-12', 3.33, 3.37, 3.25, 3.34]
['2016-08-15', 3.34, 3.42, 3.23, 3.26]
['2016-08-16', 3.2, 3.26, 3.11, 3.13]
['2016-08-17', 3.12, 3.18, 3.02, 3.12]
['2016-08-18', 3.11, 3.11, 3.02, 3.08]
['2016-08-19', 3.08, 3.11, 3.04, 3.08]
['2016-08-22', 3.06, 3.09, 3.03, 3.07]
['2016-08-23', 3.05, 3.1, 2.98, 3.0]
['2016-08-24', 3.0, 3.09, 2.95, 3.02]
['2016-08-25', 2.98, 3.04, 2.89, 3.02]
['2016-08-26', 3.04, 3.1, 2.99, 3.04]
['2016-08-29', 3.01, 3.09, 3.01, 3.05]
['2016-08-30', 3.0, 3.18, 3.0, 3.12]
['2016-08-31', 3.12, 3.13, 3.0, 3.01]
['2016-09-01', 3.0, 3.05, 2.965, 3.01]
['2016-09-02', 2.99, 3.03, 2.95, 2.99]
['2016-09-06', 2.97, 3.04, 2.97, 3.02]
['2016-09-07', 3.01, 3.06, 2.97, 3.0]
['2016-09-08', 2.96, 3.01, 2.93, 2.96]
['2016-09-09', 2.95, 2.98, 2.9, 2.9]
['2016-09-12', 2.9, 2.96, 2.84, 2.95]
['2016-09-13', 2.88, 2.94, 2.75, 2.83]
['2016-09-14', 2.93, 2.93, 2.7, 2.73]
['2016-09-15', 2.72, 2.75, 2.63, 2.72]
['2016-09-16', 2.73, 2.76, 2.66, 2.7]
['2016-09-19', 2.69, 2.73, 2.59, 2.63]
['2016-09-20', 2.65, 2.69, 2.6, 2.6]
['2016-09-21', 2.57, 2.675, 2.56, 2.575]
['2016-09-22', 2.62, 2.68, 2.58, 2.65]
['2016-09-23', 2.67, 2.78, 2.65, 2.74]
['2016-09-26', 2.74, 2.78, 2.66, 2.69]
['2016-09-27', 2.68, 2.74, 2.65, 2.73]
['2016-09-28', 2.76, 2.78, 2.695, 2.7]
['2016-09-29', 2.69, 2.77, 2.6, 2.72]
['2016-09-30', 2.72, 2.78, 2.64, 2.75]
['2016-10-03', 2.74, 2.77, 2.67, 2.71]
['2016-10-04', 2.7, 2.73, 2.63, 2.68]
['2016-10-05', 2.67, 2.78, 2.64, 2.76]
['2016-10-06', 2.73, 2.82, 2.65, 2.72]
['2016-10-07', 2.71, 2.76, 2.602, 2.69]
['2016-10-10', 3.0, 3.68, 2.875, 3.57]
['2016-10-11', 3.63, 3.77, 3.451, 3.7]
['2016-10-12', 3.73, 4.0, 3.47, 3.57]
['2016-10-13', 3.55, 3.88, 3.49, 3.69]
['2016-10-14', 3.73, 3.76, 3.57, 3.63]
['2016-10-17', 3.59, 3.75, 3.5, 3.71]
['2016-10-18', 3.72, 3.81, 3.57, 3.6]
['2016-10-19', 3.59, 3.89, 3.59, 3.85]
['2016-10-20', 3.83, 4.06, 3.73, 3.9]
['2016-10-21', 3.85, 4.05, 3.784, 3.89]
['2016-10-24', 3.95, 4.04, 3.7, 3.8]
['2016-10-25', 3.75, 3.8, 3.55, 3.7]
['2016-10-26', 3.65, 3.85, 3.51, 3.7]
['2016-10-27', 3.75, 3.9, 3.65, 3.8]
['2016-10-28', 3.65, 3.9, 3.4, 3.55]
['2016-10-31', 3.6, 3.675, 3.45, 3.65]
['2016-11-01', 3.6, 3.65, 3.45, 3.55]
['2016-11-02', 3.5, 3.65, 3.36, 3.6]
['2016-11-03', 3.65, 3.65, 3.5, 3.5]
['2016-11-04', 3.45, 3.775, 3.405, 3.6]
['2016-11-07', 3.65, 3.8, 3.625, 3.7]
['2016-11-08', 3.65, 3.85, 3.6, 3.8]
['2016-11-09', 3.75, 3.8, 3.575, 3.65]
['2016-11-10', 3.6, 3.8, 3.55, 3.8]
['2016-11-11', 3.75, 3.975, 3.741, 3.95]
['2016-11-14', 3.95, 4.2, 3.9, 4.1]
['2016-11-15', 4.05, 4.1, 3.85, 4.1]
['2016-11-16', 4.05, 4.1, 3.95, 4.1]
['2016-11-17', 4.15, 4.4, 4.1, 4.3]
['2016-11-18', 4.3, 4.5, 4.2, 4.4]
['2016-11-21', 4.35, 4.4, 4.15, 4.3]
['2016-11-22', 4.5, 4.5, 4.125, 4.35]
['2016-11-23', 4.3, 4.35, 4.15, 4.3]
['2016-11-25', 4.3, 4.35, 4.1, 4.25]
['2016-11-28', 4.2, 4.3, 4.0, 4.1]
['2016-11-29', 4.05, 4.25, 4.0, 4.15]
['2016-11-30', 4.1, 4.25, 4.075, 4.15]
['2016-12-01', 4.1, 4.25, 3.95, 4.05]
['2016-12-02', 4.0, 4.05, 3.7, 3.75]
['2016-12-05', 3.75, 3.9, 3.7, 3.8]
['2016-12-06', 3.85, 3.9, 3.7, 3.75]
['2016-12-07', 3.7, 3.9, 3.7, 3.75]
['2016-12-08', 3.75, 4.25, 3.75, 4.2]
['2016-12-09', 4.15, 4.3, 4.0, 4.25]
['2016-12-12', 4.2, 4.3, 4.075, 4.15]
['2016-12-13', 4.2, 4.25, 4.075, 4.15]
['2016-12-14', 4.15, 4.225, 4.05, 4.15]
['2016-12-15', 4.1, 4.15, 4.025, 4.05]
['2016-12-16', 4.1, 4.2, 3.85, 4.05]
['2016-12-19', 4.15, 4.25, 4.0, 4.25]
['2016-12-20', 4.25, 4.3, 4.05, 4.1]
['2016-12-21', 4.05, 4.1, 3.9, 4.05]
['2016-12-22', 4.0, 4.0, 3.95, 4.0]
['2016-12-23', 4.0, 4.0, 3.9, 4.0]
['2016-12-27', 3.95, 4.05, 3.9, 3.95]
['2016-12-28', 3.95, 3.95, 3.75, 3.75]
['2016-12-29', 3.75, 3.85, 3.675, 3.8]
['2016-12-30', 3.8, 3.875, 3.65, 3.75]
['2017-01-03', 3.8, 3.975, 3.7, 3.95]
['2017-01-04', 4.0, 4.15, 3.875, 4.1]
['2017-01-05', 4.05, 4.15, 3.95, 4.075]
['2017-01-06', 4.1, 4.1, 3.925, 4.0]
['2017-01-09', 3.95, 4.05, 3.9, 4.0]
['2017-01-10', 4.15, 4.32, 4.0, 4.25]
['2017-01-11', 4.25, 4.3, 4.0, 4.1]
['2017-01-12', 4.1, 4.15, 4.0, 4.1]
['2017-01-13', 4.15, 4.325, 4.0, 4.3]
['2017-01-17', 4.2, 4.25, 4.1, 4.2]
['2017-01-18', 4.2, 4.25, 4.1, 4.2]
['2017-01-19', 4.15, 4.2, 4.1, 4.15]
['2017-01-20', 4.15, 4.35, 4.1, 4.3]
['2017-01-23', 4.3, 4.35, 4.15, 4.25]
['2017-01-24', 4.25, 4.45, 4.15, 4.45]
['2017-01-25', 4.45, 4.5, 4.3, 4.4]
['2017-01-26', 4.45, 4.45, 4.25, 4.3]
['2017-01-27', 4.3, 4.4, 4.25, 4.35]
['2017-01-30', 4.35, 4.4, 4.2, 4.3]
['2017-01-31', 4.25, 4.375, 4.2, 4.35]
['2017-02-01', 4.35, 4.4, 4.25, 4.35]
['2017-02-02', 4.35, 4.4, 4.25, 4.4]
['2017-02-03', 4.4, 4.6, 4.3, 4.55]
['2017-02-06', 4.5, 4.6, 4.35, 4.4]
['2017-02-07', 4.4, 4.54, 4.3, 4.3]
['2017-02-08', 4.7, 4.825, 4.5, 4.7]
['2017-02-09', 4.65, 5.0, 4.65, 4.9]
['2017-02-10', 4.8, 5.0, 4.75, 4.9]
['2017-02-13', 4.85, 4.95, 4.75, 4.85]
['2017-02-14', 4.85, 4.95, 4.75, 4.85]
['2017-02-15', 4.85, 4.9, 4.75, 4.85]
['2017-02-16', 4.75, 4.85, 4.6, 4.75]
['2017-02-17', 4.75, 4.85, 4.65, 4.75]
['2017-02-21', 4.7, 4.9, 4.7, 4.9]
['2017-02-22', 4.8, 4.9, 4.725, 4.85]
['2017-02-23', 4.8, 4.85, 4.675, 4.75]
['2017-02-24', 4.65, 4.75, 4.55, 4.65]
['2017-02-27', 4.6, 4.8, 4.55, 4.75]
['2017-02-28', 4.7, 4.9, 4.675, 4.8]
['2017-03-01', 4.85, 4.85, 4.65, 4.7]
['2017-03-02', 4.65, 4.719, 4.55, 4.65]
['2017-03-03', 4.65, 4.7, 4.35, 4.5]
['2017-03-06', 4.4, 4.45, 4.3, 4.4]
['2017-03-07', 4.35, 4.475, 4.3, 4.3]
['2017-03-08', 4.3, 4.455, 4.3, 4.35]
['2017-03-09', 4.3, 4.4, 4.1, 4.1]
['2017-03-10', 4.1, 4.3, 4.05, 4.2]
['2017-03-13', 4.2, 4.3, 4.1, 4.2]
['2017-03-14', 4.2, 4.25, 4.025, 4.1]
['2017-03-15', 4.15, 4.35, 4.05, 4.3]
['2017-03-16', 4.3, 4.6, 4.25, 4.55]
['2017-03-17', 4.5, 4.65, 4.35, 4.6]
['2017-03-20', 4.55, 4.7, 4.35, 4.7]
['2017-03-21', 4.7, 4.8, 4.45, 4.55]
['2017-03-22', 4.55, 4.55, 4.2, 4.3]
['2017-03-23', 4.3, 4.4, 4.25, 4.4]
['2017-03-24', 4.4, 4.55, 4.35, 4.4]
['2017-03-27', 4.35, 4.45, 4.35, 4.4]
['2017-03-28', 4.4, 4.45, 4.3, 4.3]
['2017-03-29', 4.25, 4.5, 4.25, 4.45]
['2017-03-30', 4.45, 4.45, 4.3, 4.3]
['2017-03-31', 4.25, 4.45, 4.25, 4.35]
['2017-04-03', 4.35, 4.4, 4.25, 4.35]
['2017-04-04', 4.35, 4.55, 4.305, 4.45]
['2017-04-05', 4.45, 4.525, 4.3, 4.35]
['2017-04-06', 4.35, 4.5, 4.2, 4.5]
['2017-04-07', 4.5, 4.5, 4.3, 4.4]
['2017-04-10', 4.35, 4.45, 4.3, 4.35]
['2017-04-11', 4.35, 4.45, 4.2, 4.3]
['2017-04-12', 4.3, 4.35, 4.25, 4.25]
['2017-04-13', 4.25, 4.4, 4.2, 4.35]
['2017-04-17', 4.35, 4.4, 4.25, 4.35]
['2017-04-18', 4.35, 4.4, 4.3, 4.4]
['2017-04-19', 4.4, 4.45, 4.3, 4.35]
['2017-04-20', 4.4, 4.4, 4.325, 4.4]
['2017-04-21', 4.35, 4.45, 4.35, 4.375]
['2017-04-24', 4.45, 4.55, 4.35, 4.5]
['2017-04-25', 4.55, 4.75, 4.45, 4.5]
['2017-04-26', 4.5, 4.587, 4.45, 4.5]
['2017-04-27', 4.5, 4.55, 4.45, 4.45]
['2017-04-28', 4.75, 4.85, 4.45, 4.55]
['2017-05-01', 4.6, 4.9, 4.6, 4.8]
['2017-05-02', 4.65, 4.85, 4.65, 4.7]
['2017-05-03', 4.6, 4.8, 4.55, 4.6]
['2017-05-04', 4.6, 4.7, 4.55, 4.65]
['2017-05-05', 4.65, 4.85, 4.595, 4.75]
['2017-05-08', 4.75, 5.05, 4.75, 4.85]
['2017-05-09', 4.9, 5.275, 4.85, 5.15]
['2017-05-10', 5.05, 5.4, 5.0, 5.3]
['2017-05-11', 5.3, 5.4, 4.99, 5.4]
['2017-05-12', 5.25, 5.5, 5.25, 5.4]
['2017-05-15', 5.45, 5.6, 5.425, 5.5]
['2017-05-16', 5.55, 5.6, 5.275, 5.4]
['2017-05-17', 5.3, 5.45, 5.11, 5.25]
['2017-05-18', 5.2, 5.4, 5.15, 5.25]
['2017-05-19', 5.3, 5.4, 5.25, 5.35]
['2017-05-22', 5.25, 5.4, 5.25, 5.35]
['2017-05-23', 5.3, 5.425, 5.2, 5.3]
['2017-05-24', 5.25, 5.4, 5.15, 5.2]
['2017-05-25', 5.15, 5.3, 5.15, 5.2]
['2017-05-26', 5.2, 5.65, 5.15, 5.3]
['2017-05-30', 5.3, 5.35, 5.2, 5.25]
['2017-05-31', 5.3, 5.4, 5.15, 5.4]
['2017-06-01', 5.45, 5.55, 5.3, 5.45]
['2017-06-02', 5.45, 5.55, 5.318, 5.45]
['2017-06-05', 5.4, 5.6, 5.4, 5.5]
['2017-06-06', 5.5, 5.7, 5.45, 5.6]
['2017-06-07', 5.65, 5.675, 5.5, 5.55]
['2017-06-08', 5.5, 5.6, 5.5, 5.6]
['2017-06-09', 5.6, 5.631, 5.2, 5.3]
['2017-06-12', 5.4, 5.95, 5.35, 5.95]
['2017-06-13', 5.95, 6.35, 5.925, 6.25]
['2017-06-14', 6.3, 6.55, 6.1, 6.3]
['2017-06-15', 6.25, 6.4, 6.2, 6.35]
['2017-06-16', 6.25, 6.5, 6.15, 6.2]
['2017-06-19', 6.3, 6.425, 6.15, 6.4]
['2017-06-20', 6.45, 6.5, 6.3, 6.35]
['2017-06-21', 6.35, 6.45, 6.255, 6.4]
['2017-06-22', 6.45, 6.55, 6.342, 6.55]
['2017-06-23', 6.6, 6.775, 6.505, 6.6]
['2017-06-26', 6.6, 6.75, 6.25, 6.3]
['2017-06-27', 6.3, 6.45, 6.05, 6.15]
['2017-06-28', 6.15, 6.3, 6.05, 6.15]
['2017-06-29', 6.15, 6.2, 5.85, 6.0]
['2017-06-30', 6.0, 6.05, 5.9, 6.05]
['2017-07-03', 6.05, 6.05, 5.75, 5.85]
['2017-07-05', 5.8, 5.95, 5.8, 5.95]
['2017-07-06', 5.85, 5.9, 5.75, 5.75]
['2017-07-07', 5.75, 5.95, 5.75, 5.9]
['2017-07-10', 5.9, 6.05, 5.775, 5.95]
['2017-07-11', 6.0, 6.25, 5.95, 6.0]
['2017-07-12', 6.15, 6.2, 5.9, 6.0]
['2017-07-13', 6.0, 6.1, 5.85, 6.05]
['2017-07-14', 6.05, 6.15, 5.95, 6.05]
['2017-07-17', 6.05, 6.225, 6.0, 6.05]
['2017-07-18', 6.05, 6.15, 6.0, 6.1]
['2017-07-19', 6.15, 6.35, 6.075, 6.25]
['2017-07-20', 6.25, 6.325, 6.15, 6.25]
['2017-07-21', 6.3, 6.55, 6.2, 6.25]
['2017-07-24', 6.3, 6.35, 5.85, 5.95]
['2017-07-25', 5.95, 5.95, 5.5, 5.65]
['2017-07-26', 5.7, 5.75, 5.425, 5.5]
['2017-07-27', 5.5, 5.55, 5.25, 5.55]
['2017-07-28', 4.9, 5.1, 4.4, 4.45]
['2017-07-31', 4.45, 4.6, 4.01, 4.525]
['2017-08-01', 4.5, 4.7, 4.45, 4.55]
['2017-08-02', 4.55, 4.6, 4.36, 4.55]
['2017-08-03', 4.5, 4.55, 4.25, 4.35]
['2017-08-04', 4.4, 4.425, 4.275, 4.4]
['2017-08-07', 4.4, 4.4, 4.25, 4.325]
['2017-08-08', 4.3, 4.3, 4.0, 4.1]
['2017-08-09', 4.1, 4.125, 3.975, 4.05]
['2017-08-10', 4.05, 4.1, 3.85, 3.9]
['2017-08-11', 3.9, 4.05, 3.85, 3.95]
['2017-08-14', 4.05, 4.1, 3.9, 3.9]
['2017-08-15', 3.95, 4.075, 3.9, 3.9]
['2017-08-16', 3.85, 4.125, 3.85, 3.95]
['2017-08-17', 4.0, 4.15, 3.9, 3.9]
['2017-08-18', 3.9, 4.025, 3.85, 3.9]
['2017-08-21', 3.9, 3.95, 3.8, 3.85]
['2017-08-22', 3.85, 3.95, 3.825, 3.85]
['2017-08-23', 3.8, 3.95, 3.8, 3.9]
['2017-08-24', 3.85, 3.95, 3.8, 3.9]
['2017-08-25', 3.9, 3.95, 3.725, 3.8]
['2017-08-28', 3.8, 3.8, 3.675, 3.75]
['2017-08-29', 3.7, 3.9, 3.7, 3.85]
['2017-08-30', 3.8, 3.925, 3.8, 3.8]
['2017-08-31', 3.85, 3.925, 3.8, 3.8]
['2017-09-01', 3.85, 3.975, 3.7, 3.9]
['2017-09-05', 3.8, 3.9, 3.775, 3.8]
['2017-09-06', 3.8, 3.95, 3.8, 3.9]
['2017-09-07', 3.9, 3.975, 3.7, 3.725]
['2017-09-08', 3.75, 3.9, 3.75, 3.9]
['2017-09-11', 3.9, 4.0, 3.8, 4.0]
['2017-09-12', 4.0, 4.0, 3.85, 3.85]
['2017-09-13', 3.9, 4.05, 3.9, 3.95]
['2017-09-14', 3.95, 4.0, 3.9, 3.95]
['2017-09-15', 3.95, 4.0, 3.6, 3.65]
['2017-09-18', 3.7, 3.9, 3.655, 3.7]
['2017-09-19', 3.75, 3.75, 3.55, 3.6]
['2017-09-20', 3.65, 3.675, 3.55, 3.6]
['2017-09-21', 3.6, 3.6, 3.5, 3.525]
['2017-09-22', 3.45, 3.55, 3.45, 3.5]
['2017-09-25', 3.45, 3.65, 3.45, 3.5]
['2017-09-26', 3.55, 3.55, 3.45, 3.5]
['2017-09-27', 3.5, 3.6, 3.45, 3.6]
['2017-09-28', 3.55, 3.64, 3.45, 3.55]
['2017-09-29', 3.5, 3.8, 3.5, 3.7]
['2017-10-02', 3.75, 3.9, 3.7, 3.8]
['2017-10-03', 3.85, 3.9, 3.75, 3.85]
['2017-10-04', 3.8, 3.85, 3.7, 3.75]
['2017-10-05', 4.1, 4.3, 4.0, 4.1]
['2017-10-06', 4.15, 4.2, 4.05, 4.1]
['2017-10-09', 4.1, 4.2, 3.85, 3.9]
['2017-10-10', 3.95, 4.05, 3.85, 3.95]
['2017-10-11', 3.95, 4.05, 3.9, 3.95]
['2017-10-12', 3.95, 3.95, 3.9, 3.95]
['2017-10-13', 3.95, 3.95, 3.8, 3.85]
['2017-10-16', 3.9, 4.0, 3.85, 3.9]
['2017-10-17', 3.85, 3.95, 3.75, 3.8]
['2017-10-18', 3.25, 3.6, 3.2, 3.55]
['2017-10-19', 3.5, 3.525, 3.35, 3.45]
['2017-10-20', 3.45, 3.85, 3.45, 3.75]
['2017-10-23', 3.75, 3.75, 3.6, 3.65]
['2017-10-24', 3.7, 3.75, 3.6, 3.6]
['2017-10-25', 3.55, 3.635, 3.45, 3.5]
['2017-10-26', 3.5, 3.6, 3.425, 3.5]
['2017-10-27', 3.55, 3.65, 3.45, 3.55]
['2017-10-30', 3.6, 3.7, 3.5, 3.65]
['2017-10-31', 3.7, 3.85, 3.6, 3.85]
['2017-11-01', 3.85, 3.925, 3.7, 3.85]
['2017-11-02', 3.85, 4.05, 3.85, 3.975]
['2017-11-03', 3.95, 4.1, 3.9, 4.05]
['2017-11-06', 4.05, 4.1, 3.925, 4.0]
['2017-11-07', 3.95, 4.1, 3.9, 3.9]
['2017-11-08', 3.95, 4.05, 3.9, 3.95]
['2017-11-09', 3.95, 4.075, 3.8, 3.85]
['2017-11-10', 3.9, 4.0, 3.8, 3.95]
['2017-11-13', 3.9, 4.05, 3.85, 3.9]
['2017-11-14', 3.85, 3.95, 3.8, 3.85]
['2017-11-15', 3.8, 3.9, 3.7, 3.85]
['2017-11-16', 3.85, 3.95, 3.775, 3.9]
['2017-11-17', 3.9, 3.9, 3.8, 3.85]
['2017-11-20', 3.85, 4.0, 3.8, 3.95]
['2017-11-21', 3.9, 4.0, 3.79, 3.875]
['2017-11-22', 3.85, 3.9, 3.775, 3.85]
['2017-11-24', 3.8, 3.975, 3.8, 3.95]
['2017-11-27', 3.9, 3.925, 3.8, 3.85]
['2017-11-28', 3.85, 4.0, 3.825, 3.9]
['2017-11-29', 3.85, 4.05, 3.85, 3.9]
['2017-11-30', 3.9, 3.95, 3.825, 3.9]
['2017-12-01', 3.85, 4.0, 3.85, 3.95]
['2017-12-04', 4.0, 4.0, 3.85, 3.85]
['2017-12-05', 3.9, 4.0, 3.8, 3.95]
['2017-12-06', 3.9, 4.0, 3.85, 3.9]
['2017-12-07', 3.85, 3.94, 3.8, 3.85]
['2017-12-08', 3.85, 3.9, 3.85, 3.9]
['2017-12-11', 3.85, 4.0, 3.8, 3.9]
['2017-12-12', 3.95, 4.1, 3.91, 3.95]
['2017-12-13', 4.0, 4.05, 3.85, 3.9]
['2017-12-14', 3.9, 3.925, 3.8, 3.85]
['2017-12-15', 3.8, 3.95, 3.8, 3.85]
['2017-12-18', 3.9, 3.95, 3.85, 3.875]
['2017-12-19', 3.9, 4.0, 3.85, 3.85]
['2017-12-20', 3.9, 4.09, 3.825, 3.95]
['2017-12-21', 3.9, 4.1, 3.9, 4.05]
['2017-12-22', 4.05, 4.1, 3.95, 4.0]
['2017-12-26', 4.05, 4.1, 3.95, 3.95]
['2017-12-27', 4.0, 4.05, 3.9, 3.95]
['2017-12-28', 3.95, 4.0, 3.9, 3.95]
['2017-12-29', 3.95, 3.982, 3.85, 3.9]
['2018-01-02', 3.95, 4.05, 3.9, 4.0]
['2018-01-03', 3.95, 4.05, 3.9, 3.9]
['2018-01-04', 3.95, 4.0, 3.85, 3.95]
['2018-01-05', 3.95, 4.0, 3.9, 3.975]
['2018-01-08', 3.95, 4.0, 3.9, 3.95]
['2018-01-09', 3.95, 4.0, 3.9, 3.95]
['2018-01-10', 3.95, 4.0, 3.9, 3.95]
['2018-01-11', 3.9, 4.15, 3.9, 4.15]
['2018-01-12', 4.1, 4.25, 4.1, 4.2]
['2018-01-16', 4.2, 4.35, 4.1, 4.2]
['2018-01-17', 4.3, 4.3, 4.1, 4.15]
['2018-01-18', 4.2, 4.25, 4.1, 4.125]
['2018-01-19', 4.1, 4.2, 4.0, 4.1]
['2018-01-22', 4.05, 4.1, 4.0, 4.05]
['2018-01-23', 4.0, 4.1, 4.0, 4.025]
['2018-01-24', 4.05, 4.05, 3.925, 4.0]
['2018-01-25', 4.0, 4.15, 4.0, 4.05]
['2018-01-26', 4.05, 4.2, 4.05, 4.2]
['2018-01-29', 4.2, 4.2, 4.05, 4.05]
['2018-01-30', 4.5, 4.6, 4.2, 4.325]
['2018-01-31', 4.4, 4.59, 4.35, 4.5]
['2018-02-01', 4.45, 4.55, 4.31, 4.5]
['2018-02-02', 4.45, 4.5, 4.35, 4.4]
['2018-02-05', 4.35, 4.445, 4.1, 4.2]
['2018-02-06', 4.1, 4.25, 4.0, 4.05]
['2018-02-07', 4.05, 4.25, 3.8, 4.05]
['2018-02-08', 4.05, 4.1, 3.95, 4.0]
['2018-02-09', 4.75, 5.05, 4.65, 4.8]
['2018-02-12', 4.85, 4.9, 4.7, 4.8]
['2018-02-13', 4.75, 4.8, 4.65, 4.75]
['2018-02-14', 4.7, 5.1, 4.7, 5.05]
['2018-02-15', 5.0, 5.2, 4.95, 5.2]
['2018-02-16', 5.05, 5.2, 4.95, 5.1]
['2018-02-20', 5.05, 5.3, 5.0, 5.025]
['2018-02-21', 5.0, 5.075, 4.85, 5.0]
['2018-02-22', 4.95, 5.025, 4.8, 4.875]
['2018-02-23', 4.8, 4.9, 4.7, 4.85]
['2018-02-26', 4.85, 5.05, 4.85, 4.95]
['2018-02-27', 4.85, 5.075, 4.85, 4.85]
['2018-02-28', 4.8, 4.95, 4.8, 4.8]
['2018-03-01', 4.8, 4.85, 4.65, 4.8]
['2018-03-02', 4.75, 4.95, 4.7, 4.85]
['2018-03-05', 4.8, 4.9, 4.75, 4.9]
['2018-03-06', 4.85, 4.975, 4.8, 4.9]
['2018-03-07', 4.85, 4.9, 4.75, 4.75]
['2018-03-08', 4.75, 4.9, 4.75, 4.775]
['2018-03-09', 4.75, 4.85, 4.75, 4.85]
['2018-03-12', 4.85, 4.85, 4.75, 4.825]
['2018-03-13', 4.85, 4.9, 4.65, 4.75]
['2018-03-14', 4.75, 4.8, 4.65, 4.7]
['2018-03-15', 4.7, 4.75, 4.6, 4.75]
['2018-03-16', 4.75, 4.85, 4.5, 4.75]
['2018-03-19', 4.7, 4.75, 4.6, 4.7]
['2018-03-20', 4.7, 4.85, 4.65, 4.8]
['2018-03-21', 4.8, 5.1, 4.8, 5.1]
['2018-03-22', 5.1, 5.2, 4.9, 5.15]
['2018-03-23', 5.15, 5.15, 5.0, 5.1]
['2018-03-26', 5.2, 5.2, 5.05, 5.2]
['2018-03-27', 5.2, 5.2, 4.85, 4.85]
['2018-03-28', 4.9, 4.95, 4.75, 4.9]
['2018-03-29', 4.9, 4.975, 4.85, 4.95]
['2018-04-02', 4.9, 4.975, 4.75, 4.85]
['2018-04-03', 4.9, 5.0, 4.825, 4.85]
['2018-04-04', 4.8, 5.025, 4.75, 5.0]
['2018-04-05', 5.05, 5.05, 4.85, 4.875]
['2018-04-06', 4.85, 4.9, 4.725, 4.85]
['2018-04-09', 4.85, 5.025, 4.85, 4.9]
['2018-04-10', 4.9, 4.975, 4.85, 4.85]
['2018-04-11', 4.85, 4.95, 4.8, 4.95]
['2018-04-12', 4.95, 4.975, 4.9, 4.9]
['2018-04-13', 4.95, 5.0, 4.85, 4.95]
['2018-04-16', 4.95, 4.95, 4.85, 4.9]
['2018-04-17', 4.9, 4.95, 4.9, 4.95]
['2018-04-18', 4.95, 5.1, 4.85, 5.0]
['2018-04-19', 5.0, 5.0, 4.8, 4.825]
['2018-04-20', 4.8, 4.85, 4.575, 4.8]
['2018-04-23', 4.8, 4.825, 4.75, 4.8]
['2018-04-24', 4.8, 4.95, 4.7, 4.75]
['2018-04-25', 4.75, 4.9, 4.675, 4.9]
['2018-04-26', 4.9, 5.025, 4.85, 4.95]
['2018-04-27', 5.0, 5.0, 4.35, 4.6]
['2018-04-30', 4.65, 4.75, 4.525, 4.65]
['2018-05-01', 4.6, 4.65, 4.4, 4.55]
['2018-05-02', 4.6, 4.7, 4.525, 4.6]
['2018-05-03', 4.55, 4.625, 4.15, 4.55]
['2018-05-04', 4.55, 4.55, 4.4, 4.475]
['2018-05-07', 4.45, 4.5, 4.375, 4.45]
['2018-05-08', 4.45, 4.55, 4.3, 4.4]
['2018-05-09', 4.4, 4.4, 4.3, 4.325]
['2018-05-10', 4.35, 4.4, 4.15, 4.35]
['2018-05-11', 4.35, 4.35, 4.15, 4.3]
['2018-05-14', 4.25, 4.35, 4.15, 4.175]
['2018-05-15', 4.15, 4.3, 4.1, 4.2]
['2018-05-16', 4.2, 4.25, 4.1, 4.25]
['2018-05-17', 4.2, 4.3, 4.05, 4.15]
['2018-05-18', 4.2, 4.25, 4.125, 4.15]
['2018-05-21', 4.15, 4.25, 4.15, 4.2]
['2018-05-22', 4.15, 4.25, 4.1, 4.1]
['2018-05-23', 4.1, 4.3, 4.06, 4.25]
['2018-05-24', 4.3, 4.3, 4.1, 4.25]
['2018-05-25', 4.2, 4.4, 4.15, 4.3]
['2018-05-29', 4.25, 4.325, 4.15, 4.25]
['2018-05-30', 4.25, 4.355, 4.21, 4.3]
['2018-05-31', 4.3, 4.35, 4.25, 4.3]
['2018-06-01', 4.3, 4.305, 4.2, 4.25]
['2018-06-04', 4.25, 4.35, 4.2, 4.3]
['2018-06-05', 4.25, 4.35, 4.25, 4.35]
['2018-06-06', 4.3, 4.35, 4.25, 4.3]
['2018-06-07', 4.25, 4.3, 4.15, 4.2]
['2018-06-08', 4.15, 4.225, 4.122, 4.2]
['2018-06-11', 4.2, 4.3, 4.174, 4.25]
['2018-06-12', 4.25, 4.3, 4.2, 4.3]
['2018-06-13', 4.3, 4.55, 4.275, 4.55]
['2018-06-14', 4.55, 4.55, 4.4, 4.5]
['2018-06-15', 4.45, 4.8, 4.4, 4.8]
['2018-06-18', 4.75, 4.9, 4.7, 4.85]
['2018-06-19', 4.8, 4.9, 4.75, 4.9]
['2018-06-20', 4.9, 4.95, 4.85, 4.85]
['2018-06-21', 4.9, 4.9, 4.7, 4.85]
['2018-06-22', 4.85, 4.85, 4.6, 4.8]
['2018-06-25', 4.7, 4.75, 4.55, 4.55]
['2018-06-26', 4.55, 4.65, 4.45, 4.6]
['2018-06-27', 4.55, 4.6, 4.45, 4.45]
['2018-06-28', 4.45, 4.55, 4.4, 4.55]
['2018-06-29', 4.55, 4.55, 4.45, 4.45]
['2018-07-02', 4.45, 4.6, 4.45, 4.6]
['2018-07-03', 4.65, 4.65, 4.5, 4.6]
['2018-07-05', 4.6, 4.65, 4.55, 4.65]
['2018-07-06', 4.6, 4.75, 4.6, 4.75]
['2018-07-09', 4.75, 4.75, 4.65, 4.7]
['2018-07-10', 4.7, 4.75, 4.65, 4.75]
['2018-07-11', 4.7, 4.75, 4.65, 4.725]
['2018-07-12', 4.75, 4.8, 4.7, 4.8]
['2018-07-13', 4.8, 4.85, 4.75, 4.8]
['2018-07-16', 4.8, 4.9, 4.79, 4.9]
['2018-07-17', 4.85, 5.0, 4.85, 4.9]
['2018-07-18', 4.9, 4.95, 4.85, 4.95]
['2018-07-19', 4.9, 5.1, 4.9, 5.0]
['2018-07-20', 4.95, 5.25, 4.95, 5.05]
['2018-07-23', 5.05, 5.175, 5.0, 5.05]
['2018-07-24', 5.1, 5.15, 4.875, 4.95]
['2018-07-25', 5.0, 5.05, 4.925, 4.975]
['2018-07-26', 4.95, 5.0, 4.85, 5.0]
['2018-07-27', 5.05, 5.05, 4.725, 4.75]
['2018-07-30', 4.75, 4.75, 4.625, 4.65]
['2018-07-31', 4.65, 4.825, 4.55, 4.7]
['2018-08-01', 4.8, 5.25, 4.8, 5.0]
['2018-08-02', 5.0, 5.05, 4.95, 5.0]
['2018-08-03', 5.0, 5.0, 4.9, 4.975]
['2018-08-06', 5.0, 5.0, 4.95, 5.0]
['2018-08-07', 4.95, 5.0, 4.925, 5.0]
['2018-08-08', 4.95, 5.0, 4.95, 5.0]
['2018-08-09', 5.0, 5.05, 4.95, 4.95]
['2018-08-10', 4.95, 5.05, 4.9, 4.975]
['2018-08-13', 4.95, 5.05, 4.95, 5.0]
['2018-08-14', 5.0, 5.05, 4.95, 5.05]
['2018-08-15', 5.0, 5.0, 4.85, 4.95]
['2018-08-16', 4.9, 5.0, 4.9, 5.0]
['2018-08-17', 4.95, 4.975, 4.91, 4.95]
['2018-08-20', 4.95, 5.0, 4.86, 4.95]
['2018-08-21', 4.9, 5.0, 4.8, 4.825]
['2018-08-22', 4.75, 4.85, 4.675, 4.725]
['2018-08-23', 4.65, 4.7, 4.475, 4.7]
['2018-08-24', 4.7, 4.95, 4.65, 4.9]
['2018-08-27', 4.9, 4.95, 4.85, 4.9]
['2018-08-28', 4.9, 4.9, 4.8, 4.85]
['2018-08-29', 4.85, 4.9, 4.8, 4.85]
['2018-08-30', 4.85, 4.9, 4.725, 4.9]
['2018-08-31', 4.85, 4.9, 4.8, 4.9]
['2018-09-04', 4.85, 4.85, 4.775, 4.85]
['2018-09-05', 4.85, 4.9, 4.7, 4.9]
['2018-09-06', 4.9, 4.9, 4.85, 4.85]
['2018-09-07', 4.85, 4.9, 4.8, 4.9]
['2018-09-10', 4.9, 5.05, 4.8, 5.05]
['2018-09-11', 5.05, 5.55, 5.025, 5.55]
['2018-09-12', 5.5, 5.71, 5.5, 5.6]
['2018-09-13', 5.6, 5.632, 5.55, 5.55]
['2018-09-14', 5.55, 5.7, 5.525, 5.65]
['2018-09-17', 5.6, 5.695, 5.5, 5.55]
['2018-09-18', 5.55, 5.625, 5.4, 5.475]
['2018-09-19', 5.45, 5.5, 5.35, 5.4]
['2018-09-20', 5.4, 5.6, 5.4, 5.45]
['2018-09-21', 5.45, 5.45, 5.25, 5.25]
['2018-09-24', 5.25, 5.35, 5.2, 5.25]
['2018-09-25', 5.25, 5.375, 5.25, 5.35]
['2018-09-26', 5.35, 5.386, 5.2, 5.3]
['2018-09-27', 5.3, 5.3, 5.15, 5.2]
['2018-09-28', 5.2, 5.3, 5.125, 5.3]
['2018-10-01', 5.3, 5.38, 5.25, 5.34]
['2018-10-02', 5.31, 5.31, 5.13, 5.16]
['2018-10-03', 5.19, 5.28, 5.11, 5.24]
['2018-10-04', 5.23, 5.279, 5.085, 5.15]
['2018-10-05', 5.16, 5.16, 5.01, 5.11]
['2018-10-08', 5.08, 5.14, 4.9, 5.0]
['2018-10-09', 5.0, 5.154, 4.875, 4.99]
['2018-10-10', 4.99, 5.066, 4.7, 4.73]
['2018-10-11', 4.65, 4.86, 4.59, 4.6]
['2018-10-12', 4.71, 4.755, 4.47, 4.49]
['2018-10-15', 4.48, 4.55, 4.42, 4.51]
['2018-10-16', 4.54, 4.8, 4.5, 4.78]
['2018-10-17', 4.75, 4.85, 4.63, 4.69]
['2018-10-18', 4.68, 4.69, 4.53, 4.53]
['2018-10-19', 4.52, 4.59, 4.37, 4.43]
['2018-10-22', 4.45, 4.5, 4.395, 4.44]
['2018-10-23', 4.37, 4.46, 4.29, 4.41]
['2018-10-24', 4.4, 4.48, 4.2, 4.21]
['2018-10-25', 4.25, 4.53, 4.18, 4.29]
['2018-10-26', 4.2, 4.33, 4.12, 4.26]
['2018-10-29', 4.3, 4.38, 3.99, 4.09]
['2018-10-30', 4.07, 4.17, 3.98, 4.17]
['2018-10-31', 4.5, 4.9, 4.43, 4.835]
['2018-11-01', 4.8, 4.99, 4.78, 4.97]
['2018-11-02', 4.95, 5.0, 4.8, 4.92]
['2018-11-05', 4.94, 4.94, 4.76, 4.89]
['2018-11-06', 4.86, 4.98, 4.792, 4.95]
['2018-11-07', 4.95, 5.02, 4.95, 5.02]
['2018-11-08', 4.99, 5.1, 4.96, 5.0]
['2018-11-09', 4.96, 5.045, 4.95, 5.02]
['2018-11-12', 5.02, 5.02, 4.87, 4.92]
['2018-11-13', 4.95, 4.99, 4.84, 4.94]
['2018-11-14', 4.96, 5.03, 4.82, 4.86]
['2018-11-15', 4.84, 4.972, 4.835, 4.93]
['2018-11-16', 4.88, 4.94, 4.83, 4.89]
['2018-11-19', 4.87, 4.91, 4.72, 4.73]
['2018-11-20', 4.65, 4.74, 4.57, 4.64]
['2018-11-21', 4.67, 4.74, 4.65, 4.68]
['2018-11-23', 4.6, 4.73, 4.57, 4.57]
['2018-11-26', 4.6, 4.82, 4.6, 4.8]
['2018-11-27', 4.71, 4.79, 4.68, 4.71]
['2018-11-28', 4.74, 4.87, 4.74, 4.81]
['2018-11-29', 4.76, 4.895, 4.73, 4.81]
['2018-11-30', 4.82, 4.935, 4.8, 4.86]
['2018-12-03', 4.93, 4.93, 4.77, 4.85]
['2018-12-04', 4.85, 4.92, 4.77, 4.77]
['2018-12-06', 4.69, 4.81, 4.66, 4.72]
['2018-12-07', 4.73, 4.83, 4.62, 4.67]
['2018-12-10', 4.67, 4.78, 4.6, 4.66]
['2018-12-11', 4.7, 4.77, 4.55, 4.6]
['2018-12-12', 4.66, 4.77, 4.58, 4.67]
['2018-12-13', 4.69, 4.74, 4.57, 4.58]
['2018-12-14', 4.53, 4.63, 4.48, 4.53]
['2018-12-17', 4.51, 4.54, 4.34, 4.36]
['2018-12-18', 4.4, 4.46, 4.34, 4.36]
['2018-12-19', 4.36, 4.425, 4.31, 4.38]
['2018-12-20', 4.38, 4.42, 4.265, 4.29]
['2018-12-21', 4.3, 4.32, 4.115, 4.15]
['2018-12-24', 4.16, 4.23, 4.14, 4.16]
['2018-12-26', 4.2, 4.44, 4.18, 4.42]
['2018-12-27', 4.35, 4.44, 4.3, 4.43]
['2018-12-28', 4.41, 4.61, 4.395, 4.56]
['2018-12-31', 4.59, 4.624, 4.445, 4.59]
['2019-01-02', 4.51, 4.6, 4.455, 4.52]
['2019-01-03', 4.48, 4.52, 4.39, 4.42]
['2019-01-04', 4.49, 4.65, 4.46, 4.63]
['2019-01-07', 4.62, 4.69, 4.6, 4.65]
['2019-01-08', 4.65, 4.82, 4.6, 4.8]
['2019-01-09', 4.81, 4.815, 4.68, 4.7]
['2019-01-10', 4.64, 4.72, 4.64, 4.69]
['2019-01-11', 4.65, 4.69, 4.57, 4.62]
['2019-01-14', 4.59, 4.59, 4.435, 4.45]
['2019-01-15', 4.45, 4.63, 4.415, 4.58]
['2019-01-16', 4.59, 4.61, 4.485, 4.57]
['2019-01-17', 4.56, 4.7, 4.56, 4.66]
['2019-01-18', 4.68, 4.83, 4.68, 4.83]
['2019-01-22', 4.8, 4.87, 4.773, 4.87]
['2019-01-23', 4.88, 4.927, 4.83, 4.87]
['2019-01-24', 4.88, 5.04, 4.86, 5.01]
['2019-01-25', 5.02, 5.05, 4.98, 5.0]
['2019-01-28', 4.96, 5.0, 4.78, 4.85]
['2019-01-29', 4.85, 4.85, 4.77, 4.79]
['2019-01-30', 4.8, 4.83, 4.74, 4.81]
['2019-01-31', 4.8, 4.93, 4.8, 4.85]
['2019-02-01', 4.84, 5.02, 4.81, 5.01]
['2019-02-04', 5.01, 5.18, 5.01, 5.03]
['2019-02-05', 5.05, 5.25, 5.049, 5.23]
['2019-02-06', 5.23, 5.39, 5.17, 5.37]
['2019-02-07', 5.37, 5.48, 5.29, 5.38]
['2019-02-08', 4.88, 5.175, 4.8, 4.98]
['2019-02-11', 4.99, 5.02, 4.91, 4.95]
['2019-02-12', 4.94, 4.95, 4.83, 4.85]
['2019-02-13', 4.87, 4.92, 4.84, 4.85]
['2019-02-14', 4.81, 4.95, 4.76, 4.92]
['2019-02-15', 4.95, 5.03, 4.86, 4.89]
['2019-02-19', 4.85, 4.905, 4.81, 4.81]
['2019-02-20', 4.81, 4.87, 4.7, 4.83]
['2019-02-21', 4.8, 4.87, 4.76, 4.81]
['2019-02-22', 4.81, 4.89, 4.8, 4.83]
['2019-02-25', 4.85, 4.93, 4.81, 4.85]
['2019-02-26', 4.83, 4.88, 4.77, 4.85]
['2019-02-27', 4.84, 4.95, 4.78, 4.94]
['2019-02-28', 4.85, 5.13, 4.81, 5.06]
['2019-03-01', 5.09, 5.19, 4.97, 5.05]
['2019-03-04', 5.05, 5.1, 4.905, 4.91]
['2019-03-05', 4.92, 4.93, 4.67, 4.68]
['2019-03-06', 4.66, 4.83, 4.655, 4.73]
['2019-03-07', 4.74, 4.795, 4.66, 4.73]
['2019-03-08', 4.7, 4.76, 4.63, 4.73]
['2019-03-11', 4.71, 4.845, 4.71, 4.82]
['2019-03-12', 4.79, 4.9, 4.79, 4.84]
['2019-03-13', 4.85, 4.9, 4.79, 4.87]
['2019-03-14', 4.87, 4.96, 4.86, 4.92]
['2019-03-15', 4.91, 5.1, 4.83, 5.02]
['2019-03-18', 5.03, 5.05, 4.87, 5.02]
['2019-03-19', 5.03, 5.06, 4.98, 5.06]
['2019-03-20', 5.1, 5.44, 5.1, 5.35]
['2019-03-21', 5.32, 5.63, 5.292, 5.62]
['2019-03-22', 5.6, 5.63, 5.295, 5.3]
['2019-03-25', 5.29, 5.53, 5.22, 5.46]
['2019-03-26', 5.52, 5.69, 5.5, 5.63]
['2019-03-27', 5.6, 5.63, 5.49, 5.54]
['2019-03-28', 5.54, 5.61, 5.43, 5.5]
['2019-03-29', 5.53, 5.55, 5.44, 5.47]
['2019-04-01', 5.51, 5.62, 5.47, 5.6]
['2019-04-02', 5.6, 5.68, 5.575, 5.67]
['2019-04-03', 5.68, 5.86, 5.65, 5.71]
['2019-04-04', 5.72, 5.755, 5.48, 5.53]
['2019-04-05', 5.55, 5.55, 5.385, 5.41]
['2019-04-08', 5.42, 5.43, 5.285, 5.33]
['2019-04-09', 5.32, 5.43, 5.27, 5.38]
['2019-04-10', 5.37, 5.45, 5.36, 5.43]
['2019-04-11', 5.43, 5.53, 5.43, 5.48]
['2019-04-12', 5.54, 5.6, 5.49, 5.55]
['2019-04-15', 5.56, 5.63, 5.54, 5.62]
['2019-04-16', 5.66, 5.74, 5.61, 5.67]
['2019-04-17', 5.72, 5.72, 5.58, 5.61]
['2019-04-18', 5.58, 5.69, 5.555, 5.63]
['2019-04-22', 5.62, 5.64, 5.55, 5.63]
['2019-04-23', 5.65, 5.735, 5.65, 5.72]
['2019-04-24', 5.72, 5.93, 5.7, 5.84]
['2019-04-25', 5.83, 6.03, 5.76, 6.01]
['2019-04-26', 5.86, 6.58, 5.75, 6.51]
['2019-04-29', 5.96, 6.42, 5.92, 5.93]
['2019-04-30', 5.99, 6.0, 5.78, 5.93]
['2019-05-01', 5.98, 5.99, 5.84, 5.88]
['2019-05-02', 5.84, 5.93, 5.8, 5.87]
['2019-05-03', 5.89, 6.155, 5.872, 6.07]
['2019-05-06', 5.91, 6.06, 5.84, 6.02]
['2019-05-07', 5.97, 6.04, 5.73, 5.8]
['2019-05-08', 5.79, 5.85, 5.58, 5.66]
['2019-05-09', 5.59, 5.65, 5.39, 5.54]
['2019-05-10', 5.46, 5.56, 5.41, 5.52]
['2019-05-13', 5.4, 5.43, 5.295, 5.34]
['2019-05-14', 5.34, 5.44, 5.34, 5.42]
['2019-05-15', 5.38, 5.74, 5.38, 5.62]
['2019-05-16', 5.64, 5.71, 5.56, 5.62]
['2019-05-17', 5.54, 5.63, 5.5, 5.58]
['2019-05-20', 5.51, 5.585, 5.445, 5.53]
['2019-05-21', 5.55, 5.63, 5.55, 5.57]
['2019-05-22', 5.53, 5.75, 5.53, 5.74]
['2019-05-23', 5.7, 5.76, 5.58, 5.64]
['2019-05-24', 5.62, 5.79, 5.62, 5.64]
['2019-05-28', 5.64, 5.69, 5.61, 5.65]
['2019-05-29', 5.6, 5.66, 5.52, 5.61]
['2019-05-30', 5.63, 5.66, 5.58, 5.62]
['2019-05-31', 5.6, 5.63, 5.52, 5.59]
['2019-06-03', 5.66, 5.66, 5.4, 5.44]
['2019-06-04', 5.48, 5.49, 5.35, 5.41]
['2019-06-05', 5.45, 5.5, 5.37, 5.4]
['2019-06-06', 5.4, 5.435, 5.23, 5.26]
['2019-06-07', 5.29, 5.365, 5.27, 5.32]
['2019-06-10', 5.33, 5.48, 5.3, 5.46]
['2019-06-11', 5.48, 5.53, 5.39, 5.42]
['2019-06-12', 5.37, 5.5, 5.36, 5.45]
['2019-06-13', 5.45, 5.545, 5.45, 5.5]
['2019-06-14', 5.47, 5.525, 5.46, 5.47]
['2019-06-17', 5.49, 5.76, 5.49, 5.71]
['2019-06-18', 5.76, 5.81, 5.65, 5.74]
['2019-06-19', 5.77, 5.98, 5.76, 5.96]
['2019-06-20', 5.98, 6.055, 5.79, 5.84]
['2019-06-21', 5.82, 5.85, 5.74, 5.83]
['2019-06-24', 5.88, 5.9, 5.77, 5.8]
['2019-06-25', 5.81, 5.81, 5.67, 5.69]
['2019-06-26', 5.75, 5.905, 5.7, 5.87]
['2019-06-27', 5.89, 6.12, 5.89, 6.09]
['2019-06-28', 6.1, 6.26, 5.964, 6.2]
['2019-07-01', 6.22, 6.39, 6.205, 6.37]
['2019-07-02', 6.39, 6.39, 6.235, 6.27]
['2019-07-03', 6.29, 6.32, 6.24, 6.27]
['2019-07-05', 6.21, 6.26, 6.15, 6.23]
['2019-07-08', 6.16, 6.16, 6.03, 6.1]
['2019-07-09', 6.11, 6.25, 6.09, 6.2]
['2019-07-10', 6.2, 6.27, 6.2, 6.24]
['2019-07-11', 6.27, 6.275, 6.165, 6.24]
['2019-07-12', 6.25, 6.34, 6.21, 6.23]
['2019-07-15', 6.25, 6.26, 6.12, 6.21]
['2019-07-16', 6.19, 6.26, 6.13, 6.21]
['2019-07-17', 6.23, 6.31, 6.15, 6.26]
['2019-07-18', 6.25, 6.29, 6.205, 6.29]
['2019-07-19', 6.29, 6.58, 6.29, 6.51]
['2019-07-22', 6.53, 6.655, 6.34, 6.4]
['2019-07-23', 6.45, 6.54, 6.35, 6.38]
['2019-07-24', 6.97, 6.97, 6.8, 6.88]
['2019-07-25', 6.82, 6.96, 6.77, 6.93]
['2019-07-26', 6.98, 7.09, 6.95, 7.05]
['2019-07-29', 7.08, 7.098, 6.89, 7.01]
['2019-07-30', 6.96, 7.03, 6.905, 6.94]
['2019-07-31', 6.94, 7.01, 6.82, 6.9]
['2019-08-01', 6.91, 7.03, 6.86, 6.89]
['2019-08-02', 6.85, 7.42, 6.59, 7.27]
['2019-08-05', 6.91, 7.02, 6.74, 6.86]
['2019-08-06', 6.94, 7.09, 6.7, 6.7]
['2019-08-07', 6.65, 6.77, 6.613, 6.71]
['2019-08-08', 6.76, 7.0, 6.76, 7.0]
['2019-08-09', 6.96, 7.03, 6.81, 6.83]
['2019-08-12', 6.81, 6.89, 6.72, 6.77]
['2019-08-13', 6.81, 6.93, 6.795, 6.86]
['2019-08-14', 6.76, 6.76, 6.504, 6.57]
['2019-08-15', 6.61, 6.73, 6.56, 6.65]
['2019-08-16', 6.65, 6.86, 6.65, 6.82]
['2019-08-19', 6.85, 6.93, 6.815, 6.85]
['2019-08-20', 6.89, 6.92, 6.81, 6.9]
['2019-08-21', 7.0, 7.1, 6.9, 6.91]
['2019-08-22', 6.88, 7.14, 6.73, 7.06]
['2019-08-23', 7.02, 7.36, 6.99, 7.11]
['2019-08-26', 7.12, 7.19, 6.92, 6.99]
['2019-08-27', 7.05, 7.05, 6.82, 6.83]
['2019-08-28', 6.82, 6.87, 6.715, 6.82]
['2019-08-29', 6.59, 6.9, 6.36, 6.83]
['2019-08-30', 6.86, 6.92, 6.72, 6.9]
['2019-09-03', 6.9, 6.98, 6.77, 6.79]
['2019-09-04', 6.87, 6.92, 6.84, 6.86]
['2019-09-05', 6.9, 7.13, 6.84, 7.08]
['2019-09-06', 7.05, 7.21, 7.04, 7.09]
['2019-09-09', 7.13, 7.27, 7.035, 7.22]
['2019-09-10', 7.18, 7.32, 7.135, 7.26]
['2019-09-11', 7.21, 7.61, 7.06, 7.52]
['2019-09-12', 7.52, 7.72, 7.51, 7.59]
['2019-09-13', 7.6, 7.69, 7.48, 7.52]
['2019-09-16', 7.46, 7.62, 7.38, 7.59]
['2019-09-17', 7.62, 7.79, 7.53, 7.67]
['2019-09-18', 7.55, 7.66, 7.361, 7.49]
['2019-09-19', 7.5, 7.565, 7.35, 7.37]
['2019-09-20', 7.38, 7.47, 7.14, 7.16]
['2019-09-23', 7.15, 7.16, 6.9, 7.13]
['2019-09-24', 7.15, 7.225, 6.94, 6.96]
['2019-09-25', 6.95, 7.057, 6.8, 7.03]
['2019-09-26', 6.99, 7.02, 6.76, 6.79]
['2019-09-27', 6.81, 6.83, 6.46, 6.55]
['2019-09-30', 6.58, 6.63, 6.447, 6.545]
['2019-10-01', 6.58, 6.63, 6.41, 6.5]
['2019-10-02', 6.48, 6.48, 6.17, 6.33]
['2019-10-03', 6.31, 6.42, 6.235, 6.415]
['2019-10-04', 6.45, 6.51, 6.41, 6.5]
['2019-10-07', 6.5, 6.59, 6.45, 6.58]
['2019-10-08', 6.53, 6.56, 6.4, 6.41]
['2019-10-09', 6.45, 6.46, 6.3, 6.41]
['2019-10-10', 6.42, 6.425, 6.28, 6.28]
['2019-10-11', 6.35, 6.47, 6.31, 6.43]
['2019-10-14', 6.4, 6.455, 6.37, 6.4]
['2019-10-15', 6.43, 6.54, 6.37, 6.505]
['2019-10-16', 6.45, 6.56, 6.35, 6.415]
['2019-10-17', 6.41, 6.45, 6.29, 6.32]
['2019-10-18', 6.27, 6.314, 6.14, 6.18]
['2019-10-21', 6.23, 6.285, 6.15, 6.22]
['2019-10-22', 6.25, 6.28, 6.04, 6.08]
['2019-10-23', 6.06, 6.16, 6.06, 6.14]
['2019-10-24', 6.19, 6.28, 6.16, 6.2]
['2019-10-25', 6.17, 6.23, 6.11, 6.18]
['2019-10-28', 6.18, 6.3, 6.15, 6.18]
['2019-10-29', 6.2, 6.24, 6.16, 6.2]
['2019-10-30', 6.21, 6.295, 6.2, 6.29]
['2019-10-31', 6.33, 6.41, 6.25, 6.26]
['2019-11-01', 5.15, 5.19, 4.59, 4.735]
['2019-11-04', 4.77, 4.89, 4.75, 4.82]
['2019-11-05', 4.8, 4.91, 4.79, 4.9]
['2019-11-06', 4.92, 5.0, 4.8, 4.88]
['2019-11-07', 4.9, 4.93, 4.87, 4.88]
['2019-11-08', 4.85, 4.9, 4.76, 4.76]
['2019-11-11', 4.78, 4.83, 4.75, 4.81]
['2019-11-12', 4.83, 4.93, 4.8, 4.83]
['2019-11-13', 4.91, 4.91, 4.755, 4.83]
['2019-11-14', 4.81, 4.845, 4.805, 4.82]
['2019-11-15', 4.86, 4.86, 4.69, 4.735]
['2019-11-18', 4.71, 4.79, 4.68, 4.74]
['2019-11-19', 4.75, 4.77, 4.69, 4.76]
['2019-11-20', 4.75, 4.81, 4.71, 4.81]
['2019-11-21', 4.78, 4.81, 4.7, 4.73]
['2019-11-22', 4.72, 4.75, 4.65, 4.71]
['2019-11-25', 4.65, 4.79, 4.65, 4.75]
['2019-11-26', 4.72, 4.84, 4.72, 4.74]
['2019-11-27', 4.76, 4.88, 4.76, 4.86]
['2019-11-29', 4.83, 4.91, 4.79, 4.83]
['2019-12-02', 4.84, 4.86, 4.74, 4.77]
['2019-12-03', 4.76, 4.79, 4.735, 4.78]
['2019-12-04', 4.81, 4.82, 4.69, 4.71]
['2019-12-05', 4.7, 4.71, 4.62, 4.635]
['2019-12-06', 4.61, 4.68, 4.6, 4.63]
['2019-12-09', 4.63, 4.67, 4.57, 4.585]
['2019-12-10', 4.59, 4.6, 4.52, 4.54]
['2019-12-11', 4.56, 4.57, 4.49, 4.51]
['2019-12-12', 4.51, 4.64, 4.47, 4.56]
['2019-12-13', 4.56, 4.74, 4.56, 4.665]
['2019-12-16', 4.69, 4.875, 4.67, 4.87]
['2019-12-17', 4.87, 4.907, 4.79, 4.83]
['2019-12-18', 4.85, 4.85, 4.74, 4.76]
['2019-12-19', 4.75, 4.81, 4.7, 4.81]
['2019-12-20', 4.83, 4.93, 4.81, 4.82]
['2019-12-23', 4.86, 4.905, 4.725, 4.89]
['2019-12-24', 4.89, 4.93, 4.815, 4.83]
['2019-12-26', 4.87, 4.89, 4.815, 4.87]
['2019-12-27', 4.89, 4.89, 4.76, 4.8]
['2019-12-30', 4.8, 4.85, 4.675, 4.83]
['2019-12-31', 4.82, 4.88, 4.795, 4.86]
['2020-01-02', 4.9, 4.93, 4.775, 4.79]
['2020-01-03', 4.76, 4.8, 4.66, 4.68]
['2020-01-06', 4.66, 4.68, 4.6, 4.67]
['2020-01-07', 4.65, 4.82, 4.62, 4.8]
['2020-01-08', 4.77, 4.92, 4.77, 4.855]
['2020-01-09', 4.9, 5.15, 4.88, 5.09]
['2020-01-10', 5.06, 5.09, 4.885, 4.9]
['2020-01-13', 4.9, 4.97, 4.9, 4.91]
['2020-01-14', 4.9, 4.975, 4.9, 4.93]
['2020-01-15', 4.93, 5.09, 4.93, 5.07]
['2020-01-16', 5.11, 5.24, 5.11, 5.16]
['2020-01-17', 5.21, 5.22, 4.945, 5.0]
['2020-01-21', 5.02, 5.04, 4.83, 4.85]
['2020-01-22', 4.88, 4.91, 4.72, 4.75]
['2020-01-23', 4.74, 4.855, 4.7, 4.84]
['2020-01-24', 4.87, 4.97, 4.87, 4.9]
['2020-01-27', 4.82, 4.855, 4.79, 4.85]
['2020-01-28', 4.86, 4.93, 4.83, 4.89]
['2020-01-29', 4.9, 4.95, 4.86, 4.91]
['2020-01-30', 4.91, 4.955, 4.85, 4.87]
['2020-01-31', 4.88, 4.97, 4.75, 4.77]
['2020-02-03', 4.77, 4.89, 4.75, 4.87]
['2020-02-04', 4.93, 5.022, 4.915, 4.955]
['2020-02-05', 5.01, 5.15, 4.94, 4.96]
['2020-02-06', 4.99, 5.12, 4.96, 5.02]
['2020-02-07', 4.6, 4.69, 4.47, 4.53]
['2020-02-10', 4.49, 4.53, 4.38, 4.39]
['2020-02-11', 4.4, 4.51, 4.38, 4.51]
['2020-02-12', 4.54, 4.57, 4.49, 4.5]
['2020-02-13', 4.48, 4.53, 4.45, 4.48]
['2020-02-14', 4.48, 4.53, 4.39, 4.5]
['2020-02-18', 4.41, 4.53, 4.41, 4.49]
['2020-02-19', 4.5, 4.51, 4.41, 4.46]
['2020-02-20', 4.46, 4.6, 4.42, 4.58]
['2020-02-21', 4.56, 4.572, 4.455, 4.47]
['2020-02-24', 4.44, 4.49, 4.35, 4.41]
['2020-02-25', 4.38, 4.42, 4.25, 4.26]
['2020-02-26', 4.21, 4.3, 4.15, 4.285]
['2020-02-27', 4.12, 4.265, 4.09, 4.1]
['2020-02-28', 3.96, 4.14, 3.96, 4.05]
['2020-03-02', 4.05, 4.09, 3.98, 4.01]
['2020-03-03', 3.98, 4.08, 3.84, 3.87]
['2020-03-04', 3.91, 3.94, 3.75, 3.79]
['2020-03-05', 3.72, 3.83, 3.72, 3.8]
['2020-03-06', 3.7, 3.83, 3.67, 3.83]
['2020-03-09', 3.66, 3.74, 3.52, 3.58]
['2020-03-10', 3.66, 3.68, 3.46, 3.56]
['2020-03-11', 3.49, 3.585, 3.39, 3.5]
['2020-03-12', 3.37, 3.43, 3.05, 3.08]
['2020-03-13', 3.19, 3.28, 3.08, 3.28]
['2020-03-16', 3.09, 3.35, 2.94, 3.26]
['2020-03-17', 3.28, 3.32, 3.13, 3.25]
['2020-03-18', 3.19, 3.275, 3.0, 3.1]
['2020-03-19', 3.1, 3.43, 3.085, 3.22]
['2020-03-20', 3.23, 3.36, 3.155, 3.22]
['2020-03-23', 3.25, 3.38, 3.15, 3.28]
['2020-03-24', 3.35, 3.64, 3.29, 3.64]
['2020-03-25', 3.65, 3.76, 3.44, 3.44]
['2020-03-26', 3.48, 3.69, 3.45, 3.67]
['2020-03-27', 3.58, 3.76, 3.46, 3.69]
['2020-03-30', 3.74, 3.83, 3.62, 3.8]
['2020-03-31', 3.77, 3.89, 3.64, 3.8]
['2020-04-01', 3.67, 3.92, 3.355, 3.37]
['2020-04-02', 3.31, 3.585, 3.3, 3.57]
['2020-04-03', 3.55, 3.56, 3.44, 3.51]
['2020-04-06', 3.63, 3.75, 3.59, 3.72]
['2020-04-07', 3.79, 3.83, 3.665, 3.72]
['2020-04-08', 3.82, 3.88, 3.77, 3.82]
['2020-04-09', 3.92, 4.05, 3.855, 3.96]
['2020-04-13', 3.91, 4.185, 3.91, 4.15]
['2020-04-14', 4.25, 4.5, 4.16, 4.45]
['2020-04-15', 4.37, 4.65, 4.335, 4.62]
['2020-04-16', 4.76, 5.04, 4.62, 4.66]
['2020-04-17', 4.77, 4.93, 4.591, 4.73]
['2020-04-20', 4.72, 4.945, 4.66, 4.84]
['2020-04-21', 4.64, 4.85, 4.554, 4.67]
['2020-04-22', 4.71, 4.86, 4.71, 4.79]
['2020-04-23', 4.77, 4.89, 4.765, 4.78]
['2020-04-24', 4.78, 4.94, 4.72, 4.935]
['2020-04-27', 4.96, 5.13, 4.9, 4.935]
['2020-04-28', 5.0, 5.0, 4.51, 4.52]
['2020-04-29', 4.7, 4.835, 4.51, 4.73]
['2020-04-30', 5.0, 5.37, 4.89, 5.09]
['2020-05-01', 4.9, 5.03, 4.745, 4.76]
['2020-05-04', 4.75, 4.87, 4.64, 4.73]
['2020-05-05', 4.75, 4.87, 4.69, 4.75]
['2020-05-06', 4.57, 4.68, 4.53, 4.65]
['2020-05-07', 4.73, 4.76, 4.63, 4.71]
['2020-05-08', 4.74, 4.87, 4.68, 4.84]
['2020-05-11', 4.77, 4.88, 4.74, 4.81]
['2020-05-12', 4.8, 4.82, 4.61, 4.62]
['2020-05-13', 4.59, 4.64, 4.32, 4.39]
['2020-05-14', 4.32, 4.41, 4.24, 4.4]
['2020-05-15', 4.4, 4.495, 4.37, 4.41]
