['2018-02-14', 5.0, 5.28, 4.3, 4.38]
['2018-02-15', 4.38, 4.549, 4.3, 4.3]
['2018-02-16', 4.3, 4.418, 4.0, 4.0]
['2018-02-20', 4.0, 4.55, 4.0, 4.11]
['2018-02-21', 4.24, 4.35, 3.75, 4.25]
['2018-02-22', 4.24, 4.5, 4.23, 4.48]
['2018-02-23', 4.5, 4.58, 4.45, 4.53]
['2018-02-26', 4.59, 5.01, 4.589, 4.756]
['2018-02-27', 5.0, 5.0, 4.8, 5.0]
['2018-02-28', 5.1, 5.13, 4.83, 5.0]
['2018-03-01', 4.8, 5.0, 4.8, 4.95]
['2018-03-02', 4.95, 4.95, 4.8, 4.83]
['2018-03-05', 4.95, 4.95, 4.85, 4.85]
['2018-03-06', 4.95, 4.95, 4.83, 4.89]
['2018-03-07', 4.92, 5.049, 4.8, 5.0]
['2018-03-08', 4.95, 5.0, 4.82, 4.94]
['2018-03-09', 4.95, 4.98, 4.761, 4.98]
['2018-03-12', 5.0, 5.3, 4.75, 4.81]
['2018-03-13', 5.0, 5.0, 4.66, 4.79]
['2018-03-14', 4.78, 4.88, 4.701, 4.84]
['2018-03-15', 4.8, 4.9, 4.728, 4.78]
['2018-03-16', 4.83, 4.83, 4.72, 4.75]
['2018-03-19', 4.69, 4.9, 4.69, 4.85]
['2018-03-20', 4.8, 4.925, 4.68, 4.925]
['2018-03-21', 4.91, 4.96, 4.75, 4.83]
['2018-03-22', 4.81, 4.89, 4.8, 4.84]
['2018-03-23', 4.81, 4.904, 4.6, 4.626]
['2018-03-26', 4.64, 4.728, 4.56, 4.67]
['2018-03-27', 4.67, 4.75, 4.58, 4.58]
['2018-03-28', 4.5, 4.599, 4.401, 4.41]
['2018-03-29', 4.4, 4.66, 4.4, 4.48]
['2018-04-02', 4.48, 4.58, 4.45, 4.57]
['2018-04-03', 4.465, 4.5, 4.45, 4.45]
['2018-04-04', 4.54, 4.55, 4.453, 4.485]
['2018-04-05', 4.56, 4.56, 4.507, 4.507]
['2018-04-06', 4.5, 4.525, 4.45, 4.45]
['2018-04-09', 4.475, 4.59, 4.475, 4.5]
['2018-04-10', 4.6, 4.6, 4.5, 4.53]
['2018-04-11', 4.53, 4.53, 4.5, 4.501]
['2018-04-12', 4.59, 4.59, 4.5, 4.5]
['2018-04-13', 4.572, 4.572, 4.5, 4.5]
['2018-04-16', 4.6, 4.6, 4.5, 4.565]
['2018-04-17', 4.52, 4.52, 4.3, 4.3]
['2018-04-18', 4.566, 4.566, 4.526, 4.526]
['2018-04-19', 4.335, 4.373, 4.3, 4.3]
['2018-04-20', 4.35, 4.35, 4.35, 4.35]
['2018-04-23', 4.3, 4.37, 4.3, 4.339]
['2018-04-24', 4.33, 4.461, 4.28, 4.28]
['2018-04-25', 4.25, 4.26, 3.95, 4.26]
['2018-04-26', 4.21, 4.45, 4.2, 4.276]
['2018-04-27', 4.28, 4.28, 4.265, 4.265]
['2018-04-30', 4.3, 4.6, 4.3, 4.36]
['2018-05-01', 4.26, 4.438, 4.25, 4.32]
['2018-05-02', 4.31, 4.31, 4.31, 4.31]
['2018-05-03', 4.29, 4.36, 4.29, 4.35]
['2018-05-04', 4.272, 4.447, 4.272, 4.447]
['2018-05-07', 4.42, 4.54, 4.36, 4.36]
['2018-05-08', 4.456, 4.456, 4.456, 4.456]
['2018-05-09', 4.586, 4.599, 4.586, 4.599]
['2018-05-10', 4.425, 4.425, 4.333, 4.333]
['2018-05-11', 4.32, 4.48, 4.32, 4.48]
['2018-05-14', 4.499, 4.545, 4.447, 4.51]
['2018-05-15', 4.589, 4.735, 4.56, 4.65]
['2018-05-16', 4.749, 5.0, 4.6, 5.0]
['2018-05-17', 4.87, 7.85, 4.85, 5.19]
['2018-05-18', 5.17, 5.7, 5.0, 5.34]
['2018-05-21', 5.49, 5.5, 4.77, 4.98]
['2018-05-22', 4.99, 5.0, 4.68, 4.73]
['2018-05-23', 4.728, 4.728, 4.4, 4.648]
['2018-05-24', 4.72, 4.72, 4.55, 4.55]
['2018-05-25', 4.56, 4.7, 4.35, 4.7]
['2018-05-29', 4.7, 5.0, 4.41, 4.61]
['2018-05-30', 4.84, 5.5, 4.76, 5.39]
['2018-05-31', 5.5, 5.82, 5.4, 5.47]
['2018-06-01', 5.52, 5.89, 5.35, 5.88]
['2018-06-04', 5.88, 6.47, 5.75, 6.2]
['2018-06-05', 6.24, 6.66, 6.15, 6.64]
['2018-06-06', 6.5, 6.608, 6.35, 6.47]
['2018-06-07', 6.52, 6.6, 6.08, 6.22]
['2018-06-08', 6.12, 6.185, 5.85, 6.11]
['2018-06-11', 6.11, 6.299, 5.75, 6.17]
['2018-06-12', 6.175, 6.175, 5.91, 6.13]
['2018-06-13', 6.25, 6.25, 5.88, 5.92]
['2018-06-14', 5.91, 5.99, 5.72, 5.86]
['2018-06-15', 5.802, 5.992, 5.8, 5.95]
['2018-06-18', 6.02, 6.383, 5.9, 6.15]
['2018-06-19', 6.24, 6.37, 6.0, 6.07]
['2018-06-20', 6.29, 6.3, 6.15, 6.15]
['2018-06-21', 6.23, 6.565, 6.1, 6.35]
['2018-06-22', 6.48, 6.77, 6.45, 6.71]
['2018-06-25', 6.87, 7.5, 6.51, 7.25]
['2018-06-26', 7.35, 7.41, 7.04, 7.14]
['2018-06-27', 7.21, 7.22, 7.0, 7.12]
['2018-06-28', 7.18, 7.4, 7.081, 7.27]
['2018-06-29', 7.44, 7.45, 7.1, 7.19]
['2018-07-02', 7.23, 7.45, 7.11, 7.39]
['2018-07-03', 7.45, 7.94, 7.4, 7.43]
['2018-07-05', 7.76, 8.73, 7.55, 8.52]
['2018-07-06', 8.7, 10.5, 8.261, 9.69]
['2018-07-09', 10.03, 10.66, 8.835, 9.5]
['2018-07-10', 9.5, 9.5, 8.21, 8.36]
['2018-07-11', 8.21, 8.34, 7.5, 8.26]
['2018-07-12', 8.25, 8.25, 7.94, 7.99]
['2018-07-13', 7.99, 8.48, 7.99, 8.21]
['2018-07-16', 8.16, 8.189, 7.135, 7.19]
['2018-07-17', 6.99, 7.9, 6.99, 7.65]
['2018-07-18', 7.53, 7.74, 7.41, 7.42]
['2018-07-19', 7.42, 7.73, 7.41, 7.59]
['2018-07-20', 7.59, 7.59, 7.42, 7.47]
['2018-07-23', 7.38, 7.87, 7.32, 7.72]
['2018-07-24', 7.72, 7.77, 7.5, 7.62]
['2018-07-25', 7.59, 7.77, 7.505, 7.61]
['2018-07-26', 7.501, 7.95, 7.335, 7.56]
['2018-07-27', 7.54, 7.74, 7.35, 7.41]
['2018-07-30', 7.494, 7.494, 6.99, 7.03]
['2018-07-31', 7.06, 7.35, 6.7, 6.75]
['2018-08-01', 6.7, 7.02, 6.56, 6.61]
['2018-08-02', 6.62, 6.799, 6.4, 6.5]
['2018-08-03', 6.4, 6.6, 6.121, 6.17]
['2018-08-06', 6.13, 6.36, 6.13, 6.3]
['2018-08-07', 6.44, 6.44, 5.066, 5.3]
['2018-08-08', 5.25, 5.8, 5.08, 5.6]
['2018-08-09', 5.57, 6.14, 5.57, 5.75]
['2018-08-10', 6.07, 6.07, 5.67, 5.99]
['2018-08-13', 6.0, 6.07, 5.515, 5.68]
['2018-08-14', 5.87, 5.87, 5.26, 5.41]
['2018-08-15', 5.38, 5.69, 5.25, 5.398]
['2018-08-16', 5.35, 5.6, 5.32, 5.41]
['2018-08-17', 5.42, 5.67, 5.41, 5.46]
['2018-08-20', 5.44, 5.579, 5.42, 5.44]
['2018-08-21', 5.44, 5.55, 5.3, 5.3]
['2018-08-22', 5.3, 5.56, 4.77, 4.99]
['2018-08-23', 5.02, 5.05, 4.849, 4.89]
['2018-08-24', 4.9, 5.0, 4.82, 4.88]
['2018-08-27', 4.83, 5.03, 4.7, 4.7]
['2018-08-28', 4.7, 5.0, 4.653, 5.0]
['2018-08-29', 5.01, 5.4, 5.0, 5.26]
['2018-08-30', 5.35, 5.81, 5.21, 5.8]
['2018-08-31', 5.9, 6.4, 5.73, 6.4]
['2018-09-04', 6.4, 7.4, 6.4, 6.83]
['2018-09-05', 6.87, 7.14, 6.0, 6.75]
['2018-09-06', 6.71, 6.757, 6.0, 6.11]
['2018-09-07', 6.05, 6.4, 5.85, 5.89]
['2018-09-10', 5.89, 6.19, 5.31, 5.43]
['2018-09-11', 5.4, 6.026, 5.35, 5.77]
['2018-09-12', 5.77, 5.941, 5.54, 5.57]
['2018-09-13', 6.25, 6.25, 5.774, 5.85]
['2018-09-14', 5.9, 5.964, 5.49, 5.53]
['2018-09-17', 5.606, 5.639, 5.4, 5.4]
['2018-09-18', 5.51, 5.51, 5.3, 5.32]
['2018-09-19', 5.312, 5.43, 4.89, 5.3]
['2018-09-20', 5.27, 5.39, 5.135, 5.235]
['2018-09-21', 5.25, 5.7, 5.127, 5.29]
['2018-09-24', 5.25, 5.44, 5.1, 5.2]
['2018-09-25', 5.58, 5.58, 5.09, 5.18]
['2018-09-26', 5.58, 5.59, 5.0, 5.08]
['2018-09-27', 5.0, 5.25, 4.92, 5.09]
['2018-09-28', 5.05, 5.19, 4.91, 5.1]
['2018-10-01', 5.08, 5.174, 4.91, 4.91]
['2018-10-02', 4.92, 4.99, 4.85, 4.96]
['2018-10-03', 4.86, 4.99, 4.71, 4.82]
['2018-10-04', 4.9, 4.9, 4.71, 4.79]
['2018-10-05', 4.77, 4.863, 4.75, 4.75]
['2018-10-08', 4.75, 4.856, 4.628, 4.7]
['2018-10-09', 4.7, 4.76, 4.59, 4.64]
['2018-10-10', 5.13, 5.34, 4.43, 4.5]
['2018-10-11', 4.55, 4.698, 4.4, 4.46]
['2018-10-12', 4.51, 4.683, 4.313, 4.45]
['2018-10-15', 4.46, 4.601, 4.14, 4.35]
['2018-10-16', 4.39, 4.39, 4.18, 4.26]
['2018-10-17', 4.22, 4.35, 4.15, 4.15]
['2018-10-18', 4.17, 4.5, 4.133, 4.372]
['2018-10-19', 4.5, 4.7, 4.219, 4.44]
['2018-10-22', 4.45, 4.53, 4.32, 4.41]
['2018-10-23', 4.36, 4.449, 4.189, 4.405]
['2018-10-24', 4.35, 4.467, 4.21, 4.27]
['2018-10-25', 4.27, 4.359, 3.98, 4.18]
['2018-10-26', 4.17, 4.33, 3.98, 4.07]
['2018-10-29', 4.07, 4.17, 3.98, 4.0]
['2018-10-30', 3.97, 4.042, 3.88, 3.88]
['2018-10-31', 4.02, 4.068, 3.79, 3.99]
['2018-11-01', 3.95, 4.05, 3.79, 3.88]
['2018-11-02', 3.9, 4.4, 3.822, 3.86]
['2018-11-05', 3.87, 4.32, 3.87, 3.92]
['2018-11-06', 3.98, 4.07, 3.79, 3.99]
['2018-11-07', 4.13, 4.31, 3.79, 3.83]
['2018-11-08', 3.9, 4.031, 3.59, 3.781]
['2018-11-09', 3.558, 3.75, 3.5, 3.65]
['2018-11-12', 3.872, 3.872, 3.38, 3.422]
['2018-11-13', 3.46, 3.55, 3.11, 3.42]
['2018-11-14', 3.31, 3.69, 3.24, 3.38]
['2018-11-15', 3.44, 3.505, 3.39, 3.39]
['2018-11-16', 3.48, 3.68, 3.35, 3.39]
['2018-11-19', 3.35, 3.628, 3.24, 3.3]
['2018-11-20', 3.31, 3.425, 3.03, 3.05]
['2018-11-21', 3.05, 3.39, 3.05, 3.18]
['2018-11-23', 3.18, 3.517, 3.17, 3.39]
['2018-11-26', 3.396, 3.4, 3.16, 3.21]
['2018-11-27', 3.25, 3.55, 3.25, 3.35]
['2018-11-28', 3.33, 3.623, 3.266, 3.37]
['2018-11-29', 3.45, 3.66, 3.3, 3.45]
['2018-11-30', 3.4, 3.548, 3.365, 3.42]
['2018-12-03', 3.43, 3.445, 3.31, 3.32]
['2018-12-04', 3.31, 3.46, 3.31, 3.327]
['2018-12-06', 3.36, 3.4, 3.18, 3.35]
['2018-12-07', 3.2, 3.39, 3.16, 3.39]
['2018-12-10', 3.44, 3.44, 3.12, 3.22]
['2018-12-11', 3.41, 3.424, 3.121, 3.37]
['2018-12-12', 3.39, 3.4, 3.29, 3.29]
['2018-12-13', 3.3, 3.3, 3.2, 3.23]
['2018-12-14', 3.25, 3.49, 3.21, 3.39]
['2018-12-17', 3.384, 3.39, 3.18, 3.2]
['2018-12-18', 2.72, 2.88, 2.34, 2.75]
['2018-12-19', 2.73, 3.4, 2.51, 2.81]
['2018-12-20', 2.5, 2.89, 2.5, 2.76]
['2018-12-21', 3.0, 3.0, 2.62, 2.62]
['2018-12-24', 2.63, 2.77, 2.6, 2.71]
['2018-12-26', 2.76, 2.939, 2.625, 2.67]
['2018-12-27', 2.67, 2.985, 2.66, 2.76]
['2018-12-28', 2.785, 2.83, 2.7, 2.78]
['2018-12-31', 2.7, 3.193, 2.7, 3.11]
['2019-01-02', 3.1, 3.375, 3.04, 3.35]
['2019-01-03', 3.33, 3.4, 3.22, 3.29]
['2019-01-04', 3.31, 3.42, 3.27, 3.36]
['2019-01-07', 3.34, 3.5, 3.34, 3.41]
['2019-01-08', 3.46, 4.218, 3.38, 3.805]
['2019-01-09', 3.729, 4.46, 3.71, 4.19]
['2019-01-10', 4.16, 4.45, 4.16, 4.34]
['2019-01-11', 4.34, 4.52, 4.052, 4.38]
['2019-01-14', 4.32, 4.342, 4.06, 4.28]
['2019-01-15', 4.26, 4.3, 4.05, 4.21]
['2019-01-16', 4.22, 4.46, 4.195, 4.36]
['2019-01-17', 4.35, 4.447, 4.25, 4.37]
['2019-01-18', 4.34, 4.609, 4.3, 4.48]
['2019-01-22', 4.38, 4.53, 4.2, 4.23]
['2019-01-23', 4.2, 4.5, 4.2, 4.35]
['2019-01-24', 4.4, 4.4, 4.02, 4.13]
['2019-01-25', 4.11, 4.31, 4.1, 4.1]
['2019-01-28', 4.14, 4.18, 4.07, 4.18]
['2019-01-29', 4.15, 4.294, 4.15, 4.18]
['2019-01-30', 4.19, 4.209, 4.05, 4.15]
['2019-01-31', 4.12, 4.176, 4.06, 4.1]
['2019-02-01', 4.19, 4.197, 4.077, 4.18]
['2019-02-04', 4.2, 4.22, 4.073, 4.11]
['2019-02-05', 4.13, 4.25, 4.1, 4.205]
['2019-02-06', 4.206, 4.22, 4.12, 4.17]
['2019-02-07', 4.2, 4.2, 4.07, 4.13]
['2019-02-08', 4.1, 4.2, 4.1, 4.14]
['2019-02-11', 4.17, 4.5, 4.15, 4.3]
['2019-02-12', 4.31, 4.46, 4.3, 4.4]
['2019-02-13', 4.35, 4.45, 4.17, 4.32]
['2019-02-14', 4.66, 4.66, 4.25, 4.4]
['2019-02-15', 4.5, 4.56, 4.37, 4.41]
['2019-02-19', 4.41, 4.9, 4.356, 4.73]
['2019-02-20', 4.73, 4.88, 4.6, 4.6]
['2019-02-21', 4.5, 4.64, 4.33, 4.33]
['2019-02-22', 4.4, 4.549, 4.25, 4.3]
['2019-02-25', 4.28, 4.4, 4.21, 4.29]
['2019-02-26', 4.3, 4.61, 4.3, 4.44]
['2019-02-27', 4.5, 4.7, 4.5, 4.68]
['2019-02-28', 4.65, 4.75, 4.26, 4.28]
['2019-03-01', 4.37, 4.41, 4.22, 4.35]
['2019-03-04', 4.333, 4.333, 3.95, 4.07]
['2019-03-05', 4.03, 4.25, 4.02, 4.13]
['2019-03-06', 4.07, 4.26, 4.07, 4.22]
['2019-03-07', 4.27, 4.48, 4.15, 4.2]
['2019-03-08', 4.15, 4.25, 3.98, 4.0]
['2019-03-11', 4.0, 4.25, 3.99, 4.17]
['2019-03-12', 4.17, 4.478, 4.17, 4.4]
['2019-03-13', 4.3, 4.39, 4.1, 4.26]
['2019-03-14', 4.22, 4.34, 3.99, 4.29]
['2019-03-15', 4.33, 4.33, 4.1, 4.29]
['2019-03-18', 4.28, 4.28, 3.93, 3.94]
['2019-03-19', 3.98, 4.12, 3.55, 4.0]
['2019-03-20', 4.1, 4.1, 3.78, 3.95]
['2019-03-21', 3.824, 4.09, 3.824, 4.01]
['2019-03-22', 3.9, 4.036, 3.86, 3.88]
['2019-03-25', 3.94, 4.146, 3.819, 3.98]
['2019-03-26', 3.95, 4.07, 3.9, 3.95]
['2019-03-27', 4.0, 4.084, 3.81, 3.97]
['2019-03-28', 3.92, 4.1, 3.92, 3.97]
['2019-03-29', 3.929, 4.0, 3.9, 3.9]
['2019-04-01', 4.086, 4.086, 3.85, 3.86]
['2019-04-02', 3.85, 3.9, 3.77, 3.77]
['2019-04-03', 3.855, 3.855, 3.68, 3.68]
['2019-04-04', 3.8, 3.8, 3.35, 3.451]
['2019-04-05', 3.44, 3.556, 3.36, 3.45]
['2019-04-08', 3.43, 3.46, 3.2, 3.37]
['2019-04-09', 3.4, 3.73, 3.4, 3.73]
['2019-04-10', 3.81, 3.99, 3.66, 3.81]
['2019-04-11', 3.88, 3.99, 3.75, 3.9]
['2019-04-12', 3.95, 4.05, 3.79, 3.87]
['2019-04-15', 3.84, 3.952, 3.81, 3.82]
['2019-04-16', 3.82, 3.861, 3.8, 3.8]
['2019-04-17', 3.81, 3.89, 3.79, 3.8]
['2019-04-18', 3.84, 3.95, 3.7, 3.75]
['2019-04-22', 3.74, 3.93, 3.7, 3.78]
['2019-04-23', 3.84, 4.25, 3.81, 4.13]
['2019-04-24', 4.12, 4.24, 4.05, 4.21]
['2019-04-25', 4.216, 4.3, 4.07, 4.08]
['2019-04-26', 4.25, 4.25, 4.04, 4.06]
['2019-04-29', 4.06, 4.149, 3.96, 4.02]
['2019-04-30', 4.02, 4.1, 3.97, 3.97]
['2019-05-01', 3.95, 4.1, 3.93, 4.0]
['2019-05-02', 4.01, 4.05, 3.92, 3.94]
['2019-05-03', 3.91, 4.09, 3.91, 3.97]
['2019-05-06', 3.97, 4.0, 3.9, 4.0]
['2019-05-07', 3.93, 3.99, 3.89, 3.89]
['2019-05-08', 3.9, 3.9, 3.7, 3.72]
['2019-05-09', 3.65, 3.921, 3.65, 3.9]
['2019-05-10', 3.76, 3.869, 3.57, 3.57]
['2019-05-13', 3.563, 3.66, 3.42, 3.63]
['2019-05-14', 3.786, 3.972, 3.56, 3.95]
['2019-05-15', 3.865, 4.09, 3.761, 4.03]
['2019-05-16', 4.0, 4.33, 3.841, 4.2]
['2019-05-17', 4.054, 4.15, 4.01, 4.01]
['2019-05-20', 4.06, 4.99, 3.65, 3.86]
['2019-05-21', 3.82, 3.82, 3.61, 3.7]
['2019-05-22', 3.8, 3.8, 3.3, 3.33]
['2019-05-23', 3.38, 3.694, 3.36, 3.4]
['2019-05-24', 3.41, 3.747, 3.35, 3.36]
['2019-05-28', 3.38, 3.38, 3.31, 3.35]
['2019-05-29', 3.31, 3.39, 3.31, 3.38]
['2019-05-30', 3.31, 3.39, 3.25, 3.35]
['2019-05-31', 3.4, 3.4, 3.25, 3.39]
['2019-06-03', 3.32, 3.4, 3.228, 3.29]
['2019-06-04', 3.3, 3.305, 3.27, 3.3]
['2019-06-05', 3.35, 3.38, 3.25, 3.38]
['2019-06-06', 3.36, 3.49, 3.268, 3.47]
['2019-06-07', 3.393, 3.54, 3.393, 3.54]
['2019-06-10', 3.61, 4.12, 3.51, 3.9]
['2019-06-11', 4.46, 4.6, 3.52, 3.89]
['2019-06-12', 3.82, 3.82, 3.25, 3.51]
['2019-06-13', 3.5, 3.5, 3.356, 3.45]
['2019-06-14', 3.42, 3.43, 3.26, 3.31]
['2019-06-17', 3.35, 3.88, 3.26, 3.87]
['2019-06-18', 3.87, 4.11, 3.61, 4.11]
['2019-06-19', 4.11, 4.32, 4.0, 4.15]
['2019-06-20', 4.33, 4.33, 4.12, 4.19]
['2019-06-21', 4.2, 4.35, 4.02, 4.18]
['2019-06-24', 4.1, 4.1, 3.62, 3.7]
['2019-06-25', 3.65, 3.65, 3.516, 3.59]
['2019-06-26', 3.58, 3.715, 3.5, 3.57]
['2019-06-27', 3.1, 3.22, 3.0, 3.02]
['2019-06-28', 3.1, 3.14, 3.0, 3.03]
['2019-07-01', 3.08, 3.1, 2.9, 2.99]
['2019-07-02', 3.09, 3.14, 2.96, 2.98]
['2019-07-03', 2.98, 3.02, 2.96, 2.98]
['2019-07-05', 3.0, 3.12, 3.0, 3.01]
['2019-07-08', 3.01, 3.24, 3.01, 3.16]
['2019-07-09', 3.18, 3.26, 3.0, 3.01]
['2019-07-10', 3.04, 3.12, 3.01, 3.08]
['2019-07-11', 3.1, 3.17, 2.98, 3.15]
['2019-07-12', 3.15, 3.4, 3.05, 3.13]
['2019-07-15', 3.13, 3.21, 3.02, 3.06]
['2019-07-16', 3.06, 3.13, 3.03, 3.04]
['2019-07-17', 3.05, 3.13, 2.975, 2.98]
['2019-07-18', 2.98, 3.0, 2.96, 2.97]
['2019-07-19', 3.0, 3.02, 2.86, 2.98]
['2019-07-22', 2.97, 2.981, 2.88, 2.94]
['2019-07-23', 2.91, 2.92, 2.86, 2.88]
['2019-07-24', 2.87, 2.87, 2.76, 2.85]
['2019-07-25', 2.82, 3.02, 2.82, 3.01]
['2019-07-26', 3.02, 3.075, 2.91, 3.01]
['2019-07-29', 3.03, 3.03, 2.813, 2.84]
['2019-07-30', 2.82, 2.84, 2.67, 2.7]
['2019-07-31', 2.7, 2.85, 2.68, 2.7]
['2019-08-01', 2.7, 2.78, 2.63, 2.73]
['2019-08-02', 2.71, 2.8, 2.63, 2.71]
['2019-08-05', 2.7, 2.75, 2.6, 2.74]
['2019-08-06', 2.73, 2.857, 2.64, 2.72]
['2019-08-07', 2.7, 2.7, 2.59, 2.66]
['2019-08-08', 2.68, 2.75, 2.6, 2.66]
['2019-08-09', 2.87, 2.87, 2.59, 2.66]
['2019-08-12', 2.59, 2.62, 2.5, 2.5]
['2019-08-13', 2.51, 2.56, 2.42, 2.49]
['2019-08-14', 2.405, 2.529, 2.4, 2.45]
['2019-08-15', 2.5, 2.69, 2.48, 2.53]
['2019-08-16', 2.6, 2.766, 2.6, 2.68]
['2019-08-19', 2.71, 2.9, 2.67, 2.72]
['2019-08-20', 2.75, 2.825, 2.75, 2.77]
['2019-08-21', 2.85, 2.85, 2.7, 2.75]
['2019-08-22', 2.755, 2.82, 2.67, 2.744]
['2019-08-23', 2.73, 2.77, 2.66, 2.7]
['2019-08-26', 2.72, 2.72, 2.53, 2.59]
['2019-08-27', 2.6, 2.657, 2.47, 2.54]
['2019-08-28', 2.54, 2.617, 2.53, 2.6]
['2019-08-29', 2.59, 2.72, 2.42, 2.55]
['2019-08-30', 2.54, 2.67, 2.42, 2.6]
['2019-09-03', 2.57, 2.726, 2.5, 2.53]
['2019-09-04', 2.5, 2.64, 2.49, 2.54]
['2019-09-05', 2.6, 2.631, 2.55, 2.61]
['2019-09-06', 2.64, 2.73, 2.62, 2.69]
['2019-09-09', 2.67, 2.74, 2.63, 2.65]
['2019-09-10', 2.7, 2.745, 2.56, 2.71]
['2019-09-11', 2.7, 2.7, 2.59, 2.64]
['2019-09-12', 2.65, 2.73, 2.65, 2.685]
['2019-09-13', 2.71, 2.9, 2.71, 2.73]
['2019-09-16', 2.75, 2.84, 2.75, 2.82]
['2019-09-17', 2.8, 2.988, 2.73, 2.8]
['2019-09-18', 2.82, 2.82, 2.66, 2.66]
['2019-09-19', 2.7, 2.775, 2.66, 2.67]
['2019-09-20', 2.69, 2.69, 2.49, 2.55]
['2019-09-23', 2.56, 2.56, 2.46, 2.54]
['2019-09-24', 2.6, 2.6, 2.24, 2.34]
['2019-09-25', 2.302, 2.31, 2.01, 2.04]
['2019-09-26', 2.05, 2.141, 1.94, 2.0]
['2019-09-27', 1.99, 2.09, 1.95, 1.96]
['2019-09-30', 1.96, 2.0, 1.92, 1.98]
['2019-10-01', 1.99, 1.99, 1.67, 1.73]
['2019-10-02', 1.75, 1.97, 1.745, 1.81]
['2019-10-03', 1.8, 1.8, 1.72, 1.76]
['2019-10-04', 1.73, 1.814, 1.7, 1.7]
['2019-10-07', 1.72, 2.031, 1.72, 1.84]
['2019-10-08', 1.85, 1.907, 1.75, 1.78]
['2019-10-09', 1.8, 1.85, 1.76, 1.76]
['2019-10-10', 1.78, 1.816, 1.71, 1.71]
['2019-10-11', 1.74, 1.8, 1.68, 1.78]
['2019-10-14', 1.74, 1.81, 1.73, 1.75]
['2019-10-15', 1.75, 1.855, 1.7, 1.82]
['2019-10-16', 1.84, 1.9, 1.63, 1.76]
['2019-10-17', 1.73, 1.74, 1.6, 1.66]
['2019-10-18', 1.69, 1.77, 1.65, 1.74]
['2019-10-21', 1.73, 1.77, 1.68, 1.7]
['2019-10-22', 1.69, 1.78, 1.66, 1.75]
['2019-10-23', 1.66, 1.73, 1.66, 1.7]
['2019-10-24', 1.71, 1.73, 1.67, 1.71]
['2019-10-25', 1.71, 1.75, 1.66, 1.74]
['2019-10-28', 1.74, 1.78, 1.64, 1.74]
['2019-10-29', 1.72, 1.82, 1.7, 1.75]
['2019-10-30', 1.74, 1.85, 1.73, 1.77]
['2019-10-31', 1.75, 1.825, 1.71, 1.73]
['2019-11-01', 1.72, 1.86, 1.55, 1.84]
['2019-11-04', 1.85, 1.917, 1.81, 1.89]
['2019-11-05', 1.89, 1.95, 1.82, 1.92]
['2019-11-06', 1.93, 1.97, 1.78, 1.83]
['2019-11-07', 1.85, 1.95, 1.74, 1.8]
['2019-11-08', 1.78, 1.86, 1.76, 1.81]
['2019-11-11', 1.76, 1.955, 1.75, 1.78]
['2019-11-12', 1.77, 1.89, 1.77, 1.83]
['2019-11-13', 1.84, 1.861, 1.75, 1.76]
['2019-11-14', 1.73, 1.73, 1.55, 1.59]
['2019-11-15', 1.58, 1.672, 1.429, 1.53]
['2019-11-18', 1.49, 1.67, 1.44, 1.52]
['2019-11-19', 1.51, 1.66, 1.47, 1.48]
['2019-11-20', 1.46, 1.61, 1.46, 1.51]
['2019-11-21', 1.53, 1.61, 1.5, 1.6]
['2019-11-22', 1.59, 1.72, 1.51, 1.56]
['2019-11-25', 1.58, 1.63, 1.52, 1.6]
['2019-11-26', 1.62, 1.712, 1.56, 1.69]
['2019-11-27', 1.65, 1.855, 1.65, 1.76]
['2019-11-29', 1.769, 1.9, 1.76, 1.878]
['2019-12-02', 1.89, 1.99, 1.72, 1.82]
['2019-12-03', 1.79, 1.865, 1.79, 1.825]
['2019-12-04', 1.9, 1.95, 1.79, 1.79]
['2019-12-05', 1.85, 1.85, 1.71, 1.79]
['2019-12-06', 1.77, 1.85, 1.756, 1.8]
['2019-12-09', 1.84, 2.1, 1.81, 2.02]
['2019-12-10', 2.1, 2.4, 2.01, 2.35]
['2019-12-11', 2.38, 2.62, 2.261, 2.45]
['2019-12-12', 2.47, 2.6, 2.4, 2.45]
['2019-12-13', 2.43, 2.454, 2.19, 2.3]
['2019-12-16', 2.3, 2.3, 2.18, 2.27]
['2019-12-17', 2.26, 2.285, 2.0, 2.04]
['2019-12-18', 2.06, 2.17, 2.04, 2.15]
['2019-12-19', 2.16, 2.39, 2.16, 2.35]
['2019-12-20', 2.37, 2.5, 2.34, 2.36]
['2019-12-23', 2.4, 2.43, 2.26, 2.4]
['2019-12-24', 2.32, 2.58, 2.32, 2.47]
['2019-12-26', 2.44, 2.54, 2.36, 2.4]
['2019-12-27', 2.442, 2.519, 2.27, 2.38]
['2019-12-30', 2.39, 2.39, 2.18, 2.22]
['2019-12-31', 2.257, 2.3, 2.18, 2.29]
['2020-01-02', 2.35, 2.45, 2.3, 2.34]
['2020-01-03', 2.34, 2.445, 2.324, 2.37]
['2020-01-06', 2.37, 2.5, 2.355, 2.44]
['2020-01-07', 2.43, 2.49, 2.4, 2.47]
['2020-01-08', 2.463, 2.47, 2.4, 2.44]
['2020-01-09', 2.358, 2.544, 2.34, 2.5]
['2020-01-10', 2.5, 2.77, 2.5, 2.74]
['2020-01-13', 2.8, 2.85, 2.67, 2.74]
['2020-01-14', 2.77, 2.77, 2.32, 2.33]
['2020-01-15', 2.35, 2.42, 2.19, 2.27]
['2020-01-16', 2.27, 2.369, 2.13, 2.21]
['2020-01-17', 2.2, 2.29, 2.15, 2.28]
['2020-01-21', 2.29, 2.29, 2.18, 2.25]
['2020-01-22', 2.26, 2.287, 2.18, 2.24]
['2020-01-23', 2.27, 2.27, 2.18, 2.23]
['2020-01-24', 2.22, 2.265, 2.15, 2.16]
['2020-01-27', 2.15, 2.18, 2.08, 2.08]
['2020-01-28', 2.08, 2.16, 2.08, 2.129]
['2020-01-29', 2.132, 2.132, 2.05, 2.09]
['2020-01-30', 2.07, 2.11, 2.0, 2.02]
['2020-01-31', 2.02, 2.1, 2.0, 2.04]
['2020-02-03', 2.04, 2.077, 2.0, 2.04]
['2020-02-04', 2.02, 2.16, 2.02, 2.149]
['2020-02-05', 2.11, 2.21, 2.11, 2.15]
['2020-02-06', 2.21, 2.23, 2.13, 2.16]
['2020-02-07', 2.22, 2.22, 2.04, 2.09]
['2020-02-10', 2.12, 2.169, 2.0, 2.06]
['2020-02-11', 2.12, 2.19, 2.07, 2.07]
['2020-02-12', 2.144, 2.156, 2.039, 2.12]
['2020-02-13', 2.16, 2.22, 2.07, 2.195]
['2020-02-14', 2.16, 2.2, 2.12, 2.17]
['2020-02-18', 2.01, 2.13, 2.0, 2.01]
['2020-02-19', 2.1, 2.11, 1.99, 2.09]
['2020-02-20', 2.01, 2.115, 1.86, 1.96]
['2020-02-21', 1.84, 1.99, 1.62, 1.98]
['2020-02-24', 1.82, 1.863, 1.68, 1.68]
['2020-02-25', 1.69, 1.852, 1.67, 1.7]
['2020-02-26', 1.72, 1.738, 1.46, 1.52]
['2020-02-27', 1.51, 1.591, 1.48, 1.54]
['2020-02-28', 1.5, 1.57, 1.22, 1.41]
['2020-03-02', 1.44, 1.46, 1.39, 1.39]
['2020-03-03', 1.37, 1.45, 1.17, 1.27]
['2020-03-04', 1.289, 1.41, 1.289, 1.37]
['2020-03-05', 1.38, 1.39, 1.28, 1.35]
['2020-03-06', 1.3, 1.34, 1.225, 1.28]
['2020-03-09', 1.2, 1.26, 1.07, 1.17]
['2020-03-10', 1.18, 1.38, 1.03, 1.25]
['2020-03-11', 1.166, 1.2, 1.035, 1.04]
['2020-03-12', 1.0, 1.01, 0.85, 0.971]
['2020-03-13', 1.0, 1.13, 0.83, 0.92]
['2020-03-16', 0.8, 1.0, 0.64, 0.71]
['2020-03-17', 0.75, 0.75, 0.51, 0.564]
['2020-03-18', 0.589, 0.589, 0.475, 0.497]
['2020-03-19', 0.5, 0.86, 0.46, 0.7]
['2020-03-20', 0.674, 0.727, 0.57, 0.606]
['2020-03-23', 0.61, 0.66, 0.48, 0.522]
['2020-03-24', 0.57, 0.63, 0.46, 0.533]
['2020-03-25', 0.559, 0.698, 0.55, 0.65]
['2020-03-26', 0.65, 0.74, 0.579, 0.695]
['2020-03-27', 0.695, 0.732, 0.61, 0.71]
['2020-03-30', 0.744, 0.76, 0.651, 0.69]
['2020-03-31', 0.7, 0.71, 0.62, 0.674]
['2020-04-01', 0.66, 0.67, 0.62, 0.666]
['2020-04-02', 0.663, 0.67, 0.63, 0.63]
['2020-04-03', 0.62, 0.67, 0.6, 0.645]
['2020-04-06', 0.65, 0.65, 0.6, 0.609]
['2020-04-07', 0.65, 0.85, 0.57, 0.781]
['2020-04-08', 0.76, 0.87, 0.691, 0.862]
['2020-04-09', 0.85, 0.85, 0.69, 0.733]
['2020-04-13', 0.84, 0.84, 0.621, 0.7]
['2020-04-14', 0.7, 0.739, 0.7, 0.739]
['2020-04-15', 0.776, 0.8, 0.68, 0.78]
['2020-04-16', 0.75, 0.795, 0.69, 0.715]
['2020-04-17', 0.722, 0.75, 0.67, 0.671]
['2020-04-20', 0.692, 0.73, 0.65, 0.669]
['2020-04-21', 0.688, 0.7, 0.62, 0.66]
['2020-04-22', 0.693, 0.75, 0.68, 0.72]
['2020-04-23', 0.72, 0.85, 0.7, 0.8]
['2020-04-24', 0.85, 0.959, 0.84, 0.89]
['2020-04-27', 0.9, 1.33, 0.9, 1.14]
['2020-04-28', 1.15, 1.37, 1.15, 1.22]
['2020-04-29', 1.25, 1.32, 1.18, 1.23]
['2020-04-30', 1.25, 1.283, 1.019, 1.14]
['2020-05-01', 1.16, 1.21, 0.99, 1.01]
['2020-05-04', 1.01, 1.15, 0.95, 1.07]
['2020-05-05', 1.12, 1.22, 1.1, 1.12]
['2020-05-06', 1.15, 1.19, 1.095, 1.13]
['2020-05-07', 1.14, 1.204, 1.111, 1.18]
['2020-05-08', 1.2, 1.25, 1.15, 1.16]
['2020-05-11', 1.18, 1.22, 1.12, 1.14]
['2020-05-12', 1.17, 1.22, 1.12, 1.15]
['2020-05-13', 1.15, 1.18, 0.95, 1.09]
['2020-05-14', 1.09, 1.124, 1.01, 1.11]
['2020-05-15', 1.06, 1.09, 1.0, 1.06]
