['2015-05-28', 3.75, 3.75, 3.5, 3.5]
['2015-05-29', 3.5, 3.5, 3.5, 3.5]
['2015-06-01', 3.5, 3.5, 3.5, 3.5]
['2015-06-02', 3.5, 3.5, 3.5, 3.5]
['2015-06-03', 3.5, 3.5, 3.5, 3.5]
['2015-06-04', 3.5, 3.5, 3.5, 3.5]
['2015-06-05', 3.5, 3.5, 3.5, 3.5]
['2015-06-08', 4.0, 4.0, 4.0, 4.0]
['2015-06-09', 4.0, 4.0, 4.0, 4.0]
['2015-06-10', 4.0, 4.0, 4.0, 4.0]
['2015-06-11', 4.0, 4.0, 4.0, 4.0]
['2015-06-12', 4.0, 4.0, 4.0, 4.0]
['2015-06-15', 4.0, 4.0, 4.0, 4.0]
['2015-06-16', 4.0, 4.0, 4.0, 4.0]
['2015-06-17', 4.0, 4.0, 4.0, 4.0]
['2015-06-18', 4.0, 4.0, 4.0, 4.0]
['2015-06-19', 4.0, 4.0, 4.0, 4.0]
['2015-06-22', 4.0, 4.0, 4.0, 4.0]
['2015-06-23', 4.0, 4.0, 4.0, 4.0]
['2015-06-24', 4.0, 4.0, 4.0, 4.0]
['2015-06-25', 4.0, 4.0, 4.0, 4.0]
['2015-06-26', 4.0, 4.0, 4.0, 4.0]
['2015-06-29', 4.0, 4.0, 4.0, 4.0]
['2015-06-30', 4.0, 4.0, 4.0, 4.0]
['2015-07-01', 4.0, 4.0, 4.0, 4.0]
['2015-07-02', 4.0, 4.0, 4.0, 4.0]
['2015-07-06', 4.0, 4.0, 4.0, 4.0]
['2015-07-07', 4.0, 4.0, 4.0, 4.0]
['2015-07-08', 4.0, 4.0, 4.0, 4.0]
['2015-07-09', 4.0, 4.0, 4.0, 4.0]
['2015-07-10', 4.0, 4.0, 4.0, 4.0]
['2015-07-13', 4.25, 4.25, 4.25, 4.25]
['2015-07-14', 4.25, 4.25, 4.25, 4.25]
['2015-07-15', 4.25, 4.25, 4.25, 4.25]
['2015-07-16', 3.5, 3.5, 3.5, 3.5]
['2015-07-17', 3.5, 3.5, 3.5, 3.5]
['2015-07-20', 3.5, 3.5, 3.5, 3.5]
['2015-07-21', 3.5, 3.5, 3.5, 3.5]
['2015-07-22', 3.5, 3.5, 3.5, 3.5]
['2015-07-23', 3.5, 3.5, 3.5, 3.5]
['2015-07-24', 3.5, 3.5, 3.5, 3.5]
['2015-07-27', 3.5, 3.5, 3.5, 3.5]
['2015-07-28', 3.5, 3.5, 3.5, 3.5]
['2015-07-29', 3.5, 3.5, 3.5, 3.5]
['2015-07-30', 4.0, 4.0, 4.0, 4.0]
['2015-07-31', 4.0, 4.0, 4.0, 4.0]
['2015-08-03', 4.0, 4.0, 4.0, 4.0]
['2015-08-04', 4.0, 4.0, 4.0, 4.0]
['2015-08-05', 4.0, 4.0, 4.0, 4.0]
['2015-08-06', 4.0, 4.0, 4.0, 4.0]
['2015-08-07', 4.0, 4.0, 4.0, 4.0]
['2015-08-10', 4.0, 4.0, 4.0, 4.0]
['2015-08-11', 4.2, 4.2, 4.2, 4.2]
['2015-08-12', 4.2, 4.2, 4.2, 4.2]
['2015-08-13', 4.2, 4.2, 4.2, 4.2]
['2015-08-14', 4.2, 4.2, 4.2, 4.2]
['2015-08-17', 4.2, 4.2, 4.2, 4.2]
['2015-08-18', 4.2, 4.2, 4.2, 4.2]
['2015-08-19', 4.2, 4.2, 4.2, 4.2]
['2015-08-20', 4.2, 4.2, 4.2, 4.2]
['2015-08-21', 4.2, 4.2, 4.2, 4.2]
['2015-08-24', 4.2, 4.2, 4.2, 4.2]
['2015-08-25', 4.2, 4.2, 4.2, 4.2]
['2015-08-26', 4.2, 4.2, 4.2, 4.2]
['2015-08-27', 4.2, 4.2, 4.2, 4.2]
['2015-08-28', 4.2, 4.2, 4.2, 4.2]
['2015-08-31', 4.2, 4.2, 4.2, 4.2]
['2015-09-01', 4.2, 4.2, 4.2, 4.2]
['2015-09-02', 4.2, 4.2, 4.2, 4.2]
['2015-09-03', 4.2, 4.2, 4.2, 4.2]
['2015-09-04', 4.2, 4.2, 4.2, 4.2]
['2015-09-08', 4.2, 4.2, 4.2, 4.2]
['2015-09-09', 4.2, 4.2, 4.2, 4.2]
['2015-09-10', 4.2, 4.2, 4.2, 4.2]
['2015-09-11', 4.2, 4.2, 4.2, 4.2]
['2015-09-14', 4.2, 4.2, 4.2, 4.2]
['2015-09-15', 4.2, 4.2, 4.2, 4.2]
['2015-09-16', 4.2, 4.2, 4.2, 4.2]
['2015-09-17', 4.2, 4.2, 4.2, 4.2]
['2015-09-18', 4.2, 4.2, 4.2, 4.2]
['2015-09-21', 4.2, 4.2, 4.2, 4.2]
['2015-09-22', 4.2, 4.2, 4.2, 4.2]
['2015-09-23', 4.2, 4.2, 4.2, 4.2]
['2015-09-24', 4.2, 4.2, 4.2, 4.2]
['2015-09-25', 4.2, 4.2, 4.2, 4.2]
['2015-09-28', 4.2, 4.2, 4.2, 4.2]
['2015-09-29', 4.2, 4.2, 4.2, 4.2]
['2015-09-30', 4.2, 4.2, 4.2, 4.2]
['2015-10-01', 4.2, 4.2, 4.2, 4.2]
['2015-10-02', 4.2, 4.2, 4.2, 4.2]
['2015-10-05', 4.2, 4.2, 4.2, 4.2]
['2015-10-06', 4.2, 4.2, 4.2, 4.2]
['2015-10-07', 4.2, 4.2, 4.2, 4.2]
['2015-10-08', 4.2, 4.2, 4.2, 4.2]
['2015-10-09', 4.2, 4.2, 4.2, 4.2]
['2015-10-12', 4.2, 4.2, 4.2, 4.2]
['2015-10-13', 4.2, 4.2, 4.2, 4.2]
['2015-10-14', 4.2, 4.2, 4.2, 4.2]
['2015-10-15', 4.2, 4.2, 4.2, 4.2]
['2015-10-16', 4.2, 4.2, 4.2, 4.2]
['2015-10-19', 4.2, 4.2, 4.2, 4.2]
['2015-10-20', 4.2, 4.2, 4.2, 4.2]
['2015-10-21', 4.2, 4.2, 4.2, 4.2]
['2015-10-22', 4.2, 4.2, 4.2, 4.2]
['2015-10-23', 4.2, 4.2, 4.2, 4.2]
['2015-10-26', 4.2, 4.2, 4.2, 4.2]
['2015-10-27', 4.2, 4.2, 4.2, 4.2]
['2015-10-28', 4.2, 4.2, 4.2, 4.2]
['2015-10-29', 4.4, 4.4, 4.4, 4.4]
['2015-10-30', 4.65, 4.65, 4.65, 4.65]
['2015-11-02', 4.7, 4.7, 4.7, 4.7]
['2015-11-03', 4.7, 4.7, 4.7, 4.7]
['2015-11-04', 4.7, 4.72, 4.7, 4.72]
['2015-11-05', 4.75, 4.75, 4.75, 4.75]
['2015-11-06', 4.75, 4.75, 4.75, 4.75]
['2015-11-09', 4.8, 4.8, 4.8, 4.8]
['2015-11-10', 4.82, 4.82, 4.82, 4.82]
['2015-11-11', 4.82, 4.85, 4.82, 4.85]
['2015-11-12', 4.85, 4.85, 4.85, 4.85]
['2015-11-13', 4.85, 4.85, 4.85, 4.85]
['2015-11-16', 4.85, 4.85, 4.85, 4.85]
['2015-11-17', 4.85, 4.85, 4.85, 4.85]
['2015-11-18', 4.85, 4.85, 4.85, 4.85]
['2015-11-19', 4.85, 4.85, 4.85, 4.85]
['2015-11-20', 4.85, 4.85, 4.85, 4.85]
['2015-11-23', 4.85, 4.85, 4.85, 4.85]
['2015-11-24', 4.85, 4.85, 4.85, 4.85]
['2015-11-25', 4.82, 4.85, 4.82, 4.85]
['2015-11-27', 4.85, 4.85, 4.85, 4.85]
['2015-11-30', 4.85, 4.85, 4.85, 4.85]
['2015-12-01', 4.85, 4.85, 4.85, 4.85]
['2015-12-02', 4.85, 4.85, 4.85, 4.85]
['2015-12-03', 4.85, 4.85, 4.85, 4.85]
['2015-12-04', 4.85, 4.85, 4.85, 4.85]
['2015-12-07', 4.86, 4.86, 4.86, 4.86]
['2015-12-08', 4.85, 4.85, 4.85, 4.85]
['2015-12-09', 4.85, 4.85, 4.85, 4.85]
['2015-12-10', 4.85, 4.85, 4.85, 4.85]
['2015-12-11', 4.85, 4.86, 4.85, 4.86]
['2015-12-14', 4.86, 4.86, 4.86, 4.86]
['2015-12-15', 4.86, 4.86, 4.86, 4.86]
['2015-12-16', 4.86, 4.86, 4.86, 4.86]
['2015-12-17', 4.86, 4.86, 4.86, 4.86]
['2015-12-18', 4.86, 4.86, 4.86, 4.86]
['2015-12-21', 4.86, 4.86, 4.86, 4.86]
['2015-12-22', 4.86, 4.86, 4.86, 4.86]
['2015-12-23', 4.86, 4.86, 4.86, 4.86]
['2015-12-24', 4.86, 4.86, 4.86, 4.86]
['2015-12-28', 4.86, 4.86, 4.86, 4.86]
['2015-12-29', 4.86, 4.86, 4.86, 4.86]
['2015-12-30', 4.85, 4.86, 4.85, 4.86]
['2015-12-31', 4.86, 4.86, 4.86, 4.86]
['2016-01-04', 4.83, 4.83, 4.8, 4.8]
['2016-01-05', 4.75, 4.75, 4.75, 4.75]
['2016-01-06', 4.75, 4.75, 4.75, 4.75]
['2016-01-07', 4.75, 4.75, 4.75, 4.75]
['2016-01-08', 4.75, 4.75, 4.75, 4.75]
['2016-01-11', 4.55, 4.55, 4.52, 4.52]
['2016-01-12', 4.52, 4.52, 4.52, 4.52]
['2016-01-13', 4.15, 4.15, 4.15, 4.15]
['2016-01-14', 4.15, 4.15, 4.15, 4.15]
['2016-01-15', 4.15, 4.15, 4.15, 4.15]
['2016-01-19', 4.15, 4.15, 4.15, 4.15]
['2016-01-20', 4.15, 4.15, 4.15, 4.15]
['2016-01-21', 3.3, 4.4, 3.3, 4.4]
['2016-01-22', 4.4, 4.4, 4.4, 4.4]
['2016-01-25', 4.5, 4.5, 4.5, 4.5]
['2016-01-26', 4.5, 4.5, 4.5, 4.5]
['2016-01-27', 4.5, 4.5, 4.5, 4.5]
['2016-01-28', 4.65, 4.69, 4.65, 4.69]
['2016-01-29', 4.75, 4.8, 4.75, 4.8]
['2016-02-01', 4.8, 4.8, 4.8, 4.8]
['2016-02-02', 4.8, 4.8, 4.8, 4.8]
['2016-02-03', 4.8, 4.8, 4.8, 4.8]
['2016-02-04', 4.8, 4.8, 4.8, 4.8]
['2016-02-05', 4.8, 4.8, 4.8, 4.8]
['2016-02-08', 4.8, 4.8, 4.8, 4.8]
['2016-02-09', 4.8, 4.8, 4.8, 4.8]
['2016-02-10', 4.8, 4.8, 4.8, 4.8]
['2016-02-11', 4.8, 4.8, 4.8, 4.8]
['2016-02-12', 4.8, 4.8, 4.8, 4.8]
['2016-02-16', 4.8, 4.8, 4.8, 4.8]
['2016-02-17', 4.8, 4.8, 4.8, 4.8]
['2016-02-18', 4.8, 4.8, 4.8, 4.8]
['2016-02-19', 4.8, 4.8, 4.8, 4.8]
['2016-02-22', 4.8, 4.8, 4.8, 4.8]
['2016-02-23', 4.8, 4.8, 4.8, 4.8]
['2016-02-24', 4.8, 4.8, 4.8, 4.8]
['2016-02-25', 4.8, 4.8, 4.8, 4.8]
['2016-02-26', 4.8, 4.8, 4.8, 4.8]
['2016-02-29', 4.85, 4.9, 4.85, 4.9]
['2016-03-01', 4.9, 4.9, 4.9, 4.9]
['2016-03-02', 4.9, 4.9, 4.9, 4.9]
['2016-03-03', 4.9, 4.9, 4.9, 4.9]
['2016-03-04', 4.9, 4.9, 4.9, 4.9]
['2016-03-07', 4.9, 4.9, 4.9, 4.9]
['2016-03-08', 4.9, 4.9, 4.9, 4.9]
['2016-03-09', 4.9, 4.9, 4.9, 4.9]
['2016-03-10', 4.9, 4.9, 4.9, 4.9]
['2016-03-11', 4.9, 4.9, 4.9, 4.9]
['2016-03-14', 4.9, 4.9, 4.9, 4.9]
['2016-03-15', 4.9, 4.9, 4.9, 4.9]
['2016-03-16', 4.9, 4.9, 4.9, 4.9]
['2016-03-17', 4.9, 4.9, 4.9, 4.9]
['2016-03-18', 4.9, 4.9, 4.9, 4.9]
['2016-03-21', 4.9, 4.9, 4.9, 4.9]
['2016-03-22', 4.9, 4.9, 4.9, 4.9]
['2016-03-23', 4.9, 4.9, 4.9, 4.9]
['2016-03-24', 4.9, 4.9, 4.9, 4.9]
['2016-03-28', 4.9, 4.9, 4.9, 4.9]
['2016-03-29', 4.9, 4.95, 4.9, 4.95]
['2016-03-30', 4.95, 4.95, 4.95, 4.95]
['2016-03-31', 4.95, 4.95, 4.95, 4.95]
['2016-04-01', 4.95, 4.95, 4.95, 4.95]
['2016-04-04', 4.95, 4.95, 4.95, 4.95]
['2016-04-05', 4.95, 4.95, 4.95, 4.95]
['2016-04-06', 4.95, 4.95, 4.95, 4.95]
['2016-04-07', 4.95, 4.95, 4.95, 4.95]
['2016-04-08', 4.85, 4.85, 4.85, 4.85]
['2016-04-11', 4.85, 4.85, 4.85, 4.85]
['2016-04-12', 4.85, 4.85, 4.85, 4.85]
['2016-04-13', 4.85, 4.85, 4.85, 4.85]
['2016-04-14', 4.85, 4.85, 4.85, 4.85]
['2016-04-15', 4.85, 4.85, 4.85, 4.85]
['2016-04-18', 4.99, 4.99, 4.99, 4.99]
['2016-04-19', 4.99, 4.99, 4.99, 4.99]
['2016-04-20', 4.99, 4.99, 4.99, 4.99]
['2016-04-21', 4.9, 4.9, 4.9, 4.9]
['2016-04-22', 4.9, 4.9, 4.9, 4.9]
['2016-04-25', 4.9, 4.9, 4.9, 4.9]
['2016-04-26', 4.9, 4.9, 4.9, 4.9]
['2016-04-27', 4.9, 4.9, 4.9, 4.9]
['2016-04-28', 4.9, 4.9, 4.9, 4.9]
['2016-04-29', 4.9, 4.9, 4.9, 4.9]
['2016-05-02', 4.9, 4.9, 4.9, 4.9]
['2016-05-03', 4.9, 4.9, 4.9, 4.9]
['2016-05-04', 4.9, 4.9, 4.9, 4.9]
['2016-05-05', 4.9, 4.9, 4.9, 4.9]
['2016-05-06', 4.9, 4.9, 4.9, 4.9]
['2016-05-09', 4.8, 4.8, 4.8, 4.8]
['2016-05-10', 4.8, 4.8, 4.8, 4.8]
['2016-05-11', 4.8, 4.8, 4.8, 4.8]
['2016-05-12', 4.8, 4.8, 4.8, 4.8]
['2016-05-13', 4.94, 4.94, 4.75, 4.75]
['2016-05-16', 4.89, 4.89, 4.89, 4.89]
['2016-05-17', 4.89, 4.89, 4.89, 4.89]
['2016-05-18', 4.89, 4.89, 4.89, 4.89]
['2016-05-19', 4.95, 4.95, 4.95, 4.95]
['2016-05-20', 4.876, 4.95, 4.876, 4.95]
['2016-05-23', 4.95, 4.95, 4.95, 4.95]
['2016-05-24', 4.925, 4.95, 4.925, 4.95]
['2016-05-25', 4.95, 4.95, 4.95, 4.95]
['2016-05-26', 4.986, 5.2, 4.986, 5.0]
['2016-05-27', 5.044, 5.1, 5.044, 5.1]
['2016-05-31', 5.1, 5.1, 5.045, 5.09]
['2016-06-01', 5.09, 5.09, 5.09, 5.09]
['2016-06-02', 5.09, 5.09, 5.09, 5.09]
['2016-06-03', 5.1, 5.1, 5.1, 5.1]
['2016-06-06', 5.12, 5.12, 5.12, 5.12]
['2016-06-07', 5.15, 5.15, 5.15, 5.15]
['2016-06-08', 5.15, 5.2, 5.15, 5.2]
['2016-06-09', 5.2, 5.2, 5.2, 5.2]
['2016-06-10', 5.15, 5.5, 5.15, 5.5]
['2016-06-13', 5.5, 5.5, 5.5, 5.5]
['2016-06-14', 5.5, 5.5, 5.5, 5.5]
['2016-06-15', 5.25, 5.25, 5.25, 5.25]
['2016-06-16', 5.25, 5.75, 5.25, 5.35]
['2016-06-17', 5.3, 5.3, 5.3, 5.3]
['2016-06-20', 5.3, 5.3, 5.3, 5.3]
['2016-06-21', 5.3, 5.3, 5.3, 5.3]
['2016-06-22', 5.3, 5.3, 5.3, 5.3]
['2016-06-23', 5.3, 5.3, 5.3, 5.3]
['2016-06-24', 5.3, 5.3, 5.3, 5.3]
['2016-06-27', 5.3, 5.3, 5.3, 5.3]
['2016-06-28', 5.226, 5.3, 5.226, 5.3]
['2016-06-29', 5.295, 5.33, 5.295, 5.33]
['2016-06-30', 5.25, 5.335, 5.235, 5.335]
['2016-07-01', 5.335, 5.335, 5.335, 5.335]
['2016-07-05', 5.35, 5.4, 5.35, 5.4]
['2016-07-06', 5.35, 5.35, 5.35, 5.35]
['2016-07-07', 5.35, 5.35, 5.35, 5.35]
['2016-07-08', 5.36, 5.36, 5.36, 5.36]
['2016-07-11', 5.36, 5.36, 5.36, 5.36]
['2016-07-12', 5.334, 5.4, 5.334, 5.4]
['2016-07-13', 5.4, 5.4, 5.4, 5.4]
['2016-07-14', 5.4, 5.4, 5.2, 5.2]
['2016-07-15', 5.25, 5.45, 5.25, 5.45]
['2016-07-18', 5.45, 5.45, 5.45, 5.45]
['2016-07-19', 5.385, 5.42, 5.385, 5.42]
['2016-07-20', 5.42, 5.42, 5.42, 5.42]
['2016-07-21', 5.313, 5.32, 5.313, 5.32]
['2016-07-22', 5.32, 5.42, 5.32, 5.42]
['2016-07-25', 5.42, 5.42, 5.42, 5.42]
['2016-07-26', 5.35, 5.37, 5.35, 5.37]
['2016-07-27', 5.415, 5.42, 5.415, 5.42]
['2016-07-28', 5.415, 5.5, 5.415, 5.5]
['2016-07-29', 5.48, 5.48, 5.48, 5.48]
['2016-08-01', 5.48, 5.48, 5.48, 5.48]
['2016-08-02', 5.487, 5.5, 5.487, 5.5]
['2016-08-03', 5.5, 5.5, 5.5, 5.5]
['2016-08-04', 5.487, 5.5, 5.487, 5.5]
['2016-08-05', 5.5, 5.5, 5.5, 5.5]
['2016-08-08', 5.5, 5.5, 5.5, 5.5]
['2016-08-09', 5.5, 5.5, 5.5, 5.5]
['2016-08-10', 5.5, 5.5, 5.5, 5.5]
['2016-08-11', 5.487, 5.5, 5.487, 5.5]
['2016-08-12', 5.5, 5.5, 5.5, 5.5]
['2016-08-15', 5.5, 5.5, 5.5, 5.5]
['2016-08-16', 5.5, 5.5, 5.5, 5.5]
['2016-08-17', 5.5, 5.5, 5.5, 5.5]
['2016-08-18', 5.5, 5.5, 5.5, 5.5]
['2016-08-19', 5.5, 5.5, 5.5, 5.5]
['2016-08-22', 5.397, 5.397, 5.397, 5.397]
['2016-08-23', 5.397, 5.4, 5.397, 5.4]
['2016-08-24', 5.4, 5.4, 5.4, 5.4]
['2016-08-25', 5.4, 5.4, 5.4, 5.4]
['2016-08-26', 5.4, 5.4, 5.4, 5.4]
['2016-08-29', 5.385, 5.5, 5.385, 5.5]
['2016-08-30', 5.475, 5.5, 5.475, 5.5]
['2016-08-31', 5.5, 8.5, 5.5, 5.5]
['2016-09-01', 5.2, 5.52, 5.2, 5.52]
['2016-09-02', 5.52, 5.52, 5.52, 5.52]
['2016-09-06', 5.52, 5.52, 5.52, 5.52]
['2016-09-07', 5.52, 5.52, 5.52, 5.52]
['2016-09-08', 5.52, 5.52, 5.52, 5.52]
['2016-09-09', 5.52, 5.52, 5.52, 5.52]
['2016-09-12', 5.52, 5.52, 5.3, 5.3]
['2016-09-13', 5.52, 5.52, 5.5, 5.5]
['2016-09-14', 5.52, 6.0, 5.52, 5.52]
['2016-09-15', 5.3, 5.5, 5.3, 5.5]
['2016-09-16', 5.5, 5.5, 5.5, 5.5]
['2016-09-19', 5.52, 5.52, 5.52, 5.52]
['2016-09-20', 5.52, 5.52, 5.52, 5.52]
['2016-09-21', 5.52, 5.52, 5.52, 5.52]
['2016-09-22', 5.56, 5.56, 5.56, 5.56]
['2016-09-23', 5.7, 6.0, 5.56, 5.56]
['2016-09-26', 5.52, 5.52, 4.95, 5.52]
['2016-09-27', 4.75, 5.5, 4.75, 5.5]
['2016-09-28', 5.5, 5.5, 5.5, 5.5]
['2016-09-29', 5.5, 5.5, 5.5, 5.5]
['2016-09-30', 5.5, 5.5, 5.5, 5.5]
['2016-10-03', 5.5, 5.5, 5.5, 5.5]
['2016-10-04', 5.5, 5.5, 5.5, 5.5]
['2016-10-05', 5.5, 5.5, 5.5, 5.5]
['2016-10-06', 5.5, 5.5, 5.5, 5.5]
['2016-10-07', 5.5, 5.5, 5.5, 5.5]
['2016-10-10', 5.5, 5.5, 5.5, 5.5]
['2016-10-11', 5.5, 5.5, 5.5, 5.5]
['2016-10-12', 5.5, 5.5, 5.5, 5.5]
['2016-10-13', 5.5, 5.5, 5.5, 5.5]
['2016-10-14', 5.5, 5.5, 5.5, 5.5]
['2016-10-17', 5.5, 5.5, 5.5, 5.5]
['2016-10-18', 5.5, 5.5, 5.5, 5.5]
['2016-10-19', 5.5, 5.5, 5.5, 5.5]
['2016-10-20', 5.5, 5.5, 5.5, 5.5]
['2016-10-21', 5.6, 5.65, 5.6, 5.65]
['2016-10-24', 7.0, 7.0, 7.0, 7.0]
['2016-10-25', 7.0, 7.0, 7.0, 7.0]
['2016-10-26', 7.0, 7.0, 7.0, 7.0]
['2016-10-27', 6.0, 6.0, 5.6, 5.99]
['2016-10-28', 5.99, 6.0, 5.99, 6.0]
['2016-10-31', 6.0, 6.0, 6.0, 6.0]
['2016-11-01', 6.0, 6.0, 6.0, 6.0]
['2016-11-02', 6.0, 6.0, 6.0, 6.0]
['2016-11-03', 6.0, 6.0, 6.0, 6.0]
['2016-11-04', 6.0, 6.0, 6.0, 6.0]
['2016-11-07', 6.0, 6.0, 6.0, 6.0]
['2016-11-08', 6.0, 6.0, 6.0, 6.0]
['2016-11-09', 6.0, 6.0, 6.0, 6.0]
['2016-11-10', 5.9, 6.05, 5.9, 6.05]
['2016-11-11', 6.0, 6.0, 6.0, 6.0]
['2016-11-14', 6.0, 6.0, 6.0, 6.0]
['2016-11-15', 6.032, 6.032, 6.03, 6.03]
['2016-11-16', 6.05, 6.05, 6.05, 6.05]
['2016-11-17', 6.0, 6.0, 6.0, 6.0]
['2016-11-18', 6.0, 6.0, 6.0, 6.0]
['2016-11-21', 6.0, 6.0, 6.0, 6.0]
['2016-11-22', 6.0, 6.0, 6.0, 6.0]
['2016-11-23', 6.0, 6.0, 6.0, 6.0]
['2016-11-25', 6.0, 6.0, 6.0, 6.0]
['2016-11-28', 5.85, 5.85, 5.85, 5.85]
['2016-11-29', 5.85, 5.85, 5.25, 5.79]
['2016-11-30', 6.0, 6.0, 6.0, 6.0]
['2016-12-01', 5.9, 5.9, 5.89, 5.89]
['2016-12-02', 5.89, 5.89, 5.89, 5.89]
['2016-12-05', 5.89, 5.89, 5.89, 5.89]
['2016-12-06', 5.89, 5.89, 5.89, 5.89]
['2016-12-07', 5.85, 5.9, 5.85, 5.9]
['2016-12-08', 5.9, 5.9, 5.9, 5.9]
['2016-12-09', 5.9, 5.9, 5.9, 5.9]
['2016-12-12', 5.9, 5.9, 5.9, 5.9]
['2016-12-13', 5.9, 5.9, 5.9, 5.9]
['2016-12-14', 5.9, 5.9, 5.9, 5.9]
['2016-12-15', 5.9, 5.9, 5.9, 5.9]
['2016-12-16', 5.9, 5.9, 5.9, 5.9]
['2016-12-19', 5.9, 5.9, 5.9, 5.9]
['2016-12-20', 5.9, 5.9, 5.9, 5.9]
['2016-12-21', 5.9, 5.9, 5.9, 5.9]
['2016-12-22', 5.99, 5.99, 5.9, 5.9]
['2016-12-23', 5.9, 5.9, 5.9, 5.9]
['2016-12-27', 6.0, 6.0, 6.0, 6.0]
['2016-12-28', 6.0, 6.0, 6.0, 6.0]
['2016-12-29', 6.0, 6.0, 6.0, 6.0]
['2016-12-30', 5.95, 5.96, 5.95, 5.96]
['2017-01-03', 5.9, 6.0, 5.9, 6.0]
['2017-01-04', 6.0, 6.0, 6.0, 6.0]
['2017-01-05', 6.0, 6.0, 6.0, 6.0]
['2017-01-06', 6.0, 6.0, 6.0, 6.0]
['2017-01-09', 6.0, 6.0, 6.0, 6.0]
['2017-01-10', 6.0, 6.0, 6.0, 6.0]
['2017-01-11', 6.0, 6.0, 6.0, 6.0]
['2017-01-12', 5.95, 5.95, 5.95, 5.95]
['2017-01-13', 5.95, 5.95, 5.95, 5.95]
['2017-01-17', 5.95, 5.95, 5.95, 5.95]
['2017-01-18', 5.95, 5.95, 5.95, 5.95]
['2017-01-19', 5.95, 5.95, 5.95, 5.95]
['2017-01-20', 5.95, 5.95, 5.95, 5.95]
['2017-01-23', 5.95, 5.95, 5.95, 5.95]
['2017-01-24', 6.0, 6.0, 5.96, 5.96]
['2017-01-25', 5.96, 5.96, 5.96, 5.96]
['2017-01-26', 5.96, 5.96, 5.96, 5.96]
['2017-01-27', 6.0, 6.0, 6.0, 6.0]
['2017-01-30', 6.0, 6.0, 5.97, 6.0]
['2017-01-31', 6.0, 6.0, 6.0, 6.0]
['2017-02-01', 6.0, 6.0, 6.0, 6.0]
['2017-02-02', 5.98, 5.98, 5.98, 5.98]
['2017-02-03', 5.98, 5.98, 5.98, 5.98]
['2017-02-06', 5.98, 5.98, 5.98, 5.98]
['2017-02-07', 5.98, 5.98, 5.98, 5.98]
['2017-02-08', 5.98, 5.98, 5.98, 5.98]
['2017-02-09', 5.97, 6.0, 5.97, 6.0]
['2017-02-10', 6.0, 6.0, 6.0, 6.0]
['2017-02-13', 6.0, 6.0, 6.0, 6.0]
['2017-02-14', 6.0, 6.0, 6.0, 6.0]
['2017-02-15', 6.0, 6.0, 6.0, 6.0]
['2017-02-16', 6.0, 6.0, 6.0, 6.0]
['2017-02-17', 6.0, 6.0, 6.0, 6.0]
['2017-02-21', 5.97, 6.0, 5.97, 6.0]
['2017-02-22', 6.0, 6.0, 6.0, 6.0]
['2017-02-23', 6.0, 6.0, 6.0, 6.0]
['2017-02-24', 6.0, 6.0, 6.0, 6.0]
['2017-02-27', 6.0, 6.0, 6.0, 6.0]
['2017-02-28', 6.0, 6.15, 6.0, 6.1]
['2017-03-01', 6.1, 6.1, 6.1, 6.1]
['2017-03-02', 6.1, 6.1, 6.1, 6.1]
['2017-03-03', 6.1, 6.1, 6.1, 6.1]
['2017-03-06', 6.1, 6.1, 6.1, 6.1]
['2017-03-07', 6.1, 6.1, 6.1, 6.1]
['2017-03-08', 6.2, 6.2, 6.2, 6.2]
['2017-03-09', 6.2, 6.2, 6.2, 6.2]
['2017-03-10', 6.2, 6.2, 6.2, 6.2]
['2017-03-13', 6.2, 6.2, 6.2, 6.2]
['2017-03-14', 6.2, 6.2, 6.2, 6.2]
['2017-03-15', 6.2, 6.2, 6.2, 6.2]
['2017-03-16', 6.2, 6.2, 6.2, 6.2]
['2017-03-17', 6.2, 6.2, 6.2, 6.2]
['2017-03-20', 6.2, 6.2, 6.2, 6.2]
['2017-03-21', 6.2, 6.2, 6.2, 6.2]
['2017-03-22', 6.2, 6.2, 6.2, 6.2]
['2017-03-23', 6.2, 6.2, 6.2, 6.2]
['2017-03-24', 6.2, 6.2, 6.2, 6.2]
['2017-03-27', 6.2, 6.2, 6.2, 6.2]
['2017-03-28', 6.2, 6.2, 6.2, 6.2]
['2017-03-29', 6.2, 6.2, 6.2, 6.2]
['2017-03-30', 6.15, 6.15, 6.15, 6.15]
['2017-03-31', 6.15, 6.15, 6.1, 6.15]
['2017-04-03', 6.15, 6.15, 6.15, 6.15]
['2017-04-04', 6.05, 6.05, 6.05, 6.05]
['2017-04-05', 6.05, 6.05, 6.05, 6.05]
['2017-04-06', 6.05, 6.05, 6.05, 6.05]
['2017-04-07', 6.05, 6.05, 6.05, 6.05]
['2017-04-10', 5.95, 5.95, 5.95, 5.95]
['2017-04-11', 5.95, 5.95, 5.95, 5.95]
['2017-04-12', 5.95, 5.95, 5.95, 5.95]
['2017-04-13', 5.95, 5.95, 5.95, 5.95]
['2017-04-17', 5.95, 5.95, 5.95, 5.95]
['2017-04-18', 5.95, 5.95, 5.95, 5.95]
['2017-04-19', 5.95, 5.95, 5.95, 5.95]
['2017-04-20', 5.95, 5.95, 5.95, 5.95]
['2017-04-21', 5.95, 5.95, 5.95, 5.95]
['2017-04-24', 6.03, 6.03, 6.03, 6.03]
['2017-04-25', 6.03, 6.03, 6.03, 6.03]
['2017-04-26', 6.03, 6.03, 6.03, 6.03]
['2017-04-27', 5.97, 6.03, 5.97, 6.03]
['2017-04-28', 6.02, 6.03, 6.02, 6.03]
['2017-05-01', 6.03, 6.03, 6.03, 6.03]
['2017-05-02', 5.9, 5.9, 5.9, 5.9]
['2017-05-03', 5.9, 6.03, 5.8, 6.03]
['2017-05-04', 6.1, 6.1, 5.8, 5.8]
['2017-05-05', 5.8, 5.8, 5.8, 5.8]
['2017-05-08', 5.91, 5.91, 5.91, 5.91]
['2017-05-09', 5.91, 5.91, 5.91, 5.91]
['2017-05-10', 5.8, 6.02, 5.8, 6.02]
['2017-05-11', 6.02, 6.02, 6.02, 6.02]
['2017-05-12', 6.02, 6.02, 6.02, 6.02]
['2017-05-15', 5.915, 6.02, 5.8, 6.02]
['2017-05-16', 6.02, 6.02, 6.02, 6.02]
['2017-05-17', 6.0, 6.0, 5.8, 5.8]
['2017-05-18', 5.8, 5.8, 5.8, 5.8]
['2017-05-19', 5.8, 5.8, 5.8, 5.8]
['2017-05-22', 5.8, 5.8, 5.8, 5.8]
['2017-05-23', 5.8, 5.8, 5.8, 5.8]
['2017-05-24', 6.0, 6.0, 6.0, 6.0]
['2017-05-25', 6.0, 6.0, 6.0, 6.0]
['2017-05-26', 6.0, 6.0, 6.0, 6.0]
['2017-05-30', 5.9, 5.9, 5.9, 5.9]
['2017-05-31', 5.9, 6.0, 5.9, 6.0]
['2017-06-01', 6.0, 6.0, 6.0, 6.0]
['2017-06-02', 6.0, 6.0, 6.0, 6.0]
['2017-06-05', 5.8, 5.8, 5.8, 5.8]
['2017-06-06', 5.8, 5.8, 5.8, 5.8]
['2017-06-07', 5.8, 5.8, 5.8, 5.8]
['2017-06-08', 5.8, 5.8, 5.8, 5.8]
['2017-06-09', 5.8, 5.8, 5.8, 5.8]
['2017-06-12', 5.8, 5.8, 5.8, 5.8]
['2017-06-13', 5.8, 5.8, 5.8, 5.8]
['2017-06-14', 5.8, 5.8, 5.8, 5.8]
['2017-06-15', 5.8, 5.8, 5.8, 5.8]
['2017-06-16', 5.8, 5.8, 5.8, 5.8]
['2017-06-19', 5.8, 5.8, 5.8, 5.8]
['2017-06-20', 5.85, 5.85, 5.85, 5.85]
['2017-06-21', 5.8, 5.8, 5.8, 5.8]
['2017-06-22', 5.7, 5.8, 5.7, 5.8]
['2017-06-23', 5.75, 6.02, 5.75, 6.0]
['2017-06-26', 5.75, 6.25, 5.75, 6.25]
['2017-06-27', 6.25, 6.25, 6.25, 6.25]
['2017-06-28', 6.15, 6.15, 6.0, 6.0]
['2017-06-29', 6.35, 6.35, 6.0, 6.0]
['2017-06-30', 5.9, 5.9, 5.5, 5.9]
['2017-07-03', 5.9, 5.9, 5.9, 5.9]
['2017-07-05', 5.9, 5.9, 5.9, 5.9]
['2017-07-06', 5.89, 6.35, 5.89, 6.35]
['2017-07-07', 6.35, 6.35, 6.35, 6.35]
['2017-07-10', 6.35, 6.35, 6.35, 6.35]
['2017-07-11', 6.35, 6.35, 6.35, 6.35]
['2017-07-12', 6.35, 6.35, 6.0, 6.0]
['2017-07-13', 6.0, 6.0, 6.0, 6.0]
['2017-07-14', 6.0, 6.0, 6.0, 6.0]
['2017-07-17', 6.0, 6.0, 6.0, 6.0]
['2017-07-18', 6.0, 6.0, 6.0, 6.0]
['2017-07-19', 6.0, 6.0, 6.0, 6.0]
['2017-07-20', 5.5, 5.5, 5.49, 5.5]
['2017-07-21', 5.69, 5.92, 5.69, 5.75]
['2017-07-24', 6.35, 6.35, 6.35, 6.35]
['2017-07-25', 6.35, 6.35, 6.35, 6.35]
['2017-07-26', 6.0, 6.0, 6.0, 6.0]
['2017-07-27', 6.0, 6.0, 6.0, 6.0]
['2017-07-28', 6.0, 6.0, 6.0, 6.0]
['2017-07-31', 6.0, 6.0, 6.0, 6.0]
['2017-08-01', 6.0, 6.0, 6.0, 6.0]
['2017-08-02', 6.0, 6.0, 6.0, 6.0]
['2017-08-03', 6.0, 6.0, 6.0, 6.0]
['2017-08-04', 5.7, 5.7, 5.7, 5.7]
['2017-08-07', 5.7, 6.0, 5.5, 5.8]
['2017-08-08', 5.73, 5.85, 5.65, 5.85]
['2017-08-09', 5.5, 5.74, 5.4, 5.74]
['2017-08-10', 5.74, 5.74, 5.74, 5.74]
['2017-08-11', 5.74, 5.74, 5.74, 5.74]
['2017-08-14', 5.4, 5.7, 5.35, 5.7]
['2017-08-15', 5.49, 5.68, 5.49, 5.68]
['2017-08-16', 5.4, 5.8, 5.4, 5.8]
['2017-08-17', 5.8, 5.8, 5.8, 5.8]
['2017-08-18', 5.8, 5.8, 5.8, 5.8]
['2017-08-21', 5.68, 5.68, 5.68, 5.68]
['2017-08-22', 5.68, 5.8, 5.68, 5.8]
['2017-08-23', 5.8, 5.8, 5.8, 5.8]
['2017-08-24', 5.8, 5.8, 5.8, 5.8]
['2017-08-25', 5.8, 5.8, 5.8, 5.8]
['2017-08-28', 5.8, 5.8, 5.8, 5.8]
['2017-08-29', 5.8, 5.8, 5.8, 5.8]
['2017-08-30', 5.8, 5.8, 5.8, 5.8]
['2017-08-31', 5.8, 6.0, 5.8, 6.0]
['2017-09-01', 6.0, 6.0, 6.0, 6.0]
['2017-09-05', 6.0, 6.0, 6.0, 6.0]
['2017-09-06', 6.0, 6.0, 6.0, 6.0]
['2017-09-07', 6.0, 6.0, 6.0, 6.0]
['2017-09-08', 6.6, 6.6, 6.6, 6.6]
['2017-09-11', 6.4, 6.4, 6.2, 6.2]
['2017-09-12', 6.2, 6.2, 6.2, 6.2]
['2017-09-13', 6.2, 6.2, 6.2, 6.2]
['2017-09-14', 6.25, 6.35, 6.25, 6.35]
['2017-09-15', 6.35, 6.35, 6.35, 6.35]
['2017-09-18', 6.35, 6.35, 6.35, 6.35]
['2017-09-19', 6.1, 6.35, 6.1, 6.35]
['2017-09-20', 6.35, 6.35, 6.35, 6.35]
['2017-09-21', 6.35, 6.35, 6.35, 6.35]
['2017-09-22', 6.35, 6.35, 6.35, 6.35]
['2017-09-25', 6.35, 6.35, 6.35, 6.35]
['2017-09-26', 6.35, 6.35, 6.35, 6.35]
['2017-09-27', 6.45, 6.45, 6.45, 6.45]
['2017-09-28', 6.55, 7.0, 6.5, 6.5]
['2017-09-29', 6.75, 6.75, 6.75, 6.75]
['2017-10-02', 7.02, 7.02, 7.02, 7.02]
['2017-10-03', 7.02, 7.32, 7.02, 7.32]
['2017-10-04', 7.32, 7.32, 7.32, 7.32]
['2017-10-05', 7.32, 7.32, 7.32, 7.32]
['2017-10-06', 7.32, 7.32, 7.32, 7.32]
['2017-10-09', 6.7, 6.75, 6.2, 6.75]
['2017-10-10', 7.25, 7.25, 7.25, 7.25]
['2017-10-11', 7.25, 7.25, 7.25, 7.25]
['2017-10-12', 7.25, 7.25, 7.25, 7.25]
['2017-10-13', 7.25, 7.25, 7.25, 7.25]
['2017-10-16', 7.0, 7.2, 7.0, 7.2]
['2017-10-17', 7.2, 7.2, 7.2, 7.2]
['2017-10-18', 7.2, 7.2, 7.2, 7.2]
['2017-10-19', 7.2, 7.2, 7.2, 7.2]
['2017-10-20', 7.2, 7.2, 7.2, 7.2]
['2017-10-23', 7.2, 7.2, 7.2, 7.2]
['2017-10-24', 7.2, 7.2, 7.2, 7.2]
['2017-10-25', 7.2, 7.2, 7.2, 7.2]
['2017-10-26', 7.0, 7.0, 6.8, 7.0]
['2017-10-27', 7.0, 7.0, 7.0, 7.0]
['2017-10-30', 7.0, 7.0, 7.0, 7.0]
['2017-10-31', 7.15, 7.2, 6.975, 7.2]
['2017-11-01', 7.1, 7.1, 6.7, 6.95]
['2017-11-02', 4.6, 4.6, 3.68, 4.5]
['2017-11-03', 4.89, 4.89, 4.42, 4.75]
['2017-11-06', 4.89, 4.89, 4.25, 4.498]
['2017-11-07', 4.58, 4.6, 4.5, 4.504]
['2017-11-08', 4.55, 4.7, 4.5, 4.7]
['2017-11-09', 4.25, 4.695, 4.25, 4.5]
['2017-11-10', 4.5, 4.7, 4.28, 4.61]
['2017-11-13', 4.5, 4.64, 4.5, 4.5]
['2017-11-14', 4.4, 4.67, 4.4, 4.58]
['2017-11-15', 4.6, 4.64, 4.27, 4.59]
['2017-11-16', 4.502, 4.65, 4.5, 4.5]
['2017-11-17', 4.66, 4.67, 4.37, 4.67]
['2017-11-20', 4.6, 4.67, 4.55, 4.67]
['2017-11-21', 4.5, 4.6, 4.5, 4.6]
['2017-11-22', 4.5, 4.67, 4.5, 4.6]
['2017-11-24', 4.5, 4.58, 4.5, 4.54]
['2017-11-27', 4.6, 4.6, 4.525, 4.55]
['2017-11-28', 4.55, 4.6, 4.5, 4.55]
['2017-11-29', 4.4, 4.6, 4.02, 4.55]
['2017-11-30', 4.55, 4.77, 4.25, 4.65]
['2017-12-01', 4.79, 4.79, 4.28, 4.28]
['2017-12-04', 4.56, 4.67, 4.36, 4.5]
['2017-12-05', 4.467, 4.65, 4.4, 4.44]
['2017-12-06', 4.32, 4.6, 4.3, 4.6]
['2017-12-07', 4.259, 4.6, 4.259, 4.55]
['2017-12-08', 4.14, 4.55, 4.14, 4.5]
['2017-12-11', 4.58, 4.58, 4.44, 4.49]
['2017-12-12', 4.5, 4.6, 4.4, 4.49]
['2017-12-13', 4.55, 4.6, 4.429, 4.47]
['2017-12-14', 4.47, 4.6, 4.4, 4.48]
['2017-12-15', 4.72, 4.72, 4.22, 4.22]
['2017-12-18', 4.37, 4.67, 4.3, 4.5]
['2017-12-19', 4.65, 4.65, 4.5, 4.5]
['2017-12-20', 4.61, 4.66, 4.52, 4.595]
['2017-12-21', 4.59, 4.63, 4.49, 4.5]
['2017-12-22', 4.59, 4.66, 4.46, 4.62]
['2017-12-26', 4.6, 4.6, 4.6, 4.6]
['2017-12-27', 4.6, 4.67, 4.16, 4.67]
['2017-12-28', 4.65, 4.9, 4.32, 4.68]
['2017-12-29', 4.68, 4.9, 4.43, 4.68]
['2018-01-02', 4.68, 4.68, 4.52, 4.52]
['2018-01-03', 4.43, 4.8, 4.4, 4.61]
['2018-01-04', 4.68, 4.68, 4.48, 4.64]
['2018-01-05', 4.645, 4.67, 4.55, 4.67]
['2018-01-08', 4.67, 4.67, 4.67, 4.67]
['2018-01-09', 4.62, 4.68, 4.6, 4.67]
['2018-01-10', 3.74, 4.72, 3.74, 4.69]
['2018-01-11', 4.68, 4.68, 4.68, 4.68]
['2018-01-12', 4.68, 4.9, 4.572, 4.88]
['2018-01-16', 4.86, 4.9, 4.47, 4.47]
['2018-01-17', 4.63, 4.63, 4.33, 4.45]
['2018-01-18', 4.63, 4.68, 4.45, 4.54]
['2018-01-19', 4.67, 4.88, 4.5, 4.68]
['2018-01-22', 4.67, 4.67, 4.5, 4.52]
['2018-01-23', 4.65, 4.67, 4.5, 4.65]
['2018-01-24', 4.55, 4.68, 4.22, 4.64]
['2018-01-25', 4.35, 4.4, 4.35, 4.391]
['2018-01-26', 4.39, 4.57, 4.2, 4.44]
['2018-01-29', 4.64, 4.64, 4.55, 4.55]
['2018-01-30', 4.35, 4.717, 4.35, 4.717]
['2018-01-31', 4.585, 4.78, 4.54, 4.7]
['2018-02-01', 4.68, 4.68, 4.49, 4.68]
['2018-02-02', 4.57, 4.68, 4.57, 4.68]
['2018-02-05', 4.68, 4.68, 4.38, 4.55]
['2018-02-06', 4.56, 4.78, 4.539, 4.74]
['2018-02-07', 4.45, 4.68, 4.45, 4.58]
['2018-02-08', 4.6, 4.8, 4.6, 4.785]
['2018-02-09', 4.79, 4.8, 4.678, 4.8]
['2018-02-12', 4.8, 4.8, 4.685, 4.74]
['2018-02-13', 4.6, 4.6, 4.6, 4.6]
['2018-02-14', 4.6, 4.6, 4.5, 4.6]
['2018-02-15', 4.6, 4.8, 4.269, 4.62]
['2018-02-16', 4.62, 4.62, 4.62, 4.62]
['2018-02-20', 4.58, 4.58, 4.3, 4.3]
['2018-02-21', 4.6, 4.6, 4.34, 4.34]
['2018-02-22', 4.6, 4.6, 4.34, 4.34]
['2018-02-23', 4.5, 4.8, 4.4, 4.5]
['2018-02-26', 4.55, 4.55, 4.3, 4.3]
['2018-02-27', 4.54, 4.54, 4.54, 4.54]
['2018-02-28', 4.55, 4.8, 4.55, 4.78]
['2018-03-01', 4.6, 4.8, 4.6, 4.75]
['2018-03-02', 4.67, 4.8, 4.43, 4.43]
['2018-03-05', 4.3, 4.76, 4.26, 4.65]
['2018-03-06', 4.62, 4.65, 4.315, 4.38]
['2018-03-07', 4.45, 4.7, 4.2, 4.34]
['2018-03-08', 4.47, 4.48, 4.04, 4.44]
['2018-03-09', 4.44, 4.66, 4.1, 4.6]
['2018-03-12', 4.6, 4.6, 4.5, 4.6]
['2018-03-13', 4.29, 4.7, 4.29, 4.65]
['2018-03-14', 4.52, 4.52, 4.49, 4.49]
['2018-03-15', 4.38, 4.6, 4.26, 4.31]
['2018-03-16', 4.42, 4.79, 4.42, 4.79]
['2018-03-19', 4.45, 4.45, 4.45, 4.45]
['2018-03-20', 4.37, 4.6, 4.33, 4.33]
['2018-03-21', 4.85, 4.9, 4.65, 4.8]
['2018-03-22', 4.78, 4.849, 4.75, 4.81]
['2018-03-23', 4.8, 4.849, 4.628, 4.7]
['2018-03-26', 4.68, 4.861, 4.35, 4.54]
['2018-03-27', 4.53, 4.87, 4.41, 4.76]
['2018-03-28', 4.75, 4.85, 4.42, 4.77]
['2018-03-29', 4.76, 4.87, 4.59, 4.76]
['2018-04-02', 4.75, 5.0, 4.44, 4.44]
['2018-04-03', 4.6, 4.85, 4.51, 4.51]
['2018-04-04', 4.75, 4.85, 4.75, 4.85]
['2018-04-05', 4.8, 4.85, 4.5, 4.83]
['2018-04-06', 4.76, 4.76, 4.5, 4.63]
['2018-04-09', 4.75, 4.75, 4.5, 4.56]
['2018-04-10', 4.75, 4.75, 4.679, 4.74]
['2018-04-11', 4.69, 4.69, 4.55, 4.68]
['2018-04-12', 4.59, 4.621, 4.59, 4.621]
['2018-04-13', 4.6, 4.633, 4.6, 4.623]
['2018-04-16', 4.6, 4.75, 4.6, 4.75]
['2018-04-17', 4.75, 4.75, 4.75, 4.75]
['2018-04-18', 4.7, 4.7, 4.61, 4.61]
['2018-04-19', 4.526, 4.69, 4.36, 4.37]
['2018-04-20', 4.36, 4.5, 4.36, 4.5]
['2018-04-23', 4.5, 4.75, 4.5, 4.6]
['2018-04-24', 4.596, 4.596, 4.596, 4.596]
['2018-04-25', 4.415, 4.48, 4.398, 4.44]
['2018-04-26', 4.43, 4.5, 4.35, 4.45]
['2018-04-27', 4.49, 4.5, 4.49, 4.5]
['2018-04-30', 4.4, 4.75, 4.4, 4.73]
['2018-05-01', 4.7, 4.72, 4.43, 4.69]
['2018-05-02', 4.74, 4.75, 4.48, 4.62]
['2018-05-03', 4.51, 4.56, 4.448, 4.56]
['2018-05-04', 4.55, 4.6, 4.53, 4.58]
['2018-05-07', 4.49, 4.58, 4.49, 4.53]
['2018-05-08', 4.512, 4.53, 4.5, 4.5]
['2018-05-09', 4.37, 4.61, 4.35, 4.545]
['2018-05-10', 4.6, 4.62, 4.41, 4.61]
['2018-05-11', 4.625, 4.75, 4.625, 4.7]
['2018-05-14', 4.55, 4.7, 4.55, 4.69]
['2018-05-15', 4.682, 4.682, 4.557, 4.557]
['2018-05-16', 4.44, 4.44, 4.44, 4.44]
['2018-05-17', 4.53, 4.7, 4.53, 4.6]
['2018-05-18', 4.6, 4.75, 4.6, 4.71]
['2018-05-21', 4.7, 4.8, 4.675, 4.8]
['2018-05-22', 4.7, 4.79, 4.48, 4.78]
['2018-05-23', 4.7, 4.7, 4.61, 4.69]
['2018-05-24', 4.557, 4.69, 4.557, 4.64]
['2018-05-25', 4.64, 4.77, 4.64, 4.7]
['2018-05-29', 4.65, 4.78, 4.65, 4.65]
['2018-05-30', 4.55, 4.65, 4.55, 4.61]
['2018-05-31', 4.55, 4.75, 4.472, 4.67]
['2018-06-01', 4.65, 5.0, 4.64, 4.65]
['2018-06-04', 4.65, 4.76, 4.65, 4.76]
['2018-06-05', 4.87, 4.927, 4.61, 4.8]
['2018-06-06', 4.8, 4.817, 4.62, 4.65]
['2018-06-07', 4.65, 4.95, 4.5, 4.51]
['2018-06-08', 4.75, 4.811, 4.51, 4.51]
['2018-06-11', 4.63, 4.64, 3.75, 4.24]
['2018-06-12', 4.41, 5.0, 3.98, 5.0]
['2018-06-13', 5.0, 5.0, 4.349, 4.69]
['2018-06-14', 4.68, 4.72, 4.5, 4.6]
['2018-06-15', 4.6, 4.69, 4.48, 4.48]
['2018-06-18', 4.37, 4.57, 4.28, 4.28]
['2018-06-19', 4.28, 4.33, 4.167, 4.25]
['2018-06-20', 4.2, 4.278, 4.2, 4.278]
['2018-06-21', 4.17, 4.2, 4.16, 4.2]
['2018-06-22', 4.33, 4.8, 4.33, 4.7]
['2018-06-25', 4.59, 4.6, 4.466, 4.466]
['2018-06-26', 4.5, 4.77, 4.4, 4.6]
['2018-06-27', 4.66, 4.68, 4.66, 4.68]
['2018-06-28', 4.81, 4.85, 4.75, 4.85]
['2018-06-29', 4.82, 4.85, 4.75, 4.79]
['2018-07-02', 4.775, 4.98, 4.56, 4.56]
['2018-07-03', 4.55, 4.677, 4.49, 4.6]
['2018-07-05', 4.54, 4.68, 4.54, 4.64]
['2018-07-06', 4.55, 4.8, 4.55, 4.68]
['2018-07-09', 4.569, 4.79, 4.522, 4.79]
['2018-07-10', 4.6, 4.66, 4.514, 4.66]
['2018-07-11', 4.65, 4.73, 4.53, 4.64]
['2018-07-12', 4.64, 4.64, 4.64, 4.64]
['2018-07-13', 4.64, 4.64, 4.64, 4.64]
['2018-07-16', 4.54, 4.54, 4.54, 4.54]
['2018-07-17', 4.48, 4.694, 4.23, 4.5]
['2018-07-18', 4.68, 4.72, 4.523, 4.65]
['2018-07-19', 4.65, 4.65, 4.65, 4.65]
['2018-07-20', 4.43, 4.52, 4.43, 4.5]
['2018-07-23', 4.5, 4.5, 4.5, 4.5]
['2018-07-24', 4.75, 4.8, 4.16, 4.42]
['2018-07-25', 4.61, 4.69, 4.37, 4.539]
['2018-07-26', 4.495, 4.657, 4.36, 4.657]
['2018-07-27', 4.53, 4.569, 4.5, 4.52]
['2018-07-30', 4.41, 4.412, 4.4, 4.409]
['2018-07-31', 4.38, 4.865, 4.38, 4.66]
['2018-08-01', 4.52, 4.64, 4.45, 4.53]
['2018-08-02', 4.54, 4.69, 4.46, 4.58]
['2018-08-03', 4.725, 4.75, 4.45, 4.623]
['2018-08-06', 4.807, 4.859, 4.6, 4.73]
['2018-08-07', 4.61, 4.61, 4.57, 4.6]
['2018-08-08', 4.6, 4.6, 4.6, 4.6]
['2018-08-09', 4.63, 4.65, 4.61, 4.65]
['2018-08-10', 4.429, 4.69, 4.429, 4.63]
['2018-08-13', 4.69, 4.69, 4.69, 4.69]
['2018-08-14', 4.66, 4.98, 4.533, 4.75]
['2018-08-15', 4.66, 4.975, 4.65, 4.65]
['2018-08-16', 4.75, 4.75, 4.75, 4.75]
['2018-08-17', 4.75, 4.75, 4.75, 4.75]
['2018-08-20', 4.38, 4.659, 4.38, 4.659]
['2018-08-21', 4.49, 4.891, 4.49, 4.891]
['2018-08-22', 4.891, 4.891, 4.891, 4.891]
['2018-08-23', 4.891, 4.891, 4.891, 4.891]
['2018-08-24', 4.63, 4.63, 4.6, 4.6]
['2018-08-27', 4.6, 4.75, 4.6, 4.75]
['2018-08-28', 4.6, 4.81, 4.47, 4.81]
['2018-08-29', 4.81, 4.81, 4.81, 4.81]
['2018-08-30', 4.75, 4.98, 4.75, 4.85]
['2018-08-31', 4.85, 4.93, 4.75, 4.8]
['2018-09-04', 4.65, 4.65, 4.5, 4.5]
['2018-09-05', 4.55, 4.75, 4.5, 4.75]
['2018-09-06', 4.75, 4.75, 4.75, 4.75]
['2018-09-07', 4.52, 4.72, 4.39, 4.67]
['2018-09-10', 4.42, 4.42, 4.42, 4.42]
['2018-09-11', 4.54, 4.66, 4.45, 4.565]
['2018-09-12', 4.68, 4.68, 4.25, 4.5]
['2018-09-13', 4.44, 4.45, 4.001, 4.45]
['2018-09-14', 4.42, 4.59, 4.42, 4.59]
['2018-09-17', 4.56, 4.59, 4.25, 4.4]
['2018-09-18', 4.43, 4.5, 4.4, 4.4]
['2018-09-19', 4.57, 4.57, 4.32, 4.394]
['2018-09-20', 4.308, 4.47, 4.15, 4.35]
['2018-09-21', 4.4, 4.4, 4.4, 4.4]
['2018-09-24', 4.4, 4.4, 4.4, 4.4]
['2018-09-25', 4.2, 4.21, 4.15, 4.17]
['2018-09-26', 4.3, 4.3, 4.3, 4.3]
['2018-09-27', 4.503, 4.503, 4.45, 4.45]
['2018-09-28', 4.6, 4.65, 4.4, 4.59]
['2018-10-01', 4.47, 4.64, 4.47, 4.64]
['2018-10-02', 4.6, 4.6, 4.55, 4.55]
['2018-10-03', 4.64, 4.64, 4.5, 4.5]
['2018-10-04', 4.27, 4.45, 4.21, 4.44]
['2018-10-05', 4.44, 4.44, 4.44, 4.44]
['2018-10-08', 4.23, 4.47, 4.23, 4.47]
['2018-10-09', 4.18, 4.58, 4.18, 4.24]
['2018-10-10', 4.46, 4.46, 4.46, 4.46]
['2018-10-11', 4.2, 4.2, 4.2, 4.2]
['2018-10-12', 4.25, 4.262, 4.21, 4.234]
['2018-10-15', 4.26, 4.26, 4.26, 4.26]
['2018-10-16', 4.326, 4.326, 4.25, 4.25]
['2018-10-17', 4.24, 4.24, 4.22, 4.23]
['2018-10-18', 4.21, 4.25, 4.17, 4.201]
['2018-10-19', 4.2, 4.25, 4.2, 4.24]
['2018-10-22', 4.24, 4.24, 4.24, 4.24]
['2018-10-23', 4.203, 4.4, 4.0, 4.4]
['2018-10-24', 4.27, 4.299, 4.01, 4.16]
['2018-10-25', 4.15, 4.15, 4.05, 4.1]
['2018-10-26', 4.05, 4.05, 4.05, 4.05]
['2018-10-29', 4.3, 4.42, 4.0, 4.1]
['2018-10-30', 4.03, 4.215, 3.62, 4.1]
['2018-10-31', 4.12, 4.2, 3.57, 4.15]
['2018-11-01', 4.008, 4.008, 4.0, 4.0]
['2018-11-02', 3.96, 4.0, 3.96, 4.0]
['2018-11-05', 4.02, 4.02, 4.0, 4.0]
['2018-11-06', 4.05, 4.05, 4.01, 4.01]
['2018-11-07', 3.97, 4.0, 3.65, 3.95]
['2018-11-08', 3.95, 3.95, 3.95, 3.95]
['2018-11-09', 4.15, 4.15, 4.15, 4.15]
['2018-11-12', 4.0, 4.02, 3.78, 4.0]
['2018-11-13', 4.0, 4.0, 4.0, 4.0]
['2018-11-14', 4.0, 4.0, 4.0, 4.0]
['2018-11-15', 3.77, 3.895, 3.77, 3.8]
['2018-11-16', 3.8, 3.8, 3.8, 3.8]
['2018-11-19', 3.75, 3.8, 3.26, 3.26]
['2018-11-20', 3.77, 3.996, 3.49, 3.49]
['2018-11-21', 3.18, 3.6, 3.18, 3.33]
['2018-11-23', 3.33, 3.34, 3.1, 3.25]
['2018-11-26', 3.45, 3.47, 2.99, 3.47]
['2018-11-27', 3.5, 3.5, 2.81, 3.2]
['2018-11-28', 3.4, 3.55, 3.05, 3.08]
['2018-11-29', 3.12, 3.2, 3.075, 3.2]
['2018-11-30', 3.35, 3.6, 3.27, 3.56]
['2018-12-03', 3.56, 3.56, 3.56, 3.56]
['2018-12-04', 3.58, 3.75, 3.58, 3.75]
['2018-12-06', 3.75, 3.75, 3.75, 3.75]
['2018-12-07', 3.78, 3.78, 3.78, 3.78]
['2018-12-10', 3.75, 3.75, 3.75, 3.75]
['2018-12-11', 3.05, 3.07, 3.05, 3.05]
['2018-12-12', 3.75, 3.75, 3.3, 3.3]
['2018-12-13', 3.31, 3.31, 3.21, 3.21]
['2018-12-14', 3.861, 3.861, 3.4, 3.4]
['2018-12-17', 3.45, 3.467, 3.3, 3.36]
['2018-12-18', 3.51, 3.51, 3.176, 3.4]
['2018-12-19', 3.11, 3.57, 3.11, 3.57]
['2018-12-20', 3.6, 3.6, 3.15, 3.3]
['2018-12-21', 3.21, 3.48, 3.0, 3.17]
['2018-12-24', 3.3, 3.3, 3.1, 3.1]
['2018-12-26', 3.15, 3.15, 3.15, 3.15]
['2018-12-27', 3.17, 3.3, 2.9, 3.1]
['2018-12-28', 3.1, 3.54, 2.9, 3.19]
['2018-12-31', 3.35, 3.621, 3.35, 3.621]
['2019-01-02', 3.621, 3.621, 3.621, 3.621]
['2019-01-03', 3.3, 3.3, 3.3, 3.3]
['2019-01-04', 3.45, 3.45, 3.35, 3.35]
['2019-01-07', 3.35, 3.35, 3.35, 3.35]
['2019-01-08', 3.35, 3.35, 3.35, 3.35]
['2019-01-09', 3.427, 3.6, 3.325, 3.35]
['2019-01-10', 3.35, 3.35, 3.35, 3.35]
['2019-01-11', 3.35, 3.564, 3.35, 3.4]
['2019-01-14', 3.4, 3.4, 3.4, 3.4]
['2019-01-15', 3.4, 3.4, 3.4, 3.4]
['2019-01-16', 3.4, 3.4, 3.4, 3.4]
['2019-01-17', 3.4, 3.5, 3.4, 3.4]
['2019-01-18', 3.4, 3.4, 3.4, 3.4]
['2019-01-22', 3.45, 3.45, 3.4, 3.417]
['2019-01-23', 3.485, 3.485, 3.3, 3.35]
['2019-01-24', 3.35, 3.35, 3.35, 3.35]
['2019-01-25', 3.434, 3.434, 3.434, 3.434]
['2019-01-28', 3.45, 3.45, 3.4, 3.4]
['2019-01-29', 3.35, 3.35, 3.35, 3.35]
['2019-01-30', 3.35, 3.35, 3.35, 3.35]
['2019-01-31', 3.35, 3.4, 3.35, 3.4]
['2019-02-01', 3.35, 3.4, 3.35, 3.35]
['2019-02-04', 3.35, 3.35, 3.35, 3.35]
['2019-02-05', 3.3, 3.35, 3.3, 3.3]
['2019-02-06', 3.32, 3.45, 3.3, 3.301]
['2019-02-07', 3.418, 3.45, 3.418, 3.45]
['2019-02-08', 3.45, 3.45, 3.45, 3.45]
['2019-02-11', 3.35, 3.35, 3.35, 3.35]
['2019-02-12', 3.367, 3.367, 3.367, 3.367]
['2019-02-13', 3.467, 3.5, 3.43, 3.5]
['2019-02-14', 3.66, 3.66, 3.4, 3.4]
['2019-02-15', 3.5, 3.51, 3.4, 3.4]
['2019-02-19', 3.35, 3.35, 3.35, 3.35]
['2019-02-20', 3.351, 3.351, 3.21, 3.21]
['2019-02-21', 3.38, 3.79, 3.38, 3.79]
['2019-02-22', 3.61, 4.33, 3.61, 3.97]
['2019-02-25', 3.8, 4.15, 3.8, 4.135]
['2019-02-26', 4.0, 4.089, 4.0, 4.0]
['2019-02-27', 4.138, 4.14, 3.95, 3.95]
['2019-02-28', 3.95, 4.1, 3.87, 3.97]
['2019-03-01', 3.96, 4.1, 3.95, 4.03]
['2019-03-04', 3.91, 4.054, 3.85, 3.88]
['2019-03-05', 4.24, 4.24, 4.24, 4.24]
['2019-03-06', 4.23, 4.23, 4.05, 4.05]
['2019-03-07', 4.225, 4.362, 4.061, 4.15]
['2019-03-08', 4.115, 4.238, 4.07, 4.1]
['2019-03-11', 4.171, 4.171, 3.921, 4.033]
['2019-03-12', 3.9, 4.043, 3.9, 3.95]
['2019-03-13', 3.98, 4.34, 3.81, 4.34]
['2019-03-14', 3.92, 4.05, 3.92, 4.0]
['2019-03-15', 4.0, 4.05, 3.955, 4.05]
['2019-03-18', 4.02, 4.1, 4.02, 4.09]
['2019-03-19', 4.0, 4.058, 4.0, 4.05]
['2019-03-20', 4.0, 4.5, 3.85, 4.05]
['2019-03-21', 3.931, 4.023, 3.931, 3.95]
['2019-03-22', 3.89, 4.025, 3.89, 4.0]
['2019-03-25', 3.95, 4.11, 3.95, 3.95]
['2019-03-26', 4.4, 4.4, 3.92, 3.92]
['2019-03-27', 3.92, 4.12, 3.92, 4.12]
['2019-03-28', 4.14, 4.14, 3.96, 3.99]
['2019-03-29', 3.998, 4.1, 3.998, 4.05]
['2019-04-01', 4.01, 4.01, 3.93, 3.959]
['2019-04-02', 4.068, 4.068, 4.04, 4.04]
['2019-04-03', 3.9, 3.98, 3.82, 3.98]
['2019-04-04', 3.95, 3.971, 3.91, 3.945]
['2019-04-05', 3.945, 3.945, 3.945, 3.945]
['2019-04-08', 3.993, 3.993, 3.92, 3.95]
['2019-04-09', 3.94, 4.145, 3.94, 4.068]
['2019-04-10', 4.05, 4.05, 3.9, 3.9]
['2019-04-11', 3.829, 4.05, 3.2, 3.779]
['2019-04-12', 3.64, 3.95, 3.64, 3.9]
['2019-04-15', 3.85, 3.87, 3.85, 3.85]
['2019-04-16', 3.95, 3.95, 3.85, 3.88]
['2019-04-17', 4.24, 4.24, 3.83, 3.83]
['2019-04-18', 3.83, 3.83, 3.83, 3.83]
['2019-04-22', 4.0, 4.032, 3.74, 3.85]
['2019-04-23', 3.7, 3.85, 3.46, 3.65]
['2019-04-24', 3.41, 3.64, 3.24, 3.52]
['2019-04-25', 3.4, 3.61, 3.3, 3.33]
['2019-04-26', 3.444, 3.444, 3.35, 3.35]
['2019-04-29', 3.49, 3.49, 3.45, 3.45]
['2019-04-30', 3.22, 3.53, 3.216, 3.434]
['2019-05-01', 3.434, 3.434, 3.434, 3.434]
['2019-05-02', 3.071, 3.071, 3.059, 3.059]
['2019-05-03', 2.87, 3.23, 2.86, 3.23]
['2019-05-06', 3.289, 3.289, 3.2, 3.2]
['2019-05-07', 3.084, 3.084, 3.084, 3.084]
['2019-05-08', 2.82, 2.82, 2.82, 2.82]
['2019-05-09', 2.8, 3.15, 2.5, 3.12]
['2019-05-10', 2.891, 3.21, 2.891, 3.2]
['2019-05-13', 3.2, 3.22, 3.2, 3.2]
['2019-05-14', 3.16, 3.268, 2.97, 2.97]
['2019-05-15', 2.9, 3.072, 2.77, 2.77]
['2019-05-16', 2.88, 3.22, 2.88, 3.22]
['2019-05-17', 3.21, 3.25, 3.2, 3.22]
['2019-05-20', 3.0, 3.03, 2.93, 3.02]
['2019-05-21', 2.89, 4.5, 2.77, 4.5]
['2019-05-22', 4.5, 4.5, 3.75, 3.75]
['2019-05-23', 3.75, 3.75, 3.75, 3.75]
['2019-05-24', 3.75, 4.0, 3.75, 3.8]
['2019-05-28', 3.99, 3.99, 3.75, 3.929]
['2019-05-29', 3.9, 3.9, 3.752, 3.752]
['2019-05-30', 3.69, 3.8, 3.69, 3.8]
['2019-05-31', 3.9, 3.98, 3.8, 3.91]
['2019-06-03', 3.8, 3.849, 3.7, 3.7]
['2019-06-04', 3.7, 3.72, 3.33, 3.33]
['2019-06-05', 3.973, 4.2, 2.898, 3.13]
['2019-06-06', 3.46, 3.5, 3.25, 3.5]
['2019-06-07', 3.49, 3.972, 3.49, 3.7]
['2019-06-10', 3.865, 3.865, 3.865, 3.865]
['2019-06-11', 3.52, 3.83, 3.52, 3.83]
['2019-06-12', 4.0, 4.0, 3.76, 3.78]
['2019-06-13', 3.9, 4.1, 3.78, 3.8]
['2019-06-14', 3.8, 3.8, 3.8, 3.8]
['2019-06-17', 3.75, 3.95, 3.75, 3.95]
['2019-06-18', 3.929, 3.98, 3.809, 3.809]
['2019-06-19', 3.7, 3.7, 3.21, 3.7]
['2019-06-20', 3.71, 3.71, 3.54, 3.61]
['2019-06-21', 3.4, 3.75, 3.3, 3.53]
['2019-06-24', 3.69, 3.74, 3.36, 3.4]
['2019-06-25', 3.51, 3.647, 3.06, 3.06]
['2019-06-26', 3.05, 3.25, 3.0, 3.05]
['2019-06-27', 3.26, 3.26, 3.05, 3.05]
['2019-06-28', 3.0, 3.22, 2.9, 2.9]
['2019-07-01', 2.97, 2.97, 2.94, 2.94]
['2019-07-02', 2.6, 2.859, 2.6, 2.82]
['2019-07-03', 2.8, 2.8, 2.8, 2.8]
['2019-07-05', 2.8, 2.8, 2.8, 2.8]
['2019-07-08', 2.8, 3.12, 2.8, 3.12]
['2019-07-09', 3.12, 3.12, 3.12, 3.12]
['2019-07-10', 2.97, 3.16, 2.97, 2.97]
['2019-07-11', 3.2, 3.2, 3.2, 3.2]
['2019-07-12', 3.172, 3.23, 3.172, 3.23]
['2019-07-15', 3.7, 3.7, 3.35, 3.381]
['2019-07-16', 3.06, 3.06, 3.02, 3.02]
['2019-07-17', 3.02, 3.02, 3.02, 3.02]
['2019-07-18', 3.01, 3.042, 3.01, 3.01]
['2019-07-19', 2.97, 3.04, 2.95, 2.95]
['2019-07-22', 3.0, 3.08, 3.0, 3.0]
['2019-07-23', 3.05, 3.195, 3.05, 3.19]
['2019-07-24', 3.1, 3.1, 3.09, 3.09]
['2019-07-25', 3.09, 3.09, 3.09, 3.09]
['2019-07-26', 3.09, 3.09, 3.09, 3.09]
['2019-07-29', 3.09, 3.09, 3.09, 3.09]
['2019-07-30', 2.9, 3.17, 2.9, 3.09]
['2019-07-31', 3.19, 3.21, 3.03, 3.03]
['2019-08-01', 2.91, 2.975, 2.85, 2.864]
['2019-08-02', 2.8, 2.808, 2.8, 2.8]
['2019-08-05', 2.8, 2.808, 2.8, 2.8]
['2019-08-06', 2.808, 3.0, 2.8, 2.85]
['2019-08-07', 2.9, 3.03, 2.88, 3.03]
['2019-08-08', 2.9, 3.03, 2.88, 3.03]
['2019-08-09', 2.83, 3.05, 2.83, 3.05]
['2019-08-12', 2.92, 3.05, 2.9, 3.05]
['2019-08-13', 3.031, 3.32, 2.4, 2.68]
['2019-08-14', 2.711, 2.93, 2.6, 2.78]
['2019-08-15', 2.58, 2.711, 2.45, 2.65]
['2019-08-16', 2.8, 2.8, 2.65, 2.7]
['2019-08-19', 2.7, 2.7, 2.7, 2.7]
['2019-08-20', 2.73, 2.73, 2.73, 2.73]
['2019-08-21', 2.65, 2.834, 2.65, 2.795]
['2019-08-22', 2.774, 2.774, 2.7, 2.7]
['2019-08-23', 2.814, 2.922, 2.814, 2.9]
['2019-08-26', 2.85, 2.93, 2.85, 2.93]
['2019-08-27', 3.0, 3.0, 2.315, 2.85]
['2019-08-28', 2.74, 2.75, 2.239, 2.75]
['2019-08-29', 2.756, 2.86, 2.21, 2.51]
['2019-08-30', 2.37, 2.54, 2.18, 2.46]
['2019-09-03', 2.241, 2.52, 2.2, 2.24]
['2019-09-04', 2.25, 2.46, 2.15, 2.34]
['2019-09-05', 2.3, 2.45, 2.0, 2.19]
['2019-09-06', 2.149, 2.3, 2.07, 2.25]
['2019-09-09', 2.4, 2.45, 2.18, 2.41]
['2019-09-10', 2.37, 2.45, 1.96, 2.25]
['2019-09-11', 2.21, 2.28, 2.16, 2.28]
['2019-09-12', 2.28, 2.28, 2.28, 2.28]
['2019-09-13', 2.16, 2.42, 2.035, 2.42]
['2019-09-16', 2.24, 2.37, 2.07, 2.13]
['2019-09-17', 2.2, 2.638, 2.18, 2.25]
['2019-09-18', 2.58, 2.68, 2.25, 2.46]
['2019-09-19', 2.43, 2.515, 2.35, 2.46]
['2019-09-20', 2.53, 2.61, 2.45, 2.6]
['2019-09-23', 2.8, 2.8, 2.46, 2.79]
['2019-09-24', 2.68, 2.8, 2.56, 2.7]
['2019-09-25', 2.73, 2.85, 2.61, 2.85]
['2019-09-26', 2.66, 2.93, 2.66, 2.85]
['2019-09-27', 2.95, 3.0, 2.45, 2.46]
['2019-09-30', 2.38, 2.6, 2.38, 2.5]
['2019-10-01', 2.5, 2.5, 2.5, 2.5]
['2019-10-02', 2.7, 3.04, 2.7, 2.8]
['2019-10-03', 3.0, 3.138, 2.73, 3.0]
['2019-10-04', 2.91, 2.97, 2.83, 2.84]
['2019-10-07', 2.92, 3.0, 2.9, 2.94]
['2019-10-08', 2.95, 3.0, 2.85, 2.94]
['2019-10-09', 2.89, 3.0, 2.88, 2.99]
['2019-10-10', 2.96, 2.99, 2.93, 2.99]
['2019-10-11', 2.94, 2.99, 2.93, 2.99]
['2019-10-14', 2.99, 2.99, 2.99, 2.99]
['2019-10-15', 2.99, 2.99, 2.99, 2.99]
['2019-10-16', 2.9, 2.99, 2.73, 2.9]
['2019-10-17', 2.88, 2.9, 2.83, 2.9]
['2019-10-18', 2.93, 2.94, 2.93, 2.93]
['2019-10-21', 2.9, 2.975, 2.88, 2.95]
['2019-10-22', 2.87, 2.94, 2.86, 2.94]
['2019-10-23', 2.94, 2.94, 2.94, 2.94]
['2019-10-24', 2.9, 2.9, 2.76, 2.82]
['2019-10-25', 2.83, 3.0, 2.8, 2.95]
['2019-10-28', 2.63, 2.97, 2.63, 2.97]
['2019-10-29', 2.96, 2.97, 2.885, 2.97]
['2019-10-30', 2.97, 2.97, 2.97, 2.97]
['2019-10-31', 2.848, 2.848, 2.848, 2.848]
['2019-11-01', 2.668, 2.8, 2.668, 2.79]
['2019-11-04', 2.82, 2.82, 2.82, 2.82]
['2019-11-05', 2.82, 2.82, 2.82, 2.82]
['2019-11-06', 2.885, 2.885, 2.885, 2.885]
['2019-11-07', 2.785, 2.96, 2.785, 2.96]
['2019-11-08', 2.98, 2.98, 2.97, 2.97]
['2019-11-11', 2.8, 3.08, 2.8, 3.08]
['2019-11-12', 3.0, 3.017, 2.9, 2.9]
['2019-11-13', 2.941, 2.941, 2.941, 2.941]
['2019-11-14', 2.874, 2.874, 2.855, 2.855]
['2019-11-15', 3.0, 3.0, 2.97, 2.97]
['2019-11-18', 3.11, 3.18, 2.874, 2.95]
['2019-11-19', 3.02, 3.08, 2.9, 2.9]
['2019-11-20', 2.86, 2.94, 2.81, 2.81]
['2019-11-21', 2.88, 2.915, 2.87, 2.87]
['2019-11-22', 2.82, 2.82, 2.82, 2.82]
['2019-11-25', 2.83, 2.88, 2.83, 2.865]
['2019-11-26', 2.88, 2.88, 2.85, 2.85]
['2019-11-27', 2.85, 2.85, 2.85, 2.85]
['2019-11-29', 3.36, 3.36, 2.85, 2.85]
['2019-12-02', 2.93, 2.95, 2.81, 2.95]
['2019-12-03', 3.0, 3.0, 2.8, 2.865]
['2019-12-04', 2.9, 2.9, 2.815, 2.83]
['2019-12-05', 2.83, 2.86, 2.83, 2.86]
['2019-12-06', 2.94, 2.94, 2.81, 2.81]
['2019-12-09', 2.85, 2.97, 2.85, 2.92]
['2019-12-10', 3.0, 3.0, 3.0, 3.0]
['2019-12-11', 2.95, 3.0, 2.9, 2.9]
['2019-12-12', 2.9, 2.9, 2.9, 2.9]
['2019-12-13', 2.9, 2.9, 2.9, 2.9]
['2019-12-16', 2.81, 2.81, 2.81, 2.81]
['2019-12-17', 2.35, 2.886, 2.35, 2.85]
['2019-12-18', 2.86, 2.86, 2.86, 2.86]
['2019-12-19', 2.87, 2.87, 2.85, 2.85]
['2019-12-20', 2.21, 2.97, 2.07, 2.58]
['2019-12-23', 2.85, 2.85, 2.85, 2.85]
['2019-12-24', 2.89, 2.89, 2.89, 2.89]
['2019-12-26', 2.89, 2.89, 2.89, 2.89]
['2019-12-27', 2.819, 2.86, 2.81, 2.85]
['2019-12-30', 2.85, 2.85, 2.85, 2.85]
['2019-12-31', 2.73, 2.85, 2.7, 2.85]
['2020-01-02', 2.85, 2.85, 2.85, 2.85]
['2020-01-03', 2.99, 2.99, 2.7, 2.7]
['2020-01-06', 2.7, 2.7, 2.7, 2.7]
['2020-01-07', 2.808, 2.808, 2.7, 2.787]
['2020-01-08', 2.787, 2.787, 2.787, 2.787]
['2020-01-09', 2.787, 2.787, 2.787, 2.787]
['2020-01-10', 2.787, 2.787, 2.787, 2.787]
['2020-01-13', 2.787, 2.787, 2.787, 2.787]
['2020-01-14', 2.787, 2.787, 2.787, 2.787]
['2020-01-15', 2.9, 2.91, 2.9, 2.9]
['2020-01-16', 2.89, 2.9, 2.89, 2.9]
['2020-01-17', 2.725, 3.015, 2.725, 2.767]
['2020-01-21', 2.767, 2.767, 2.767, 2.767]
['2020-01-22', 2.76, 3.0, 2.76, 2.9]
['2020-01-23', 2.9, 2.9, 2.86, 2.86]
['2020-01-24', 2.86, 2.905, 2.86, 2.87]
['2020-01-27', 2.897, 2.9, 2.897, 2.9]
['2020-01-28', 2.8, 2.9, 2.77, 2.77]
['2020-01-29', 2.77, 2.8, 2.77, 2.8]
['2020-01-30', 2.79, 2.825, 2.785, 2.8]
['2020-01-31', 2.75, 2.755, 2.635, 2.754]
['2020-02-03', 2.8, 2.89, 2.8, 2.89]
['2020-02-04', 2.8, 2.83, 2.8, 2.83]
['2020-02-05', 2.79, 2.85, 2.79, 2.8]
['2020-02-06', 2.8, 2.85, 2.8, 2.85]
['2020-02-07', 2.8, 2.8, 2.8, 2.8]
['2020-02-10', 2.77, 2.77, 2.76, 2.76]
['2020-02-11', 2.77, 2.8, 2.757, 2.8]
['2020-02-12', 2.8, 2.836, 2.8, 2.8]
['2020-02-13', 2.8, 2.85, 2.79, 2.8]
['2020-02-14', 2.8, 2.827, 2.56, 2.56]
['2020-02-18', 2.8, 2.8, 2.777, 2.777]
['2020-02-19', 2.8, 2.8, 2.8, 2.8]
['2020-02-20', 2.79, 2.85, 2.79, 2.85]
['2020-02-21', 2.8, 2.8, 2.79, 2.8]
['2020-02-24', 2.8, 2.8, 2.8, 2.8]
['2020-02-25', 2.8, 2.8, 2.8, 2.8]
['2020-02-26', 2.8, 2.8, 2.8, 2.8]
['2020-02-27', 2.8, 2.8, 2.8, 2.8]
['2020-02-28', 2.677, 2.78, 2.61, 2.78]
['2020-03-02', 2.73, 2.73, 2.73, 2.73]
['2020-03-03', 2.73, 2.73, 2.73, 2.73]
['2020-03-04', 2.73, 2.73, 2.73, 2.73]
['2020-03-05', 2.73, 2.73, 2.73, 2.73]
['2020-03-06', 2.73, 2.73, 2.73, 2.73]
['2020-03-09', 2.73, 2.73, 2.73, 2.73]
['2020-03-10', 2.75, 2.75, 2.75, 2.75]
['2020-03-11', 2.75, 2.75, 2.75, 2.75]
['2020-03-12', 2.25, 2.25, 2.25, 2.25]
['2020-03-13', 2.2, 2.62, 2.2, 2.4]
['2020-03-16', 2.4, 2.4, 2.4, 2.4]
['2020-03-17', 2.24, 2.25, 2.24, 2.25]
['2020-03-18', 2.26, 2.53, 2.173, 2.173]
['2020-03-19', 2.25, 2.5, 2.24, 2.24]
['2020-03-20', 2.5, 2.5, 2.39, 2.5]
['2020-03-23', 2.41, 2.49, 1.5, 2.49]
['2020-03-24', 2.44, 2.52, 2.44, 2.48]
['2020-03-25', 2.44, 2.5, 1.98, 2.48]
['2020-03-26', 2.2, 2.45, 2.2, 2.45]
['2020-03-27', 2.45, 3.47, 2.05, 2.39]
['2020-03-30', 2.57, 2.57, 1.84, 1.95]
['2020-03-31', 2.19, 2.28, 1.88, 2.15]
['2020-04-01', 2.58, 2.58, 2.03, 2.34]
['2020-04-02', 2.44, 2.44, 2.0, 2.37]
['2020-04-03', 2.39, 2.52, 2.25, 2.32]
['2020-04-06', 2.45, 2.47, 2.24, 2.24]
['2020-04-07', 2.28, 2.335, 2.24, 2.24]
['2020-04-08', 2.21, 2.48, 2.15, 2.35]
['2020-04-09', 2.264, 2.264, 2.06, 2.074]
['2020-04-13', 2.1, 2.13, 2.05, 2.1]
['2020-04-14', 2.1, 2.24, 2.0, 2.14]
['2020-04-15', 2.14, 2.14, 2.14, 2.14]
['2020-04-16', 2.22, 2.22, 1.97, 1.97]
['2020-04-17', 2.05, 2.15, 1.85, 2.05]
['2020-04-20', 2.03, 2.14, 1.92, 1.92]
['2020-04-21', 1.88, 2.12, 1.798, 1.95]
['2020-04-22', 2.0, 2.2, 1.67, 1.76]
['2020-04-23', 1.42, 2.06, 1.42, 1.897]
['2020-04-24', 2.011, 2.05, 1.93, 2.0]
['2020-04-27', 1.91, 2.0, 1.82, 1.98]
['2020-04-28', 1.8, 1.86, 1.8, 1.86]
['2020-04-29', 1.81, 2.0, 1.81, 1.9]
['2020-04-30', 1.81, 2.073, 1.81, 2.073]
['2020-05-01', 1.91, 1.99, 1.91, 1.99]
['2020-05-04', 1.95, 2.06, 1.9, 2.01]
['2020-05-05', 2.0, 2.001, 2.0, 2.0]
['2020-05-06', 2.0, 2.02, 2.0, 2.02]
['2020-05-07', 1.961, 2.09, 1.961, 2.09]
['2020-05-08', 2.06, 2.085, 2.06, 2.06]
['2020-05-11', 1.98, 2.03, 1.9, 2.03]
['2020-05-12', 1.98, 1.98, 1.75, 1.86]
['2020-05-13', 1.93, 1.94, 1.93, 1.94]
['2020-05-14', 2.0, 2.211, 2.0, 2.02]
['2020-05-15', 2.02, 2.02, 2.02, 2.02]
['2020-05-18', 2.36, 2.489, 1.62, 2.0]
['2020-05-19', 2.1, 2.2, 1.81, 1.94]
['2020-05-20', 1.91, 2.05, 1.906, 2.05]
['2020-05-21', 1.92, 2.14, 1.92, 2.0]
['2020-05-22', 2.28, 2.29, 2.02, 2.07]
['2020-05-26', 2.05, 2.05, 2.05, 2.05]
['2020-05-27', 2.07, 2.07, 2.07, 2.07]
['2020-05-28', 2.17, 2.17, 2.0, 2.0]
['2020-05-29', 2.02, 2.29, 2.02, 2.27]
