['2017-04-28', 20.0, 20.3, 19.25, 20.01]
['2017-05-01', 19.56, 20.99, 19.56, 20.45]
['2017-05-02', 20.51, 20.69, 20.35, 20.51]
['2017-05-03', 20.47, 21.02, 20.21, 20.71]
['2017-05-04', 20.66, 21.31, 20.03, 20.03]
['2017-05-05', 20.44, 20.44, 19.98, 20.04]
['2017-05-08', 20.03, 21.5, 20.03, 21.32]
['2017-05-09', 21.47, 21.97, 20.2, 21.16]
['2017-05-10', 21.17, 21.58, 20.73, 20.84]
['2017-05-11', 20.96, 21.94, 20.96, 20.97]
['2017-05-12', 21.01, 21.03, 20.71, 20.87]
['2017-05-15', 20.91, 21.58, 20.725, 21.14]
['2017-05-16', 21.03, 22.47, 21.03, 21.85]
['2017-05-17', 21.3, 23.085, 21.3, 22.86]
['2017-05-18', 22.85, 24.25, 22.3, 22.88]
['2017-05-19', 22.45, 24.415, 22.3, 24.09]
['2017-05-22', 24.45, 24.45, 23.54, 24.0]
['2017-05-23', 23.17, 24.675, 22.335, 24.07]
['2017-05-24', 24.1, 25.87, 23.375, 24.77]
['2017-05-25', 25.0, 26.86, 24.03, 25.22]
['2017-05-26', 25.45, 28.2, 24.86, 27.04]
['2017-05-30', 27.1, 29.07, 25.32, 26.12]
['2017-05-31', 26.14, 26.75, 24.5, 26.24]
['2017-06-01', 26.49, 27.85, 25.88, 26.41]
['2017-06-02', 26.36, 26.46, 25.325, 25.97]
['2017-06-05', 26.44, 26.8, 25.25, 26.05]
['2017-06-06', 25.43, 26.5, 25.14, 25.98]
['2017-06-07', 26.02, 26.27, 24.3, 25.1]
['2017-06-08', 24.94, 26.07, 24.51, 25.77]
['2017-06-09', 25.7, 26.04, 25.0, 25.79]
['2017-06-12', 25.8, 26.438, 25.05, 26.23]
['2017-06-13', 26.3, 26.64, 25.792, 26.17]
['2017-06-14', 26.17, 26.29, 25.16, 25.9]
['2017-06-15', 25.61, 25.9, 24.7, 24.92]
['2017-06-16', 24.74, 25.1, 23.02, 23.23]
['2017-06-19', 23.3, 24.46, 22.868, 24.12]
['2017-06-20', 24.05, 24.25, 23.05, 24.11]
['2017-06-21', 24.11, 24.11, 21.59, 22.06]
['2017-06-22', 22.0, 23.0, 21.81, 21.99]
['2017-06-23', 22.07, 22.97, 21.98, 22.69]
['2017-06-26', 22.51, 22.745, 21.59, 22.07]
['2017-06-27', 21.97, 23.65, 21.86, 23.0]
['2017-06-28', 22.565, 24.38, 22.565, 23.5]
['2017-06-29', 23.78, 24.66, 23.78, 24.42]
['2017-06-30', 25.01, 25.355, 23.39, 25.18]
['2017-07-03', 25.28, 25.96, 25.268, 25.66]
['2017-07-05', 25.89, 25.89, 24.44, 24.84]
['2017-07-06', 24.74, 24.74, 22.34, 23.02]
['2017-07-07', 23.02, 23.49, 22.7, 22.78]
['2017-07-10', 22.75, 24.49, 21.537, 24.4]
['2017-07-11', 24.24, 24.46, 22.481, 23.03]
['2017-07-12', 23.15, 23.3, 22.55, 22.91]
['2017-07-13', 22.94, 23.505, 22.36, 22.94]
['2017-07-14', 22.83, 23.462, 22.7, 23.12]
['2017-07-17', 23.18, 24.19, 22.6, 22.85]
['2017-07-18', 22.91, 23.18, 22.33, 22.64]
['2017-07-19', 22.71, 23.33, 22.69, 23.18]
['2017-07-20', 23.37, 24.1, 22.78, 23.74]
['2017-07-21', 23.95, 23.95, 21.731, 22.59]
['2017-07-24', 22.59, 23.58, 21.42, 21.9]
['2017-07-25', 21.97, 23.21, 21.44, 22.26]
['2017-07-26', 22.33, 23.92, 21.42, 22.25]
['2017-07-27', 22.28, 22.81, 21.303, 22.06]
['2017-07-28', 21.99, 23.13, 21.01, 22.03]
['2017-07-31', 22.19, 22.77, 21.64, 22.45]
['2017-08-01', 22.59, 22.59, 20.21, 20.9]
['2017-08-02', 21.0, 22.02, 20.78, 20.93]
['2017-08-03', 21.03, 21.16, 20.41, 21.0]
['2017-08-04', 20.85, 21.81, 20.85, 21.72]
['2017-08-07', 21.77, 21.77, 20.81, 21.39]
['2017-08-08', 22.735, 22.735, 20.931, 21.31]
['2017-08-09', 21.3, 21.663, 20.68, 21.39]
['2017-08-10', 21.55, 22.22, 20.84, 21.84]
['2017-08-11', 21.84, 22.25, 21.45, 21.86]
['2017-08-14', 22.02, 22.44, 21.53, 22.04]
['2017-08-15', 21.89, 22.135, 21.5, 21.62]
['2017-08-16', 21.5, 21.99, 21.36, 21.61]
['2017-08-17', 21.5, 21.61, 19.89, 20.03]
['2017-08-18', 19.89, 20.36, 19.8, 19.94]
['2017-08-21', 19.85, 20.0, 19.26, 19.42]
['2017-08-22', 19.45, 19.86, 18.52, 19.24]
['2017-08-23', 19.1, 19.58, 18.17, 19.11]
['2017-08-24', 19.13, 19.73, 18.72, 19.57]
['2017-08-25', 19.47, 19.98, 19.155, 19.83]
['2017-08-28', 19.95, 20.75, 19.13, 19.59]
['2017-08-29', 19.65, 19.77, 18.92, 19.61]
['2017-08-30', 19.55, 19.6, 18.92, 19.05]
['2017-08-31', 21.74, 21.74, 19.3, 19.76]
['2017-09-01', 20.0, 20.7, 19.32, 20.01]
['2017-09-05', 20.2, 20.37, 19.3, 19.98]
['2017-09-06', 20.18, 20.99, 19.85, 20.65]
['2017-09-07', 20.84, 21.7, 20.815, 21.31]
['2017-09-08', 21.42, 21.42, 20.26, 20.39]
['2017-09-11', 20.24, 20.85, 20.0, 20.63]
['2017-09-12', 20.6, 21.21, 20.6, 21.01]
['2017-09-13', 20.9, 21.622, 20.9, 21.48]
['2017-09-14', 21.686, 21.9, 21.35, 21.74]
['2017-09-15', 21.75, 22.94, 21.54, 22.23]
['2017-09-18', 22.33, 23.565, 22.16, 23.34]
['2017-09-19', 22.7, 23.4, 22.4, 23.3]
['2017-09-20', 23.16, 24.0, 23.16, 23.8]
['2017-09-21', 23.105, 23.84, 23.105, 23.67]
['2017-09-22', 23.65, 23.85, 22.78, 23.22]
['2017-09-25', 23.45, 23.95, 22.56, 23.19]
['2017-09-26', 23.21, 23.89, 22.636, 23.61]
['2017-09-27', 23.4, 24.84, 23.4, 24.58]
['2017-09-28', 24.15, 24.85, 23.64, 23.84]
['2017-09-29', 23.95, 24.26, 23.648, 24.08]
['2017-10-02', 23.84, 24.16, 23.04, 23.26]
['2017-10-03', 23.35, 24.09, 22.83, 23.4]
['2017-10-04', 23.26, 23.48, 22.73, 23.21]
['2017-10-05', 23.25, 23.58, 22.68, 22.7]
['2017-10-06', 22.61, 22.61, 21.16, 21.3]
['2017-10-09', 21.42, 21.83, 21.34, 21.44]
['2017-10-10', 21.66, 22.18, 21.66, 22.01]
['2017-10-11', 21.87, 21.87, 20.87, 21.28]
['2017-10-12', 21.12, 21.2, 20.44, 20.98]
['2017-10-13', 21.1, 21.95, 21.1, 21.87]
['2017-10-16', 21.95, 22.47, 21.72, 22.13]
['2017-10-17', 22.11, 22.4, 21.59, 21.79]
['2017-10-18', 21.63, 22.33, 20.7, 20.93]
['2017-10-19', 20.87, 21.51, 19.87, 21.42]
['2017-10-20', 21.51, 21.51, 20.4, 20.57]
['2017-10-23', 19.84, 20.86, 19.84, 20.16]
['2017-10-24', 20.36, 20.9, 20.025, 20.3]
['2017-10-25', 20.34, 21.03, 19.771, 20.55]
['2017-10-26', 20.69, 21.17, 20.21, 20.86]
['2017-10-27', 20.9, 21.2, 20.52, 20.99]
['2017-10-30', 20.99, 21.155, 20.735, 21.1]
['2017-10-31', 21.25, 21.95, 20.975, 21.78]
['2017-11-01', 21.95, 22.27, 21.1, 21.41]
['2017-11-02', 21.49, 21.86, 21.33, 21.58]
['2017-11-03', 21.59, 22.275, 21.34, 21.59]
['2017-11-06', 21.71, 22.31, 21.68, 21.92]
['2017-11-07', 21.91, 21.94, 19.65, 21.32]
['2017-11-08', 21.33, 21.595, 20.72, 20.86]
['2017-11-09', 20.75, 21.09, 20.34, 21.0]
['2017-11-10', 20.99, 21.45, 20.17, 21.23]
['2017-11-13', 21.24, 22.057, 20.7, 20.74]
['2017-11-14', 18.5, 18.5, 15.01, 16.14]
['2017-11-15', 16.34, 17.39, 15.672, 16.33]
['2017-11-16', 16.34, 16.52, 15.781, 16.5]
['2017-11-17', 16.49, 16.92, 16.11, 16.72]
['2017-11-20', 16.75, 17.54, 15.87, 16.22]
['2017-11-21', 16.3, 17.25, 16.3, 16.88]
['2017-11-22', 17.15, 17.6, 16.85, 17.03]
['2017-11-24', 17.03, 17.12, 16.6, 16.78]
['2017-11-27', 16.72, 16.945, 16.12, 16.21]
['2017-11-28', 16.22, 16.763, 15.69, 16.15]
['2017-11-29', 16.22, 16.38, 15.65, 15.99]
['2017-11-30', 16.14, 17.05, 16.14, 16.8]
['2017-12-01', 16.9, 17.29, 16.4, 17.02]
['2017-12-04', 17.1, 17.45, 16.87, 16.94]
['2017-12-05', 16.93, 17.09, 15.31, 15.35]
['2017-12-06', 15.29, 15.29, 13.85, 14.34]
['2017-12-07', 14.35, 14.79, 14.3, 14.65]
['2017-12-08', 14.83, 15.14, 14.27, 15.05]
['2017-12-11', 15.03, 15.58, 14.881, 15.35]
['2017-12-12', 15.44, 16.06, 15.32, 15.95]
['2017-12-13', 15.95, 15.95, 15.12, 15.29]
['2017-12-14', 15.26, 16.48, 14.25, 14.28]
['2017-12-15', 14.39, 14.725, 14.35, 14.51]
['2017-12-18', 14.6, 14.915, 14.5, 14.74]
['2017-12-19', 14.74, 14.95, 14.37, 14.53]
['2017-12-20', 14.53, 15.01, 14.45, 14.95]
['2017-12-21', 15.18, 15.74, 14.76, 15.2]
['2017-12-22', 15.12, 15.12, 14.705, 14.99]
['2017-12-26', 15.02, 15.41, 14.96, 15.05]
['2017-12-27', 15.1, 15.41, 14.039, 15.0]
['2017-12-28', 15.01, 15.07, 14.78, 14.82]
['2017-12-29', 14.88, 14.94, 14.525, 14.74]
['2018-01-02', 14.9, 15.99, 14.79, 15.86]
['2018-01-03', 15.84, 17.31, 15.51, 17.09]
['2018-01-04', 17.76, 18.178, 16.55, 17.44]
['2018-01-05', 17.43, 17.47, 16.65, 17.44]
['2018-01-08', 17.44, 18.39, 17.25, 17.65]
['2018-01-09', 17.7, 18.27, 16.84, 18.11]
['2018-01-10', 18.22, 18.94, 17.91, 18.6]
['2018-01-11', 18.6, 19.76, 18.11, 18.8]
['2018-01-12', 18.78, 19.46, 18.57, 19.4]
['2018-01-16', 19.49, 20.542, 18.7, 18.8]
['2018-01-17', 18.98, 19.35, 17.398, 19.11]
['2018-01-18', 18.34, 18.98, 18.22, 18.31]
['2018-01-19', 18.31, 18.461, 17.971, 18.43]
['2018-01-22', 18.49, 18.95, 18.06, 18.88]
['2018-01-23', 18.81, 19.3, 18.229, 18.68]
['2018-01-24', 18.66, 18.73, 17.89, 18.42]
['2018-01-25', 18.6, 18.61, 18.0, 18.12]
['2018-01-26', 18.23, 18.23, 17.92, 17.99]
['2018-01-29', 17.85, 18.01, 16.79, 16.98]
['2018-01-30', 16.85, 17.1, 15.74, 16.27]
['2018-01-31', 16.38, 16.64, 16.16, 16.34]
['2018-02-01', 16.28, 16.9, 16.14, 16.82]
['2018-02-02', 16.6, 16.85, 16.415, 16.64]
['2018-02-05', 16.35, 16.759, 15.6, 15.79]
['2018-02-06', 15.61, 16.82, 15.61, 16.47]
['2018-02-07', 16.48, 16.8, 15.39, 15.4]
['2018-02-08', 15.38, 15.485, 14.12, 14.99]
['2018-02-09', 15.22, 15.28, 14.25, 14.31]
['2018-02-12', 14.49, 15.01, 14.12, 14.48]
['2018-02-13', 14.39, 14.67, 14.08, 14.53]
['2018-02-14', 14.36, 14.73, 14.21, 14.57]
['2018-02-15', 14.72, 15.23, 14.12, 14.62]
['2018-02-16', 14.54, 14.87, 14.33, 14.49]
['2018-02-20', 14.55, 14.765, 14.14, 14.35]
['2018-02-21', 14.35, 14.715, 14.15, 14.27]
['2018-02-22', 14.4, 14.67, 14.11, 14.33]
['2018-02-23', 14.06, 14.91, 14.05, 14.85]
['2018-02-26', 14.84, 14.965, 14.445, 14.9]
['2018-02-27', 14.86, 15.65, 14.68, 14.8]
['2018-02-28', 14.88, 15.65, 14.22, 14.62]
['2018-03-01', 14.61, 14.81, 14.08, 14.53]
['2018-03-02', 14.44, 15.11, 14.055, 14.97]
['2018-03-05', 14.94, 15.73, 14.76, 15.28]
['2018-03-06', 15.32, 15.69, 14.96, 15.61]
['2018-03-07', 15.45, 16.19, 15.34, 15.63]
['2018-03-08', 15.73, 15.82, 15.29, 15.59]
['2018-03-09', 17.35, 18.45, 16.37, 17.69]
['2018-03-12', 17.67, 17.94, 15.89, 17.76]
['2018-03-13', 17.9, 17.9, 17.24, 17.29]
['2018-03-14', 17.18, 17.18, 15.5, 15.96]
['2018-03-15', 16.13, 16.58, 15.57, 16.37]
['2018-03-16', 16.41, 17.55, 16.0, 17.09]
['2018-03-19', 17.03, 17.14, 16.48, 16.68]
['2018-03-20', 16.73, 16.98, 16.33, 16.38]
['2018-03-21', 16.43, 17.12, 15.708, 16.95]
['2018-03-22', 16.72, 17.37, 16.39, 16.4]
['2018-03-23', 16.49, 16.81, 15.6, 15.66]
['2018-03-26', 15.95, 16.65, 14.97, 16.02]
['2018-03-27', 16.08, 16.12, 14.404, 15.27]
['2018-03-28', 15.27, 15.56, 14.53, 14.94]
['2018-03-29', 15.04, 15.96, 14.57, 15.0]
['2018-04-02', 14.9, 15.26, 14.2, 15.08]
['2018-04-03', 15.14, 15.76, 15.01, 15.66]
['2018-04-04', 15.33, 15.87, 15.16, 15.76]
['2018-04-05', 15.93, 16.41, 15.36, 16.21]
['2018-04-06', 16.08, 16.29, 15.4, 15.67]
['2018-04-09', 15.81, 15.91, 15.46, 15.67]
['2018-04-10', 15.94, 16.95, 15.565, 16.78]
['2018-04-11', 16.76, 17.585, 15.56, 17.49]
['2018-04-12', 17.58, 17.94, 17.06, 17.79]
['2018-04-13', 17.84, 18.04, 17.53, 17.82]
['2018-04-16', 17.91, 18.025, 17.57, 17.89]
['2018-04-17', 18.0, 18.195, 17.78, 18.0]
['2018-04-18', 18.02, 19.0, 17.5, 18.63]
['2018-04-19', 18.67, 18.9, 18.29, 18.43]
['2018-04-20', 18.35, 18.555, 17.695, 18.19]
['2018-04-23', 18.14, 18.575, 17.97, 18.49]
['2018-04-24', 18.54, 18.925, 18.27, 18.71]
['2018-04-25', 18.64, 18.87, 18.25, 18.28]
['2018-04-26', 18.38, 18.67, 18.06, 18.38]
['2018-04-27', 18.44, 18.69, 18.09, 18.27]
['2018-04-30', 18.33, 18.6, 18.1, 18.22]
['2018-05-01', 18.22, 18.25, 17.51, 18.15]
['2018-05-02', 18.1, 18.33, 17.83, 17.87]
['2018-05-03', 17.82, 17.9, 16.99, 17.41]
['2018-05-04', 17.33, 17.33, 16.6, 16.68]
['2018-05-07', 16.85, 17.84, 16.85, 17.25]
['2018-05-08', 17.0, 17.65, 16.53, 16.98]
['2018-05-09', 17.13, 17.13, 16.161, 16.55]
['2018-05-10', 16.71, 17.25, 15.91, 16.97]
['2018-05-11', 16.99, 17.37, 16.89, 17.27]
['2018-05-14', 17.24, 17.39, 16.97, 17.02]
['2018-05-15', 16.9, 17.0, 16.74, 16.97]
['2018-05-16', 17.0, 17.45, 16.93, 17.15]
['2018-05-17', 17.22, 17.66, 17.17, 17.38]
['2018-05-18', 17.45, 17.785, 17.37, 17.57]
['2018-05-21', 17.68, 17.805, 16.94, 17.33]
['2018-05-22', 17.37, 17.78, 17.08, 17.14]
['2018-05-23', 17.06, 17.089, 16.49, 16.78]
['2018-05-24', 16.66, 16.85, 15.605, 15.72]
['2018-05-25', 15.58, 15.96, 14.37, 15.25]
['2018-05-29', 15.2, 15.5, 14.67, 15.09]
['2018-05-30', 15.11, 15.46, 14.94, 15.28]
['2018-05-31', 15.22, 15.89, 15.06, 15.22]
['2018-06-01', 15.22, 15.47, 14.5, 14.53]
['2018-06-04', 14.56, 15.57, 14.02, 14.2]
['2018-06-05', 14.16, 14.3, 13.59, 13.78]
['2018-06-06', 13.85, 14.12, 13.326, 13.85]
['2018-06-07', 13.9, 14.1, 13.56, 14.01]
['2018-06-08', 14.03, 14.6, 13.53, 13.69]
['2018-06-11', 13.64, 13.64, 13.07, 13.32]
['2018-06-12', 13.35, 13.59, 13.01, 13.51]
['2018-06-13', 13.49, 13.49, 12.93, 13.18]
['2018-06-14', 13.18, 13.45, 13.15, 13.22]
['2018-06-15', 13.15, 13.51, 12.96, 13.12]
['2018-06-18', 13.05, 13.31, 12.8, 12.86]
['2018-06-19', 12.79, 12.895, 12.57, 12.86]
['2018-06-20', 12.93, 13.495, 12.71, 13.18]
['2018-06-21', 13.15, 13.375, 12.58, 13.06]
['2018-06-22', 13.29, 13.95, 13.104, 13.6]
['2018-06-25', 13.6, 13.83, 13.34, 13.52]
['2018-06-26', 13.53, 13.79, 13.21, 13.72]
['2018-06-27', 13.72, 14.43, 13.72, 14.07]
['2018-06-28', 14.1, 14.25, 13.85, 14.2]
['2018-06-29', 14.24, 14.57, 14.15, 14.53]
['2018-07-02', 14.53, 14.53, 14.021, 14.18]
['2018-07-03', 14.26, 14.59, 13.976, 14.13]
['2018-07-05', 14.27, 14.48, 14.07, 14.27]
['2018-07-06', 14.26, 14.75, 14.11, 14.62]
['2018-07-09', 14.65, 15.3, 14.65, 15.27]
['2018-07-10', 15.33, 15.8, 15.05, 15.16]
['2018-07-11', 15.1, 16.42, 14.94, 15.04]
['2018-07-12', 15.16, 15.2, 14.91, 15.05]
['2018-07-13', 15.05, 15.59, 15.0, 15.5]
['2018-07-16', 15.42, 15.55, 14.97, 15.12]
['2018-07-17', 15.04, 15.25, 14.91, 15.0]
['2018-07-18', 15.0, 15.056, 14.695, 14.83]
['2018-07-19', 14.83, 15.09, 14.82, 15.06]
['2018-07-20', 15.05, 15.25, 15.02, 15.2]
['2018-07-23', 15.18, 15.4, 15.02, 15.24]
['2018-07-24', 15.31, 15.66, 15.3, 15.52]
['2018-07-25', 15.57, 15.81, 15.405, 15.74]
['2018-07-26', 15.76, 16.24, 15.58, 15.71]
['2018-07-27', 15.71, 15.83, 15.29, 15.62]
['2018-07-30', 15.7, 16.13, 15.7, 15.79]
['2018-07-31', 15.83, 15.9, 15.53, 15.86]
['2018-08-01', 15.83, 16.39, 15.54, 15.95]
['2018-08-02', 15.84, 15.99, 15.55, 15.91]
['2018-08-03', 15.84, 16.24, 15.53, 15.69]
['2018-08-06', 15.7, 15.95, 15.211, 15.8]
['2018-08-07', 15.86, 16.195, 15.51, 16.07]
['2018-08-08', 14.98, 17.465, 14.115, 16.81]
['2018-08-09', 17.0, 17.63, 16.72, 16.74]
['2018-08-10', 16.74, 16.75, 15.74, 16.26]
['2018-08-13', 16.26, 16.865, 16.0, 16.14]
['2018-08-14', 16.23, 16.63, 16.07, 16.16]
['2018-08-15', 16.0, 16.076, 15.55, 15.75]
['2018-08-16', 15.84, 16.1, 15.44, 15.91]
['2018-08-17', 15.86, 16.14, 15.8, 16.06]
['2018-08-20', 16.13, 16.13, 15.84, 16.04]
['2018-08-21', 16.11, 16.49, 15.88, 15.95]
['2018-08-22', 16.02, 16.17, 15.61, 16.12]
['2018-08-23', 16.07, 16.15, 15.78, 15.99]
['2018-08-24', 16.06, 16.19, 15.855, 16.1]
['2018-08-27', 16.17, 16.35, 15.84, 16.13]
['2018-08-28', 16.14, 16.32, 15.83, 16.17]
['2018-08-29', 16.1, 16.24, 15.943, 16.1]
['2018-08-30', 16.04, 16.078, 15.78, 15.92]
['2018-08-31', 15.88, 16.33, 15.83, 16.27]
['2018-09-04', 16.24, 16.25, 15.885, 16.16]
['2018-09-05', 16.09, 16.54, 15.75, 16.49]
['2018-09-06', 16.46, 16.6, 15.89, 16.01]
['2018-09-07', 16.0, 16.23, 15.71, 16.0]
['2018-09-10', 16.03, 16.98, 16.03, 16.43]
['2018-09-11', 16.36, 16.68, 16.35, 16.4]
['2018-09-12', 16.45, 16.59, 16.22, 16.35]
['2018-09-13', 16.44, 16.56, 15.95, 16.35]
['2018-09-14', 16.37, 16.62, 16.14, 16.16]
['2018-09-17', 16.28, 16.28, 15.73, 16.1]
['2018-09-18', 16.14, 16.51, 16.14, 16.19]
['2018-09-19', 16.19, 16.42, 15.91, 16.2]
['2018-09-20', 16.3, 16.95, 16.287, 16.82]
['2018-09-21', 16.87, 16.87, 15.51, 16.13]
['2018-09-24', 16.13, 16.49, 15.94, 16.33]
['2018-09-25', 16.35, 16.727, 15.618, 16.47]
['2018-09-26', 16.44, 16.47, 16.16, 16.41]
['2018-09-27', 16.43, 16.595, 16.21, 16.47]
['2018-09-28', 16.42, 16.73, 16.42, 16.51]
['2018-10-01', 16.53, 16.93, 16.53, 16.69]
['2018-10-02', 16.68, 16.87, 16.38, 16.75]
['2018-10-03', 16.81, 16.91, 16.522, 16.64]
['2018-10-04', 16.59, 16.82, 16.46, 16.78]
['2018-10-05', 16.55, 16.781, 16.37, 16.6]
['2018-10-08', 16.55, 16.72, 16.39, 16.44]
['2018-10-09', 16.39, 16.81, 16.39, 16.7]
['2018-10-10', 16.69, 16.75, 15.72, 15.8]
['2018-10-11', 15.76, 15.8, 14.67, 14.71]
['2018-10-12', 14.98, 15.17, 14.66, 14.89]
['2018-10-15', 14.27, 14.27, 12.59, 13.01]
['2018-10-16', 13.12, 16.18, 12.88, 13.27]
['2018-10-17', 13.21, 13.46, 12.54, 12.65]
['2018-10-18', 12.51, 12.51, 11.66, 11.7]
['2018-10-19', 11.73, 11.75, 11.23, 11.41]
['2018-10-22', 11.45, 11.61, 11.06, 11.23]
['2018-10-23', 10.95, 11.31, 10.48, 11.18]
['2018-10-24', 11.17, 11.235, 10.83, 11.05]
['2018-10-25', 11.14, 11.727, 10.87, 11.37]
['2018-10-26', 11.14, 12.08, 11.14, 11.64]
['2018-10-29', 11.54, 11.66, 10.86, 11.55]
['2018-10-30', 11.52, 11.67, 10.95, 11.21]
['2018-10-31', 11.3, 11.71, 11.06, 11.3]
['2018-11-01', 11.33, 11.68, 11.19, 11.44]
['2018-11-02', 11.5, 12.21, 11.5, 12.19]
['2018-11-05', 12.19, 12.67, 12.16, 12.29]
['2018-11-06', 12.25, 12.59, 11.93, 12.45]
['2018-11-07', 9.43, 10.513, 7.53, 8.1]
['2018-11-08', 8.07, 8.09, 6.99, 7.0]
['2018-11-09', 7.05, 7.87, 7.0, 7.7]
['2018-11-12', 7.2, 7.515, 6.88, 7.43]
['2018-11-13', 7.45, 7.55, 7.23, 7.29]
['2018-11-14', 7.64, 7.69, 7.08, 7.54]
['2018-11-15', 7.4, 7.453, 6.75, 6.91]
['2018-11-16', 6.88, 7.16, 6.8, 7.1]
['2018-11-19', 7.12, 8.23, 7.12, 7.6]
['2018-11-20', 7.58, 7.61, 7.28, 7.59]
['2018-11-21', 7.58, 7.63, 7.34, 7.54]
['2018-11-23', 7.35, 7.74, 7.35, 7.62]
['2018-11-26', 7.71, 7.81, 7.21, 7.47]
['2018-11-27', 7.42, 7.6, 7.3, 7.33]
['2018-11-28', 7.37, 7.6, 7.105, 7.55]
['2018-11-29', 7.52, 7.6, 7.27, 7.34]
['2018-11-30', 7.29, 7.4, 7.11, 7.3]
['2018-12-03', 7.4, 7.6, 7.34, 7.55]
['2018-12-04', 7.54, 7.55, 6.88, 6.94]
['2018-12-06', 6.78, 7.065, 6.53, 7.04]
['2018-12-07', 7.13, 7.45, 7.13, 7.21]
['2018-12-10', 7.16, 7.16, 6.72, 6.85]
['2018-12-11', 6.53, 6.62, 5.88, 6.45]
['2018-12-12', 6.44, 6.85, 6.44, 6.65]
['2018-12-13', 6.42, 6.43, 5.965, 6.21]
['2018-12-14', 6.19, 6.55, 6.15, 6.51]
['2018-12-17', 6.49, 7.03, 6.375, 6.67]
['2018-12-18', 6.65, 6.65, 5.745, 5.76]
['2018-12-19', 5.7, 5.825, 5.41, 5.62]
['2018-12-20', 5.59, 5.72, 5.38, 5.41]
['2018-12-21', 5.39, 5.39, 5.03, 5.18]
['2018-12-24', 5.14, 5.14, 4.9, 4.99]
['2018-12-26', 4.98, 5.245, 4.92, 5.15]
['2018-12-27', 5.15, 5.245, 4.9, 5.08]
['2018-12-28', 5.06, 5.3, 5.01, 5.16]
['2018-12-31', 5.2, 5.26, 4.91, 5.09]
['2019-01-02', 5.01, 5.48, 4.95, 5.27]
['2019-01-03', 5.3, 5.61, 5.17, 5.36]
['2019-01-04', 5.38, 5.74, 5.25, 5.36]
['2019-01-07', 5.37, 5.97, 5.29, 5.92]
['2019-01-08', 5.97, 6.2, 5.82, 5.93]
['2019-01-09', 5.97, 6.2, 5.85, 6.14]
['2019-01-10', 6.11, 6.25, 5.97, 6.21]
['2019-01-11', 6.18, 6.28, 6.08, 6.24]
['2019-01-14', 6.19, 6.31, 6.003, 6.04]
['2019-01-15', 6.05, 6.225, 5.98, 6.19]
['2019-01-16', 6.19, 6.33, 6.03, 6.1]
['2019-01-17', 6.07, 6.23, 5.97, 6.17]
['2019-01-18', 6.23, 6.3, 6.091, 6.25]
['2019-01-22', 6.2, 6.37, 6.05, 6.31]
['2019-01-23', 6.32, 6.32, 5.67, 5.73]
['2019-01-24', 5.77, 5.95, 5.75, 5.93]
['2019-01-25', 5.96, 6.13, 5.96, 6.01]
['2019-01-28', 5.94, 6.03, 5.645, 5.73]
['2019-01-29', 5.74, 5.81, 5.71, 5.71]
['2019-01-30', 5.71, 5.71, 5.507, 5.67]
['2019-01-31', 5.66, 5.72, 5.465, 5.66]
['2019-02-01', 5.72, 5.95, 5.7, 5.81]
['2019-02-04', 5.81, 6.12, 5.7, 6.07]
['2019-02-05', 6.08, 6.15, 5.6, 5.72]
['2019-02-06', 5.71, 5.999, 5.65, 5.78]
['2019-02-07', 5.76, 5.76, 5.07, 5.11]
['2019-02-08', 5.12, 5.44, 5.12, 5.44]
['2019-02-11', 5.31, 5.76, 5.26, 5.68]
['2019-02-12', 5.68, 6.0, 5.526, 5.64]
['2019-02-13', 5.66, 5.66, 5.44, 5.44]
['2019-02-14', 5.43, 5.65, 5.4, 5.59]
['2019-02-15', 5.62, 5.76, 5.615, 5.72]
['2019-02-19', 5.72, 6.1, 5.684, 6.07]
['2019-02-20', 6.24, 6.34, 5.96, 6.18]
['2019-02-21', 6.16, 6.39, 5.88, 5.92]
['2019-02-22', 5.99, 6.03, 5.72, 5.88]
['2019-02-25', 5.9, 6.01, 5.65, 5.73]
['2019-02-26', 5.74, 5.82, 5.47, 5.51]
['2019-02-27', 5.51, 5.74, 5.43, 5.68]
['2019-02-28', 5.67, 5.67, 5.365, 5.51]
['2019-03-01', 5.51, 5.62, 5.07, 5.41]
['2019-03-04', 5.44, 5.871, 5.15, 5.26]
['2019-03-05', 5.27, 5.49, 5.15, 5.37]
['2019-03-06', 5.32, 5.32, 5.01, 5.05]
['2019-03-07', 5.05, 5.38, 4.82, 5.11]
['2019-03-08', 5.11, 5.25, 4.46, 4.7]
['2019-03-11', 4.7, 5.0, 4.65, 4.87]
['2019-03-12', 4.94, 5.16, 4.76, 5.15]
['2019-03-13', 5.22, 5.36, 5.2, 5.28]
['2019-03-14', 5.3, 5.325, 4.95, 5.01]
['2019-03-15', 5.0, 5.11, 4.72, 4.76]
['2019-03-18', 4.84, 4.93, 4.72, 4.85]
['2019-03-19', 4.95, 5.07, 4.81, 4.88]
['2019-03-20', 4.88, 5.16, 4.74, 4.86]
['2019-03-21', 4.83, 4.91, 4.75, 4.83]
['2019-03-22', 4.78, 4.87, 4.46, 4.6]
['2019-03-25', 4.61, 4.84, 4.475, 4.76]
['2019-03-26', 4.77, 5.115, 4.7, 5.02]
['2019-03-27', 5.0, 5.44, 5.0, 5.05]
['2019-03-28', 5.05, 5.5, 4.99, 5.38]
['2019-03-29', 5.41, 5.58, 5.08, 5.18]
['2019-04-01', 5.17, 5.55, 5.11, 5.53]
['2019-04-02', 5.53, 5.705, 5.33, 5.49]
['2019-04-03', 5.58, 5.75, 5.43, 5.51]
['2019-04-04', 5.49, 5.59, 5.28, 5.45]
['2019-04-05', 5.45, 5.56, 5.31, 5.5]
['2019-04-08', 5.51, 5.6, 5.4, 5.4]
['2019-04-09', 5.39, 5.39, 5.15, 5.16]
['2019-04-10', 5.18, 5.23, 5.02, 5.09]
['2019-04-11', 5.1, 5.325, 5.1, 5.26]
['2019-04-12', 5.37, 5.37, 5.2, 5.26]
['2019-04-15', 5.25, 5.372, 4.98, 5.15]
['2019-04-16', 5.16, 5.21, 5.05, 5.16]
['2019-04-17', 5.21, 5.67, 5.21, 5.35]
['2019-04-18', 5.36, 5.43, 5.06, 5.14]
['2019-04-22', 5.16, 5.18, 4.86, 4.87]
['2019-04-23', 4.86, 5.14, 4.69, 4.7]
['2019-04-24', 4.7, 4.76, 4.35, 4.5]
['2019-04-25', 4.52, 5.0, 3.99, 4.02]
['2019-04-26', 3.98, 4.18, 3.93, 4.09]
['2019-04-29', 4.1, 4.23, 3.95, 4.17]
['2019-04-30', 4.1, 4.12, 3.85, 3.97]
['2019-05-01', 3.95, 3.98, 3.76, 3.78]
['2019-05-02', 3.76, 3.78, 3.58, 3.59]
['2019-05-03', 3.62, 3.85, 3.62, 3.78]
['2019-05-06', 3.74, 3.82, 3.66, 3.7]
['2019-05-07', 3.5, 3.88, 3.329, 3.68]
['2019-05-08', 3.61, 3.73, 3.45, 3.57]
['2019-05-09', 3.52, 3.72, 3.4, 3.41]
['2019-05-10', 3.39, 3.39, 3.14, 3.28]
['2019-05-13', 3.22, 3.27, 2.97, 2.99]
['2019-05-14', 3.02, 3.12, 2.99, 3.08]
['2019-05-15', 3.03, 3.13, 3.03, 3.08]
['2019-05-16', 3.12, 3.16, 2.96, 2.98]
['2019-05-17', 2.9, 3.007, 2.72, 2.8]
['2019-05-20', 2.8, 2.83, 2.74, 2.78]
['2019-05-21', 2.88, 2.88, 2.75, 2.85]
['2019-05-22', 2.91, 2.93, 2.68, 2.79]
['2019-05-23', 2.7, 2.77, 2.48, 2.59]
['2019-05-24', 2.61, 2.67, 2.472, 2.63]
['2019-05-28', 2.62, 2.7, 2.56, 2.63]
['2019-05-29', 2.67, 2.7, 2.55, 2.66]
['2019-05-30', 2.7, 2.79, 2.6, 2.66]
['2019-05-31', 2.58, 2.715, 2.5, 2.67]
['2019-06-03', 2.67, 2.67, 2.49, 2.57]
['2019-06-04', 2.62, 2.7, 2.5, 2.59]
['2019-06-05', 2.64, 2.73, 2.46, 2.59]
['2019-06-06', 2.63, 2.7, 2.545, 2.68]
['2019-06-07', 2.67, 2.87, 2.61, 2.83]
['2019-06-10', 2.83, 2.93, 2.582, 2.88]
['2019-06-11', 2.89, 2.92, 2.7, 2.73]
['2019-06-12', 2.7, 2.89, 2.555, 2.58]
['2019-06-13', 2.6, 2.81, 2.59, 2.8]
['2019-06-14', 2.85, 2.85, 2.69, 2.81]
['2019-06-17', 2.78, 2.88, 2.76, 2.87]
['2019-06-18', 2.89, 3.31, 2.89, 3.29]
['2019-06-19', 3.27, 3.28, 3.13, 3.22]
['2019-06-20', 3.23, 3.45, 3.23, 3.43]
['2019-06-21', 3.42, 3.96, 3.345, 3.89]
['2019-06-24', 3.8, 3.87, 3.49, 3.69]
['2019-06-25', 3.72, 3.92, 3.65, 3.88]
['2019-06-26', 3.62, 3.77, 3.46, 3.74]
['2019-06-27', 3.74, 3.75, 3.56, 3.71]
['2019-06-28', 3.7, 3.77, 3.5, 3.55]
['2019-07-01', 3.47, 3.76, 3.37, 3.37]
['2019-07-02', 3.42, 3.42, 3.11, 3.14]
['2019-07-03', 3.1, 3.25, 3.03, 3.14]
['2019-07-05', 3.12, 3.2, 3.03, 3.18]
['2019-07-08', 3.25, 3.48, 3.14, 3.16]
['2019-07-09', 3.16, 3.25, 3.06, 3.07]
['2019-07-10', 3.13, 3.26, 3.05, 3.19]
['2019-07-11', 3.18, 3.26, 3.13, 3.14]
['2019-07-12', 3.214, 3.26, 3.14, 3.18]
['2019-07-15', 3.17, 3.18, 2.98, 3.0]
['2019-07-16', 3.04, 3.04, 2.8, 2.84]
['2019-07-17', 2.83, 2.94, 2.8, 2.9]
['2019-07-18', 2.86, 2.99, 2.78, 2.97]
['2019-07-19', 2.95, 2.98, 2.89, 2.91]
['2019-07-22', 2.95, 3.04, 2.85, 2.95]
['2019-07-23', 2.91, 3.21, 2.87, 3.2]
['2019-07-24', 3.13, 3.31, 3.12, 3.2]
['2019-07-25', 3.27, 3.27, 3.12, 3.2]
['2019-07-26', 3.22, 3.329, 3.14, 3.16]
['2019-07-29', 3.38, 3.38, 3.027, 3.2]
['2019-07-30', 3.17, 3.39, 3.17, 3.26]
['2019-07-31', 3.26, 3.44, 3.21, 3.21]
['2019-08-01', 3.21, 3.26, 2.78, 2.79]
['2019-08-02', 2.83, 2.87, 2.69, 2.69]
['2019-08-05', 2.65, 2.66, 2.02, 2.09]
['2019-08-06', 2.9, 2.919, 2.33, 2.33]
['2019-08-07', 1.9, 2.33, 1.56, 1.79]
['2019-08-08', 1.59, 2.29, 1.59, 2.27]
['2019-08-09', 2.33, 2.4, 2.21, 2.28]
['2019-08-12', 2.29, 2.45, 2.26, 2.28]
['2019-08-13', 2.23, 2.48, 2.23, 2.26]
['2019-08-14', 2.19, 2.21, 1.91, 1.96]
['2019-08-15', 1.95, 2.05, 1.75, 1.95]
['2019-08-16', 1.97, 2.19, 1.97, 2.03]
['2019-08-19', 2.09, 2.18, 1.95, 2.02]
['2019-08-20', 2.01, 2.12, 1.95, 2.11]
['2019-08-21', 2.13, 2.31, 2.1, 2.24]
['2019-08-22', 2.25, 2.33, 2.13, 2.16]
['2019-08-23', 2.11, 2.12, 2.01, 2.02]
['2019-08-26', 2.05, 2.1, 2.05, 2.1]
['2019-08-27', 2.1, 2.17, 2.02, 2.13]
['2019-08-28', 2.06, 2.19, 2.06, 2.11]
['2019-08-29', 2.15, 2.29, 2.15, 2.29]
['2019-08-30', 2.34, 2.34, 2.053, 2.16]
['2019-09-03', 2.16, 2.22, 2.125, 2.19]
['2019-09-04', 2.239, 2.3, 2.18, 2.26]
['2019-09-05', 2.28, 2.34, 2.23, 2.29]
['2019-09-06', 2.25, 2.3, 2.25, 2.27]
['2019-09-09', 2.29, 2.42, 2.25, 2.4]
['2019-09-10', 2.4, 2.49, 2.375, 2.43]
['2019-09-11', 2.47, 2.59, 2.4, 2.56]
['2019-09-12', 2.52, 2.62, 2.429, 2.55]
['2019-09-13', 2.6, 2.65, 2.45, 2.58]
['2019-09-16', 2.7, 3.208, 2.65, 2.67]
['2019-09-17', 2.7, 2.77, 2.6, 2.68]
['2019-09-18', 2.65, 2.66, 2.49, 2.6]
['2019-09-19', 2.64, 2.64, 2.34, 2.4]
['2019-09-20', 2.4, 2.53, 1.97, 2.13]
['2019-09-23', 2.13, 2.17, 2.073, 2.13]
['2019-09-24', 2.11, 2.165, 1.93, 2.0]
['2019-09-25', 2.0, 2.055, 1.89, 1.98]
['2019-09-26', 1.9, 1.97, 1.88, 1.96]
['2019-09-27', 1.97, 2.0, 1.92, 1.99]
['2019-09-30', 1.989, 2.02, 1.92, 2.0]
['2019-10-01', 2.02, 2.11, 2.0, 2.03]
['2019-10-02', 2.01, 2.1, 1.95, 1.95]
['2019-10-03', 1.95, 2.0, 1.95, 2.0]
['2019-10-04', 2.0, 2.04, 1.93, 2.01]
['2019-10-07', 2.02, 2.1, 2.02, 2.09]
['2019-10-08', 2.04, 2.17, 2.04, 2.12]
['2019-10-09', 2.13, 2.25, 2.06, 2.15]
['2019-10-10', 2.15, 2.17, 2.0, 2.04]
['2019-10-11', 2.08, 2.23, 2.01, 2.13]
['2019-10-14', 2.08, 2.08, 2.01, 2.03]
['2019-10-15', 2.01, 2.1, 1.95, 2.08]
['2019-10-16', 2.08, 2.185, 2.08, 2.16]
['2019-10-17', 2.14, 2.14, 2.05, 2.11]
['2019-10-18', 2.09, 2.17, 2.09, 2.12]
['2019-10-21', 2.13, 2.35, 2.04, 2.3]
['2019-10-22', 2.245, 2.34, 2.06, 2.08]
['2019-10-23', 2.08, 2.14, 1.96, 2.0]
['2019-10-24', 2.05, 2.05, 1.82, 1.85]
['2019-10-25', 1.81, 2.07, 1.81, 2.02]
['2019-10-28', 2.04, 2.22, 2.02, 2.19]
['2019-10-29', 2.06, 2.25, 2.03, 2.23]
['2019-10-30', 2.195, 2.23, 2.02, 2.23]
['2019-10-31', 2.2, 2.26, 1.89, 2.25]
['2019-11-01', 2.27, 2.39, 2.21, 2.36]
['2019-11-04', 2.47, 2.6, 2.29, 2.3]
['2019-11-05', 2.0, 2.54, 2.0, 2.35]
['2019-11-06', 2.38, 2.53, 2.29, 2.32]
['2019-11-07', 2.36, 2.47, 2.25, 2.3]
['2019-11-08', 2.29, 2.45, 2.29, 2.38]
['2019-11-11', 2.33, 2.39, 2.27, 2.38]
['2019-11-12', 2.382, 2.395, 2.28, 2.36]
['2019-11-13', 2.35, 2.35, 2.24, 2.28]
['2019-11-14', 2.26, 2.41, 2.25, 2.34]
['2019-11-15', 2.35, 2.35, 2.21, 2.3]
['2019-11-18', 2.21, 2.24, 2.11, 2.24]
['2019-11-19', 2.16, 2.28, 2.16, 2.24]
['2019-11-20', 2.43, 2.49, 2.29, 2.36]
['2019-11-21', 2.35, 2.35, 2.19, 2.27]
['2019-11-22', 2.273, 2.3, 2.19, 2.25]
['2019-11-25', 2.31, 2.455, 2.22, 2.3]
['2019-11-26', 2.32, 2.39, 2.22, 2.25]
['2019-11-27', 2.102, 2.23, 2.07, 2.08]
['2019-11-29', 2.08, 2.18, 2.08, 2.15]
['2019-12-02', 2.22, 2.32, 1.89, 1.97]
['2019-12-03', 1.91, 2.25, 1.9, 2.18]
['2019-12-04', 2.11, 2.23, 2.11, 2.17]
['2019-12-05', 2.105, 2.2, 2.105, 2.17]
['2019-12-06', 2.17, 2.31, 2.14, 2.23]
['2019-12-09', 2.19, 2.29, 2.185, 2.22]
['2019-12-10', 2.07, 2.3, 2.07, 2.24]
['2019-12-11', 2.28, 2.29, 2.08, 2.24]
['2019-12-12', 2.22, 2.26, 2.16, 2.24]
['2019-12-13', 2.21, 2.24, 2.16, 2.2]
['2019-12-16', 2.18, 2.3, 2.08, 2.18]
['2019-12-17', 2.21, 2.261, 2.15, 2.19]
['2019-12-18', 2.15, 2.28, 2.15, 2.21]
['2019-12-19', 2.25, 2.265, 2.18, 2.21]
['2019-12-20', 2.22, 2.25, 2.15, 2.18]
['2019-12-23', 2.18, 2.25, 2.16, 2.17]
['2019-12-24', 2.16, 2.35, 2.16, 2.31]
['2019-12-26', 2.27, 2.33, 2.27, 2.29]
['2019-12-27', 2.18, 2.35, 2.15, 2.15]
['2019-12-30', 2.13, 2.33, 2.05, 2.08]
['2019-12-31', 2.08, 2.14, 2.08, 2.1]
['2020-01-02', 2.09, 2.15, 2.05, 2.09]
['2020-01-03', 2.07, 2.13, 2.07, 2.1]
['2020-01-06', 2.09, 2.11, 2.04, 2.04]
['2020-01-07', 2.01, 2.037, 1.9, 1.9]
['2020-01-08', 1.95, 2.13, 1.86, 1.9]
['2020-01-09', 1.99, 2.08, 1.95, 2.06]
['2020-01-10', 2.02, 2.11, 1.93, 1.97]
['2020-01-13', 1.98, 1.99, 1.86, 1.88]
['2020-01-14', 1.94, 1.94, 1.81, 1.81]
['2020-01-15', 1.83, 1.94, 1.78, 1.81]
['2020-01-16', 1.85, 1.94, 1.84, 1.86]
['2020-01-17', 1.89, 1.94, 1.85, 1.85]
['2020-01-21', 2.07, 2.071, 1.77, 1.78]
['2020-01-22', 1.75, 1.83, 1.72, 1.82]
['2020-01-23', 1.78, 1.82, 1.76, 1.78]
['2020-01-24', 1.76, 1.78, 1.76, 1.77]
['2020-01-27', 1.72, 1.84, 1.72, 1.73]
['2020-01-28', 1.748, 1.75, 1.73, 1.74]
['2020-01-29', 1.73, 1.74, 1.71, 1.72]
['2020-01-30', 1.72, 1.72, 1.69, 1.69]
['2020-01-31', 1.82, 1.82, 1.53, 1.53]
['2020-02-03', 1.54, 1.64, 1.54, 1.56]
['2020-02-04', 1.68, 1.68, 1.54, 1.59]
['2020-02-05', 1.61, 1.61, 1.53, 1.56]
['2020-02-06', 1.59, 1.63, 1.555, 1.56]
['2020-02-07', 1.58, 1.62, 1.55, 1.56]
['2020-02-10', 1.54, 1.55, 1.5, 1.55]
['2020-02-11', 1.555, 1.57, 1.55, 1.55]
['2020-02-12', 1.56, 1.68, 1.515, 1.65]
['2020-02-13', 1.67, 1.692, 1.57, 1.61]
['2020-02-14', 1.61, 1.61, 1.42, 1.52]
['2020-02-18', 1.5, 1.51, 1.46, 1.5]
['2020-02-19', 1.485, 1.5, 1.47, 1.49]
['2020-02-20', 1.64, 1.64, 1.505, 1.52]
['2020-02-21', 1.53, 1.53, 1.45, 1.46]
['2020-02-24', 1.436, 1.45, 1.32, 1.37]
['2020-02-25', 1.35, 1.35, 1.09, 1.14]
['2020-02-26', 1.11, 1.24, 1.03, 1.14]
['2020-02-27', 1.12, 1.14, 1.04, 1.04]
['2020-02-28', 1.05, 1.19, 1.04, 1.09]
['2020-03-02', 1.13, 1.13, 1.0, 1.03]
['2020-03-03', 1.1, 2.0, 1.1, 1.57]
['2020-03-04', 1.6, 1.61, 1.26, 1.48]
['2020-03-05', 1.47, 1.53, 1.2, 1.25]
['2020-03-06', 1.16, 1.216, 1.1, 1.14]
['2020-03-09', 1.01, 1.07, 0.822, 0.849]
['2020-03-10', 0.87, 1.07, 0.87, 1.02]
['2020-03-11', 1.01, 1.15, 0.86, 1.11]
['2020-03-12', 1.04, 1.23, 0.81, 0.818]
['2020-03-13', 0.82, 1.06, 0.82, 0.9]
['2020-03-16', 0.852, 1.09, 0.77, 0.86]
['2020-03-17', 0.821, 0.849, 0.775, 0.849]
['2020-03-18', 0.775, 0.99, 0.722, 0.757]
['2020-03-19', 0.804, 1.03, 0.804, 0.96]
['2020-03-20', 0.93, 0.989, 0.81, 0.82]
['2020-03-23', 0.88, 0.95, 0.73, 0.75]
['2020-03-24', 0.785, 0.938, 0.785, 0.86]
['2020-03-25', 0.826, 0.9, 0.74, 0.785]
['2020-03-26', 0.84, 0.85, 0.74, 0.79]
['2020-03-27', 0.73, 0.766, 0.66, 0.66]
['2020-03-30', 0.715, 0.715, 0.65, 0.66]
['2020-03-31', 0.707, 0.79, 0.6, 0.64]
['2020-04-01', 0.754, 0.754, 0.521, 0.521]
['2020-04-02', 0.57, 0.676, 0.51, 0.55]
['2020-04-03', 0.5, 0.661, 0.312, 0.385]
['2020-04-06', 0.616, 0.616, 0.431, 0.54]
['2020-04-07', 0.59, 0.6, 0.51, 0.516]
['2020-04-08', 0.52, 0.58, 0.5, 0.55]
['2020-04-09', 0.56, 0.636, 0.55, 0.56]
['2020-04-13', 0.8, 0.84, 0.67, 0.75]
['2020-04-14', 0.8, 0.844, 0.73, 0.77]
['2020-04-15', 0.746, 0.86, 0.611, 0.68]
['2020-04-16', 0.69, 0.69, 0.562, 0.584]
['2020-04-17', 0.575, 0.69, 0.575, 0.65]
['2020-04-20', 0.631, 0.645, 0.58, 0.584]
['2020-04-21', 0.58, 0.61, 0.57, 0.57]
['2020-04-22', 0.599, 0.62, 0.542, 0.555]
['2020-04-23', 0.568, 0.62, 0.522, 0.593]
['2020-04-24', 0.62, 0.644, 0.57, 0.62]
['2020-04-27', 0.62, 0.62, 0.52, 0.582]
['2020-04-28', 0.585, 0.6, 0.545, 0.598]
['2020-04-29', 0.62, 0.71, 0.598, 0.7]
['2020-04-30', 0.709, 0.75, 0.652, 0.67]
['2020-05-01', 0.69, 0.745, 0.585, 0.592]
['2020-05-04', 0.625, 0.63, 0.581, 0.597]
['2020-05-05', 0.613, 0.63, 0.58, 0.582]
['2020-05-06', 0.59, 0.603, 0.561, 0.561]
['2020-05-07', 0.598, 0.63, 0.56, 0.575]
['2020-05-08', 0.571, 0.6, 0.551, 0.551]
['2020-05-11', 0.561, 0.589, 0.54, 0.541]
['2020-05-12', 0.568, 0.57, 0.491, 0.525]
['2020-05-13', 0.515, 0.515, 0.45, 0.466]
['2020-05-14', 0.47, 0.489, 0.45, 0.474]
['2020-05-15', 0.489, 0.489, 0.438, 0.455]
['2020-05-18', 0.46, 0.533, 0.46, 0.51]
['2020-05-19', 0.53, 0.557, 0.48, 0.499]
['2020-05-20', 0.482, 0.506, 0.471, 0.49]
['2020-05-21', 0.515, 0.59, 0.5, 0.546]
['2020-05-22', 0.561, 0.561, 0.505, 0.529]
['2020-05-26', 0.548, 0.548, 0.521, 0.539]
['2020-05-27', 0.535, 0.548, 0.521, 0.531]
['2020-05-28', 0.547, 0.59, 0.535, 0.55]
['2020-05-29', 0.55, 0.599, 0.5, 0.52]
