['2015-07-23', 18.22, 19.98, 17.1, 19.54]
['2015-07-24', 19.35, 21.86, 19.05, 20.51]
['2015-07-27', 20.44, 20.98, 19.17, 19.95]
['2015-07-28', 19.95, 21.0, 18.75, 19.34]
['2015-07-29', 19.63, 20.51, 19.63, 20.12]
['2015-07-30', 20.12, 20.17, 19.21, 19.56]
['2015-07-31', 19.51, 20.8, 19.4, 20.01]
['2015-08-03', 20.02, 21.68, 19.66, 21.17]
['2015-08-04', 21.24, 21.98, 19.51, 20.03]
['2015-08-05', 20.2, 23.99, 20.13, 22.24]
['2015-08-06', 22.46, 23.44, 22.14, 22.19]
['2015-08-07', 22.19, 22.98, 21.61, 22.57]
['2015-08-10', 23.16, 23.65, 21.7, 22.11]
['2015-08-11', 22.015, 22.22, 19.52, 20.01]
['2015-08-12', 20.02, 22.8, 19.25, 21.79]
['2015-08-13', 21.51, 22.245, 20.25, 20.66]
['2015-08-14', 20.0, 21.455, 19.6, 20.63]
['2015-08-17', 20.6, 22.95, 20.385, 22.21]
['2015-08-18', 21.73, 23.05, 21.3, 22.39]
['2015-08-19', 22.5, 22.939, 22.01, 22.63]
['2015-08-20', 22.74, 25.04, 22.02, 23.31]
['2015-08-21', 23.17, 25.0, 20.95, 24.9]
['2015-08-24', 24.8, 24.8, 21.198, 22.95]
['2015-08-25', 22.7, 24.5, 22.52, 23.86]
['2015-08-26', 23.82, 26.0, 23.52, 25.72]
['2015-08-27', 26.46, 28.99, 25.91, 26.59]
['2015-08-28', 26.4, 28.18, 26.4, 27.09]
['2015-08-31', 26.6, 27.39, 26.6, 26.78]
['2015-09-01', 26.8, 26.87, 24.61, 25.5]
['2015-09-02', 25.96, 27.385, 24.93, 26.52]
['2015-09-03', 26.95, 27.0, 24.3, 24.42]
['2015-09-04', 23.72, 24.0, 22.12, 23.46]
['2015-09-08', 24.07, 24.93, 22.98, 23.0]
['2015-09-09', 23.49, 23.704, 20.46, 21.06]
['2015-09-10', 20.79, 22.38, 20.79, 21.96]
['2015-09-11', 22.22, 23.38, 21.63, 23.3]
['2015-09-14', 23.24, 23.68, 21.65, 22.87]
['2015-09-15', 22.76, 24.47, 22.34, 23.1]
['2015-09-16', 23.0, 23.0, 21.17, 22.9]
['2015-09-17', 22.71, 22.97, 21.08, 22.57]
['2015-09-18', 22.52, 23.0, 21.05, 21.38]
['2015-09-21', 21.4, 22.37, 20.01, 20.5]
['2015-09-22', 20.31, 20.52, 19.25, 19.81]
['2015-09-23', 19.97, 20.45, 18.03, 19.35]
['2015-09-24', 19.15, 19.5, 17.75, 19.34]
['2015-09-25', 19.53, 19.6, 18.76, 19.21]
['2015-09-28', 19.0, 19.0, 16.12, 18.02]
['2015-09-29', 18.3, 20.57, 17.316, 19.58]
['2015-09-30', 19.75, 22.02, 18.82, 21.01]
['2015-10-01', 21.04, 21.04, 19.34, 19.82]
['2015-10-02', 19.5, 21.19, 19.16, 20.89]
['2015-10-05', 21.57, 21.7, 19.8, 21.17]
['2015-10-06', 21.17, 21.22, 19.2, 19.55]
['2015-10-07', 19.64, 19.73, 18.85, 19.62]
['2015-10-08', 19.41, 19.66, 18.6, 19.26]
['2015-10-09', 19.42, 19.42, 18.44, 18.69]
['2015-10-12', 18.72, 19.68, 18.34, 18.91]
['2015-10-13', 18.82, 18.85, 18.07, 18.37]
['2015-10-14', 18.51, 19.09, 18.41, 18.66]
['2015-10-15', 18.87, 19.24, 18.54, 19.05]
['2015-10-16', 19.17, 19.29, 18.46, 18.54]
['2015-10-19', 18.53, 18.84, 17.8, 18.59]
['2015-10-20', 16.7, 16.7, 12.31, 12.47]
['2015-10-21', 12.73, 13.175, 12.01, 12.43]
['2015-10-22', 12.27, 12.79, 11.53, 12.12]
['2015-10-23', 12.06, 12.516, 11.665, 12.35]
['2015-10-26', 12.45, 13.37, 12.0, 12.81]
['2015-10-27', 12.68, 13.33, 12.12, 13.15]
['2015-10-28', 13.23, 14.48, 12.96, 13.84]
['2015-10-29', 13.88, 15.03, 13.16, 14.04]
['2015-10-30', 14.11, 14.78, 13.83, 14.16]
['2015-11-02', 14.15, 15.0, 14.12, 14.53]
['2015-11-03', 14.56, 14.742, 14.18, 14.3]
['2015-11-04', 14.37, 14.832, 13.65, 13.93]
['2015-11-05', 14.05, 14.14, 13.15, 13.78]
['2015-11-06', 13.76, 14.87, 13.27, 13.64]
['2015-11-09', 13.67, 13.67, 12.95, 13.11]
['2015-11-10', 13.18, 13.18, 12.27, 12.83]
['2015-11-11', 12.74, 15.6, 12.74, 14.28]
['2015-11-12', 14.19, 15.03, 13.99, 14.81]
['2015-11-13', 14.75, 15.0, 14.33, 14.42]
['2015-11-16', 14.4, 14.4, 13.37, 13.96]
['2015-11-17', 14.08, 14.64, 13.46, 13.7]
['2015-11-18', 13.84, 15.1, 13.75, 15.05]
['2015-11-19', 15.07, 15.1, 14.45, 15.01]
['2015-11-20', 15.0, 16.08, 14.99, 15.63]
['2015-11-23', 15.62, 16.46, 15.25, 16.41]
['2015-11-24', 16.37, 16.37, 15.41, 15.97]
['2015-11-25', 16.06, 16.4, 15.82, 16.19]
['2015-11-27', 16.3, 16.3, 15.5, 15.66]
['2015-11-30', 15.81, 16.41, 15.3, 15.46]
['2015-12-01', 15.5, 15.55, 14.6, 15.3]
['2015-12-02', 15.15, 15.8, 14.91, 15.29]
['2015-12-03', 15.22, 15.62, 14.6, 14.84]
['2015-12-04', 14.87, 14.87, 14.1, 14.57]
['2015-12-07', 14.63, 15.15, 14.02, 14.6]
['2015-12-08', 14.0, 14.94, 13.59, 14.67]
['2015-12-09', 14.03, 15.03, 13.99, 14.46]
['2015-12-10', 14.51, 14.695, 13.83, 14.3]
['2015-12-11', 14.0, 14.88, 13.17, 13.54]
['2015-12-14', 13.5, 13.93, 13.02, 13.38]
['2015-12-15', 13.63, 13.63, 12.6, 12.6]
['2015-12-16', 12.8, 14.03, 12.59, 12.79]
['2015-12-17', 12.625, 14.0, 12.625, 13.07]
['2015-12-18', 13.07, 13.4, 12.29, 12.41]
['2015-12-21', 12.58, 13.18, 11.93, 12.93]
['2015-12-22', 13.28, 13.6, 12.6, 13.15]
['2015-12-23', 12.7, 13.96, 12.7, 13.47]
['2015-12-24', 13.5, 13.91, 13.25, 13.79]
['2015-12-28', 13.76, 13.94, 13.43, 13.72]
['2015-12-29', 13.74, 13.99, 13.35, 13.6]
['2015-12-30', 13.53, 13.92, 13.33, 13.33]
['2015-12-31', 13.32, 14.395, 12.79, 14.32]
['2016-01-04', 13.87, 14.13, 13.1, 13.37]
['2016-01-05', 13.535, 14.04, 13.4, 13.56]
['2016-01-06', 13.3, 13.55, 13.04, 13.28]
['2016-01-07', 13.0, 13.13, 12.15, 12.69]
['2016-01-08', 12.85, 13.2, 12.01, 12.04]
['2016-01-11', 12.24, 12.24, 10.58, 11.55]
['2016-01-12', 11.88, 11.88, 11.056, 11.32]
['2016-01-13', 11.411, 11.411, 9.62, 9.96]
['2016-01-14', 10.12, 10.75, 9.0, 10.3]
['2016-01-15', 9.97, 10.1, 9.44, 9.68]
['2016-01-19', 9.96, 10.67, 9.36, 10.16]
['2016-01-20', 10.0, 11.06, 9.77, 10.18]
['2016-01-21', 10.35, 10.93, 9.57, 9.73]
['2016-01-22', 10.09, 10.42, 9.64, 9.9]
['2016-01-25', 9.99, 10.37, 9.58, 9.87]
['2016-01-26', 9.79, 9.88, 9.12, 9.34]
['2016-01-27', 9.28, 9.72, 8.91, 9.42]
['2016-01-28', 15.19, 15.2, 12.14, 13.38]
['2016-01-29', 13.33, 13.9, 12.52, 13.58]
['2016-02-01', 12.23, 12.5, 10.58, 10.88]
['2016-02-02', 10.81, 11.1, 10.08, 10.42]
['2016-02-03', 10.43, 10.551, 9.5, 9.57]
['2016-02-04', 9.47, 9.55, 9.14, 9.33]
['2016-02-05', 9.23, 9.39, 8.59, 8.72]
['2016-02-08', 8.57, 8.57, 7.57, 8.11]
['2016-02-09', 8.06, 9.86, 8.06, 9.73]
['2016-02-10', 9.82, 10.332, 9.26, 9.36]
['2016-02-11', 8.95, 9.685, 8.28, 8.68]
['2016-02-12', 8.45, 9.0, 8.27, 8.84]
['2016-02-16', 8.97, 9.18, 8.54, 8.95]
['2016-02-17', 9.01, 10.73, 9.01, 10.17]
['2016-02-18', 10.09, 10.7, 9.91, 10.7]
['2016-02-19', 10.7, 10.798, 10.28, 10.61]
['2016-02-22', 10.75, 11.03, 10.54, 10.7]
['2016-02-23', 10.72, 11.05, 9.775, 9.98]
['2016-02-24', 9.76, 10.58, 9.682, 10.5]
['2016-02-25', 10.52, 10.52, 10.0, 10.35]
['2016-02-26', 10.37, 10.995, 10.03, 10.54]
['2016-02-29', 10.59, 10.69, 9.9, 9.91]
['2016-03-01', 9.93, 10.42, 9.45, 10.32]
['2016-03-02', 10.23, 11.61, 10.23, 11.5]
['2016-03-03', 11.46, 11.69, 10.65, 11.39]
['2016-03-04', 11.62, 11.75, 10.86, 11.53]
['2016-03-07', 11.46, 11.745, 11.21, 11.39]
['2016-03-08', 11.25, 11.65, 10.53, 10.59]
['2016-03-09', 10.66, 11.13, 10.21, 10.81]
['2016-03-10', 10.255, 11.48, 10.23, 10.48]
['2016-03-11', 10.45, 10.97, 10.25, 10.91]
['2016-03-14', 10.81, 11.49, 10.63, 11.11]
['2016-03-15', 11.04, 11.04, 10.35, 10.45]
['2016-03-16', 10.43, 10.83, 9.56, 9.74]
['2016-03-17', 10.0, 11.11, 9.76, 9.88]
['2016-03-18', 10.11, 10.33, 9.43, 9.79]
['2016-03-21', 9.73, 10.6, 9.73, 10.32]
['2016-03-22', 10.57, 11.5, 10.4, 11.24]
['2016-03-23', 11.25, 11.25, 10.54, 10.58]
['2016-03-24', 10.34, 11.05, 10.14, 10.39]
['2016-03-28', 10.49, 11.265, 9.83, 9.97]
['2016-03-29', 9.94, 10.7, 9.72, 10.68]
['2016-03-30', 10.69, 10.9, 10.0, 10.22]
['2016-03-31', 10.15, 10.96, 10.085, 10.79]
['2016-04-01', 10.75, 11.05, 10.42, 10.74]
['2016-04-04', 10.55, 11.395, 10.46, 10.84]
['2016-04-05', 10.74, 11.31, 10.14, 10.19]
['2016-04-06', 10.13, 10.98, 10.13, 10.65]
['2016-04-07', 11.265, 11.265, 10.29, 10.34]
['2016-04-08', 10.54, 10.54, 10.09, 10.43]
['2016-04-11', 10.56, 10.75, 10.33, 10.47]
['2016-04-12', 10.45, 10.65, 10.06, 10.4]
['2016-04-13', 10.45, 10.779, 9.95, 10.29]
['2016-04-14', 10.36, 10.53, 10.04, 10.3]
['2016-04-15', 10.32, 10.42, 9.57, 10.04]
['2016-04-18', 10.13, 10.31, 9.82, 10.2]
['2016-04-19', 10.28, 10.728, 9.89, 9.94]
['2016-04-20', 9.95, 10.276, 9.635, 9.84]
['2016-04-21', 9.79, 10.13, 9.64, 10.11]
['2016-04-22', 10.08, 10.4, 9.925, 10.11]
['2016-04-25', 10.11, 10.19, 9.61, 9.75]
['2016-04-26', 9.79, 9.79, 9.16, 9.51]
['2016-04-27', 9.45, 9.57, 9.055, 9.29]
['2016-04-28', 9.29, 9.68, 8.96, 9.33]
['2016-04-29', 9.35, 9.4, 8.92, 9.07]
['2016-05-02', 9.18, 9.34, 8.79, 9.29]
['2016-05-03', 8.93, 9.26, 8.92, 9.01]
['2016-05-04', 9.18, 9.18, 8.56, 8.82]
['2016-05-05', 8.559, 8.76, 8.26, 8.48]
['2016-05-06', 8.38, 8.53, 8.02, 8.17]
['2016-05-09', 8.25, 8.415, 8.0, 8.2]
['2016-05-10', 8.32, 8.35, 8.0, 8.28]
['2016-05-11', 8.29, 8.307, 7.79, 7.84]
['2016-05-12', 7.93, 8.12, 7.42, 7.63]
['2016-05-13', 7.6, 7.83, 7.27, 7.77]
['2016-05-16', 8.32, 8.32, 7.515, 7.7]
['2016-05-17', 7.7, 7.8, 7.15, 7.49]
['2016-05-18', 7.51, 7.75, 7.36, 7.48]
['2016-05-19', 7.49, 7.81, 7.45, 7.61]
['2016-05-20', 7.79, 8.24, 7.63, 7.82]
['2016-05-23', 7.97, 8.04, 7.5, 7.55]
['2016-05-24', 7.67, 8.76, 7.56, 8.64]
['2016-05-25', 8.77, 10.84, 8.77, 10.63]
['2016-05-26', 10.55, 11.07, 10.36, 10.81]
['2016-05-27', 10.88, 10.98, 10.53, 10.84]
['2016-05-31', 10.83, 11.162, 10.25, 10.48]
['2016-06-01', 10.18, 11.089, 10.08, 10.96]
['2016-06-02', 10.87, 11.29, 10.57, 11.23]
['2016-06-03', 11.3, 11.3, 10.75, 11.2]
['2016-06-06', 11.35, 11.35, 10.98, 11.1]
['2016-06-07', 11.01, 11.19, 10.79, 10.8]
['2016-06-08', 10.78, 10.78, 10.05, 10.25]
['2016-06-09', 10.24, 10.296, 9.65, 9.69]
['2016-06-10', 9.49, 10.01, 9.49, 9.83]
['2016-06-13', 9.85, 10.105, 9.625, 9.83]
['2016-06-14', 9.79, 9.99, 9.465, 9.69]
['2016-06-15', 9.65, 10.14, 9.52, 9.72]
['2016-06-16', 9.71, 10.11, 9.56, 10.04]
['2016-06-17', 10.07, 10.4, 9.85, 9.88]
['2016-06-20', 10.07, 10.73, 9.63, 9.75]
['2016-06-21', 9.75, 9.91, 9.43, 9.67]
['2016-06-22', 9.64, 9.96, 9.31, 9.41]
['2016-06-23', 9.58, 9.87, 9.33, 9.65]
['2016-06-24', 9.09, 9.74, 9.01, 9.21]
['2016-06-27', 9.2, 9.2, 8.66, 8.72]
['2016-06-28', 8.86, 9.1, 8.79, 9.02]
['2016-06-29', 9.4, 9.4, 8.81, 9.17]
['2016-06-30', 9.23, 9.695, 8.94, 9.28]
['2016-07-01', 9.36, 9.84, 9.27, 9.63]
['2016-07-05', 9.75, 9.75, 9.25, 9.38]
['2016-07-06', 9.2, 9.47, 9.06, 9.08]
['2016-07-07', 9.17, 9.25, 8.79, 9.12]
['2016-07-08', 9.5, 9.99, 9.15, 9.37]
['2016-07-11', 9.48, 9.65, 9.18, 9.31]
['2016-07-12', 9.38, 9.68, 9.075, 9.25]
['2016-07-13', 9.35, 9.35, 8.33, 8.42]
['2016-07-14', 8.66, 8.8, 8.21, 8.5]
['2016-07-15', 8.6, 8.66, 8.31, 8.55]
['2016-07-18', 8.62, 9.06, 8.41, 8.85]
['2016-07-19', 8.85, 9.05, 8.72, 9.0]
['2016-07-20', 9.0, 9.35, 8.75, 9.28]
['2016-07-21', 9.31, 9.65, 9.0, 9.17]
['2016-07-22', 9.23, 9.23, 8.75, 8.85]
['2016-07-25', 8.85, 9.05, 8.58, 8.7]
['2016-07-26', 8.71, 8.89, 8.51, 8.6]
['2016-07-27', 8.58, 9.23, 8.57, 9.11]
['2016-07-28', 9.01, 9.26, 8.55, 8.71]
['2016-07-29', 8.63, 8.886, 8.6, 8.83]
['2016-08-01', 8.84, 9.25, 8.71, 8.84]
['2016-08-02', 8.68, 8.83, 8.44, 8.74]
['2016-08-03', 8.49, 8.93, 8.49, 8.87]
['2016-08-04', 8.86, 9.05, 8.585, 8.79]
['2016-08-05', 8.62, 9.07, 8.54, 8.8]
['2016-08-08', 8.8, 8.94, 8.63, 8.82]
['2016-08-09', 8.88, 9.0, 8.67, 8.8]
['2016-08-10', 8.86, 8.86, 8.45, 8.57]
['2016-08-11', 8.22, 8.25, 6.81, 7.27]
['2016-08-12', 7.52, 7.695, 7.1, 7.33]
['2016-08-15', 7.42, 7.66, 7.33, 7.38]
['2016-08-16', 7.36, 7.5, 7.05, 7.15]
['2016-08-17', 7.15, 7.18, 6.91, 7.01]
['2016-08-18', 7.04, 7.24, 6.71, 6.84]
['2016-08-19', 6.83, 7.09, 6.7, 6.98]
['2016-08-22', 7.0, 7.175, 6.95, 7.08]
['2016-08-23', 7.14, 7.48, 6.99, 7.33]
['2016-08-24', 7.355, 7.39, 6.95, 7.05]
['2016-08-25', 7.04, 7.37, 6.72, 6.83]
['2016-08-26', 6.75, 6.92, 6.71, 6.78]
['2016-08-29', 6.78, 6.78, 6.51, 6.6]
['2016-08-30', 6.74, 6.83, 6.51, 6.72]
['2016-08-31', 6.75, 6.84, 6.44, 6.52]
['2016-09-01', 6.56, 7.24, 6.33, 7.1]
['2016-09-02', 7.12, 7.2, 6.82, 7.0]
['2016-09-06', 7.05, 7.18, 6.71, 7.05]
['2016-09-07', 7.06, 7.2, 7.0, 7.17]
['2016-09-08', 7.19, 7.79, 7.18, 7.78]
['2016-09-09', 7.72, 7.89, 7.58, 7.6]
['2016-09-12', 7.54, 7.85, 7.34, 7.81]
['2016-09-13', 7.67, 7.75, 7.32, 7.47]
['2016-09-14', 7.51, 7.88, 7.48, 7.75]
['2016-09-15', 7.8, 8.54, 7.715, 8.04]
['2016-09-16', 8.05, 8.88, 7.86, 8.35]
['2016-09-19', 8.37, 8.37, 7.51, 7.55]
['2016-09-20', 7.55, 7.73, 7.25, 7.255]
['2016-09-21', 7.26, 7.26, 6.64, 6.76]
['2016-09-22', 6.72, 7.112, 6.72, 6.89]
['2016-09-23', 6.89, 7.22, 6.89, 7.14]
['2016-09-26', 7.1, 7.15, 6.64, 6.73]
['2016-09-27', 6.69, 6.8, 6.5, 6.76]
['2016-09-28', 6.75, 6.94, 6.605, 6.93]
['2016-09-29', 6.97, 7.12, 6.51, 6.52]
['2016-09-30', 6.53, 6.65, 6.38, 6.58]
['2016-10-03', 6.62, 6.63, 6.44, 6.625]
['2016-10-04', 6.62, 6.73, 6.51, 6.61]
['2016-10-05', 6.749, 6.82, 6.6, 6.74]
['2016-10-06', 6.82, 7.03, 6.58, 6.92]
['2016-10-07', 6.67, 6.95, 6.67, 6.83]
['2016-10-10', 6.84, 7.05, 6.735, 6.91]
['2016-10-11', 6.99, 7.03, 6.75, 6.88]
['2016-10-12', 6.85, 6.94, 6.67, 6.76]
['2016-10-13', 6.73, 7.04, 6.66, 6.96]
['2016-10-14', 7.04, 7.109, 6.62, 6.67]
['2016-10-17', 6.69, 6.69, 6.31, 6.37]
['2016-10-18', 6.46, 6.46, 6.139, 6.27]
['2016-10-19', 6.25, 6.34, 6.18, 6.28]
['2016-10-20', 6.28, 6.38, 6.28, 6.34]
['2016-10-21', 6.3, 6.38, 6.17, 6.25]
['2016-10-24', 6.33, 6.33, 6.218, 6.28]
['2016-10-25', 6.32, 6.42, 6.18, 6.27]
['2016-10-26', 6.23, 6.41, 6.18, 6.21]
['2016-10-27', 6.23, 6.35, 6.16, 6.19]
['2016-10-28', 6.19, 6.29, 6.03, 6.12]
['2016-10-31', 6.15, 6.15, 5.85, 5.9]
['2016-11-01', 5.95, 6.0, 5.51, 5.9]
['2016-11-02', 5.9, 5.95, 5.75, 5.75]
['2016-11-03', 5.75, 5.75, 5.4, 5.5]
['2016-11-04', 5.4, 5.8, 5.3, 5.3]
['2016-11-07', 5.4, 6.25, 5.4, 5.5]
['2016-11-08', 5.45, 5.85, 5.4, 5.7]
['2016-11-09', 5.95, 6.95, 5.9, 6.35]
['2016-11-10', 5.598, 7.85, 5.598, 7.1]
['2016-11-11', 6.6, 8.2, 6.6, 8.1]
['2016-11-14', 8.25, 8.45, 7.95, 8.35]
['2016-11-15', 8.35, 8.55, 8.05, 8.45]
['2016-11-16', 8.3, 8.5, 8.06, 8.3]
['2016-11-17', 8.25, 9.2, 8.25, 8.75]
['2016-11-18', 8.75, 9.227, 8.05, 8.15]
['2016-11-21', 8.15, 8.95, 7.8, 8.05]
['2016-11-22', 8.1, 8.225, 7.75, 8.1]
['2016-11-23', 8.05, 8.05, 7.6, 7.7]
['2016-11-25', 7.66, 7.8, 7.55, 7.7]
['2016-11-28', 7.7, 7.7, 7.3, 7.3]
['2016-11-29', 7.3, 7.4, 7.0, 7.0]
['2016-11-30', 7.1, 7.15, 6.95, 7.1]
['2016-12-01', 7.1, 7.45, 6.9, 6.95]
['2016-12-02', 7.0, 7.5, 6.75, 7.45]
['2016-12-05', 7.55, 7.783, 6.75, 6.85]
['2016-12-06', 6.9, 6.957, 6.7, 6.85]
['2016-12-07', 6.8, 7.05, 6.775, 6.85]
['2016-12-08', 6.8, 7.3, 6.7, 7.05]
['2016-12-09', 7.0, 7.35, 6.805, 6.85]
['2016-12-12', 6.8, 7.15, 6.4, 6.55]
['2016-12-13', 6.65, 7.0, 6.45, 6.75]
['2016-12-14', 6.75, 6.85, 6.5, 6.55]
['2016-12-15', 6.5, 6.95, 6.5, 6.8]
['2016-12-16', 6.85, 7.15, 6.7, 6.8]
['2016-12-19', 6.75, 7.05, 6.55, 6.6]
['2016-12-20', 6.7, 6.775, 6.55, 6.75]
['2016-12-21', 6.7, 6.725, 6.1, 6.25]
['2016-12-22', 6.2, 6.375, 5.975, 6.05]
['2016-12-23', 6.05, 6.4, 6.0, 6.3]
['2016-12-27', 6.4, 7.4, 6.35, 7.0]
['2016-12-28', 7.05, 7.3, 6.35, 6.45]
['2016-12-29', 6.55, 6.6, 6.2, 6.25]
['2016-12-30', 6.3, 6.45, 5.75, 5.85]
['2017-01-03', 6.0, 6.3, 5.85, 6.25]
['2017-01-04', 6.35, 6.5, 6.15, 6.4]
['2017-01-05', 6.3, 6.55, 6.3, 6.55]
['2017-01-06', 6.6, 6.6, 6.3, 6.35]
['2017-01-09', 6.3, 6.3, 5.95, 6.0]
['2017-01-10', 6.0, 6.5, 5.925, 6.05]
['2017-01-11', 6.05, 6.05, 5.8, 5.9]
['2017-01-12', 5.9, 6.0, 5.7, 5.75]
['2017-01-13', 5.75, 6.1, 5.75, 5.95]
['2017-01-17', 5.95, 6.25, 5.82, 5.95]
['2017-01-18', 6.0, 6.15, 5.85, 6.1]
['2017-01-19', 6.0, 6.15, 5.85, 5.9]
['2017-01-20', 6.15, 6.15, 5.75, 5.85]
['2017-01-23', 5.9, 6.0, 5.7, 5.8]
['2017-01-24', 5.9, 6.0, 5.75, 5.9]
['2017-01-25', 5.95, 6.125, 5.9, 6.05]
['2017-01-26', 6.05, 6.2, 6.0, 6.0]
['2017-01-27', 6.05, 6.05, 5.9, 5.95]
['2017-01-30', 5.95, 6.0, 5.777, 5.95]
['2017-01-31', 5.9, 5.95, 5.75, 5.85]
['2017-02-01', 5.95, 5.95, 5.75, 5.8]
['2017-02-02', 5.8, 5.9, 5.75, 5.8]
['2017-02-03', 5.15, 5.2, 4.85, 5.05]
['2017-02-06', 5.0, 5.2, 4.97, 5.05]
['2017-02-07', 5.0, 5.1, 4.95, 5.0]
['2017-02-08', 5.0, 5.25, 4.95, 5.05]
['2017-02-09', 5.05, 5.3, 5.0, 5.1]
['2017-02-10', 5.1, 5.7, 5.1, 5.55]
['2017-02-13', 5.6, 5.6, 5.25, 5.3]
['2017-02-14', 5.3, 5.84, 5.0, 5.65]
['2017-02-15', 5.55, 5.55, 5.35, 5.45]
['2017-02-16', 5.5, 5.645, 5.35, 5.55]
['2017-02-17', 5.55, 5.7, 5.2, 5.65]
['2017-02-21', 5.6, 5.8, 5.575, 5.8]
['2017-02-22', 5.8, 5.9, 5.55, 5.65]
['2017-02-23', 5.65, 5.781, 5.5, 5.7]
['2017-02-24', 5.7, 5.95, 5.7, 5.95]
['2017-02-27', 6.0, 6.15, 5.9, 6.1]
['2017-02-28', 6.15, 6.15, 5.95, 6.0]
['2017-03-01', 6.0, 6.1, 5.9, 6.0]
['2017-03-02', 6.05, 6.125, 5.73, 5.9]
['2017-03-03', 5.85, 6.0, 5.8, 5.9]
['2017-03-06', 5.95, 6.2, 5.875, 6.15]
['2017-03-07', 6.2, 6.4, 6.01, 6.2]
['2017-03-08', 6.3, 7.0, 6.2, 6.7]
['2017-03-09', 6.7, 6.85, 6.55, 6.8]
['2017-03-10', 7.0, 7.55, 6.9, 7.4]
['2017-03-13', 7.6, 7.895, 7.45, 7.65]
['2017-03-14', 7.6, 7.6, 6.55, 6.95]
['2017-03-15', 6.9, 7.9, 6.715, 7.45]
['2017-03-16', 7.55, 7.7, 7.15, 7.6]
['2017-03-17', 7.5, 7.6, 6.8, 7.4]
['2017-03-20', 7.25, 7.302, 7.0, 7.2]
['2017-03-21', 7.2, 7.25, 6.6, 6.65]
['2017-03-22', 6.75, 6.8, 6.4, 6.55]
['2017-03-23', 6.65, 7.1, 6.5, 7.0]
['2017-03-24', 6.95, 7.1, 6.8, 7.0]
['2017-03-27', 6.9, 7.35, 6.9, 7.3]
['2017-03-28', 7.3, 7.5, 7.11, 7.2]
['2017-03-29', 7.25, 7.6, 7.15, 7.45]
['2017-03-30', 7.5, 7.5, 7.25, 7.3]
['2017-03-31', 7.3, 7.425, 7.1, 7.2]
['2017-04-03', 7.25, 7.25, 6.9, 6.95]
['2017-04-04', 6.9, 7.2, 6.625, 7.2]
['2017-04-05', 7.75, 8.2, 7.4, 8.0]
['2017-04-06', 8.0, 8.0, 7.2, 7.25]
['2017-04-07', 7.25, 7.525, 7.2, 7.35]
['2017-04-10', 7.3, 7.3, 6.9, 7.0]
['2017-04-11', 6.95, 7.1, 6.775, 6.85]
['2017-04-12', 6.85, 6.9, 6.75, 6.85]
['2017-04-13', 6.85, 6.9, 6.8, 6.8]
['2017-04-17', 6.9, 7.2, 6.85, 7.05]
['2017-04-18', 7.05, 7.1, 6.9, 7.05]
['2017-04-19', 7.1, 7.121, 6.8, 6.85]
['2017-04-20', 6.85, 7.0, 6.72, 6.95]
['2017-04-21', 6.95, 7.05, 6.8, 7.05]
['2017-04-24', 7.15, 7.25, 6.95, 7.1]
['2017-04-25', 7.15, 7.229, 7.0, 7.05]
['2017-04-26', 7.0, 7.35, 6.9, 7.3]
['2017-04-27', 7.3, 7.45, 7.163, 7.45]
['2017-04-28', 7.45, 7.45, 7.0, 7.1]
['2017-05-01', 7.1, 7.15, 6.95, 7.0]
['2017-05-02', 7.0, 7.05, 6.9, 6.9]
['2017-05-03', 6.9, 7.0, 6.85, 6.9]
['2017-05-04', 6.9, 7.0, 6.6, 6.75]
['2017-05-05', 6.8, 7.05, 6.7, 6.95]
['2017-05-08', 6.9, 7.05, 6.8, 6.95]
['2017-05-09', 7.25, 7.75, 6.76, 7.35]
['2017-05-10', 7.3, 7.55, 7.1, 7.25]
['2017-05-11', 7.25, 7.4, 6.99, 7.2]
['2017-05-12', 7.25, 7.6, 7.11, 7.55]
['2017-05-15', 7.6, 7.9, 7.45, 7.7]
['2017-05-16', 7.7, 7.75, 7.55, 7.75]
['2017-05-17', 7.65, 7.85, 7.6, 7.75]
['2017-05-18', 7.75, 7.9, 7.6, 7.9]
['2017-05-19', 7.9, 8.5, 7.85, 8.3]
['2017-05-22', 8.35, 8.6, 7.9, 8.05]
['2017-05-23', 8.1, 8.25, 7.75, 7.9]
['2017-05-24', 7.85, 8.1, 7.85, 7.95]
['2017-05-25', 7.95, 8.35, 7.8, 8.3]
['2017-05-26', 8.3, 8.55, 8.05, 8.2]
['2017-05-30', 8.25, 8.375, 8.005, 8.15]
['2017-05-31', 8.2, 8.6, 8.15, 8.4]
['2017-06-01', 8.5, 8.775, 8.45, 8.7]
['2017-06-02', 8.75, 9.0, 8.55, 8.95]
['2017-06-05', 9.05, 9.1, 7.11, 8.1]
['2017-06-06', 8.15, 8.25, 7.71, 8.2]
['2017-06-07', 8.0, 8.232, 7.85, 7.9]
['2017-06-08', 7.95, 8.294, 7.9, 7.95]
['2017-06-09', 7.9, 8.15, 7.8, 7.95]
['2017-06-12', 8.0, 8.05, 7.725, 7.9]
['2017-06-13', 7.95, 8.05, 7.8, 7.9]
['2017-06-14', 7.95, 8.15, 7.85, 8.05]
['2017-06-15', 8.05, 8.2, 7.875, 8.0]
['2017-06-16', 8.0, 8.7, 7.95, 8.65]
['2017-06-19', 9.1, 9.6, 8.1, 9.0]
['2017-06-20', 8.95, 9.05, 7.75, 8.0]
['2017-06-21', 8.0, 8.05, 7.06, 7.3]
['2017-06-22', 7.2, 7.65, 7.16, 7.4]
['2017-06-23', 7.3, 7.5, 6.91, 7.25]
['2017-06-26', 7.25, 7.4, 7.15, 7.35]
['2017-06-27', 6.95, 7.25, 6.9, 7.05]
['2017-06-28', 7.1, 7.2, 7.025, 7.15]
['2017-06-29', 7.15, 7.375, 7.0, 7.25]
['2017-06-30', 7.25, 7.4, 7.05, 7.3]
['2017-07-03', 7.3, 7.65, 7.25, 7.65]
['2017-07-05', 7.6, 7.6, 7.35, 7.4]
['2017-07-06', 7.4, 7.4, 7.15, 7.15]
['2017-07-07', 7.15, 7.35, 7.075, 7.25]
['2017-07-10', 7.3, 7.3, 7.0, 7.15]
['2017-07-11', 7.05, 7.179, 6.9, 7.0]
['2017-07-12', 7.05, 7.05, 6.45, 6.6]
['2017-07-13', 6.6, 6.9, 6.45, 6.85]
['2017-07-14', 6.9, 7.1, 6.81, 7.05]
['2017-07-17', 7.1, 7.125, 6.9, 7.0]
['2017-07-18', 7.0, 7.04, 6.85, 6.95]
['2017-07-19', 7.0, 7.05, 6.85, 6.85]
['2017-07-20', 6.9, 6.95, 6.75, 6.75]
['2017-07-21', 6.8, 6.8, 6.6, 6.6]
['2017-07-24', 6.6, 6.95, 6.6, 6.9]
['2017-07-25', 6.95, 6.95, 6.75, 6.85]
['2017-07-26', 6.8, 6.85, 6.4, 6.75]
['2017-07-27', 6.8, 6.81, 6.44, 6.5]
['2017-07-28', 6.45, 6.65, 6.45, 6.45]
['2017-07-31', 6.45, 6.6, 6.3, 6.45]
['2017-08-01', 6.8, 7.01, 6.6, 6.9]
['2017-08-02', 6.9, 7.0, 6.55, 6.95]
['2017-08-03', 6.9, 7.0, 6.65, 6.8]
['2017-08-04', 6.75, 6.85, 6.6, 6.7]
['2017-08-07', 6.7, 6.95, 6.55, 6.8]
['2017-08-08', 6.9, 7.1, 6.45, 7.0]
['2017-08-09', 6.8, 6.95, 6.76, 6.85]
['2017-08-10', 6.85, 7.25, 6.8, 7.05]
['2017-08-11', 7.1, 7.25, 7.0, 7.2]
['2017-08-14', 7.2, 7.35, 6.85, 6.9]
['2017-08-15', 6.95, 7.1, 6.65, 6.95]
['2017-08-16', 6.95, 7.025, 6.65, 6.7]
['2017-08-17', 6.7, 6.85, 6.65, 6.7]
['2017-08-18', 6.65, 6.85, 6.6, 6.65]
['2017-08-21', 6.6, 6.95, 6.6, 6.9]
['2017-08-22', 6.85, 7.05, 6.85, 7.0]
['2017-08-23', 7.0, 7.1, 6.95, 7.05]
['2017-08-24', 7.0, 7.411, 7.0, 7.35]
['2017-08-25', 7.4, 7.65, 7.35, 7.65]
['2017-08-28', 7.85, 7.94, 7.65, 7.9]
['2017-08-29', 7.9, 8.0, 7.7, 8.0]
['2017-08-30', 8.1, 8.45, 7.942, 8.4]
['2017-08-31', 8.45, 8.65, 8.11, 8.35]
['2017-09-01', 8.45, 8.5, 8.225, 8.3]
['2017-09-05', 8.3, 9.0, 8.2, 8.85]
['2017-09-06', 9.05, 9.4, 8.65, 8.7]
['2017-09-07', 8.65, 8.825, 8.5, 8.8]
['2017-09-08', 8.7, 9.0, 8.65, 9.0]
['2017-09-11', 9.05, 9.25, 8.85, 9.0]
['2017-09-12', 9.0, 9.05, 8.6, 8.8]
['2017-09-13', 8.9, 9.195, 8.842, 9.05]
['2017-09-14', 9.15, 9.15, 8.85, 9.0]
['2017-09-15', 9.05, 9.2, 8.9, 9.2]
['2017-09-18', 8.55, 8.85, 8.15, 8.7]
['2017-09-19', 8.6, 8.65, 7.75, 8.4]
['2017-09-20', 8.45, 8.725, 8.3, 8.7]
['2017-09-21', 8.6, 9.15, 8.55, 8.95]
['2017-09-22', 8.95, 9.0, 8.705, 8.85]
['2017-09-25', 8.85, 8.85, 8.575, 8.7]
['2017-09-26', 8.6, 8.723, 8.4, 8.4]
['2017-09-27', 8.4, 8.8, 8.4, 8.65]
['2017-09-28', 8.65, 8.95, 8.6, 8.7]
['2017-09-29', 8.7, 9.35, 8.657, 9.15]
['2017-10-02', 9.15, 9.5, 8.9, 9.1]
['2017-10-03', 9.15, 9.3, 9.055, 9.25]
['2017-10-04', 9.3, 9.45, 9.25, 9.35]
['2017-10-05', 9.3, 9.45, 9.255, 9.35]
['2017-10-06', 9.35, 9.45, 8.95, 9.1]
['2017-10-09', 9.0, 9.05, 8.85, 8.95]
['2017-10-10', 8.95, 9.0, 8.7, 8.7]
['2017-10-11', 8.75, 8.8, 8.6, 8.8]
['2017-10-12', 8.75, 8.8, 8.5, 8.7]
['2017-10-13', 8.65, 8.65, 8.1, 8.25]
['2017-10-16', 8.2, 8.2, 7.9, 8.0]
['2017-10-17', 8.1, 8.25, 7.9, 8.1]
['2017-10-18', 8.2, 8.2, 7.5, 7.55]
['2017-10-19', 7.55, 7.75, 7.25, 7.5]
['2017-10-20', 7.5, 7.725, 7.275, 7.7]
['2017-10-23', 7.75, 7.75, 7.4, 7.4]
['2017-10-24', 7.4, 7.75, 7.25, 7.35]
['2017-10-25', 7.25, 7.6, 7.25, 7.3]
['2017-10-26', 9.5, 10.9, 9.15, 10.05]
['2017-10-27', 10.15, 10.3, 10.0, 10.05]
['2017-10-30', 10.0, 10.85, 9.86, 10.25]
['2017-10-31', 10.3, 10.65, 9.55, 10.4]
['2017-11-01', 10.45, 10.55, 10.0, 10.3]
['2017-11-02', 10.3, 10.45, 10.1, 10.15]
['2017-11-03', 10.2, 13.15, 10.1, 12.9]
['2017-11-06', 12.35, 12.4, 10.714, 10.825]
['2017-11-07', 10.95, 11.25, 10.325, 10.425]
['2017-11-08', 10.5, 10.85, 10.35, 10.6]
['2017-11-09', 10.75, 10.75, 10.2, 10.3]
['2017-11-10', 10.4, 10.7, 10.3, 10.425]
['2017-11-13', 10.4, 10.65, 9.95, 10.1]
['2017-11-14', 10.05, 11.15, 10.05, 10.95]
['2017-11-15', 11.0, 11.0, 10.45, 10.65]
['2017-11-16', 10.7, 10.75, 10.35, 10.5]
['2017-11-17', 10.5, 10.55, 10.0, 10.15]
['2017-11-20', 10.15, 10.2, 9.7, 9.8]
['2017-11-21', 9.8, 9.85, 9.5, 9.8]
['2017-11-22', 9.8, 10.0, 9.45, 9.75]
['2017-11-24', 9.75, 9.85, 9.6, 9.7]
['2017-11-27', 9.7, 9.7, 9.405, 9.6]
['2017-11-28', 9.65, 10.0, 9.45, 9.95]
['2017-11-29', 9.9, 10.5, 9.7, 10.45]
['2017-11-30', 10.45, 10.6, 10.1, 10.3]
['2017-12-01', 10.25, 10.25, 9.55, 9.975]
['2017-12-04', 10.1, 10.1, 9.6, 9.7]
['2017-12-05', 9.8, 9.859, 8.85, 9.25]
['2017-12-06', 9.2, 9.35, 9.05, 9.25]
['2017-12-07', 9.25, 9.7, 9.25, 9.35]
['2017-12-08', 9.35, 9.95, 9.35, 9.9]
['2017-12-11', 9.9, 10.25, 9.8, 9.95]
['2017-12-12', 10.0, 10.2, 9.8, 9.95]
['2017-12-13', 9.95, 10.5, 9.95, 10.2]
['2017-12-14', 10.2, 10.35, 9.8, 9.85]
['2017-12-15', 9.85, 10.075, 9.8, 10.0]
['2017-12-18', 10.05, 10.105, 9.625, 9.7]
['2017-12-19', 9.7, 9.95, 9.6, 9.65]
['2017-12-20', 9.6, 10.0, 9.4, 9.5]
['2017-12-21', 9.55, 9.9, 9.45, 9.7]
['2017-12-22', 9.65, 9.9, 9.6, 9.75]
['2017-12-26', 9.8, 10.1, 9.75, 10.05]
['2017-12-27', 10.1, 10.113, 9.7, 9.8]
['2017-12-28', 9.8, 10.0, 9.7, 9.95]
['2017-12-29', 9.85, 10.25, 9.85, 10.2]
['2018-01-02', 10.45, 10.6, 10.05, 10.4]
['2018-01-03', 10.5, 10.5, 10.2, 10.45]
['2018-01-04', 10.45, 10.6, 10.25, 10.45]
['2018-01-05', 10.4, 10.6, 10.214, 10.35]
['2018-01-08', 10.35, 10.425, 10.05, 10.05]
['2018-01-09', 10.05, 10.5, 10.05, 10.25]
['2018-01-10', 10.25, 10.45, 10.0, 10.35]
['2018-01-11', 10.35, 10.6, 10.15, 10.4]
['2018-01-12', 10.4, 10.5, 10.3, 10.375]
['2018-01-16', 10.4, 10.525, 10.275, 10.5]
['2018-01-17', 10.5, 11.345, 10.45, 11.2]
['2018-01-18', 11.2, 11.25, 10.8, 11.0]
['2018-01-19', 10.9, 11.5, 10.805, 11.4]
['2018-01-22', 11.45, 11.69, 11.0, 11.0]
['2018-01-23', 11.0, 11.4, 10.9, 11.05]
['2018-01-24', 11.05, 11.5, 10.95, 11.1]
['2018-01-25', 11.1, 11.2, 11.0, 11.15]
['2018-01-26', 11.2, 11.3, 11.05, 11.2]
['2018-01-29', 11.2, 11.5, 11.1, 11.3]
['2018-01-30', 11.25, 11.25, 10.975, 11.1]
['2018-01-31', 10.65, 10.75, 10.15, 10.6]
['2018-02-01', 10.5, 10.7, 9.9, 10.0]
['2018-02-02', 10.0, 10.25, 9.7, 9.8]
['2018-02-05', 9.85, 10.0, 9.55, 9.65]
['2018-02-06', 9.5, 9.8, 9.25, 9.6]
['2018-02-07', 9.7, 9.95, 9.6, 9.7]
['2018-02-08', 9.65, 9.65, 9.2, 9.3]
['2018-02-09', 9.35, 9.35, 8.8, 9.1]
['2018-02-12', 9.2, 9.68, 9.2, 9.475]
['2018-02-13', 9.4, 9.6, 9.35, 9.5]
['2018-02-14', 9.5, 9.65, 9.25, 9.25]
['2018-02-15', 9.4, 9.5, 9.2, 9.35]
['2018-02-16', 9.4, 9.6, 9.2, 9.25]
['2018-02-20', 9.15, 9.45, 8.75, 8.95]
['2018-02-21', 8.95, 9.3, 8.75, 8.8]
['2018-02-22', 8.9, 9.05, 8.65, 8.7]
['2018-02-23', 8.75, 8.89, 8.5, 8.7]
['2018-02-26', 8.7, 9.095, 8.7, 8.85]
['2018-02-27', 8.8, 8.9, 8.65, 8.65]
['2018-02-28', 8.65, 8.725, 8.25, 8.3]
['2018-03-01', 8.3, 8.55, 8.15, 8.3]
['2018-03-02', 8.2, 8.55, 8.1, 8.45]
['2018-03-05', 8.5, 8.6, 8.25, 8.4]
['2018-03-06', 8.35, 8.5, 8.25, 8.35]
['2018-03-07', 8.35, 8.55, 8.3, 8.4]
['2018-03-08', 8.4, 8.6, 8.35, 8.55]
['2018-03-09', 8.6, 9.01, 8.45, 8.95]
['2018-03-12', 9.0, 9.05, 8.76, 9.0]
['2018-03-13', 9.0, 9.05, 8.65, 8.8]
['2018-03-14', 8.9, 9.1, 8.75, 8.9]
['2018-03-15', 9.2, 9.245, 8.8, 9.0]
['2018-03-16', 8.95, 9.0, 8.75, 8.85]
['2018-03-19', 8.75, 9.0, 8.61, 8.9]
['2018-03-20', 9.0, 9.05, 8.75, 8.95]
['2018-03-21', 8.95, 9.15, 8.85, 9.05]
['2018-03-22', 8.9, 9.0, 8.75, 8.85]
['2018-03-23', 8.85, 8.9, 8.7, 8.85]
['2018-03-26', 9.0, 9.2, 8.6, 8.7]
['2018-03-27', 8.65, 8.65, 8.0, 8.2]
['2018-03-28', 8.25, 8.39, 8.0, 8.05]
['2018-03-29', 8.05, 8.55, 7.919, 8.3]
['2018-04-02', 8.25, 8.35, 7.95, 8.15]
['2018-04-03', 8.25, 8.6, 8.15, 8.35]
['2018-04-04', 8.3, 8.6, 8.047, 8.45]
['2018-04-05', 8.55, 8.65, 8.25, 8.3]
['2018-04-06', 8.3, 8.5, 7.9, 8.15]
['2018-04-09', 8.2, 8.45, 8.1, 8.4]
['2018-04-10', 8.45, 8.55, 8.4, 8.4]
['2018-04-11', 8.35, 8.45, 8.3, 8.4]
['2018-04-12', 8.4, 8.58, 8.35, 8.45]
['2018-04-13', 8.55, 8.55, 8.15, 8.2]
['2018-04-16', 8.3, 8.45, 8.1, 8.35]
['2018-04-17', 8.4, 8.6, 8.4, 8.5]
['2018-04-18', 8.5, 8.65, 8.4, 8.5]
['2018-04-19', 8.55, 8.55, 8.1, 8.2]
['2018-04-20', 8.15, 8.4, 8.15, 8.2]
['2018-04-23', 8.3, 8.45, 8.1, 8.35]
['2018-04-24', 8.35, 8.7, 8.25, 8.4]
['2018-04-25', 8.4, 8.5, 8.3, 8.3]
['2018-04-26', 8.35, 8.5, 8.35, 8.5]
['2018-04-27', 8.5, 8.6, 8.3, 8.4]
['2018-04-30', 8.45, 8.45, 8.05, 8.3]
['2018-05-01', 8.3, 8.3, 8.125, 8.3]
['2018-05-02', 8.35, 8.45, 8.25, 8.3]
['2018-05-03', 8.3, 8.3, 8.1, 8.2]
['2018-05-04', 8.2, 8.35, 8.1, 8.225]
['2018-05-07', 8.2, 8.3, 7.923, 7.975]
['2018-05-08', 8.0, 8.1, 7.9, 7.9]
['2018-05-09', 7.95, 8.445, 7.9, 7.9]
['2018-05-10', 7.95, 8.0, 7.55, 7.6]
['2018-05-11', 7.6, 7.775, 7.15, 7.35]
['2018-05-14', 7.35, 7.55, 7.25, 7.35]
['2018-05-15', 7.45, 7.55, 7.35, 7.4]
['2018-05-16', 7.65, 7.65, 7.45, 7.6]
['2018-05-17', 7.6, 7.7, 7.45, 7.55]
['2018-05-18', 7.6, 7.7, 7.55, 7.6]
['2018-05-21', 7.75, 7.75, 7.175, 7.25]
['2018-05-22', 7.4, 7.4, 7.05, 7.1]
['2018-05-23', 7.0, 7.4, 7.0, 7.15]
['2018-05-24', 7.15, 7.3, 6.95, 7.05]
['2018-05-25', 7.05, 7.05, 6.8, 6.9]
['2018-05-29', 6.9, 6.95, 6.7, 6.8]
['2018-05-30', 7.0, 7.021, 6.75, 6.85]
['2018-05-31', 6.8, 6.9, 6.75, 6.75]
['2018-06-01', 6.85, 6.9, 6.65, 6.75]
['2018-06-04', 6.8, 7.0, 6.6, 6.6]
['2018-06-05', 6.65, 6.85, 6.6, 6.75]
['2018-06-06', 6.75, 6.85, 6.35, 6.4]
['2018-06-07', 6.5, 6.6, 6.039, 6.45]
['2018-06-08', 6.4, 6.85, 6.363, 6.5]
['2018-06-11', 6.6, 6.75, 6.25, 6.45]
['2018-06-12', 6.6, 6.75, 6.475, 6.7]
['2018-06-13', 6.95, 7.05, 6.65, 6.7]
['2018-06-14', 6.8, 6.9, 6.5, 6.8]
['2018-06-15', 6.85, 6.875, 6.65, 6.7]
['2018-06-18', 6.7, 6.75, 6.6, 6.65]
['2018-06-19', 6.65, 6.8, 6.4, 6.45]
['2018-06-20', 6.45, 6.65, 6.4, 6.6]
['2018-06-21', 6.5, 6.65, 6.4, 6.45]
['2018-06-22', 6.5, 6.5, 6.25, 6.4]
['2018-06-25', 6.5, 6.5, 6.26, 6.4]
['2018-06-26', 6.45, 6.45, 5.95, 6.3]
['2018-06-27', 6.25, 6.25, 6.15, 6.2]
['2018-06-28', 6.15, 6.35, 6.15, 6.25]
['2018-06-29', 6.25, 6.35, 6.0, 6.25]
['2018-07-02', 6.2, 6.2, 6.0, 6.05]
['2018-07-03', 6.1, 6.175, 5.8, 5.85]
['2018-07-05', 5.9, 6.3, 5.9, 6.2]
['2018-07-06', 6.2, 6.25, 5.95, 6.2]
['2018-07-09', 6.3, 6.35, 6.15, 6.275]
['2018-07-10', 6.3, 6.309, 6.15, 6.2]
['2018-07-11', 6.15, 6.25, 6.1, 6.225]
['2018-07-12', 6.3, 6.55, 6.1, 6.5]
['2018-07-13', 6.6, 6.94, 6.4, 6.65]
['2018-07-16', 6.6, 6.6, 6.35, 6.45]
['2018-07-17', 6.45, 6.45, 6.2, 6.35]
['2018-07-18', 6.4, 6.4, 6.1, 6.2]
['2018-07-19', 6.15, 6.25, 6.05, 6.1]
['2018-07-20', 6.1, 6.3, 6.06, 6.15]
['2018-07-23', 6.2, 6.2, 6.05, 6.1]
['2018-07-24', 6.1, 6.2, 6.05, 6.05]
['2018-07-25', 6.15, 6.2, 6.0, 6.05]
['2018-07-26', 6.15, 6.2, 5.95, 6.0]
['2018-07-27', 5.95, 5.95, 5.7, 5.75]
['2018-07-30', 5.85, 5.85, 5.475, 5.55]
['2018-07-31', 5.65, 5.75, 5.3, 5.45]
['2018-08-01', 5.4, 5.7, 5.4, 5.7]
['2018-08-02', 5.65, 6.05, 5.65, 5.8]
['2018-08-03', 5.75, 5.9, 5.6, 5.6]
['2018-08-06', 5.9, 5.925, 5.6, 5.7]
['2018-08-07', 5.7, 5.85, 5.7, 5.8]
['2018-08-08', 6.0, 6.15, 5.8, 6.05]
['2018-08-09', 6.1, 6.1, 5.811, 6.1]
['2018-08-10', 6.05, 6.3, 5.95, 6.25]
['2018-08-13', 6.3, 6.3, 6.05, 6.1]
['2018-08-14', 6.1, 6.25, 5.9, 5.95]
['2018-08-15', 5.9, 5.9, 5.35, 5.4]
['2018-08-16', 5.45, 5.85, 5.3, 5.8]
['2018-08-17', 5.75, 5.875, 5.6, 5.7]
['2018-08-20', 5.7, 5.9, 5.4, 5.5]
['2018-08-21', 5.45, 5.55, 5.125, 5.5]
['2018-08-22', 5.5, 5.55, 5.31, 5.35]
['2018-08-23', 5.4, 5.6, 5.2, 5.25]
['2018-08-24', 5.25, 5.5, 5.22, 5.35]
['2018-08-27', 5.4, 5.65, 5.325, 5.625]
['2018-08-28', 5.6, 5.662, 5.4, 5.45]
['2018-08-29', 5.4, 5.6, 5.4, 5.5]
['2018-08-30', 5.5, 5.575, 5.35, 5.5]
['2018-08-31', 5.55, 5.8, 5.55, 5.75]
['2018-09-04', 5.75, 6.0, 5.4, 5.6]
['2018-09-05', 5.55, 5.55, 5.25, 5.4]
['2018-09-06', 5.4, 5.75, 5.3, 5.4]
['2018-09-07', 5.35, 5.775, 5.35, 5.7]
['2018-09-10', 5.75, 5.95, 5.4, 5.45]
['2018-09-11', 5.45, 5.5, 5.195, 5.35]
['2018-09-12', 5.35, 5.6, 5.35, 5.5]
['2018-09-13', 5.5, 5.7, 5.35, 5.4]
['2018-09-14', 5.45, 5.45, 5.1, 5.2]
['2018-09-17', 5.2, 5.25, 4.955, 5.1]
['2018-09-18', 5.0, 5.1, 4.85, 4.95]
['2018-09-19', 4.95, 5.0, 4.9, 4.9]
['2018-09-20', 4.95, 5.1, 4.9, 5.0]
['2018-09-21', 4.95, 5.2, 4.95, 5.0]
['2018-09-24', 5.0, 5.075, 4.75, 4.9]
['2018-09-25', 4.9, 5.0, 4.8, 4.8]
['2018-09-26', 4.85, 4.925, 4.61, 4.85]
['2018-09-27', 4.85, 4.875, 4.75, 4.8]
['2018-09-28', 4.75, 4.85, 4.65, 4.85]
['2018-10-01', 4.86, 4.93, 4.64, 4.76]
['2018-10-02', 4.78, 4.78, 4.6, 4.75]
['2018-10-03', 4.7, 4.82, 4.61, 4.67]
['2018-10-04', 4.69, 4.78, 4.284, 4.45]
['2018-10-05', 4.44, 4.44, 4.2, 4.3]
['2018-10-08', 4.27, 4.32, 4.175, 4.18]
['2018-10-09', 4.16, 4.27, 4.15, 4.16]
['2018-10-10', 4.16, 4.181, 4.01, 4.05]
['2018-10-11', 4.04, 4.16, 3.87, 4.01]
['2018-10-12', 4.12, 4.24, 3.966, 4.15]
['2018-10-15', 4.15, 4.18, 4.06, 4.08]
['2018-10-16', 4.1, 4.1, 3.97, 4.05]
['2018-10-17', 4.0, 4.41, 4.0, 4.26]
['2018-10-18', 4.22, 4.359, 4.0, 4.04]
['2018-10-19', 4.04, 4.24, 4.04, 4.15]
['2018-10-22', 4.13, 4.15, 3.97, 4.11]
['2018-10-23', 4.04, 4.33, 4.014, 4.23]
['2018-10-24', 4.23, 4.37, 4.052, 4.16]
['2018-10-25', 4.16, 4.22, 3.92, 4.01]
['2018-10-26', 3.95, 3.99, 3.7, 3.74]
['2018-10-29', 3.78, 3.9, 3.6, 3.7]
['2018-10-30', 3.7, 3.7, 3.35, 3.37]
['2018-10-31', 3.36, 3.46, 3.08, 3.13]
['2018-11-01', 3.14, 3.25, 2.935, 3.12]
['2018-11-02', 3.14, 3.23, 2.845, 2.87]
['2018-11-05', 2.9, 3.03, 2.675, 2.68]
['2018-11-06', 2.37, 2.72, 2.27, 2.6]
['2018-11-07', 2.74, 2.83, 2.62, 2.81]
['2018-11-08', 2.81, 2.81, 2.56, 2.58]
['2018-11-09', 2.64, 2.86, 2.56, 2.59]
['2018-11-12', 2.57, 2.636, 2.41, 2.45]
['2018-11-13', 2.44, 2.49, 2.24, 2.24]
['2018-11-14', 2.24, 2.315, 2.04, 2.05]
['2018-11-15', 2.06, 2.18, 1.92, 2.13]
['2018-11-16', 2.11, 2.15, 1.95, 1.95]
['2018-11-19', 1.9, 1.997, 1.86, 1.89]
['2018-11-20', 1.85, 1.89, 1.651, 1.74]
['2018-11-21', 1.74, 1.95, 1.74, 1.81]
['2018-11-23', 1.79, 1.87, 1.73, 1.82]
['2018-11-26', 1.82, 1.85, 1.73, 1.76]
['2018-11-27', 1.73, 1.8, 1.7, 1.72]
['2018-11-28', 1.71, 2.0, 1.705, 1.93]
['2018-11-29', 1.92, 1.94, 1.81, 1.84]
['2018-11-30', 1.84, 1.97, 1.8, 1.96]
['2018-12-03', 1.98, 2.26, 1.92, 2.22]
['2018-12-04', 2.21, 2.22, 2.01, 2.09]
['2018-12-06', 2.08, 2.225, 2.0, 2.03]
['2018-12-07', 2.05, 2.15, 1.91, 2.0]
['2018-12-10', 2.05, 2.16, 1.94, 2.11]
['2018-12-11', 2.22, 2.5, 2.02, 2.03]
['2018-12-12', 2.05, 2.215, 2.0, 2.04]
['2018-12-13', 2.04, 2.105, 2.0, 2.0]
['2018-12-14', 2.01, 2.11, 1.98, 2.1]
['2018-12-17', 2.07, 2.09, 1.95, 1.96]
['2018-12-18', 1.97, 2.01, 1.742, 1.85]
['2018-12-19', 1.82, 1.964, 1.77, 1.88]
['2018-12-20', 1.86, 1.885, 1.65, 1.75]
['2018-12-21', 1.76, 1.82, 1.535, 1.62]
['2018-12-24', 1.59, 1.62, 1.53, 1.58]
['2018-12-26', 1.65, 1.692, 1.4, 1.57]
['2018-12-27', 1.5, 1.59, 1.49, 1.57]
['2018-12-28', 1.6, 1.71, 1.529, 1.67]
['2018-12-31', 1.67, 1.717, 1.53, 1.65]
['2019-01-02', 1.62, 1.94, 1.55, 1.91]
['2019-01-03', 1.88, 1.94, 1.8, 1.81]
['2019-01-04', 1.9, 2.26, 1.9, 2.25]
['2019-01-07', 2.27, 2.5, 2.12, 2.37]
['2019-01-08', 2.42, 2.42, 2.26, 2.34]
['2019-01-09', 2.33, 2.36, 2.28, 2.31]
['2019-01-10', 2.31, 2.37, 2.28, 2.3]
['2019-01-11', 2.31, 2.51, 2.3, 2.41]
['2019-01-14', 2.39, 2.39, 2.21, 2.27]
['2019-01-15', 2.35, 2.35, 2.26, 2.31]
['2019-01-16', 2.37, 2.48, 2.14, 2.2]
['2019-01-17', 2.21, 2.22, 2.05, 2.08]
['2019-01-18', 2.09, 2.14, 1.97, 2.05]
['2019-01-22', 2.09, 2.09, 1.9, 2.03]
['2019-01-23', 2.03, 2.05, 1.85, 2.01]
['2019-01-24', 2.03, 2.04, 1.97, 2.02]
['2019-01-25', 2.03, 2.17, 2.0, 2.16]
['2019-01-28', 2.16, 2.24, 2.06, 2.11]
['2019-01-29', 2.15, 2.184, 2.01, 2.03]
['2019-01-30', 2.05, 2.18, 2.05, 2.1]
['2019-01-31', 2.1, 2.187, 2.02, 2.14]
['2019-02-01', 2.15, 2.16, 2.01, 2.11]
['2019-02-04', 2.13, 2.19, 2.05, 2.15]
['2019-02-05', 2.17, 2.3, 2.1, 2.14]
['2019-02-06', 2.14, 2.27, 2.14, 2.2]
['2019-02-07', 2.19, 2.24, 2.1, 2.17]
['2019-02-08', 2.16, 2.31, 2.14, 2.2]
['2019-02-11', 2.23, 2.29, 2.16, 2.2]
['2019-02-12', 2.24, 2.24, 2.18, 2.2]
['2019-02-13', 2.23, 2.31, 2.2, 2.24]
['2019-02-14', 2.27, 2.34, 2.25, 2.3]
['2019-02-15', 2.33, 2.6, 2.3, 2.4]
['2019-02-19', 2.47, 2.64, 2.4, 2.46]
['2019-02-20', 2.47, 2.498, 2.32, 2.39]
['2019-02-21', 2.41, 2.49, 2.26, 2.36]
['2019-02-22', 2.37, 2.5, 2.33, 2.48]
['2019-02-25', 2.5, 2.51, 2.44, 2.44]
['2019-02-26', 2.45, 2.54, 2.365, 2.45]
['2019-02-27', 2.44, 2.455, 2.37, 2.4]
['2019-02-28', 2.4, 2.41, 2.25, 2.29]
['2019-03-01', 2.3, 2.35, 2.26, 2.31]
['2019-03-04', 2.34, 2.36, 2.2, 2.22]
['2019-03-05', 2.22, 2.22, 2.091, 2.18]
['2019-03-06', 2.21, 2.25, 2.08, 2.13]
['2019-03-07', 2.14, 2.22, 2.05, 2.16]
['2019-03-08', 2.12, 2.17, 2.11, 2.13]
['2019-03-11', 2.13, 2.19, 1.92, 2.14]
['2019-03-12', 2.17, 2.22, 2.05, 2.09]
['2019-03-13', 2.13, 2.27, 2.06, 2.22]
['2019-03-14', 2.38, 2.8, 2.274, 2.59]
['2019-03-15', 2.59, 2.69, 2.45, 2.68]
['2019-03-18', 2.54, 2.89, 2.42, 2.74]
['2019-03-19', 2.76, 2.99, 2.7, 2.92]
['2019-03-20', 2.92, 3.21, 2.91, 3.14]
['2019-03-21', 3.21, 3.62, 3.2, 3.34]
['2019-03-22', 3.33, 3.38, 3.1, 3.28]
['2019-03-25', 3.23, 3.25, 2.7, 2.86]
['2019-03-26', 2.9, 3.13, 2.84, 3.01]
['2019-03-27', 3.04, 3.04, 2.71, 2.77]
['2019-03-28', 2.77, 2.87, 2.72, 2.75]
['2019-03-29', 2.75, 2.86, 2.59, 2.61]
['2019-04-01', 2.65, 2.71, 2.55, 2.56]
['2019-04-02', 2.55, 2.63, 2.47, 2.51]
['2019-04-03', 2.54, 2.75, 2.49, 2.55]
['2019-04-04', 2.56, 2.6, 2.355, 2.4]
['2019-04-05', 2.43, 2.48, 2.32, 2.43]
['2019-04-08', 2.44, 2.53, 2.43, 2.49]
['2019-04-09', 2.5, 2.55, 2.38, 2.39]
['2019-04-10', 2.38, 2.41, 2.2, 2.29]
['2019-04-11', 2.27, 2.37, 2.2, 2.22]
['2019-04-12', 2.2, 2.29, 2.16, 2.22]
['2019-04-15', 2.2, 2.2, 2.01, 2.05]
['2019-04-16', 2.05, 2.151, 2.05, 2.12]
['2019-04-17', 2.14, 2.17, 2.0, 2.01]
['2019-04-18', 2.0, 2.13, 1.93, 1.96]
['2019-04-22', 1.98, 2.07, 1.93, 2.02]
['2019-04-23', 2.07, 2.36, 2.04, 2.32]
['2019-04-24', 2.31, 2.325, 2.21, 2.23]
['2019-04-25', 2.21, 2.26, 2.14, 2.24]
['2019-04-26', 2.24, 2.38, 2.15, 2.36]
['2019-04-29', 2.36, 2.45, 2.307, 2.42]
['2019-04-30', 2.41, 2.42, 2.29, 2.41]
['2019-05-01', 2.4, 2.43, 2.34, 2.43]
['2019-05-02', 2.43, 2.45, 2.31, 2.36]
['2019-05-03', 2.32, 2.37, 2.31, 2.35]
['2019-05-06', 2.35, 2.41, 2.3, 2.34]
['2019-05-07', 2.31, 2.33, 2.18, 2.25]
['2019-05-08', 2.24, 2.264, 2.07, 2.08]
['2019-05-09', 2.2, 2.3, 2.0, 2.13]
['2019-05-10', 2.1, 2.19, 2.02, 2.07]
['2019-05-13', 2.05, 2.11, 1.86, 1.88]
['2019-05-14', 1.88, 1.91, 1.85, 1.88]
['2019-05-15', 1.87, 1.87, 1.77, 1.79]
['2019-05-16', 1.79, 1.86, 1.76, 1.8]
['2019-05-17', 1.78, 1.78, 1.67, 1.7]
['2019-05-20', 1.69, 1.8, 1.64, 1.7]
['2019-05-21', 1.75, 1.79, 1.67, 1.76]
['2019-05-22', 1.77, 1.858, 1.63, 1.67]
['2019-05-23', 1.64, 1.68, 1.6, 1.63]
['2019-05-24', 1.65, 1.68, 1.59, 1.61]
['2019-05-28', 1.62, 1.67, 1.45, 1.49]
['2019-05-29', 1.49, 1.49, 1.415, 1.43]
['2019-05-30', 1.44, 1.45, 1.35, 1.4]
['2019-05-31', 1.38, 1.46, 1.33, 1.43]
['2019-06-03', 1.43, 1.44, 1.37, 1.41]
['2019-06-04', 1.42, 1.46, 1.41, 1.43]
['2019-06-05', 1.43, 1.44, 1.36, 1.39]
['2019-06-06', 1.38, 1.39, 1.31, 1.34]
['2019-06-07', 1.34, 1.37, 1.29, 1.34]
['2019-06-10', 1.34, 1.45, 1.33, 1.45]
['2019-06-11', 1.44, 1.45, 1.35, 1.39]
['2019-06-12', 1.4, 1.46, 1.35, 1.41]
['2019-06-13', 1.41, 1.46, 1.39, 1.44]
['2019-06-14', 1.43, 1.44, 1.34, 1.36]
['2019-06-17', 1.36, 1.42, 1.34, 1.36]
['2019-06-18', 1.36, 1.44, 1.3, 1.33]
['2019-06-19', 1.34, 1.4, 1.288, 1.3]
['2019-06-20', 1.33, 1.37, 1.25, 1.26]
['2019-06-21', 1.25, 1.28, 1.13, 1.17]
['2019-06-24', 1.18, 1.23, 1.14, 1.17]
['2019-06-25', 1.16, 1.3, 1.15, 1.23]
['2019-06-26', 1.25, 1.367, 1.24, 1.24]
['2019-06-27', 1.26, 1.32, 1.18, 1.21]
['2019-06-28', 1.25, 1.3, 1.17, 1.29]
['2019-07-01', 1.32, 1.4, 1.29, 1.36]
['2019-07-02', 1.37, 1.4, 1.29, 1.34]
['2019-07-03', 1.36, 1.42, 1.35, 1.4]
['2019-07-05', 1.39, 1.47, 1.35, 1.43]
['2019-07-08', 1.41, 1.43, 1.37, 1.38]
['2019-07-09', 1.38, 1.68, 1.37, 1.67]
['2019-07-10', 1.67, 1.672, 1.558, 1.56]
['2019-07-11', 1.56, 1.56, 1.45, 1.46]
['2019-07-12', 1.48, 1.48, 1.43, 1.45]
['2019-07-15', 1.46, 1.51, 1.4, 1.42]
['2019-07-16', 1.43, 1.45, 1.36, 1.37]
['2019-07-17', 1.39, 1.47, 1.33, 1.42]
['2019-07-18', 1.42, 1.42, 1.4, 1.41]
['2019-07-19', 1.41, 1.44, 1.4, 1.41]
['2019-07-22', 1.39, 1.43, 1.3, 1.32]
['2019-07-23', 1.34, 1.38, 1.32, 1.33]
['2019-07-24', 1.34, 1.38, 1.272, 1.36]
['2019-07-25', 1.36, 1.36, 1.34, 1.34]
['2019-07-26', 1.35, 1.37, 1.28, 1.28]
['2019-07-29', 1.3, 1.38, 1.23, 1.26]
['2019-07-30', 1.27, 1.31, 1.27, 1.29]
['2019-07-31', 1.305, 1.34, 1.26, 1.26]
['2019-08-01', 1.26, 1.4, 1.24, 1.36]
['2019-08-02', 1.36, 1.4, 1.28, 1.33]
['2019-08-05', 1.3, 1.35, 1.25, 1.3]
['2019-08-06', 1.31, 1.35, 1.15, 1.2]
['2019-08-07', 1.21, 1.48, 1.19, 1.46]
['2019-08-08', 1.51, 1.7, 1.51, 1.66]
['2019-08-09', 1.66, 1.95, 1.65, 1.82]
['2019-08-12', 1.8, 1.8, 1.62, 1.74]
['2019-08-13', 1.72, 1.74, 1.665, 1.71]
['2019-08-14', 1.65, 1.73, 1.6, 1.7]
['2019-08-15', 1.71, 1.78, 1.7, 1.76]
['2019-08-16', 1.76, 1.93, 1.68, 1.85]
['2019-08-19', 1.87, 1.97, 1.83, 1.87]
['2019-08-20', 1.86, 1.95, 1.81, 1.89]
['2019-08-21', 1.94, 2.15, 1.83, 1.855]
['2019-08-22', 1.86, 2.12, 1.86, 1.91]
['2019-08-23', 1.91, 2.0, 1.86, 1.87]
['2019-08-26', 1.94, 1.955, 1.82, 1.92]
['2019-08-27', 1.94, 1.97, 1.8, 1.87]
['2019-08-28', 1.805, 1.9, 1.8, 1.85]
['2019-08-29', 1.87, 1.98, 1.83, 1.95]
['2019-08-30', 2.0, 2.05, 1.86, 1.91]
['2019-09-03', 1.91, 1.91, 1.82, 1.87]
['2019-09-04', 1.87, 1.93, 1.82, 1.91]
['2019-09-05', 1.94, 1.98, 1.85, 1.9]
['2019-09-06', 1.9, 1.95, 1.8, 1.84]
['2019-09-09', 1.86, 1.92, 1.74, 1.74]
['2019-09-10', 1.74, 1.885, 1.7, 1.85]
['2019-09-11', 1.85, 1.9, 1.78, 1.85]
['2019-09-12', 1.85, 1.95, 1.83, 1.88]
['2019-09-13', 1.9, 1.92, 1.83, 1.87]
['2019-09-16', 1.88, 1.93, 1.84, 1.9]
['2019-09-17', 1.9, 1.96, 1.84, 1.9]
['2019-09-18', 1.9, 1.9, 1.8, 1.8]
['2019-09-19', 1.81, 1.86, 1.72, 1.73]
['2019-09-20', 1.74, 1.77, 1.62, 1.7]
['2019-09-23', 1.7, 1.79, 1.64, 1.66]
['2019-09-24', 1.66, 1.7, 1.57, 1.64]
['2019-09-25', 1.65, 1.7, 1.59, 1.64]
['2019-09-26', 1.69, 1.69, 1.54, 1.59]
['2019-09-27', 1.584, 1.61, 1.5, 1.52]
['2019-09-30', 1.53, 1.62, 1.48, 1.48]
['2019-10-01', 1.48, 1.5, 1.35, 1.39]
['2019-10-02', 1.38, 1.5, 1.334, 1.46]
['2019-10-03', 1.47, 1.49, 1.36, 1.43]
['2019-10-04', 1.42, 1.46, 1.36, 1.4]
['2019-10-07', 1.37, 1.45, 1.37, 1.41]
['2019-10-08', 1.41, 1.44, 1.37, 1.43]
['2019-10-09', 1.43, 1.48, 1.43, 1.47]
['2019-10-10', 1.48, 1.485, 1.46, 1.46]
['2019-10-11', 1.47, 1.48, 1.4, 1.42]
['2019-10-14', 1.41, 1.43, 1.36, 1.37]
['2019-10-15', 1.38, 1.42, 1.37, 1.4]
['2019-10-16', 1.4, 1.43, 1.38, 1.4]
['2019-10-17', 1.4, 1.48, 1.4, 1.42]
['2019-10-18', 1.43, 1.43, 1.38, 1.39]
['2019-10-21', 1.41, 1.46, 1.4, 1.44]
['2019-10-22', 1.44, 1.45, 1.4, 1.4]
['2019-10-23', 1.4, 1.445, 1.4, 1.44]
['2019-10-24', 1.43, 1.56, 1.41, 1.55]
['2019-10-25', 1.55, 1.65, 1.51, 1.54]
['2019-10-28', 1.55, 1.61, 1.46, 1.46]
['2019-10-29', 1.46, 1.54, 1.46, 1.46]
['2019-10-30', 1.47, 1.49, 1.42, 1.47]
['2019-10-31', 1.47, 1.5, 1.44, 1.48]
['2019-11-01', 1.48, 1.5, 1.45, 1.49]
['2019-11-04', 1.49, 1.55, 1.47, 1.54]
['2019-11-05', 1.54, 1.58, 1.52, 1.54]
['2019-11-06', 1.53, 1.56, 1.5, 1.51]
['2019-11-07', 1.5, 1.58, 1.48, 1.54]
['2019-11-08', 1.6, 1.86, 1.56, 1.715]
['2019-11-11', 1.76, 1.84, 1.59, 1.66]
['2019-11-12', 1.63, 1.67, 1.58, 1.58]
['2019-11-13', 1.59, 1.61, 1.57, 1.58]
['2019-11-14', 1.58, 1.6, 1.51, 1.56]
['2019-11-15', 1.56, 1.58, 1.52, 1.54]
['2019-11-18', 1.543, 1.543, 1.48, 1.51]
['2019-11-19', 1.49, 1.56, 1.48, 1.54]
['2019-11-20', 1.55, 1.59, 1.52, 1.565]
['2019-11-21', 1.56, 1.58, 1.5, 1.53]
['2019-11-22', 1.528, 1.56, 1.5, 1.51]
['2019-11-25', 1.54, 1.57, 1.51, 1.57]
['2019-11-26', 1.54, 1.58, 1.5, 1.5]
['2019-11-27', 1.51, 1.55, 1.5, 1.54]
['2019-11-29', 1.53, 1.67, 1.53, 1.66]
['2019-12-02', 1.65, 1.69, 1.54, 1.585]
['2019-12-03', 1.59, 1.61, 1.52, 1.58]
['2019-12-04', 1.58, 1.62, 1.55, 1.58]
['2019-12-05', 1.62, 1.62, 1.52, 1.55]
['2019-12-06', 1.56, 1.6, 1.46, 1.46]
['2019-12-09', 1.43, 1.52, 1.4, 1.5]
['2019-12-10', 1.513, 1.513, 1.43, 1.49]
['2019-12-11', 1.5, 1.52, 1.44, 1.48]
['2019-12-12', 1.49, 1.5, 1.44, 1.48]
['2019-12-13', 1.47, 1.52, 1.47, 1.49]
['2019-12-16', 1.49, 1.57, 1.49, 1.5]
['2019-12-17', 1.5, 1.523, 1.47, 1.5]
['2019-12-18', 1.5, 1.51, 1.45, 1.47]
['2019-12-19', 1.47, 1.5, 1.44, 1.47]
['2019-12-20', 1.5, 1.5, 1.37, 1.42]
['2019-12-23', 1.42, 1.52, 1.42, 1.49]
['2019-12-24', 1.47, 1.52, 1.45, 1.51]
['2019-12-26', 1.5, 1.58, 1.5, 1.58]
['2019-12-27', 1.58, 1.59, 1.499, 1.56]
['2019-12-30', 1.54, 1.55, 1.434, 1.52]
['2019-12-31', 1.46, 1.55, 1.453, 1.51]
['2020-01-02', 1.53, 1.56, 1.44, 1.45]
['2020-01-03', 1.46, 1.46, 1.4, 1.4]
['2020-01-06', 1.41, 1.44, 1.35, 1.42]
['2020-01-07', 1.41, 1.42, 1.35, 1.38]
['2020-01-08', 1.39, 1.39, 1.35, 1.36]
['2020-01-09', 1.38, 1.38, 1.35, 1.37]
['2020-01-10', 1.38, 1.43, 1.35, 1.38]
['2020-01-13', 1.38, 1.47, 1.38, 1.43]
['2020-01-14', 1.43, 1.53, 1.43, 1.48]
['2020-01-15', 1.49, 1.55, 1.48, 1.54]
['2020-01-16', 1.55, 1.58, 1.54, 1.58]
['2020-01-17', 1.59, 1.6, 1.571, 1.6]
['2020-01-21', 1.59, 1.61, 1.55, 1.6]
['2020-01-22', 1.61, 1.85, 1.59, 1.72]
['2020-01-23', 1.71, 1.83, 1.63, 1.75]
['2020-01-24', 1.76, 1.81, 1.71, 1.76]
['2020-01-27', 1.79, 1.94, 1.71, 1.88]
['2020-01-28', 1.94, 1.98, 1.77, 1.78]
['2020-01-29', 1.76, 1.81, 1.71, 1.73]
['2020-01-30', 1.73, 1.74, 1.62, 1.62]
['2020-01-31', 1.62, 1.66, 1.52, 1.59]
['2020-02-03', 1.6, 1.67, 1.6, 1.62]
['2020-02-04', 1.65, 1.66, 1.44, 1.58]
['2020-02-05', 1.58, 1.64, 1.5, 1.56]
['2020-02-06', 1.59, 1.62, 1.54, 1.6]
['2020-02-07', 1.6, 1.62, 1.44, 1.46]
['2020-02-10', 1.46, 1.54, 1.45, 1.5]
['2020-02-11', 1.5, 1.62, 1.467, 1.58]
['2020-02-12', 1.61, 1.64, 1.59, 1.61]
['2020-02-13', 1.6, 1.62, 1.55, 1.55]
['2020-02-14', 1.56, 1.6, 1.51, 1.56]
['2020-02-18', 1.56, 1.71, 1.56, 1.7]
['2020-02-19', 1.7, 1.84, 1.55, 1.59]
['2020-02-20', 1.59, 1.67, 1.59, 1.64]
['2020-02-21', 1.64, 1.704, 1.61, 1.64]
['2020-02-24', 1.61, 1.63, 1.54, 1.56]
['2020-02-25', 1.57, 1.62, 1.48, 1.52]
['2020-02-26', 1.53, 1.58, 1.507, 1.57]
['2020-02-27', 1.57, 1.58, 1.45, 1.54]
['2020-02-28', 1.51, 1.56, 1.44, 1.54]
['2020-03-02', 1.54, 1.54, 1.44, 1.49]
['2020-03-03', 1.5, 1.54, 1.49, 1.5]
['2020-03-04', 1.51, 1.54, 1.49, 1.5]
['2020-03-05', 1.49, 1.5, 1.34, 1.41]
['2020-03-06', 1.42, 1.463, 1.38, 1.39]
['2020-03-09', 1.3, 1.39, 1.25, 1.34]
['2020-03-10', 1.4, 1.43, 1.32, 1.36]
['2020-03-11', 1.36, 1.43, 1.3, 1.38]
['2020-03-12', 1.35, 1.36, 1.088, 1.22]
['2020-03-13', 1.0, 1.16, 0.839, 0.91]
['2020-03-16', 0.84, 0.9, 0.642, 0.7]
['2020-03-17', 0.725, 0.78, 0.69, 0.755]
['2020-03-18', 0.75, 0.768, 0.6, 0.693]
['2020-03-19', 0.74, 0.75, 0.62, 0.75]
['2020-03-20', 0.755, 0.784, 0.68, 0.7]
['2020-03-23', 0.68, 0.72, 0.63, 0.7]
['2020-03-24', 0.69, 0.767, 0.69, 0.751]
['2020-03-25', 0.8, 0.846, 0.72, 0.8]
['2020-03-26', 0.8, 0.864, 0.754, 0.82]
['2020-03-27', 0.844, 0.85, 0.794, 0.8]
['2020-03-30', 0.82, 0.842, 0.72, 0.75]
['2020-03-31', 0.755, 0.785, 0.69, 0.75]
['2020-04-01', 0.77, 0.78, 0.705, 0.718]
['2020-04-02', 0.74, 0.771, 0.691, 0.699]
['2020-04-03', 0.704, 0.77, 0.66, 0.714]
['2020-04-06', 0.75, 0.796, 0.71, 0.78]
['2020-04-07', 0.8, 0.838, 0.77, 0.773]
['2020-04-08', 0.78, 0.88, 0.77, 0.842]
['2020-04-09', 0.912, 0.959, 0.84, 0.89]
['2020-04-13', 0.93, 0.94, 0.89, 0.9]
['2020-04-14', 0.916, 1.06, 0.89, 0.984]
['2020-04-15', 0.98, 1.02, 0.95, 0.95]
['2020-04-16', 0.95, 1.02, 0.925, 0.959]
['2020-04-17', 1.0, 1.028, 0.965, 1.0]
['2020-04-20', 0.99, 0.99, 0.92, 0.92]
['2020-04-21', 0.927, 0.95, 0.84, 0.869]
['2020-04-22', 0.93, 0.944, 0.77, 0.841]
['2020-04-23', 0.848, 0.93, 0.793, 0.86]
['2020-04-24', 0.939, 0.94, 0.845, 0.852]
['2020-04-27', 0.85, 0.85, 0.76, 0.76]
['2020-04-28', 0.761, 0.81, 0.76, 0.8]
['2020-04-29', 0.83, 0.88, 0.81, 0.88]
['2020-04-30', 0.88, 0.88, 0.82, 0.826]
['2020-05-01', 0.83, 0.85, 0.75, 0.75]
['2020-05-04', 0.75, 0.83, 0.75, 0.76]
['2020-05-05', 0.8, 0.8, 0.75, 0.76]
['2020-05-06', 0.767, 0.807, 0.75, 0.755]
['2020-05-07', 0.769, 0.82, 0.76, 0.808]
['2020-05-08', 0.82, 0.85, 0.8, 0.815]
['2020-05-11', 0.813, 0.91, 0.79, 0.9]
['2020-05-12', 0.86, 0.87, 0.79, 0.84]
['2020-05-13', 0.83, 0.83, 0.71, 0.725]
['2020-05-14', 0.72, 0.731, 0.661, 0.69]
['2020-05-15', 0.65, 0.71, 0.65, 0.706]
['2020-05-18', 0.706, 0.78, 0.701, 0.75]
['2020-05-19', 0.764, 0.78, 0.745, 0.75]
['2020-05-20', 0.8, 0.8, 0.74, 0.75]
['2020-05-21', 0.75, 0.78, 0.71, 0.731]
['2020-05-22', 0.75, 0.77, 0.711, 0.73]
['2020-05-26', 0.755, 0.755, 0.72, 0.745]
['2020-05-27', 0.739, 0.75, 0.7, 0.71]
['2020-05-28', 0.73, 0.75, 0.692, 0.692]
['2020-05-29', 0.691, 0.72, 0.671, 0.71]
