['2014-07-01', 6.0, 6.38, 6.0, 6.05]
['2014-07-02', 6.1, 6.15, 6.0, 6.0]
['2014-07-03', 6.03, 6.22, 6.0, 6.13]
['2014-07-07', 6.24, 6.24, 5.75, 5.9]
['2014-07-08', 5.8, 6.08, 5.8, 5.97]
['2014-07-09', 5.93, 6.06, 5.93, 5.93]
['2014-07-10', 5.85, 7.54, 5.8, 6.68]
['2014-07-11', 7.1, 7.13, 6.41, 6.61]
['2014-07-14', 6.61, 7.0, 6.36, 6.8]
['2014-07-15', 6.8, 6.8, 5.75, 5.85]
['2014-07-16', 5.9, 6.09, 5.57, 6.09]
['2014-07-17', 6.0, 6.4, 5.8, 6.35]
['2014-07-18', 6.35, 6.4, 6.11, 6.4]
['2014-07-21', 6.4, 6.4, 6.11, 6.33]
['2014-07-22', 6.32, 6.32, 6.05, 6.15]
['2014-07-23', 6.26, 6.3, 6.05, 6.1]
['2014-07-24', 6.1, 6.7, 6.05, 6.56]
['2014-07-25', 6.28, 6.85, 6.28, 6.78]
['2014-07-28', 6.99, 7.89, 6.82, 7.53]
['2014-07-29', 7.9, 7.9, 7.15, 7.19]
['2014-07-30', 7.03, 7.1, 6.51, 6.53]
['2014-07-31', 6.5, 6.85, 6.1, 6.31]
['2014-08-01', 6.31, 6.31, 6.15, 6.26]
['2014-08-04', 6.74, 6.74, 6.3, 6.63]
['2014-08-05', 6.45, 6.8, 6.22, 6.24]
['2014-08-06', 6.15, 6.83, 6.15, 6.82]
['2014-08-07', 6.85, 7.0, 6.61, 7.0]
['2014-08-08', 6.26, 6.85, 6.26, 6.51]
['2014-08-11', 6.55, 6.91, 6.51, 6.54]
['2014-08-12', 6.77, 7.1, 6.62, 6.97]
['2014-08-13', 7.1, 7.1, 6.82, 6.86]
['2014-08-14', 6.99, 7.42, 6.9, 6.99]
['2014-08-15', 7.33, 7.34, 6.86, 7.29]
['2014-08-18', 7.15, 7.3, 6.96, 6.97]
['2014-08-19', 6.97, 7.15, 6.86, 6.96]
['2014-08-20', 6.83, 6.94, 6.67, 6.67]
['2014-08-21', 6.75, 6.96, 6.66, 6.75]
['2014-08-22', 6.91, 6.92, 6.75, 6.75]
['2014-08-25', 6.79, 6.83, 6.68, 6.76]
['2014-08-26', 6.66, 6.83, 6.66, 6.8]
['2014-08-27', 6.83, 7.2, 6.72, 6.9]
['2014-08-28', 6.99, 7.2, 6.65, 6.94]
['2014-08-29', 7.1, 7.19, 6.87, 7.08]
['2014-09-02', 7.04, 7.14, 6.95, 7.1]
['2014-09-03', 7.03, 7.3, 6.91, 7.06]
['2014-09-04', 7.15, 7.24, 6.91, 7.19]
['2014-09-05', 7.24, 7.24, 6.77, 7.01]
['2014-09-08', 7.21, 7.49, 7.02, 7.48]
['2014-09-09', 7.36, 7.7, 7.29, 7.63]
['2014-09-10', 7.55, 7.84, 7.38, 7.65]
['2014-09-11', 7.68, 7.7, 7.06, 7.5]
['2014-09-12', 7.81, 7.81, 7.15, 7.57]
['2014-09-15', 7.24, 7.72, 7.09, 7.56]
['2014-09-16', 7.42, 7.54, 7.1, 7.29]
['2014-09-17', 7.19, 7.65, 6.95, 7.09]
['2014-09-18', 7.19, 7.19, 6.6, 6.6]
['2014-09-19', 6.6, 6.73, 6.15, 6.21]
['2014-09-22', 6.25, 6.5, 5.78, 5.8]
['2014-09-23', 5.76, 6.14, 5.76, 5.97]
['2014-09-24', 5.95, 6.14, 5.76, 5.8]
['2014-09-25', 5.8, 5.9, 5.8, 5.87]
['2014-09-26', 5.8, 5.93, 5.8, 5.91]
['2014-09-29', 5.87, 6.09, 5.8, 6.01]
['2014-09-30', 6.09, 6.1, 5.98, 6.05]
['2014-10-01', 5.99, 6.25, 5.96, 6.14]
['2014-10-02', 5.99, 6.1, 5.99, 6.06]
['2014-10-03', 6.04, 6.25, 6.04, 6.25]
['2014-10-06', 6.06, 6.22, 6.05, 6.11]
['2014-10-07', 6.03, 6.16, 5.85, 5.95]
['2014-10-08', 5.85, 5.85, 5.26, 5.38]
['2014-10-09', 5.46, 5.76, 4.77, 5.1]
['2014-10-10', 5.2, 5.2, 4.39, 4.56]
['2014-10-13', 4.52, 4.72, 4.33, 4.65]
['2014-10-14', 4.45, 4.6, 4.3, 4.54]
['2014-10-15', 4.45, 5.1, 4.1, 4.32]
['2014-10-16', 4.31, 4.92, 4.24, 4.57]
['2014-10-17', 4.65, 4.86, 4.36, 4.48]
['2014-10-20', 4.42, 4.68, 4.25, 4.25]
['2014-10-21', 4.4, 4.6, 4.26, 4.57]
['2014-10-22', 4.81, 4.84, 4.33, 4.36]
['2014-10-23', 4.59, 4.59, 4.31, 4.39]
['2014-10-24', 4.38, 4.55, 4.38, 4.43]
['2014-10-27', 4.4, 4.61, 4.38, 4.45]
['2014-10-28', 4.48, 4.82, 4.39, 4.51]
['2014-10-29', 4.68, 4.75, 4.36, 4.43]
['2014-10-30', 4.5, 4.71, 4.35, 4.36]
['2014-10-31', 4.38, 4.55, 4.27, 4.38]
['2014-11-03', 4.31, 4.43, 4.25, 4.37]
['2014-11-04', 4.37, 4.37, 4.17, 4.35]
['2014-11-05', 4.35, 4.36, 4.14, 4.35]
['2014-11-06', 4.33, 4.34, 4.15, 4.28]
['2014-11-07', 4.35, 4.41, 4.18, 4.18]
['2014-11-10', 4.2, 4.36, 4.1, 4.21]
['2014-11-11', 4.29, 4.37, 4.08, 4.18]
['2014-11-12', 4.24, 4.31, 4.1, 4.21]
['2014-11-13', 4.25, 4.45, 4.2, 4.21]
['2014-11-14', 4.69, 4.7, 4.29, 4.29]
['2014-11-17', 4.31, 4.58, 4.31, 4.54]
['2014-11-18', 4.44, 4.55, 4.35, 4.37]
['2014-11-19', 4.35, 4.5, 4.21, 4.26]
['2014-11-20', 4.2, 4.53, 4.18, 4.4]
['2014-11-21', 4.35, 4.43, 4.23, 4.33]
['2014-11-24', 4.3, 4.49, 4.27, 4.42]
['2014-11-25', 4.49, 4.96, 4.49, 4.7]
['2014-11-26', 4.73, 5.21, 4.72, 4.75]
['2014-11-28', 4.93, 5.14, 4.67, 4.7]
['2014-12-01', 4.75, 4.83, 4.53, 4.83]
['2014-12-02', 5.07, 5.07, 4.66, 4.7]
['2014-12-03', 4.5, 4.72, 4.23, 4.56]
['2014-12-04', 4.63, 4.63, 4.35, 4.45]
['2014-12-05', 4.5, 4.52, 4.26, 4.4]
['2014-12-08', 4.44, 4.69, 4.2, 4.69]
['2014-12-09', 4.57, 4.62, 4.51, 4.55]
['2014-12-10', 4.73, 4.78, 4.58, 4.74]
['2014-12-11', 4.68, 4.73, 4.6, 4.61]
['2014-12-12', 4.61, 4.62, 4.5, 4.5]
['2014-12-15', 4.53, 4.62, 4.5, 4.5]
['2014-12-16', 4.54, 4.82, 4.5, 4.51]
['2014-12-17', 4.66, 4.89, 4.66, 4.77]
['2014-12-18', 4.75, 6.91, 4.63, 4.85]
['2014-12-19', 4.85, 5.74, 4.85, 5.67]
['2014-12-22', 5.7, 5.7, 5.25, 5.32]
['2014-12-23', 5.6, 5.6, 5.4, 5.48]
['2014-12-24', 5.48, 5.69, 5.48, 5.63]
['2014-12-26', 5.53, 5.7, 5.35, 5.53]
['2014-12-29', 5.45, 5.54, 5.29, 5.53]
['2014-12-30', 5.46, 6.3, 5.42, 6.13]
['2014-12-31', 6.13, 6.25, 5.83, 6.02]
['2015-01-02', 6.07, 6.24, 6.02, 6.11]
['2015-01-05', 6.2, 6.2, 5.81, 6.0]
['2015-01-06', 9.86, 10.0, 6.33, 6.49]
['2015-01-07', 6.33, 6.47, 5.45, 5.69]
['2015-01-08', 5.75, 5.92, 5.18, 5.53]
['2015-01-09', 5.26, 5.7, 5.0, 5.62]
['2015-01-12', 5.76, 5.8, 5.24, 5.35]
['2015-01-13', 5.32, 5.55, 4.86, 4.98]
['2015-01-14', 5.0, 5.0, 4.58, 4.8]
['2015-01-15', 4.83, 4.85, 4.51, 4.59]
['2015-01-16', 4.5, 4.68, 4.42, 4.66]
['2015-01-20', 4.8, 4.8, 4.6, 4.65]
['2015-01-21', 4.7, 4.7, 4.26, 4.37]
['2015-01-22', 5.2, 5.3, 4.81, 5.09]
['2015-01-23', 5.1, 5.3, 5.06, 5.15]
['2015-01-26', 5.11, 5.15, 4.8, 5.02]
['2015-01-27', 4.97, 5.14, 4.82, 5.1]
['2015-01-28', 5.08, 5.12, 4.85, 4.91]
['2015-01-29', 4.91, 4.91, 4.48, 4.59]
['2015-01-30', 4.56, 4.59, 4.32, 4.38]
['2015-02-02', 4.42, 4.44, 4.3, 4.34]
['2015-02-03', 4.31, 4.46, 4.25, 4.44]
['2015-02-04', 4.37, 4.47, 4.26, 4.34]
['2015-02-05', 4.37, 4.85, 4.25, 4.85]
['2015-02-06', 4.94, 5.04, 4.58, 4.77]
['2015-02-09', 4.71, 4.96, 4.45, 4.88]
['2015-02-10', 4.94, 4.94, 4.58, 4.75]
['2015-02-11', 4.61, 4.8, 4.61, 4.69]
['2015-02-12', 4.7, 4.83, 4.5, 4.59]
['2015-02-13', 4.53, 4.78, 4.51, 4.68]
['2015-02-17', 4.69, 4.98, 4.68, 4.92]
['2015-02-18', 4.89, 5.74, 4.89, 5.68]
['2015-02-19', 5.7, 5.79, 5.31, 5.49]
['2015-02-20', 5.41, 5.49, 5.32, 5.32]
['2015-02-23', 5.34, 5.35, 5.01, 5.03]
['2015-02-24', 4.96, 5.08, 4.81, 4.97]
['2015-02-25', 4.95, 5.43, 4.94, 5.16]
['2015-02-26', 5.2, 5.24, 5.05, 5.09]
['2015-02-27', 5.12, 5.3, 5.02, 5.14]
['2015-03-02', 5.06, 5.27, 5.01, 5.02]
['2015-03-03', 5.1, 5.15, 4.98, 5.14]
['2015-03-04', 5.07, 5.3, 4.99, 5.2]
['2015-03-05', 5.14, 5.66, 5.06, 5.58]
['2015-03-06', 5.5, 5.5, 5.08, 5.34]
['2015-03-09', 5.34, 5.38, 5.15, 5.37]
['2015-03-10', 5.27, 5.27, 4.97, 5.05]
['2015-03-11', 5.01, 5.09, 4.85, 4.86]
['2015-03-12', 4.87, 4.95, 4.65, 4.81]
['2015-03-13', 4.81, 5.38, 4.71, 5.2]
['2015-03-16', 5.2, 5.95, 5.12, 5.95]
['2015-03-17', 6.01, 6.39, 5.82, 6.05]
['2015-03-18', 6.14, 6.43, 5.75, 6.26]
['2015-03-19', 6.34, 6.39, 5.95, 6.07]
['2015-03-20', 6.1, 6.24, 5.75, 5.98]
['2015-03-23', 6.0, 6.01, 5.72, 5.93]
['2015-03-24', 5.97, 5.97, 5.61, 5.68]
['2015-03-25', 5.68, 5.71, 5.25, 5.29]
['2015-03-26', 5.32, 5.49, 5.2, 5.36]
['2015-03-27', 5.63, 5.69, 5.2, 5.29]
['2015-03-30', 5.36, 5.36, 5.05, 5.08]
['2015-03-31', 5.08, 5.17, 5.0, 5.0]
['2015-04-01', 5.02, 5.04, 4.75, 4.87]
['2015-04-02', 4.9, 4.98, 4.86, 4.86]
['2015-04-06', 4.86, 5.28, 4.86, 5.26]
['2015-04-07', 5.32, 5.33, 5.02, 5.2]
['2015-04-08', 5.2, 5.31, 5.19, 5.22]
['2015-04-09', 5.26, 5.38, 5.17, 5.34]
['2015-04-10', 5.36, 5.38, 5.25, 5.3]
['2015-04-13', 5.29, 5.3, 5.12, 5.18]
['2015-04-14', 5.2, 5.25, 5.17, 5.19]
['2015-04-15', 5.24, 5.35, 5.23, 5.31]
['2015-04-16', 5.21, 5.9, 5.21, 5.83]
['2015-04-17', 5.79, 5.82, 5.58, 5.77]
['2015-04-20', 5.81, 5.81, 5.6, 5.78]
['2015-04-21', 5.75, 5.75, 5.61, 5.63]
['2015-04-22', 5.68, 5.75, 5.35, 5.68]
['2015-04-23', 5.67, 5.8, 5.48, 5.59]
['2015-04-24', 5.56, 5.79, 5.37, 5.74]
['2015-04-27', 5.66, 5.66, 5.5, 5.59]
['2015-04-28', 5.6, 5.6, 5.2, 5.38]
['2015-04-29', 5.43, 5.44, 5.12, 5.17]
['2015-04-30', 5.15, 5.15, 4.97, 5.07]
['2015-05-01', 5.09, 5.09, 4.97, 5.05]
['2015-05-04', 5.11, 5.17, 5.1, 5.1]
['2015-05-05', 5.08, 5.21, 5.08, 5.17]
['2015-05-06', 5.22, 5.22, 5.1, 5.1]
['2015-05-07', 5.1, 5.16, 5.1, 5.15]
['2015-05-08', 5.14, 5.32, 5.13, 5.21]
['2015-05-11', 5.24, 5.35, 5.14, 5.21]
['2015-05-12', 5.2, 5.24, 5.11, 5.11]
['2015-05-13', 5.12, 5.17, 5.0, 5.15]
['2015-05-14', 5.17, 5.17, 5.05, 5.07]
['2015-05-15', 5.03, 5.2, 4.93, 5.13]
['2015-05-18', 5.03, 5.1, 5.02, 5.06]
['2015-05-19', 5.03, 5.07, 4.93, 5.06]
['2015-05-20', 5.01, 5.15, 5.0, 5.1]
['2015-05-21', 5.14, 5.14, 5.05, 5.06]
['2015-05-22', 5.02, 5.12, 5.02, 5.12]
['2015-05-26', 5.14, 5.14, 4.91, 5.02]
['2015-05-27', 5.03, 5.03, 4.92, 4.98]
['2015-05-28', 4.98, 5.03, 4.87, 5.03]
['2015-05-29', 5.0, 5.03, 4.91, 5.03]
['2015-06-01', 5.03, 5.03, 4.93, 5.01]
['2015-06-02', 5.01, 5.03, 4.88, 4.99]
['2015-06-03', 4.96, 5.02, 4.81, 5.0]
['2015-06-04', 4.84, 5.14, 4.84, 5.05]
['2015-06-05', 5.0, 5.19, 5.0, 5.14]
['2015-06-08', 5.16, 5.6, 4.93, 5.55]
['2015-06-09', 5.51, 5.8, 5.44, 5.59]
['2015-06-10', 5.61, 5.73, 5.57, 5.64]
['2015-06-11', 5.7, 5.89, 5.62, 5.84]
['2015-06-12', 5.81, 5.84, 5.46, 5.52]
['2015-06-15', 5.51, 5.7, 5.45, 5.61]
['2015-06-16', 5.69, 5.83, 5.5, 5.65]
['2015-06-17', 5.8, 5.9, 5.71, 5.71]
['2015-06-18', 5.85, 5.85, 5.58, 5.61]
['2015-06-19', 5.68, 5.68, 5.25, 5.25]
['2015-06-22', 5.34, 5.73, 5.34, 5.6]
['2015-06-23', 5.8, 5.8, 5.39, 5.62]
['2015-06-24', 5.67, 5.74, 5.36, 5.58]
['2015-06-25', 5.59, 5.91, 5.42, 5.9]
['2015-06-26', 5.81, 6.06, 5.7, 6.06]
['2015-06-29', 5.95, 5.98, 5.4, 5.41]
['2015-06-30', 5.52, 5.8, 5.22, 5.8]
['2015-07-01', 5.86, 5.89, 5.51, 5.6]
['2015-07-02', 5.62, 5.62, 5.42, 5.54]
['2015-07-06', 5.49, 5.55, 5.35, 5.53]
['2015-07-07', 5.47, 5.6, 5.45, 5.59]
['2015-07-08', 5.51, 5.53, 5.38, 5.38]
['2015-07-09', 5.44, 5.64, 5.42, 5.52]
['2015-07-10', 5.56, 5.7, 5.48, 5.7]
['2015-07-13', 5.76, 5.87, 5.68, 5.82]
['2015-07-14', 5.87, 5.94, 5.67, 5.89]
['2015-07-15', 5.93, 6.1, 5.79, 5.88]
['2015-07-16', 5.96, 5.98, 5.68, 5.86]
['2015-07-17', 5.81, 6.38, 5.8, 6.38]
['2015-07-20', 6.5, 6.5, 6.12, 6.36]
['2015-07-21', 6.3, 6.35, 6.02, 6.25]
['2015-07-22', 6.16, 6.44, 6.06, 6.29]
['2015-07-23', 6.27, 6.27, 6.08, 6.18]
['2015-07-24', 6.13, 6.18, 6.0, 6.05]
['2015-07-27', 6.0, 6.0, 5.72, 5.76]
['2015-07-28', 5.9, 5.99, 5.72, 5.85]
['2015-07-29', 5.82, 5.83, 5.7, 5.73]
['2015-07-30', 5.73, 5.83, 5.71, 5.74]
['2015-07-31', 5.57, 5.8, 5.57, 5.74]
['2015-08-03', 5.73, 5.73, 5.58, 5.64]
['2015-08-04', 5.69, 5.72, 5.64, 5.7]
['2015-08-05', 5.7, 6.15, 5.67, 5.84]
['2015-08-06', 5.88, 6.05, 5.55, 5.6]
['2015-08-07', 5.6, 5.65, 5.46, 5.55]
['2015-08-10', 5.57, 5.79, 5.5, 5.6]
['2015-08-11', 5.73, 5.73, 5.51, 5.64]
['2015-08-12', 5.64, 5.7, 5.58, 5.66]
['2015-08-13', 5.95, 5.95, 5.68, 5.79]
['2015-08-14', 5.9, 5.95, 5.41, 5.63]
['2015-08-17', 5.78, 6.2, 5.67, 5.7]
['2015-08-18', 5.79, 5.91, 5.72, 5.79]
['2015-08-19', 5.78, 5.79, 5.64, 5.68]
['2015-08-20', 5.58, 5.81, 5.5, 5.6]
['2015-08-21', 5.43, 5.54, 5.29, 5.37]
['2015-08-24', 5.07, 5.53, 5.01, 5.28]
['2015-08-25', 5.39, 5.52, 5.15, 5.4]
['2015-08-26', 5.24, 5.45, 5.12, 5.39]
['2015-08-27', 5.35, 5.5, 5.23, 5.5]
['2015-08-28', 5.57, 5.59, 5.5, 5.52]
['2015-08-31', 5.47, 5.64, 5.47, 5.58]
['2015-09-01', 5.56, 5.91, 5.47, 5.91]
['2015-09-02', 5.92, 6.15, 5.88, 6.1]
['2015-09-03', 6.1, 6.1, 5.98, 6.02]
['2015-09-04', 6.0, 6.09, 5.79, 6.09]
['2015-09-08', 6.1, 6.24, 5.73, 5.97]
['2015-09-09', 6.06, 6.2, 5.96, 6.08]
['2015-09-10', 5.75, 6.08, 5.74, 6.05]
['2015-09-11', 5.63, 6.0, 5.6, 5.94]
['2015-09-14', 5.8, 5.88, 5.5, 5.79]
['2015-09-15', 5.64, 5.81, 5.59, 5.71]
['2015-09-16', 5.71, 5.9, 5.58, 5.67]
['2015-09-17', 5.78, 5.87, 5.68, 5.81]
['2015-09-18', 5.78, 6.09, 5.78, 6.01]
['2015-09-21', 6.12, 6.14, 5.76, 5.76]
['2015-09-22', 5.73, 5.88, 5.5, 5.54]
['2015-09-23', 5.48, 5.8, 5.46, 5.54]
['2015-09-24', 5.58, 5.95, 5.58, 5.85]
['2015-09-25', 5.63, 5.76, 5.6, 5.62]
['2015-09-28', 5.55, 5.93, 5.27, 5.28]
['2015-09-29', 5.42, 5.76, 5.31, 5.33]
['2015-09-30', 5.7, 5.7, 5.22, 5.25]
['2015-10-01', 5.24, 5.49, 5.22, 5.27]
['2015-10-02', 5.4, 5.4, 5.22, 5.22]
['2015-10-05', 5.32, 5.52, 5.23, 5.4]
['2015-10-06', 5.33, 5.41, 5.22, 5.29]
['2015-10-07', 5.27, 5.41, 5.22, 5.23]
['2015-10-08', 5.23, 5.37, 5.23, 5.33]
['2015-10-09', 5.39, 5.39, 5.24, 5.29]
['2015-10-12', 5.31, 5.37, 4.78, 4.84]
['2015-10-13', 4.8, 5.05, 4.7, 4.9]
['2015-10-14', 4.91, 4.99, 4.8, 4.81]
['2015-10-15', 4.83, 5.05, 4.83, 4.97]
['2015-10-16', 5.01, 5.12, 4.92, 5.06]
['2015-10-19', 5.06, 5.44, 4.6, 5.28]
['2015-10-20', 5.45, 5.45, 5.09, 5.38]
['2015-10-21', 5.44, 5.44, 5.13, 5.27]
['2015-10-22', 5.27, 5.33, 5.11, 5.32]
['2015-10-23', 5.33, 5.35, 5.05, 5.09]
['2015-10-26', 5.2, 5.31, 5.01, 5.2]
['2015-10-27', 5.13, 5.36, 5.02, 5.2]
['2015-10-28', 5.2, 5.26, 5.1, 5.24]
['2015-10-29', 5.18, 5.35, 5.14, 5.16]
['2015-10-30', 5.24, 5.28, 5.15, 5.28]
['2015-11-02', 5.17, 5.5, 5.17, 5.41]
['2015-11-03', 5.5, 5.5, 5.21, 5.44]
['2015-11-04', 5.36, 5.47, 5.15, 5.47]
['2015-11-05', 5.36, 5.45, 5.15, 5.3]
['2015-11-06', 5.46, 5.46, 4.98, 5.09]
['2015-11-09', 5.06, 5.11, 4.99, 5.03]
['2015-11-10', 4.98, 5.26, 4.98, 5.17]
['2015-11-11', 5.17, 5.28, 5.1, 5.17]
['2015-11-12', 5.19, 5.28, 5.04, 5.25]
['2015-11-13', 5.27, 5.27, 5.07, 5.12]
['2015-11-16', 5.15, 5.27, 5.15, 5.25]
['2015-11-17', 5.29, 5.47, 5.26, 5.39]
['2015-11-18', 5.4, 5.41, 5.3, 5.3]
['2015-11-19', 5.32, 5.48, 5.15, 5.15]
['2015-11-20', 4.98, 5.21, 4.98, 5.11]
['2015-11-23', 5.0, 5.0, 4.27, 4.75]
['2015-11-24', 4.73, 5.14, 4.73, 5.12]
['2015-11-25', 5.17, 5.31, 5.17, 5.22]
['2015-11-27', 5.13, 5.28, 4.9, 5.03]
['2015-11-30', 5.02, 5.08, 4.99, 5.02]
['2015-12-01', 5.04, 5.1, 5.0, 5.02]
['2015-12-02', 5.22, 5.22, 4.86, 4.96]
['2015-12-03', 5.02, 5.02, 4.6, 4.76]
['2015-12-04', 4.7, 4.72, 4.66, 4.71]
['2015-12-07', 4.57, 4.6, 4.42, 4.46]
['2015-12-08', 4.36, 4.82, 4.33, 4.75]
['2015-12-09', 5.0, 5.0, 4.66, 4.66]
['2015-12-10', 4.64, 4.99, 4.64, 4.99]
['2015-12-11', 4.79, 4.99, 4.64, 4.82]
['2015-12-14', 5.06, 5.06, 4.44, 4.84]
['2015-12-15', 4.86, 4.99, 4.56, 4.64]
['2015-12-16', 4.72, 5.25, 4.63, 5.21]
['2015-12-17', 5.31, 5.45, 4.96, 5.38]
['2015-12-18', 5.5, 5.64, 5.27, 5.6]
['2015-12-21', 5.54, 6.16, 5.33, 5.99]
['2015-12-22', 5.74, 6.06, 5.55, 6.06]
['2015-12-23', 6.0, 6.0, 5.5, 5.84]
['2015-12-24', 5.95, 6.0, 5.74, 5.86]
['2015-12-28', 5.8, 6.18, 5.8, 5.83]
['2015-12-29', 5.73, 6.0, 5.57, 5.94]
['2015-12-30', 6.08, 6.24, 5.58, 5.68]
['2015-12-31', 5.71, 6.23, 5.63, 6.07]
['2016-01-04', 6.0, 6.14, 5.76, 5.88]
['2016-01-05', 5.95, 6.2, 5.83, 5.9]
['2016-01-06', 5.82, 5.91, 5.65, 5.69]
['2016-01-07', 5.62, 5.7, 5.43, 5.5]
['2016-01-08', 5.53, 5.59, 5.4, 5.44]
['2016-01-11', 5.4, 5.55, 5.11, 5.37]
['2016-01-12', 5.54, 5.6, 5.21, 5.26]
['2016-01-13', 5.39, 5.47, 4.9, 5.0]
['2016-01-14', 4.93, 5.42, 4.74, 5.14]
['2016-01-15', 4.94, 5.26, 4.81, 4.88]
['2016-01-19', 5.09, 5.09, 4.48, 4.63]
['2016-01-20', 4.63, 4.85, 4.38, 4.71]
['2016-01-21', 4.65, 4.94, 4.65, 4.93]
['2016-01-22', 4.97, 5.5, 4.97, 5.28]
['2016-01-25', 5.3, 5.94, 5.14, 5.34]
['2016-01-26', 5.3, 5.72, 5.09, 5.36]
['2016-01-27', 5.39, 5.61, 5.21, 5.3]
['2016-01-28', 5.38, 5.65, 5.0, 5.43]
['2016-01-29', 5.39, 5.8, 5.18, 5.2]
['2016-02-01', 5.15, 5.55, 5.1, 5.52]
['2016-02-02', 5.57, 5.92, 5.41, 5.65]
['2016-02-03', 5.72, 5.74, 5.22, 5.43]
['2016-02-04', 5.36, 5.77, 5.31, 5.43]
['2016-02-05', 5.46, 5.46, 5.23, 5.35]
['2016-02-08', 5.29, 5.3, 5.0, 5.26]
['2016-02-09', 5.09, 5.1, 4.63, 4.71]
['2016-02-10', 4.76, 5.06, 4.68, 4.75]
['2016-02-11', 4.54, 4.71, 4.43, 4.6]
['2016-02-12', 4.65, 5.08, 4.65, 4.68]
['2016-02-16', 4.73, 5.06, 4.73, 4.86]
['2016-02-17', 5.02, 5.06, 4.85, 4.99]
['2016-02-18', 4.99, 5.26, 4.82, 5.18]
['2016-02-19', 5.2, 5.24, 4.82, 5.12]
['2016-02-22', 5.43, 5.45, 4.63, 5.0]
['2016-02-23', 5.24, 5.24, 4.84, 4.9]
['2016-02-24', 5.13, 5.13, 4.84, 5.0]
['2016-02-25', 4.73, 5.14, 4.73, 5.0]
['2016-02-26', 5.1, 5.1, 4.82, 5.0]
['2016-02-29', 5.08, 5.15, 4.87, 4.87]
['2016-03-01', 5.02, 5.25, 4.97, 5.0]
['2016-03-02', 5.2, 5.2, 5.02, 5.17]
['2016-03-03', 5.3, 5.35, 5.18, 5.23]
['2016-03-04', 5.34, 5.35, 4.97, 5.13]
['2016-03-07', 5.06, 5.35, 5.06, 5.28]
['2016-03-08', 5.35, 5.35, 5.16, 5.29]
['2016-03-09', 5.5, 5.64, 5.35, 5.41]
['2016-03-10', 5.45, 5.6, 5.35, 5.57]
['2016-03-11', 5.65, 5.9, 5.35, 5.67]
['2016-03-14', 5.8, 5.95, 5.69, 5.88]
['2016-03-15', 5.92, 5.95, 5.83, 5.88]
['2016-03-16', 5.61, 5.86, 5.38, 5.38]
['2016-03-17', 5.39, 5.66, 5.16, 5.51]
['2016-03-18', 5.6, 6.23, 5.58, 5.77]
['2016-03-21', 5.83, 6.15, 5.78, 6.0]
['2016-03-22', 6.0, 6.3, 5.99, 6.25]
['2016-03-23', 6.22, 6.24, 5.96, 6.21]
['2016-03-24', 6.08, 6.21, 5.88, 6.05]
['2016-03-28', 6.05, 6.14, 5.41, 5.51]
['2016-03-29', 5.5, 5.84, 5.33, 5.71]
['2016-03-30', 5.78, 5.99, 5.69, 5.99]
['2016-03-31', 5.88, 6.17, 5.88, 6.14]
['2016-04-01', 6.03, 6.31, 6.01, 6.2]
['2016-04-04', 6.15, 6.41, 6.02, 6.18]
['2016-04-05', 6.1, 6.36, 6.1, 6.36]
['2016-04-06', 6.3, 6.4, 6.06, 6.28]
['2016-04-07', 6.18, 6.33, 5.95, 6.08]
['2016-04-08', 6.05, 6.22, 5.99, 6.19]
['2016-04-11', 6.17, 6.38, 6.12, 6.32]
['2016-04-12', 6.31, 6.4, 6.02, 6.33]
['2016-04-13', 6.28, 6.4, 6.11, 6.28]
['2016-04-14', 6.27, 6.39, 6.16, 6.24]
['2016-04-15', 6.25, 6.32, 6.21, 6.29]
['2016-04-18', 6.26, 6.5, 6.25, 6.38]
['2016-04-19', 6.39, 6.4, 6.0, 6.04]
['2016-04-20', 6.06, 6.24, 6.06, 6.22]
['2016-04-21', 6.3, 6.4, 6.1, 6.17]
['2016-04-22', 6.04, 6.41, 6.04, 6.4]
['2016-04-25', 6.31, 6.5, 6.23, 6.5]
['2016-04-26', 6.42, 6.49, 6.15, 6.32]
['2016-04-27', 6.35, 6.47, 6.06, 6.25]
['2016-04-28', 6.26, 6.49, 6.15, 6.49]
['2016-04-29', 6.4, 6.44, 6.25, 6.43]
['2016-05-02', 6.24, 6.41, 6.24, 6.32]
['2016-05-03', 6.4, 6.97, 6.27, 6.57]
['2016-05-04', 6.5, 6.98, 6.38, 6.84]
['2016-05-05', 6.85, 6.96, 6.61, 6.79]
['2016-05-06', 6.71, 6.84, 6.41, 6.61]
['2016-05-09', 6.6, 6.79, 6.46, 6.55]
['2016-05-10', 6.51, 6.52, 6.18, 6.39]
['2016-05-11', 6.35, 6.35, 5.96, 6.07]
['2016-05-12', 6.13, 6.2, 5.55, 5.57]
['2016-05-13', 5.5, 5.69, 5.5, 5.59]
['2016-05-16', 5.52, 5.78, 5.51, 5.72]
['2016-05-17', 5.69, 5.7, 5.31, 5.41]
['2016-05-18', 5.36, 5.47, 5.21, 5.31]
['2016-05-19', 5.28, 5.29, 4.99, 5.11]
['2016-05-20', 5.12, 5.12, 4.75, 4.87]
['2016-05-23', 4.83, 4.89, 4.0, 4.02]
['2016-05-24', 4.13, 4.13, 3.61, 3.83]
['2016-05-25', 3.86, 3.87, 3.45, 3.54]
['2016-05-26', 9.97, 13.22, 8.26, 11.8]
['2016-05-27', 11.85, 12.18, 10.6, 11.32]
['2016-05-31', 11.8, 12.47, 10.9, 12.3]
['2016-06-01', 12.16, 14.54, 11.1, 13.91]
['2016-06-02', 13.72, 15.84, 13.32, 14.33]
['2016-06-03', 13.99, 14.28, 12.46, 12.65]
['2016-06-06', 12.41, 13.18, 12.33, 12.73]
['2016-06-07', 12.76, 13.0, 11.76, 11.9]
['2016-06-08', 12.04, 12.08, 10.07, 10.32]
['2016-06-09', 10.21, 11.21, 10.1, 10.29]
['2016-06-10', 10.4, 10.76, 10.01, 10.09]
['2016-06-13', 10.12, 10.37, 9.72, 10.14]
['2016-06-14', 10.55, 10.87, 9.5, 9.64]
['2016-06-15', 9.77, 10.48, 9.77, 10.16]
['2016-06-16', 10.13, 10.77, 10.1, 10.2]
['2016-06-17', 10.38, 10.51, 10.06, 10.18]
['2016-06-20', 10.1, 11.22, 10.0, 11.04]
['2016-06-21', 11.31, 11.31, 10.36, 10.62]
['2016-06-22', 11.08, 11.44, 10.57, 10.77]
['2016-06-23', 10.85, 11.28, 10.52, 10.8]
['2016-06-24', 10.18, 10.67, 9.88, 10.23]
['2016-06-27', 10.0, 10.15, 9.38, 9.56]
['2016-06-28', 9.72, 10.18, 9.51, 10.12]
['2016-06-29', 10.23, 10.38, 9.71, 10.26]
['2016-06-30', 10.19, 10.46, 10.0, 10.21]
['2016-07-01', 10.21, 10.56, 9.99, 10.43]
['2016-07-05', 10.4, 10.48, 10.0, 10.14]
['2016-07-06', 10.06, 10.85, 10.0, 10.57]
['2016-07-07', 10.74, 11.03, 10.34, 10.66]
['2016-07-08', 10.64, 10.76, 10.51, 10.67]
['2016-07-11', 10.74, 11.21, 10.66, 11.0]
['2016-07-12', 11.08, 11.19, 10.7, 10.87]
['2016-07-13', 10.9, 11.1, 10.55, 10.63]
['2016-07-14', 10.67, 10.67, 10.16, 10.28]
['2016-07-15', 10.35, 10.65, 10.28, 10.46]
['2016-07-18', 10.41, 10.69, 10.33, 10.53]
['2016-07-19', 10.55, 10.55, 10.29, 10.33]
['2016-07-20', 10.3, 10.85, 10.23, 10.77]
['2016-07-21', 10.8, 11.13, 10.53, 10.64]
['2016-07-22', 10.71, 10.9, 10.45, 10.77]
['2016-07-25', 10.85, 11.91, 10.72, 11.61]
['2016-07-26', 11.54, 11.9, 11.15, 11.39]
['2016-07-27', 11.4, 11.95, 11.2, 11.91]
['2016-07-28', 12.0, 12.2, 10.65, 11.21]
['2016-07-29', 11.11, 11.35, 11.02, 11.1]
['2016-08-01', 11.08, 11.38, 10.9, 11.18]
['2016-08-02', 11.21, 11.26, 10.59, 10.98]
['2016-08-03', 11.01, 11.26, 10.87, 11.02]
['2016-08-04', 11.35, 11.45, 10.83, 11.23]
['2016-08-05', 11.26, 11.88, 11.06, 11.71]
['2016-08-08', 11.92, 12.18, 11.39, 11.6]
['2016-08-09', 11.54, 11.7, 11.25, 11.66]
['2016-08-10', 11.01, 11.19, 10.01, 10.56]
['2016-08-11', 10.54, 10.76, 10.41, 10.75]
['2016-08-12', 10.7, 12.28, 10.62, 11.65]
['2016-08-15', 11.85, 12.09, 11.36, 11.45]
['2016-08-16', 11.47, 13.2, 11.47, 12.93]
['2016-08-17', 12.93, 13.05, 12.37, 12.68]
['2016-08-18', 12.6, 13.52, 12.52, 13.35]
['2016-08-19', 13.37, 13.37, 12.83, 13.11]
['2016-08-22', 13.11, 13.7, 12.81, 12.97]
['2016-08-23', 13.06, 13.18, 12.76, 12.91]
['2016-08-24', 12.85, 13.27, 11.96, 12.18]
['2016-08-25', 12.23, 12.36, 11.68, 11.96]
['2016-08-26', 11.92, 12.33, 11.65, 12.09]
['2016-08-29', 12.0, 12.5, 11.72, 12.33]
['2016-08-30', 12.27, 12.72, 12.27, 12.4]
['2016-08-31', 12.4, 12.4, 11.88, 12.22]
['2016-09-01', 12.17, 12.39, 11.97, 12.35]
['2016-09-02', 12.33, 12.33, 11.95, 12.16]
['2016-09-06', 12.17, 12.91, 12.15, 12.81]
['2016-09-07', 12.75, 13.47, 12.74, 13.44]
['2016-09-08', 13.34, 13.65, 13.07, 13.46]
['2016-09-09', 13.25, 13.44, 12.61, 12.97]
['2016-09-12', 12.79, 13.15, 12.2, 13.03]
['2016-09-13', 12.87, 12.87, 12.43, 12.71]
['2016-09-14', 12.8, 13.34, 12.76, 13.06]
['2016-09-15', 12.98, 14.14, 12.9, 13.88]
['2016-09-16', 13.83, 14.32, 13.63, 14.31]
['2016-09-19', 14.44, 14.55, 13.7, 13.84]
['2016-09-20', 13.98, 14.49, 13.67, 14.38]
['2016-09-21', 14.26, 14.45, 13.84, 14.31]
['2016-09-22', 14.41, 14.5, 13.9, 14.29]
['2016-09-23', 14.33, 14.92, 14.12, 14.31]
['2016-09-26', 14.32, 14.45, 13.08, 14.0]
['2016-09-27', 14.03, 14.22, 13.74, 14.02]
['2016-09-28', 14.07, 14.22, 13.82, 14.19]
['2016-09-29', 14.03, 14.14, 13.55, 13.73]
['2016-09-30', 13.96, 14.22, 13.52, 14.11]
['2016-10-03', 14.19, 14.83, 14.01, 14.21]
['2016-10-04', 14.13, 14.43, 13.83, 14.16]
['2016-10-05', 14.32, 14.41, 14.1, 14.22]
['2016-10-06', 14.25, 14.47, 13.71, 14.02]
['2016-10-07', 14.02, 14.04, 13.59, 13.86]
['2016-10-10', 13.98, 14.59, 13.86, 14.25]
['2016-10-11', 14.05, 14.14, 13.24, 13.36]
['2016-10-12', 13.36, 13.5, 12.92, 13.05]
['2016-10-13', 12.92, 13.3, 12.75, 12.88]
['2016-10-14', 12.97, 12.97, 12.28, 12.45]
['2016-10-17', 12.45, 12.45, 12.0, 12.3]
['2016-10-18', 12.45, 12.8, 12.35, 12.6]
['2016-10-19', 12.55, 12.63, 12.05, 12.4]
['2016-10-20', 12.35, 12.95, 12.25, 12.75]
['2016-10-21', 12.7, 13.1, 12.7, 12.85]
['2016-10-24', 12.95, 13.0, 12.35, 12.6]
['2016-10-25', 12.6, 12.65, 12.0, 12.05]
['2016-10-26', 12.6, 12.75, 11.0, 11.25]
['2016-10-27', 11.3, 11.31, 10.5, 10.65]
['2016-10-28', 10.6, 11.6, 10.35, 11.1]
['2016-10-31', 11.25, 11.35, 10.9, 11.15]
['2016-11-01', 11.15, 11.4, 11.1, 11.35]
['2016-11-02', 11.3, 11.35, 10.9, 11.05]
['2016-11-03', 9.95, 11.2, 8.8, 9.45]
['2016-11-04', 9.5, 10.4, 8.9, 10.15]
['2016-11-07', 10.35, 10.75, 10.15, 10.55]
['2016-11-08', 10.55, 10.9, 10.25, 10.6]
['2016-11-09', 10.95, 11.95, 10.5, 11.75]
['2016-11-10', 12.1, 12.35, 11.45, 11.9]
['2016-11-11', 11.9, 13.55, 11.75, 13.5]
['2016-11-14', 13.75, 13.95, 13.15, 13.8]
['2016-11-15', 13.6, 14.0, 13.55, 13.9]
['2016-11-16', 13.75, 14.07, 13.35, 13.55]
['2016-11-17', 13.55, 13.95, 13.3, 13.9]
['2016-11-18', 13.85, 14.15, 13.7, 13.9]
['2016-11-21', 13.85, 14.05, 13.4, 13.8]
['2016-11-22', 13.8, 13.82, 12.95, 13.65]
['2016-11-23', 13.3, 13.9, 12.76, 13.75]
['2016-11-25', 13.75, 14.15, 13.5, 14.0]
['2016-11-28', 13.95, 13.95, 13.2, 13.55]
['2016-11-29', 13.6, 13.75, 13.0, 13.4]
['2016-11-30', 13.4, 13.65, 12.6, 12.9]
['2016-12-01', 12.95, 13.2, 12.35, 12.55]
['2016-12-02', 12.45, 13.2, 12.35, 13.1]
['2016-12-05', 13.15, 13.75, 12.74, 13.25]
['2016-12-06', 13.2, 13.75, 12.95, 13.5]
['2016-12-07', 13.2, 13.75, 12.5, 12.7]
['2016-12-08', 12.55, 13.12, 12.2, 13.0]
['2016-12-09', 13.15, 13.45, 12.9, 13.4]
['2016-12-12', 13.3, 13.5, 13.0, 13.4]
['2016-12-13', 13.45, 13.7, 13.2, 13.55]
['2016-12-14', 13.55, 13.93, 13.0, 13.45]
['2016-12-15', 13.4, 14.0, 13.25, 13.4]
['2016-12-16', 13.45, 13.95, 13.15, 13.3]
['2016-12-19', 13.35, 13.75, 13.3, 13.45]
['2016-12-20', 13.45, 13.62, 13.15, 13.38]
['2016-12-21', 13.35, 13.35, 12.8, 12.8]
['2016-12-22', 12.8, 12.9, 12.2, 12.4]
['2016-12-23', 12.35, 13.05, 12.35, 12.8]
['2016-12-27', 12.75, 13.0, 12.15, 12.25]
['2016-12-28', 12.25, 12.3, 11.9, 11.95]
['2016-12-29', 11.95, 12.18, 11.9, 11.9]
['2016-12-30', 11.95, 12.0, 11.65, 11.75]
['2017-01-03', 11.9, 11.95, 11.65, 11.75]
['2017-01-04', 11.8, 12.6, 11.5, 12.35]
['2017-01-05', 12.35, 12.45, 11.95, 12.15]
['2017-01-06', 12.2, 12.55, 11.95, 12.05]
['2017-01-09', 12.45, 12.55, 11.85, 12.35]
['2017-01-10', 12.45, 12.45, 11.8, 12.15]
['2017-01-11', 12.05, 12.05, 11.25, 11.4]
['2017-01-12', 11.25, 11.57, 11.1, 11.45]
['2017-01-13', 11.45, 11.9, 11.45, 11.6]
['2017-01-17', 11.45, 11.45, 10.85, 10.95]
['2017-01-18', 11.0, 11.0, 10.7, 10.85]
['2017-01-19', 10.85, 10.95, 10.4, 10.5]
['2017-01-20', 10.9, 11.2, 10.5, 10.6]
['2017-01-23', 10.55, 10.65, 10.05, 10.25]
['2017-01-24', 10.2, 10.45, 10.05, 10.3]
['2017-01-25', 10.35, 10.5, 10.1, 10.2]
['2017-01-26', 10.2, 10.7, 9.95, 10.35]
['2017-01-27', 10.3, 10.88, 10.15, 10.75]
['2017-01-30', 10.7, 10.7, 10.3, 10.35]
['2017-01-31', 10.25, 10.75, 10.0, 10.6]
['2017-02-01', 10.65, 10.9, 10.3, 10.5]
['2017-02-02', 10.45, 10.85, 10.16, 10.7]
['2017-02-03', 10.8, 11.15, 10.5, 11.0]
['2017-02-06', 10.9, 11.1, 10.68, 10.95]
['2017-02-07', 10.95, 11.0, 10.15, 10.15]
['2017-02-08', 10.0, 10.5, 9.65, 9.95]
['2017-02-09', 9.9, 10.2, 9.85, 9.95]
['2017-02-10', 10.0, 10.45, 9.8, 10.0]
['2017-02-13', 10.05, 10.6, 9.95, 10.25]
['2017-02-14', 10.2, 10.9, 10.15, 10.6]
['2017-02-15', 10.5, 10.52, 9.9, 10.05]
['2017-02-16', 10.0, 10.1, 9.65, 9.95]
['2017-02-17', 9.95, 10.0, 9.6, 9.9]
['2017-02-21', 9.95, 10.0, 9.35, 9.4]
['2017-02-22', 9.45, 9.5, 9.12, 9.25]
['2017-02-23', 9.3, 9.35, 8.65, 8.75]
['2017-02-24', 8.7, 8.85, 8.55, 8.65]
['2017-02-27', 8.6, 9.05, 8.6, 8.8]
['2017-02-28', 8.8, 9.0, 8.65, 8.75]
['2017-03-01', 8.85, 9.2, 8.55, 8.7]
['2017-03-02', 8.7, 8.85, 7.95, 8.15]
['2017-03-03', 8.25, 8.5, 7.85, 8.3]
['2017-03-06', 8.45, 9.27, 8.4, 8.8]
['2017-03-07', 8.8, 9.0, 8.5, 8.65]
['2017-03-08', 8.65, 8.9, 8.5, 8.65]
['2017-03-09', 8.65, 8.8, 8.35, 8.45]
['2017-03-10', 8.6, 8.75, 8.4, 8.7]
['2017-03-13', 8.8, 8.9, 8.35, 8.65]
['2017-03-14', 8.55, 8.65, 8.35, 8.5]
['2017-03-15', 8.5, 8.65, 8.32, 8.5]
['2017-03-16', 8.45, 8.65, 8.25, 8.4]
['2017-03-17', 8.35, 8.45, 8.15, 8.15]
['2017-03-20', 8.15, 8.2, 7.5, 7.75]
['2017-03-21', 7.9, 8.2, 7.6, 7.65]
['2017-03-22', 7.6, 7.85, 7.55, 7.75]
['2017-03-23', 7.75, 7.95, 7.4, 7.75]
['2017-03-24', 7.75, 7.82, 7.5, 7.6]
['2017-03-27', 7.55, 8.5, 7.5, 8.45]
['2017-03-28', 8.5, 8.85, 8.25, 8.65]
['2017-03-29', 8.7, 9.05, 8.63, 8.85]
['2017-03-30', 8.85, 8.95, 8.1, 8.2]
['2017-03-31', 8.25, 8.45, 8.1, 8.1]
['2017-04-03', 8.15, 8.4, 8.0, 8.0]
['2017-04-04', 7.95, 8.1, 7.15, 7.45]
['2017-04-05', 7.5, 7.7, 7.3, 7.5]
['2017-04-06', 7.45, 7.5, 7.25, 7.45]
['2017-04-07', 7.4, 7.45, 7.25, 7.4]
['2017-04-10', 7.35, 7.45, 7.25, 7.3]
['2017-04-11', 7.25, 7.45, 7.2, 7.35]
['2017-04-12', 7.3, 7.45, 7.15, 7.25]
['2017-04-13', 7.15, 7.45, 7.15, 7.25]
['2017-04-17', 7.2, 7.45, 7.2, 7.25]
['2017-04-18', 7.2, 7.3, 6.9, 7.1]
['2017-04-19', 7.15, 7.35, 6.95, 7.2]
['2017-04-20', 7.3, 7.32, 6.9, 7.0]
['2017-04-21', 7.0, 7.05, 6.7, 6.8]
['2017-04-24', 6.9, 6.9, 6.6, 6.75]
['2017-04-25', 6.7, 7.2, 6.7, 7.1]
['2017-04-26', 7.1, 7.65, 7.1, 7.65]
['2017-04-27', 7.7, 7.8, 7.57, 7.7]
['2017-04-28', 7.7, 7.75, 7.5, 7.6]
['2017-05-01', 7.6, 7.75, 7.3, 7.45]
['2017-05-02', 7.5, 7.65, 7.15, 7.25]
['2017-05-03', 7.2, 7.3, 6.7, 6.75]
['2017-05-04', 6.7, 7.0, 6.5, 6.6]
['2017-05-05', 6.65, 6.65, 6.5, 6.6]
['2017-05-08', 6.55, 6.85, 6.5, 6.8]
['2017-05-09', 6.9, 6.9, 6.7, 6.8]
['2017-05-10', 6.75, 7.2, 6.75, 7.0]
['2017-05-11', 6.95, 7.1, 6.75, 7.0]
['2017-05-12', 7.0, 7.7, 7.0, 7.5]
['2017-05-15', 8.05, 8.5, 7.8, 8.3]
['2017-05-16', 8.35, 8.35, 7.9, 8.0]
['2017-05-17', 8.0, 8.03, 7.68, 7.85]
['2017-05-18', 7.9, 8.2, 7.85, 8.1]
['2017-05-19', 8.1, 8.25, 8.0, 8.0]
['2017-05-22', 8.0, 8.05, 7.55, 7.65]
['2017-05-23', 7.6, 7.65, 7.15, 7.3]
['2017-05-24', 7.25, 7.45, 7.2, 7.35]
['2017-05-25', 7.35, 7.75, 7.25, 7.65]
['2017-05-26', 7.6, 8.35, 7.6, 8.3]
['2017-05-30', 8.35, 8.75, 7.8, 8.55]
['2017-05-31', 8.55, 8.7, 8.05, 8.25]
['2017-06-01', 9.45, 11.15, 9.15, 10.0]
['2017-06-02', 9.95, 10.5, 9.6, 9.95]
['2017-06-05', 10.05, 10.2, 9.05, 9.5]
['2017-06-06', 9.35, 9.48, 9.0, 9.2]
['2017-06-07', 9.25, 9.55, 8.85, 8.95]
['2017-06-08', 9.05, 9.3, 8.8, 9.25]
['2017-06-09', 9.3, 9.6, 9.0, 9.1]
['2017-06-12', 9.05, 9.45, 9.05, 9.25]
['2017-06-13', 9.2, 9.55, 9.15, 9.55]
['2017-06-14', 9.5, 9.8, 9.5, 9.65]
['2017-06-15', 9.65, 9.85, 9.35, 9.65]
['2017-06-16', 9.55, 9.8, 9.48, 9.7]
['2017-06-19', 9.8, 10.1, 9.8, 9.9]
['2017-06-20', 9.95, 10.15, 9.45, 9.7]
['2017-06-21', 9.75, 9.95, 9.35, 9.7]
['2017-06-22', 9.7, 10.05, 9.52, 9.55]
['2017-06-23', 9.55, 9.9, 9.36, 9.5]
['2017-06-26', 9.55, 9.55, 9.05, 9.3]
['2017-06-27', 9.3, 9.3, 8.6, 8.6]
['2017-06-28', 8.3, 8.65, 7.85, 7.95]
['2017-06-29', 8.0, 8.85, 7.95, 8.75]
['2017-06-30', 8.75, 9.15, 8.45, 8.85]
['2017-07-03', 8.9, 9.75, 8.9, 9.65]
['2017-07-05', 10.1, 10.15, 9.45, 9.65]
['2017-07-06', 9.5, 9.9, 9.46, 9.55]
['2017-07-07', 9.65, 9.75, 9.15, 9.15]
['2017-07-10', 9.15, 9.2, 8.45, 8.65]
['2017-07-11', 8.6, 8.8, 8.4, 8.75]
['2017-07-12', 8.8, 8.93, 8.65, 8.75]
['2017-07-13', 8.85, 8.93, 8.55, 8.85]
['2017-07-14', 8.8, 8.9, 8.5, 8.6]
['2017-07-17', 8.6, 8.7, 8.15, 8.2]
['2017-07-18', 8.25, 8.4, 8.1, 8.25]
['2017-07-19', 8.35, 8.6, 8.1, 8.2]
['2017-07-20', 8.15, 8.3, 8.0, 8.2]
['2017-07-21', 8.25, 8.25, 7.75, 7.85]
['2017-07-24', 7.95, 7.95, 7.65, 7.8]
['2017-07-25', 7.85, 8.1, 7.6, 7.65]
['2017-07-26', 7.65, 7.75, 7.4, 7.45]
['2017-07-27', 7.4, 7.5, 6.7, 6.75]
['2017-07-28', 6.8, 6.9, 6.5, 6.6]
['2017-07-31', 6.65, 6.85, 6.4, 6.65]
['2017-08-01', 6.7, 7.25, 6.55, 7.1]
['2017-08-02', 7.0, 7.0, 6.5, 6.7]
['2017-08-03', 6.75, 6.75, 6.2, 6.4]
['2017-08-04', 6.35, 6.85, 6.3, 6.6]
['2017-08-07', 6.6, 6.88, 6.6, 6.7]
['2017-08-08', 6.72, 6.81, 6.55, 6.7]
['2017-08-09', 6.6, 6.75, 6.45, 6.7]
['2017-08-10', 6.65, 6.75, 6.3, 6.6]
['2017-08-11', 6.65, 7.0, 6.4, 6.5]
['2017-08-14', 6.5, 6.8, 6.43, 6.65]
['2017-08-15', 6.7, 6.7, 6.4, 6.6]
['2017-08-16', 6.6, 6.65, 6.25, 6.4]
['2017-08-17', 6.4, 6.45, 6.1, 6.1]
['2017-08-18', 6.0, 6.3, 5.85, 5.95]
['2017-08-21', 6.0, 6.0, 5.75, 5.85]
['2017-08-22', 5.85, 6.0, 5.55, 5.7]
['2017-08-23', 5.7, 5.95, 5.6, 5.9]
['2017-08-24', 5.9, 6.0, 5.7, 5.8]
['2017-08-25', 5.9, 5.99, 5.75, 5.85]
['2017-08-28', 5.9, 6.1, 5.85, 5.95]
['2017-08-29', 6.05, 6.15, 5.85, 6.1]
['2017-08-30', 6.15, 6.25, 6.1, 6.15]
['2017-08-31', 6.15, 6.3, 5.97, 6.05]
['2017-09-01', 6.25, 7.0, 6.2, 6.45]
['2017-09-05', 6.45, 6.75, 6.35, 6.5]
['2017-09-06', 6.6, 7.03, 6.45, 7.0]
['2017-09-07', 7.1, 7.25, 6.9, 7.15]
['2017-09-08', 7.2, 7.2, 6.75, 6.9]
['2017-09-11', 6.9, 6.9, 6.8, 6.85]
['2017-09-12', 6.85, 7.85, 6.8, 7.4]
['2017-09-13', 7.45, 7.65, 7.05, 7.3]
['2017-09-14', 7.35, 7.45, 7.1, 7.35]
['2017-09-15', 7.4, 7.4, 7.15, 7.25]
['2017-09-18', 7.3, 7.45, 7.1, 7.3]
['2017-09-19', 7.25, 7.38, 7.05, 7.35]
['2017-09-20', 7.4, 7.5, 7.05, 7.1]
['2017-09-21', 7.15, 7.15, 6.75, 6.85]
['2017-09-22', 6.75, 7.0, 6.75, 6.9]
['2017-09-25', 6.9, 7.15, 6.75, 6.95]
['2017-09-26', 7.0, 7.1, 6.85, 6.95]
['2017-09-27', 7.05, 7.05, 6.9, 7.0]
['2017-09-28', 7.0, 7.3, 6.9, 7.3]
['2017-09-29', 7.2, 7.7, 7.2, 7.6]
['2017-10-02', 7.6, 7.9, 7.6, 7.9]
['2017-10-03', 7.85, 7.9, 7.4, 7.9]
['2017-10-04', 7.8, 7.9, 7.6, 7.7]
['2017-10-05', 7.8, 7.9, 7.6, 7.8]
['2017-10-06', 7.8, 7.8, 7.45, 7.55]
['2017-10-09', 7.45, 7.8, 7.45, 7.75]
['2017-10-10', 7.7, 7.75, 7.4, 7.5]
['2017-10-11', 7.45, 7.85, 7.45, 7.75]
['2017-10-12', 7.7, 7.75, 7.21, 7.45]
['2017-10-13', 7.5, 7.53, 7.15, 7.25]
['2017-10-16', 7.35, 7.4, 7.0, 7.15]
['2017-10-17', 7.05, 7.2, 6.95, 7.15]
['2017-10-18', 7.1, 7.4, 7.05, 7.35]
['2017-10-19', 7.3, 7.5, 6.9, 7.15]
['2017-10-20', 7.25, 7.45, 7.1, 7.45]
['2017-10-23', 7.4, 7.5, 7.12, 7.25]
['2017-10-24', 7.35, 7.35, 6.8, 6.9]
['2017-10-25', 6.9, 6.95, 6.6, 6.65]
['2017-10-26', 6.65, 6.7, 6.2, 6.3]
['2017-10-27', 6.35, 6.6, 6.15, 6.5]
['2017-10-30', 6.8, 6.8, 6.45, 6.5]
['2017-10-31', 6.6, 6.6, 6.25, 6.3]
['2017-11-01', 6.4, 6.4, 5.88, 6.0]
['2017-11-02', 5.95, 6.3, 5.95, 6.15]
['2017-11-03', 6.15, 6.2, 5.95, 6.0]
['2017-11-06', 6.0, 6.0, 5.6, 5.75]
['2017-11-07', 5.8, 6.0, 5.35, 5.4]
['2017-11-08', 5.45, 5.5, 5.05, 5.1]
['2017-11-09', 5.0, 5.35, 4.95, 5.0]
['2017-11-10', 5.0, 5.4, 4.9, 5.2]
['2017-11-13', 5.1, 5.5, 4.93, 4.95]
['2017-11-14', 5.0, 5.25, 4.8, 5.15]
['2017-11-15', 5.05, 5.25, 5.05, 5.1]
['2017-11-16', 5.15, 5.4, 5.1, 5.2]
['2017-11-17', 5.1, 5.25, 5.1, 5.2]
['2017-11-20', 5.3, 5.4, 5.2, 5.25]
['2017-11-21', 5.25, 5.45, 5.05, 5.2]
['2017-11-22', 5.25, 5.45, 5.2, 5.4]
['2017-11-24', 5.4, 5.45, 5.3, 5.35]
['2017-11-27', 5.3, 5.35, 5.2, 5.25]
['2017-11-28', 5.2, 5.65, 5.2, 5.6]
['2017-11-29', 5.6, 6.3, 5.6, 6.05]
['2017-11-30', 6.15, 6.2, 5.65, 5.75]
['2017-12-01', 5.75, 6.0, 5.3, 5.55]
['2017-12-04', 5.65, 5.9, 5.55, 5.6]
['2017-12-05', 5.65, 5.9, 5.15, 5.4]
['2017-12-06', 5.4, 5.45, 5.05, 5.2]
['2017-12-07', 5.25, 5.65, 5.17, 5.6]
['2017-12-08', 5.6, 5.95, 5.5, 5.7]
['2017-12-11', 5.75, 6.1, 5.75, 6.05]
['2017-12-12', 6.05, 6.1, 5.65, 5.85]
['2017-12-13', 5.9, 6.25, 5.9, 6.1]
['2017-12-14', 6.05, 6.1, 5.7, 5.75]
['2017-12-15', 5.85, 6.0, 5.6, 5.95]
['2017-12-18', 6.0, 6.2, 5.75, 5.8]
['2017-12-19', 5.85, 5.95, 5.5, 5.65]
['2017-12-20', 5.7, 5.9, 5.6, 5.8]
['2017-12-21', 5.8, 6.3, 5.7, 6.25]
['2017-12-22', 6.2, 6.3, 5.9, 6.05]
['2017-12-26', 6.1, 6.5, 5.95, 6.4]
['2017-12-27', 6.35, 6.4, 6.0, 6.15]
['2017-12-28', 6.2, 6.5, 6.1, 6.35]
['2017-12-29', 6.3, 6.4, 6.05, 6.05]
['2018-01-02', 6.1, 6.3, 6.05, 6.2]
['2018-01-03', 6.25, 6.3, 6.1, 6.15]
['2018-01-04', 6.2, 6.25, 5.95, 6.05]
['2018-01-05', 6.05, 6.2, 5.9, 6.0]
['2018-01-08', 6.0, 6.0, 5.5, 5.55]
['2018-01-09', 5.6, 5.65, 5.3, 5.35]
['2018-01-10', 5.3, 5.55, 5.2, 5.5]
['2018-01-11', 5.55, 6.1, 5.4, 6.05]
['2018-01-12', 6.05, 6.35, 5.9, 6.25]
['2018-01-16', 6.35, 6.6, 6.1, 6.5]
['2018-01-17', 6.4, 6.65, 6.0, 6.55]
['2018-01-18', 6.6, 6.65, 6.2, 6.55]
['2018-01-19', 6.55, 7.25, 6.4, 6.8]
['2018-01-22', 6.8, 7.1, 6.5, 6.65]
['2018-01-23', 6.65, 6.9, 6.5, 6.6]
['2018-01-24', 6.8, 6.95, 6.5, 6.8]
['2018-01-25', 6.9, 7.1, 6.75, 7.0]
['2018-01-26', 7.1, 7.2, 6.55, 6.6]
['2018-01-29', 6.55, 6.85, 6.0, 6.1]
['2018-01-30', 6.05, 6.5, 5.9, 6.25]
['2018-01-31', 6.25, 6.65, 6.25, 6.4]
['2018-02-01', 6.35, 6.65, 6.22, 6.45]
['2018-02-02', 6.35, 6.5, 6.05, 6.2]
['2018-02-05', 6.1, 6.3, 5.65, 5.75]
['2018-02-06', 5.55, 5.95, 5.35, 5.6]
['2018-02-07', 5.6, 6.4, 5.6, 6.15]
['2018-02-08', 6.2, 6.38, 5.7, 5.7]
['2018-02-09', 5.8, 6.0, 5.2, 5.55]
['2018-02-12', 5.55, 5.75, 5.35, 5.55]
['2018-02-13', 5.5, 5.7, 5.4, 5.6]
['2018-02-14', 5.5, 5.75, 5.45, 5.65]
['2018-02-15', 5.75, 5.75, 5.45, 5.5]
['2018-02-16', 5.45, 5.65, 5.3, 5.45]
['2018-02-20', 5.35, 5.55, 5.15, 5.18]
['2018-02-21', 5.15, 5.55, 5.05, 5.3]
['2018-02-22', 5.35, 5.55, 5.1, 5.2]
['2018-02-23', 5.25, 5.6, 5.15, 5.55]
['2018-02-26', 5.6, 5.85, 5.55, 5.75]
['2018-02-27', 5.65, 5.8, 5.45, 5.5]
['2018-02-28', 5.5, 5.5, 5.15, 5.25]
['2018-03-01', 5.2, 5.35, 5.0, 5.05]
['2018-03-02', 5.05, 5.35, 5.0, 5.2]
['2018-03-05', 5.2, 5.45, 5.2, 5.35]
['2018-03-06', 5.4, 5.6, 5.2, 5.45]
['2018-03-07', 5.45, 5.75, 5.4, 5.7]
['2018-03-08', 5.7, 5.75, 5.5, 5.55]
['2018-03-09', 5.65, 5.85, 5.45, 5.75]
['2018-03-12', 5.35, 6.15, 5.35, 5.95]
['2018-03-13', 6.05, 6.6, 6.0, 6.45]
['2018-03-14', 6.5, 6.75, 6.3, 6.45]
['2018-03-15', 6.5, 6.55, 6.25, 6.35]
['2018-03-16', 6.3, 6.45, 6.2, 6.3]
['2018-03-19', 6.3, 6.85, 6.05, 6.65]
['2018-03-20', 6.7, 6.85, 6.32, 6.65]
['2018-03-21', 6.7, 6.8, 6.35, 6.7]
['2018-03-22', 6.6, 6.85, 6.45, 6.5]
['2018-03-23', 6.5, 6.65, 6.35, 6.4]
['2018-03-26', 6.75, 6.8, 6.25, 6.5]
['2018-03-27', 6.5, 6.55, 6.0, 6.05]
['2018-03-28', 6.1, 6.45, 5.9, 6.35]
['2018-03-29', 6.35, 6.55, 6.2, 6.25]
['2018-04-02', 6.25, 6.3, 5.95, 6.2]
['2018-04-03', 6.25, 6.75, 6.1, 6.6]
['2018-04-04', 6.5, 7.65, 6.45, 7.35]
['2018-04-05', 7.35, 7.45, 6.85, 6.9]
['2018-04-06', 6.65, 7.0, 6.6, 6.8]
['2018-04-09', 6.85, 7.15, 6.65, 6.65]
['2018-04-10', 6.75, 7.05, 6.55, 6.85]
['2018-04-11', 6.85, 7.2, 6.85, 6.95]
['2018-04-12', 7.05, 7.3, 7.0, 7.1]
['2018-04-13', 7.1, 7.1, 6.75, 6.9]
['2018-04-16', 6.95, 7.0, 6.8, 6.9]
['2018-04-17', 6.9, 7.4, 6.9, 7.2]
['2018-04-18', 7.25, 7.4, 6.95, 7.25]
['2018-04-19', 7.2, 7.4, 6.9, 7.15]
['2018-04-20', 7.05, 7.35, 6.9, 7.2]
['2018-04-23', 7.25, 7.5, 7.15, 7.3]
['2018-04-24', 7.4, 7.45, 6.97, 7.3]
['2018-04-25', 7.35, 7.35, 6.8, 6.85]
['2018-04-26', 6.9, 6.95, 6.7, 6.8]
['2018-04-27', 6.75, 6.85, 6.4, 6.43]
['2018-04-30', 6.45, 6.85, 6.2, 6.55]
['2018-05-01', 6.5, 6.7, 6.4, 6.65]
['2018-05-02', 6.6, 7.0, 6.6, 6.8]
['2018-05-03', 6.65, 6.95, 6.1, 6.15]
['2018-05-04', 6.1, 6.25, 6.05, 6.2]
['2018-05-07', 6.25, 6.5, 6.05, 6.1]
['2018-05-08', 6.05, 6.2, 5.8, 6.1]
['2018-05-09', 6.1, 6.3, 5.95, 6.1]
['2018-05-10', 6.15, 6.25, 6.0, 6.15]
['2018-05-11', 6.15, 6.65, 6.1, 6.5]
['2018-05-14', 6.6, 7.18, 6.45, 6.5]
['2018-05-15', 6.5, 6.75, 6.3, 6.65]
['2018-05-16', 6.65, 6.85, 6.47, 6.5]
['2018-05-17', 6.75, 7.55, 6.55, 7.4]
['2018-05-18', 7.45, 8.4, 7.35, 7.95]
['2018-05-21', 8.05, 8.35, 7.55, 7.7]
['2018-05-22', 7.65, 8.25, 7.5, 8.0]
['2018-05-23', 8.05, 8.7, 8.0, 8.55]
['2018-05-24', 8.5, 9.0, 8.25, 8.95]
['2018-05-25', 9.0, 9.15, 8.45, 8.8]
['2018-05-29', 8.8, 9.0, 8.65, 8.8]
['2018-05-30', 8.8, 9.15, 8.8, 9.1]
['2018-05-31', 9.15, 9.25, 8.75, 8.8]
['2018-06-01', 8.75, 8.85, 8.35, 8.8]
['2018-06-04', 8.85, 8.93, 8.46, 8.5]
['2018-06-05', 8.45, 8.7, 8.4, 8.6]
['2018-06-06', 8.55, 8.55, 8.0, 8.4]
['2018-06-07', 8.45, 8.5, 8.2, 8.25]
['2018-06-08', 8.3, 8.55, 8.2, 8.5]
['2018-06-11', 8.5, 8.55, 8.35, 8.45]
['2018-06-12', 8.4, 8.5, 8.15, 8.5]
['2018-06-13', 8.5, 8.8, 8.3, 8.5]
['2018-06-14', 8.55, 8.7, 8.45, 8.65]
['2018-06-15', 8.6, 8.95, 8.6, 8.85]
['2018-06-18', 8.8, 9.1, 8.7, 9.05]
['2018-06-19', 8.95, 9.25, 8.8, 8.9]
['2018-06-20', 8.9, 9.15, 8.9, 9.0]
['2018-06-21', 8.95, 9.05, 8.45, 8.7]
['2018-06-22', 8.7, 8.9, 8.6, 8.85]
['2018-06-25', 8.7, 8.82, 8.45, 8.55]
['2018-06-26', 8.55, 8.75, 8.2, 8.55]
['2018-06-27', 8.5, 8.65, 8.2, 8.25]
['2018-06-28', 8.2, 8.35, 8.0, 8.05]
['2018-06-29', 8.05, 8.25, 7.9, 8.25]
['2018-07-02', 8.2, 8.6, 7.93, 8.3]
['2018-07-03', 8.4, 8.65, 8.35, 8.55]
['2018-07-05', 8.55, 8.7, 8.4, 8.6]
['2018-07-06', 8.6, 8.85, 8.55, 8.7]
['2018-07-09', 8.65, 8.65, 8.45, 8.6]
['2018-07-10', 8.65, 8.65, 8.45, 8.45]
['2018-07-11', 8.5, 8.55, 8.25, 8.4]
['2018-07-12', 8.45, 8.7, 8.32, 8.6]
['2018-07-13', 8.65, 8.85, 8.4, 8.5]
['2018-07-16', 8.5, 8.5, 7.9, 8.2]
['2018-07-17', 8.2, 8.4, 8.1, 8.15]
['2018-07-18', 8.1, 8.15, 7.93, 8.1]
['2018-07-19', 8.05, 8.3, 8.0, 8.2]
['2018-07-20', 8.2, 8.4, 7.95, 8.0]
['2018-07-23', 7.95, 8.05, 7.8, 7.95]
['2018-07-24', 8.0, 8.2, 7.6, 8.0]
['2018-07-25', 8.0, 8.45, 8.0, 8.25]
['2018-07-26', 8.3, 8.65, 8.21, 8.45]
['2018-07-27', 8.45, 8.45, 7.7, 7.95]
['2018-07-30', 7.9, 8.05, 7.8, 7.9]
['2018-07-31', 7.8, 8.1, 7.8, 8.05]
['2018-08-01', 8.05, 8.05, 7.75, 7.95]
['2018-08-02', 8.2, 8.2, 7.7, 7.85]
['2018-08-03', 8.4, 8.4, 7.65, 7.9]
['2018-08-06', 7.95, 8.0, 7.55, 7.65]
['2018-08-07', 7.65, 8.0, 7.15, 7.9]
['2018-08-08', 7.95, 8.25, 7.8, 8.1]
['2018-08-09', 8.1, 8.7, 8.0, 8.5]
['2018-08-10', 8.5, 8.7, 8.4, 8.45]
['2018-08-13', 8.5, 8.6, 8.18, 8.45]
['2018-08-14', 8.5, 8.5, 8.27, 8.4]
['2018-08-15', 8.4, 8.55, 8.2, 8.5]
['2018-08-16', 8.55, 8.75, 8.45, 8.7]
['2018-08-17', 8.65, 9.25, 8.55, 8.9]
['2018-08-20', 9.1, 9.1, 8.75, 8.85]
['2018-08-21', 8.9, 8.95, 8.76, 8.95]
['2018-08-22', 9.0, 9.75, 8.75, 9.7]
['2018-08-23', 9.8, 10.2, 9.4, 9.55]
['2018-08-24', 9.55, 10.65, 9.55, 10.1]
['2018-08-27', 10.2, 10.3, 9.7, 10.2]
['2018-08-28', 10.2, 10.6, 10.1, 10.15]
['2018-08-29', 10.1, 10.35, 9.9, 9.95]
['2018-08-30', 9.9, 10.55, 9.9, 10.5]
['2018-08-31', 10.45, 10.85, 10.25, 10.4]
['2018-09-04', 10.4, 10.6, 10.05, 10.45]
['2018-09-05', 10.45, 10.55, 10.25, 10.45]
['2018-09-06', 10.45, 10.45, 9.95, 10.35]
['2018-09-07', 10.35, 10.6, 10.15, 10.45]
['2018-09-10', 10.5, 10.5, 9.7, 9.75]
['2018-09-11', 9.75, 10.15, 9.35, 9.88]
['2018-09-12', 10.15, 10.75, 10.15, 10.5]
['2018-09-13', 10.5, 11.1, 10.35, 10.45]
['2018-09-14', 10.4, 10.95, 10.1, 10.5]
['2018-09-17', 10.5, 10.7, 10.45, 10.6]
['2018-09-18', 10.6, 11.35, 10.6, 11.1]
['2018-09-19', 11.05, 11.25, 10.94, 11.1]
['2018-09-20', 11.1, 12.35, 11.1, 12.2]
['2018-09-21', 12.15, 12.2, 11.45, 12.15]
['2018-09-24', 12.15, 12.5, 12.0, 12.3]
['2018-09-25', 12.3, 12.85, 12.0, 12.5]
['2018-09-26', 12.5, 12.95, 12.4, 12.45]
['2018-09-27', 12.55, 12.95, 12.35, 12.55]
['2018-09-28', 12.55, 12.9, 12.45, 12.55]
['2018-10-01', 12.64, 12.8, 11.56, 11.9]
['2018-10-02', 11.94, 11.99, 11.52, 11.7]
['2018-10-03', 11.69, 11.94, 11.25, 11.81]
['2018-10-04', 11.8, 11.85, 11.49, 11.52]
['2018-10-05', 11.4, 11.74, 11.13, 11.38]
['2018-10-08', 11.37, 11.54, 10.79, 11.18]
['2018-10-09', 11.11, 11.38, 10.4, 10.55]
['2018-10-10', 10.54, 10.68, 10.26, 10.35]
['2018-10-11', 10.3, 10.72, 9.91, 9.92]
['2018-10-12', 10.09, 10.2, 9.73, 9.75]
['2018-10-15', 9.72, 10.05, 9.45, 9.9]
['2018-10-16', 10.03, 10.75, 10.0, 10.68]
['2018-10-17', 10.74, 10.91, 10.38, 10.86]
['2018-10-18', 10.83, 11.41, 10.52, 10.72]
['2018-10-19', 10.74, 10.81, 10.42, 10.57]
['2018-10-22', 10.69, 10.85, 10.27, 10.73]
['2018-10-23', 10.55, 11.25, 10.38, 10.86]
['2018-10-24', 10.86, 10.95, 10.55, 10.6]
['2018-10-25', 10.68, 11.53, 10.64, 11.02]
['2018-10-26', 10.82, 10.97, 10.43, 10.75]
['2018-10-29', 10.88, 10.88, 10.18, 10.45]
['2018-10-30', 10.44, 10.88, 10.44, 10.77]
['2018-10-31', 10.89, 11.07, 10.74, 10.97]
['2018-11-01', 11.0, 11.45, 11.0, 11.45]
['2018-11-02', 11.56, 11.89, 11.26, 11.7]
['2018-11-05', 11.7, 11.7, 10.07, 10.56]
['2018-11-06', 10.51, 10.74, 9.69, 9.72]
['2018-11-07', 9.78, 10.79, 9.62, 10.27]
['2018-11-08', 10.27, 10.49, 10.03, 10.21]
['2018-11-09', 10.09, 10.28, 9.54, 9.55]
['2018-11-12', 9.4, 9.43, 8.3, 8.44]
['2018-11-13', 8.51, 8.94, 8.14, 8.15]
['2018-11-14', 8.22, 8.78, 7.74, 8.28]
['2018-11-15', 8.18, 8.32, 7.86, 8.3]
['2018-11-16', 8.21, 8.56, 8.19, 8.4]
['2018-11-19', 8.35, 8.65, 8.21, 8.33]
['2018-11-20', 8.2, 8.64, 8.0, 8.4]
['2018-11-21', 8.45, 8.69, 8.39, 8.66]
['2018-11-23', 8.7, 9.12, 8.7, 8.81]
['2018-11-26', 8.92, 8.98, 8.53, 8.71]
['2018-11-27', 8.67, 8.67, 7.82, 7.92]
['2018-11-28', 7.95, 8.33, 7.85, 8.28]
['2018-11-29', 8.17, 8.22, 7.8, 7.82]
['2018-11-30', 7.71, 8.07, 7.63, 7.91]
['2018-12-03', 8.05, 8.16, 7.99, 8.06]
['2018-12-04', 8.09, 8.24, 7.76, 7.81]
['2018-12-06', 7.75, 7.98, 7.62, 7.91]
['2018-12-07', 7.9, 8.09, 7.77, 7.94]
['2018-12-10', 7.97, 8.13, 7.71, 7.95]
['2018-12-11', 8.1, 8.18, 7.82, 7.96]
['2018-12-12', 7.96, 8.25, 7.88, 7.9]
['2018-12-13', 8.03, 8.24, 7.81, 7.82]
['2018-12-14', 7.72, 8.09, 7.71, 7.84]
['2018-12-17', 7.8, 7.8, 7.24, 7.34]
['2018-12-18', 7.44, 7.46, 7.1, 7.14]
['2018-12-19', 7.18, 7.42, 6.68, 6.73]
['2018-12-20', 6.72, 6.77, 6.28, 6.48]
['2018-12-21', 6.46, 6.46, 6.04, 6.1]
['2018-12-24', 6.01, 6.32, 5.99, 6.18]
['2018-12-26', 6.24, 6.71, 6.06, 6.64]
['2018-12-27', 6.6, 7.12, 6.34, 6.45]
['2018-12-28', 6.48, 6.88, 6.37, 6.65]
['2018-12-31', 6.72, 6.95, 6.51, 6.74]
['2019-01-02', 6.66, 7.16, 6.66, 6.92]
['2019-01-03', 6.89, 6.99, 6.63, 6.64]
['2019-01-04', 6.73, 7.0, 6.61, 6.81]
['2019-01-07', 6.87, 7.23, 6.8, 7.01]
['2019-01-08', 7.14, 7.5, 7.06, 7.47]
['2019-01-09', 7.54, 7.61, 7.24, 7.61]
['2019-01-10', 7.55, 7.74, 7.24, 7.61]
['2019-01-11', 7.53, 7.71, 7.41, 7.59]
['2019-01-14', 7.52, 7.59, 7.27, 7.3]
['2019-01-15', 7.35, 7.53, 7.1, 7.14]
['2019-01-16', 7.1, 7.34, 7.09, 7.21]
['2019-01-17', 7.17, 7.48, 7.11, 7.14]
['2019-01-18', 7.17, 7.18, 6.91, 7.07]
['2019-01-22', 7.05, 7.13, 6.84, 6.94]
['2019-01-23', 6.98, 7.28, 6.81, 7.16]
['2019-01-24', 7.18, 7.19, 6.9, 7.12]
['2019-01-25', 7.19, 7.43, 7.06, 7.08]
['2019-01-28', 7.0, 7.08, 6.42, 6.45]
['2019-01-29', 6.49, 6.49, 6.11, 6.3]
['2019-01-30', 6.29, 6.41, 6.18, 6.3]
['2019-01-31', 6.29, 6.85, 6.27, 6.58]
['2019-02-01', 6.58, 6.68, 6.37, 6.5]
['2019-02-04', 6.51, 6.76, 6.5, 6.62]
['2019-02-05', 6.63, 6.91, 6.63, 6.7]
['2019-02-06', 6.69, 6.73, 6.52, 6.7]
['2019-02-07', 6.71, 6.91, 6.65, 6.85]
['2019-02-08', 6.81, 7.06, 6.73, 7.05]
['2019-02-11', 7.13, 7.37, 6.97, 7.33]
['2019-02-12', 7.33, 7.47, 7.25, 7.43]
['2019-02-13', 7.46, 7.5, 7.3, 7.33]
['2019-02-14', 7.3, 7.38, 7.26, 7.26]
['2019-02-15', 7.28, 7.68, 7.19, 7.65]
['2019-02-19', 7.66, 7.87, 7.6, 7.8]
['2019-02-20', 7.83, 7.95, 7.64, 7.86]
['2019-02-21', 7.84, 7.91, 7.57, 7.81]
['2019-02-22', 7.86, 7.96, 7.69, 7.94]
['2019-02-25', 8.06, 8.26, 8.02, 8.16]
['2019-02-26', 8.13, 8.24, 7.93, 8.17]
['2019-02-27', 8.18, 8.2, 7.95, 8.03]
['2019-02-28', 7.94, 7.97, 7.74, 7.93]
['2019-03-01', 7.99, 8.31, 7.9, 8.26]
['2019-03-04', 8.42, 8.43, 8.18, 8.37]
['2019-03-05', 8.38, 8.62, 8.31, 8.41]
['2019-03-06', 8.41, 8.49, 7.61, 7.81]
['2019-03-07', 7.8, 8.1, 7.61, 7.99]
['2019-03-08', 7.93, 8.12, 7.55, 7.66]
['2019-03-11', 7.71, 8.15, 7.71, 8.14]
['2019-03-12', 8.14, 8.36, 7.85, 8.11]
['2019-03-13', 8.18, 8.25, 7.93, 8.05]
['2019-03-14', 8.05, 8.17, 7.99, 8.16]
['2019-03-15', 8.19, 8.31, 8.01, 8.25]
['2019-03-18', 8.49, 8.71, 8.36, 8.42]
['2019-03-19', 8.45, 8.55, 8.32, 8.42]
['2019-03-20', 8.42, 8.66, 8.3, 8.46]
['2019-03-21', 8.4, 8.56, 8.25, 8.31]
['2019-03-22', 8.26, 8.29, 7.57, 7.59]
['2019-03-25', 7.57, 7.89, 7.5, 7.76]
['2019-03-26', 7.83, 7.97, 7.79, 7.94]
['2019-03-27', 7.9, 8.1, 7.71, 7.91]
['2019-03-28', 7.95, 8.05, 7.74, 7.83]
['2019-03-29', 7.84, 7.97, 7.79, 7.86]
['2019-04-01', 7.88, 8.05, 7.82, 7.97]
['2019-04-02', 7.95, 8.28, 7.92, 8.17]
['2019-04-03', 8.27, 8.27, 8.01, 8.08]
['2019-04-04', 8.09, 8.27, 8.04, 8.15]
['2019-04-05', 8.22, 8.32, 8.22, 8.3]
['2019-04-08', 8.29, 8.39, 8.14, 8.21]
['2019-04-09', 8.15, 8.15, 7.38, 7.41]
['2019-04-10', 7.46, 7.91, 7.46, 7.6]
['2019-04-11', 7.6, 7.6, 7.32, 7.4]
['2019-04-12', 7.46, 7.46, 7.04, 7.11]
['2019-04-15', 7.15, 7.42, 7.15, 7.37]
['2019-04-16', 7.43, 7.52, 7.19, 7.31]
['2019-04-17', 7.32, 7.32, 7.04, 7.15]
['2019-04-18', 7.11, 7.27, 6.98, 7.03]
['2019-04-22', 7.0, 7.28, 7.0, 7.23]
['2019-04-23', 7.38, 7.46, 7.18, 7.36]
['2019-04-24', 7.4, 7.4, 7.13, 7.25]
['2019-04-25', 7.21, 7.39, 7.21, 7.27]
['2019-04-26', 7.29, 7.61, 7.24, 7.56]
['2019-04-29', 7.47, 7.59, 7.4, 7.49]
['2019-04-30', 7.49, 7.55, 7.08, 7.37]
['2019-05-01', 7.34, 7.4, 7.22, 7.23]
['2019-05-02', 7.24, 7.36, 7.03, 7.19]
['2019-05-03', 7.29, 7.63, 7.23, 7.58]
['2019-05-06', 6.9, 7.51, 6.9, 7.19]
['2019-05-07', 7.0, 7.32, 6.79, 6.9]
['2019-05-08', 6.94, 7.1, 6.86, 6.88]
['2019-05-09', 6.85, 7.06, 6.7, 7.02]
['2019-05-10', 6.99, 7.06, 6.67, 6.91]
['2019-05-13', 5.76, 7.02, 5.51, 6.83]
['2019-05-14', 6.89, 7.59, 6.78, 6.82]
['2019-05-15', 6.79, 6.79, 6.47, 6.48]
['2019-05-16', 6.5, 6.53, 6.17, 6.28]
['2019-05-17', 6.19, 6.25, 5.85, 5.93]
['2019-05-20', 5.88, 6.07, 5.67, 5.73]
['2019-05-21', 5.78, 5.94, 5.67, 5.81]
['2019-05-22', 5.8, 5.8, 5.39, 5.41]
['2019-05-23', 5.33, 5.4, 5.11, 5.15]
['2019-05-24', 5.19, 5.44, 5.12, 5.37]
['2019-05-28', 5.38, 5.52, 5.11, 5.16]
['2019-05-29', 5.19, 5.51, 5.1, 5.21]
['2019-05-30', 5.21, 5.42, 4.92, 4.94]
['2019-05-31', 5.05, 5.42, 4.88, 5.21]
['2019-06-03', 5.25, 5.39, 5.11, 5.31]
['2019-06-04', 5.39, 5.41, 5.03, 5.18]
['2019-06-05', 5.2, 5.2, 4.82, 5.0]
['2019-06-06', 4.98, 5.04, 4.84, 4.93]
['2019-06-07', 4.95, 5.05, 4.89, 5.0]
['2019-06-10', 5.02, 5.2, 4.93, 4.98]
['2019-06-11', 5.02, 5.14, 4.65, 4.7]
['2019-06-12', 4.7, 4.7, 4.49, 4.5]
['2019-06-13', 4.52, 4.62, 4.45, 4.5]
['2019-06-14', 4.55, 4.6, 4.4, 4.4]
['2019-06-17', 4.42, 4.55, 4.36, 4.38]
['2019-06-18', 4.43, 4.52, 4.34, 4.37]
['2019-06-19', 4.36, 4.55, 4.26, 4.48]
['2019-06-20', 4.53, 4.62, 4.2, 4.2]
['2019-06-21', 4.21, 4.37, 4.07, 4.23]
['2019-06-24', 7.77, 8.32, 5.61, 5.93]
['2019-06-25', 5.71, 5.89, 5.45, 5.57]
['2019-06-26', 5.6, 5.7, 5.12, 5.39]
['2019-06-27', 5.42, 5.69, 5.25, 5.46]
['2019-06-28', 5.62, 5.82, 5.49, 5.63]
['2019-07-01', 5.67, 5.77, 5.38, 5.71]
['2019-07-02', 5.76, 6.36, 5.66, 6.22]
['2019-07-03', 6.25, 6.87, 6.25, 6.8]
['2019-07-05', 6.77, 7.24, 6.71, 6.82]
['2019-07-08', 6.76, 6.76, 6.4, 6.51]
['2019-07-09', 6.53, 6.94, 6.53, 6.86]
['2019-07-10', 6.91, 6.91, 6.41, 6.67]
['2019-07-11', 6.74, 6.75, 6.57, 6.65]
['2019-07-12', 6.64, 6.75, 6.49, 6.52]
['2019-07-15', 6.56, 6.56, 6.4, 6.47]
['2019-07-16', 6.47, 6.5, 6.37, 6.39]
['2019-07-17', 6.37, 6.57, 6.36, 6.54]
['2019-07-18', 6.54, 6.6, 6.38, 6.49]
['2019-07-19', 6.48, 6.61, 6.43, 6.53]
['2019-07-22', 6.51, 6.58, 6.26, 6.33]
['2019-07-23', 6.38, 6.59, 6.26, 6.5]
['2019-07-24', 6.52, 6.56, 6.31, 6.44]
['2019-07-25', 6.43, 6.54, 6.35, 6.41]
['2019-07-26', 6.45, 6.53, 6.38, 6.48]
['2019-07-29', 6.5, 6.5, 6.32, 6.41]
['2019-07-30', 6.37, 6.64, 6.31, 6.57]
['2019-07-31', 6.62, 6.72, 6.43, 6.64]
['2019-08-01', 6.66, 6.71, 6.55, 6.65]
['2019-08-02', 6.59, 6.59, 6.4, 6.45]
['2019-08-05', 6.95, 7.05, 6.4, 6.97]
['2019-08-06', 7.08, 7.49, 6.64, 6.73]
['2019-08-07', 6.68, 6.86, 6.56, 6.68]
['2019-08-08', 6.71, 7.09, 6.7, 7.04]
['2019-08-09', 7.02, 7.2, 6.83, 6.84]
['2019-08-12', 6.94, 6.95, 6.74, 6.86]
['2019-08-13', 6.87, 7.08, 6.87, 6.98]
['2019-08-14', 6.91, 6.96, 6.68, 6.74]
['2019-08-15', 6.71, 6.75, 6.34, 6.5]
['2019-08-16', 6.53, 6.82, 6.43, 6.78]
['2019-08-19', 6.87, 6.99, 6.64, 6.96]
['2019-08-20', 6.96, 7.07, 6.8, 6.95]
['2019-08-21', 6.98, 7.36, 6.86, 7.31]
['2019-08-22', 7.3, 7.35, 7.05, 7.15]
['2019-08-23', 7.12, 7.17, 6.75, 6.78]
['2019-08-26', 6.85, 6.89, 6.6, 6.75]
['2019-08-27', 6.78, 6.79, 6.45, 6.47]
['2019-08-28', 6.5, 6.85, 6.41, 6.7]
['2019-08-29', 6.78, 7.0, 6.7, 6.9]
['2019-08-30', 6.9, 7.2, 6.87, 7.14]
['2019-09-03', 7.04, 7.15, 6.89, 7.06]
['2019-09-04', 7.13, 7.41, 7.08, 7.28]
['2019-09-05', 7.38, 7.45, 7.19, 7.39]
['2019-09-06', 7.42, 7.48, 7.14, 7.44]
['2019-09-09', 7.52, 7.57, 7.27, 7.4]
['2019-09-10', 7.41, 7.62, 7.2, 7.6]
['2019-09-11', 7.65, 8.54, 7.65, 8.52]
['2019-09-12', 8.46, 8.58, 8.05, 8.07]
['2019-09-13', 8.1, 8.28, 7.91, 8.0]
['2019-09-16', 7.91, 8.18, 7.9, 8.11]
['2019-09-17', 8.09, 8.18, 7.97, 8.11]
['2019-09-18', 8.6, 8.6, 8.08, 8.42]
['2019-09-19', 8.48, 8.83, 8.23, 8.66]
['2019-09-20', 8.66, 8.83, 8.43, 8.63]
['2019-09-23', 8.56, 8.6, 8.32, 8.39]
['2019-09-24', 8.42, 8.44, 8.15, 8.21]
['2019-09-25', 8.31, 8.52, 8.31, 8.32]
['2019-09-26', 8.3, 8.3, 7.92, 8.23]
['2019-09-27', 8.35, 8.58, 8.13, 8.18]
['2019-09-30', 8.2, 8.25, 7.62, 7.75]
['2019-10-01', 5.77, 6.34, 5.57, 5.71]
['2019-10-02', 5.76, 5.89, 4.89, 4.97]
['2019-10-03', 5.01, 5.16, 4.74, 5.03]
['2019-10-04', 4.99, 5.13, 4.6, 4.7]
['2019-10-07', 4.65, 4.72, 4.45, 4.68]
['2019-10-08', 4.62, 4.79, 4.42, 4.49]
['2019-10-09', 4.54, 4.56, 4.3, 4.37]
['2019-10-10', 4.4, 4.57, 4.3, 4.46]
['2019-10-11', 4.5, 4.65, 4.38, 4.4]
['2019-10-14', 4.39, 4.57, 4.2, 4.27]
['2019-10-15', 4.27, 4.43, 4.24, 4.27]
['2019-10-16', 4.28, 4.39, 4.23, 4.28]
['2019-10-17', 4.32, 4.36, 4.2, 4.22]
['2019-10-18', 4.22, 4.24, 4.07, 4.11]
['2019-10-21', 4.17, 4.2, 4.03, 4.16]
['2019-10-22', 4.17, 4.3, 4.06, 4.08]
['2019-10-23', 4.07, 4.2, 4.05, 4.09]
['2019-10-24', 4.13, 4.16, 4.06, 4.13]
['2019-10-25', 4.15, 4.15, 4.05, 4.08]
['2019-10-28', 4.11, 4.23, 4.01, 4.21]
['2019-10-29', 4.19, 4.4, 4.14, 4.4]
['2019-10-30', 4.41, 4.6, 4.32, 4.59]
['2019-10-31', 4.62, 5.0, 4.53, 4.74]
['2019-11-01', 4.8, 4.84, 4.47, 4.62]
['2019-11-04', 4.85, 4.98, 4.5, 4.65]
['2019-11-05', 4.65, 4.99, 4.6, 4.89]
['2019-11-06', 4.9, 5.38, 4.9, 5.16]
['2019-11-07', 5.2, 5.34, 5.1, 5.23]
['2019-11-08', 5.21, 5.33, 5.17, 5.27]
['2019-11-11', 5.21, 5.22, 4.97, 5.21]
['2019-11-12', 5.18, 5.33, 5.09, 5.19]
['2019-11-13', 5.18, 5.22, 5.03, 5.17]
['2019-11-14', 5.15, 5.3, 5.09, 5.19]
['2019-11-15', 5.25, 5.25, 5.1, 5.16]
['2019-11-18', 5.15, 5.15, 4.82, 5.12]
['2019-11-19', 5.15, 5.91, 5.15, 5.56]
['2019-11-20', 5.53, 5.87, 5.5, 5.72]
['2019-11-21', 5.76, 5.8, 5.62, 5.7]
['2019-11-22', 5.73, 6.1, 5.69, 5.97]
['2019-11-25', 6.01, 6.38, 5.86, 5.97]
['2019-11-26', 5.96, 6.19, 5.66, 6.1]
['2019-11-27', 6.1, 6.29, 6.03, 6.22]
['2019-11-29', 6.22, 6.43, 6.22, 6.25]
['2019-12-02', 6.3, 6.38, 6.07, 6.32]
['2019-12-03', 6.24, 6.37, 6.16, 6.26]
['2019-12-04', 6.27, 6.27, 6.01, 6.15]
['2019-12-05', 6.15, 6.28, 6.05, 6.14]
['2019-12-06', 6.15, 6.27, 6.05, 6.25]
['2019-12-09', 6.24, 7.0, 6.24, 6.77]
['2019-12-10', 6.86, 7.5, 6.61, 7.38]
['2019-12-11', 7.48, 7.55, 7.12, 7.48]
['2019-12-12', 7.42, 7.72, 7.39, 7.55]
['2019-12-13', 7.56, 7.6, 7.28, 7.45]
['2019-12-16', 7.49, 7.64, 7.01, 7.34]
['2019-12-17', 7.27, 7.31, 6.95, 6.96]
['2019-12-18', 6.88, 6.94, 6.44, 6.89]
['2019-12-19', 5.31, 6.2, 5.26, 5.66]
['2019-12-20', 5.67, 6.32, 5.56, 5.98]
['2019-12-23', 6.03, 6.8, 5.95, 6.58]
['2019-12-24', 6.65, 7.23, 6.42, 7.2]
['2019-12-26', 7.25, 7.34, 6.73, 6.89]
['2019-12-27', 6.86, 7.02, 6.65, 6.78]
['2019-12-30', 6.77, 6.85, 6.53, 6.83]
['2019-12-31', 6.83, 7.2, 6.83, 7.11]
['2020-01-02', 7.09, 8.19, 6.9, 7.64]
['2020-01-03', 7.52, 8.0, 7.31, 7.54]
['2020-01-06', 7.47, 7.51, 7.02, 7.2]
['2020-01-07', 7.21, 7.46, 7.04, 7.34]
['2020-01-08', 7.39, 7.57, 7.32, 7.51]
['2020-01-09', 7.52, 7.98, 7.47, 7.8]
['2020-01-10', 7.83, 8.13, 7.7, 7.82]
['2020-01-13', 7.79, 7.82, 7.53, 7.65]
['2020-01-14', 7.64, 7.76, 7.45, 7.69]
['2020-01-15', 7.7, 8.1, 7.7, 8.09]
['2020-01-16', 8.11, 9.09, 8.02, 9.06]
['2020-01-17', 9.07, 9.23, 8.24, 8.36]
['2020-01-21', 8.38, 8.76, 8.28, 8.57]
['2020-01-22', 8.61, 8.65, 8.38, 8.43]
['2020-01-23', 8.41, 8.56, 8.15, 8.48]
['2020-01-24', 8.48, 8.49, 7.62, 8.01]
['2020-01-27', 7.72, 8.35, 7.66, 8.18]
['2020-01-28', 8.3, 8.5, 8.11, 8.49]
['2020-01-29', 8.49, 8.6, 8.04, 8.05]
['2020-01-30', 7.98, 8.14, 7.86, 8.05]
['2020-01-31', 7.98, 8.18, 7.76, 8.13]
['2020-02-03', 8.17, 8.5, 8.17, 8.3]
['2020-02-04', 8.41, 8.41, 8.12, 8.3]
['2020-02-05', 8.41, 8.9, 8.37, 8.73]
['2020-02-06', 8.82, 8.93, 8.61, 8.72]
['2020-02-07', 8.68, 8.76, 8.4, 8.44]
['2020-02-10', 8.49, 8.98, 8.49, 8.62]
['2020-02-11', 8.67, 8.67, 8.47, 8.48]
['2020-02-12', 8.54, 8.6, 8.15, 8.36]
['2020-02-13', 8.33, 8.41, 8.12, 8.25]
['2020-02-14', 8.24, 8.94, 8.16, 8.72]
['2020-02-18', 8.75, 9.13, 8.75, 9.08]
['2020-02-19', 9.14, 9.56, 9.14, 9.23]
['2020-02-20', 9.2, 9.3, 8.69, 9.0]
['2020-02-21', 9.0, 9.14, 8.81, 8.93]
['2020-02-24', 8.65, 9.07, 8.39, 8.99]
['2020-02-25', 9.1, 9.23, 7.88, 7.89]
['2020-02-26', 7.84, 8.12, 7.33, 7.35]
['2020-02-27', 7.19, 7.54, 6.84, 7.18]
['2020-02-28', 6.75, 7.28, 6.63, 7.28]
['2020-03-02', 7.25, 7.82, 7.17, 7.55]
['2020-03-03', 7.59, 7.8, 7.39, 7.73]
['2020-03-04', 7.84, 8.79, 7.84, 8.64]
['2020-03-05', 8.51, 8.82, 8.37, 8.51]
['2020-03-06', 8.21, 8.67, 8.09, 8.43]
['2020-03-09', 7.22, 7.95, 7.05, 7.2]
['2020-03-10', 7.33, 7.38, 6.77, 7.26]
['2020-03-11', 7.05, 7.16, 6.32, 6.36]
['2020-03-12', 6.1, 6.18, 4.94, 5.47]
['2020-03-13', 5.82, 6.33, 5.16, 6.31]
['2020-03-16', 5.25, 5.61, 5.0, 5.21]
['2020-03-17', 5.32, 6.0, 4.91, 5.77]
['2020-03-18', 5.6, 5.7, 4.38, 4.57]
['2020-03-19', 4.57, 5.43, 4.42, 4.86]
['2020-03-20', 4.95, 5.33, 4.86, 4.9]
['2020-03-23', 4.81, 5.26, 4.66, 5.21]
['2020-03-24', 5.43, 5.69, 5.01, 5.47]
['2020-03-25', 5.48, 5.77, 5.25, 5.52]
['2020-03-26', 5.55, 6.14, 5.39, 6.04]
['2020-03-27', 5.88, 6.36, 5.58, 6.25]
['2020-03-30', 6.3, 6.54, 6.23, 6.4]
['2020-03-31', 6.35, 6.49, 5.84, 6.02]
['2020-04-01', 5.85, 5.89, 5.4, 5.59]
['2020-04-02', 5.56, 5.77, 5.45, 5.69]
['2020-04-03', 5.61, 5.75, 5.17, 5.31]
['2020-04-06', 5.57, 5.85, 5.53, 5.7]
['2020-04-07', 5.76, 5.82, 5.43, 5.5]
['2020-04-08', 5.58, 5.8, 5.44, 5.72]
['2020-04-09', 5.82, 6.14, 5.76, 5.85]
['2020-04-13', 5.81, 6.07, 5.8, 5.89]
['2020-04-14', 5.91, 6.6, 5.85, 6.49]
['2020-04-15', 6.31, 6.62, 6.05, 6.54]
['2020-04-16', 6.63, 6.87, 6.29, 6.48]
['2020-04-17', 6.66, 6.89, 6.53, 6.88]
['2020-04-20', 6.82, 7.13, 6.66, 6.91]
['2020-04-21', 6.81, 6.95, 6.6, 6.87]
['2020-04-22', 6.9, 7.34, 6.75, 7.26]
['2020-04-23', 7.2, 8.0, 7.2, 7.84]
['2020-04-24', 7.84, 8.35, 7.65, 8.2]
['2020-04-27', 8.45, 8.96, 8.23, 8.74]
['2020-04-28', 9.0, 9.11, 8.03, 8.34]
['2020-04-29', 8.5, 9.08, 8.5, 8.8]
['2020-04-30', 8.98, 9.27, 8.56, 8.97]
['2020-05-01', 8.75, 9.42, 8.62, 9.39]
['2020-05-04', 9.79, 10.07, 8.97, 9.75]
['2020-05-05', 9.99, 10.6, 9.43, 9.53]
['2020-05-06', 9.62, 10.41, 9.62, 9.79]
['2020-05-07', 10.07, 10.82, 9.93, 10.57]
['2020-05-08', 10.84, 12.2, 10.84, 11.49]
['2020-05-11', 11.51, 12.66, 11.42, 12.55]
['2020-05-12', 12.76, 13.45, 12.35, 12.8]
['2020-05-13', 12.75, 13.66, 12.18, 12.31]
['2020-05-14', 12.68, 13.05, 12.04, 12.57]
['2020-05-15', 12.55, 12.83, 12.23, 12.7]
