['2017-03-16', 14.1, 15.0, 14.0, 14.75]
['2017-03-17', 14.9, 14.9, 14.31, 14.45]
['2017-03-20', 14.73, 14.73, 14.25, 14.49]
['2017-03-21', 14.55, 14.65, 14.4, 14.4]
['2017-03-22', 14.45, 14.67, 14.3, 14.51]
['2017-03-23', 14.51, 14.6, 14.36, 14.39]
['2017-03-24', 14.33, 14.55, 14.32, 14.41]
['2017-03-27', 14.33, 14.54, 14.33, 14.53]
['2017-03-28', 14.51, 14.59, 14.42, 14.53]
['2017-03-29', 14.46, 14.59, 14.4, 14.52]
['2017-03-30', 14.52, 14.75, 14.5, 14.69]
['2017-03-31', 14.75, 14.93, 14.68, 14.93]
['2017-04-03', 14.84, 15.75, 14.82, 15.25]
['2017-04-04', 15.49, 15.7, 15.1, 15.36]
['2017-04-05', 15.42, 15.49, 15.16, 15.34]
['2017-04-06', 15.39, 15.4, 15.23, 15.28]
['2017-04-07', 15.45, 15.45, 15.2, 15.4]
['2017-04-10', 15.3, 15.7, 15.29, 15.69]
['2017-04-11', 15.6, 16.3, 15.6, 15.93]
['2017-04-12', 15.99, 15.99, 15.4, 15.47]
['2017-04-13', 15.45, 15.75, 15.26, 15.74]
['2017-04-17', 15.75, 15.75, 15.5, 15.7]
['2017-04-18', 15.75, 16.0, 15.0, 15.82]
['2017-04-19', 15.99, 15.99, 15.52, 15.53]
['2017-04-20', 15.85, 15.85, 15.13, 15.34]
['2017-04-21', 15.35, 15.65, 15.35, 15.59]
['2017-04-24', 15.65, 15.65, 15.45, 15.64]
['2017-04-25', 15.65, 15.99, 15.59, 15.91]
['2017-04-26', 15.87, 16.04, 15.36, 15.58]
['2017-04-27', 15.6, 15.88, 15.43, 15.77]
['2017-04-28', 15.78, 15.89, 15.6, 15.71]
['2017-05-01', 15.6, 15.78, 15.5, 15.55]
['2017-05-02', 15.5, 15.71, 15.4, 15.4]
['2017-05-03', 15.69, 15.73, 15.4, 15.73]
['2017-05-04', 15.52, 15.75, 15.07, 15.58]
['2017-05-05', 15.72, 15.75, 15.57, 15.72]
['2017-05-08', 15.73, 15.95, 15.32, 15.82]
['2017-05-09', 15.76, 16.0, 15.62, 16.0]
['2017-05-10', 15.73, 15.9, 15.71, 15.75]
['2017-05-11', 15.57, 16.29, 15.5, 16.05]
['2017-05-12', 16.05, 16.05, 15.7, 15.85]
['2017-05-15', 15.75, 16.05, 15.75, 15.96]
['2017-05-16', 16.03, 16.25, 16.0, 16.24]
['2017-05-17', 16.21, 16.21, 15.92, 15.99]
['2017-05-18', 15.99, 16.17, 15.91, 16.17]
['2017-05-19', 16.28, 16.35, 16.06, 16.35]
['2017-05-22', 16.34, 16.83, 16.17, 16.65]
['2017-05-23', 16.67, 16.79, 16.55, 16.56]
['2017-05-24', 16.68, 16.86, 16.35, 16.51]
['2017-05-25', 16.89, 16.9, 16.68, 16.77]
['2017-05-26', 16.77, 17.05, 16.66, 16.97]
['2017-05-30', 17.02, 17.4, 16.97, 17.26]
['2017-05-31', 17.23, 17.45, 16.95, 17.45]
['2017-06-01', 17.49, 18.79, 17.47, 18.5]
['2017-06-02', 18.35, 18.4, 17.43, 18.23]
['2017-06-05', 18.19, 18.5, 17.96, 18.5]
['2017-06-06', 18.5, 18.67, 18.26, 18.67]
['2017-06-07', 18.55, 18.74, 18.0, 18.73]
['2017-06-08', 18.79, 18.8, 18.32, 18.51]
['2017-06-09', 18.5, 18.52, 17.89, 18.44]
['2017-06-12', 18.5, 18.8, 18.13, 18.43]
['2017-06-13', 18.5, 18.6, 18.15, 18.47]
['2017-06-14', 18.25, 18.5, 17.99, 18.45]
['2017-06-15', 18.44, 18.65, 18.19, 18.47]
['2017-06-16', 18.49, 18.57, 17.98, 18.33]
['2017-06-19', 18.06, 18.5, 18.04, 18.12]
['2017-06-20', 18.01, 18.13, 17.55, 17.58]
['2017-06-21', 17.59, 18.0, 17.52, 17.96]
['2017-06-22', 17.99, 17.99, 17.25, 17.31]
['2017-06-23', 17.2, 17.24, 16.58, 17.15]
['2017-06-26', 17.0, 17.86, 16.83, 17.79]
['2017-06-27', 17.68, 18.06, 17.68, 18.0]
['2017-06-28', 17.66, 18.19, 17.52, 18.0]
['2017-06-29', 17.88, 18.0, 17.52, 17.98]
['2017-06-30', 17.86, 18.12, 17.43, 17.88]
['2017-07-03', 17.77, 17.99, 17.57, 17.81]
['2017-07-05', 17.68, 17.86, 17.34, 17.8]
['2017-07-06', 17.63, 17.81, 17.42, 17.62]
['2017-07-07', 17.49, 17.99, 17.47, 17.93]
['2017-07-10', 17.81, 18.04, 17.65, 17.94]
['2017-07-11', 17.95, 18.0, 17.86, 17.92]
['2017-07-12', 17.61, 18.14, 17.61, 17.99]
['2017-07-13', 17.95, 18.0, 17.29, 17.62]
['2017-07-14', 17.66, 17.92, 17.13, 17.28]
['2017-07-17', 17.27, 17.51, 17.1, 17.37]
['2017-07-18', 17.19, 17.97, 17.19, 17.72]
['2017-07-19', 17.31, 18.05, 17.31, 17.97]
['2017-07-20', 17.93, 18.15, 17.83, 18.0]
['2017-07-21', 18.15, 18.2, 17.93, 17.97]
['2017-07-24', 17.99, 18.06, 17.9, 17.96]
['2017-07-25', 17.93, 18.09, 17.93, 17.99]
['2017-07-26', 18.04, 18.04, 17.94, 17.94]
['2017-07-27', 17.97, 17.97, 17.87, 17.87]
['2017-07-28', 17.85, 18.0, 17.85, 17.99]
['2017-07-31', 17.6, 18.06, 17.6, 17.98]
['2017-08-01', 18.0, 18.18, 17.55, 18.0]
['2017-08-02', 17.6, 17.96, 17.6, 17.78]
['2017-08-03', 17.75, 17.77, 17.6, 17.71]
['2017-08-04', 17.99, 17.99, 17.73, 17.97]
['2017-08-07', 17.78, 18.0, 17.77, 18.0]
['2017-08-08', 17.89, 18.0, 17.75, 17.93]
['2017-08-09', 17.84, 17.92, 17.72, 17.75]
['2017-08-10', 17.77, 17.77, 17.46, 17.65]
['2017-08-11', 17.7, 17.73, 17.4, 17.42]
['2017-08-14', 17.87, 17.87, 16.96, 17.14]
['2017-08-15', 16.99, 16.99, 16.34, 16.39]
['2017-08-16', 16.39, 16.6, 16.01, 16.06]
['2017-08-17', 16.0, 16.12, 15.9, 15.98]
['2017-08-18', 15.81, 16.39, 15.81, 16.31]
['2017-08-21', 16.21, 16.37, 16.04, 16.26]
['2017-08-22', 16.15, 16.25, 16.15, 16.22]
['2017-08-23', 16.1, 16.24, 16.1, 16.21]
['2017-08-24', 16.2, 16.25, 16.16, 16.18]
['2017-08-25', 16.1, 16.2, 16.01, 16.12]
['2017-08-28', 16.13, 16.13, 16.01, 16.01]
['2017-08-29', 16.0, 16.13, 16.0, 16.08]
['2017-08-30', 16.13, 16.33, 16.08, 16.2]
['2017-08-31', 16.36, 16.79, 16.21, 16.51]
['2017-09-01', 16.4, 16.4, 16.19, 16.33]
['2017-09-05', 16.36, 16.49, 16.25, 16.3]
['2017-09-06', 16.29, 16.41, 16.29, 16.4]
['2017-09-07', 16.52, 16.93, 16.32, 16.8]
['2017-09-08', 16.66, 16.7, 16.5, 16.51]
['2017-09-11', 16.4, 16.66, 16.29, 16.38]
['2017-09-12', 16.35, 16.78, 16.35, 16.58]
['2017-09-13', 16.41, 16.89, 16.24, 16.76]
['2017-09-14', 16.6, 17.58, 16.55, 17.36]
['2017-09-15', 17.48, 17.61, 17.18, 17.4]
['2017-09-18', 17.06, 17.58, 17.06, 17.37]
['2017-09-19', 17.33, 17.79, 17.3, 17.56]
['2017-09-20', 17.52, 17.75, 17.33, 17.37]
['2017-09-21', 17.36, 17.56, 17.36, 17.4]
['2017-09-22', 17.26, 17.32, 17.22, 17.3]
['2017-09-25', 17.22, 17.57, 17.22, 17.54]
['2017-09-26', 17.58, 17.84, 17.58, 17.79]
['2017-09-27', 17.85, 18.2, 17.85, 18.02]
['2017-09-28', 17.66, 18.11, 17.63, 18.0]
['2017-09-29', 17.94, 18.17, 17.79, 17.9]
['2017-10-02', 17.86, 18.12, 17.86, 18.01]
['2017-10-03', 18.08, 18.1, 17.99, 18.0]
['2017-10-04', 17.95, 18.1, 17.95, 18.0]
['2017-10-05', 18.09, 18.1, 17.99, 18.05]
['2017-10-06', 18.1, 18.1, 17.92, 17.99]
['2017-10-09', 18.03, 18.14, 18.03, 18.06]
['2017-10-10', 18.1, 18.51, 18.09, 18.35]
['2017-10-11', 18.42, 18.42, 17.47, 18.27]
['2017-10-12', 18.23, 18.54, 18.01, 18.21]
['2017-10-13', 18.2, 18.32, 18.08, 18.18]
['2017-10-16', 18.2, 18.35, 18.16, 18.28]
['2017-10-17', 18.27, 18.35, 18.15, 18.25]
['2017-10-18', 18.27, 18.33, 18.17, 18.25]
['2017-10-19', 18.03, 18.22, 17.91, 18.19]
['2017-10-20', 18.29, 18.61, 18.0, 18.13]
['2017-10-23', 17.58, 18.0, 17.58, 17.87]
['2017-10-24', 17.64, 18.03, 17.64, 17.9]
['2017-10-25', 17.7, 17.86, 17.65, 17.74]
['2017-10-26', 17.81, 17.81, 17.6, 17.8]
['2017-10-27', 17.8, 17.94, 17.63, 17.85]
['2017-10-30', 17.8, 17.8, 17.51, 17.65]
['2017-10-31', 17.66, 18.0, 17.66, 17.89]
['2017-11-01', 17.94, 17.94, 17.69, 17.86]
['2017-11-02', 17.89, 17.9, 17.81, 17.87]
['2017-11-03', 17.76, 17.88, 17.76, 17.82]
['2017-11-06', 17.95, 17.95, 17.74, 17.79]
['2017-11-07', 17.49, 17.69, 17.3, 17.31]
['2017-11-08', 17.26, 17.37, 16.72, 17.01]
['2017-11-09', 17.0, 17.12, 16.97, 17.09]
['2017-11-10', 17.65, 17.65, 17.12, 17.12]
['2017-11-13', 16.72, 17.24, 16.09, 17.0]
['2017-11-14', 17.1, 17.1, 16.83, 16.9]
['2017-11-15', 17.09, 17.09, 16.88, 16.9]
['2017-11-16', 17.2, 17.66, 17.2, 17.48]
['2017-11-17', 17.39, 17.86, 16.81, 17.36]
['2017-11-20', 17.15, 17.59, 17.15, 17.48]
['2017-11-21', 17.5, 17.5, 17.44, 17.45]
['2017-11-22', 17.5, 17.5, 17.3, 17.3]
['2017-11-24', 17.4, 17.4, 17.14, 17.39]
['2017-11-27', 17.24, 17.35, 17.24, 17.35]
['2017-11-28', 17.22, 17.5, 17.21, 17.5]
['2017-11-29', 17.5, 17.64, 17.22, 17.62]
['2017-11-30', 17.68, 17.68, 17.54, 17.56]
['2017-12-01', 17.27, 17.47, 17.07, 17.31]
['2017-12-04', 17.48, 17.66, 17.19, 17.45]
['2017-12-05', 17.22, 17.25, 16.94, 16.99]
['2017-12-06', 17.42, 17.42, 16.92, 17.07]
['2017-12-07', 17.04, 17.12, 16.9, 16.96]
['2017-12-08', 17.07, 17.07, 16.75, 16.79]
['2017-12-11', 17.0, 17.0, 16.73, 16.73]
['2017-12-12', 16.86, 17.18, 16.86, 17.11]
['2017-12-13', 17.28, 17.28, 17.16, 17.17]
['2017-12-14', 17.16, 17.24, 16.71, 16.73]
['2017-12-15', 16.67, 17.51, 16.67, 17.38]
['2017-12-18', 17.37, 17.43, 17.22, 17.42]
['2017-12-19', 17.41, 17.41, 17.18, 17.18]
['2017-12-20', 16.95, 17.34, 16.83, 17.21]
['2017-12-21', 17.25, 17.25, 17.12, 17.2]
['2017-12-22', 17.12, 17.18, 16.85, 16.85]
['2017-12-26', 16.84, 17.07, 16.61, 16.81]
['2017-12-27', 16.59, 17.07, 16.51, 16.99]
['2017-12-28', 16.82, 17.3, 16.82, 17.16]
['2017-12-29', 17.26, 17.34, 16.78, 16.98]
['2018-01-02', 17.08, 17.09, 16.74, 16.74]
['2018-01-03', 16.7, 16.79, 16.69, 16.7]
['2018-01-04', 16.77, 16.77, 16.5, 16.55]
['2018-01-05', 16.48, 16.58, 16.37, 16.58]
['2018-01-08', 16.48, 16.51, 16.43, 16.43]
['2018-01-09', 16.42, 16.5, 16.26, 16.26]
['2018-01-10', 16.49, 16.49, 16.3, 16.47]
['2018-01-11', 16.5, 16.78, 16.5, 16.65]
['2018-01-12', 16.89, 16.89, 16.67, 16.8]
['2018-01-16', 16.94, 17.1, 16.83, 16.85]
['2018-01-17', 17.0, 17.0, 16.92, 17.0]
['2018-01-18', 16.94, 17.03, 16.91, 17.0]
['2018-01-19', 16.89, 17.08, 16.89, 16.96]
['2018-01-22', 16.73, 16.94, 16.69, 16.8]
['2018-01-23', 16.77, 16.83, 16.77, 16.8]
['2018-01-24', 16.85, 16.85, 16.6, 16.62]
['2018-01-25', 16.74, 16.74, 16.66, 16.74]
['2018-01-26', 16.64, 16.74, 16.62, 16.72]
['2018-01-29', 16.6, 16.8, 16.6, 16.73]
['2018-01-30', 16.71, 16.72, 16.58, 16.64]
['2018-01-31', 16.65, 16.84, 16.61, 16.62]
['2018-02-01', 16.73, 16.85, 16.55, 16.76]
['2018-02-02', 16.74, 16.83, 16.35, 16.38]
['2018-02-05', 16.11, 16.19, 15.95, 15.96]
['2018-02-06', 15.72, 16.13, 15.72, 16.11]
['2018-02-07', 16.01, 16.28, 16.01, 16.1]
['2018-02-08', 16.13, 16.22, 15.83, 15.85]
['2018-02-09', 16.02, 16.36, 16.02, 16.11]
['2018-02-12', 16.13, 16.27, 16.11, 16.27]
['2018-02-13', 16.1, 16.21, 16.1, 16.18]
['2018-02-14', 16.08, 16.26, 16.06, 16.25]
['2018-02-15', 16.26, 16.3, 16.07, 16.07]
['2018-02-16', 16.01, 16.29, 16.01, 16.27]
['2018-02-20', 16.16, 16.29, 16.06, 16.06]
['2018-02-21', 16.15, 16.15, 16.15, 16.15]
['2018-02-22', 16.15, 16.18, 16.14, 16.16]
['2018-02-23', 16.29, 16.57, 16.2, 16.48]
['2018-02-26', 16.42, 16.85, 16.42, 16.68]
['2018-02-27', 16.66, 16.66, 16.66, 16.66]
['2018-02-28', 16.53, 16.62, 16.11, 16.11]
['2018-03-01', 16.13, 16.37, 16.07, 16.25]
['2018-03-02', 16.36, 16.44, 16.18, 16.44]
['2018-03-05', 16.22, 16.45, 16.22, 16.43]
['2018-03-06', 17.25, 17.25, 16.88, 16.99]
['2018-03-07', 16.95, 17.23, 16.95, 16.95]
['2018-03-08', 17.27, 17.9, 17.23, 17.74]
['2018-03-09', 17.88, 17.88, 17.26, 17.57]
['2018-03-12', 17.51, 17.52, 17.43, 17.45]
['2018-03-13', 17.42, 17.49, 17.36, 17.42]
['2018-03-14', 17.09, 17.43, 17.09, 17.34]
['2018-03-15', 17.35, 17.35, 17.05, 17.14]
['2018-03-16', 17.08, 17.25, 17.08, 17.24]
['2018-03-19', 17.05, 17.2, 16.95, 17.01]
['2018-03-20', 17.03, 17.03, 16.86, 16.87]
['2018-03-21', 16.92, 17.19, 16.92, 17.08]
['2018-03-22', 17.19, 17.19, 16.75, 16.75]
['2018-03-23', 16.63, 16.95, 16.5, 16.52]
['2018-03-26', 16.78, 16.78, 16.52, 16.65]
['2018-03-27', 16.8, 16.8, 16.51, 16.51]
['2018-03-28', 16.5, 16.78, 16.5, 16.77]
['2018-03-29', 16.75, 16.75, 16.54, 16.7]
['2018-04-02', 16.59, 16.61, 16.4, 16.48]
['2018-04-03', 16.44, 16.61, 16.35, 16.35]
['2018-04-04', 16.44, 16.58, 16.44, 16.49]
['2018-04-05', 16.71, 16.71, 16.4, 16.44]
['2018-04-06', 16.38, 16.49, 16.25, 16.27]
['2018-04-09', 16.41, 16.47, 16.26, 16.3]
['2018-04-10', 16.4, 16.4, 16.33, 16.38]
['2018-04-11', 16.38, 16.39, 16.26, 16.34]
['2018-04-12', 16.39, 16.39, 16.28, 16.28]
['2018-04-13', 16.37, 16.4, 16.24, 16.4]
['2018-04-16', 16.38, 16.48, 16.38, 16.42]
['2018-04-17', 16.44, 16.45, 16.37, 16.42]
['2018-04-18', 16.38, 16.45, 16.38, 16.43]
['2018-04-19', 16.44, 16.45, 16.36, 16.37]
['2018-04-20', 16.31, 16.41, 16.31, 16.41]
['2018-04-23', 16.42, 16.42, 16.25, 16.42]
['2018-04-24', 16.42, 16.42, 16.35, 16.4]
['2018-04-25', 16.4, 16.4, 16.35, 16.35]
['2018-04-26', 16.34, 16.4, 16.34, 16.37]
['2018-04-27', 16.39, 16.4, 16.36, 16.37]
['2018-04-30', 16.4, 16.4, 16.35, 16.35]
['2018-05-01', 16.23, 16.4, 16.23, 16.39]
['2018-05-02', 16.4, 16.4, 16.33, 16.33]
['2018-05-03', 16.21, 16.32, 16.15, 16.3]
['2018-05-04', 16.17, 16.53, 16.17, 16.49]
['2018-05-07', 16.11, 16.5, 16.11, 16.31]
['2018-05-08', 16.37, 16.5, 16.32, 16.37]
['2018-05-09', 16.5, 16.5, 16.42, 16.46]
['2018-05-10', 16.1, 16.5, 16.1, 16.43]
['2018-05-11', 16.5, 16.5, 16.42, 16.44]
['2018-05-14', 16.44, 16.44, 16.35, 16.36]
['2018-05-15', 16.36, 16.37, 16.28, 16.35]
['2018-05-16', 16.43, 16.45, 16.34, 16.44]
['2018-05-17', 16.45, 16.45, 16.4, 16.42]
['2018-05-18', 16.45, 16.5, 16.39, 16.39]
['2018-05-21', 16.4, 16.44, 16.37, 16.37]
['2018-05-22', 16.41, 16.41, 16.25, 16.25]
['2018-05-23', 16.31, 16.47, 16.31, 16.46]
['2018-05-24', 16.42, 16.55, 16.33, 16.45]
['2018-05-25', 16.5, 16.5, 16.39, 16.44]
['2018-05-29', 16.44, 16.51, 16.36, 16.43]
['2018-05-30', 16.49, 16.5, 16.45, 16.45]
['2018-05-31', 16.49, 16.49, 16.27, 16.34]
['2018-06-01', 16.37, 16.51, 16.35, 16.47]
['2018-06-04', 16.57, 16.57, 16.44, 16.49]
['2018-06-05', 16.49, 16.58, 16.45, 16.58]
['2018-06-06', 16.59, 16.6, 16.48, 16.57]
['2018-06-07', 16.56, 16.99, 16.55, 16.87]
['2018-06-08', 16.77, 16.79, 16.68, 16.74]
['2018-06-11', 16.7, 16.75, 16.5, 16.53]
['2018-06-12', 16.69, 16.69, 16.4, 16.54]
['2018-06-13', 16.62, 16.71, 16.54, 16.56]
['2018-06-14', 16.53, 16.56, 16.42, 16.56]
['2018-06-15', 16.48, 16.88, 16.48, 16.88]
['2018-06-18', 16.73, 16.73, 16.42, 16.71]
['2018-06-19', 16.62, 16.8, 16.62, 16.78]
['2018-06-20', 16.74, 16.84, 16.74, 16.81]
['2018-06-21', 16.73, 16.8, 16.73, 16.78]
['2018-06-22', 16.72, 16.84, 16.72, 16.82]
['2018-06-25', 16.8, 16.85, 16.76, 16.83]
['2018-06-26', 16.86, 16.86, 16.79, 16.81]
['2018-06-27', 16.85, 16.85, 16.75, 16.76]
['2018-06-28', 16.86, 16.86, 16.75, 16.81]
['2018-06-29', 16.78, 16.99, 16.73, 16.95]
['2018-07-02', 16.95, 17.05, 16.95, 17.03]
['2018-07-03', 17.04, 17.05, 16.98, 17.0]
['2018-07-05', 17.0, 17.05, 16.97, 16.97]
['2018-07-06', 16.68, 17.0, 16.67, 16.9]
['2018-07-09', 16.73, 16.76, 16.4, 16.48]
['2018-07-10', 16.72, 16.72, 16.3, 16.43]
['2018-07-11', 16.45, 16.49, 16.41, 16.42]
['2018-07-12', 16.45, 16.47, 16.38, 16.45]
['2018-07-13', 16.62, 16.77, 16.45, 16.47]
['2018-07-16', 16.38, 16.5, 16.38, 16.5]
['2018-07-17', 16.51, 16.51, 16.45, 16.48]
['2018-07-18', 16.47, 16.5, 16.4, 16.45]
['2018-07-19', 16.48, 16.5, 16.38, 16.48]
['2018-07-20', 16.42, 16.62, 16.42, 16.51]
['2018-07-23', 16.46, 16.6, 16.39, 16.55]
['2018-07-24', 16.56, 16.56, 16.44, 16.5]
['2018-07-25', 16.51, 16.54, 16.44, 16.53]
['2018-07-26', 16.54, 16.89, 16.45, 16.82]
['2018-07-27', 16.79, 16.79, 16.57, 16.57]
['2018-07-30', 16.55, 16.71, 16.55, 16.6]
['2018-07-31', 16.6, 16.75, 16.6, 16.72]
['2018-08-01', 16.62, 16.7, 16.4, 16.67]
['2018-08-02', 16.62, 16.7, 16.4, 16.7]
['2018-08-03', 16.71, 16.71, 16.53, 16.53]
['2018-08-06', 16.79, 16.87, 16.59, 16.87]
['2018-08-07', 16.66, 16.88, 16.66, 16.72]
['2018-08-08', 16.84, 16.84, 16.46, 16.64]
['2018-08-09', 16.77, 16.79, 16.53, 16.77]
['2018-08-10', 16.66, 16.67, 16.66, 16.67]
['2018-08-13', 16.65, 16.87, 16.65, 16.79]
['2018-08-14', 16.65, 16.74, 16.5, 16.72]
['2018-08-15', 16.41, 16.61, 16.41, 16.45]
['2018-08-16', 16.49, 16.5, 16.45, 16.5]
['2018-08-17', 16.45, 16.7, 16.45, 16.62]
['2018-08-20', 16.67, 16.7, 16.57, 16.63]
['2018-08-21', 16.6, 16.85, 16.6, 16.7]
['2018-08-22', 16.71, 16.85, 16.71, 16.82]
['2018-08-23', 16.83, 16.84, 16.71, 16.84]
['2018-08-24', 16.84, 16.87, 16.71, 16.82]
['2018-08-27', 16.81, 16.81, 16.75, 16.75]
['2018-08-28', 16.82, 16.82, 16.71, 16.71]
['2018-08-29', 16.72, 16.85, 16.72, 16.78]
['2018-08-30', 16.86, 16.86, 16.8, 16.8]
['2018-08-31', 16.86, 17.0, 16.79, 16.88]
['2018-09-04', 16.81, 16.88, 16.77, 16.82]
['2018-09-05', 16.81, 16.85, 16.8, 16.8]
['2018-09-06', 16.82, 16.99, 16.82, 16.95]
['2018-09-07', 16.92, 16.92, 16.85, 16.85]
['2018-09-10', 16.84, 16.88, 16.84, 16.88]
['2018-09-11', 16.7, 16.85, 16.65, 16.75]
['2018-09-12', 16.75, 16.86, 16.75, 16.84]
['2018-09-13', 16.84, 16.9, 16.75, 16.75]
['2018-09-14', 16.89, 16.89, 16.75, 16.75]
['2018-09-17', 16.85, 16.88, 16.75, 16.76]
['2018-09-18', 16.85, 16.85, 16.76, 16.76]
['2018-09-19', 16.75, 16.87, 16.65, 16.75]
['2018-09-20', 16.82, 16.84, 16.79, 16.83]
['2018-09-21', 16.77, 17.11, 16.75, 17.11]
['2018-09-24', 16.94, 17.1, 16.75, 16.81]
['2018-09-25', 16.81, 16.87, 16.75, 16.77]
['2018-09-26', 16.86, 16.9, 16.8, 16.9]
['2018-09-27', 16.93, 16.97, 16.8, 16.8]
['2018-09-28', 16.75, 16.97, 16.75, 16.87]
['2018-10-01', 16.85, 16.9, 16.84, 16.87]
['2018-10-02', 16.85, 17.19, 16.85, 17.13]
['2018-10-03', 17.1, 17.1, 16.94, 17.04]
['2018-10-04', 16.98, 17.15, 16.89, 16.9]
['2018-10-05', 16.9, 17.02, 16.9, 16.9]
['2018-10-08', 17.08, 17.22, 17.04, 17.21]
['2018-10-09', 17.24, 17.24, 17.09, 17.09]
['2018-10-10', 17.17, 17.22, 16.86, 16.86]
['2018-10-11', 16.86, 16.86, 16.74, 16.75]
['2018-10-12', 16.86, 16.98, 16.7, 16.86]
['2018-10-15', 16.86, 16.94, 16.76, 16.86]
['2018-10-16', 16.75, 16.89, 16.75, 16.82]
['2018-10-17', 16.76, 16.86, 16.75, 16.76]
['2018-10-18', 16.76, 16.76, 16.4, 16.43]
['2018-10-19', 16.33, 16.61, 16.33, 16.39]
['2018-10-22', 16.38, 16.4, 16.01, 16.27]
['2018-10-23', 16.27, 16.32, 16.16, 16.18]
['2018-10-24', 16.18, 16.18, 16.0, 16.05]
['2018-10-25', 15.1, 15.85, 15.1, 15.7]
['2018-10-26', 15.2, 16.14, 15.13, 15.49]
['2018-10-29', 15.45, 15.54, 15.35, 15.37]
['2018-10-30', 15.23, 15.47, 15.2, 15.44]
['2018-10-31', 15.68, 15.69, 15.55, 15.64]
['2018-11-01', 15.58, 15.76, 15.58, 15.74]
['2018-11-02', 15.71, 15.75, 15.6, 15.6]
['2018-11-05', 15.59, 15.66, 15.35, 15.35]
['2018-11-06', 15.73, 15.73, 15.25, 15.25]
['2018-11-07', 15.25, 15.43, 15.25, 15.38]
['2018-11-08', 15.25, 15.69, 15.25, 15.41]
['2018-11-09', 15.28, 15.7, 15.28, 15.35]
['2018-11-12', 15.3, 15.49, 15.3, 15.35]
['2018-11-13', 15.29, 15.75, 15.25, 15.33]
['2018-11-14', 15.5, 16.02, 15.47, 15.59]
['2018-11-15', 15.55, 15.95, 15.38, 15.4]
['2018-11-16', 15.4, 15.71, 15.4, 15.56]
['2018-11-19', 15.63, 15.65, 15.36, 15.48]
['2018-11-20', 15.47, 15.68, 15.25, 15.31]
['2018-11-21', 15.49, 15.7, 15.49, 15.66]
['2018-11-23', 15.7, 15.84, 15.6, 15.8]
['2018-11-26', 15.86, 16.09, 15.7, 15.77]
['2018-11-27', 15.55, 15.64, 15.49, 15.52]
['2018-11-28', 15.76, 16.04, 15.66, 15.89]
['2018-11-29', 15.78, 16.15, 15.78, 15.93]
['2018-11-30', 16.06, 16.11, 15.81, 15.83]
['2018-12-03', 15.89, 16.08, 15.81, 16.08]
['2018-12-04', 15.96, 16.08, 15.52, 15.52]
['2018-12-06', 15.42, 16.05, 15.42, 15.74]
['2018-12-07', 15.91, 16.18, 15.66, 15.85]
['2018-12-10', 15.92, 15.92, 15.56, 15.79]
['2018-12-11', 15.91, 16.0, 15.69, 15.88]
['2018-12-12', 15.9, 16.0, 15.63, 15.87]
['2018-12-13', 15.82, 15.98, 15.26, 15.91]
['2018-12-14', 15.94, 16.11, 15.73, 15.95]
['2018-12-17', 15.99, 15.99, 14.37, 15.45]
['2018-12-18', 15.47, 15.64, 15.02, 15.45]
['2018-12-19', 15.59, 15.9, 15.1, 15.64]
['2018-12-20', 15.62, 15.68, 15.01, 15.29]
['2018-12-21', 15.24, 15.71, 14.83, 15.12]
['2018-12-24', 15.17, 15.4, 15.14, 15.14]
['2018-12-26', 15.0, 15.45, 15.0, 15.28]
['2018-12-27', 15.18, 16.18, 14.97, 15.87]
['2018-12-28', 15.81, 16.33, 15.61, 16.2]
['2018-12-31', 15.81, 16.0, 15.58, 15.73]
['2019-01-02', 15.66, 15.77, 15.4, 15.7]
['2019-01-03', 15.72, 15.98, 15.45, 15.98]
['2019-01-04', 16.07, 16.18, 15.88, 16.0]
['2019-01-07', 16.0, 16.0, 15.63, 15.75]
['2019-01-08', 15.94, 15.96, 15.81, 15.81]
['2019-01-09', 16.0, 16.0, 15.63, 15.88]
['2019-01-10', 15.77, 16.0, 15.67, 15.94]
['2019-01-11', 15.83, 15.83, 15.36, 15.6]
['2019-01-14', 15.63, 15.84, 15.45, 15.8]
['2019-01-15', 15.79, 15.92, 15.5, 15.7]
['2019-01-16', 15.78, 15.78, 15.46, 15.46]
['2019-01-17', 15.42, 15.68, 15.41, 15.41]
['2019-01-18', 15.4, 15.64, 15.4, 15.49]
['2019-01-22', 15.53, 15.61, 15.16, 15.17]
['2019-01-23', 15.33, 15.45, 15.19, 15.19]
['2019-01-24', 15.25, 15.25, 15.18, 15.23]
['2019-01-25', 15.42, 15.43, 15.09, 15.25]
['2019-01-28', 15.06, 15.16, 15.0, 15.0]
['2019-01-29', 15.0, 15.17, 15.0, 15.0]
['2019-01-30', 15.05, 15.12, 15.03, 15.12]
['2019-01-31', 15.04, 15.14, 15.0, 15.0]
['2019-02-01', 15.01, 15.14, 14.85, 14.85]
['2019-02-04', 14.79, 14.91, 14.79, 14.9]
['2019-02-05', 14.85, 15.07, 14.8, 14.96]
['2019-02-06', 15.01, 15.01, 14.83, 14.91]
['2019-02-07', 14.91, 14.98, 14.83, 14.83]
['2019-02-08', 14.9, 14.95, 14.81, 14.85]
['2019-02-11', 14.83, 14.83, 14.83, 14.83]
['2019-02-12', 14.76, 15.13, 14.76, 15.13]
['2019-02-13', 15.08, 15.14, 14.97, 15.14]
['2019-02-14', 15.39, 15.4, 15.0, 15.0]
['2019-02-15', 15.08, 15.8, 15.0, 15.0]
['2019-02-19', 15.25, 15.3, 15.0, 15.26]
['2019-02-20', 15.48, 15.48, 15.2, 15.2]
['2019-02-21', 15.2, 15.2, 15.2, 15.2]
['2019-02-22', 15.4, 15.45, 15.4, 15.4]
['2019-02-25', 15.4, 15.4, 15.04, 15.04]
['2019-02-26', 15.14, 15.17, 15.05, 15.05]
['2019-02-27', 15.16, 15.16, 15.01, 15.11]
['2019-02-28', 15.09, 15.1, 15.09, 15.09]
['2019-03-01', 15.23, 15.24, 15.05, 15.21]
['2019-03-04', 15.02, 15.25, 15.02, 15.11]
['2019-03-05', 15.01, 15.01, 15.01, 15.01]
['2019-03-06', 15.15, 15.2, 15.01, 15.02]
['2019-03-07', 15.17, 15.21, 15.12, 15.12]
['2019-03-08', 15.14, 15.19, 15.02, 15.03]
['2019-03-11', 15.07, 15.51, 15.0, 15.3]
['2019-03-12', 15.35, 15.7, 15.27, 15.48]
['2019-03-13', 15.5, 15.5, 15.13, 15.13]
['2019-03-14', 15.47, 16.73, 15.47, 16.09]
['2019-03-15', 16.04, 16.54, 15.88, 16.54]
['2019-03-18', 16.35, 16.64, 16.01, 16.64]
['2019-03-19', 16.41, 16.59, 16.32, 16.5]
['2019-03-20', 16.24, 16.5, 16.24, 16.33]
['2019-03-21', 16.54, 16.6, 16.24, 16.24]
['2019-03-22', 16.02, 16.02, 15.76, 15.76]
['2019-03-25', 16.08, 16.08, 16.07, 16.07]
['2019-03-26', 16.55, 16.55, 16.29, 16.29]
['2019-03-27', 16.19, 16.19, 16.03, 16.03]
['2019-03-28', 16.25, 16.25, 16.03, 16.25]
['2019-03-29', 16.32, 16.32, 15.91, 16.0]
['2019-04-01', 16.0, 16.41, 15.97, 16.19]
['2019-04-02', 16.26, 16.43, 16.07, 16.42]
['2019-04-03', 16.46, 16.46, 16.06, 16.2]
['2019-04-04', 16.26, 16.4, 16.06, 16.3]
['2019-04-05', 16.15, 16.3, 16.05, 16.23]
['2019-04-08', 16.19, 16.28, 16.02, 16.02]
['2019-04-09', 16.26, 16.26, 16.01, 16.01]
['2019-04-10', 15.94, 16.24, 15.91, 16.06]
['2019-04-11', 16.14, 16.26, 16.03, 16.03]
['2019-04-12', 16.15, 16.23, 15.98, 16.04]
['2019-04-15', 16.0, 16.2, 16.0, 16.01]
['2019-04-16', 16.25, 16.25, 16.06, 16.06]
['2019-04-17', 16.0, 16.22, 16.0, 16.04]
['2019-04-18', 16.02, 16.07, 16.01, 16.07]
['2019-04-22', 16.09, 16.1, 16.02, 16.02]
['2019-04-23', 16.0, 16.18, 16.0, 16.18]
['2019-04-24', 16.13, 16.17, 16.01, 16.01]
['2019-04-25', 16.0, 16.17, 16.0, 16.02]
['2019-04-26', 16.1, 16.18, 16.1, 16.18]
['2019-04-29', 16.11, 16.23, 16.01, 16.19]
['2019-04-30', 16.01, 16.16, 16.01, 16.03]
['2019-05-01', 16.08, 16.16, 16.03, 16.05]
['2019-05-02', 16.21, 16.3, 16.01, 16.08]
['2019-05-03', 16.16, 16.41, 16.12, 16.23]
['2019-05-06', 16.25, 16.4, 16.11, 16.28]
['2019-05-07', 16.27, 16.39, 16.01, 16.01]
['2019-05-08', 16.14, 16.2, 16.06, 16.06]
['2019-05-09', 16.12, 16.99, 16.12, 16.99]
['2019-05-10', 16.98, 17.18, 16.79, 17.16]
['2019-05-13', 17.08, 18.12, 17.06, 17.33]
['2019-05-14', 17.07, 18.24, 17.07, 17.46]
['2019-05-15', 17.35, 17.98, 17.35, 17.92]
['2019-05-16', 18.28, 18.28, 17.52, 17.95]
['2019-05-17', 17.9, 17.9, 17.3, 17.57]
['2019-05-20', 17.6, 18.19, 17.21, 18.0]
['2019-05-21', 18.05, 18.05, 17.24, 17.42]
['2019-05-22', 17.38, 17.84, 17.38, 17.69]
['2019-05-23', 17.56, 17.59, 16.76, 16.91]
['2019-05-24', 17.08, 17.48, 17.03, 17.17]
['2019-05-28', 17.16, 17.31, 16.86, 16.86]
['2019-05-29', 17.05, 17.26, 16.9, 17.09]
['2019-05-30', 17.1, 17.2, 17.05, 17.2]
['2019-05-31', 17.16, 17.16, 16.93, 16.94]
['2019-06-03', 16.94, 17.05, 16.77, 17.05]
['2019-06-04', 17.07, 17.39, 17.07, 17.29]
['2019-06-05', 17.32, 17.69, 17.32, 17.41]
['2019-06-06', 17.16, 17.39, 17.11, 17.39]
['2019-06-07', 17.6, 17.68, 17.25, 17.6]
['2019-06-10', 17.79, 18.35, 17.72, 18.0]
['2019-06-11', 18.08, 18.23, 17.9, 18.14]
['2019-06-12', 17.75, 18.7, 17.75, 18.55]
['2019-06-13', 18.87, 18.87, 18.23, 18.49]
['2019-06-14', 18.33, 18.7, 18.16, 18.7]
['2019-06-17', 19.64, 19.64, 18.35, 18.74]
['2019-06-18', 18.77, 18.77, 18.4, 18.54]
['2019-06-19', 18.22, 18.64, 17.87, 18.0]
['2019-06-20', 18.01, 18.18, 17.6, 17.73]
['2019-06-21', 17.56, 18.42, 17.25, 17.73]
['2019-06-24', 17.42, 17.87, 17.21, 17.86]
['2019-06-25', 18.0, 18.25, 18.0, 18.19]
['2019-06-26', 18.05, 18.05, 17.63, 17.79]
['2019-06-27', 17.87, 18.31, 17.46, 18.31]
['2019-06-28', 18.17, 18.35, 17.61, 17.61]
['2019-07-01', 17.98, 17.98, 17.5, 17.67]
['2019-07-02', 17.42, 18.1, 17.42, 18.0]
['2019-07-03', 18.08, 18.11, 17.82, 17.89]
['2019-07-05', 18.08, 18.2, 17.81, 17.93]
['2019-07-08', 17.58, 18.2, 17.58, 17.72]
['2019-07-09', 17.92, 17.92, 17.92, 17.92]
['2019-07-10', 17.75, 18.2, 17.7, 18.19]
['2019-07-11', 17.99, 18.0, 17.76, 17.99]
['2019-07-12', 17.99, 17.99, 17.34, 17.34]
['2019-07-15', 17.19, 17.21, 16.98, 17.03]
['2019-07-16', 17.03, 17.14, 17.01, 17.1]
['2019-07-17', 17.05, 17.05, 16.55, 16.64]
['2019-07-18', 16.97, 16.97, 16.71, 16.89]
['2019-07-19', 16.76, 16.99, 16.66, 16.66]
['2019-07-22', 16.8, 17.02, 16.57, 16.74]
['2019-07-23', 16.74, 17.1, 16.46, 16.46]
['2019-07-24', 17.0, 17.01, 16.5, 16.77]
['2019-07-25', 16.51, 16.99, 16.51, 16.61]
['2019-07-26', 16.67, 17.04, 16.62, 16.62]
['2019-07-29', 16.61, 17.18, 16.61, 16.74]
['2019-07-30', 16.78, 17.24, 16.76, 17.11]
['2019-07-31', 17.21, 17.48, 16.81, 16.81]
['2019-08-01', 17.21, 17.25, 16.91, 16.91]
['2019-08-02', 16.85, 17.24, 16.76, 16.9]
['2019-08-05', 16.7, 16.7, 16.28, 16.42]
['2019-08-06', 16.68, 16.68, 16.52, 16.52]
['2019-08-07', 16.61, 16.88, 16.53, 16.62]
['2019-08-08', 16.89, 17.17, 16.77, 16.77]
['2019-08-09', 16.77, 16.9, 16.73, 16.8]
['2019-08-12', 16.6, 16.8, 16.5, 16.54]
['2019-08-13', 16.58, 16.87, 16.58, 16.87]
['2019-08-14', 16.62, 16.62, 16.35, 16.51]
['2019-08-15', 16.41, 16.79, 16.41, 16.5]
['2019-08-16', 16.52, 16.86, 16.52, 16.78]
['2019-08-19', 17.04, 17.04, 16.79, 16.94]
['2019-08-20', 16.51, 16.79, 16.51, 16.79]
['2019-08-21', 16.61, 16.62, 16.56, 16.62]
['2019-08-22', 16.61, 16.61, 16.41, 16.41]
['2019-08-23', 16.27, 16.34, 16.07, 16.24]
['2019-08-26', 16.7, 16.7, 16.42, 16.59]
['2019-08-27', 16.52, 16.77, 16.24, 16.77]
['2019-08-28', 17.7, 17.7, 16.76, 16.89]
['2019-08-29', 16.95, 17.13, 16.4, 17.0]
['2019-08-30', 16.8, 16.8, 16.8, 16.8]
['2019-09-03', 16.81, 16.98, 16.59, 16.75]
['2019-09-04', 16.88, 16.88, 16.85, 16.85]
['2019-09-05', 17.02, 17.02, 16.58, 16.95]
['2019-09-06', 16.79, 16.9, 16.75, 16.77]
['2019-09-09', 16.77, 16.93, 16.55, 16.83]
['2019-09-10', 16.72, 17.02, 16.72, 16.9]
['2019-09-11', 17.03, 17.18, 16.85, 17.1]
['2019-09-12', 17.15, 17.15, 16.84, 17.04]
['2019-09-13', 17.14, 17.15, 16.85, 16.85]
['2019-09-16', 16.7, 17.13, 16.56, 16.9]
['2019-09-17', 17.0, 17.08, 16.71, 16.77]
['2019-09-18', 16.86, 17.07, 16.83, 16.84]
['2019-09-19', 16.93, 16.98, 16.53, 16.53]
['2019-09-20', 16.48, 16.9, 16.45, 16.72]
['2019-09-23', 16.71, 17.15, 16.71, 17.09]
['2019-09-24', 17.14, 17.27, 16.85, 16.96]
['2019-09-25', 17.06, 17.25, 16.99, 17.06]
['2019-09-26', 17.22, 17.22, 17.09, 17.09]
['2019-09-27', 17.2, 17.38, 17.04, 17.04]
['2019-09-30', 17.04, 17.35, 17.04, 17.14]
['2019-10-01', 17.16, 17.3, 17.16, 17.18]
['2019-10-02', 17.13, 17.25, 17.0, 17.03]
['2019-10-03', 17.0, 17.16, 16.98, 17.1]
['2019-10-04', 17.1, 17.3, 17.1, 17.3]
['2019-10-07', 17.3, 17.41, 17.28, 17.32]
['2019-10-08', 17.3, 17.39, 17.25, 17.25]
['2019-10-09', 17.38, 17.55, 17.2, 17.55]
['2019-10-10', 17.53, 17.53, 17.34, 17.41]
['2019-10-11', 17.41, 17.74, 17.41, 17.58]
['2019-10-14', 17.38, 17.65, 17.25, 17.55]
['2019-10-15', 17.7, 17.94, 17.62, 17.8]
['2019-10-16', 17.9, 17.91, 17.51, 17.8]
['2019-10-17', 17.7, 17.89, 17.5, 17.88]
['2019-10-18', 17.75, 17.76, 17.66, 17.66]
['2019-10-21', 17.75, 17.89, 17.66, 17.87]
['2019-10-22', 17.45, 17.87, 17.45, 17.65]
['2019-10-23', 17.71, 17.74, 17.56, 17.56]
['2019-10-24', 17.57, 17.7, 17.56, 17.63]
['2019-10-25', 17.42, 17.52, 17.39, 17.39]
['2019-10-28', 17.44, 17.44, 17.35, 17.35]
['2019-10-29', 17.51, 17.72, 17.28, 17.32]
['2019-10-30', 17.52, 17.52, 17.26, 17.36]
['2019-10-31', 17.35, 17.51, 17.2, 17.5]
['2019-11-01', 17.38, 17.96, 17.33, 17.96]
['2019-11-04', 17.79, 18.2, 17.7, 18.2]
['2019-11-05', 18.32, 18.32, 17.83, 17.94]
['2019-11-06', 17.86, 18.03, 17.86, 17.9]
['2019-11-07', 17.97, 17.97, 17.34, 17.38]
['2019-11-08', 17.36, 17.45, 17.2, 17.3]
['2019-11-11', 17.29, 17.3, 17.2, 17.2]
['2019-11-12', 17.25, 17.25, 17.17, 17.24]
['2019-11-13', 17.2, 17.24, 17.15, 17.21]
['2019-11-14', 17.18, 17.2, 17.0, 17.2]
['2019-11-15', 17.26, 17.33, 16.8, 16.92]
['2019-11-18', 16.99, 16.99, 16.59, 16.6]
['2019-11-19', 16.5, 16.89, 16.5, 16.82]
['2019-11-20', 16.52, 17.13, 16.52, 16.54]
['2019-11-21', 16.71, 16.87, 16.28, 16.35]
['2019-11-22', 16.29, 16.29, 16.29, 16.29]
['2019-11-25', 16.4, 16.85, 16.25, 16.73]
['2019-11-26', 16.69, 16.69, 16.38, 16.63]
['2019-11-27', 16.59, 16.59, 16.59, 16.59]
['2019-11-29', 16.36, 16.74, 16.36, 16.74]
['2019-12-02', 16.33, 16.53, 16.33, 16.34]
['2019-12-03', 16.26, 16.33, 16.25, 16.25]
['2019-12-04', 16.28, 16.41, 16.25, 16.25]
['2019-12-05', 16.37, 16.69, 16.28, 16.35]
['2019-12-06', 16.5, 16.72, 16.31, 16.66]
['2019-12-09', 16.41, 16.61, 16.26, 16.55]
['2019-12-10', 16.52, 16.85, 16.52, 16.85]
['2019-12-11', 16.77, 17.17, 16.74, 17.17]
['2019-12-12', 16.84, 17.39, 16.84, 17.09]
['2019-12-13', 17.31, 17.34, 16.92, 16.92]
['2019-12-16', 17.37, 17.37, 16.85, 17.04]
['2019-12-17', 16.93, 17.25, 16.67, 17.0]
['2019-12-18', 16.3, 17.6, 16.3, 17.53]
['2019-12-19', 17.43, 17.43, 17.03, 17.03]
['2019-12-20', 17.1, 17.17, 16.85, 17.17]
['2019-12-23', 17.04, 17.04, 16.5, 16.52]
['2019-12-24', 16.65, 16.9, 16.4, 16.5]
['2019-12-26', 16.45, 16.75, 16.45, 16.74]
['2019-12-27', 16.74, 17.44, 16.7, 17.33]
['2019-12-30', 17.0, 17.0, 16.74, 16.8]
['2019-12-31', 17.0, 17.33, 17.0, 17.2]
['2020-01-02', 16.86, 17.29, 16.86, 16.93]
['2020-01-03', 16.94, 16.94, 16.57, 16.58]
['2020-01-06', 16.59, 16.86, 16.26, 16.27]
['2020-01-07', 16.44, 16.44, 16.25, 16.25]
['2020-01-08', 16.18, 16.18, 16.05, 16.11]
['2020-01-09', 16.01, 16.72, 16.01, 16.15]
['2020-01-10', 16.29, 16.38, 16.04, 16.04]
['2020-01-13', 16.31, 16.48, 16.1, 16.17]
['2020-01-14', 16.03, 16.11, 15.43, 15.57]
['2020-01-15', 15.68, 16.12, 15.43, 15.69]
['2020-01-16', 15.63, 16.11, 15.63, 16.02]
['2020-01-17', 16.18, 16.18, 15.8, 15.98]
['2020-01-21', 15.88, 15.99, 15.73, 15.9]
['2020-01-22', 15.92, 15.92, 15.66, 15.67]
['2020-01-23', 15.62, 16.05, 15.56, 15.56]
['2020-01-24', 15.65, 15.94, 15.6, 15.63]
['2020-01-27', 15.61, 15.8, 15.58, 15.58]
['2020-01-28', 15.54, 15.72, 15.53, 15.72]
['2020-01-29', 15.5, 15.59, 15.5, 15.59]
['2020-01-30', 15.51, 15.77, 15.51, 15.77]
['2020-01-31', 15.6, 15.6, 15.35, 15.35]
['2020-02-03', 15.5, 15.63, 15.42, 15.42]
['2020-02-04', 15.55, 15.55, 15.27, 15.3]
['2020-02-05', 15.44, 15.6, 15.26, 15.51]
['2020-02-06', 15.52, 15.64, 15.5, 15.5]
['2020-02-07', 15.5, 15.68, 15.3, 15.3]
['2020-02-10', 15.29, 15.55, 15.22, 15.26]
['2020-02-11', 15.49, 15.49, 15.2, 15.2]
['2020-02-12', 15.4, 15.51, 15.25, 15.25]
['2020-02-13', 15.37, 15.4, 15.29, 15.36]
['2020-02-14', 15.2, 15.26, 15.14, 15.2]
['2020-02-18', 15.64, 15.64, 15.09, 15.09]
['2020-02-19', 15.27, 15.27, 14.9, 14.9]
['2020-02-20', 14.9, 14.99, 14.85, 14.93]
['2020-02-21', 14.99, 15.01, 14.86, 14.86]
['2020-02-24', 14.9, 14.94, 14.61, 14.66]
['2020-02-25', 14.7, 14.7, 14.41, 14.48]
['2020-02-26', 14.5, 14.5, 14.37, 14.46]
['2020-02-27', 14.4, 14.5, 14.2, 14.25]
['2020-02-28', 14.23, 14.43, 14.01, 14.12]
['2020-03-02', 14.26, 14.26, 14.08, 14.26]
['2020-03-03', 14.14, 14.57, 14.12, 14.55]
['2020-03-04', 14.41, 14.58, 14.26, 14.57]
['2020-03-05', 14.37, 14.37, 13.6, 13.96]
['2020-03-06', 13.72, 14.5, 13.72, 14.4]
['2020-03-09', 14.01, 14.01, 13.4, 13.64]
['2020-03-10', 13.96, 14.33, 13.01, 14.0]
['2020-03-11', 13.81, 14.18, 13.5, 13.56]
['2020-03-12', 13.05, 13.97, 13.0, 13.0]
['2020-03-13', 13.54, 14.89, 13.54, 14.88]
['2020-03-16', 13.11, 14.19, 12.64, 13.75]
['2020-03-17', 12.85, 14.56, 12.85, 13.6]
['2020-03-18', 13.01, 14.0, 12.03, 12.22]
['2020-03-19', 11.92, 12.54, 10.45, 11.05]
['2020-03-20', 11.04, 11.36, 10.15, 10.33]
['2020-03-23', 10.41, 11.53, 10.25, 10.84]
['2020-03-24', 11.79, 13.5, 11.79, 12.25]
['2020-03-25', 12.14, 12.14, 10.76, 11.26]
['2020-03-26', 11.16, 11.94, 11.16, 11.94]
['2020-03-27', 11.54, 12.58, 11.54, 11.57]
['2020-03-30', 12.87, 12.87, 12.1, 12.55]
['2020-03-31', 12.34, 13.56, 12.25, 13.56]
['2020-04-01', 13.5, 13.61, 11.94, 11.99]
['2020-04-02', 12.19, 13.19, 11.18, 11.51]
['2020-04-03', 11.23, 12.35, 10.95, 11.23]
['2020-04-06', 11.71, 12.28, 11.58, 12.01]
['2020-04-07', 12.1, 12.73, 11.51, 11.66]
['2020-04-08', 11.89, 12.26, 11.51, 11.7]
['2020-04-09', 12.16, 12.71, 11.5, 12.22]
['2020-04-13', 12.09, 12.21, 11.54, 12.05]
['2020-04-14', 12.44, 13.27, 12.25, 12.84]
['2020-04-15', 12.24, 12.87, 12.24, 12.38]
['2020-04-16', 12.34, 12.34, 11.95, 12.08]
['2020-04-17', 12.35, 12.73, 11.94, 12.0]
['2020-04-20', 11.91, 12.8, 11.91, 12.22]
['2020-04-21', 11.91, 12.39, 11.8, 12.06]
['2020-04-22', 12.09, 12.35, 11.75, 11.83]
['2020-04-23', 11.75, 12.19, 11.69, 11.82]
['2020-04-24', 11.74, 11.96, 11.74, 11.77]
['2020-04-27', 11.77, 12.69, 11.77, 12.04]
['2020-04-28', 12.43, 13.61, 12.34, 13.41]
['2020-04-29', 13.84, 14.59, 13.56, 13.6]
['2020-04-30', 13.23, 14.18, 13.22, 13.51]
['2020-05-01', 13.21, 13.21, 12.36, 12.67]
['2020-05-04', 13.02, 13.02, 12.66, 12.78]
['2020-05-05', 13.23, 13.23, 12.2, 12.39]
['2020-05-06', 12.35, 13.42, 12.35, 13.06]
['2020-05-07', 13.38, 13.77, 12.88, 13.67]
['2020-05-08', 14.07, 14.3, 13.86, 13.86]
['2020-05-11', 13.67, 14.59, 13.02, 14.36]
['2020-05-12', 14.17, 14.18, 13.4, 13.43]
['2020-05-13', 13.29, 13.29, 12.41, 12.92]
['2020-05-14', 12.49, 12.49, 11.87, 12.31]
['2020-05-15', 12.36, 12.41, 11.89, 12.41]
['2020-05-18', 12.78, 13.66, 12.78, 13.66]
['2020-05-19', 13.43, 13.84, 12.62, 12.72]
['2020-05-20', 13.12, 13.54, 12.82, 13.54]
['2020-05-21', 13.4, 14.0, 13.14, 13.56]
['2020-05-22', 13.73, 14.06, 13.64, 13.79]
