['2016-09-30', 26.5, 39.4, 26.1, 37.0]
['2016-10-03', 38.85, 46.78, 37.5, 44.46]
['2016-10-04', 43.1, 43.4, 38.0, 38.09]
['2016-10-05', 40.1, 40.86, 36.1, 36.18]
['2016-10-06', 35.77, 37.7, 35.18, 36.7]
['2016-10-07', 37.44, 39.16, 36.21, 38.15]
['2016-10-10', 39.61, 39.9, 33.66, 34.81]
['2016-10-11', 34.7, 35.43, 31.25, 32.01]
['2016-10-12', 32.28, 33.79, 32.08, 32.5]
['2016-10-13', 32.47, 35.9, 31.3, 34.7]
['2016-10-14', 34.0, 34.8, 33.0, 33.15]
['2016-10-17', 32.0, 33.13, 30.3, 30.65]
['2016-10-18', 31.84, 31.84, 29.6, 30.74]
['2016-10-19', 30.77, 31.2, 29.85, 29.99]
['2016-10-20', 29.7, 30.73, 28.39, 28.5]
['2016-10-21', 28.25, 30.68, 28.18, 29.21]
['2016-10-24', 30.25, 31.46, 29.43, 29.77]
['2016-10-25', 30.3, 30.88, 28.57, 29.15]
['2016-10-26', 29.4, 29.5, 28.41, 28.76]
['2016-10-27', 29.12, 29.4, 26.44, 27.43]
['2016-10-28', 27.41, 27.78, 24.5, 24.84]
['2016-10-31', 25.46, 25.9, 24.5, 24.5]
['2016-11-01', 24.87, 25.17, 23.54, 24.16]
['2016-11-02', 24.1, 24.75, 23.82, 24.55]
['2016-11-03', 24.58, 24.6, 23.27, 23.9]
['2016-11-04', 23.93, 25.09, 23.85, 24.13]
['2016-11-07', 24.88, 25.05, 23.24, 23.37]
['2016-11-08', 23.19, 27.43, 23.11, 26.89]
['2016-11-09', 26.01, 30.54, 25.75, 28.92]
['2016-11-10', 30.2, 30.5, 26.9, 27.25]
['2016-11-11', 27.22, 29.19, 27.09, 28.27]
['2016-11-14', 28.9, 29.19, 27.97, 28.2]
['2016-11-15', 28.22, 32.45, 28.22, 32.45]
['2016-11-16', 32.5, 34.0, 30.99, 32.78]
['2016-11-17', 32.6, 33.18, 31.01, 31.2]
['2016-11-18', 31.2, 34.89, 31.2, 34.69]
['2016-11-21', 34.94, 34.96, 33.11, 33.66]
['2016-11-22', 33.82, 33.9, 32.11, 33.11]
['2016-11-23', 32.78, 34.65, 32.6, 34.13]
['2016-11-25', 34.25, 34.73, 33.61, 34.0]
['2016-11-28', 34.49, 34.51, 33.0, 33.34]
['2016-11-29', 33.88, 34.75, 31.6, 34.09]
['2016-11-30', 34.44, 34.6, 31.6, 32.0]
['2016-12-01', 31.75, 32.0, 27.47, 27.6]
['2016-12-02', 28.41, 28.6, 27.06, 27.77]
['2016-12-05', 28.0, 29.35, 27.5, 27.98]
['2016-12-06', 27.98, 28.45, 27.1, 27.5]
['2016-12-07', 27.4, 28.25, 27.0, 27.1]
['2016-12-08', 27.09, 27.7, 27.0, 27.55]
['2016-12-09', 27.38, 27.95, 27.2, 27.42]
['2016-12-12', 27.33, 27.8, 25.95, 26.12]
['2016-12-13', 26.07, 26.62, 24.8, 25.0]
['2016-12-14', 25.1, 25.72, 24.8, 25.28]
['2016-12-15', 25.1, 28.75, 25.08, 28.64]
['2016-12-16', 28.74, 30.2, 28.41, 28.74]
['2016-12-19', 28.68, 29.1, 28.1, 28.63]
['2016-12-20', 28.5, 30.17, 28.5, 29.41]
['2016-12-21', 29.5, 29.71, 28.2, 28.54]
['2016-12-22', 28.33, 30.99, 28.33, 28.95]
['2016-12-23', 28.9, 29.64, 28.19, 28.47]
['2016-12-27', 28.15, 29.02, 28.07, 28.6]
['2016-12-28', 28.51, 28.65, 27.01, 27.21]
['2016-12-29', 27.2, 27.6, 25.95, 26.18]
['2016-12-30', 26.0, 26.98, 25.83, 26.56]
['2017-01-03', 26.95, 27.39, 25.75, 26.31]
['2017-01-04', 26.14, 28.39, 25.88, 28.12]
['2017-01-05', 27.99, 28.35, 26.4, 26.74]
['2017-01-06', 27.33, 28.48, 26.62, 27.71]
['2017-01-09', 27.93, 29.6, 27.8, 29.35]
['2017-01-10', 29.35, 30.25, 28.75, 29.18]
['2017-01-11', 28.7, 30.5, 28.6, 29.96]
['2017-01-12', 29.95, 30.9, 29.25, 30.17]
['2017-01-13', 30.5, 30.7, 29.61, 30.46]
['2017-01-17', 30.01, 31.5, 29.82, 30.05]
['2017-01-18', 29.17, 29.46, 28.01, 28.17]
['2017-01-19', 28.66, 28.99, 28.22, 28.28]
['2017-01-20', 28.27, 29.0, 28.05, 28.35]
['2017-01-23', 28.17, 30.29, 28.06, 30.05]
['2017-01-24', 29.96, 30.3, 29.22, 30.18]
['2017-01-25', 30.44, 32.65, 30.4, 31.66]
['2017-01-26', 32.0, 32.89, 29.95, 30.26]
['2017-01-27', 29.98, 30.63, 29.85, 30.31]
['2017-01-30', 30.12, 30.74, 28.95, 29.22]
['2017-01-31', 29.07, 30.55, 28.36, 30.27]
['2017-02-01', 30.57, 30.64, 28.93, 29.01]
['2017-02-02', 29.02, 30.22, 28.71, 29.31]
['2017-02-03', 29.37, 31.85, 29.14, 31.52]
['2017-02-06', 31.09, 31.46, 30.47, 31.02]
['2017-02-07', 31.29, 31.75, 30.3, 30.41]
['2017-02-08', 31.45, 31.69, 30.46, 31.65]
['2017-02-09', 31.77, 32.58, 31.45, 32.0]
['2017-02-10', 31.96, 32.58, 31.5, 32.13]
['2017-02-13', 32.13, 33.0, 31.81, 32.2]
['2017-02-14', 32.0, 32.38, 32.0, 32.14]
['2017-02-15', 32.01, 33.74, 31.53, 33.1]
['2017-02-16', 32.64, 33.95, 31.72, 31.96]
['2017-02-17', 31.52, 31.9, 31.0, 31.47]
['2017-02-21', 31.41, 31.89, 30.48, 31.81]
['2017-02-22', 31.71, 32.0, 30.71, 30.84]
['2017-02-23', 30.85, 31.19, 30.07, 30.15]
['2017-02-24', 30.0, 30.3, 29.3, 29.82]
['2017-02-27', 29.85, 30.38, 29.3, 30.12]
['2017-02-28', 30.18, 30.41, 29.62, 29.99]
['2017-03-01', 30.0, 30.86, 30.0, 30.73]
['2017-03-02', 30.91, 31.54, 30.2, 31.12]
['2017-03-03', 25.52, 25.55, 22.52, 23.0]
['2017-03-06', 23.23, 23.87, 21.07, 21.31]
['2017-03-07', 21.56, 22.27, 21.21, 21.39]
['2017-03-08', 21.46, 22.54, 21.11, 21.2]
['2017-03-09', 21.97, 21.97, 21.0, 21.49]
['2017-03-10', 21.4, 21.63, 21.0, 21.3]
['2017-03-13', 21.21, 21.39, 20.61, 20.73]
['2017-03-14', 20.53, 20.7, 20.0, 20.56]
['2017-03-15', 20.35, 20.5, 20.1, 20.27]
['2017-03-16', 20.3, 20.66, 20.0, 20.6]
['2017-03-17', 20.56, 21.1, 20.37, 20.41]
['2017-03-20', 20.41, 21.15, 20.09, 20.32]
['2017-03-21', 20.52, 20.54, 19.3, 19.81]
['2017-03-22', 19.72, 20.0, 19.5, 19.67]
['2017-03-23', 19.75, 19.75, 19.32, 19.37]
['2017-03-24', 19.37, 19.9, 19.14, 19.5]
['2017-03-27', 19.23, 19.92, 19.0, 19.78]
['2017-03-28', 19.75, 20.06, 19.37, 19.92]
['2017-03-29', 18.66, 19.0, 18.2, 18.77]
['2017-03-30', 19.35, 19.35, 18.8, 19.15]
['2017-03-31', 18.92, 19.38, 18.75, 18.77]
['2017-04-03', 18.64, 18.96, 18.08, 18.15]
['2017-04-04', 18.2, 18.24, 17.07, 17.65]
['2017-04-05', 17.55, 18.0, 17.1, 17.46]
['2017-04-06', 17.82, 18.5, 17.7, 18.28]
['2017-04-07', 18.47, 18.9, 18.29, 18.63]
['2017-04-10', 18.54, 18.82, 18.2, 18.58]
['2017-04-11', 18.28, 18.5, 17.7, 18.08]
['2017-04-12', 17.32, 18.08, 17.26, 17.69]
['2017-04-13', 18.12, 18.15, 17.13, 17.21]
['2017-04-17', 17.27, 17.48, 17.02, 17.19]
['2017-04-18', 17.14, 17.46, 16.8, 17.15]
['2017-04-19', 17.23, 17.28, 16.34, 16.44]
['2017-04-20', 16.4, 16.69, 15.99, 16.42]
['2017-04-21', 16.38, 16.53, 16.14, 16.28]
['2017-04-24', 16.5, 16.5, 15.93, 16.08]
['2017-04-25', 16.1, 16.39, 15.82, 16.3]
['2017-04-26', 16.27, 16.38, 15.68, 15.7]
['2017-04-27', 15.76, 15.91, 15.52, 15.63]
['2017-04-28', 15.7, 15.7, 15.03, 15.19]
['2017-05-01', 15.13, 15.27, 14.38, 14.46]
['2017-05-02', 14.76, 16.17, 14.6, 15.82]
['2017-05-03', 15.57, 15.65, 15.01, 15.3]
['2017-05-04', 15.38, 15.52, 15.02, 15.43]
['2017-05-05', 15.42, 16.45, 15.38, 16.29]
['2017-05-08', 16.32, 16.77, 16.3, 16.6]
['2017-05-09', 16.61, 16.73, 15.92, 16.27]
['2017-05-10', 16.89, 17.15, 16.39, 16.74]
['2017-05-11', 16.76, 16.77, 16.3, 16.41]
['2017-05-12', 16.41, 16.52, 16.01, 16.36]
['2017-05-15', 16.31, 17.63, 16.3, 17.0]
['2017-05-16', 17.13, 17.33, 16.67, 16.94]
['2017-05-17', 16.71, 16.87, 16.15, 16.15]
['2017-05-18', 16.13, 16.4, 15.81, 16.0]
['2017-05-19', 15.95, 16.22, 15.85, 16.0]
['2017-05-22', 17.1, 18.2, 17.1, 17.5]
['2017-05-23', 18.05, 18.11, 16.96, 17.02]
['2017-05-24', 17.15, 17.86, 17.03, 17.45]
['2017-05-25', 17.9, 17.94, 17.15, 17.57]
['2017-05-26', 20.1, 20.9, 19.0, 19.59]
['2017-05-30', 19.73, 19.8, 18.07, 18.14]
['2017-05-31', 18.18, 18.89, 17.85, 18.65]
['2017-06-01', 18.65, 19.23, 18.49, 18.58]
['2017-06-02', 18.52, 18.97, 18.16, 18.58]
['2017-06-05', 18.92, 19.34, 18.54, 18.67]
['2017-06-06', 18.59, 19.26, 18.4, 18.44]
['2017-06-07', 18.51, 18.64, 18.16, 18.6]
['2017-06-08', 18.23, 18.25, 16.64, 17.88]
['2017-06-09', 17.97, 18.0, 17.01, 17.48]
['2017-06-12', 17.1, 17.53, 16.85, 17.28]
['2017-06-13', 17.3, 18.11, 17.24, 17.95]
['2017-06-14', 18.04, 18.17, 17.22, 17.44]
['2017-06-15', 17.15, 17.52, 16.97, 17.46]
['2017-06-16', 17.31, 17.67, 17.15, 17.67]
['2017-06-19', 17.64, 18.43, 17.6, 18.36]
['2017-06-20', 18.12, 18.48, 18.0, 18.25]
['2017-06-21', 18.27, 18.6, 18.16, 18.34]
['2017-06-22', 18.33, 18.67, 18.31, 18.5]
['2017-06-23', 18.55, 19.48, 18.51, 19.31]
['2017-06-26', 19.41, 20.25, 19.37, 19.75]
['2017-06-27', 19.77, 19.85, 18.6, 18.64]
['2017-06-28', 20.18, 20.69, 19.68, 20.36]
['2017-06-29', 20.77, 20.82, 19.5, 19.93]
['2017-06-30', 20.0, 20.5, 19.34, 20.15]
['2017-07-03', 20.09, 20.2, 19.04, 19.24]
['2017-07-05', 19.3, 19.54, 19.03, 19.5]
['2017-07-06', 19.37, 19.5, 18.62, 18.69]
['2017-07-07', 18.9, 19.33, 18.8, 19.12]
['2017-07-10', 19.11, 19.4, 18.94, 19.16]
['2017-07-11', 19.03, 19.37, 18.8, 19.12]
['2017-07-12', 19.4, 19.67, 19.12, 19.53]
['2017-07-13', 19.63, 20.48, 19.56, 20.27]
['2017-07-14', 22.07, 22.38, 21.62, 22.12]
['2017-07-17', 22.93, 23.0, 22.0, 22.75]
['2017-07-18', 22.61, 23.93, 22.5, 23.57]
['2017-07-19', 23.87, 24.47, 23.34, 24.41]
['2017-07-20', 24.48, 24.87, 23.82, 24.05]
['2017-07-21', 24.03, 24.05, 23.5, 23.73]
['2017-07-24', 23.55, 23.68, 23.06, 23.36]
['2017-07-25', 23.49, 23.84, 22.83, 23.73]
['2017-07-26', 23.74, 23.9, 22.87, 22.97]
['2017-07-27', 23.23, 23.25, 21.31, 21.82]
['2017-07-28', 21.5, 22.37, 21.43, 21.74]
['2017-07-31', 21.79, 21.98, 20.95, 21.25]
['2017-08-01', 21.43, 21.54, 20.98, 21.44]
['2017-08-02', 21.79, 22.17, 20.8, 21.19]
['2017-08-03', 21.28, 21.32, 20.94, 20.99]
['2017-08-04', 21.11, 21.48, 21.03, 21.42]
['2017-08-07', 21.71, 22.29, 21.53, 22.16]
['2017-08-08', 22.45, 22.76, 21.85, 21.93]
['2017-08-09', 22.01, 22.05, 21.47, 21.91]
['2017-08-10', 21.65, 21.81, 20.65, 20.7]
['2017-08-11', 20.77, 21.54, 20.75, 21.48]
['2017-08-14', 22.0, 22.26, 21.64, 22.06]
['2017-08-15', 22.09, 22.21, 21.24, 21.32]
['2017-08-16', 21.46, 22.1, 21.31, 21.73]
['2017-08-17', 22.15, 22.98, 21.76, 21.84]
['2017-08-18', 21.86, 22.01, 21.31, 21.91]
['2017-08-21', 21.8, 21.85, 21.3, 21.56]
['2017-08-22', 21.74, 21.94, 21.39, 21.85]
['2017-08-23', 21.67, 21.89, 21.51, 21.73]
['2017-08-24', 21.7, 22.22, 21.7, 21.9]
['2017-08-25', 21.97, 22.11, 21.6, 21.95]
['2017-08-28', 22.05, 22.35, 21.9, 22.2]
['2017-08-29', 21.96, 22.45, 21.76, 22.19]
['2017-08-30', 22.35, 22.39, 21.9, 21.9]
['2017-08-31', 22.21, 22.4, 21.55, 22.0]
['2017-09-01', 23.52, 24.19, 21.84, 22.0]
['2017-09-05', 21.95, 21.99, 20.02, 21.3]
['2017-09-06', 21.39, 22.5, 20.91, 22.48]
['2017-09-07', 22.19, 23.1, 22.11, 22.16]
['2017-09-08', 22.05, 22.14, 21.65, 21.73]
['2017-09-11', 21.82, 22.34, 21.8, 22.05]
['2017-09-12', 21.95, 22.54, 21.86, 21.95]
['2017-09-13', 21.82, 22.07, 21.3, 21.49]
['2017-09-14', 21.35, 21.64, 21.21, 21.61]
['2017-09-15', 21.43, 21.79, 21.35, 21.56]
['2017-09-18', 22.0, 23.06, 21.72, 22.73]
['2017-09-19', 22.66, 22.9, 21.85, 22.0]
['2017-09-20', 22.09, 23.02, 21.9, 23.0]
['2017-09-21', 22.99, 23.9, 22.96, 23.46]
['2017-09-22', 23.49, 24.97, 23.43, 24.5]
['2017-09-25', 24.3, 24.66, 22.89, 23.18]
['2017-09-26', 23.29, 23.88, 22.95, 23.49]
['2017-09-27', 23.64, 23.8, 23.1, 23.13]
['2017-09-28', 23.12, 23.18, 21.63, 22.43]
['2017-09-29', 22.41, 22.73, 22.25, 22.39]
['2017-10-02', 22.16, 23.54, 21.82, 23.51]
['2017-10-03', 23.36, 23.63, 22.96, 23.17]
['2017-10-04', 23.0, 23.4, 22.41, 22.85]
['2017-10-05', 22.91, 23.44, 22.69, 23.2]
['2017-10-06', 23.14, 23.22, 22.85, 23.14]
['2017-10-09', 23.14, 23.67, 23.02, 23.31]
['2017-10-10', 24.13, 26.44, 24.1, 25.61]
['2017-10-11', 25.75, 26.75, 25.34, 26.66]
['2017-10-12', 26.57, 26.74, 25.21, 25.81]
['2017-10-13', 25.81, 27.33, 25.71, 26.62]
['2017-10-16', 26.75, 27.49, 26.52, 26.54]
['2017-10-17', 26.51, 26.89, 26.14, 26.31]
['2017-10-18', 26.33, 26.49, 26.01, 26.28]
['2017-10-19', 25.93, 26.49, 25.5, 26.34]
['2017-10-20', 26.55, 27.11, 26.45, 26.67]
['2017-10-23', 26.75, 27.38, 26.41, 26.46]
['2017-10-24', 26.75, 28.5, 26.37, 27.95]
['2017-10-25', 27.9, 27.95, 26.35, 27.23]
['2017-10-26', 27.46, 27.89, 27.15, 27.8]
['2017-10-27', 28.26, 28.53, 27.28, 27.89]
['2017-10-30', 27.66, 28.69, 27.1, 28.28]
['2017-10-31', 28.14, 28.85, 28.13, 28.5]
['2017-11-01', 28.78, 29.0, 27.54, 27.58]
['2017-11-02', 27.67, 27.88, 26.93, 27.45]
['2017-11-03', 27.54, 27.7, 27.2, 27.33]
['2017-11-06', 27.88, 28.89, 27.7, 28.48]
['2017-11-07', 28.5, 28.55, 27.94, 28.16]
['2017-11-08', 28.07, 28.16, 26.97, 28.03]
['2017-11-09', 27.83, 28.98, 27.28, 28.62]
['2017-11-10', 28.44, 29.43, 28.42, 28.87]
['2017-11-13', 28.61, 28.99, 28.35, 28.87]
['2017-11-14', 28.76, 29.13, 28.29, 28.3]
['2017-11-15', 28.28, 29.38, 28.18, 29.11]
['2017-11-16', 29.28, 29.45, 28.8, 29.16]
['2017-11-17', 29.1, 29.92, 29.07, 29.3]
['2017-11-20', 29.41, 29.9, 29.32, 29.7]
['2017-11-21', 29.9, 30.62, 29.8, 30.2]
['2017-11-22', 30.55, 33.5, 30.55, 33.18]
['2017-11-24', 34.0, 34.83, 33.33, 34.3]
['2017-11-27', 34.07, 34.85, 33.9, 34.64]
['2017-11-28', 34.5, 34.69, 33.28, 34.63]
['2017-11-29', 34.8, 35.0, 31.81, 32.52]
['2017-11-30', 32.84, 33.25, 32.43, 32.8]
['2017-12-01', 35.12, 38.28, 33.77, 36.06]
['2017-12-04', 36.02, 36.94, 33.86, 34.04]
['2017-12-05', 33.46, 34.97, 32.83, 34.1]
['2017-12-06', 34.0, 35.46, 33.82, 35.3]
['2017-12-07', 35.44, 36.15, 34.74, 34.78]
['2017-12-08', 35.18, 35.8, 34.82, 35.06]
['2017-12-11', 35.01, 36.38, 35.01, 35.99]
['2017-12-12', 35.63, 35.96, 34.5, 34.71]
['2017-12-13', 34.82, 35.57, 34.59, 35.34]
['2017-12-14', 35.35, 36.3, 35.21, 35.45]
['2017-12-15', 35.53, 36.03, 34.91, 36.0]
['2017-12-18', 36.09, 36.92, 35.36, 36.57]
['2017-12-19', 36.36, 36.76, 35.8, 36.04]
['2017-12-20', 35.93, 36.0, 34.32, 35.34]
['2017-12-21', 35.33, 35.57, 34.83, 35.06]
['2017-12-22', 35.13, 35.13, 34.74, 34.84]
['2017-12-26', 34.35, 36.18, 34.21, 35.93]
['2017-12-27', 35.79, 35.95, 35.33, 35.56]
['2017-12-28', 35.62, 36.37, 35.58, 35.86]
['2017-12-29', 35.81, 36.13, 35.25, 35.28]
['2018-01-02', 35.28, 36.17, 35.17, 35.95]
['2018-01-03', 35.78, 37.19, 35.78, 36.77]
['2018-01-04', 37.01, 37.35, 35.52, 36.24]
['2018-01-05', 36.26, 37.1, 36.2, 36.91]
['2018-01-08', 36.87, 38.48, 36.64, 38.41]
['2018-01-09', 38.44, 38.8, 37.19, 37.28]
['2018-01-10', 36.96, 37.33, 36.71, 37.02]
['2018-01-11', 37.32, 38.12, 37.31, 37.95]
['2018-01-12', 38.0, 38.22, 37.36, 37.84]
['2018-01-16', 37.95, 38.0, 35.53, 36.01]
['2018-01-17', 34.91, 37.27, 34.23, 36.73]
['2018-01-18', 36.68, 36.79, 35.43, 36.19]
['2018-01-19', 35.92, 36.85, 35.62, 35.93]
['2018-01-22', 35.52, 35.95, 34.81, 35.91]
['2018-01-23', 36.0, 37.7, 35.63, 37.49]
['2018-01-24', 37.5, 37.68, 35.67, 36.4]
['2018-01-25', 35.0, 35.1, 33.06, 33.21]
['2018-01-26', 33.45, 33.9, 32.95, 32.99]
['2018-01-29', 32.95, 33.29, 32.26, 32.39]
['2018-01-30', 31.39, 32.67, 30.63, 32.05]
['2018-01-31', 32.41, 33.43, 31.79, 32.1]
['2018-02-01', 31.85, 32.57, 31.56, 32.11]
['2018-02-02', 31.6, 32.2, 30.96, 31.26]
['2018-02-05', 30.35, 32.48, 29.39, 30.34]
['2018-02-06', 29.6, 31.46, 29.34, 31.23]
['2018-02-07', 32.79, 33.88, 32.39, 32.56]
['2018-02-08', 33.11, 33.19, 31.18, 31.24]
['2018-02-09', 31.58, 32.85, 29.94, 31.6]
['2018-02-12', 31.83, 33.06, 31.6, 32.89]
['2018-02-13', 32.47, 33.63, 32.32, 33.19]
['2018-02-14', 32.9, 34.45, 32.9, 34.22]
['2018-02-15', 34.49, 34.93, 33.6, 34.82]
['2018-02-16', 34.88, 35.34, 34.39, 34.47]
['2018-02-20', 34.68, 35.49, 33.8, 34.79]
['2018-02-21', 34.81, 35.99, 34.72, 34.83]
['2018-02-22', 35.01, 35.71, 34.59, 34.85]
['2018-02-23', 35.0, 35.6, 34.81, 35.6]
['2018-02-26', 35.96, 36.77, 35.47, 36.54]
['2018-02-27', 36.64, 36.69, 35.82, 35.93]
['2018-02-28', 35.9, 36.84, 35.68, 36.45]
['2018-03-01', 36.55, 37.16, 35.65, 36.2]
['2018-03-02', 36.41, 38.9, 36.4, 38.87]
['2018-03-05', 38.73, 42.45, 38.51, 42.03]
['2018-03-06', 42.36, 44.5, 42.14, 44.13]
['2018-03-07', 42.92, 45.79, 42.12, 45.65]
['2018-03-08', 45.82, 47.14, 45.03, 46.32]
['2018-03-09', 47.99, 49.8, 47.59, 49.1]
['2018-03-12', 49.64, 51.63, 49.0, 51.48]
['2018-03-13', 52.7, 53.67, 51.58, 53.04]
['2018-03-14', 53.25, 54.98, 51.32, 54.66]
['2018-03-15', 54.74, 55.1, 53.09, 54.41]
['2018-03-16', 54.07, 54.65, 52.54, 53.74]
['2018-03-19', 52.37, 54.27, 51.71, 53.0]
['2018-03-20', 53.18, 54.0, 52.55, 53.85]
['2018-03-21', 53.5, 54.17, 52.79, 53.43]
['2018-03-22', 52.73, 55.25, 52.31, 52.87]
['2018-03-23', 51.6, 52.14, 49.08, 49.92]
['2018-03-26', 50.99, 51.93, 50.26, 51.89]
['2018-03-27', 52.28, 52.58, 46.73, 47.36]
['2018-03-28', 46.76, 48.53, 45.3, 47.94]
['2018-03-29', 48.61, 49.46, 47.61, 49.11]
['2018-04-02', 48.28, 49.64, 47.43, 47.66]
['2018-04-03', 48.45, 48.72, 47.15, 48.62]
['2018-04-04', 47.5, 50.41, 47.5, 50.26]
['2018-04-05', 50.76, 52.06, 49.75, 51.81]
['2018-04-06', 51.07, 52.21, 49.09, 49.84]
['2018-04-09', 49.96, 51.19, 49.44, 49.53]
['2018-04-10', 50.37, 53.35, 50.2, 52.3]
['2018-04-11', 52.2, 53.1, 51.85, 52.29]
['2018-04-12', 53.01, 54.11, 52.7, 53.49]
['2018-04-13', 53.75, 54.41, 52.52, 53.78]
['2018-04-16', 53.58, 54.29, 52.77, 53.41]
['2018-04-17', 54.01, 56.0, 53.71, 55.33]
['2018-04-18', 55.38, 56.28, 54.43, 55.51]
['2018-04-19', 55.66, 55.83, 54.61, 55.15]
['2018-04-20', 54.9, 55.43, 53.51, 54.03]
['2018-04-23', 54.41, 55.81, 53.31, 53.86]
['2018-04-24', 54.31, 54.93, 51.01, 52.51]
['2018-04-25', 52.61, 52.71, 49.28, 50.61]
['2018-04-26', 51.54, 52.75, 50.9, 52.15]
['2018-04-27', 52.82, 52.96, 48.62, 49.59]
['2018-04-30', 49.15, 51.15, 47.98, 50.59]
['2018-05-01', 50.27, 51.97, 50.16, 51.91]
['2018-05-02', 52.08, 53.85, 51.66, 52.1]
['2018-05-03', 51.74, 52.98, 51.06, 52.71]
['2018-05-04', 52.39, 54.63, 52.02, 54.39]
['2018-05-07', 54.19, 57.02, 54.19, 55.72]
['2018-05-08', 56.06, 57.19, 55.12, 57.15]
['2018-05-09', 57.55, 58.85, 57.36, 58.5]
['2018-05-10', 58.98, 59.29, 57.85, 59.13]
['2018-05-11', 59.46, 59.87, 58.69, 59.1]
['2018-05-14', 59.46, 60.0, 57.02, 57.33]
['2018-05-15', 57.02, 57.43, 55.59, 57.19]
['2018-05-16', 57.42, 58.25, 56.88, 57.35]
['2018-05-17', 57.27, 58.51, 57.1, 58.3]
['2018-05-18', 58.35, 59.05, 58.21, 58.24]
['2018-05-21', 58.41, 58.8, 56.32, 56.67]
['2018-05-22', 57.17, 57.25, 55.79, 56.4]
['2018-05-23', 55.8, 56.73, 55.06, 56.28]
['2018-05-24', 56.06, 56.29, 54.13, 55.36]
['2018-05-25', 54.48, 57.72, 52.11, 52.5]
['2018-05-29', 51.96, 53.05, 51.05, 51.93]
['2018-05-30', 52.62, 54.93, 52.5, 54.39]
['2018-05-31', 54.28, 54.98, 53.15, 53.45]
['2018-06-01', 53.84, 56.88, 53.8, 56.72]
['2018-06-04', 56.79, 57.35, 54.67, 56.99]
['2018-06-05', 57.0, 57.12, 55.81, 57.02]
['2018-06-06', 56.62, 56.91, 55.54, 56.2]
['2018-06-07', 56.56, 59.0, 54.67, 55.85]
['2018-06-08', 55.48, 56.75, 55.4, 56.19]
['2018-06-11', 56.36, 56.75, 55.42, 56.36]
['2018-06-12', 56.74, 61.45, 56.59, 60.65]
['2018-06-13', 60.67, 64.35, 60.43, 63.5]
['2018-06-14', 63.69, 64.87, 62.55, 62.58]
['2018-06-15', 62.1, 62.55, 60.63, 61.89]
['2018-06-18', 60.66, 64.17, 59.56, 63.71]
['2018-06-19', 62.5, 63.25, 59.08, 61.55]
['2018-06-20', 61.67, 62.53, 59.71, 59.86]
['2018-06-21', 60.15, 60.5, 58.17, 58.43]
['2018-06-22', 58.72, 58.87, 54.25, 54.34]
['2018-06-25', 54.62, 55.22, 50.24, 51.64]
['2018-06-26', 52.67, 52.67, 51.14, 51.97]
['2018-06-27', 52.28, 53.31, 49.98, 50.09]
['2018-06-28', 49.69, 52.18, 49.25, 51.91]
['2018-06-29', 52.35, 53.13, 51.57, 51.57]
['2018-07-02', 50.34, 52.37, 50.0, 52.32]
['2018-07-03', 52.47, 52.51, 51.15, 51.9]
['2018-07-05', 52.04, 52.82, 51.56, 52.55]
['2018-07-06', 51.85, 54.4, 51.8, 53.75]
['2018-07-09', 54.48, 54.9, 51.99, 53.14]
['2018-07-10', 53.39, 54.63, 53.17, 53.65]
['2018-07-11', 53.36, 55.77, 52.95, 55.2]
['2018-07-12', 55.5, 57.47, 55.21, 57.32]
['2018-07-13', 57.5, 57.66, 55.68, 56.35]
['2018-07-16', 56.5, 57.05, 55.73, 56.54]
['2018-07-17', 56.01, 58.27, 55.5, 57.51]
['2018-07-18', 57.8, 58.35, 57.0, 58.11]
['2018-07-19', 57.65, 58.41, 56.87, 57.43]
['2018-07-20', 57.5, 57.88, 56.41, 56.48]
['2018-07-23', 56.24, 56.37, 54.21, 56.06]
['2018-07-24', 56.75, 56.99, 52.93, 53.29]
['2018-07-25', 53.31, 55.02, 53.01, 54.45]
['2018-07-26', 53.51, 55.3, 52.52, 54.85]
['2018-07-27', 54.76, 55.13, 50.92, 51.89]
['2018-07-30', 51.74, 52.1, 48.03, 48.88]
['2018-07-31', 48.74, 50.41, 47.57, 48.89]
['2018-08-01', 49.42, 50.21, 48.56, 49.34]
['2018-08-02', 49.11, 51.16, 48.67, 50.78]
['2018-08-03', 50.97, 51.1, 49.85, 50.68]
['2018-08-06', 50.7, 51.75, 50.4, 51.6]
['2018-08-07', 52.0, 52.5, 51.38, 52.13]
['2018-08-08', 52.27, 52.9, 51.76, 51.92]
['2018-08-09', 52.21, 54.97, 52.02, 53.96]
['2018-08-10', 52.95, 54.93, 52.78, 54.33]
['2018-08-13', 54.3, 55.52, 53.52, 53.77]
['2018-08-14', 54.31, 56.2, 53.75, 56.0]
['2018-08-15', 55.7, 56.5, 54.6, 55.42]
['2018-08-16', 56.0, 56.7, 55.45, 55.66]
['2018-08-17', 53.41, 54.4, 51.05, 53.59]
['2018-08-20', 53.61, 53.9, 52.11, 52.93]
['2018-08-21', 53.4, 54.58, 53.1, 53.56]
['2018-08-22', 53.52, 55.97, 53.22, 55.26]
['2018-08-23', 55.34, 57.0, 55.34, 56.21]
['2018-08-24', 56.11, 57.45, 55.9, 56.97]
['2018-08-27', 58.15, 60.05, 58.0, 59.6]
['2018-08-28', 60.14, 60.84, 59.65, 60.55]
['2018-08-29', 60.34, 61.92, 60.34, 61.13]
['2018-08-30', 62.0, 63.38, 60.17, 60.82]
['2018-08-31', 57.15, 61.96, 56.01, 56.32]
['2018-09-04', 56.18, 57.15, 54.39, 56.38]
['2018-09-05', 56.0, 56.47, 51.87, 53.09]
['2018-09-06', 53.11, 53.32, 50.87, 51.41]
['2018-09-07', 50.9, 52.62, 50.01, 51.33]
['2018-09-10', 51.62, 52.11, 50.71, 51.82]
['2018-09-11', 53.16, 53.83, 51.72, 52.29]
['2018-09-12', 51.85, 52.98, 50.38, 51.48]
['2018-09-13', 51.58, 52.97, 51.35, 52.3]
['2018-09-14', 52.26, 53.39, 51.95, 52.5]
['2018-09-17', 51.99, 52.14, 46.31, 46.43]
['2018-09-18', 48.99, 50.64, 48.1, 49.65]
['2018-09-19', 49.86, 50.3, 46.48, 46.67]
['2018-09-20', 47.06, 48.41, 45.91, 48.01]
['2018-09-21', 48.34, 48.58, 46.2, 46.45]
['2018-09-24', 41.87, 44.0, 41.0, 42.4]
['2018-09-25', 42.5, 43.63, 41.68, 43.12]
['2018-09-26', 43.21, 43.65, 42.14, 42.24]
['2018-09-27', 42.24, 43.2, 42.12, 42.59]
['2018-09-28', 42.26, 43.42, 42.26, 42.72]
['2018-10-01', 43.02, 44.25, 42.95, 43.43]
['2018-10-02', 43.41, 43.58, 41.7, 41.81]
['2018-10-03', 42.3, 44.2, 42.3, 43.25]
['2018-10-04', 43.03, 44.3, 42.1, 42.32]
['2018-10-05', 42.41, 43.38, 41.77, 42.58]
['2018-10-08', 41.79, 42.76, 38.88, 40.28]
['2018-10-09', 40.11, 41.48, 39.58, 40.54]
['2018-10-10', 39.97, 40.24, 38.73, 38.93]
['2018-10-11', 38.35, 40.13, 37.51, 38.59]
['2018-10-12', 40.25, 41.52, 39.75, 41.46]
['2018-10-15', 41.32, 41.32, 40.01, 40.29]
['2018-10-16', 41.14, 42.38, 40.64, 42.31]
['2018-10-17', 42.54, 42.55, 40.82, 42.29]
['2018-10-18', 41.9, 42.35, 40.44, 40.97]
['2018-10-19', 41.21, 41.21, 37.44, 38.76]
['2018-10-22', 39.14, 40.27, 38.37, 39.71]
['2018-10-23', 38.3, 39.58, 37.64, 39.44]
['2018-10-24', 39.45, 39.95, 37.3, 37.44]
['2018-10-25', 37.85, 38.84, 37.5, 38.26]
['2018-10-26', 36.74, 37.57, 35.38, 35.95]
['2018-10-29', 37.81, 38.23, 36.5, 37.07]
['2018-10-30', 37.0, 39.57, 36.8, 39.35]
['2018-10-31', 40.21, 42.35, 40.14, 41.51]
['2018-11-01', 41.77, 43.67, 40.72, 43.35]
['2018-11-02', 43.48, 44.35, 42.33, 43.09]
['2018-11-05', 43.09, 43.09, 41.44, 42.39]
['2018-11-06', 42.47, 46.25, 42.01, 44.41]
['2018-11-07', 45.0, 47.0, 44.28, 45.73]
['2018-11-08', 45.69, 46.34, 45.1, 45.65]
['2018-11-09', 45.05, 45.2, 42.72, 43.57]
['2018-11-12', 43.16, 43.64, 40.36, 41.64]
['2018-11-13', 42.49, 42.94, 41.2, 41.52]
['2018-11-14', 41.92, 42.6, 40.84, 41.44]
['2018-11-15', 41.37, 43.34, 41.03, 42.65]
['2018-11-16', 42.06, 42.71, 40.94, 42.12]
['2018-11-19', 41.68, 42.32, 38.35, 38.8]
['2018-11-20', 36.18, 39.39, 35.4, 38.18]
['2018-11-21', 39.5, 39.91, 38.5, 39.35]
['2018-11-23', 38.74, 40.4, 38.55, 39.95]
['2018-11-26', 41.27, 41.73, 40.45, 41.72]
['2018-11-27', 41.34, 41.95, 40.76, 40.97]
['2018-11-28', 44.9, 45.07, 42.12, 43.1]
['2018-11-29', 42.89, 44.46, 42.3, 43.84]
['2018-11-30', 44.0, 45.78, 43.97, 44.71]
['2018-12-03', 46.5, 46.93, 43.9, 44.96]
['2018-12-04', 44.46, 44.83, 42.29, 42.63]
['2018-12-06', 41.44, 44.75, 41.3, 44.43]
['2018-12-07', 43.99, 44.35, 41.71, 42.28]
['2018-12-10', 41.71, 44.0, 41.71, 43.16]
['2018-12-11', 44.02, 45.63, 43.85, 44.49]
['2018-12-12', 45.35, 46.25, 44.41, 44.47]
['2018-12-13', 44.78, 45.25, 43.98, 44.7]
['2018-12-14', 44.11, 45.99, 43.5, 44.12]
['2018-12-17', 43.44, 43.44, 38.31, 38.9]
['2018-12-18', 39.28, 41.59, 39.07, 40.88]
['2018-12-19', 40.75, 41.98, 39.5, 39.99]
['2018-12-20', 39.41, 40.24, 36.78, 38.23]
['2018-12-21', 38.65, 38.91, 35.75, 36.47]
['2018-12-24', 35.69, 37.76, 35.24, 36.13]
['2018-12-26', 36.51, 38.97, 36.51, 38.92]
['2018-12-27', 38.23, 39.91, 37.87, 39.91]
['2018-12-28', 40.13, 40.89, 38.97, 40.27]
['2018-12-31', 41.06, 42.45, 40.67, 41.59]
['2019-01-02', 40.82, 42.31, 40.48, 41.94]
['2019-01-03', 41.25, 41.74, 39.92, 40.39]
['2019-01-04', 41.32, 44.35, 41.14, 43.47]
['2019-01-07', 43.28, 45.82, 43.25, 44.92]
['2019-01-08', 45.6, 46.53, 45.01, 45.31]
['2019-01-09', 45.5, 45.75, 44.65, 45.21]
['2019-01-10', 44.55, 45.42, 44.2, 45.13]
['2019-01-11', 44.98, 45.49, 44.48, 45.46]
['2019-01-14', 44.93, 46.19, 44.79, 45.55]
['2019-01-15', 45.85, 48.95, 45.72, 48.74]
['2019-01-16', 50.25, 51.67, 48.38, 49.01]
['2019-01-17', 48.96, 50.75, 48.62, 50.16]
['2019-01-18', 50.67, 52.43, 50.12, 52.16]
['2019-01-22', 51.59, 51.6, 50.15, 50.73]
['2019-01-23', 51.16, 51.94, 49.42, 50.26]
['2019-01-24', 50.31, 52.09, 50.19, 51.84]
['2019-01-25', 52.23, 52.55, 51.08, 52.23]
['2019-01-28', 51.49, 52.11, 50.59, 51.49]
['2019-01-29', 51.78, 51.83, 49.16, 49.4]
['2019-01-30', 50.22, 50.91, 49.39, 50.27]
['2019-01-31', 50.34, 51.72, 50.25, 51.23]
['2019-02-01', 51.19, 52.22, 50.81, 51.59]
['2019-02-04', 51.65, 53.61, 51.62, 52.83]
['2019-02-05', 53.01, 54.24, 52.66, 52.85]
['2019-02-06', 53.0, 53.74, 51.56, 52.28]
['2019-02-07', 51.78, 52.37, 51.02, 51.96]
['2019-02-08', 51.44, 53.24, 51.44, 53.16]
['2019-02-11', 53.54, 54.0, 52.73, 52.9]
['2019-02-12', 53.54, 54.38, 53.32, 54.14]
['2019-02-13', 54.3, 54.68, 53.66, 53.79]
['2019-02-14', 53.4, 54.47, 53.15, 53.76]
['2019-02-15', 53.85, 54.0, 53.26, 53.63]
['2019-02-19', 53.64, 54.6, 53.6, 54.01]
['2019-02-20', 54.22, 54.5, 52.89, 53.22]
['2019-02-21', 53.31, 53.5, 52.9, 53.15]
['2019-02-22', 53.31, 54.51, 52.97, 53.08]
['2019-02-25', 53.45, 53.7, 51.1, 51.23]
['2019-02-26', 51.15, 51.56, 50.8, 51.25]
['2019-02-27', 51.18, 51.67, 50.35, 50.82]
['2019-02-28', 50.64, 50.89, 49.7, 50.09]
['2019-03-01', 36.76, 36.76, 32.99, 33.7]
['2019-03-04', 34.13, 34.65, 32.52, 33.51]
['2019-03-05', 33.32, 33.96, 33.05, 33.85]
['2019-03-06', 33.86, 34.12, 33.39, 34.1]
['2019-03-07', 34.1, 36.22, 34.04, 34.94]
['2019-03-08', 34.44, 35.5, 33.81, 34.48]
['2019-03-11', 35.39, 36.76, 35.25, 35.61]
['2019-03-12', 35.8, 37.5, 35.2, 37.19]
['2019-03-13', 37.15, 38.83, 37.15, 38.37]
['2019-03-14', 38.4, 38.73, 37.74, 38.25]
['2019-03-15', 38.54, 38.98, 38.06, 38.27]
['2019-03-18', 38.21, 38.84, 37.42, 38.34]
['2019-03-19', 38.34, 38.85, 37.89, 38.79]
['2019-03-20', 39.03, 42.21, 38.58, 41.29]
['2019-03-21', 40.81, 43.21, 39.9, 42.8]
['2019-03-22', 42.24, 42.52, 40.59, 40.65]
['2019-03-25', 40.37, 41.73, 39.8, 40.38]
['2019-03-26', 41.12, 41.25, 39.33, 40.13]
['2019-03-27', 40.1, 40.16, 36.51, 36.97]
['2019-03-28', 37.0, 37.3, 36.32, 36.59]
['2019-03-29', 36.88, 37.98, 36.88, 37.74]
['2019-04-01', 38.25, 39.03, 37.69, 38.67]
['2019-04-02', 38.48, 38.8, 36.76, 37.66]
['2019-04-03', 37.81, 37.88, 37.16, 37.62]
['2019-04-04', 37.66, 37.84, 36.17, 36.84]
['2019-04-05', 37.0, 37.3, 36.69, 37.17]
['2019-04-08', 37.02, 37.97, 36.58, 37.93]
['2019-04-09', 37.81, 39.74, 37.44, 38.81]
['2019-04-10', 39.04, 39.71, 38.32, 39.51]
['2019-04-11', 39.5, 39.95, 39.31, 39.72]
['2019-04-12', 39.86, 41.42, 39.81, 40.66]
['2019-04-15', 40.51, 41.01, 39.66, 40.42]
['2019-04-16', 40.55, 41.23, 40.22, 41.07]
['2019-04-17', 41.15, 42.15, 41.15, 42.1]
['2019-04-18', 41.85, 43.03, 41.52, 42.84]
['2019-04-22', 42.48, 43.48, 42.25, 42.86]
['2019-04-23', 42.88, 43.15, 41.82, 43.01]
['2019-04-24', 43.03, 43.33, 42.93, 43.01]
['2019-04-25', 43.01, 43.68, 42.77, 43.01]
['2019-04-26', 43.06, 43.31, 42.71, 43.3]
['2019-04-29', 43.27, 43.65, 42.63, 42.66]
['2019-04-30', 42.78, 43.58, 42.22, 43.19]
['2019-05-01', 43.36, 43.71, 42.71, 42.98]
['2019-05-02', 42.83, 43.46, 40.51, 40.6]
['2019-05-03', 40.82, 41.13, 37.75, 39.35]
['2019-05-06', 38.01, 40.1, 37.68, 39.78]
['2019-05-07', 39.39, 39.97, 37.14, 37.55]
['2019-05-08', 37.54, 38.63, 37.19, 38.3]
['2019-05-09', 37.75, 37.79, 36.12, 37.07]
['2019-05-10', 36.94, 37.31, 35.88, 37.04]
['2019-05-13', 35.68, 36.22, 34.9, 35.08]
['2019-05-14', 35.6, 37.27, 35.48, 37.25]
['2019-05-15', 36.9, 38.42, 36.8, 38.39]
['2019-05-16', 38.61, 40.08, 38.35, 39.35]
['2019-05-17', 38.43, 39.06, 36.92, 39.0]
['2019-05-20', 38.38, 38.71, 37.21, 37.43]
['2019-05-21', 38.16, 38.86, 38.16, 38.62]
['2019-05-22', 38.34, 38.66, 36.38, 36.61]
['2019-05-23', 35.88, 36.0, 34.55, 34.7]
['2019-05-24', 34.97, 36.12, 34.94, 35.14]
['2019-05-28', 33.26, 34.65, 31.34, 31.41]
['2019-05-29', 31.0, 33.8, 30.89, 33.69]
['2019-05-30', 33.77, 34.48, 32.51, 32.67]
['2019-05-31', 26.05, 28.73, 25.5, 28.07]
['2019-06-03', 27.91, 28.18, 26.47, 27.09]
['2019-06-04', 27.59, 28.11, 26.97, 28.04]
['2019-06-05', 28.44, 28.7, 27.48, 28.12]
['2019-06-06', 27.65, 28.02, 26.73, 27.92]
['2019-06-07', 27.96, 28.13, 27.4, 28.02]
['2019-06-10', 28.41, 28.86, 27.83, 27.86]
['2019-06-11', 28.21, 28.57, 27.76, 27.83]
['2019-06-12', 27.66, 28.07, 26.95, 27.47]
['2019-06-13', 27.7, 27.71, 27.16, 27.55]
['2019-06-14', 27.1, 27.11, 24.75, 25.41]
['2019-06-17', 25.44, 26.53, 25.26, 25.87]
['2019-06-18', 26.13, 26.84, 25.68, 25.77]
['2019-06-19', 25.91, 26.33, 25.54, 26.22]
['2019-06-20', 26.61, 27.39, 26.59, 26.98]
['2019-06-21', 26.91, 27.33, 26.36, 26.47]
['2019-06-24', 26.53, 26.7, 25.6, 25.74]
['2019-06-25', 25.74, 25.94, 24.61, 24.72]
['2019-06-26', 25.01, 25.41, 24.8, 24.94]
['2019-06-27', 25.07, 26.16, 25.07, 25.6]
['2019-06-28', 25.59, 26.08, 25.53, 25.94]
['2019-07-01', 26.52, 27.19, 26.34, 26.37]
['2019-07-02', 26.34, 27.0, 26.09, 26.74]
['2019-07-03', 26.76, 27.35, 26.59, 27.11]
['2019-07-05', 26.75, 26.89, 24.83, 26.39]
['2019-07-08', 26.2, 26.2, 25.32, 26.05]
['2019-07-09', 25.87, 26.35, 25.58, 26.26]
['2019-07-10', 26.33, 26.43, 25.78, 25.87]
['2019-07-11', 27.0, 28.49, 26.7, 26.85]
['2019-07-12', 27.07, 28.0, 26.21, 27.36]
['2019-07-15', 27.5, 27.65, 26.43, 26.69]
['2019-07-16', 26.75, 26.96, 24.7, 24.82]
['2019-07-17', 24.88, 25.73, 24.6, 24.78]
['2019-07-18', 24.8, 25.19, 24.43, 25.04]
['2019-07-19', 25.21, 25.45, 24.79, 24.79]
['2019-07-22', 24.95, 25.19, 24.34, 24.96]
['2019-07-23', 25.12, 25.17, 24.6, 24.85]
['2019-07-24', 24.8, 25.1, 23.91, 24.55]
['2019-07-25', 24.42, 24.56, 23.41, 23.45]
['2019-07-26', 23.6, 24.59, 23.46, 24.5]
['2019-07-29', 24.55, 24.68, 23.37, 23.75]
['2019-07-30', 23.56, 23.84, 23.41, 23.6]
['2019-07-31', 23.73, 23.77, 22.52, 22.7]
['2019-08-01', 22.75, 23.09, 21.89, 22.16]
['2019-08-02', 21.88, 21.88, 19.9, 20.04]
['2019-08-05', 18.81, 19.72, 18.75, 19.06]
['2019-08-06', 19.55, 19.95, 19.03, 19.35]
['2019-08-07', 19.16, 19.16, 18.47, 18.84]
['2019-08-08', 18.99, 19.47, 18.48, 19.45]
['2019-08-09', 19.13, 19.64, 18.66, 19.11]
['2019-08-12', 18.92, 18.92, 18.33, 18.62]
['2019-08-13', 18.46, 19.3, 18.45, 18.73]
['2019-08-14', 18.25, 18.5, 17.88, 18.2]
['2019-08-15', 18.3, 18.73, 17.94, 18.32]
['2019-08-16', 18.51, 18.55, 17.74, 18.24]
['2019-08-19', 18.59, 19.58, 18.55, 19.14]
['2019-08-20', 18.92, 19.19, 18.65, 19.11]
['2019-08-21', 19.37, 20.05, 19.08, 19.34]
['2019-08-22', 19.68, 20.23, 19.57, 19.76]
['2019-08-23', 19.6, 20.58, 19.52, 20.14]
['2019-08-26', 20.52, 20.56, 19.17, 19.62]
['2019-08-27', 19.85, 20.09, 18.83, 19.12]
['2019-08-28', 18.95, 19.99, 18.89, 19.6]
['2019-08-29', 24.4, 26.0, 23.79, 24.01]
['2019-08-30', 24.14, 24.97, 23.61, 24.23]
['2019-09-03', 23.84, 24.44, 22.67, 22.88]
['2019-09-04', 23.35, 23.9, 23.09, 23.33]
['2019-09-05', 24.15, 24.77, 23.82, 24.31]
['2019-09-06', 24.37, 24.68, 23.81, 23.96]
['2019-09-09', 25.68, 26.0, 24.7, 25.3]
['2019-09-10', 25.26, 26.56, 24.82, 26.52]
['2019-09-11', 26.73, 27.37, 26.35, 27.25]
['2019-09-12', 27.31, 27.4, 26.32, 26.74]
['2019-09-13', 26.6, 27.16, 26.17, 27.04]
['2019-09-16', 26.9, 27.65, 26.7, 27.21]
['2019-09-17', 27.1, 27.27, 26.11, 26.84]
['2019-09-18', 26.42, 27.03, 25.85, 26.31]
['2019-09-19', 26.42, 26.55, 25.88, 26.45]
['2019-09-20', 26.57, 26.74, 25.93, 26.16]
['2019-09-23', 25.88, 26.55, 25.52, 26.49]
['2019-09-24', 26.53, 26.67, 25.32, 25.6]
['2019-09-25', 25.42, 26.31, 25.27, 26.2]
['2019-09-26', 26.23, 26.4, 25.84, 26.03]
['2019-09-27', 26.23, 26.78, 25.74, 26.21]
['2019-09-30', 26.23, 26.42, 25.7, 26.25]
['2019-10-01', 26.41, 26.62, 25.3, 25.35]
['2019-10-02', 25.05, 25.55, 24.63, 25.16]
['2019-10-03', 25.25, 25.55, 24.64, 25.28]
['2019-10-04', 25.54, 25.91, 24.91, 25.28]
['2019-10-07', 25.35, 26.32, 25.31, 25.63]
['2019-10-08', 25.15, 25.31, 23.7, 23.75]
['2019-10-09', 24.01, 24.39, 23.54, 23.96]
['2019-10-10', 23.91, 24.2, 23.6, 23.68]
['2019-10-11', 24.08, 25.27, 23.95, 24.82]
['2019-10-14', 24.74, 25.47, 24.39, 25.35]
['2019-10-15', 25.39, 25.86, 25.08, 25.58]
['2019-10-16', 25.19, 26.23, 25.04, 26.19]
['2019-10-17', 26.96, 27.44, 26.35, 26.76]
['2019-10-18', 26.64, 26.73, 25.62, 26.15]
['2019-10-21', 26.52, 27.52, 26.03, 27.35]
['2019-10-22', 27.37, 27.49, 26.57, 27.26]
['2019-10-23', 27.11, 28.12, 27.0, 27.92]
['2019-10-24', 28.09, 28.73, 27.56, 28.33]
['2019-10-25', 28.12, 29.54, 27.83, 29.13]
['2019-10-28', 29.27, 29.59, 28.84, 29.12]
['2019-10-29', 28.99, 29.38, 28.39, 29.11]
['2019-10-30', 29.37, 29.66, 28.54, 29.51]
['2019-10-31', 29.35, 29.41, 28.55, 29.22]
['2019-11-01', 29.23, 29.95, 28.67, 28.92]
['2019-11-04', 29.3, 29.46, 27.51, 27.93]
['2019-11-05', 28.14, 28.2, 27.57, 27.96]
['2019-11-06', 27.96, 28.16, 27.18, 27.27]
['2019-11-07', 27.6, 28.17, 27.25, 27.42]
['2019-11-08', 27.09, 28.09, 26.97, 27.96]
['2019-11-11', 27.72, 27.98, 27.59, 27.78]
['2019-11-12', 27.73, 28.22, 27.47, 27.82]
['2019-11-13', 27.62, 27.96, 27.31, 27.58]
['2019-11-14', 27.51, 27.78, 26.53, 26.62]
['2019-11-15', 27.47, 29.66, 27.46, 29.4]
['2019-11-18', 29.15, 29.62, 28.38, 28.68]
['2019-11-19', 28.93, 29.26, 28.2, 28.69]
['2019-11-20', 29.38, 30.55, 29.27, 29.9]
['2019-11-21', 29.91, 30.43, 29.41, 29.69]
['2019-11-22', 28.86, 29.33, 28.53, 29.3]
['2019-11-25', 29.72, 29.8, 28.52, 28.75]
['2019-11-26', 34.5, 35.0, 32.35, 33.47]
['2019-11-27', 33.51, 35.26, 32.87, 34.97]
['2019-11-29', 34.55, 37.4, 34.52, 37.35]
['2019-12-02', 37.21, 37.34, 35.19, 35.89]
['2019-12-03', 34.85, 36.6, 34.64, 36.15]
['2019-12-04', 36.15, 36.48, 35.46, 35.55]
['2019-12-05', 35.83, 36.32, 35.26, 35.57]
['2019-12-06', 35.69, 35.89, 34.59, 34.6]
['2019-12-09', 34.21, 34.79, 33.05, 33.88]
['2019-12-10', 33.79, 33.98, 32.85, 32.98]
['2019-12-11', 33.01, 33.05, 31.64, 31.91]
['2019-12-12', 31.82, 32.74, 31.82, 32.61]
['2019-12-13', 32.51, 33.24, 32.49, 32.75]
['2019-12-16', 32.58, 33.32, 32.48, 32.66]
['2019-12-17', 32.37, 32.49, 31.26, 31.84]
['2019-12-18', 31.88, 32.62, 31.81, 32.02]
['2019-12-19', 31.95, 32.27, 31.58, 31.74]
['2019-12-20', 31.8, 31.97, 31.47, 31.66]
['2019-12-23', 31.89, 32.2, 31.72, 32.01]
['2019-12-24', 32.06, 32.59, 32.0, 32.26]
['2019-12-26', 32.34, 32.74, 32.34, 32.67]
['2019-12-27', 32.72, 32.84, 31.7, 31.74]
['2019-12-30', 31.77, 31.79, 30.46, 30.63]
['2019-12-31', 30.52, 31.3, 30.37, 31.26]
['2020-01-02', 31.69, 32.48, 31.55, 31.88]
['2020-01-03', 31.3, 32.55, 31.24, 32.45]
['2020-01-06', 32.06, 33.19, 31.79, 33.14]
['2020-01-07', 33.41, 33.75, 32.44, 32.9]
['2020-01-08', 32.86, 33.39, 32.35, 33.15]
['2020-01-09', 33.5, 34.23, 33.17, 34.15]
['2020-01-10', 34.47, 35.21, 34.19, 34.9]
['2020-01-13', 34.94, 35.58, 34.49, 35.01]
['2020-01-14', 35.05, 35.55, 34.78, 34.96]
['2020-01-15', 34.9, 35.66, 34.59, 34.7]
['2020-01-16', 35.08, 36.26, 35.05, 35.88]
['2020-01-17', 35.71, 36.16, 34.98, 35.14]
['2020-01-21', 35.02, 35.27, 34.6, 34.62]
['2020-01-22', 34.9, 36.88, 34.86, 36.35]
['2020-01-23', 36.39, 36.42, 35.4, 35.58]
['2020-01-24', 35.9, 36.45, 34.81, 35.23]
['2020-01-27', 34.0, 34.44, 33.51, 33.74]
['2020-01-28', 34.01, 34.24, 33.2, 33.49]
['2020-01-29', 33.99, 33.99, 32.13, 32.25]
['2020-01-30', 32.0, 33.34, 31.72, 33.28]
['2020-01-31', 32.99, 33.15, 31.83, 32.47]
['2020-02-03', 32.4, 33.47, 32.2, 33.42]
['2020-02-04', 33.27, 34.77, 32.42, 34.77]
['2020-02-05', 35.25, 35.51, 34.51, 35.34]
['2020-02-06', 35.67, 35.76, 35.18, 35.5]
['2020-02-07', 35.46, 35.6, 34.71, 35.01]
['2020-02-10', 35.01, 35.39, 34.35, 35.08]
['2020-02-11', 35.46, 35.87, 34.71, 34.91]
['2020-02-12', 35.56, 36.2, 35.27, 36.04]
['2020-02-13', 35.66, 36.22, 35.3, 35.72]
['2020-02-14', 35.75, 36.7, 35.7, 36.65]
['2020-02-18', 36.39, 37.46, 35.95, 37.07]
['2020-02-19', 37.4, 37.74, 36.87, 37.42]
['2020-02-20', 37.63, 37.86, 36.34, 37.3]
['2020-02-21', 37.02, 37.12, 35.73, 36.97]
['2020-02-24', 34.96, 36.25, 34.59, 36.01]
['2020-02-25', 37.35, 37.35, 34.44, 34.7]
['2020-02-26', 35.27, 35.27, 32.26, 32.63]
['2020-02-27', 24.48, 26.35, 23.02, 23.3]
['2020-02-28', 22.74, 24.32, 22.07, 23.84]
['2020-03-02', 24.63, 24.85, 22.9, 24.09]
['2020-03-03', 24.16, 24.38, 22.03, 22.1]
['2020-03-04', 22.55, 22.84, 21.88, 22.82]
['2020-03-05', 22.26, 22.41, 21.22, 21.64]
['2020-03-06', 20.99, 21.31, 19.92, 20.25]
['2020-03-09', 18.2, 19.38, 17.0, 17.5]
['2020-03-10', 18.67, 18.73, 16.75, 17.46]
['2020-03-11', 17.02, 17.02, 15.52, 15.85]
['2020-03-12', 14.3, 15.13, 13.34, 13.34]
['2020-03-13', 14.52, 14.7, 12.61, 14.63]
['2020-03-16', 12.51, 13.97, 12.48, 12.49]
['2020-03-17', 12.91, 13.43, 11.31, 13.1]
['2020-03-18', 12.05, 13.92, 11.78, 12.8]
['2020-03-19', 12.67, 14.21, 12.27, 14.06]
['2020-03-20', 14.58, 16.31, 14.08, 14.6]
['2020-03-23', 14.6, 15.91, 14.21, 15.81]
['2020-03-24', 16.8, 18.42, 16.8, 18.37]
['2020-03-25', 18.5, 19.69, 17.31, 18.08]
['2020-03-26', 18.73, 19.0, 16.93, 17.62]
['2020-03-27', 16.92, 17.38, 16.4, 16.93]
['2020-03-30', 16.92, 17.25, 15.9, 16.03]
['2020-03-31', 15.9, 16.86, 15.67, 15.8]
['2020-04-01', 15.21, 15.68, 14.56, 14.78]
['2020-04-02', 14.66, 15.25, 14.07, 14.53]
['2020-04-03', 14.24, 14.59, 13.76, 14.33]
['2020-04-06', 15.11, 16.15, 14.91, 16.03]
['2020-04-07', 17.19, 17.19, 15.84, 15.97]
['2020-04-08', 16.46, 16.98, 16.22, 16.5]
['2020-04-09', 16.97, 17.27, 16.15, 16.35]
['2020-04-13', 16.4, 17.29, 16.07, 17.17]
['2020-04-14', 17.62, 18.22, 17.53, 17.91]
['2020-04-15', 17.07, 17.54, 16.65, 17.16]
['2020-04-16', 17.17, 17.45, 16.52, 17.4]
['2020-04-17', 17.0, 17.56, 16.68, 16.85]
['2020-04-20', 16.53, 17.23, 16.44, 16.85]
['2020-04-21', 16.64, 16.74, 15.63, 16.25]
['2020-04-22', 16.7, 17.32, 16.42, 17.23]
['2020-04-23', 17.3, 17.55, 16.81, 17.02]
['2020-04-24', 17.1, 18.0, 17.09, 17.79]
['2020-04-27', 18.1, 18.92, 17.9, 18.81]
['2020-04-28', 19.34, 19.8, 18.71, 18.95]
['2020-04-29', 19.56, 20.85, 19.48, 20.58]
['2020-04-30', 20.5, 21.16, 20.09, 20.49]
['2020-05-01', 19.74, 19.91, 18.16, 18.26]
['2020-05-04', 17.94, 18.28, 17.29, 17.64]
['2020-05-05', 17.97, 18.49, 17.46, 17.77]
['2020-05-06', 20.23, 21.27, 19.53, 20.68]
['2020-05-07', 21.0, 22.43, 21.0, 21.66]
['2020-05-08', 22.0, 22.33, 21.42, 22.2]
['2020-05-11', 22.0, 22.65, 21.89, 22.06]
['2020-05-12', 22.12, 22.44, 21.16, 21.21]
['2020-05-13', 21.22, 21.56, 19.35, 20.1]
['2020-05-14', 19.72, 19.91, 19.09, 19.64]
['2020-05-15', 19.43, 20.41, 19.23, 20.29]
