['2013-06-19', 14.09, 14.85, 13.86, 14.39]
['2013-06-20', 15.06, 15.1, 14.23, 14.31]
['2013-06-21', 14.81, 14.81, 14.32, 14.64]
['2013-06-24', 14.63, 14.63, 14.07, 14.38]
['2013-06-25', 14.36, 14.52, 14.22, 14.51]
['2013-06-26', 14.4, 14.41, 14.19, 14.33]
['2013-06-27', 13.69, 14.58, 13.58, 14.24]
['2013-06-28', 14.17, 14.53, 14.13, 14.25]
['2013-07-01', 14.34, 14.36, 13.75, 13.78]
['2013-07-02', 13.6, 14.07, 13.59, 13.89]
['2013-07-03', 13.79, 14.01, 13.75, 13.87]
['2013-07-05', 13.86, 14.77, 13.86, 14.46]
['2013-07-08', 14.67, 14.9, 14.41, 14.84]
['2013-07-09', 14.65, 14.84, 14.52, 14.57]
['2013-07-10', 14.36, 14.45, 14.1, 14.32]
['2013-07-11', 14.64, 14.64, 13.95, 14.09]
['2013-07-12', 13.9, 14.07, 13.87, 13.89]
['2013-07-15', 13.9, 13.97, 13.45, 13.71]
['2013-07-16', 13.63, 14.33, 13.62, 14.26]
['2013-07-17', 14.16, 14.94, 14.16, 14.84]
['2013-07-18', 14.86, 15.06, 14.32, 14.45]
['2013-07-19', 14.24, 15.07, 14.24, 14.94]
['2013-07-22', 14.96, 15.07, 14.59, 14.73]
['2013-07-23', 14.69, 14.87, 14.56, 14.69]
['2013-07-24', 14.63, 14.87, 14.47, 14.75]
['2013-07-25', 14.74, 14.87, 14.49, 14.6]
['2013-07-26', 14.6, 14.97, 14.36, 14.91]
['2013-07-29', 14.81, 14.89, 14.46, 14.56]
['2013-07-30', 14.57, 14.99, 14.52, 14.95]
['2013-07-31', 14.91, 15.17, 14.86, 14.91]
['2013-08-01', 14.93, 15.21, 14.91, 15.19]
['2013-08-02', 15.09, 15.42, 15.06, 15.29]
['2013-08-05', 15.2, 15.27, 14.9, 15.02]
['2013-08-06', 14.95, 15.24, 14.85, 15.19]
['2013-08-07', 15.05, 15.1, 14.86, 14.97]
['2013-08-08', 15.12, 15.3, 14.96, 15.18]
['2013-08-09', 15.2, 15.2, 15.03, 15.05]
['2013-08-12', 14.92, 15.1, 14.8, 14.93]
['2013-08-13', 15.04, 15.04, 14.82, 14.87]
['2013-08-14', 14.82, 15.02, 14.7, 14.99]
['2013-08-15', 14.88, 15.19, 14.77, 15.12]
['2013-08-16', 15.07, 15.24, 14.97, 15.0]
['2013-08-19', 15.02, 15.03, 14.71, 14.72]
['2013-08-20', 14.74, 14.81, 14.57, 14.71]
['2013-08-21', 14.67, 14.82, 14.55, 14.77]
['2013-08-22', 14.82, 14.85, 14.66, 14.71]
['2013-08-23', 14.68, 14.84, 14.61, 14.75]
['2013-08-26', 14.77, 14.95, 14.77, 14.88]
['2013-08-27', 14.81, 15.01, 14.76, 14.77]
['2013-08-28', 14.8, 14.84, 14.72, 14.8]
['2013-08-29', 14.81, 14.91, 14.67, 14.79]
['2013-08-30', 14.74, 14.8, 14.6, 14.68]
['2013-09-03', 14.84, 15.01, 14.71, 14.82]
['2013-09-04', 14.73, 15.08, 14.73, 15.02]
['2013-09-05', 15.01, 15.23, 14.89, 15.19]
['2013-09-06', 15.22, 15.28, 15.04, 15.14]
['2013-09-09', 15.13, 15.29, 15.1, 15.28]
['2013-09-10', 15.32, 15.49, 15.2, 15.49]
['2013-09-11', 15.48, 15.94, 15.46, 15.94]
['2013-09-12', 15.93, 16.18, 15.85, 16.03]
['2013-09-13', 16.02, 16.02, 15.73, 15.85]
['2013-09-16', 16.09, 16.1, 15.75, 15.91]
['2013-09-17', 15.9, 16.02, 15.86, 15.96]
['2013-09-18', 15.94, 16.07, 15.82, 15.98]
['2013-09-19', 16.11, 16.11, 15.67, 15.87]
['2013-09-20', 15.84, 15.96, 15.49, 15.67]
['2013-09-23', 15.58, 15.61, 15.39, 15.56]
['2013-09-24', 15.54, 16.15, 15.54, 16.06]
['2013-09-25', 15.96, 16.03, 15.74, 15.83]
['2013-09-26', 15.86, 15.86, 15.26, 15.45]
['2013-09-27', 15.26, 15.37, 15.17, 15.34]
['2013-09-30', 15.31, 15.31, 15.09, 15.22]
['2013-10-01', 15.24, 15.24, 14.97, 15.09]
['2013-10-02', 14.98, 15.35, 14.84, 15.28]
['2013-10-03', 15.29, 15.37, 15.02, 15.08]
['2013-10-04', 15.05, 15.2, 15.01, 15.08]
['2013-10-07', 14.96, 15.16, 14.93, 15.08]
['2013-10-08', 15.02, 15.15, 14.98, 15.04]
['2013-10-09', 15.02, 15.2, 14.98, 15.14]
['2013-10-10', 15.19, 15.45, 15.19, 15.43]
['2013-10-11', 15.38, 15.81, 15.38, 15.68]
['2013-10-14', 15.53, 15.88, 15.52, 15.81]
['2013-10-15', 15.79, 15.92, 15.7, 15.9]
['2013-10-16', 15.94, 16.02, 15.83, 15.99]
['2013-10-17', 15.93, 16.0, 15.84, 15.99]
['2013-10-18', 16.09, 16.11, 15.97, 16.05]
['2013-10-21', 16.09, 16.17, 15.97, 16.03]
['2013-10-22', 16.09, 16.24, 16.01, 16.17]
['2013-10-23', 16.17, 16.34, 16.02, 16.21]
['2013-10-24', 16.29, 16.49, 16.21, 16.42]
['2013-10-25', 16.43, 16.44, 16.21, 16.27]
['2013-10-28', 16.26, 16.43, 16.14, 16.38]
['2013-10-29', 16.39, 16.61, 16.37, 16.56]
['2013-10-30', 16.63, 16.68, 16.42, 16.45]
['2013-10-31', 16.5, 16.81, 16.43, 16.61]
['2013-11-01', 16.56, 16.83, 16.49, 16.78]
['2013-11-04', 16.83, 16.9, 16.75, 16.8]
['2013-11-05', 16.8, 16.92, 16.57, 16.77]
['2013-11-06', 16.76, 16.9, 16.41, 16.46]
['2013-11-07', 16.45, 16.79, 16.29, 16.32]
['2013-11-08', 16.29, 16.65, 16.25, 16.62]
['2013-11-11', 16.55, 16.66, 16.38, 16.47]
['2013-11-12', 16.11, 16.35, 15.75, 16.21]
['2013-11-13', 16.13, 16.31, 16.0, 16.24]
['2013-11-14', 16.21, 16.37, 16.19, 16.22]
['2013-11-15', 16.31, 16.75, 16.31, 16.7]
['2013-11-18', 16.71, 16.74, 16.32, 16.39]
['2013-11-19', 16.37, 16.59, 16.32, 16.43]
['2013-11-20', 16.45, 16.68, 16.4, 16.54]
['2013-11-21', 16.53, 16.65, 16.46, 16.49]
['2013-11-22', 16.57, 16.6, 16.39, 16.41]
['2013-11-25', 16.39, 16.52, 16.22, 16.32]
['2013-11-26', 16.31, 16.51, 16.21, 16.46]
['2013-11-27', 16.41, 16.68, 16.31, 16.58]
['2013-11-29', 16.59, 16.68, 16.56, 16.65]
['2013-12-02', 16.59, 16.63, 16.33, 16.36]
['2013-12-03', 16.25, 16.31, 16.12, 16.24]
['2013-12-04', 16.13, 16.31, 16.02, 16.21]
['2013-12-05', 16.18, 16.18, 15.99, 16.09]
['2013-12-06', 16.19, 16.32, 15.95, 16.09]
['2013-12-09', 16.09, 16.15, 15.92, 16.09]
['2013-12-10', 16.03, 16.27, 15.84, 16.21]
['2013-12-11', 16.17, 16.32, 16.06, 16.19]
['2013-12-12', 16.11, 16.21, 16.04, 16.08]
['2013-12-13', 16.15, 16.26, 15.96, 16.21]
['2013-12-16', 16.15, 16.35, 16.1, 16.34]
['2013-12-17', 16.05, 16.1, 15.77, 15.95]
['2013-12-18', 16.02, 16.12, 15.71, 16.08]
['2013-12-19', 16.0, 16.04, 15.8, 15.95]
['2013-12-20', 16.01, 16.47, 16.01, 16.29]
['2013-12-23', 16.31, 16.52, 16.28, 16.47]
['2013-12-24', 16.49, 16.59, 16.34, 16.51]
['2013-12-26', 16.53, 16.63, 16.29, 16.4]
['2013-12-27', 16.36, 16.4, 16.18, 16.38]
['2013-12-30', 16.38, 16.52, 16.31, 16.45]
['2013-12-31', 16.34, 16.6, 16.34, 16.52]
['2014-01-02', 16.53, 16.71, 16.46, 16.58]
['2014-01-03', 16.63, 16.63, 16.33, 16.43]
['2014-01-06', 16.51, 16.56, 16.15, 16.26]
['2014-01-07', 16.22, 16.26, 15.96, 16.05]
['2014-01-08', 15.99, 16.06, 15.82, 15.97]
['2014-01-09', 16.06, 16.19, 15.94, 16.03]
['2014-01-10', 16.01, 16.13, 15.96, 16.07]
['2014-01-13', 16.01, 16.09, 15.78, 15.83]
['2014-01-14', 15.83, 16.02, 15.83, 15.97]
['2014-01-15', 15.98, 15.98, 15.83, 15.89]
['2014-01-16', 15.81, 15.91, 15.74, 15.79]
['2014-01-17', 15.71, 15.83, 15.64, 15.77]
['2014-01-21', 15.86, 15.86, 15.44, 15.53]
['2014-01-22', 15.51, 15.76, 15.35, 15.45]
['2014-01-23', 15.36, 15.36, 15.19, 15.33]
['2014-01-24', 15.2, 15.5, 14.88, 14.96]
['2014-01-27', 14.95, 15.31, 14.87, 14.96]
['2014-01-28', 14.92, 15.08, 14.82, 14.83]
['2014-01-29', 14.7, 14.84, 14.64, 14.75]
['2014-01-30', 14.87, 14.87, 14.59, 14.64]
['2014-01-31', 14.48, 14.66, 14.44, 14.46]
['2014-02-03', 14.41, 14.57, 13.95, 13.96]
['2014-02-04', 14.07, 14.23, 13.9, 13.96]
['2014-02-05', 14.08, 14.35, 14.01, 14.19]
['2014-02-06', 14.27, 14.58, 14.07, 14.51]
['2014-02-07', 15.29, 16.21, 15.29, 15.75]
['2014-02-10', 15.81, 15.93, 15.5, 15.89]
['2014-02-11', 15.88, 16.26, 15.83, 16.21]
['2014-02-12', 16.17, 16.29, 15.97, 16.03]
['2014-02-13', 15.99, 16.11, 15.77, 15.99]
['2014-02-14', 15.92, 16.11, 15.85, 15.96]
['2014-02-18', 16.01, 16.1, 15.82, 16.02]
['2014-02-19', 16.14, 16.23, 15.94, 15.98]
['2014-02-20', 16.01, 16.01, 15.72, 15.85]
['2014-02-21', 15.83, 16.04, 15.76, 15.96]
['2014-02-24', 15.96, 16.33, 15.96, 16.21]
['2014-02-25', 16.29, 16.41, 16.29, 16.33]
['2014-02-26', 16.41, 16.43, 16.22, 16.3]
['2014-02-27', 16.27, 16.38, 16.21, 16.36]
['2014-02-28', 16.4, 16.65, 16.22, 16.58]
['2014-03-03', 16.41, 16.58, 16.22, 16.4]
['2014-03-04', 16.51, 16.62, 16.48, 16.58]
['2014-03-05', 16.54, 16.7, 16.4, 16.58]
['2014-03-06', 16.55, 16.69, 16.45, 16.55]
['2014-03-07', 16.66, 16.66, 16.19, 16.25]
['2014-03-10', 16.34, 16.34, 16.06, 16.2]
['2014-03-11', 16.2, 16.23, 16.02, 16.09]
['2014-03-12', 16.06, 16.3, 15.84, 16.21]
['2014-03-13', 16.32, 16.32, 15.78, 15.82]
['2014-03-14', 15.73, 15.94, 15.71, 15.8]
['2014-03-17', 15.89, 15.98, 15.67, 15.83]
['2014-03-18', 15.82, 16.15, 15.8, 16.08]
['2014-03-19', 16.05, 16.13, 15.86, 15.97]
['2014-03-20', 15.88, 15.96, 15.72, 15.85]
['2014-03-21', 15.85, 15.99, 15.62, 15.76]
['2014-03-24', 15.84, 15.96, 15.67, 15.71]
['2014-03-25', 15.75, 15.86, 15.53, 15.6]
['2014-03-26', 15.61, 15.63, 15.3, 15.31]
['2014-03-27', 15.23, 15.46, 15.23, 15.29]
['2014-03-28', 15.37, 15.53, 15.28, 15.33]
['2014-03-31', 15.35, 15.5, 15.29, 15.47]
['2014-04-01', 15.46, 15.73, 15.44, 15.69]
['2014-04-02', 15.64, 15.74, 15.57, 15.71]
['2014-04-03', 15.71, 15.77, 15.44, 15.46]
['2014-04-04', 15.44, 15.82, 15.44, 15.48]
['2014-04-07', 15.43, 15.68, 15.35, 15.5]
['2014-04-08', 15.46, 15.74, 15.35, 15.43]
['2014-04-09', 15.46, 15.68, 15.41, 15.58]
['2014-04-10', 15.55, 15.69, 15.25, 15.27]
['2014-04-11', 15.16, 15.36, 14.93, 15.07]
['2014-04-14', 15.21, 15.27, 14.99, 15.2]
['2014-04-15', 15.27, 15.27, 14.81, 15.09]
['2014-04-16', 15.21, 15.34, 15.1, 15.2]
['2014-04-17', 15.22, 15.37, 15.15, 15.26]
['2014-04-21', 15.29, 15.44, 15.01, 15.44]
['2014-04-22', 15.38, 15.56, 15.31, 15.53]
['2014-04-23', 15.57, 15.69, 15.53, 15.68]
['2014-04-24', 15.75, 15.75, 15.5, 15.71]
['2014-04-25', 15.71, 15.71, 15.53, 15.55]
['2014-04-28', 15.57, 15.68, 15.32, 15.55]
['2014-04-29', 15.57, 15.81, 15.5, 15.58]
['2014-04-30', 15.58, 15.58, 15.14, 15.33]
['2014-05-01', 15.38, 15.63, 15.36, 15.53]
['2014-05-02', 15.56, 15.71, 15.47, 15.59]
['2014-05-05', 15.46, 15.68, 15.45, 15.6]
['2014-05-06', 15.55, 15.57, 15.41, 15.43]
['2014-05-07', 15.51, 15.51, 15.21, 15.33]
['2014-05-08', 15.37, 15.4, 15.15, 15.35]
['2014-05-09', 15.5, 16.15, 15.5, 16.12]
['2014-05-12', 16.14, 16.35, 16.05, 16.17]
['2014-05-13', 16.17, 16.21, 15.94, 16.04]
['2014-05-14', 15.96, 16.02, 15.57, 15.58]
['2014-05-15', 15.58, 15.58, 15.31, 15.34]
['2014-05-16', 15.41, 15.5, 15.12, 15.47]
['2014-05-19', 15.47, 15.57, 15.36, 15.45]
['2014-05-20', 15.39, 15.39, 15.15, 15.22]
['2014-05-21', 15.27, 15.45, 15.18, 15.29]
['2014-05-22', 15.3, 15.54, 15.2, 15.54]
['2014-05-23', 15.61, 15.61, 15.36, 15.51]
['2014-05-27', 15.53, 15.64, 15.46, 15.62]
['2014-05-28', 15.65, 15.65, 15.43, 15.48]
['2014-05-29', 15.48, 15.49, 15.33, 15.42]
['2014-05-30', 15.41, 15.49, 15.34, 15.37]
['2014-06-02', 15.43, 15.58, 15.35, 15.55]
['2014-06-03', 15.57, 15.78, 15.5, 15.68]
['2014-06-04', 15.69, 15.9, 15.64, 15.76]
['2014-06-05', 15.83, 16.0, 15.64, 16.0]
['2014-06-06', 16.01, 16.16, 15.91, 16.0]
['2014-06-09', 15.96, 16.23, 15.92, 15.98]
['2014-06-10', 15.94, 16.02, 15.82, 15.92]
['2014-06-11', 15.89, 16.0, 15.8, 15.91]
['2014-06-12', 15.82, 15.82, 15.6, 15.61]
['2014-06-13', 15.67, 15.67, 15.42, 15.5]
['2014-06-16', 15.42, 15.51, 15.22, 15.5]
['2014-06-17', 15.52, 15.63, 15.36, 15.58]
['2014-06-18', 15.53, 15.83, 15.51, 15.82]
['2014-06-19', 15.9, 15.92, 15.54, 15.9]
['2014-06-20', 15.87, 16.03, 15.61, 15.85]
['2014-06-23', 15.79, 15.88, 15.54, 15.6]
['2014-06-24', 15.6, 15.87, 15.6, 15.75]
['2014-06-25', 15.75, 16.0, 15.66, 15.94]
['2014-06-26', 16.0, 16.25, 15.79, 16.25]
['2014-06-27', 16.16, 16.31, 16.08, 16.26]
['2014-06-30', 16.21, 16.32, 16.1, 16.17]
['2014-07-01', 16.17, 16.37, 16.16, 16.31]
['2014-07-02', 16.26, 16.47, 16.19, 16.42]
['2014-07-03', 16.46, 16.51, 16.38, 16.46]
['2014-07-07', 16.46, 16.46, 16.27, 16.34]
['2014-07-08', 16.33, 16.37, 16.18, 16.29]
['2014-07-09', 16.34, 16.47, 16.27, 16.37]
['2014-07-10', 16.22, 16.3, 16.11, 16.22]
['2014-07-11', 16.23, 16.37, 16.18, 16.27]
['2014-07-14', 16.41, 16.41, 16.21, 16.3]
['2014-07-15', 16.33, 16.47, 16.31, 16.36]
['2014-07-16', 16.44, 16.48, 16.28, 16.34]
['2014-07-17', 16.32, 16.34, 16.18, 16.21]
['2014-07-18', 16.25, 16.45, 16.21, 16.35]
['2014-07-21', 16.34, 16.42, 16.23, 16.25]
['2014-07-22', 16.34, 16.37, 16.18, 16.22]
['2014-07-23', 16.19, 16.26, 16.09, 16.26]
['2014-07-24', 16.22, 16.44, 16.22, 16.43]
['2014-07-25', 16.4, 16.4, 16.27, 16.32]
['2014-07-28', 16.28, 16.36, 16.09, 16.21]
['2014-07-29', 16.2, 16.35, 16.07, 16.11]
['2014-07-30', 16.14, 16.21, 16.01, 16.1]
['2014-07-31', 15.96, 16.16, 15.91, 15.95]
['2014-08-01', 15.89, 16.12, 15.84, 16.09]
['2014-08-04', 16.09, 16.15, 15.92, 16.11]
['2014-08-05', 16.07, 16.07, 15.9, 15.96]
['2014-08-06', 15.87, 15.93, 15.8, 15.89]
['2014-08-07', 15.94, 15.99, 15.69, 15.75]
['2014-08-08', 15.65, 15.65, 14.83, 15.52]
['2014-08-11', 15.62, 15.78, 15.5, 15.7]
['2014-08-12', 15.65, 15.81, 15.58, 15.59]
['2014-08-13', 15.7, 15.7, 15.41, 15.53]
['2014-08-14', 15.44, 15.73, 15.44, 15.72]
['2014-08-15', 15.8, 15.8, 15.55, 15.58]
['2014-08-18', 15.7, 15.87, 15.55, 15.6]
['2014-08-19', 15.64, 15.64, 15.47, 15.52]
['2014-08-20', 15.47, 15.87, 15.47, 15.83]
['2014-08-21', 15.86, 15.96, 15.78, 15.93]
['2014-08-22', 15.96, 15.96, 15.79, 15.88]
['2014-08-25', 15.96, 16.05, 15.84, 16.04]
['2014-08-26', 16.01, 16.04, 15.96, 15.98]
['2014-08-27', 16.02, 16.05, 15.93, 16.02]
['2014-08-28', 15.96, 16.09, 15.74, 16.02]
['2014-08-29', 16.08, 16.08, 15.9, 15.99]
['2014-09-02', 15.98, 16.07, 15.81, 15.81]
['2014-09-03', 15.91, 16.0, 15.91, 15.98]
['2014-09-04', 16.02, 16.16, 15.97, 16.03]
['2014-09-05', 16.05, 16.13, 15.98, 16.11]
['2014-09-08', 16.04, 16.08, 15.95, 15.99]
['2014-09-09', 15.95, 16.03, 15.7, 15.72]
['2014-09-10', 15.69, 15.91, 15.63, 15.86]
['2014-09-11', 15.8, 15.88, 15.69, 15.71]
['2014-09-12', 15.68, 15.68, 15.49, 15.56]
['2014-09-15', 15.52, 15.58, 15.33, 15.49]
['2014-09-16', 15.43, 15.6, 15.4, 15.48]
['2014-09-17', 15.48, 15.54, 15.41, 15.45]
['2014-09-18', 15.45, 15.49, 15.37, 15.46]
['2014-09-19', 15.47, 15.62, 15.44, 15.6]
['2014-09-22', 15.53, 15.53, 15.42, 15.46]
['2014-09-23', 15.43, 15.49, 15.36, 15.44]
['2014-09-24', 15.4, 15.45, 15.31, 15.41]
['2014-09-25', 15.34, 15.38, 15.19, 15.21]
['2014-09-26', 15.23, 15.46, 15.19, 15.41]
['2014-09-29', 15.28, 15.39, 15.2, 15.29]
['2014-09-30', 15.22, 15.22, 14.89, 14.95]
['2014-10-01', 14.88, 14.92, 14.6, 14.66]
['2014-10-02', 14.59, 14.77, 14.39, 14.5]
['2014-10-03', 14.62, 14.66, 14.56, 14.6]
['2014-10-06', 14.6, 14.72, 14.57, 14.6]
['2014-10-07', 14.57, 14.59, 14.19, 14.2]
['2014-10-08', 14.15, 14.59, 14.12, 14.58]
['2014-10-09', 14.55, 14.55, 14.07, 14.14]
['2014-10-10', 14.12, 14.18, 13.85, 13.87]
['2014-10-13', 13.8, 13.94, 13.44, 13.46]
['2014-10-14', 13.47, 13.63, 13.45, 13.51]
['2014-10-15', 13.3, 13.64, 13.2, 13.42]
['2014-10-16', 13.21, 13.4, 13.06, 13.19]
['2014-10-17', 13.3, 13.46, 13.13, 13.21]
['2014-10-20', 13.17, 13.37, 13.17, 13.37]
['2014-10-21', 13.47, 13.95, 13.47, 13.91]
['2014-10-22', 13.96, 13.96, 13.75, 13.77]
['2014-10-23', 13.9, 14.1, 13.89, 13.99]
['2014-10-24', 13.98, 14.23, 13.98, 14.19]
['2014-10-27', 14.19, 14.19, 13.91, 13.96]
['2014-10-28', 13.99, 14.03, 13.82, 13.96]
['2014-10-29', 13.96, 14.1, 13.91, 14.03]
['2014-10-30', 13.98, 14.07, 13.88, 13.95]
['2014-10-31', 14.15, 14.23, 13.82, 13.94]
['2014-11-03', 13.92, 14.11, 13.92, 13.99]
['2014-11-04', 13.9, 14.0, 13.61, 13.66]
['2014-11-05', 13.79, 13.9, 13.69, 13.77]
['2014-11-06', 13.89, 14.31, 13.86, 13.89]
['2014-11-07', 13.93, 13.95, 13.72, 13.75]
['2014-11-10', 13.87, 13.87, 13.69, 13.84]
['2014-11-11', 13.87, 13.94, 13.77, 13.82]
['2014-11-12', 13.74, 14.01, 13.74, 13.9]
['2014-11-13', 13.96, 13.96, 13.59, 13.73]
['2014-11-14', 13.74, 13.92, 13.69, 13.88]
['2014-11-17', 13.82, 13.96, 13.69, 13.84]
['2014-11-18', 13.81, 13.9, 13.74, 13.82]
['2014-11-19', 13.82, 13.92, 13.74, 13.88]
['2014-11-20', 13.33, 13.77, 13.29, 13.68]
['2014-11-21', 13.84, 13.89, 13.71, 13.74]
['2014-11-24', 13.82, 14.0, 13.71, 13.94]
['2014-11-25', 13.95, 14.02, 13.91, 13.92]
['2014-11-26', 13.93, 14.11, 13.89, 14.08]
['2014-11-28', 14.09, 14.16, 13.92, 13.94]
['2014-12-01', 13.87, 14.07, 13.86, 13.94]
['2014-12-02', 13.94, 14.16, 13.82, 14.11]
['2014-12-03', 14.17, 14.17, 14.01, 14.13]
['2014-12-04', 14.05, 14.15, 13.98, 14.05]
['2014-12-05', 14.04, 14.13, 13.99, 14.11]
['2014-12-08', 14.1, 14.17, 13.85, 13.89]
['2014-12-09', 13.82, 14.0, 13.78, 14.0]
['2014-12-10', 13.98, 13.98, 13.77, 13.78]
['2014-12-11', 13.92, 13.95, 13.69, 13.69]
['2014-12-12', 13.64, 13.69, 13.56, 13.57]
['2014-12-15', 13.68, 13.68, 13.19, 13.2]
['2014-12-16', 13.17, 13.49, 13.17, 13.19]
['2014-12-17', 13.22, 13.36, 13.13, 13.31]
['2014-12-18', 13.49, 13.57, 13.36, 13.42]
['2014-12-19', 13.45, 13.6, 13.45, 13.52]
['2014-12-22', 13.59, 13.79, 13.51, 13.67]
['2014-12-23', 13.69, 13.96, 13.66, 13.89]
['2014-12-24', 13.94, 13.94, 13.69, 13.82]
['2014-12-26', 13.9, 13.94, 13.85, 13.94]
['2014-12-29', 13.95, 14.08, 13.93, 14.02]
['2014-12-30', 14.01, 14.12, 13.85, 14.07]
['2014-12-31', 14.08, 14.19, 13.96, 13.97]
['2015-01-02', 14.02, 14.16, 13.71, 13.88]
['2015-01-05', 13.82, 13.82, 13.46, 13.56]
['2015-01-06', 13.57, 13.59, 13.27, 13.41]
['2015-01-07', 13.5, 13.5, 13.2, 13.35]
['2015-01-08', 13.45, 13.75, 13.37, 13.66]
['2015-01-09', 13.69, 13.84, 13.6, 13.79]
['2015-01-12', 13.78, 13.78, 13.56, 13.64]
['2015-01-13', 13.71, 13.8, 13.48, 13.62]
['2015-01-14', 13.5, 13.58, 13.23, 13.56]
['2015-01-15', 13.62, 13.62, 13.41, 13.47]
['2015-01-16', 13.49, 13.55, 13.42, 13.47]
['2015-01-20', 13.5, 13.51, 13.2, 13.38]
['2015-01-21', 13.37, 13.45, 13.23, 13.39]
['2015-01-22', 13.43, 13.69, 13.31, 13.62]
['2015-01-23', 13.58, 13.75, 13.53, 13.58]
['2015-01-26', 13.8, 13.89, 13.49, 13.88]
['2015-01-27', 13.71, 13.94, 13.67, 13.82]
['2015-01-28', 13.86, 13.87, 13.64, 13.67]
['2015-01-29', 13.67, 13.71, 13.22, 13.4]
['2015-01-30', 13.33, 13.58, 13.23, 13.38]
['2015-02-02', 13.47, 13.47, 13.23, 13.42]
['2015-02-03', 13.47, 14.08, 13.47, 14.02]
['2015-02-04', 13.94, 14.09, 13.93, 14.0]
['2015-02-05', 14.07, 14.16, 13.88, 14.1]
['2015-02-06', 14.24, 14.68, 14.24, 14.61]
['2015-02-09', 14.6, 15.05, 14.6, 14.98]
['2015-02-10', 15.02, 15.15, 14.67, 15.1]
['2015-02-11', 15.06, 15.2, 15.03, 15.1]
['2015-02-12', 15.2, 15.28, 15.08, 15.16]
['2015-02-13', 15.2, 15.33, 15.17, 15.2]
['2015-02-17', 15.14, 15.35, 15.11, 15.34]
['2015-02-18', 15.37, 15.39, 15.2, 15.3]
['2015-02-19', 15.3, 15.35, 15.2, 15.33]
['2015-02-20', 15.35, 15.53, 15.15, 15.45]
['2015-02-23', 15.37, 15.67, 15.37, 15.66]
['2015-02-24', 15.63, 15.73, 15.49, 15.67]
['2015-02-25', 15.71, 15.85, 15.67, 15.76]
['2015-02-26', 15.7, 15.82, 15.56, 15.62]
['2015-02-27', 15.58, 15.7, 15.56, 15.58]
['2015-03-02', 15.58, 15.82, 15.58, 15.75]
['2015-03-03', 15.76, 15.76, 15.46, 15.49]
['2015-03-04', 15.46, 15.51, 15.25, 15.4]
['2015-03-05', 15.45, 15.52, 15.37, 15.43]
['2015-03-06', 15.41, 15.55, 15.14, 15.2]
['2015-03-09', 15.24, 15.34, 15.05, 15.09]
['2015-03-10', 15.02, 15.1, 14.73, 14.76]
['2015-03-11', 14.83, 14.94, 14.71, 14.88]
['2015-03-12', 14.96, 15.27, 14.96, 15.23]
['2015-03-13', 15.23, 15.25, 14.95, 15.19]
['2015-03-16', 15.28, 15.39, 15.19, 15.36]
['2015-03-17', 15.28, 15.28, 15.12, 15.25]
['2015-03-18', 15.18, 15.45, 15.09, 15.37]
['2015-03-19', 15.31, 15.31, 15.05, 15.2]
['2015-03-20', 15.25, 15.45, 15.25, 15.33]
['2015-03-23', 15.36, 15.46, 15.34, 15.39]
['2015-03-24', 15.35, 15.43, 15.25, 15.34]
['2015-03-25', 15.33, 15.38, 15.04, 15.05]
['2015-03-26', 14.95, 14.99, 14.78, 14.84]
['2015-03-27', 14.79, 14.91, 14.76, 14.78]
['2015-03-30', 14.88, 15.05, 14.83, 14.86]
['2015-03-31', 14.76, 14.87, 14.65, 14.7]
['2015-04-01', 14.7, 14.8, 14.58, 14.76]
['2015-04-02', 14.78, 14.88, 14.7, 14.82]
['2015-04-06', 14.76, 15.01, 14.7, 14.91]
['2015-04-07', 14.88, 14.97, 14.78, 14.78]
['2015-04-08', 14.82, 14.98, 14.68, 14.72]
['2015-04-09', 14.69, 14.78, 14.53, 14.57]
['2015-04-10', 14.58, 14.66, 14.53, 14.57]
['2015-04-13', 14.59, 14.78, 14.59, 14.77]
['2015-04-14', 14.8, 14.85, 14.68, 14.69]
['2015-04-15', 14.72, 14.79, 14.65, 14.68]
['2015-04-16', 14.65, 14.65, 14.43, 14.55]
['2015-04-17', 14.48, 14.48, 14.27, 14.35]
['2015-04-20', 14.42, 14.46, 14.32, 14.34]
['2015-04-21', 14.42, 14.46, 14.22, 14.22]
['2015-04-22', 14.21, 14.37, 14.14, 14.28]
['2015-04-23', 14.29, 14.37, 14.18, 14.32]
['2015-04-24', 14.31, 14.41, 14.2, 14.3]
['2015-04-27', 14.32, 14.58, 14.32, 14.33]
['2015-04-28', 14.3, 14.71, 14.27, 14.7]
['2015-04-29', 14.64, 14.71, 14.5, 14.51]
['2015-04-30', 14.44, 14.58, 14.39, 14.43]
['2015-05-01', 14.54, 14.77, 14.52, 14.76]
['2015-05-04', 14.73, 14.9, 14.68, 14.89]
['2015-05-05', 14.94, 14.98, 14.65, 14.75]
['2015-05-06', 14.09, 14.1, 13.69, 13.82]
['2015-05-07', 13.84, 13.85, 13.74, 13.82]
['2015-05-08', 13.92, 14.0, 13.86, 13.98]
['2015-05-11', 13.96, 14.55, 13.92, 14.45]
['2015-05-12', 14.38, 14.4, 13.98, 14.07]
['2015-05-13', 14.08, 14.12, 13.97, 13.99]
['2015-05-14', 14.03, 14.08, 13.91, 14.03]
['2015-05-15', 14.05, 14.22, 14.0, 14.18]
['2015-05-18', 14.12, 14.26, 14.01, 14.22]
['2015-05-19', 14.26, 14.29, 14.14, 14.26]
['2015-05-20', 14.25, 14.3, 14.19, 14.2]
['2015-05-21', 14.16, 14.26, 14.13, 14.23]
['2015-05-22', 14.19, 14.22, 14.08, 14.13]
['2015-05-26', 14.1, 14.19, 13.86, 13.94]
['2015-05-27', 13.98, 14.14, 13.9, 14.02]
['2015-05-28', 13.97, 13.99, 13.89, 13.99]
['2015-05-29', 13.95, 14.02, 13.82, 13.85]
['2015-06-01', 13.87, 13.95, 13.77, 13.9]
['2015-06-02', 13.84, 13.94, 13.77, 13.82]
['2015-06-03', 13.84, 13.93, 13.77, 13.84]
['2015-06-04', 13.8, 13.84, 13.61, 13.64]
['2015-06-05', 13.65, 13.65, 13.49, 13.56]
['2015-06-08', 13.52, 13.6, 13.48, 13.5]
['2015-06-09', 13.53, 13.53, 13.24, 13.25]
['2015-06-10', 13.28, 13.4, 13.2, 13.24]
['2015-06-11', 13.31, 13.31, 13.18, 13.21]
['2015-06-12', 13.19, 13.23, 13.04, 13.14]
['2015-06-15', 13.11, 13.16, 13.0, 13.02]
['2015-06-16', 13.02, 13.06, 12.96, 12.96]
['2015-06-17', 12.96, 13.09, 12.86, 12.93]
['2015-06-18', 13.01, 13.27, 13.01, 13.18]
['2015-06-19', 13.13, 13.58, 13.13, 13.51]
['2015-06-22', 13.56, 13.71, 13.56, 13.6]
['2015-06-23', 13.6, 13.71, 13.58, 13.58]
['2015-06-24', 13.56, 13.68, 13.38, 13.41]
['2015-06-25', 13.42, 13.47, 13.28, 13.29]
['2015-06-26', 13.35, 13.66, 13.22, 13.55]
['2015-06-29', 13.47, 13.54, 12.99, 13.0]
['2015-06-30', 13.06, 13.25, 12.89, 13.19]
['2015-07-01', 13.3, 13.34, 13.18, 13.25]
['2015-07-02', 13.31, 13.57, 13.16, 13.17]
['2015-07-06', 13.02, 13.06, 12.78, 12.81]
['2015-07-07', 12.81, 13.03, 12.64, 13.0]
['2015-07-08', 12.92, 12.96, 12.76, 12.8]
['2015-07-09', 12.9, 12.99, 12.73, 12.74]
['2015-07-10', 12.83, 12.94, 12.75, 12.81]
['2015-07-13', 12.89, 13.05, 12.88, 12.97]
['2015-07-14', 12.93, 13.01, 12.89, 12.99]
['2015-07-15', 12.99, 13.07, 12.93, 13.06]
['2015-07-16', 13.13, 13.24, 13.1, 13.24]
['2015-07-17', 13.3, 13.36, 13.18, 13.3]
['2015-07-20', 13.34, 13.43, 13.26, 13.42]
['2015-07-21', 13.37, 13.4, 13.18, 13.19]
['2015-07-22', 13.17, 13.31, 13.08, 13.21]
['2015-07-23', 13.2, 13.35, 13.12, 13.35]
['2015-07-24', 13.34, 13.41, 13.17, 13.37]
['2015-07-27', 13.34, 13.55, 13.25, 13.3]
['2015-07-28', 13.39, 13.39, 12.97, 13.24]
['2015-07-29', 13.21, 13.32, 13.13, 13.29]
['2015-07-30', 13.23, 13.27, 13.09, 13.24]
['2015-07-31', 13.29, 13.39, 13.18, 13.22]
['2015-08-03', 13.28, 13.28, 12.97, 13.03]
['2015-08-04', 13.02, 13.26, 12.99, 13.09]
['2015-08-05', 13.18, 13.23, 13.05, 13.16]
['2015-08-06', 13.18, 13.18, 12.47, 12.7]
['2015-08-07', 12.64, 12.82, 12.51, 12.81]
['2015-08-10', 12.86, 13.03, 12.77, 12.99]
['2015-08-11', 12.92, 12.97, 12.64, 12.73]
['2015-08-12', 12.59, 12.95, 12.5, 12.83]
['2015-08-13', 13.38, 14.47, 13.38, 13.8]
['2015-08-14', 13.76, 13.91, 13.73, 13.82]
['2015-08-17', 13.79, 13.98, 13.79, 13.95]
['2015-08-18', 13.9, 13.98, 13.82, 13.88]
['2015-08-19', 13.88, 13.93, 13.66, 13.8]
['2015-08-20', 13.67, 13.69, 13.11, 13.13]
['2015-08-21', 13.06, 13.2, 12.83, 12.85]
['2015-08-24', 12.14, 12.28, 11.69, 12.08]
['2015-08-25', 12.49, 12.68, 12.14, 12.2]
['2015-08-26', 12.49, 12.59, 12.07, 12.44]
['2015-08-27', 12.58, 12.85, 12.49, 12.8]
['2015-08-28', 12.74, 13.06, 12.74, 12.99]
['2015-08-31', 12.91, 12.92, 12.67, 12.81]
['2015-09-01', 12.58, 12.6, 12.24, 12.33]
['2015-09-02', 12.47, 12.74, 12.22, 12.35]
['2015-09-03', 12.35, 12.73, 12.28, 12.58]
['2015-09-04', 12.4, 12.47, 12.09, 12.13]
['2015-09-08', 12.36, 12.52, 12.29, 12.47]
['2015-09-09', 12.56, 12.66, 12.32, 12.35]
['2015-09-10', 12.31, 12.4, 12.15, 12.18]
['2015-09-11', 12.12, 12.2, 12.05, 12.18]
['2015-09-14', 12.19, 12.2, 11.98, 12.04]
['2015-09-15', 12.07, 12.18, 11.96, 12.12]
['2015-09-16', 12.13, 12.19, 12.0, 12.14]
['2015-09-17', 12.1, 12.58, 12.01, 12.28]
['2015-09-18', 12.38, 12.38, 11.94, 11.98]
['2015-09-21', 12.03, 12.34, 12.01, 12.04]
['2015-09-22', 11.89, 12.15, 11.85, 12.05]
['2015-09-23', 12.04, 12.08, 11.89, 11.98]
['2015-09-24', 11.87, 12.1, 11.87, 12.03]
['2015-09-25', 12.14, 12.14, 11.94, 12.01]
['2015-09-28', 12.14, 12.14, 11.61, 11.61]
['2015-09-29', 11.64, 11.77, 11.51, 11.6]
['2015-09-30', 11.78, 11.98, 11.6, 11.97]
['2015-10-01', 12.0, 12.2, 11.81, 12.02]
['2015-10-02', 11.44, 12.27, 11.43, 12.27]
['2015-10-05', 12.38, 12.62, 12.34, 12.59]
['2015-10-06', 12.55, 12.74, 12.49, 12.65]
['2015-10-07', 12.67, 12.91, 12.63, 12.78]
['2015-10-08', 12.75, 13.16, 12.75, 13.16]
['2015-10-09', 13.16, 13.22, 12.98, 13.17]
['2015-10-12', 13.16, 13.26, 13.07, 13.16]
['2015-10-13', 13.12, 13.27, 13.04, 13.1]
['2015-10-14', 13.13, 13.3, 13.04, 13.25]
['2015-10-15', 13.28, 13.5, 13.16, 13.49]
['2015-10-16', 13.55, 13.72, 13.24, 13.7]
['2015-10-19', 13.6, 13.79, 13.57, 13.78]
['2015-10-20', 13.77, 13.84, 13.67, 13.81]
['2015-10-21', 13.84, 13.86, 13.45, 13.46]
['2015-10-22', 13.57, 13.88, 13.46, 13.86]
['2015-10-23', 13.92, 14.15, 13.84, 14.14]
['2015-10-26', 14.14, 14.19, 13.64, 13.86]
['2015-10-27', 13.78, 13.83, 13.58, 13.75]
['2015-10-28', 13.85, 14.03, 13.67, 14.02]
['2015-10-29', 13.99, 14.23, 13.67, 14.16]
['2015-10-30', 14.2, 14.48, 14.02, 14.45]
['2015-11-02', 14.44, 14.7, 14.24, 14.65]
['2015-11-03', 14.58, 14.68, 14.41, 14.54]
['2015-11-04', 14.59, 14.63, 14.37, 14.57]
['2015-11-05', 14.54, 14.58, 14.33, 14.37]
['2015-11-06', 14.4, 14.57, 13.82, 14.14]
['2015-11-09', 14.06, 14.06, 13.55, 13.71]
['2015-11-10', 13.66, 13.74, 13.54, 13.67]
['2015-11-11', 13.71, 13.77, 13.52, 13.62]
['2015-11-12', 13.49, 13.75, 13.3, 13.33]
['2015-11-13', 13.32, 13.32, 13.01, 13.03]
['2015-11-16', 13.04, 13.33, 12.96, 13.31]
['2015-11-17', 13.3, 13.47, 13.07, 13.29]
['2015-11-18', 13.35, 13.42, 13.25, 13.41]
['2015-11-19', 13.41, 13.44, 13.22, 13.31]
['2015-11-20', 13.38, 13.51, 13.3, 13.46]
['2015-11-23', 13.46, 13.66, 13.31, 13.5]
['2015-11-24', 13.44, 13.64, 13.42, 13.63]
['2015-11-25', 13.65, 13.66, 13.52, 13.63]
['2015-11-27', 13.64, 13.69, 13.37, 13.42]
['2015-11-30', 13.44, 13.56, 13.34, 13.5]
['2015-12-01', 13.59, 13.82, 13.55, 13.8]
['2015-12-02', 13.79, 13.82, 13.58, 13.64]
['2015-12-03', 13.64, 13.72, 12.91, 13.11]
['2015-12-04', 13.15, 13.38, 13.03, 13.36]
['2015-12-07', 13.31, 13.36, 13.16, 13.23]
['2015-12-08', 13.06, 13.1, 12.85, 12.88]
['2015-12-09', 12.8, 13.14, 12.78, 12.9]
['2015-12-10', 12.87, 13.28, 12.87, 13.17]
['2015-12-11', 12.95, 13.02, 12.7, 12.75]
['2015-12-14', 12.81, 12.84, 12.59, 12.74]
['2015-12-15', 12.86, 13.07, 12.77, 12.89]
['2015-12-16', 12.97, 13.23, 12.91, 13.15]
['2015-12-17', 13.16, 13.22, 12.84, 12.84]
['2015-12-18', 12.77, 12.88, 12.65, 12.72]
['2015-12-21', 12.8, 12.93, 12.66, 12.91]
['2015-12-22', 12.97, 13.02, 12.8, 12.93]
['2015-12-23', 13.05, 13.36, 13.02, 13.3]
['2015-12-24', 13.31, 13.49, 13.28, 13.29]
['2015-12-28', 13.2, 13.49, 12.96, 13.13]
['2015-12-29', 13.2, 13.39, 13.2, 13.34]
['2015-12-30', 13.28, 13.42, 13.13, 13.16]
['2015-12-31', 13.1, 13.16, 13.02, 13.03]
['2016-01-04', 12.8, 12.82, 12.65, 12.76]
['2016-01-05', 12.75, 12.8, 12.19, 12.24]
['2016-01-06', 12.04, 12.44, 11.97, 12.35]
['2016-01-07', 12.1, 12.26, 12.04, 12.15]
['2016-01-08', 12.25, 12.28, 12.04, 12.15]
['2016-01-11', 12.2, 12.23, 11.67, 11.82]
['2016-01-12', 11.94, 12.04, 11.8, 11.98]
['2016-01-13', 12.03, 12.09, 11.63, 11.7]
['2016-01-14', 11.75, 12.3, 11.71, 12.22]
['2016-01-15', 11.85, 12.17, 11.77, 11.96]
['2016-01-19', 12.11, 12.11, 11.66, 11.89]
['2016-01-20', 11.72, 11.79, 11.33, 11.65]
['2016-01-21', 11.68, 12.05, 11.57, 11.88]
['2016-01-22', 12.1, 12.2, 12.02, 12.17]
['2016-01-25', 12.11, 12.18, 11.93, 11.98]
['2016-01-26', 12.05, 12.31, 11.93, 12.29]
['2016-01-27', 12.23, 12.45, 12.13, 12.19]
['2016-01-28', 12.34, 12.42, 12.04, 12.31]
['2016-01-29', 12.37, 12.5, 12.31, 12.46]
['2016-02-01', 12.31, 12.45, 12.03, 12.25]
['2016-02-02', 12.12, 12.12, 11.67, 11.74]
['2016-02-03', 11.86, 12.0, 11.53, 11.85]
['2016-02-04', 11.82, 12.13, 11.82, 11.93]
['2016-02-05', 11.54, 11.54, 10.75, 11.13]
['2016-02-08', 10.95, 11.03, 10.23, 10.51]
['2016-02-09', 10.34, 10.54, 10.23, 10.35]
['2016-02-10', 10.38, 10.65, 10.37, 10.39]
['2016-02-11', 10.38, 10.38, 10.03, 10.17]
['2016-02-12', 10.31, 10.54, 10.3, 10.52]
['2016-02-16', 10.7, 10.89, 10.56, 10.77]
['2016-02-17', 10.91, 11.05, 10.75, 10.83]
['2016-02-18', 10.87, 10.87, 10.67, 10.69]
['2016-02-19', 10.69, 10.91, 10.58, 10.82]
['2016-02-22', 10.96, 11.04, 10.87, 10.97]
['2016-02-23', 10.91, 11.05, 10.83, 10.85]
['2016-02-24', 10.68, 10.8, 10.63, 10.78]
['2016-02-25', 10.8, 10.82, 10.55, 10.73]
['2016-02-26', 10.8, 10.89, 10.7, 10.81]
['2016-02-29', 10.81, 10.86, 10.65, 10.65]
['2016-03-01', 10.73, 10.77, 10.55, 10.64]
['2016-03-02', 10.61, 10.81, 10.6, 10.8]
['2016-03-03', 10.8, 10.83, 10.66, 10.81]
['2016-03-04', 10.87, 11.03, 10.73, 10.95]
['2016-03-07', 10.9, 11.29, 10.9, 11.25]
['2016-03-08', 11.22, 11.25, 10.9, 10.91]
['2016-03-09', 10.98, 11.32, 10.95, 11.15]
['2016-03-10', 11.17, 11.22, 10.88, 11.05]
['2016-03-11', 11.17, 11.68, 11.02, 11.68]
['2016-03-14', 11.63, 11.67, 11.34, 11.44]
['2016-03-15', 11.35, 11.6, 11.26, 11.57]
['2016-03-16', 11.55, 12.05, 11.51, 12.03]
['2016-03-17', 12.04, 12.51, 12.04, 12.34]
['2016-03-18', 12.39, 12.51, 12.13, 12.16]
['2016-03-21', 12.15, 12.29, 12.08, 12.25]
['2016-03-22', 12.17, 12.45, 12.17, 12.43]
['2016-03-23', 12.41, 12.52, 12.25, 12.26]
['2016-03-24', 12.16, 12.3, 12.07, 12.29]
['2016-03-28', 12.35, 12.61, 12.28, 12.58]
['2016-03-29', 12.54, 12.67, 12.41, 12.62]
['2016-03-30', 12.68, 12.7, 12.36, 12.48]
['2016-03-31', 12.49, 12.59, 12.42, 12.48]
['2016-04-01', 12.37, 12.76, 12.24, 12.74]
['2016-04-04', 12.72, 12.72, 12.44, 12.44]
['2016-04-05', 12.3, 12.42, 12.25, 12.29]
['2016-04-06', 12.32, 12.51, 12.19, 12.48]
['2016-04-07', 12.42, 12.48, 12.14, 12.23]
['2016-04-08', 12.33, 12.33, 11.99, 12.03]
['2016-04-11', 12.03, 12.15, 11.98, 11.98]
['2016-04-12', 12.02, 12.22, 12.01, 12.16]
['2016-04-13', 12.21, 12.34, 12.18, 12.33]
['2016-04-14', 12.38, 12.54, 12.38, 12.41]
['2016-04-15', 12.4, 12.42, 12.24, 12.34]
['2016-04-18', 12.27, 12.33, 12.13, 12.17]
['2016-04-19', 12.17, 12.35, 12.07, 12.22]
['2016-04-20', 12.22, 12.35, 12.2, 12.21]
['2016-04-21', 12.23, 12.57, 12.23, 12.44]
['2016-04-22', 12.42, 12.59, 12.42, 12.52]
['2016-04-25', 12.51, 12.52, 12.26, 12.32]
['2016-04-26', 12.32, 12.55, 12.26, 12.5]
['2016-04-27', 12.49, 12.61, 12.33, 12.42]
['2016-04-28', 12.33, 12.53, 12.25, 12.31]
['2016-04-29', 12.27, 12.33, 12.02, 12.2]
['2016-05-02', 12.22, 12.48, 12.19, 12.41]
['2016-05-03', 12.29, 12.35, 12.03, 12.08]
['2016-05-04', 12.01, 12.08, 11.9, 11.95]
['2016-05-05', 12.03, 12.03, 11.88, 11.99]
['2016-05-06', 11.99, 12.41, 11.69, 12.39]
['2016-05-09', 12.34, 12.37, 11.84, 11.98]
['2016-05-10', 12.04, 12.05, 11.88, 12.03]
['2016-05-11', 11.93, 12.0, 11.79, 11.89]
['2016-05-12', 11.92, 11.94, 11.59, 11.63]
['2016-05-13', 11.59, 11.7, 11.34, 11.35]
['2016-05-16', 11.39, 11.5, 11.35, 11.47]
['2016-05-17', 11.41, 11.61, 11.38, 11.39]
['2016-05-18', 11.33, 11.39, 11.08, 11.3]
['2016-05-19', 11.25, 11.33, 11.21, 11.24]
['2016-05-20', 11.3, 11.6, 11.14, 11.54]
['2016-05-23', 11.55, 11.66, 11.39, 11.41]
['2016-05-24', 11.47, 11.53, 11.4, 11.51]
['2016-05-25', 11.54, 11.74, 11.54, 11.69]
['2016-05-26', 11.68, 11.73, 11.52, 11.53]
['2016-05-27', 11.53, 11.61, 11.48, 11.58]
['2016-05-31', 11.58, 11.63, 11.49, 11.62]
['2016-06-01', 11.58, 11.71, 11.5, 11.67]
['2016-06-02', 11.66, 11.72, 11.57, 11.72]
['2016-06-03', 11.68, 11.72, 11.43, 11.61]
['2016-06-06', 11.63, 11.83, 11.63, 11.79]
['2016-06-07', 11.79, 11.79, 11.47, 11.52]
['2016-06-08', 11.51, 11.6, 11.45, 11.52]
['2016-06-09', 11.48, 11.5, 11.32, 11.42]
['2016-06-10', 11.3, 11.35, 11.02, 11.15]
['2016-06-13', 11.1, 11.37, 11.1, 11.21]
['2016-06-14', 11.18, 11.25, 10.95, 11.09]
['2016-06-15', 11.11, 11.48, 11.11, 11.29]
['2016-06-16', 11.26, 11.26, 10.96, 11.04]
['2016-06-17', 11.05, 11.06, 10.89, 10.94]
['2016-06-20', 11.09, 11.2, 11.02, 11.08]
['2016-06-21', 11.09, 11.2, 10.94, 11.17]
['2016-06-22', 11.17, 11.44, 11.15, 11.36]
['2016-06-23', 11.49, 11.68, 11.4, 11.49]
['2016-06-24', 11.02, 11.02, 10.79, 10.83]
['2016-06-27', 10.67, 10.7, 10.26, 10.3]
['2016-06-28', 10.37, 10.47, 10.29, 10.38]
['2016-06-29', 10.5, 10.85, 10.3, 10.85]
['2016-06-30', 10.89, 11.04, 10.85, 10.99]
['2016-07-01', 11.02, 11.22, 10.96, 11.08]
['2016-07-05', 11.04, 11.1, 10.85, 10.97]
['2016-07-06', 10.96, 11.02, 10.83, 11.0]
['2016-07-07', 11.01, 11.22, 11.01, 11.09]
['2016-07-08', 11.24, 11.43, 11.22, 11.34]
['2016-07-11', 11.37, 11.57, 11.37, 11.54]
['2016-07-12', 11.72, 11.89, 11.64, 11.87]
['2016-07-13', 11.94, 12.01, 11.86, 12.0]
['2016-07-14', 12.14, 12.24, 11.95, 12.08]
['2016-07-15', 12.15, 12.15, 11.72, 12.05]
['2016-07-18', 12.08, 12.28, 12.03, 12.18]
['2016-07-19', 12.18, 12.25, 12.06, 12.22]
['2016-07-20', 12.26, 12.35, 12.17, 12.27]
['2016-07-21', 12.27, 12.3, 12.1, 12.15]
['2016-07-22', 12.19, 12.33, 12.19, 12.27]
['2016-07-25', 12.29, 12.36, 12.19, 12.3]
['2016-07-26', 12.33, 12.52, 12.33, 12.47]
['2016-07-27', 12.46, 12.53, 12.28, 12.39]
['2016-07-28', 12.39, 12.45, 12.31, 12.39]
['2016-07-29', 12.4, 12.69, 12.39, 12.66]
['2016-08-01', 12.65, 12.7, 12.48, 12.53]
['2016-08-02', 12.5, 12.5, 12.27, 12.37]
['2016-08-03', 12.33, 12.44, 12.29, 12.35]
['2016-08-04', 12.32, 12.46, 12.32, 12.43]
['2016-08-05', 12.55, 12.7, 12.46, 12.51]
['2016-08-08', 12.52, 12.59, 12.43, 12.47]
['2016-08-09', 12.51, 13.07, 12.35, 12.97]
['2016-08-10', 12.96, 13.0, 12.75, 12.93]
['2016-08-11', 12.98, 13.18, 12.82, 13.08]
['2016-08-12', 13.11, 13.23, 13.11, 13.22]
['2016-08-15', 13.32, 13.4, 13.29, 13.34]
['2016-08-16', 13.27, 13.4, 13.24, 13.33]
['2016-08-17', 13.32, 13.4, 13.31, 13.35]
['2016-08-18', 13.37, 13.46, 13.27, 13.32]
['2016-08-19', 13.28, 13.33, 13.21, 13.29]
['2016-08-22', 13.32, 13.4, 13.16, 13.4]
['2016-08-23', 13.47, 13.51, 13.35, 13.39]
['2016-08-24', 13.38, 13.47, 13.37, 13.38]
['2016-08-25', 13.32, 13.47, 13.26, 13.4]
['2016-08-26', 13.48, 13.62, 13.35, 13.5]
['2016-08-29', 13.56, 13.63, 13.48, 13.54]
['2016-08-30', 13.5, 13.57, 13.4, 13.51]
['2016-08-31', 13.5, 13.6, 13.35, 13.59]
['2016-09-01', 13.65, 13.65, 13.34, 13.48]
['2016-09-02', 13.54, 13.56, 13.31, 13.42]
['2016-09-06', 13.48, 13.8, 13.15, 13.22]
['2016-09-07', 13.23, 13.3, 13.17, 13.27]
['2016-09-08', 13.18, 13.57, 13.18, 13.34]
['2016-09-09', 13.32, 13.32, 12.94, 12.94]
['2016-09-12', 12.8, 13.76, 12.8, 13.75]
['2016-09-13', 13.56, 13.63, 13.41, 13.52]
['2016-09-14', 13.6, 13.62, 13.43, 13.6]
['2016-09-15', 13.62, 13.63, 13.39, 13.44]
['2016-09-16', 13.35, 13.44, 13.25, 13.28]
['2016-09-19', 13.28, 13.39, 13.22, 13.28]
['2016-09-20', 13.39, 13.42, 13.28, 13.35]
['2016-09-21', 13.41, 13.59, 13.34, 13.55]
['2016-09-22', 13.64, 13.81, 13.58, 13.78]
['2016-09-23', 13.78, 13.89, 13.73, 13.73]
['2016-09-26', 13.6, 13.64, 13.41, 13.46]
['2016-09-27', 13.46, 13.58, 13.41, 13.58]
['2016-09-28', 13.56, 13.66, 13.47, 13.54]
['2016-09-29', 13.52, 13.66, 13.34, 13.4]
['2016-09-30', 13.46, 13.63, 13.44, 13.49]
['2016-10-03', 13.4, 14.24, 13.4, 14.16]
['2016-10-04', 14.12, 14.22, 13.91, 13.93]
['2016-10-05', 13.92, 14.44, 13.88, 14.39]
['2016-10-06', 14.29, 14.4, 13.97, 14.3]
['2016-10-07', 14.31, 14.32, 13.71, 13.77]
['2016-10-10', 13.75, 13.99, 13.42, 13.52]
['2016-10-11', 13.56, 13.56, 13.14, 13.28]
['2016-10-12', 13.23, 13.33, 13.04, 13.04]
['2016-10-13', 13.0, 13.23, 12.88, 13.14]
['2016-10-14', 13.56, 13.56, 12.95, 13.04]
['2016-10-17', 13.04, 13.09, 12.93, 13.09]
['2016-10-18', 13.28, 13.33, 12.95, 13.19]
['2016-10-19', 13.28, 13.38, 13.09, 13.28]
['2016-10-20', 13.52, 13.52, 12.81, 13.09]
['2016-10-21', 12.9, 13.14, 12.85, 13.0]
['2016-10-24', 13.04, 13.14, 12.52, 12.52]
['2016-10-25', 12.62, 13.0, 12.24, 12.33]
['2016-10-26', 12.24, 12.57, 12.24, 12.47]
['2016-10-27', 12.33, 12.33, 11.79, 11.95]
['2016-10-28', 11.95, 12.14, 11.81, 11.86]
['2016-10-31', 11.86, 12.05, 11.76, 11.76]
['2016-11-01', 11.86, 12.05, 11.57, 11.76]
['2016-11-02', 11.76, 11.81, 11.43, 11.48]
['2016-11-03', 11.48, 11.76, 11.43, 11.53]
['2016-11-04', 11.62, 11.76, 11.48, 11.53]
['2016-11-07', 11.67, 11.95, 11.57, 11.86]
['2016-11-08', 10.91, 11.57, 10.67, 11.48]
['2016-11-09', 11.38, 11.9, 11.24, 11.72]
['2016-11-10', 11.72, 11.9, 11.43, 11.72]
['2016-11-11', 11.57, 11.81, 11.53, 11.72]
['2016-11-14', 11.72, 12.05, 11.62, 11.86]
['2016-11-15', 11.81, 11.95, 11.67, 11.72]
['2016-11-16', 11.62, 11.81, 11.43, 11.72]
['2016-11-17', 11.72, 11.86, 11.62, 11.72]
['2016-11-18', 11.67, 11.76, 11.53, 11.57]
['2016-11-21', 11.57, 11.62, 11.38, 11.43]
['2016-11-22', 11.38, 11.53, 11.29, 11.38]
['2016-11-23', 11.43, 11.53, 11.34, 11.48]
['2016-11-25', 11.57, 11.7, 11.48, 11.48]
['2016-11-28', 11.53, 11.7, 11.43, 11.48]
['2016-11-29', 11.43, 11.53, 11.15, 11.29]
['2016-11-30', 11.29, 11.41, 11.17, 11.34]
['2016-12-01', 11.34, 11.53, 11.24, 11.38]
['2016-12-02', 11.43, 11.53, 11.38, 11.43]
['2016-12-05', 11.43, 11.53, 11.34, 11.43]
['2016-12-06', 11.43, 11.53, 11.34, 11.43]
['2016-12-07', 11.43, 11.62, 11.38, 11.53]
['2016-12-08', 11.53, 11.72, 11.48, 11.57]
['2016-12-09', 11.57, 11.86, 11.57, 11.76]
['2016-12-12', 11.67, 11.81, 11.67, 11.67]
['2016-12-13', 11.72, 11.9, 11.53, 11.62]
['2016-12-14', 11.62, 11.79, 11.53, 11.57]
['2016-12-15', 11.62, 11.76, 11.36, 11.43]
['2016-12-16', 11.48, 11.57, 11.24, 11.38]
['2016-12-19', 11.38, 11.53, 11.34, 11.53]
['2016-12-20', 11.53, 11.57, 11.29, 11.34]
['2016-12-21', 11.38, 11.51, 11.24, 11.43]
['2016-12-22', 11.43, 11.53, 11.34, 11.43]
['2016-12-23', 11.48, 11.53, 11.38, 11.43]
['2016-12-27', 11.48, 11.62, 11.48, 11.62]
['2016-12-28', 11.62, 11.67, 11.38, 11.43]
['2016-12-29', 11.38, 11.48, 11.24, 11.43]
['2016-12-30', 11.53, 11.53, 11.15, 11.19]
['2017-01-03', 11.34, 11.62, 11.29, 11.43]
['2017-01-04', 11.43, 11.67, 11.43, 11.62]
['2017-01-05', 11.57, 11.72, 11.55, 11.62]
['2017-01-06', 11.62, 11.76, 11.48, 11.62]
['2017-01-09', 11.62, 11.81, 11.62, 11.76]
['2017-01-10', 11.72, 11.86, 11.65, 11.86]
['2017-01-11', 11.81, 11.9, 11.7, 11.9]
['2017-01-12', 11.86, 11.95, 11.67, 11.81]
['2017-01-13', 11.81, 11.93, 11.76, 11.81]
['2017-01-17', 11.76, 12.08, 11.67, 12.05]
['2017-01-18', 12.05, 12.05, 11.76, 11.9]
['2017-01-19', 11.9, 11.95, 11.76, 11.81]
['2017-01-20', 11.81, 11.9, 11.72, 11.72]
['2017-01-23', 11.72, 11.81, 11.67, 11.76]
['2017-01-24', 11.72, 11.98, 11.67, 11.95]
['2017-01-25', 11.95, 12.14, 11.9, 12.05]
['2017-01-26', 12.09, 12.14, 11.86, 11.9]
['2017-01-27', 11.9, 12.05, 11.86, 12.0]
['2017-01-30', 12.05, 12.05, 11.81, 12.05]
['2017-01-31', 12.05, 12.05, 11.76, 12.0]
['2017-02-01', 12.0, 12.09, 11.86, 12.05]
['2017-02-02', 12.05, 12.05, 11.86, 11.95]
['2017-02-03', 11.95, 12.0, 11.86, 11.95]
['2017-02-06', 11.95, 12.05, 11.9, 11.9]
['2017-02-07', 11.9, 11.95, 11.76, 11.9]
['2017-02-08', 11.9, 11.9, 11.72, 11.81]
['2017-02-09', 11.76, 12.09, 11.76, 12.09]
['2017-02-10', 11.86, 13.04, 11.86, 12.9]
['2017-02-13', 13.0, 13.09, 12.66, 12.66]
['2017-02-14', 12.71, 12.81, 12.57, 12.66]
['2017-02-15', 12.52, 12.83, 12.52, 12.76]
['2017-02-16', 12.76, 12.81, 12.6, 12.71]
['2017-02-17', 12.71, 12.85, 12.52, 12.81]
['2017-02-21', 12.81, 13.09, 12.71, 12.95]
['2017-02-22', 12.95, 12.95, 12.71, 12.9]
['2017-02-23', 12.95, 12.95, 12.69, 12.81]
['2017-02-24', 12.81, 12.81, 12.55, 12.71]
['2017-02-27', 12.71, 12.81, 12.62, 12.71]
['2017-02-28', 12.66, 12.71, 12.43, 12.52]
['2017-03-01', 12.62, 12.81, 12.57, 12.71]
['2017-03-02', 12.71, 12.76, 12.47, 12.57]
['2017-03-03', 12.57, 12.57, 12.43, 12.57]
['2017-03-06', 12.47, 12.62, 12.43, 12.57]
['2017-03-07', 12.52, 12.71, 12.24, 12.33]
['2017-03-08', 12.24, 12.38, 12.12, 12.14]
['2017-03-09', 12.24, 12.24, 12.01, 12.14]
['2017-03-10', 12.19, 12.24, 11.9, 12.14]
['2017-03-13', 12.14, 12.19, 11.98, 12.0]
['2017-03-14', 12.0, 12.14, 11.95, 12.14]
['2017-03-15', 12.19, 12.38, 12.05, 12.33]
['2017-03-16', 12.24, 12.41, 12.24, 12.33]
['2017-03-17', 12.38, 12.48, 12.29, 12.38]
['2017-03-20', 12.43, 12.43, 12.27, 12.33]
['2017-03-21', 12.43, 12.48, 12.24, 12.29]
['2017-03-22', 12.38, 12.38, 12.19, 12.38]
['2017-03-23', 12.38, 12.46, 12.29, 12.38]
['2017-03-24', 12.43, 12.51, 12.31, 12.38]
['2017-03-27', 12.33, 12.48, 12.29, 12.38]
['2017-03-28', 12.38, 12.72, 12.38, 12.67]
['2017-03-29', 12.67, 12.91, 12.62, 12.86]
['2017-03-30', 12.91, 13.19, 12.81, 13.1]
['2017-03-31', 13.1, 13.1, 12.74, 12.91]
['2017-04-03', 12.95, 12.95, 12.62, 12.67]
['2017-04-04', 12.67, 12.76, 12.52, 12.57]
['2017-04-05', 12.57, 12.62, 12.36, 12.48]
['2017-04-06', 12.43, 12.51, 12.29, 12.38]
['2017-04-07', 12.33, 12.38, 12.29, 12.33]
['2017-04-10', 12.33, 12.48, 12.29, 12.33]
['2017-04-11', 12.29, 12.38, 12.24, 12.29]
['2017-04-12', 12.33, 12.43, 12.27, 12.38]
['2017-04-13', 12.29, 12.38, 12.14, 12.14]
['2017-04-17', 12.24, 12.33, 12.14, 12.29]
['2017-04-18', 12.29, 12.29, 12.05, 12.14]
['2017-04-19', 12.19, 12.38, 12.19, 12.29]
['2017-04-20', 12.29, 12.86, 12.29, 12.76]
['2017-04-21', 12.72, 12.81, 12.55, 12.72]
['2017-04-24', 12.81, 12.86, 12.72, 12.76]
['2017-04-25', 12.81, 12.91, 12.76, 12.86]
['2017-04-26', 12.81, 12.91, 12.67, 12.67]
['2017-04-27', 12.72, 12.79, 12.62, 12.62]
['2017-04-28', 12.67, 12.67, 12.33, 12.43]
['2017-05-01', 12.48, 12.52, 12.35, 12.43]
['2017-05-02', 12.43, 12.48, 12.33, 12.33]
['2017-05-03', 12.29, 12.38, 12.19, 12.29]
['2017-05-04', 12.33, 12.33, 12.19, 12.29]
['2017-05-05', 12.24, 12.43, 12.24, 12.43]
['2017-05-08', 12.38, 12.52, 12.38, 12.52]
['2017-05-09', 12.57, 12.81, 12.52, 12.81]
['2017-05-10', 12.38, 13.0, 12.09, 12.48]
['2017-05-11', 12.48, 12.57, 12.31, 12.43]
['2017-05-12', 12.43, 12.52, 12.38, 12.48]
['2017-05-15', 12.48, 12.74, 12.48, 12.72]
['2017-05-16', 12.67, 12.76, 12.62, 12.72]
['2017-05-17', 12.62, 12.67, 12.45, 12.48]
['2017-05-18', 12.52, 12.6, 12.4, 12.48]
['2017-05-19', 12.48, 12.65, 12.43, 12.62]
['2017-05-22', 12.62, 12.95, 12.62, 12.95]
['2017-05-23', 12.95, 13.08, 12.81, 12.91]
['2017-05-24', 12.95, 13.05, 12.91, 13.05]
['2017-05-25', 13.05, 13.1, 12.95, 13.0]
['2017-05-26', 13.0, 13.19, 13.0, 13.19]
['2017-05-30', 13.19, 13.19, 12.95, 13.05]
['2017-05-31', 13.1, 13.15, 12.89, 13.1]
['2017-06-01', 13.1, 13.38, 13.1, 13.38]
['2017-06-02', 13.34, 13.43, 13.19, 13.34]
['2017-06-05', 13.34, 13.43, 13.19, 13.19]
['2017-06-06', 13.24, 13.34, 13.1, 13.29]
['2017-06-07', 13.38, 13.38, 13.15, 13.19]
['2017-06-08', 13.15, 13.34, 12.95, 13.34]
['2017-06-09', 13.34, 13.48, 13.22, 13.48]
['2017-06-12', 13.43, 13.62, 13.38, 13.43]
['2017-06-13', 13.43, 13.51, 13.32, 13.34]
['2017-06-14', 13.43, 13.48, 13.29, 13.38]
['2017-06-15', 13.38, 13.46, 13.29, 13.43]
['2017-06-16', 13.48, 13.62, 13.38, 13.53]
['2017-06-19', 13.53, 13.67, 13.53, 13.62]
['2017-06-20', 13.62, 13.62, 13.34, 13.38]
['2017-06-21', 13.38, 13.48, 13.32, 13.34]
['2017-06-22', 13.34, 13.43, 13.15, 13.34]
['2017-06-23', 13.29, 13.48, 13.19, 13.43]
['2017-06-26', 13.43, 13.53, 13.34, 13.48]
['2017-06-27', 13.48, 13.62, 13.38, 13.48]
['2017-06-28', 13.53, 13.77, 13.53, 13.67]
['2017-06-29', 13.67, 13.77, 13.22, 13.43]
['2017-06-30', 13.48, 13.58, 13.38, 13.53]
['2017-07-03', 13.67, 13.72, 13.48, 13.67]
['2017-07-05', 13.67, 13.67, 13.48, 13.53]
['2017-07-06', 13.48, 13.48, 13.05, 13.05]
['2017-07-07', 13.1, 13.24, 13.0, 13.15]
['2017-07-10', 13.1, 13.24, 12.94, 12.95]
['2017-07-11', 13.05, 13.17, 12.91, 13.15]
['2017-07-12', 13.19, 13.24, 13.0, 13.0]
['2017-07-13', 13.0, 13.15, 13.0, 13.1]
['2017-07-14', 13.1, 13.43, 13.08, 13.38]
['2017-07-17', 13.38, 13.62, 13.34, 13.48]
['2017-07-18', 13.43, 13.51, 13.34, 13.43]
['2017-07-19', 13.48, 13.8, 13.48, 13.72]
['2017-07-20', 13.77, 13.91, 13.67, 13.72]
['2017-07-21', 13.62, 13.91, 13.62, 13.82]
['2017-07-24', 13.77, 13.86, 13.72, 13.82]
['2017-07-25', 13.91, 13.96, 13.62, 13.91]
['2017-07-26', 14.01, 14.1, 13.96, 13.96]
['2017-07-27', 14.01, 14.15, 14.01, 14.05]
['2017-07-28', 14.01, 14.25, 14.01, 14.15]
['2017-07-31', 14.15, 14.2, 14.01, 14.05]
['2017-08-01', 14.15, 14.25, 14.05, 14.2]
['2017-08-02', 14.15, 14.15, 13.96, 14.1]
['2017-08-03', 14.1, 14.15, 13.82, 14.01]
['2017-08-04', 14.01, 14.05, 13.86, 13.96]
['2017-08-07', 13.91, 14.2, 13.91, 14.15]
['2017-08-08', 14.1, 14.1, 13.86, 13.96]
['2017-08-09', 13.96, 14.01, 13.77, 13.91]
['2017-08-10', 13.91, 13.91, 13.34, 13.38]
['2017-08-11', 13.62, 13.77, 13.17, 13.19]
['2017-08-14', 13.34, 13.38, 13.1, 13.19]
['2017-08-15', 13.29, 13.29, 13.05, 13.1]
['2017-08-16', 13.15, 13.24, 13.0, 13.05]
['2017-08-17', 13.05, 13.27, 13.0, 13.05]
['2017-08-18', 13.0, 13.24, 12.89, 13.15]
['2017-08-21', 13.1, 13.19, 13.0, 13.15]
['2017-08-22', 13.15, 13.24, 13.1, 13.19]
['2017-08-23', 13.1, 13.13, 12.91, 12.91]
['2017-08-24', 13.0, 13.0, 12.86, 13.0]
['2017-08-25', 13.05, 13.24, 12.95, 13.15]
['2017-08-28', 13.19, 13.24, 13.05, 13.19]
['2017-08-29', 13.05, 13.15, 13.0, 13.1]
['2017-08-30', 13.05, 13.15, 12.91, 13.0]
['2017-08-31', 13.0, 13.15, 13.0, 13.1]
['2017-09-01', 13.1, 13.24, 13.1, 13.19]
['2017-09-05', 13.15, 13.19, 12.91, 12.95]
['2017-09-06', 13.0, 13.19, 12.95, 13.05]
['2017-09-07', 13.1, 13.29, 13.1, 13.19]
['2017-09-08', 13.19, 13.29, 12.81, 12.81]
['2017-09-11', 12.95, 13.1, 12.86, 13.05]
['2017-09-12', 13.05, 13.15, 12.93, 13.0]
['2017-09-13', 13.1, 13.1, 12.62, 12.81]
['2017-09-14', 12.81, 12.95, 12.71, 12.86]
['2017-09-15', 12.76, 13.05, 12.76, 12.95]
['2017-09-18', 13.0, 13.05, 12.86, 12.95]
['2017-09-19', 12.95, 13.0, 12.81, 13.0]
['2017-09-20', 13.0, 13.1, 12.95, 13.1]
['2017-09-21', 13.0, 13.08, 12.86, 12.95]
['2017-09-22', 12.91, 13.0, 12.84, 12.91]
['2017-09-25', 12.95, 13.1, 12.86, 13.1]
['2017-09-26', 13.1, 13.1, 12.86, 12.91]
['2017-09-27', 12.86, 13.15, 12.86, 13.05]
['2017-09-28', 13.0, 13.29, 12.91, 13.15]
['2017-09-29', 13.1, 13.15, 13.0, 13.15]
['2017-10-02', 13.15, 13.24, 13.05, 13.19]
['2017-10-03', 13.19, 13.29, 13.05, 13.19]
['2017-10-04', 13.19, 13.29, 13.1, 13.19]
['2017-10-05', 13.19, 13.29, 13.13, 13.19]
['2017-10-06', 13.15, 13.22, 13.05, 13.15]
['2017-10-09', 13.15, 13.15, 13.0, 13.05]
['2017-10-10', 13.15, 13.34, 13.1, 13.34]
['2017-10-11', 13.29, 13.29, 13.15, 13.24]
['2017-10-12', 13.19, 13.39, 13.19, 13.34]
['2017-10-13', 13.44, 13.56, 13.29, 13.53]
['2017-10-16', 13.48, 13.58, 13.39, 13.53]
['2017-10-17', 13.48, 13.48, 13.34, 13.44]
['2017-10-18', 13.44, 13.58, 13.39, 13.58]
['2017-10-19', 13.48, 13.48, 13.34, 13.39]
['2017-10-20', 13.53, 13.58, 13.44, 13.58]
['2017-10-23', 13.53, 13.58, 13.44, 13.48]
['2017-10-24', 13.44, 13.53, 13.39, 13.44]
['2017-10-25', 13.44, 13.53, 13.29, 13.48]
['2017-10-26', 13.48, 13.63, 13.42, 13.48]
['2017-10-27', 13.48, 13.53, 13.29, 13.44]
['2017-10-30', 13.44, 13.63, 13.39, 13.63]
['2017-10-31', 13.58, 13.58, 13.39, 13.39]
['2017-11-01', 13.48, 13.68, 13.39, 13.53]
['2017-11-02', 13.48, 13.63, 13.34, 13.53]
['2017-11-03', 13.53, 13.68, 13.48, 13.68]
['2017-11-06', 13.63, 14.06, 13.63, 14.01]
['2017-11-07', 13.97, 14.25, 13.85, 13.87]
['2017-11-08', 13.87, 13.97, 13.77, 13.92]
['2017-11-09', 13.87, 14.3, 13.82, 14.21]
['2017-11-10', 14.59, 15.6, 14.35, 14.98]
['2017-11-13', 14.93, 15.17, 14.74, 15.02]
['2017-11-14', 14.93, 15.22, 14.78, 14.98]
['2017-11-15', 15.02, 15.02, 14.86, 14.98]
['2017-11-16', 15.02, 15.46, 14.93, 15.41]
['2017-11-17', 15.36, 15.67, 15.31, 15.6]
['2017-11-20', 15.55, 15.55, 15.29, 15.36]
['2017-11-21', 15.36, 15.46, 15.29, 15.36]
['2017-11-22', 15.41, 15.41, 15.27, 15.31]
['2017-11-24', 15.36, 15.41, 15.2, 15.31]
['2017-11-27', 15.41, 15.41, 15.27, 15.36]
['2017-11-28', 15.27, 15.75, 15.27, 15.75]
['2017-11-29', 15.6, 15.97, 15.6, 15.84]
['2017-11-30', 15.7, 15.99, 15.65, 15.8]
['2017-12-01', 15.89, 15.89, 15.46, 15.84]
['2017-12-04', 15.84, 16.42, 15.75, 16.13]
['2017-12-05', 16.18, 16.21, 15.78, 15.94]
['2017-12-06', 15.99, 16.06, 15.8, 15.94]
['2017-12-07', 15.99, 15.99, 15.84, 15.94]
['2017-12-08', 15.99, 16.18, 15.94, 16.18]
['2017-12-11', 16.28, 16.37, 16.13, 16.28]
['2017-12-12', 16.37, 16.37, 15.84, 15.94]
['2017-12-13', 15.94, 16.04, 15.8, 15.89]
['2017-12-14', 15.84, 16.04, 15.8, 15.84]
['2017-12-15', 15.89, 15.89, 15.7, 15.75]
['2017-12-18', 15.89, 16.08, 15.8, 15.99]
['2017-12-19', 16.04, 16.18, 15.89, 16.04]
['2017-12-20', 16.13, 16.13, 15.94, 15.99]
['2017-12-21', 16.04, 16.21, 15.84, 16.04]
['2017-12-22', 16.08, 16.18, 16.04, 16.18]
['2017-12-26', 16.13, 16.18, 15.99, 15.99]
['2017-12-27', 16.04, 16.13, 15.91, 16.04]
['2017-12-28', 16.08, 16.08, 15.89, 16.04]
['2017-12-29', 16.08, 16.15, 15.94, 15.99]
['2018-01-02', 16.04, 16.23, 15.99, 16.18]
['2018-01-03', 16.18, 16.28, 16.13, 16.28]
['2018-01-04', 16.28, 16.45, 16.18, 16.31]
['2018-01-05', 16.57, 16.76, 16.28, 16.57]
['2018-01-08', 16.52, 16.61, 16.37, 16.57]
['2018-01-09', 16.61, 16.71, 16.52, 16.61]
['2018-01-10', 16.57, 16.61, 16.47, 16.52]
['2018-01-11', 16.57, 16.95, 16.57, 16.85]
['2018-01-12', 16.81, 16.9, 16.66, 16.9]
['2018-01-16', 16.95, 16.95, 16.66, 16.66]
['2018-01-17', 16.76, 17.05, 16.71, 16.9]
['2018-01-18', 16.9, 16.95, 16.71, 16.76]
['2018-01-19', 16.85, 16.95, 16.66, 16.9]
['2018-01-22', 16.9, 16.9, 16.66, 16.9]
['2018-01-23', 16.81, 16.85, 16.66, 16.71]
['2018-01-24', 16.71, 16.9, 16.63, 16.76]
['2018-01-25', 16.76, 16.81, 16.37, 16.66]
['2018-01-26', 16.76, 16.85, 16.59, 16.85]
['2018-01-29', 16.81, 16.9, 16.69, 16.71]
['2018-01-30', 16.66, 16.84, 16.57, 16.66]
['2018-01-31', 16.57, 16.81, 16.37, 16.81]
['2018-02-01', 16.66, 16.71, 16.37, 16.52]
['2018-02-02', 16.47, 16.47, 16.04, 16.13]
['2018-02-05', 16.13, 16.28, 15.51, 15.51]
['2018-02-06', 15.22, 15.91, 14.93, 15.89]
['2018-02-07', 15.75, 15.94, 15.55, 15.7]
['2018-02-08', 15.55, 15.75, 15.22, 15.27]
['2018-02-09', 15.41, 15.89, 15.02, 15.41]
['2018-02-12', 15.51, 15.89, 15.41, 15.55]
['2018-02-13', 15.55, 16.02, 15.51, 15.94]
['2018-02-14', 15.89, 16.13, 15.8, 16.08]
['2018-02-15', 16.08, 16.23, 15.89, 15.99]
['2018-02-16', 15.94, 16.08, 15.8, 15.84]
['2018-02-20', 15.84, 15.84, 15.46, 15.51]
['2018-02-21', 15.55, 15.84, 15.55, 15.55]
['2018-02-22', 15.7, 16.04, 15.7, 15.89]
['2018-02-23', 15.99, 16.18, 15.82, 16.13]
['2018-02-26', 16.18, 16.35, 16.13, 16.28]
['2018-02-27', 16.23, 16.32, 16.02, 16.08]
['2018-02-28', 16.13, 16.13, 15.8, 15.8]
['2018-03-01', 15.7, 15.84, 15.43, 15.51]
['2018-03-02', 15.36, 15.55, 15.31, 15.55]
['2018-03-05', 15.51, 15.84, 15.46, 15.8]
['2018-03-06', 15.8, 16.04, 15.73, 15.99]
['2018-03-07', 15.89, 15.99, 15.75, 15.89]
['2018-03-08', 15.99, 16.04, 15.75, 15.8]
['2018-03-09', 15.94, 16.18, 15.84, 16.18]
['2018-03-12', 16.23, 16.37, 16.11, 16.23]
['2018-03-13', 16.37, 16.42, 16.03, 16.13]
['2018-03-14', 16.23, 16.28, 16.03, 16.13]
['2018-03-15', 16.23, 16.28, 16.13, 16.23]
['2018-03-16', 16.33, 16.49, 16.28, 16.47]
['2018-03-19', 16.42, 16.57, 16.18, 16.23]
['2018-03-20', 16.23, 16.28, 16.11, 16.23]
['2018-03-21', 16.28, 16.42, 16.23, 16.37]
['2018-03-22', 16.33, 16.42, 16.13, 16.18]
['2018-03-23', 16.18, 16.23, 15.45, 15.5]
['2018-03-26', 15.65, 15.7, 15.21, 15.6]
['2018-03-27', 15.6, 15.74, 15.41, 15.45]
['2018-03-28', 15.45, 15.52, 15.26, 15.31]
['2018-03-29', 15.31, 15.74, 15.31, 15.6]
['2018-04-02', 15.6, 15.6, 15.02, 15.16]
['2018-04-03', 15.21, 15.5, 15.07, 15.5]
['2018-04-04', 15.31, 15.55, 15.16, 15.5]
['2018-04-05', 15.45, 15.65, 15.36, 15.5]
['2018-04-06', 15.45, 15.5, 15.11, 15.31]
['2018-04-09', 15.36, 15.65, 15.21, 15.36]
['2018-04-10', 15.5, 15.87, 15.45, 15.7]
['2018-04-11', 15.55, 15.65, 15.43, 15.5]
['2018-04-12', 15.55, 15.68, 15.41, 15.6]
['2018-04-13', 15.6, 15.65, 15.41, 15.41]
['2018-04-16', 15.6, 15.74, 15.45, 15.7]
['2018-04-17', 15.74, 15.84, 15.6, 15.74]
['2018-04-18', 15.84, 15.89, 15.7, 15.74]
['2018-04-19', 15.74, 15.92, 15.74, 15.89]
['2018-04-20', 15.89, 15.89, 15.74, 15.84]
['2018-04-23', 15.79, 15.94, 15.74, 15.84]
['2018-04-24', 15.94, 15.99, 15.55, 15.65]
['2018-04-25', 15.65, 15.74, 15.48, 15.65]
['2018-04-26', 15.65, 15.79, 15.63, 15.7]
['2018-04-27', 15.7, 15.74, 15.58, 15.74]
['2018-04-30', 15.84, 15.92, 15.65, 15.74]
['2018-05-01', 15.7, 15.7, 15.5, 15.7]
['2018-05-02', 15.65, 15.72, 15.36, 15.36]
['2018-05-03', 15.45, 15.74, 15.31, 15.7]
['2018-05-04', 15.65, 15.89, 15.6, 15.84]
['2018-05-07', 15.84, 16.13, 15.84, 16.08]
['2018-05-08', 16.13, 16.23, 15.99, 16.08]
['2018-05-09', 16.23, 16.23, 15.99, 16.13]
['2018-05-10', 16.23, 16.28, 16.06, 16.16]
['2018-05-11', 16.23, 16.23, 14.87, 15.02]
['2018-05-14', 15.26, 15.84, 15.26, 15.74]
['2018-05-15', 15.74, 15.82, 15.45, 15.74]
['2018-05-16', 15.7, 15.89, 15.63, 15.74]
['2018-05-17', 15.74, 15.84, 15.6, 15.7]
['2018-05-18', 15.65, 15.7, 15.5, 15.6]
['2018-05-21', 15.6, 15.76, 15.6, 15.7]
['2018-05-22', 15.7, 15.79, 15.5, 15.55]
['2018-05-23', 15.6, 15.6, 15.36, 15.5]
['2018-05-24', 15.6, 15.6, 15.36, 15.5]
['2018-05-25', 15.45, 15.6, 15.45, 15.55]
['2018-05-29', 15.5, 15.6, 15.02, 15.07]
['2018-05-30', 15.26, 15.45, 15.19, 15.39]
['2018-05-31', 15.36, 15.41, 14.92, 14.97]
['2018-06-01', 15.02, 15.26, 15.02, 15.11]
['2018-06-04', 15.26, 15.29, 15.11, 15.16]
['2018-06-05', 15.16, 15.55, 15.16, 15.55]
['2018-06-06', 15.5, 15.7, 15.45, 15.6]
['2018-06-07', 15.6, 15.7, 15.5, 15.6]
['2018-06-08', 15.6, 15.79, 15.55, 15.65]
['2018-06-11', 15.5, 15.82, 15.5, 15.7]
['2018-06-12', 15.74, 15.94, 15.74, 15.89]
['2018-06-13', 15.84, 16.16, 15.55, 15.6]
['2018-06-14', 15.7, 15.74, 15.5, 15.65]
['2018-06-15', 15.5, 15.94, 15.45, 15.74]
['2018-06-18', 15.6, 15.79, 15.55, 15.79]
['2018-06-19', 15.6, 15.7, 15.55, 15.6]
['2018-06-20', 15.65, 15.79, 15.6, 15.65]
['2018-06-21', 15.6, 15.7, 15.41, 15.5]
['2018-06-22', 15.65, 15.65, 15.5, 15.55]
['2018-06-25', 15.5, 15.6, 15.21, 15.26]
['2018-06-26', 15.26, 15.36, 15.11, 15.21]
['2018-06-27', 15.26, 15.5, 15.21, 15.26]
['2018-06-28', 15.31, 15.36, 15.16, 15.31]
['2018-06-29', 15.26, 15.45, 15.26, 15.36]
['2018-07-02', 15.21, 15.31, 14.92, 14.97]
['2018-07-03', 15.11, 15.21, 15.07, 15.07]
['2018-07-05', 15.07, 15.11, 14.87, 15.02]
['2018-07-06', 14.97, 15.21, 14.97, 15.11]
['2018-07-09', 15.26, 15.29, 15.11, 15.21]
['2018-07-10', 15.21, 15.6, 15.21, 15.55]
['2018-07-11', 15.41, 15.65, 15.26, 15.31]
['2018-07-12', 15.41, 15.41, 15.16, 15.26]
['2018-07-13', 15.26, 15.36, 15.26, 15.31]
['2018-07-16', 15.26, 15.31, 15.11, 15.16]
['2018-07-17', 15.11, 15.14, 15.0, 15.07]
['2018-07-18', 14.97, 15.36, 14.97, 15.16]
['2018-07-19', 15.07, 15.34, 15.02, 15.11]
['2018-07-20', 15.07, 15.21, 14.97, 15.02]
['2018-07-23', 15.07, 15.24, 14.92, 15.02]
['2018-07-24', 15.07, 15.07, 14.73, 14.78]
['2018-07-25', 14.78, 14.92, 14.73, 14.92]
['2018-07-26', 14.92, 15.0, 14.78, 14.78]
['2018-07-27', 14.82, 14.9, 14.53, 14.63]
['2018-07-30', 14.68, 14.78, 14.53, 14.68]
['2018-07-31', 14.68, 14.87, 14.63, 14.82]
['2018-08-01', 14.73, 14.82, 14.63, 14.78]
['2018-08-02', 14.63, 14.78, 14.63, 14.73]
['2018-08-03', 14.68, 14.82, 14.63, 14.82]
['2018-08-06', 14.78, 14.97, 14.76, 14.87]
['2018-08-07', 14.87, 14.97, 14.76, 14.82]
['2018-08-08', 14.87, 14.92, 14.71, 14.82]
['2018-08-09', 14.87, 15.14, 14.78, 14.92]
['2018-08-10', 14.73, 14.73, 12.79, 13.03]
['2018-08-13', 13.18, 13.61, 13.18, 13.52]
['2018-08-14', 13.71, 13.85, 13.47, 13.71]
['2018-08-15', 13.71, 13.76, 13.52, 13.66]
['2018-08-16', 13.85, 13.95, 13.71, 13.85]
['2018-08-17', 13.9, 14.0, 13.66, 14.0]
['2018-08-20', 13.61, 13.71, 13.32, 13.61]
['2018-08-21', 13.71, 13.71, 13.47, 13.61]
['2018-08-22', 13.66, 13.76, 13.56, 13.76]
['2018-08-23', 13.66, 13.71, 13.32, 13.42]
['2018-08-24', 13.52, 13.61, 13.32, 13.42]
['2018-08-27', 13.47, 13.56, 13.18, 13.37]
['2018-08-28', 13.37, 13.42, 13.23, 13.32]
['2018-08-29', 13.37, 13.56, 13.32, 13.42]
['2018-08-30', 13.37, 13.52, 13.23, 13.27]
['2018-08-31', 13.18, 13.32, 13.03, 13.18]
['2018-09-04', 13.23, 13.32, 12.93, 12.98]
['2018-09-05', 13.03, 13.08, 12.84, 12.98]
['2018-09-06', 12.93, 13.13, 12.64, 12.74]
['2018-09-07', 12.56, 12.84, 12.55, 12.69]
['2018-09-10', 12.74, 12.82, 12.55, 12.64]
['2018-09-11', 12.69, 12.79, 12.5, 12.69]
['2018-09-12', 12.74, 12.82, 12.5, 12.59]
['2018-09-13', 12.59, 12.79, 12.59, 12.74]
['2018-09-14', 12.69, 12.72, 12.45, 12.55]
['2018-09-17', 12.79, 12.79, 12.4, 12.45]
['2018-09-18', 12.55, 12.69, 12.4, 12.59]
['2018-09-19', 12.55, 12.82, 12.55, 12.64]
['2018-09-20', 12.69, 12.79, 12.55, 12.79]
['2018-09-21', 12.79, 12.94, 12.64, 12.89]
['2018-09-24', 12.74, 12.99, 12.74, 12.94]
['2018-09-25', 12.99, 13.11, 12.94, 13.03]
['2018-09-26', 13.08, 13.13, 12.89, 13.08]
['2018-09-27', 13.03, 13.26, 12.94, 13.03]
['2018-09-28', 13.03, 13.37, 12.94, 13.28]
['2018-10-01', 13.32, 13.42, 13.09, 13.21]
['2018-10-02', 13.19, 13.22, 13.06, 13.07]
['2018-10-03', 13.13, 13.48, 13.05, 13.41]
['2018-10-04', 13.37, 13.41, 13.21, 13.34]
['2018-10-05', 13.43, 13.48, 13.28, 13.32]
['2018-10-08', 13.33, 13.33, 13.14, 13.31]
['2018-10-09', 13.57, 13.57, 13.27, 13.41]
['2018-10-10', 13.33, 13.41, 12.84, 12.85]
['2018-10-11', 12.81, 12.89, 12.65, 12.71]
['2018-10-12', 12.83, 12.93, 12.75, 12.89]
['2018-10-15', 12.82, 13.11, 12.6, 12.98]
['2018-10-16', 13.09, 13.16, 12.98, 13.13]
['2018-10-17', 13.07, 13.28, 13.01, 13.19]
['2018-10-18', 13.2, 13.28, 13.04, 13.1]
['2018-10-19', 13.13, 13.35, 13.03, 13.06]
['2018-10-22', 13.07, 13.14, 13.0, 13.08]
['2018-10-23', 12.85, 13.06, 12.76, 12.92]
['2018-10-24', 12.87, 13.07, 12.69, 12.71]
['2018-10-25', 12.69, 12.9, 12.63, 12.72]
['2018-10-26', 12.61, 12.71, 12.44, 12.54]
['2018-10-29', 12.67, 12.83, 12.28, 12.39]
['2018-10-30', 12.48, 12.73, 12.42, 12.72]
['2018-10-31', 12.74, 13.2, 12.74, 13.02]
['2018-11-01', 13.03, 13.09, 12.87, 13.0]
['2018-11-02', 13.01, 13.11, 12.88, 13.04]
['2018-11-05', 13.04, 13.17, 12.94, 13.04]
['2018-11-06', 13.08, 13.2, 12.99, 13.15]
['2018-11-07', 13.18, 13.34, 13.11, 13.28]
['2018-11-08', 13.81, 14.0, 13.35, 13.97]
['2018-11-09', 13.93, 14.2, 13.93, 14.06]
['2018-11-12', 14.06, 14.11, 13.55, 13.56]
['2018-11-13', 13.62, 13.77, 13.53, 13.58]
['2018-11-14', 13.69, 13.77, 13.56, 13.73]
['2018-11-15', 13.62, 13.62, 13.38, 13.52]
['2018-11-16', 13.46, 13.69, 13.46, 13.55]
['2018-11-19', 13.54, 13.54, 13.27, 13.33]
['2018-11-20', 13.18, 13.3, 12.61, 12.64]
['2018-11-21', 12.65, 12.88, 12.61, 12.68]
['2018-11-23', 12.61, 12.78, 12.56, 12.65]
['2018-11-26', 12.78, 13.12, 12.76, 13.1]
['2018-11-27', 13.08, 13.23, 12.87, 12.96]
['2018-11-28', 12.91, 13.2, 12.84, 13.2]
['2018-11-29', 13.18, 13.41, 13.18, 13.28]
['2018-11-30', 13.25, 13.34, 13.05, 13.08]
['2018-12-03', 13.17, 13.47, 13.17, 13.37]
['2018-12-04', 13.33, 13.44, 12.93, 12.96]
['2018-12-06', 12.83, 12.83, 12.39, 12.56]
['2018-12-07', 12.57, 12.72, 12.34, 12.41]
['2018-12-10', 12.39, 12.54, 12.14, 12.49]
['2018-12-11', 12.64, 12.8, 12.3, 12.36]
['2018-12-12', 12.54, 12.84, 12.5, 12.66]
['2018-12-13', 12.68, 12.87, 12.44, 12.51]
['2018-12-14', 12.35, 12.42, 12.13, 12.17]
['2018-12-17', 12.18, 12.25, 11.9, 11.98]
['2018-12-18', 12.05, 12.25, 11.77, 11.87]
['2018-12-19', 11.9, 12.14, 11.71, 11.73]
['2018-12-20', 11.73, 11.73, 11.21, 11.3]
['2018-12-21', 11.3, 11.59, 10.98, 10.98]
['2018-12-24', 10.93, 11.11, 10.8, 10.8]
['2018-12-26', 10.84, 11.09, 10.59, 11.09]
['2018-12-27', 10.93, 11.11, 10.7, 11.11]
['2018-12-28', 11.15, 11.33, 11.04, 11.19]
['2018-12-31', 11.22, 11.31, 11.06, 11.28]
['2019-01-02', 11.14, 11.37, 11.05, 11.34]
['2019-01-03', 11.29, 11.37, 11.09, 11.19]
['2019-01-04', 11.34, 11.69, 11.34, 11.68]
['2019-01-07', 11.69, 12.02, 11.6, 11.91]
['2019-01-08', 12.0, 12.12, 11.89, 12.03]
['2019-01-09', 12.05, 12.22, 12.01, 12.08]
['2019-01-10', 12.05, 12.14, 11.96, 12.08]
['2019-01-11', 12.03, 12.21, 11.98, 12.18]
['2019-01-14', 12.19, 12.31, 12.13, 12.16]
['2019-01-15', 12.19, 12.39, 12.18, 12.21]
['2019-01-16', 12.19, 12.36, 12.19, 12.24]
['2019-01-17', 12.2, 12.4, 12.14, 12.3]
['2019-01-18', 12.44, 12.44, 12.28, 12.38]
['2019-01-22', 12.36, 12.38, 12.14, 12.2]
['2019-01-23', 12.21, 12.22, 11.88, 12.07]
['2019-01-24', 12.05, 12.31, 11.98, 12.26]
['2019-01-25', 12.37, 12.68, 12.37, 12.5]
['2019-01-28', 12.48, 12.55, 12.37, 12.48]
['2019-01-29', 12.52, 12.68, 12.52, 12.56]
['2019-01-30', 12.55, 12.64, 12.35, 12.53]
['2019-01-31', 12.49, 12.66, 12.49, 12.62]
['2019-02-01', 12.62, 12.66, 12.54, 12.56]
['2019-02-04', 12.49, 12.77, 12.49, 12.68]
['2019-02-05', 12.67, 12.82, 12.65, 12.81]
['2019-02-06', 12.75, 12.94, 12.73, 12.76]
['2019-02-07', 12.66, 12.69, 12.34, 12.52]
['2019-02-08', 12.55, 12.79, 12.03, 12.37]
['2019-02-11', 12.66, 12.66, 11.99, 12.12]
['2019-02-12', 12.22, 12.41, 12.14, 12.33]
['2019-02-13', 12.36, 12.49, 12.28, 12.36]
['2019-02-14', 12.21, 12.53, 12.21, 12.39]
['2019-02-15', 12.49, 12.64, 12.36, 12.62]
['2019-02-19', 12.65, 12.82, 12.63, 12.71]
['2019-02-20', 12.6, 12.94, 12.6, 12.84]
['2019-02-21', 12.76, 12.87, 12.7, 12.74]
['2019-02-22', 12.69, 12.96, 12.69, 12.9]
['2019-02-25', 13.02, 13.13, 12.95, 12.96]
['2019-02-26', 12.99, 13.03, 12.92, 13.0]
['2019-02-27', 12.99, 13.06, 12.87, 13.0]
['2019-02-28', 13.01, 13.02, 12.93, 13.0]
['2019-03-01', 13.09, 13.27, 13.04, 13.24]
['2019-03-04', 13.27, 13.37, 13.09, 13.24]
['2019-03-05', 13.21, 13.28, 13.07, 13.1]
['2019-03-06', 13.06, 13.14, 12.99, 13.04]
['2019-03-07', 13.03, 13.05, 12.78, 12.84]
['2019-03-08', 12.72, 12.74, 12.61, 12.74]
['2019-03-11', 12.75, 13.0, 12.75, 12.98]
['2019-03-12', 13.03, 13.11, 12.82, 12.85]
['2019-03-13', 12.92, 12.92, 12.71, 12.75]
['2019-03-14', 12.74, 12.77, 12.57, 12.57]
['2019-03-15', 12.61, 12.67, 12.48, 12.53]
['2019-03-18', 12.54, 12.7, 12.5, 12.52]
['2019-03-19', 12.54, 12.6, 12.37, 12.41]
['2019-03-20', 12.4, 12.51, 12.26, 12.41]
['2019-03-21', 12.35, 12.82, 12.35, 12.64]
['2019-03-22', 12.6, 12.69, 12.37, 12.43]
['2019-03-25', 12.44, 12.53, 12.34, 12.39]
['2019-03-26', 12.43, 12.47, 12.23, 12.3]
['2019-03-27', 12.34, 12.34, 12.1, 12.19]
['2019-03-28', 12.2, 12.26, 12.07, 12.25]
['2019-03-29', 12.31, 12.33, 12.22, 12.29]
['2019-04-01', 12.4, 12.46, 12.35, 12.41]
['2019-04-02', 12.43, 12.46, 12.28, 12.28]
['2019-04-03', 12.37, 12.54, 12.32, 12.35]
['2019-04-04', 12.36, 12.49, 12.36, 12.38]
['2019-04-05', 12.39, 12.5, 12.36, 12.43]
['2019-04-08', 12.45, 12.49, 12.38, 12.42]
['2019-04-09', 12.38, 12.45, 12.37, 12.42]
['2019-04-10', 12.45, 12.55, 12.42, 12.55]
['2019-04-11', 12.54, 12.55, 12.42, 12.43]
['2019-04-12', 12.47, 12.58, 12.47, 12.54]
['2019-04-15', 12.5, 12.6, 12.39, 12.44]
['2019-04-16', 12.48, 12.63, 12.43, 12.54]
['2019-04-17', 12.54, 12.73, 12.47, 12.5]
['2019-04-18', 12.52, 12.52, 12.25, 12.42]
['2019-04-22', 12.4, 12.41, 12.17, 12.32]
['2019-04-23', 12.34, 12.48, 12.34, 12.4]
['2019-04-24', 12.4, 12.43, 12.37, 12.41]
['2019-04-25', 12.4, 12.4, 12.13, 12.26]
['2019-04-26', 12.28, 12.37, 12.21, 12.37]
['2019-04-29', 12.33, 12.48, 12.29, 12.32]
['2019-04-30', 12.43, 12.43, 12.15, 12.29]
['2019-05-01', 12.32, 12.41, 12.21, 12.24]
['2019-05-02', 12.25, 12.25, 12.05, 12.17]
['2019-05-03', 12.19, 12.29, 12.19, 12.23]
['2019-05-06', 12.06, 12.14, 11.86, 11.97]
['2019-05-07', 11.87, 11.88, 11.45, 11.55]
['2019-05-08', 11.5, 11.63, 11.4, 11.42]
['2019-05-09', 11.38, 11.48, 11.2, 11.47]
['2019-05-10', 11.64, 12.08, 11.6, 11.83]
['2019-05-13', 11.59, 11.69, 11.29, 11.39]
['2019-05-14', 11.43, 11.61, 11.41, 11.46]
['2019-05-15', 11.37, 11.58, 11.26, 11.54]
['2019-05-16', 11.57, 11.69, 11.47, 11.49]
['2019-05-17', 11.42, 11.49, 11.32, 11.37]
['2019-05-20', 11.74, 11.83, 11.59, 11.62]
['2019-05-21', 11.73, 11.83, 11.71, 11.81]
['2019-05-22', 11.76, 11.85, 11.76, 11.8]
['2019-05-23', 11.71, 11.84, 11.62, 11.81]
['2019-05-24', 11.87, 11.96, 11.79, 11.86]
['2019-05-28', 11.87, 11.94, 11.8, 11.8]
['2019-05-29', 11.82, 11.84, 11.6, 11.68]
['2019-05-30', 11.69, 11.77, 11.52, 11.58]
['2019-05-31', 11.48, 11.57, 11.44, 11.46]
['2019-06-03', 11.44, 11.6, 11.44, 11.53]
['2019-06-04', 11.7, 11.76, 11.59, 11.7]
['2019-06-05', 11.69, 11.8, 11.46, 11.78]
['2019-06-06', 11.77, 11.81, 11.69, 11.74]
['2019-06-07', 11.88, 11.93, 11.72, 11.87]
['2019-06-10', 11.92, 11.95, 11.84, 11.92]
['2019-06-11', 12.0, 12.01, 11.89, 11.93]
['2019-06-12', 11.95, 12.0, 11.85, 11.87]
['2019-06-13', 11.88, 11.97, 11.84, 11.96]
['2019-06-14', 11.92, 12.04, 11.85, 12.01]
['2019-06-17', 12.05, 12.43, 12.03, 12.41]
['2019-06-18', 12.53, 13.11, 12.47, 12.99]
['2019-06-19', 13.03, 13.55, 13.03, 13.5]
['2019-06-20', 13.63, 13.75, 13.5, 13.72]
['2019-06-21', 13.69, 13.84, 13.52, 13.69]
['2019-06-24', 13.66, 13.67, 13.48, 13.51]
['2019-06-25', 13.56, 13.56, 13.41, 13.44]
['2019-06-26', 13.45, 13.58, 13.43, 13.48]
['2019-06-27', 13.62, 13.69, 13.58, 13.63]
['2019-06-28', 13.63, 13.77, 13.56, 13.73]
['2019-07-01', 13.94, 13.99, 13.62, 13.76]
['2019-07-02', 13.74, 13.85, 13.6, 13.68]
['2019-07-03', 13.72, 13.73, 13.61, 13.67]
['2019-07-05', 13.64, 13.76, 13.56, 13.68]
['2019-07-08', 13.61, 13.72, 13.46, 13.49]
['2019-07-09', 13.46, 13.55, 13.41, 13.48]
['2019-07-10', 13.52, 13.58, 13.44, 13.47]
['2019-07-11', 13.49, 13.53, 13.38, 13.42]
['2019-07-12', 13.47, 13.53, 13.38, 13.51]
['2019-07-15', 13.52, 13.54, 13.41, 13.53]
['2019-07-16', 13.56, 13.68, 13.55, 13.65]
['2019-07-17', 13.64, 13.75, 13.24, 13.31]
['2019-07-18', 13.33, 13.47, 13.28, 13.44]
['2019-07-19', 13.32, 13.4, 13.15, 13.29]
['2019-07-22', 13.27, 13.39, 13.24, 13.37]
['2019-07-23', 13.45, 13.51, 13.34, 13.44]
['2019-07-24', 13.4, 13.65, 13.33, 13.61]
['2019-07-25', 13.62, 13.62, 13.38, 13.44]
['2019-07-26', 13.44, 13.51, 13.39, 13.48]
['2019-07-29', 13.44, 13.56, 13.31, 13.43]
['2019-07-30', 13.35, 13.47, 13.31, 13.46]
['2019-07-31', 13.42, 13.84, 13.18, 13.24]
['2019-08-01', 13.2, 13.36, 13.09, 13.12]
['2019-08-02', 13.04, 13.1, 12.94, 13.08]
['2019-08-05', 12.89, 13.05, 12.8, 12.88]
['2019-08-06', 12.95, 13.02, 12.85, 12.99]
['2019-08-07', 12.85, 12.93, 12.61, 12.91]
['2019-08-08', 12.9, 13.15, 12.9, 13.14]
['2019-08-09', 13.3, 13.89, 13.1, 13.84]
['2019-08-12', 13.92, 14.34, 13.9, 14.17]
['2019-08-13', 14.17, 14.49, 14.15, 14.23]
['2019-08-14', 14.03, 14.2, 13.52, 13.53]
['2019-08-15', 13.51, 14.02, 13.51, 13.76]
['2019-08-16', 13.83, 13.99, 13.61, 13.91]
['2019-08-19', 14.11, 14.27, 14.09, 14.13]
['2019-08-20', 14.11, 14.27, 14.05, 14.06]
['2019-08-21', 14.12, 14.27, 14.02, 14.23]
['2019-08-22', 14.23, 14.36, 14.15, 14.23]
['2019-08-23', 14.16, 14.22, 13.68, 13.72]
['2019-08-26', 13.77, 13.86, 13.7, 13.81]
['2019-08-27', 13.93, 13.93, 13.63, 13.69]
['2019-08-28', 13.72, 13.91, 13.63, 13.9]
['2019-08-29', 14.02, 14.06, 13.95, 13.96]
['2019-08-30', 14.04, 14.1, 13.85, 13.93]
['2019-09-03', 13.78, 13.84, 13.65, 13.7]
['2019-09-04', 13.78, 14.02, 13.78, 13.97]
['2019-09-05', 14.12, 14.25, 14.09, 14.11]
['2019-09-06', 14.13, 14.31, 14.13, 14.27]
['2019-09-09', 14.32, 14.52, 14.19, 14.51]
['2019-09-10', 14.44, 14.71, 14.42, 14.7]
['2019-09-11', 14.67, 14.85, 14.6, 14.73]
['2019-09-12', 14.73, 14.87, 14.66, 14.68]
['2019-09-13', 14.72, 14.83, 14.66, 14.76]
['2019-09-16', 14.72, 14.72, 14.22, 14.34]
['2019-09-17', 14.31, 14.51, 14.2, 14.48]
['2019-09-18', 14.54, 14.57, 14.36, 14.46]
['2019-09-19', 14.46, 14.5, 14.19, 14.21]
['2019-09-20', 14.26, 14.43, 14.05, 14.18]
['2019-09-23', 14.23, 14.34, 14.05, 14.25]
['2019-09-24', 14.26, 14.27, 13.91, 14.12]
['2019-09-25', 14.07, 14.32, 14.04, 14.23]
['2019-09-26', 14.22, 14.22, 13.86, 14.09]
['2019-09-27', 14.17, 14.2, 13.96, 14.03]
['2019-09-30', 14.08, 14.29, 14.07, 14.16]
['2019-10-01', 14.21, 14.33, 14.07, 14.11]
['2019-10-02', 13.98, 14.04, 13.8, 13.93]
['2019-10-03', 13.99, 14.04, 13.65, 13.84]
['2019-10-04', 13.86, 14.02, 13.84, 13.99]
['2019-10-07', 13.87, 13.99, 13.81, 13.81]
['2019-10-08', 13.72, 13.77, 13.06, 13.07]
['2019-10-09', 13.11, 13.26, 13.0, 13.23]
['2019-10-10', 13.17, 13.4, 13.17, 13.34]
['2019-10-11', 13.5, 13.71, 13.34, 13.63]
['2019-10-14', 13.53, 13.68, 13.53, 13.67]
['2019-10-15', 13.73, 13.73, 12.99, 13.51]
['2019-10-16', 13.49, 13.77, 13.49, 13.74]
['2019-10-17', 13.81, 13.93, 13.64, 13.78]
['2019-10-18', 13.71, 13.86, 13.58, 13.66]
['2019-10-21', 13.75, 13.91, 13.7, 13.87]
['2019-10-22', 13.9, 14.18, 13.89, 14.05]
['2019-10-23', 14.04, 14.14, 13.94, 14.11]
['2019-10-24', 14.22, 14.43, 13.96, 14.09]
['2019-10-25', 14.14, 14.14, 13.99, 14.07]
['2019-10-28', 14.06, 14.25, 14.06, 14.16]
['2019-10-29', 14.1, 14.28, 14.08, 14.19]
['2019-10-30', 14.17, 14.19, 13.8, 13.89]
['2019-10-31', 13.92, 14.0, 13.69, 13.99]
['2019-11-01', 14.0, 14.1, 13.87, 14.04]
['2019-11-04', 14.1, 14.21, 14.01, 14.09]
['2019-11-05', 14.13, 14.17, 14.02, 14.05]
['2019-11-06', 14.03, 14.03, 13.71, 13.85]
['2019-11-07', 13.89, 14.09, 13.58, 13.66]
['2019-11-08', 13.18, 13.78, 12.85, 13.1]
['2019-11-11', 13.04, 13.3, 12.99, 13.23]
['2019-11-12', 13.19, 13.25, 13.02, 13.18]
['2019-11-13', 13.15, 13.33, 13.07, 13.18]
['2019-11-14', 13.12, 13.18, 12.89, 13.07]
['2019-11-15', 13.15, 13.2, 13.02, 13.19]
['2019-11-18', 13.21, 13.27, 13.11, 13.13]
['2019-11-19', 13.15, 13.17, 13.05, 13.14]
['2019-11-20', 13.09, 13.09, 12.93, 13.01]
['2019-11-21', 13.0, 13.02, 12.75, 12.78]
['2019-11-22', 12.8, 12.9, 12.77, 12.86]
['2019-11-25', 12.91, 13.04, 12.86, 13.04]
['2019-11-26', 13.08, 13.27, 13.01, 13.19]
['2019-11-27', 13.32, 13.42, 13.22, 13.25]
['2019-11-29', 13.18, 13.27, 12.93, 13.04]
['2019-12-02', 12.96, 13.13, 12.87, 13.04]
['2019-12-03', 12.98, 12.98, 12.7, 12.79]
['2019-12-04', 12.81, 13.0, 12.79, 12.95]
['2019-12-05', 12.97, 13.18, 12.96, 13.15]
['2019-12-06', 13.2, 13.41, 13.16, 13.35]
['2019-12-09', 13.32, 13.5, 13.29, 13.36]
['2019-12-10', 13.35, 13.44, 13.26, 13.32]
['2019-12-11', 13.37, 13.5, 13.27, 13.41]
['2019-12-12', 13.46, 13.92, 13.46, 13.9]
['2019-12-13', 13.93, 13.94, 13.7, 13.78]
['2019-12-16', 13.87, 14.12, 13.87, 13.96]
['2019-12-17', 14.03, 14.08, 13.88, 14.03]
['2019-12-18', 14.09, 14.32, 14.0, 14.24]
['2019-12-19', 14.21, 14.27, 14.08, 14.17]
['2019-12-20', 14.47, 14.47, 14.01, 14.17]
['2019-12-23', 14.12, 14.22, 14.11, 14.17]
['2019-12-24', 14.14, 14.2, 14.13, 14.15]
['2019-12-26', 14.22, 14.4, 14.2, 14.39]
['2019-12-27', 14.46, 14.46, 14.32, 14.33]
['2019-12-30', 14.28, 14.36, 14.27, 14.32]
['2019-12-31', 14.34, 14.37, 14.19, 14.37]
['2020-01-02', 14.49, 14.68, 14.41, 14.67]
['2020-01-03', 14.47, 14.72, 14.47, 14.68]
['2020-01-06', 14.65, 14.65, 14.48, 14.63]
['2020-01-07', 14.58, 14.85, 14.56, 14.79]
['2020-01-08', 14.79, 14.97, 14.79, 14.83]
['2020-01-09', 14.86, 14.91, 14.12, 14.67]
['2020-01-10', 14.71, 14.71, 14.55, 14.58]
['2020-01-13', 14.57, 14.78, 14.53, 14.76]
['2020-01-14', 14.66, 14.92, 14.66, 14.91]
['2020-01-15', 14.94, 15.03, 14.87, 15.0]
['2020-01-16', 15.08, 15.21, 14.93, 15.1]
['2020-01-17', 15.1, 15.21, 15.05, 15.08]
['2020-01-21', 14.92, 14.94, 14.59, 14.7]
['2020-01-22', 14.69, 14.81, 14.61, 14.65]
['2020-01-23', 14.51, 14.68, 14.47, 14.57]
['2020-01-24', 14.55, 14.55, 14.2, 14.21]
['2020-01-27', 14.04, 14.15, 13.92, 13.97]
['2020-01-28', 14.02, 14.07, 13.79, 13.79]
['2020-01-29', 13.78, 13.94, 13.59, 13.66]
['2020-01-30', 13.62, 13.9, 13.48, 13.88]
['2020-01-31', 13.85, 13.93, 13.74, 13.84]
['2020-02-03', 13.94, 14.03, 13.84, 13.89]
['2020-02-04', 14.07, 14.08, 13.87, 14.02]
['2020-02-05', 14.19, 14.35, 14.05, 14.26]
['2020-02-06', 14.41, 14.68, 14.3, 14.6]
['2020-02-07', 14.26, 14.41, 13.75, 14.3]
['2020-02-10', 14.22, 14.26, 13.81, 13.95]
['2020-02-11', 14.11, 14.36, 14.0, 14.34]
['2020-02-12', 14.4, 14.73, 14.37, 14.66]
['2020-02-13', 14.61, 14.69, 14.52, 14.67]
['2020-02-14', 14.66, 14.88, 14.6, 14.84]
['2020-02-18', 14.78, 14.85, 14.72, 14.78]
['2020-02-19', 14.78, 15.07, 14.75, 14.91]
['2020-02-20', 14.93, 14.96, 14.68, 14.84]
['2020-02-21', 14.78, 14.79, 14.61, 14.65]
['2020-02-24', 14.34, 14.38, 13.9, 13.9]
['2020-02-25', 13.95, 13.98, 13.07, 13.11]
['2020-02-26', 13.24, 13.24, 12.47, 12.61]
['2020-02-27', 12.33, 12.62, 11.97, 12.16]
['2020-02-28', 11.76, 12.47, 11.76, 12.32]
['2020-03-02', 12.37, 12.56, 11.97, 12.54]
['2020-03-03', 12.38, 12.88, 11.92, 11.97]
['2020-03-04', 12.03, 12.07, 11.68, 11.98]
['2020-03-05', 11.66, 11.67, 11.15, 11.22]
['2020-03-06', 11.01, 11.27, 10.8, 11.15]
['2020-03-09', 10.64, 10.75, 10.24, 10.39]
['2020-03-10', 10.7, 11.1, 10.33, 11.06]
['2020-03-11', 10.7, 10.78, 10.24, 10.35]
['2020-03-12', 9.69, 10.11, 9.38, 9.42]
['2020-03-13', 9.88, 10.62, 9.68, 10.61]
['2020-03-16', 9.49, 10.33, 9.23, 10.28]
['2020-03-17', 10.23, 11.49, 9.97, 10.72]
['2020-03-18', 10.02, 10.12, 8.78, 9.16]
['2020-03-19', 9.01, 9.67, 8.81, 9.32]
['2020-03-20', 9.27, 9.3, 8.55, 8.71]
['2020-03-23', 8.66, 8.82, 7.92, 8.14]
['2020-03-24', 8.44, 8.66, 8.2, 8.65]
['2020-03-25', 8.55, 9.2, 8.09, 8.61]
['2020-03-26', 8.66, 9.3, 8.66, 9.16]
['2020-03-27', 8.85, 8.9, 8.38, 8.42]
['2020-03-30', 8.42, 8.92, 8.19, 8.86]
['2020-03-31', 8.95, 9.35, 8.78, 8.99]
['2020-04-01', 8.6, 9.02, 8.45, 8.59]
['2020-04-02', 8.47, 8.6, 7.88, 8.17]
['2020-04-03', 8.18, 8.31, 8.05, 8.24]
['2020-04-06', 8.57, 9.04, 8.57, 8.98]
['2020-04-07', 9.38, 9.63, 8.97, 9.0]
['2020-04-08', 9.09, 9.22, 8.85, 9.14]
['2020-04-09', 9.33, 9.73, 9.22, 9.69]
['2020-04-13', 9.66, 9.73, 9.38, 9.58]
['2020-04-14', 9.75, 10.18, 9.42, 9.67]
['2020-04-15', 9.33, 9.33, 8.93, 9.12]
['2020-04-16', 9.14, 9.15, 8.62, 8.7]
['2020-04-17', 8.86, 9.23, 8.86, 9.17]
['2020-04-20', 8.95, 9.11, 8.86, 9.02]
['2020-04-21', 8.8, 8.8, 8.55, 8.62]
['2020-04-22', 8.78, 8.78, 8.63, 8.65]
['2020-04-23', 8.7, 9.04, 8.65, 8.82]
['2020-04-24', 8.88, 9.1, 8.83, 8.99]
['2020-04-27', 9.17, 9.71, 9.17, 9.6]
['2020-04-28', 9.81, 10.07, 9.73, 9.91]
['2020-04-29', 10.2, 10.81, 10.2, 10.81]
['2020-04-30', 10.61, 10.61, 10.12, 10.22]
['2020-05-01', 10.03, 10.08, 9.66, 9.7]
['2020-05-04', 9.6, 9.94, 9.48, 9.91]
['2020-05-05', 10.02, 10.29, 9.79, 9.81]
['2020-05-06', 9.85, 10.11, 9.8, 9.99]
['2020-05-07', 9.91, 10.11, 9.74, 9.93]
['2020-05-08', 10.26, 11.39, 10.26, 11.25]
['2020-05-11', 11.04, 11.15, 10.85, 10.98]
['2020-05-12', 11.02, 11.1, 10.79, 10.8]
['2020-05-13', 10.6, 10.95, 10.55, 10.93]
['2020-05-14', 10.65, 11.01, 10.31, 11.0]
['2020-05-15', 10.92, 11.11, 10.78, 11.01]
