['2014-12-03', 681.0, 778.2, 678.6, 705.0]
['2014-12-04', 718.2, 718.62, 660.0, 665.4]
['2014-12-05', 660.0, 674.4, 644.4, 660.0]
['2014-12-08', 666.0, 675.0, 648.0, 660.0]
['2014-12-09', 645.0, 667.2, 645.0, 660.0]
['2014-12-10', 655.2, 665.4, 645.0, 660.0]
['2014-12-11', 677.4, 678.0, 659.7, 672.0]
['2014-12-12', 678.0, 678.0, 645.0, 660.0]
['2014-12-15', 663.6, 674.88, 644.4, 660.0]
['2014-12-16', 651.0, 661.2, 615.0, 660.06]
['2014-12-17', 658.2, 663.0, 630.3, 660.0]
['2014-12-18', 646.8, 664.8, 630.0, 660.0]
['2014-12-19', 660.0, 663.0, 651.6, 660.0]
['2014-12-22', 661.2, 678.0, 661.2, 669.0]
['2014-12-23', 678.0, 678.0, 615.0, 658.2]
['2014-12-24', 645.6, 651.0, 630.0, 630.3]
['2014-12-26', 631.8, 645.0, 628.8, 645.0]
['2014-12-29', 658.8, 662.82, 633.6, 652.8]
['2014-12-30', 655.2, 660.0, 629.1, 636.6]
['2014-12-31', 637.8, 660.0, 632.4, 660.0]
['2015-01-02', 658.14, 663.0, 644.1, 663.0]
['2015-01-05', 678.0, 748.2, 675.0, 708.0]
['2015-01-06', 718.2, 741.0, 631.2, 655.2]
['2015-01-07', 648.0, 695.4, 648.0, 657.6]
['2015-01-08', 691.98, 692.4, 661.2, 677.4]
['2015-01-09', 673.2, 688.2, 663.18, 673.2]
['2015-01-12', 670.2, 690.0, 661.8, 666.6]
['2015-01-13', 672.6, 677.4, 628.8, 650.4]
['2015-01-14', 652.8, 659.4, 636.0, 640.2]
['2015-01-15', 651.0, 669.0, 628.8, 637.8]
['2015-01-16', 648.0, 648.0, 616.2, 621.6]
['2015-01-20', 622.2, 653.4, 622.2, 629.4]
['2015-01-21', 624.0, 636.0, 559.2, 577.8]
['2015-01-22', 541.2, 565.2, 496.5, 505.8]
['2015-01-23', 516.0, 532.8, 500.4, 516.0]
['2015-01-26', 528.0, 585.0, 501.0, 501.0]
['2015-01-27', 511.8, 569.4, 462.0, 468.6]
['2015-01-28', 486.0, 509.7, 422.4, 426.6]
['2015-01-29', 444.0, 495.0, 433.8, 483.6]
['2015-01-30', 480.6, 526.08, 465.24, 507.24]
['2015-02-02', 498.6, 515.4, 485.34, 498.0]
['2015-02-03', 495.0, 498.0, 459.0, 459.6]
['2015-02-04', 463.2, 505.62, 460.2, 469.8]
['2015-02-05', 488.4, 492.0, 466.2, 478.8]
['2015-02-06', 483.6, 483.6, 469.62, 475.8]
['2015-02-09', 487.2, 501.0, 468.0, 501.0]
['2015-02-10', 516.12, 522.6, 480.6, 507.0]
['2015-02-11', 506.4, 519.0, 491.4, 517.8]
['2015-02-12', 517.2, 529.8, 503.52, 520.8]
['2015-02-13', 505.2, 524.4, 501.6, 516.6]
['2015-02-17', 534.0, 534.0, 516.6, 528.0]
['2015-02-18', 554.4, 554.4, 517.86, 520.2]
['2015-02-19', 531.6, 553.2, 519.0, 538.2]
['2015-02-20', 539.52, 576.0, 517.2, 576.0]
['2015-02-23', 596.4, 612.0, 568.2, 599.4]
['2015-02-24', 627.6, 627.6, 583.5, 598.2]
['2015-02-25', 600.0, 600.0, 574.2, 577.8]
['2015-02-26', 621.6, 621.84, 582.0, 597.6]
['2015-02-27', 615.0, 642.0, 598.2, 640.2]
['2015-03-02', 660.0, 660.6, 636.0, 658.8]
['2015-03-03', 660.0, 660.0, 609.18, 654.0]
['2015-03-04', 643.8, 645.0, 615.6, 639.0]
['2015-03-05', 631.2, 658.8, 624.6, 630.0]
['2015-03-06', 625.2, 645.0, 621.0, 621.0]
['2015-03-09', 618.0, 642.0, 578.58, 600.0]
['2015-03-10', 609.0, 609.0, 593.4, 595.2]
['2015-03-11', 592.2, 596.4, 571.2, 581.4]
['2015-03-12', 588.78, 595.8, 574.2, 585.0]
['2015-03-13', 587.4, 589.8, 535.2, 556.8]
['2015-03-16', 573.0, 622.8, 525.6, 599.4]
['2015-03-17', 599.4, 627.0, 540.6, 627.0]
['2015-03-18', 619.2, 657.6, 591.0, 625.8]
['2015-03-19', 642.6, 659.4, 571.8, 612.6]
['2015-03-20', 613.8, 649.2, 570.6, 570.6]
['2015-03-23', 563.4, 609.0, 563.4, 586.8]
['2015-03-24', 592.8, 599.4, 582.0, 588.3]
['2015-03-25', 588.0, 593.4, 553.8, 567.6]
['2015-03-26', 570.0, 570.0, 510.6, 526.8]
['2015-03-27', 543.0, 581.4, 525.0, 581.4]
['2015-03-30', 563.4, 579.6, 543.0, 548.7]
['2015-03-31', 560.4, 599.4, 542.4, 599.4]
['2015-04-01', 592.2, 594.6, 553.8, 582.0]
['2015-04-02', 541.8, 595.2, 541.8, 594.0]
['2015-04-06', 564.6, 594.0, 564.6, 577.2]
['2015-04-07', 565.2, 588.0, 563.4, 580.2]
['2015-04-08', 582.0, 588.0, 532.8, 585.0]
['2015-04-09', 591.0, 591.0, 545.4, 545.4]
['2015-04-10', 566.4, 568.8, 531.6, 544.8]
['2015-04-13', 526.8, 546.0, 516.0, 516.0]
['2015-04-14', 515.4, 516.3, 511.32, 516.0]
['2015-04-15', 528.0, 530.4, 507.0, 510.0]
['2015-04-16', 510.0, 511.8, 504.0, 504.0]
['2015-04-17', 519.0, 519.0, 499.2, 499.8]
['2015-04-20', 497.7, 507.6, 472.2, 472.2]
['2015-04-21', 483.0, 492.0, 453.0, 453.0]
['2015-04-22', 459.6, 489.0, 453.0, 475.2]
['2015-04-23', 488.4, 501.6, 485.4, 486.0]
['2015-04-24', 501.0, 531.6, 501.0, 513.0]
['2015-04-27', 519.6, 529.8, 495.0, 507.6]
['2015-04-28', 512.4, 552.0, 475.8, 552.0]
['2015-04-29', 489.0, 534.0, 482.82, 513.0]
['2015-04-30', 530.4, 530.4, 481.2, 489.6]
['2015-05-01', 490.8, 495.0, 480.6, 481.2]
['2015-05-04', 533.4, 533.4, 480.0, 498.0]
['2015-05-05', 502.2, 502.2, 483.0, 483.0]
['2015-05-06', 483.0, 495.6, 483.0, 483.6]
['2015-05-07', 488.52, 520.8, 483.0, 494.16]
['2015-05-08', 510.6, 515.4, 490.2, 490.2]
['2015-05-11', 489.6, 514.8, 489.6, 505.2]
['2015-05-12', 508.8, 536.4, 505.8, 514.8]
['2015-05-13', 497.88, 533.4, 483.6, 495.0]
['2015-05-14', 483.0, 496.8, 459.6, 472.8]
['2015-05-15', 495.0, 519.6, 480.0, 482.4]
['2015-05-18', 499.5, 514.8, 467.4, 468.0]
['2015-05-19', 465.6, 492.6, 465.6, 491.4]
['2015-05-20', 492.6, 492.6, 466.2, 477.0]
['2015-05-21', 481.8, 505.44, 477.0, 489.6]
['2015-05-22', 488.4, 512.4, 482.4, 498.0]
['2015-05-26', 495.6, 522.0, 495.6, 498.0]
['2015-05-27', 511.2, 522.0, 493.8, 493.8]
['2015-05-28', 495.0, 498.72, 480.0, 498.0]
['2015-05-29', 496.2, 517.8, 496.2, 501.0]
['2015-06-01', 480.6, 517.8, 480.6, 510.0]
['2015-06-02', 515.4, 517.2, 492.0, 492.0]
['2015-06-03', 509.4, 509.4, 499.2, 499.2]
['2015-06-04', 502.2, 504.0, 465.0, 480.0]
['2015-06-05', 466.2, 484.8, 466.2, 478.8]
['2015-06-08', 483.6, 485.4, 471.0, 479.4]
['2015-06-09', 479.4, 480.0, 471.0, 476.4]
['2015-06-10', 471.0, 471.0, 395.4, 416.4]
['2015-06-11', 422.4, 442.2, 413.76, 441.0]
['2015-06-12', 439.8, 439.8, 414.6, 434.4]
['2015-06-15', 430.8, 434.4, 406.5, 418.8]
['2015-06-16', 419.4, 420.0, 410.4, 419.4]
['2015-06-17', 409.8, 415.2, 382.8, 384.6]
['2015-06-18', 399.0, 409.8, 391.8, 398.4]
['2015-06-19', 396.6, 407.4, 374.4, 374.4]
['2015-06-22', 402.0, 414.0, 396.6, 399.0]
['2015-06-23', 396.0, 423.0, 390.0, 414.0]
['2015-06-24', 420.0, 420.0, 408.6, 411.6]
['2015-06-25', 417.6, 418.8, 397.8, 397.8]
['2015-06-26', 403.2, 417.0, 390.6, 417.0]
['2015-06-29', 407.4, 407.4, 376.2, 376.2]
['2015-06-30', 366.0, 391.2, 360.6, 387.6]
['2015-07-01', 386.4, 391.2, 381.0, 384.6]
['2015-07-02', 365.4, 383.4, 362.4, 382.2]
['2015-07-06', 382.2, 386.4, 379.2, 383.4]
['2015-07-07', 381.24, 385.8, 379.2, 379.8]
['2015-07-08', 367.32, 372.0, 362.04, 363.6]
['2015-07-09', 370.2, 381.6, 364.56, 379.8]
['2015-07-10', 376.2, 376.44, 372.6, 373.8]
['2015-07-13', 366.6, 375.18, 366.0, 372.0]
['2015-07-14', 368.4, 387.48, 361.5, 384.0]
['2015-07-15', 391.8, 404.4, 390.0, 396.6]
['2015-07-16', 384.0, 418.2, 383.4, 404.4]
['2015-07-17', 410.4, 420.0, 403.8, 413.4]
['2015-07-20', 407.4, 413.4, 390.0, 396.6]
['2015-07-21', 402.0, 402.96, 388.8, 394.2]
['2015-07-22', 396.0, 406.8, 382.2, 383.4]
['2015-07-23', 379.2, 403.62, 373.8, 378.0]
['2015-07-24', 401.4, 401.4, 360.0, 366.0]
['2015-07-27', 360.0, 379.2, 357.6, 366.0]
['2015-07-28', 369.6, 385.2, 360.0, 375.6]
['2015-07-29', 383.4, 383.4, 352.2, 366.6]
['2015-07-30', 376.8, 376.8, 360.0, 361.8]
['2015-07-31', 381.6, 383.4, 360.6, 382.5]
['2015-08-03', 382.2, 384.0, 369.3, 374.4]
['2015-08-04', 374.4, 381.6, 374.4, 378.0]
['2015-08-05', 381.6, 390.0, 381.0, 384.0]
['2015-08-06', 381.6, 386.4, 363.6, 369.6]
['2015-08-07', 374.4, 378.0, 363.6, 371.4]
['2015-08-10', 375.6, 382.8, 375.0, 382.2]
['2015-08-11', 378.0, 383.4, 375.0, 382.2]
['2015-08-12', 352.2, 379.8, 352.2, 367.8]
['2015-08-13', 375.0, 393.6, 372.96, 393.6]
['2015-08-14', 379.32, 399.0, 379.26, 398.4]
['2015-08-17', 391.38, 413.4, 386.4, 406.8]
['2015-08-18', 406.8, 406.8, 400.2, 400.2]
['2015-08-19', 408.0, 408.0, 375.6, 376.2]
['2015-08-20', 375.6, 397.8, 360.0, 371.4]
['2015-08-21', 360.0, 364.8, 344.4, 351.0]
['2015-08-24', 325.2, 330.6, 305.4, 330.6]
['2015-08-25', 349.8, 373.8, 337.2, 342.0]
['2015-08-26', 336.0, 384.6, 333.0, 346.8]
['2015-08-27', 354.6, 366.0, 346.8, 365.4]
['2015-08-28', 351.6, 390.0, 351.6, 370.2]
['2015-08-31', 325.8, 378.0, 325.8, 371.4]
['2015-09-01', 360.0, 363.0, 330.6, 362.4]
['2015-09-02', 373.8, 374.4, 358.8, 360.0]
['2015-09-03', 360.0, 366.0, 333.0, 360.0]
['2015-09-04', 357.6, 357.6, 345.0, 355.8]
['2015-09-08', 360.6, 372.6, 350.1, 370.2]
['2015-09-09', 372.0, 385.2, 360.0, 371.4]
['2015-09-10', 364.8, 381.6, 363.6, 364.8]
['2015-09-11', 364.5, 375.0, 319.8, 334.8]
['2015-09-14', 340.8, 360.6, 319.2, 336.0]
['2015-09-15', 340.8, 353.4, 331.8, 338.4]
['2015-09-16', 339.0, 364.8, 334.8, 358.2]
['2015-09-17', 340.2, 363.0, 340.2, 357.6]
['2015-09-18', 361.2, 374.4, 357.0, 357.0]
['2015-09-21', 361.2, 361.2, 340.2, 342.6]
['2015-09-22', 339.0, 342.6, 315.0, 315.0]
['2015-09-23', 324.0, 324.0, 294.0, 298.2]
['2015-09-24', 316.2, 332.4, 270.0, 282.0]
['2015-09-25', 279.18, 320.4, 279.0, 284.4]
['2015-09-28', 289.2, 310.8, 260.4, 270.6]
['2015-09-29', 267.6, 267.6, 234.6, 237.6]
['2015-09-30', 240.0, 253.2, 235.8, 239.04]
['2015-10-01', 253.2, 253.2, 226.8, 239.4]
['2015-10-02', 234.0, 253.2, 230.7, 238.68]
['2015-10-05', 244.2, 266.4, 244.2, 264.0]
['2015-10-06', 261.6, 268.8, 254.4, 262.2]
['2015-10-07', 262.2, 265.8, 252.6, 264.0]
['2015-10-08', 273.6, 282.6, 272.52, 282.6]
['2015-10-09', 276.6, 287.82, 264.0, 264.0]
['2015-10-12', 295.2, 295.2, 265.2, 265.2]
['2015-10-13', 288.0, 288.0, 264.0, 264.6]
['2015-10-14', 263.4, 263.4, 258.0, 258.0]
['2015-10-15', 276.0, 289.8, 275.4, 276.0]
['2015-10-16', 265.2, 271.2, 264.0, 264.0]
['2015-10-19', 257.4, 283.8, 257.4, 268.8]
['2015-10-20', 268.8, 268.8, 268.8, 268.8]
['2015-10-21', 282.0, 282.0, 268.8, 268.8]
['2015-10-22', 269.4, 269.4, 269.4, 269.4]
['2015-10-23', 269.4, 269.4, 269.4, 269.4]
['2015-10-26', 265.8, 283.8, 225.6, 231.0]
['2015-10-27', 228.0, 273.0, 228.0, 242.4]
['2015-10-28', 262.8, 266.4, 240.0, 254.4]
['2015-10-29', 247.2, 267.6, 246.0, 259.8]
['2015-10-30', 259.2, 261.0, 246.6, 246.6]
['2015-11-02', 249.6, 298.2, 247.2, 256.2]
['2015-11-03', 288.6, 293.4, 261.0, 263.4]
['2015-11-04', 259.26, 283.2, 255.0, 255.0]
['2015-11-05', 279.0, 293.4, 249.0, 249.0]
['2015-11-06', 266.4, 269.4, 249.0, 261.0]
['2015-11-09', 276.0, 276.0, 246.6, 252.6]
['2015-11-10', 259.2, 282.66, 252.0, 265.2]
['2015-11-11', 276.0, 276.0, 259.8, 264.6]
['2015-11-12', 246.6, 275.4, 222.0, 251.4]
['2015-11-13', 240.0, 252.0, 201.0, 220.8]
['2015-11-16', 222.0, 228.0, 204.0, 224.4]
['2015-11-17', 210.0, 210.6, 201.0, 210.0]
['2015-11-18', 190.8, 217.2, 188.4, 195.0]
['2015-11-19', 193.2, 208.2, 162.6, 188.4]
['2015-11-20', 175.8, 207.0, 169.2, 203.4]
['2015-11-23', 206.4, 209.4, 180.0, 208.8]
['2015-11-24', 210.0, 210.0, 185.4, 208.8]
['2015-11-25', 178.8, 205.2, 178.8, 205.2]
['2015-11-27', 199.62, 199.62, 199.62, 199.62]
['2015-11-30', 201.6, 203.4, 187.8, 197.4]
['2015-12-01', 207.0, 207.0, 193.8, 193.8]
['2015-12-02', 190.8, 205.68, 189.0, 192.0]
['2015-12-03', 196.62, 202.2, 165.0, 187.8]
['2015-12-04', 196.8, 199.2, 183.0, 192.0]
['2015-12-07', 189.0, 189.6, 180.0, 188.4]
['2015-12-08', 188.4, 192.6, 188.4, 188.4]
['2015-12-09', 189.0, 189.0, 183.06, 185.4]
['2015-12-10', 188.4, 188.4, 169.8, 181.8]
['2015-12-11', 178.62, 186.0, 171.6, 181.2]
['2015-12-14', 187.56, 187.56, 174.0, 186.6]
['2015-12-15', 184.8, 185.4, 171.6, 172.2]
['2015-12-16', 180.0, 186.0, 168.6, 171.6]
['2015-12-17', 174.0, 182.4, 172.8, 173.4]
['2015-12-18', 180.96, 188.4, 175.2, 178.2]
['2015-12-21', 192.0, 192.0, 168.6, 174.6]
['2015-12-22', 173.4, 186.0, 171.6, 175.5]
['2015-12-23', 179.4, 180.0, 174.0, 179.7]
['2015-12-24', 183.6, 183.6, 176.4, 176.4]
['2015-12-28', 180.0, 185.4, 172.2, 183.0]
['2015-12-29', 183.0, 187.8, 177.0, 181.2]
['2015-12-30', 184.2, 209.4, 180.0, 195.6]
['2015-12-31', 206.4, 262.2, 192.0, 210.0]
['2016-01-04', 214.2, 214.2, 190.02, 195.6]
['2016-01-05', 193.2, 215.4, 192.0, 192.6]
['2016-01-06', 191.4, 208.2, 187.56, 208.2]
['2016-01-07', 216.0, 216.0, 191.4, 198.0]
['2016-01-08', 187.8, 204.0, 184.2, 184.2]
['2016-01-11', 177.6, 199.2, 168.6, 194.4]
['2016-01-12', 195.0, 198.0, 168.0, 171.6]
['2016-01-13', 172.2, 180.0, 151.2, 153.0]
['2016-01-14', 156.0, 159.0, 127.2, 146.4]
['2016-01-15', 147.0, 147.0, 117.0, 133.8]
['2016-01-19', 136.8, 154.8, 130.8, 154.2]
['2016-01-20', 142.8, 142.8, 121.2, 138.3]
['2016-01-21', 137.28, 145.2, 129.06, 135.6]
['2016-01-22', 135.6, 138.6, 132.0, 138.6]
['2016-01-25', 137.4, 173.4, 137.4, 160.8]
['2016-01-26', 154.8, 194.4, 154.8, 184.2]
['2016-01-27', 180.6, 188.4, 161.4, 170.1]
['2016-01-28', 169.8, 180.0, 168.6, 177.6]
['2016-01-29', 180.0, 192.6, 180.0, 180.6]
['2016-02-01', 164.4, 180.0, 160.2, 168.6]
['2016-02-02', 159.0, 176.4, 159.0, 173.4]
['2016-02-03', 169.56, 175.2, 151.2, 151.8]
['2016-02-04', 160.2, 160.2, 141.6, 150.0]
['2016-02-05', 154.62, 154.8, 145.2, 145.2]
['2016-02-08', 136.8, 150.6, 122.1, 150.6]
['2016-02-09', 157.8, 157.8, 129.0, 139.2]
['2016-02-10', 156.6, 158.4, 144.0, 158.4]
['2016-02-11', 154.2, 156.0, 138.0, 148.38]
['2016-02-12', 144.12, 169.2, 144.12, 157.8]
['2016-02-16', 161.4, 174.0, 153.0, 174.0]
['2016-02-17', 163.2, 180.0, 160.8, 178.2]
['2016-02-18', 170.4, 174.6, 149.4, 156.0]
['2016-02-19', 164.4, 165.0, 150.6, 156.0]
['2016-02-22', 160.2, 166.2, 150.6, 150.6]
['2016-02-23', 144.6, 153.6, 143.4, 150.12]
['2016-02-24', 140.4, 161.94, 140.4, 147.0]
['2016-02-25', 141.0, 169.2, 130.8, 131.4]
['2016-02-26', 130.8, 160.2, 130.8, 153.6]
['2016-02-29', 162.0, 165.84, 156.0, 156.0]
['2016-03-01', 176.16, 176.16, 151.8, 168.6]
['2016-03-02', 176.04, 177.0, 159.0, 165.0]
['2016-03-03', 170.88, 170.88, 154.2, 157.2]
['2016-03-04', 163.8, 172.8, 157.8, 158.4]
['2016-03-07', 165.6, 165.6, 153.0, 156.0]
['2016-03-08', 153.0, 164.4, 153.0, 153.0]
['2016-03-09', 154.8, 162.0, 142.8, 148.2]
['2016-03-10', 147.72, 162.0, 144.0, 156.0]
['2016-03-11', 174.36, 176.4, 153.0, 161.4]
['2016-03-14', 167.4, 167.4, 153.0, 156.6]
['2016-03-15', 155.28, 166.8, 155.28, 159.6]
['2016-03-16', 171.6, 171.6, 156.0, 157.8]
['2016-03-17', 158.4, 162.0, 139.2, 139.2]
['2016-03-18', 145.2, 145.8, 138.6, 145.8]
['2016-03-21', 147.0, 178.8, 146.4, 147.6]
['2016-03-22', 147.0, 164.76, 145.8, 147.0]
['2016-03-23', 155.4, 155.4, 143.4, 143.4]
['2016-03-24', 147.0, 150.0, 141.6, 148.8]
['2016-03-28', 152.7, 152.7, 144.0, 147.0]
['2016-03-29', 147.6, 147.6, 135.6, 139.8]
['2016-03-30', 148.2, 159.0, 144.0, 149.4]
['2016-03-31', 147.96, 148.2, 137.4, 137.4]
['2016-04-01', 140.4, 154.8, 138.0, 143.4]
['2016-04-04', 141.6, 165.0, 141.6, 153.6]
['2016-04-05', 162.0, 165.0, 148.2, 148.2]
['2016-04-06', 162.0, 165.0, 141.96, 149.64]
['2016-04-07', 159.0, 159.0, 144.0, 144.6]
['2016-04-08', 144.6, 147.6, 141.0, 141.6]
['2016-04-11', 145.8, 145.8, 135.0, 142.8]
['2016-04-12', 150.3, 150.3, 140.4, 142.8]
['2016-04-13', 159.0, 159.0, 138.0, 141.0]
['2016-04-14', 143.4, 150.6, 141.0, 144.0]
['2016-04-15', 144.0, 156.0, 139.08, 141.0]
['2016-04-18', 146.4, 148.8, 141.0, 142.8]
['2016-04-19', 145.2, 149.4, 141.6, 144.0]
['2016-04-20', 142.32, 151.68, 141.6, 151.68]
['2016-04-21', 154.2, 154.8, 142.8, 144.0]
['2016-04-22', 147.0, 147.0, 141.0, 141.0]
['2016-04-25', 143.4, 143.4, 139.8, 139.8]
['2016-04-26', 140.4, 141.12, 139.8, 139.8]
['2016-04-27', 138.0, 138.0, 134.4, 134.4]
['2016-04-28', 138.0, 144.0, 136.2, 136.2]
['2016-04-29', 136.2, 136.2, 136.2, 136.2]
['2016-05-02', 136.2, 141.54, 135.0, 135.0]
['2016-05-03', 135.0, 135.0, 135.0, 135.0]
['2016-05-04', 132.0, 144.0, 117.0, 129.0]
['2016-05-05', 125.4, 125.4, 96.0, 101.4]
['2016-05-06', 100.8, 107.7, 90.6, 99.3]
['2016-05-09', 96.0, 109.8, 92.4, 94.2]
['2016-05-10', 100.2, 104.4, 83.4, 83.4]
['2016-05-11', 95.4, 97.2, 84.72, 85.8]
['2016-05-12', 83.4, 123.6, 83.4, 108.0]
['2016-05-13', 115.8, 120.0, 108.6, 112.8]
['2016-05-16', 115.8, 118.8, 110.4, 114.0]
['2016-05-17', 114.6, 120.0, 114.0, 114.0]
['2016-05-18', 120.0, 120.0, 116.4, 118.2]
['2016-05-19', 115.2, 119.4, 107.4, 110.4]
['2016-05-20', 111.0, 112.8, 108.0, 108.6]
['2016-05-23', 109.8, 118.8, 108.6, 111.6]
['2016-05-24', 112.8, 120.0, 112.8, 119.4]
['2016-05-25', 119.1, 120.0, 115.8, 115.8]
['2016-05-26', 116.4, 121.8, 116.4, 117.6]
['2016-05-27', 120.0, 120.0, 117.6, 120.0]
['2016-05-31', 115.8, 115.8, 111.6, 111.6]
['2016-06-01', 111.0, 120.0, 111.0, 120.0]
['2016-06-02', 120.0, 120.0, 114.0, 114.0]
['2016-06-03', 115.2, 120.0, 115.2, 115.8]
['2016-06-06', 117.0, 120.0, 117.0, 119.4]
['2016-06-07', 118.98, 120.0, 118.38, 120.0]
['2016-06-08', 120.0, 120.0, 119.28, 120.0]
['2016-06-09', 120.0, 120.0, 113.4, 113.4]
['2016-06-10', 114.0, 114.0, 108.6, 110.4]
['2016-06-13', 110.4, 110.4, 108.0, 108.0]
['2016-06-14', 108.0, 112.8, 108.0, 108.6]
['2016-06-15', 111.0, 111.0, 103.8, 106.8]
['2016-06-16', 110.4, 121.8, 106.2, 119.4]
['2016-06-17', 112.2, 120.0, 109.8, 115.8]
['2016-06-20', 111.96, 114.0, 108.0, 108.0]
['2016-06-21', 111.6, 112.8, 108.0, 109.8]
['2016-06-22', 110.1, 111.6, 106.8, 106.8]
['2016-06-23', 106.8, 112.44, 106.8, 109.8]
['2016-06-24', 107.4, 111.0, 105.6, 107.4]
['2016-06-27', 104.52, 108.6, 102.6, 106.2]
['2016-06-28', 106.8, 109.2, 105.6, 106.8]
['2016-06-29', 105.0, 106.8, 105.0, 105.0]
['2016-06-30', 106.2, 106.8, 102.6, 102.6]
['2016-07-01', 103.2, 106.8, 103.2, 106.2]
['2016-07-05', 105.84, 106.2, 102.42, 105.6]
['2016-07-06', 104.4, 104.4, 96.0, 99.6]
['2016-07-07', 97.8, 101.94, 97.8, 98.4]
['2016-07-08', 97.8, 114.0, 97.8, 110.88]
['2016-07-11', 112.5, 130.2, 111.0, 120.6]
['2016-07-12', 123.12, 123.12, 112.2, 117.6]
['2016-07-13', 119.4, 124.8, 117.0, 120.0]
['2016-07-14', 120.0, 120.0, 117.0, 120.0]
['2016-07-15', 117.0, 117.0, 110.94, 111.6]
['2016-07-18', 111.0, 115.8, 111.0, 112.8]
['2016-07-19', 114.0, 114.0, 109.5, 110.4]
['2016-07-20', 111.6, 111.6, 111.0, 111.0]
['2016-07-21', 112.8, 114.0, 112.8, 114.0]
['2016-07-22', 110.4, 120.0, 110.4, 111.66]
['2016-07-25', 119.34, 120.0, 118.8, 118.8]
['2016-07-26', 120.0, 120.0, 114.6, 117.9]
['2016-07-27', 117.0, 143.4, 117.0, 120.0]
['2016-07-28', 117.6, 123.0, 114.6, 120.0]
['2016-07-29', 119.94, 120.0, 114.0, 115.08]
['2016-08-01', 114.06, 121.2, 111.12, 120.0]
['2016-08-02', 118.8, 120.0, 117.0, 119.4]
['2016-08-03', 114.0, 120.0, 108.0, 119.4]
['2016-08-04', 119.4, 120.0, 114.0, 117.6]
['2016-08-05', 115.8, 122.4, 115.2, 120.0]
['2016-08-08', 120.0, 128.4, 119.4, 123.0]
['2016-08-09', 124.2, 124.8, 118.2, 120.0]
['2016-08-10', 121.2, 123.0, 118.8, 118.8]
['2016-08-11', 122.4, 122.4, 117.0, 119.94]
['2016-08-12', 120.0, 137.4, 117.6, 127.2]
['2016-08-15', 129.6, 178.2, 126.6, 169.2]
['2016-08-16', 174.0, 228.0, 169.2, 221.4]
['2016-08-17', 214.8, 219.0, 170.4, 198.6]
['2016-08-18', 201.0, 201.0, 176.1, 190.8]
['2016-08-19', 193.8, 195.0, 177.36, 185.4]
['2016-08-22', 184.8, 184.8, 171.0, 173.4]
['2016-08-23', 169.8, 180.3, 169.8, 169.8]
['2016-08-24', 169.8, 180.0, 169.8, 173.4]
['2016-08-25', 172.8, 181.8, 169.2, 175.8]
['2016-08-26', 178.8, 180.0, 171.6, 178.2]
['2016-08-29', 178.8, 183.0, 175.86, 177.6]
['2016-08-30', 177.6, 195.0, 177.0, 178.2]
['2016-08-31', 193.2, 193.2, 180.6, 186.6]
['2016-09-01', 196.8, 196.8, 186.6, 193.2]
['2016-09-02', 189.12, 204.0, 189.12, 196.8]
['2016-09-06', 200.4, 200.4, 181.2, 181.2]
['2016-09-07', 179.4, 218.4, 177.0, 213.6]
['2016-09-08', 220.2, 268.2, 205.2, 240.6]
['2016-09-09', 243.6, 243.6, 216.6, 217.2]
['2016-09-12', 219.0, 225.0, 211.2, 216.6]
['2016-09-13', 218.4, 218.4, 192.6, 200.4]
['2016-09-14', 201.6, 207.3, 195.6, 198.6]
['2016-09-15', 198.6, 213.0, 192.0, 206.4]
['2016-09-16', 180.0, 193.8, 169.2, 192.6]
['2016-09-19', 192.6, 201.0, 179.4, 184.2]
['2016-09-20', 183.6, 199.2, 175.2, 197.4]
['2016-09-21', 191.4, 204.0, 186.0, 191.4]
['2016-09-22', 187.8, 196.8, 182.4, 183.6]
['2016-09-23', 184.8, 196.8, 184.8, 195.3]
['2016-09-26', 194.4, 198.0, 190.2, 190.2]
['2016-09-27', 191.4, 195.0, 190.8, 191.4]
['2016-09-28', 192.0, 203.4, 190.2, 190.2]
['2016-09-29', 192.6, 195.0, 180.66, 193.2]
['2016-09-30', 193.2, 194.4, 189.54, 192.6]
['2016-10-03', 183.6, 193.2, 180.6, 186.0]
['2016-10-04', 192.0, 192.6, 184.62, 191.4]
['2016-10-05', 195.6, 213.6, 193.2, 194.4]
['2016-10-06', 201.0, 207.0, 192.0, 192.9]
['2016-10-07', 201.48, 201.48, 174.6, 183.0]
['2016-10-10', 180.6, 186.0, 168.6, 185.4]
['2016-10-11', 183.6, 190.5, 183.6, 183.6]
['2016-10-12', 181.62, 184.8, 168.96, 176.4]
['2016-10-13', 176.4, 181.2, 172.8, 173.4]
['2016-10-14', 171.0, 177.0, 171.0, 171.0]
['2016-10-17', 171.0, 180.0, 162.6, 165.6]
['2016-10-18', 165.0, 173.4, 159.84, 170.4]
['2016-10-19', 170.4, 174.0, 163.44, 164.4]
['2016-10-20', 171.0, 171.0, 163.2, 166.2]
['2016-10-21', 161.4, 163.8, 159.0, 159.6]
['2016-10-24', 163.8, 171.6, 162.0, 171.0]
['2016-10-25', 173.94, 175.2, 163.2, 173.4]
['2016-10-26', 169.8, 178.2, 168.9, 178.2]
['2016-10-27', 174.0, 176.4, 147.0, 149.1]
['2016-10-28', 150.6, 152.34, 145.2, 146.4]
['2016-10-31', 147.0, 161.4, 140.4, 161.4]
['2016-11-01', 160.2, 165.48, 146.46, 150.6]
['2016-11-02', 151.8, 154.2, 140.04, 146.4]
['2016-11-03', 151.2, 151.2, 139.2, 139.74]
['2016-11-04', 135.24, 139.2, 135.24, 138.6]
['2016-11-07', 145.68, 145.68, 138.6, 138.6]
['2016-11-08', 152.4, 152.4, 152.4, 152.4]
['2016-11-09', 151.8, 151.8, 143.4, 146.4]
['2016-11-10', 144.0, 149.94, 120.6, 133.8]
['2016-11-11', 135.0, 144.66, 126.6, 141.0]
['2016-11-14', 138.6, 144.0, 128.4, 135.0]
['2016-11-15', 132.0, 138.6, 129.6, 132.6]
['2016-11-16', 132.6, 135.0, 127.5, 135.0]
['2016-11-17', 134.4, 139.2, 129.6, 139.2]
['2016-11-18', 137.4, 138.6, 132.6, 133.8]
['2016-11-21', 132.6, 136.8, 123.3, 136.8]
['2016-11-22', 135.6, 136.2, 120.0, 135.0]
['2016-11-23', 126.6, 135.0, 124.2, 126.0]
['2016-11-25', 126.0, 127.2, 120.0, 122.4]
['2016-11-28', 120.0, 123.0, 115.8, 120.0]
['2016-11-29', 120.0, 127.2, 116.4, 120.0]
['2016-11-30', 123.6, 123.6, 102.0, 115.8]
['2016-12-01', 121.2, 123.0, 115.8, 120.0]
['2016-12-02', 117.0, 118.8, 115.2, 115.8]
['2016-12-05', 115.2, 122.4, 109.5, 119.4]
['2016-12-06', 117.6, 117.6, 111.6, 117.6]
['2016-12-07', 119.4, 119.4, 111.0, 114.6]
['2016-12-08', 112.8, 119.28, 107.4, 114.6]
['2016-12-09', 110.4, 116.4, 103.2, 111.6]
['2016-12-12', 112.68, 112.68, 105.0, 107.4]
['2016-12-13', 108.0, 109.8, 100.8, 102.6]
['2016-12-14', 101.4, 108.0, 96.6, 103.2]
['2016-12-15', 99.6, 109.8, 96.0, 96.6]
['2016-12-16', 96.0, 101.4, 94.8, 94.8]
['2016-12-19', 102.0, 115.2, 96.0, 108.0]
['2016-12-20', 108.6, 118.8, 105.0, 105.6]
['2016-12-21', 108.0, 109.8, 104.4, 106.8]
['2016-12-22', 110.4, 110.4, 102.0, 102.6]
['2016-12-23', 102.6, 105.0, 100.2, 104.4]
['2016-12-27', 104.4, 105.84, 104.4, 105.6]
['2016-12-28', 104.4, 110.16, 98.4, 106.8]
['2016-12-29', 107.22, 107.22, 98.4, 101.4]
['2016-12-30', 101.46, 101.64, 94.8, 100.2]
['2017-01-03', 97.32, 105.6, 96.6, 99.6]
['2017-01-04', 99.0, 108.0, 96.6, 99.6]
['2017-01-05', 99.0, 106.2, 95.4, 97.2]
['2017-01-06', 99.0, 104.4, 93.9, 95.4]
['2017-01-09', 96.6, 97.2, 91.8, 94.2]
['2017-01-10', 94.2, 96.6, 90.6, 92.4]
['2017-01-11', 92.4, 93.6, 88.8, 91.2]
['2017-01-12', 123.0, 134.4, 96.6, 99.0]
['2017-01-13', 99.6, 105.6, 94.8, 103.2]
['2017-01-17', 105.0, 105.0, 96.0, 102.0]
['2017-01-18', 99.0, 102.0, 93.0, 98.4]
['2017-01-19', 96.0, 98.7, 90.0, 91.8]
['2017-01-20', 90.0, 92.4, 87.0, 91.2]
['2017-01-23', 90.0, 90.36, 87.0, 88.8]
['2017-01-24', 90.0, 91.2, 87.6, 90.6]
['2017-01-25', 90.6, 98.4, 88.8, 92.4]
['2017-01-26', 95.4, 95.4, 88.8, 92.4]
['2017-01-27', 93.0, 93.6, 88.8, 91.2]
['2017-01-30', 93.12, 94.8, 88.8, 94.2]
['2017-01-31', 91.8, 97.8, 91.2, 95.4]
['2017-02-01', 95.4, 104.4, 94.2, 102.6]
['2017-02-02', 105.6, 122.4, 100.2, 113.4]
['2017-02-03', 114.6, 114.6, 99.0, 100.8]
['2017-02-06', 105.6, 111.0, 90.0, 97.5]
['2017-02-07', 96.0, 103.8, 96.0, 99.6]
['2017-02-08', 99.6, 106.8, 95.4, 106.8]
['2017-02-09', 106.8, 106.8, 100.8, 105.6]
['2017-02-10', 107.4, 107.4, 102.0, 105.6]
['2017-02-13', 105.6, 109.8, 104.4, 106.8]
['2017-02-14', 107.4, 107.4, 102.0, 103.2]
['2017-02-15', 103.8, 107.4, 103.2, 106.2]
['2017-02-16', 107.4, 108.0, 102.6, 103.8]
['2017-02-17', 103.8, 105.6, 102.6, 104.4]
['2017-02-21', 104.4, 106.8, 102.6, 105.0]
['2017-02-22', 105.6, 105.84, 99.0, 102.0]
['2017-02-23', 103.2, 103.2, 96.0, 100.2]
['2017-02-24', 100.8, 100.8, 96.0, 99.6]
['2017-02-27', 100.2, 101.4, 96.66, 101.4]
['2017-02-28', 98.4, 102.66, 97.8, 100.2]
['2017-03-01', 100.2, 103.2, 99.6, 100.8]
['2017-03-02', 102.0, 104.94, 102.0, 102.6]
['2017-03-03', 101.7, 105.0, 96.0, 102.6]
['2017-03-06', 102.6, 104.4, 99.6, 100.2]
['2017-03-07', 100.8, 104.4, 100.2, 100.8]
['2017-03-08', 102.0, 106.2, 102.0, 104.4]
['2017-03-09', 107.4, 112.8, 105.0, 108.72]
['2017-03-10', 109.2, 116.4, 105.0, 110.4]
['2017-03-13', 111.6, 113.7, 109.8, 111.6]
['2017-03-14', 113.22, 113.22, 102.0, 106.8]
['2017-03-15', 106.2, 109.8, 104.4, 106.8]
['2017-03-16', 110.4, 110.4, 105.0, 107.4]
['2017-03-17', 105.6, 108.0, 103.8, 108.0]
['2017-03-20', 105.0, 105.0, 103.2, 103.8]
['2017-03-21', 104.4, 104.4, 93.0, 97.2]
['2017-03-22', 98.4, 98.4, 96.0, 96.6]
['2017-03-23', 97.2, 100.8, 96.6, 100.2]
['2017-03-24', 99.6, 102.6, 97.2, 100.8]
['2017-03-27', 100.8, 103.8, 100.8, 103.2]
['2017-03-28', 103.8, 104.4, 101.4, 102.0]
['2017-03-29', 103.2, 106.2, 102.0, 106.2]
['2017-03-30', 105.6, 106.2, 102.0, 105.0]
['2017-03-31', 102.78, 106.2, 99.06, 103.8]
['2017-04-03', 100.8, 109.44, 99.0, 99.0]
['2017-04-04', 102.0, 106.8, 100.8, 105.0]
['2017-04-05', 106.2, 106.8, 100.2, 100.2]
['2017-04-06', 102.6, 106.8, 100.8, 102.6]
['2017-04-07', 103.2, 106.8, 102.6, 103.8]
['2017-04-10', 105.6, 109.8, 105.6, 106.8]
['2017-04-11', 106.8, 108.6, 104.16, 106.2]
['2017-04-12', 105.84, 107.4, 105.84, 106.2]
['2017-04-13', 106.8, 106.8, 103.8, 106.8]
['2017-04-17', 105.36, 105.36, 102.0, 104.1]
['2017-04-18', 99.6, 104.4, 98.4, 100.8]
['2017-04-19', 100.8, 103.2, 99.6, 100.8]
['2017-04-20', 99.6, 101.4, 97.2, 99.6]
['2017-04-21', 103.2, 103.2, 99.3, 99.6]
['2017-04-24', 99.96, 101.82, 96.6, 97.8]
['2017-04-25', 97.2, 103.8, 95.4, 102.0]
['2017-04-26', 101.4, 108.0, 99.6, 103.5]
['2017-04-27', 103.8, 109.2, 97.8, 105.0]
['2017-04-28', 105.6, 107.22, 102.6, 104.4]
['2017-05-01', 103.8, 106.8, 102.0, 102.6]
['2017-05-02', 107.4, 108.0, 99.6, 105.6]
['2017-05-03', 102.0, 104.4, 101.4, 103.8]
['2017-05-04', 104.4, 104.4, 99.6, 102.0]
['2017-05-05', 100.86, 106.8, 99.6, 102.6]
['2017-05-08', 106.8, 108.0, 99.6, 103.2]
['2017-05-09', 102.0, 103.8, 99.6, 102.0]
['2017-05-10', 101.4, 104.4, 100.8, 102.0]
['2017-05-11', 105.0, 109.2, 99.6, 103.8]
['2017-05-12', 103.2, 104.4, 100.8, 100.8]
['2017-05-15', 102.0, 103.8, 100.8, 100.8]
['2017-05-16', 102.6, 103.14, 100.8, 100.8]
['2017-05-17', 102.0, 102.0, 99.0, 99.3]
['2017-05-18', 100.2, 102.6, 99.3, 102.0]
['2017-05-19', 100.26, 102.6, 99.0, 102.0]
['2017-05-22', 102.0, 102.3, 96.0, 100.8]
['2017-05-23', 99.6, 100.8, 96.6, 100.8]
['2017-05-24', 99.0, 100.8, 97.86, 100.14]
['2017-05-25', 99.6, 101.4, 97.2, 99.0]
['2017-05-26', 97.2, 101.4, 97.2, 99.6]
['2017-05-30', 98.94, 100.8, 96.6, 100.2]
['2017-05-31', 99.6, 99.6, 95.4, 96.6]
['2017-06-01', 99.0, 100.2, 95.4, 99.0]
['2017-06-02', 99.06, 105.0, 99.0, 103.2]
['2017-06-05', 98.4, 102.6, 98.4, 100.2]
['2017-06-06', 99.6, 105.0, 99.12, 100.8]
['2017-06-07', 103.2, 103.2, 97.8, 99.0]
['2017-06-08', 99.6, 102.0, 99.0, 100.8]
['2017-06-09', 101.4, 104.4, 101.04, 102.0]
['2017-06-12', 102.0, 103.8, 98.22, 99.6]
['2017-06-13', 99.54, 103.2, 99.06, 103.2]
['2017-06-14', 103.2, 103.2, 98.4, 99.6]
['2017-06-15', 99.6, 101.82, 99.0, 99.0]
['2017-06-16', 99.0, 101.4, 96.0, 96.0]
['2017-06-19', 97.8, 102.0, 97.8, 99.0]
['2017-06-20', 99.72, 101.4, 98.4, 101.4]
['2017-06-21', 102.0, 105.0, 100.2, 102.6]
['2017-06-22', 102.84, 108.6, 102.06, 107.4]
['2017-06-23', 109.2, 113.4, 104.4, 111.0]
['2017-06-26', 111.6, 111.6, 106.2, 111.0]
['2017-06-27', 111.0, 111.0, 103.2, 108.0]
['2017-06-28', 110.4, 113.4, 106.8, 107.4]
['2017-06-29', 108.6, 110.4, 105.6, 109.8]
['2017-06-30', 109.2, 109.2, 105.0, 107.4]
['2017-07-03', 105.6, 105.84, 102.0, 103.8]
['2017-07-05', 104.4, 108.6, 103.8, 105.0]
['2017-07-06', 105.6, 107.4, 102.9, 104.4]
['2017-07-07', 105.0, 105.0, 102.0, 102.0]
['2017-07-10', 103.8, 105.0, 102.0, 103.8]
['2017-07-11', 105.0, 105.0, 102.6, 103.2]
['2017-07-12', 104.4, 108.6, 104.04, 106.2]
['2017-07-13', 106.8, 110.4, 105.9, 109.8]
['2017-07-14', 110.4, 117.0, 106.2, 114.0]
['2017-07-17', 115.8, 120.0, 111.48, 113.4]
['2017-07-18', 110.1, 115.74, 110.1, 114.6]
['2017-07-19', 115.5, 119.4, 114.0, 117.0]
['2017-07-20', 119.4, 120.0, 114.0, 118.2]
['2017-07-21', 118.2, 120.0, 115.38, 116.94]
['2017-07-24', 117.0, 117.6, 115.8, 117.0]
['2017-07-25', 117.6, 117.6, 115.2, 115.2]
['2017-07-26', 114.6, 116.7, 112.8, 115.14]
['2017-07-27', 115.2, 115.2, 112.8, 114.0]
['2017-07-28', 116.22, 116.22, 109.2, 112.2]
['2017-07-31', 111.6, 114.0, 105.6, 111.0]
['2017-08-01', 114.6, 114.6, 106.8, 109.8]
['2017-08-02', 108.0, 113.4, 108.0, 108.6]
['2017-08-03', 110.4, 114.24, 105.0, 111.6]
['2017-08-04', 112.2, 113.4, 108.0, 112.2]
['2017-08-07', 112.8, 115.02, 111.6, 112.8]
['2017-08-08', 112.8, 112.8, 108.0, 108.0]
['2017-08-09', 108.6, 110.76, 105.0, 108.0]
['2017-08-10', 107.4, 108.6, 105.0, 107.58]
['2017-08-11', 106.8, 110.4, 105.0, 110.4]
['2017-08-14', 111.6, 112.2, 106.92, 110.4]
['2017-08-15', 109.2, 109.2, 103.8, 107.4]
['2017-08-16', 109.5, 109.68, 106.8, 107.22]
['2017-08-17', 109.2, 109.2, 103.8, 106.44]
['2017-08-18', 106.8, 108.6, 104.4, 108.0]
['2017-08-21', 106.8, 108.6, 105.0, 107.4]
['2017-08-22', 105.6, 106.2, 105.0, 105.0]
['2017-08-23', 105.6, 105.6, 96.0, 100.8]
['2017-08-24', 102.6, 105.3, 100.8, 101.4]
['2017-08-25', 102.0, 111.0, 102.0, 109.2]
['2017-08-28', 108.0, 111.0, 105.84, 106.8]
['2017-08-29', 106.44, 109.8, 106.44, 109.2]
['2017-08-30', 105.6, 110.4, 105.48, 109.8]
['2017-08-31', 109.2, 112.8, 109.2, 110.4]
['2017-09-01', 113.4, 114.0, 108.06, 111.6]
['2017-09-05', 111.0, 114.0, 109.8, 111.6]
['2017-09-06', 112.8, 112.8, 109.2, 111.0]
['2017-09-07', 111.6, 114.0, 110.4, 113.4]
['2017-09-08', 113.4, 116.4, 112.32, 115.2]
['2017-09-11', 114.6, 118.8, 111.6, 117.0]
['2017-09-12', 117.0, 123.0, 115.26, 122.28]
['2017-09-13', 122.4, 131.4, 121.98, 127.8]
['2017-09-14', 129.0, 130.02, 118.5, 126.0]
['2017-09-15', 126.6, 129.6, 120.6, 124.8]
['2017-09-18', 126.0, 130.14, 121.2, 123.0]
['2017-09-19', 121.8, 125.4, 117.6, 120.6]
['2017-09-20', 123.0, 123.0, 111.0, 120.0]
['2017-09-21', 118.8, 120.0, 113.4, 117.6]
['2017-09-22', 117.0, 120.6, 117.0, 120.6]
['2017-09-25', 120.0, 120.0, 117.0, 117.6]
['2017-09-26', 117.0, 119.4, 114.0, 116.1]
['2017-09-27', 116.4, 120.0, 115.2, 118.8]
['2017-09-28', 117.0, 120.0, 114.0, 118.8]
['2017-09-29', 118.8, 120.6, 116.4, 118.8]
['2017-10-02', 118.8, 120.0, 117.24, 120.0]
['2017-10-03', 120.0, 125.4, 120.0, 121.8]
['2017-10-04', 120.0, 125.7, 120.0, 123.0]
['2017-10-05', 126.0, 132.0, 120.0, 130.8]
['2017-10-06', 132.0, 132.6, 123.0, 131.4]
['2017-10-09', 129.0, 132.36, 126.6, 127.2]
['2017-10-10', 126.0, 132.0, 126.0, 127.2]
['2017-10-11', 127.8, 129.0, 126.6, 128.4]
['2017-10-12', 127.2, 144.0, 126.0, 139.8]
['2017-10-13', 141.0, 142.14, 130.26, 133.44]
['2017-10-16', 134.4, 135.0, 128.4, 130.2]
['2017-10-17', 129.6, 130.38, 120.6, 126.0]
['2017-10-18', 128.4, 128.4, 123.3, 127.2]
['2017-10-19', 126.6, 136.2, 125.76, 130.8]
['2017-10-20', 133.8, 135.0, 127.2, 135.0]
['2017-10-23', 133.2, 136.8, 129.06, 135.0]
['2017-10-24', 135.0, 135.6, 131.4, 132.0]
['2017-10-25', 130.2, 130.2, 123.0, 129.0]
['2017-10-26', 129.0, 131.4, 124.2, 130.2]
['2017-10-27', 132.0, 132.0, 123.78, 127.8]
['2017-10-30', 127.5, 131.4, 126.0, 129.0]
['2017-10-31', 129.0, 129.6, 124.2, 127.8]
['2017-11-01', 129.0, 134.4, 124.2, 128.4]
['2017-11-02', 127.2, 129.0, 124.2, 128.4]
['2017-11-03', 126.6, 130.8, 126.6, 128.4]
['2017-11-06', 128.4, 129.6, 127.8, 128.4]
['2017-11-07', 129.0, 129.6, 126.0, 127.5]
['2017-11-08', 127.2, 131.4, 126.6, 127.8]
['2017-11-09', 126.6, 128.94, 117.0, 121.8]
['2017-11-10', 120.66, 125.4, 120.6, 121.2]
['2017-11-13', 123.0, 123.0, 117.0, 118.8]
['2017-11-14', 118.2, 121.8, 114.0, 115.32]
['2017-11-15', 115.2, 118.8, 113.4, 115.2]
['2017-11-16', 114.0, 117.0, 111.0, 111.0]
['2017-11-17', 112.2, 115.2, 112.2, 114.6]
['2017-11-20', 117.6, 121.8, 114.0, 119.1]
['2017-11-21', 118.8, 123.6, 114.6, 118.2]
['2017-11-22', 120.0, 123.0, 119.4, 121.8]
['2017-11-24', 122.4, 123.0, 120.6, 123.0]
['2017-11-27', 123.0, 123.0, 118.8, 122.4]
['2017-11-28', 121.38, 123.0, 120.0, 122.4]
['2017-11-29', 123.0, 123.0, 118.86, 120.0]
['2017-11-30', 121.74, 121.74, 118.2, 119.4]
['2017-12-01', 120.0, 120.6, 115.8, 118.2]
['2017-12-04', 120.0, 120.0, 116.4, 118.2]
['2017-12-05', 117.6, 118.2, 114.0, 117.6]
['2017-12-06', 115.8, 117.6, 115.2, 115.2]
['2017-12-07', 117.0, 117.6, 115.8, 115.8]
['2017-12-08', 116.82, 119.34, 115.2, 115.2]
['2017-12-11', 117.6, 119.4, 114.0, 114.0]
['2017-12-12', 115.8, 115.8, 113.4, 114.0]
['2017-12-13', 113.4, 115.86, 111.0, 112.8]
['2017-12-14', 112.8, 113.4, 108.0, 108.6]
['2017-12-15', 108.6, 114.54, 105.6, 111.6]
['2017-12-18', 111.0, 113.1, 106.2, 106.2]
['2017-12-19', 106.2, 109.2, 103.2, 103.2]
['2017-12-20', 104.4, 107.94, 103.8, 104.4]
['2017-12-21', 114.6, 132.0, 114.0, 123.6]
['2017-12-22', 124.2, 124.2, 120.0, 122.4]
['2017-12-26', 121.2, 125.4, 117.6, 123.6]
['2017-12-27', 124.2, 124.2, 114.0, 120.6]
['2017-12-28', 117.66, 123.0, 114.0, 121.8]
['2017-12-29', 120.0, 123.0, 120.0, 123.0]
['2018-01-02', 123.0, 126.0, 121.44, 124.2]
['2018-01-03', 123.0, 132.6, 121.8, 126.6]
['2018-01-04', 128.16, 138.0, 127.74, 133.8]
['2018-01-05', 133.2, 135.6, 132.6, 133.2]
['2018-01-08', 132.6, 136.8, 132.0, 134.4]
['2018-01-09', 136.8, 151.8, 135.6, 147.6]
['2018-01-10', 146.4, 161.4, 143.4, 159.0]
['2018-01-11', 159.0, 177.0, 159.0, 175.2]
['2018-01-12', 175.8, 187.68, 166.2, 166.8]
['2018-01-16', 168.0, 170.4, 154.8, 161.4]
['2018-01-17', 160.8, 161.16, 150.6, 156.0]
['2018-01-18', 154.2, 154.98, 145.8, 150.0]
['2018-01-19', 148.8, 156.0, 144.66, 153.6]
['2018-01-22', 154.8, 162.0, 147.0, 153.6]
['2018-01-23', 159.0, 162.0, 146.7, 156.0]
['2018-01-24', 157.2, 162.0, 154.8, 156.6]
['2018-01-25', 158.4, 160.8, 157.2, 160.2]
['2018-01-26', 160.2, 185.4, 139.8, 151.8]
['2018-01-29', 151.8, 162.06, 147.0, 158.4]
['2018-01-30', 157.8, 171.0, 157.2, 169.2]
['2018-01-31', 171.0, 176.4, 165.0, 166.2]
['2018-02-01', 167.4, 169.2, 165.0, 167.4]
['2018-02-02', 166.8, 170.4, 166.8, 170.4]
['2018-02-05', 171.0, 172.2, 155.4, 156.6]
['2018-02-06', 158.4, 159.6, 145.8, 149.4]
['2018-02-07', 148.2, 161.4, 148.2, 156.0]
['2018-02-08', 158.4, 158.4, 150.0, 154.2]
['2018-02-09', 152.4, 157.8, 148.8, 156.0]
['2018-02-12', 158.4, 159.0, 153.0, 155.4]
['2018-02-13', 155.4, 159.0, 153.0, 157.2]
['2018-02-14', 154.8, 158.4, 151.8, 154.2]
['2018-02-15', 155.4, 157.8, 150.6, 156.6]
['2018-02-16', 151.8, 159.0, 151.26, 157.8]
['2018-02-20', 159.6, 160.2, 153.6, 157.2]
['2018-02-21', 156.48, 159.0, 150.0, 153.18]
['2018-02-22', 154.2, 155.4, 148.2, 155.4]
['2018-02-23', 156.0, 156.0, 148.8, 155.4]
['2018-02-26', 159.0, 159.0, 154.32, 157.2]
['2018-02-27', 157.2, 157.2, 153.6, 156.0]
['2018-02-28', 155.4, 155.94, 153.6, 154.8]
['2018-03-01', 151.56, 157.8, 151.56, 156.0]
['2018-03-02', 153.0, 161.1, 150.0, 160.2]
['2018-03-05', 157.8, 163.2, 157.26, 158.4]
['2018-03-06', 159.6, 165.3, 156.0, 158.4]
['2018-03-07', 156.0, 173.58, 156.0, 168.0]
['2018-03-08', 167.4, 172.8, 164.7, 169.8]
['2018-03-09', 172.2, 172.2, 169.8, 171.6]
['2018-03-12', 171.6, 171.6, 169.2, 170.7]
['2018-03-13', 170.4, 172.2, 168.0, 168.06]
['2018-03-14', 168.6, 187.14, 168.0, 182.4]
['2018-03-15', 186.0, 201.0, 159.0, 174.0]
['2018-03-16', 174.0, 176.76, 162.0, 176.4]
['2018-03-19', 178.8, 182.4, 170.1, 174.0]
['2018-03-20', 175.2, 182.4, 174.6, 180.0]
['2018-03-21', 180.0, 180.0, 175.8, 179.4]
['2018-03-22', 180.0, 183.0, 169.8, 173.4]
['2018-03-23', 172.2, 172.2, 165.54, 169.2]
['2018-03-26', 171.0, 171.3, 159.0, 163.2]
['2018-03-27', 165.0, 169.14, 160.44, 163.2]
['2018-03-28', 164.4, 170.4, 162.0, 165.0]
['2018-03-29', 166.2, 169.2, 159.0, 165.0]
['2018-04-02', 166.8, 169.8, 156.0, 161.4]
['2018-04-03', 163.2, 166.2, 159.0, 160.2]
['2018-04-04', 160.2, 170.4, 160.2, 170.4]
['2018-04-05', 171.0, 171.0, 165.96, 168.0]
['2018-04-06', 167.4, 169.8, 162.6, 168.0]
['2018-04-09', 170.4, 170.4, 163.2, 163.8]
['2018-04-10', 167.4, 167.4, 160.8, 160.8]
['2018-04-11', 165.6, 168.0, 160.8, 165.6]
['2018-04-12', 165.6, 171.0, 165.6, 170.4]
['2018-04-13', 170.4, 174.0, 166.92, 172.8]
['2018-04-16', 172.8, 172.8, 162.0, 170.4]
['2018-04-17', 169.2, 171.6, 163.2, 163.2]
['2018-04-18', 164.4, 169.74, 163.2, 163.2]
['2018-04-19', 164.4, 165.6, 159.6, 161.7]
['2018-04-20', 162.0, 163.2, 159.6, 160.8]
['2018-04-23', 161.4, 168.0, 159.72, 160.8]
['2018-04-24', 160.2, 162.0, 159.0, 162.0]
['2018-04-25', 161.4, 163.44, 157.14, 160.2]
['2018-04-26', 160.2, 160.2, 154.8, 156.0]
['2018-04-27', 156.0, 159.6, 155.4, 158.4]
['2018-04-30', 159.0, 161.4, 156.9, 159.0]
['2018-05-01', 159.6, 160.32, 151.86, 156.6]
['2018-05-02', 155.4, 158.4, 153.0, 156.6]
['2018-05-03', 157.2, 164.4, 157.2, 159.6]
['2018-05-04', 156.06, 160.8, 153.84, 157.8]
['2018-05-07', 159.0, 161.4, 159.0, 160.8]
['2018-05-08', 159.6, 161.34, 153.0, 155.46]
['2018-05-09', 153.0, 157.2, 153.0, 156.0]
['2018-05-10', 153.0, 156.78, 144.0, 149.4]
['2018-05-11', 151.2, 152.4, 144.06, 152.4]
['2018-05-14', 150.6, 153.6, 145.8, 147.0]
['2018-05-15', 144.6, 147.6, 126.6, 129.0]
['2018-05-16', 132.3, 133.2, 129.0, 129.0]
['2018-05-17', 123.0, 130.8, 123.0, 124.2]
['2018-05-18', 126.0, 130.8, 123.6, 130.8]
['2018-05-21', 132.6, 138.3, 131.4, 133.2]
['2018-05-22', 133.8, 133.8, 127.8, 130.8]
['2018-05-23', 132.0, 135.6, 127.2, 135.0]
['2018-05-24', 136.8, 140.4, 133.74, 140.4]
['2018-05-25', 136.8, 141.0, 135.6, 140.4]
['2018-05-29', 138.6, 141.6, 136.2, 137.4]
['2018-05-30', 138.6, 139.2, 135.6, 135.6]
['2018-05-31', 136.2, 141.6, 135.6, 138.6]
['2018-06-01', 140.4, 143.4, 135.6, 141.0]
['2018-06-04', 143.4, 143.4, 139.32, 141.6]
['2018-06-05', 141.6, 156.0, 141.3, 154.2]
['2018-06-06', 147.0, 156.0, 147.0, 154.8]
['2018-06-07', 153.0, 161.4, 151.2, 151.8]
['2018-06-08', 152.4, 173.4, 152.4, 167.4]
['2018-06-11', 171.0, 173.34, 162.9, 165.6]
['2018-06-12', 165.6, 171.0, 159.6, 159.6]
['2018-06-13', 159.0, 167.04, 159.0, 163.2]
['2018-06-14', 167.4, 174.6, 165.3, 172.8]
['2018-06-15', 173.4, 183.0, 169.14, 178.2]
['2018-06-18', 180.6, 180.6, 171.6, 171.6]
['2018-06-19', 172.8, 175.5, 161.52, 162.6]
['2018-06-20', 175.2, 175.2, 165.6, 169.8]
['2018-06-21', 172.8, 178.2, 168.6, 173.4]
['2018-06-22', 170.4, 171.0, 165.6, 168.6]
['2018-06-25', 168.0, 172.2, 161.4, 162.0]
['2018-06-26', 163.2, 163.2, 150.6, 153.6]
['2018-06-27', 153.0, 162.6, 142.8, 147.0]
['2018-06-28', 149.4, 150.0, 145.32, 149.4]
['2018-06-29', 150.0, 151.8, 148.8, 150.0]
['2018-07-02', 151.2, 156.6, 146.4, 147.0]
['2018-07-03', 150.0, 152.4, 147.6, 150.0]
['2018-07-05', 151.44, 156.6, 147.6, 151.8]
['2018-07-06', 153.0, 153.9, 147.6, 148.8]
['2018-07-09', 149.4, 150.6, 147.0, 148.8]
['2018-07-10', 150.0, 154.5, 149.4, 149.4]
['2018-07-11', 150.0, 151.2, 147.0, 147.6]
['2018-07-12', 150.0, 154.2, 148.8, 150.6]
['2018-07-13', 151.8, 152.64, 147.6, 149.4]
['2018-07-16', 150.0, 150.54, 145.8, 147.6]
['2018-07-17', 146.4, 148.2, 144.6, 146.4]
['2018-07-18', 145.2, 145.8, 144.0, 144.0]
['2018-07-19', 144.0, 145.8, 141.0, 145.8]
['2018-07-20', 144.0, 150.0, 141.0, 142.2]
['2018-07-23', 144.0, 144.0, 141.0, 142.2]
['2018-07-24', 143.4, 143.4, 141.6, 141.6]
['2018-07-25', 141.0, 143.4, 138.6, 139.8]
['2018-07-26', 138.6, 140.1, 128.46, 130.2]
['2018-07-27', 154.8, 154.8, 127.2, 132.0]
['2018-07-30', 138.0, 144.0, 132.0, 136.2]
['2018-07-31', 135.0, 136.2, 131.4, 132.6]
['2018-08-01', 135.0, 141.6, 135.0, 136.8]
['2018-08-02', 137.4, 145.8, 136.26, 142.8]
['2018-08-03', 144.0, 150.0, 141.6, 144.6]
['2018-08-06', 144.0, 144.84, 139.2, 141.0]
['2018-08-07', 139.2, 145.14, 137.22, 140.1]
['2018-08-08', 141.0, 142.26, 135.0, 138.0]
['2018-08-09', 147.0, 147.0, 136.8, 144.0]
['2018-08-10', 145.2, 148.2, 141.0, 146.4]
['2018-08-13', 145.2, 159.6, 145.2, 156.9]
['2018-08-14', 157.8, 169.8, 157.8, 162.0]
['2018-08-15', 160.8, 165.0, 158.4, 159.0]
['2018-08-16', 158.4, 165.0, 158.4, 162.6]
['2018-08-17', 162.0, 162.0, 156.6, 158.4]
['2018-08-20', 156.0, 157.2, 150.6, 156.0]
['2018-08-21', 154.8, 154.8, 147.0, 147.6]
['2018-08-22', 148.2, 148.8, 142.8, 142.8]
['2018-08-23', 142.8, 150.06, 142.2, 142.8]
['2018-08-24', 141.6, 147.6, 139.2, 144.6]
['2018-08-27', 145.8, 150.0, 145.8, 148.8]
['2018-08-28', 150.0, 150.6, 146.4, 148.8]
['2018-08-29', 150.0, 154.8, 145.8, 154.2]
['2018-08-30', 153.0, 159.96, 153.0, 153.0]
['2018-08-31', 156.0, 177.3, 156.0, 175.2]
['2018-09-04', 177.6, 180.0, 162.0, 166.2]
['2018-09-05', 48.0, 68.4, 44.1, 45.6]
['2018-09-06', 45.6, 48.0, 41.1, 42.66]
['2018-09-07', 42.0, 47.34, 39.9, 42.9]
['2018-09-10', 43.2, 44.4, 36.6, 37.62]
['2018-09-11', 39.0, 40.68, 36.0, 39.66]
['2018-09-12', 41.4, 41.76, 36.0, 38.64]
['2018-09-13', 38.04, 39.72, 34.8, 35.04]
['2018-09-14', 34.8, 35.4, 30.6, 31.8]
['2018-09-17', 33.36, 34.8, 32.4, 32.58]
['2018-09-18', 33.6, 34.56, 31.8, 32.4]
['2018-09-19', 31.86, 34.8, 31.86, 33.6]
['2018-09-20', 34.5, 38.4, 33.9, 35.82]
['2018-09-21', 37.8, 38.1, 35.4, 36.18]
['2018-09-24', 38.1, 38.7, 36.3, 37.2]
['2018-09-25', 37.2, 37.8, 33.9, 35.4]
['2018-09-26', 34.86, 36.0, 34.2, 34.5]
['2018-09-27', 37.8, 38.88, 33.06, 33.54]
['2018-09-28', 34.2, 34.92, 31.2, 32.7]
['2018-10-01', 31.8, 35.4, 31.2, 34.08]
['2018-10-02', 34.74, 35.04, 33.0, 33.3]
['2018-10-03', 35.4, 42.6, 34.2, 39.6]
['2018-10-04', 40.8, 85.8, 40.2, 60.0]
['2018-10-05', 33.0, 38.94, 32.4, 36.24]
['2018-10-08', 37.8, 37.8, 34.5, 35.4]
['2018-10-09', 35.4, 35.4, 33.3, 33.6]
['2018-10-10', 34.68, 37.5, 30.3, 31.2]
['2018-10-11', 33.0, 33.48, 30.0, 30.12]
['2018-10-12', 35.46, 36.3, 32.1, 33.78]
['2018-10-15', 34.2, 38.4, 33.6, 37.62]
['2018-10-16', 41.28, 44.4, 37.2, 40.8]
['2018-10-17', 39.6, 45.0, 37.98, 44.1]
['2018-10-18', 46.8, 57.0, 46.2, 52.5]
['2018-10-19', 42.0, 47.7, 40.2, 43.56]
['2018-10-22', 45.6, 46.2, 40.8, 41.22]
['2018-10-23', 40.86, 45.0, 39.18, 43.2]
['2018-10-24', 43.2, 47.16, 42.6, 42.6]
['2018-10-25', 45.12, 50.4, 43.2, 45.0]
['2018-10-26', 48.0, 49.2, 45.06, 47.04]
['2018-10-29', 48.6, 48.6, 39.6, 43.2]
['2018-10-30', 42.9, 42.9, 39.0, 40.5]
['2018-10-31', 41.4, 43.8, 40.2, 41.1]
['2018-11-01', 40.8, 41.4, 37.2, 40.14]
['2018-11-02', 33.6, 36.0, 31.2, 33.12]
['2018-11-05', 33.6, 34.2, 32.16, 32.94]
['2018-11-06', 33.6, 35.4, 32.4, 33.66]
['2018-11-07', 33.6, 33.66, 31.8, 32.1]
['2018-11-08', 30.9, 33.0, 30.06, 32.4]
['2018-11-09', 32.1, 32.4, 30.6, 30.6]
['2018-11-12', 30.6, 32.4, 27.0, 28.56]
['2018-11-13', 28.2, 28.62, 25.8, 26.4]
['2018-11-14', 25.8, 26.4, 22.8, 24.0]
['2018-11-15', 24.0, 27.6, 22.5, 26.4]
['2018-11-16', 27.0, 27.0, 24.9, 26.76]
['2018-11-19', 28.08, 28.08, 25.8, 27.0]
['2018-11-20', 26.88, 27.18, 25.2, 27.0]
['2018-11-21', 27.0, 32.76, 25.8, 32.4]
['2018-11-23', 32.94, 33.0, 30.3, 31.8]
['2018-11-26', 32.7, 35.22, 32.1, 33.06]
['2018-11-27', 34.02, 34.2, 30.36, 31.74]
['2018-11-28', 32.1, 32.82, 27.6, 32.4]
['2018-11-29', 28.2, 30.0, 27.6, 28.5]
['2018-11-30', 28.8, 28.8, 24.9, 25.68]
['2018-12-03', 27.0, 27.24, 24.84, 25.08]
['2018-12-04', 25.2, 25.98, 24.96, 25.26]
['2018-12-06', 26.52, 26.52, 25.2, 25.44]
['2018-12-07', 25.8, 30.0, 25.8, 29.1]
['2018-12-10', 28.2, 29.1, 27.6, 27.9]
['2018-12-11', 27.78, 28.2, 25.8, 26.52]
['2018-12-12', 26.52, 34.8, 25.8, 32.1]
['2018-12-13', 31.2, 32.7, 29.82, 31.08]
['2018-12-14', 31.2, 34.2, 31.08, 32.94]
['2018-12-17', 32.94, 34.8, 31.86, 34.02]
['2018-12-18', 34.56, 34.56, 30.06, 31.8]
['2018-12-19', 30.6, 33.0, 27.84, 31.98]
['2018-12-20', 30.42, 32.28, 27.6, 28.38]
['2018-12-21', 28.8, 28.8, 25.26, 28.2]
['2018-12-24', 6.78, 9.24, 6.66, 7.8]
['2018-12-26', 7.8, 7.8, 6.24, 6.9]
['2018-12-27', 7.32, 7.32, 4.8, 5.7]
['2018-12-28', 6.3, 6.48, 5.4, 5.52]
['2018-12-31', 5.76, 5.82, 4.86, 5.28]
['2019-01-02', 5.34, 7.98, 4.8, 7.38]
['2019-01-03', 7.5, 16.74, 7.44, 11.04]
['2019-01-04', 15.0, 16.02, 12.18, 13.5]
['2019-01-07', 13.8, 13.8, 11.34, 12.9]
['2019-01-08', 12.12, 12.36, 11.1, 11.58]
['2019-01-09', 11.64, 11.64, 10.2, 11.28]
['2019-01-10', 11.04, 11.04, 10.44, 10.5]
['2019-01-11', 10.74, 10.8, 9.3, 10.26]
['2019-01-14', 9.9, 10.2, 9.3, 9.6]
['2019-01-15', 9.6, 9.9, 8.7, 9.18]
['2019-01-16', 8.88, 8.94, 7.86, 8.58]
['2019-01-17', 8.16, 10.2, 7.8, 9.3]
['2019-01-18', 9.54, 9.84, 9.0, 9.3]
['2019-01-22', 9.06, 9.06, 7.98, 8.82]
['2019-01-23', 8.7, 9.3, 8.46, 8.58]
['2019-01-24', 8.82, 8.88, 8.16, 8.46]
['2019-01-25', 8.16, 8.4, 7.92, 8.28]
['2019-01-28', 8.4, 8.7, 8.1, 8.22]
['2019-01-29', 8.4, 8.52, 8.1, 8.22]
['2019-01-30', 8.28, 8.34, 7.8, 8.28]
['2019-01-31', 8.4, 13.38, 8.22, 12.48]
['2019-02-01', 12.6, 13.2, 10.2, 10.62]
['2019-02-04', 10.2, 11.1, 9.48, 10.56]
['2019-02-05', 10.44, 10.8, 9.9, 10.08]
['2019-02-06', 10.38, 10.38, 10.02, 10.32]
['2019-02-07', 10.5, 11.82, 10.2, 10.44]
['2019-02-08', 6.6, 9.0, 6.3, 7.68]
['2019-02-11', 8.4, 8.46, 7.62, 7.8]
['2019-02-12', 8.16, 8.22, 7.26, 7.86]
['2019-02-13', 7.86, 8.16, 7.56, 8.04]
['2019-02-14', 8.04, 8.04, 7.74, 7.92]
['2019-02-15', 7.8, 7.98, 7.74, 7.8]
['2019-02-19', 7.8, 7.92, 7.5, 7.8]
['2019-02-20', 7.8, 8.28, 7.68, 7.92]
['2019-02-21', 8.04, 8.16, 7.68, 8.04]
['2019-02-22', 7.8, 7.92, 7.68, 7.8]
['2019-02-25', 7.8, 8.04, 7.74, 7.92]
['2019-02-26', 7.98, 7.98, 7.68, 7.74]
['2019-02-27', 7.74, 7.92, 7.5, 7.62]
['2019-02-28', 7.2, 7.86, 6.78, 7.44]
['2019-03-01', 7.68, 7.68, 7.2, 7.38]
['2019-03-04', 7.2, 7.44, 6.9, 7.2]
['2019-03-05', 7.14, 7.5, 6.84, 7.38]
['2019-03-06', 7.2, 7.2, 6.78, 6.96]
['2019-03-07', 6.9, 7.62, 6.9, 7.38]
['2019-03-08', 7.32, 7.68, 6.96, 7.08]
['2019-03-11', 7.08, 7.38, 7.08, 7.26]
['2019-03-12', 7.2, 7.56, 7.14, 7.26]
['2019-03-13', 7.2, 7.32, 6.84, 7.32]
['2019-03-14', 7.26, 7.26, 6.96, 7.2]
['2019-03-15', 7.2, 7.2, 6.6, 7.02]
['2019-03-18', 6.96, 7.62, 6.66, 7.14]
['2019-03-19', 8.1, 12.3, 8.1, 8.94]
['2019-03-20', 8.52, 8.52, 7.38, 8.34]
['2019-03-21', 8.28, 8.28, 7.5, 7.62]
['2019-03-22', 7.68, 7.74, 7.2, 7.26]
['2019-03-25', 7.2, 7.62, 6.78, 7.08]
['2019-03-26', 7.02, 7.38, 6.96, 7.02]
['2019-03-27', 7.2, 7.2, 6.84, 7.02]
['2019-03-28', 7.02, 7.5, 6.9, 7.2]
['2019-03-29', 7.2, 7.26, 6.84, 6.96]
['2019-04-01', 7.08, 7.2, 6.78, 6.9]
['2019-04-02', 7.02, 7.08, 6.9, 6.96]
['2019-04-03', 6.96, 7.02, 6.84, 6.9]
['2019-04-04', 6.96, 6.96, 6.6, 6.66]
['2019-04-05', 6.6, 6.72, 6.3, 6.66]
['2019-04-08', 14.46, 17.4, 9.72, 10.38]
['2019-04-09', 13.2, 14.1, 11.64, 12.72]
['2019-04-10', 11.88, 12.24, 10.2, 10.8]
['2019-04-11', 10.56, 10.8, 9.3, 10.26]
['2019-04-12', 11.1, 14.1, 10.8, 13.68]
['2019-04-15', 13.2, 13.32, 11.7, 12.6]
['2019-04-16', 12.24, 12.3, 11.46, 11.52]
['2019-04-17', 11.64, 12.6, 10.86, 12.0]
['2019-04-18', 12.0, 12.6, 11.34, 11.64]
['2019-04-22', 11.34, 11.52, 10.86, 10.92]
['2019-04-23', 10.98, 11.46, 10.86, 11.16]
['2019-04-24', 11.16, 11.4, 10.86, 10.98]
['2019-04-25', 10.92, 11.04, 10.38, 10.68]
['2019-04-26', 10.8, 10.8, 10.02, 10.26]
['2019-04-29', 10.68, 12.48, 10.2, 11.4]
['2019-04-30', 11.88, 11.94, 11.1, 11.34]
['2019-05-01', 11.58, 11.7, 11.16, 11.28]
['2019-05-02', 11.28, 11.28, 10.8, 11.04]
['2019-05-03', 10.98, 11.4, 10.8, 11.04]
['2019-05-06', 11.4, 12.0, 11.04, 11.34]
['2019-05-07', 11.58, 11.7, 11.1, 11.22]
['2019-05-08', 11.82, 11.82, 11.1, 11.7]
['2019-05-09', 11.7, 13.8, 11.64, 12.42]
['2019-05-10', 12.6, 13.08, 11.4, 11.58]
['2019-05-13', 12.3, 12.6, 11.22, 11.58]
['2019-05-14', 12.0, 12.0, 11.4, 11.58]
['2019-05-15', 11.64, 11.7, 11.1, 11.52]
['2019-05-16', 11.4, 11.52, 10.8, 11.04]
['2019-05-17', 10.8, 10.8, 9.6, 10.44]
['2019-05-20', 10.68, 10.8, 10.38, 10.56]
['2019-05-21', 10.68, 10.8, 10.26, 10.62]
['2019-05-22', 10.5, 10.62, 10.2, 10.56]
['2019-05-23', 10.38, 10.5, 10.08, 10.26]
['2019-05-24', 10.32, 10.5, 10.08, 10.26]
['2019-05-28', 10.56, 10.86, 10.26, 10.38]
['2019-05-29', 10.74, 10.8, 10.14, 10.2]
['2019-05-30', 10.32, 10.5, 10.08, 10.26]
['2019-05-31', 10.38, 12.9, 10.38, 11.52]
['2019-06-03', 12.0, 12.0, 11.04, 11.4]
['2019-06-04', 11.16, 11.28, 10.56, 10.74]
['2019-06-05', 10.74, 11.16, 10.5, 10.8]
['2019-06-06', 10.74, 11.1, 10.56, 10.8]
['2019-06-07', 10.8, 11.4, 10.74, 11.1]
['2019-06-10', 11.7, 12.3, 11.1, 11.94]
['2019-06-11', 12.6, 13.68, 12.24, 13.2]
['2019-06-12', 14.16, 18.96, 14.16, 18.0]
['2019-06-13', 17.94, 21.6, 17.16, 18.6]
['2019-06-14', 18.6, 20.16, 17.1, 17.94]
['2019-06-17', 17.28, 17.28, 12.0, 14.34]
['2019-06-18', 12.6, 13.2, 12.18, 12.6]
['2019-06-19', 12.3, 13.2, 11.52, 12.3]
['2019-06-20', 12.48, 12.6, 11.4, 11.76]
['2019-06-21', 11.4, 11.52, 10.74, 11.28]
['2019-06-24', 11.04, 11.7, 10.68, 11.46]
['2019-06-25', 12.06, 13.2, 11.52, 11.76]
['2019-06-26', 11.7, 11.76, 10.98, 11.22]
['2019-06-27', 11.1, 11.4, 10.98, 11.22]
['2019-06-28', 12.12, 12.24, 11.4, 11.46]
['2019-07-01', 11.7, 12.3, 11.58, 11.88]
['2019-07-02', 12.0, 12.0, 11.4, 11.58]
['2019-07-03', 11.4, 11.88, 11.28, 11.58]
['2019-07-05', 11.82, 12.48, 11.52, 12.0]
['2019-07-08', 12.18, 13.5, 12.0, 12.78]
['2019-07-09', 13.32, 13.44, 12.12, 12.36]
['2019-07-10', 12.0, 12.3, 11.7, 11.88]
['2019-07-11', 11.82, 13.08, 11.76, 12.18]
['2019-07-12', 12.24, 12.36, 12.0, 12.0]
['2019-07-15', 12.06, 12.6, 12.0, 12.42]
['2019-07-16', 12.6, 13.68, 12.48, 13.2]
['2019-07-17', 13.2, 13.2, 12.48, 12.72]
['2019-07-18', 12.6, 12.9, 12.0, 12.24]
['2019-07-19', 12.12, 12.42, 11.88, 12.0]
['2019-07-22', 12.0, 12.18, 11.52, 11.76]
['2019-07-23', 11.88, 12.18, 11.52, 12.12]
['2019-07-24', 12.12, 12.24, 11.64, 11.82]
['2019-07-25', 11.7, 12.0, 11.58, 11.76]
['2019-07-26', 11.7, 11.82, 11.4, 11.52]
['2019-07-29', 11.64, 11.94, 10.98, 11.16]
['2019-07-30', 11.52, 11.52, 11.16, 11.4]
['2019-07-31', 11.28, 11.4, 10.62, 10.8]
['2019-08-01', 10.86, 11.1, 10.5, 11.04]
['2019-08-02', 10.8, 12.0, 10.56, 11.58]
['2019-08-05', 11.7, 11.76, 10.8, 10.92]
['2019-08-06', 10.98, 11.28, 10.92, 10.98]
['2019-08-07', 11.22, 11.34, 10.92, 11.16]
['2019-08-08', 11.28, 11.58, 11.1, 11.22]
['2019-08-09', 11.22, 11.46, 11.04, 11.28]
['2019-08-12', 11.1, 12.12, 11.1, 11.7]
['2019-08-13', 11.46, 11.7, 11.22, 11.34]
['2019-08-14', 11.34, 11.7, 11.04, 11.1]
['2019-08-15', 11.22, 11.28, 10.8, 10.98]
['2019-08-16', 11.16, 11.46, 10.86, 11.22]
['2019-08-19', 11.4, 12.0, 11.28, 11.64]
['2019-08-20', 12.0, 13.8, 11.4, 12.96]
['2019-08-21', 12.96, 14.76, 12.18, 12.66]
['2019-08-22', 12.66, 13.02, 12.36, 12.6]
['2019-08-23', 12.6, 12.66, 12.0, 12.3]
['2019-08-26', 12.6, 13.14, 12.42, 12.66]
['2019-08-27', 12.9, 13.2, 12.6, 13.02]
['2019-08-28', 13.02, 14.22, 12.66, 13.74]
['2019-08-29', 14.22, 15.0, 13.5, 13.68]
['2019-08-30', 13.74, 14.64, 13.38, 14.4]
['2019-09-03', 14.7, 16.62, 14.4, 15.66]
['2019-09-04', 16.2, 16.26, 14.58, 15.18]
['2019-09-05', 15.6, 15.9, 14.94, 15.06]
['2019-09-06', 15.0, 16.14, 14.4, 16.14]
['2019-09-09', 16.2, 17.4, 16.14, 16.26]
['2019-09-10', 16.14, 16.2, 13.5, 14.52]
['2019-09-11', 14.7, 15.0, 13.86, 14.52]
['2019-09-12', 11.52, 13.62, 11.46, 12.36]
['2019-09-13', 12.42, 13.74, 12.24, 13.32]
['2019-09-16', 13.2, 13.26, 12.6, 13.08]
['2019-09-17', 12.66, 13.56, 12.6, 13.26]
['2019-09-18', 13.56, 14.82, 12.9, 13.8]
['2019-09-19', 14.52, 14.52, 13.38, 13.5]
['2019-09-20', 13.8, 13.8, 12.66, 13.2]
['2019-09-23', 13.74, 13.8, 13.14, 13.14]
['2019-09-24', 13.5, 13.5, 12.78, 13.2]
['2019-09-25', 13.32, 14.64, 12.18, 14.22]
['2019-09-26', 15.42, 16.8, 10.02, 14.04]
['2019-09-27', 12.48, 12.6, 9.0, 9.72]
['2019-09-30', 7.87, 8.62, 1.95, 2.85]
['2019-10-01', 3.24, 3.25, 2.17, 2.19]
['2019-10-02', 2.3, 2.3, 1.85, 1.91]
['2019-10-03', 1.79, 2.16, 1.7, 2.02]
['2019-10-04', 2.15, 2.44, 1.83, 1.93]
['2019-10-07', 1.95, 1.95, 1.85, 1.87]
['2019-10-08', 1.64, 1.683, 1.22, 1.28]
['2019-10-09', 1.58, 2.04, 1.39, 1.72]
['2019-10-10', 1.69, 1.81, 1.53, 1.59]
['2019-10-11', 1.58, 1.6, 1.45, 1.53]
['2019-10-14', 1.49, 1.56, 1.41, 1.44]
['2019-10-15', 1.43, 1.55, 1.3, 1.53]
['2019-10-16', 1.64, 2.73, 1.53, 2.07]
['2019-10-17', 2.05, 2.1, 1.79, 1.82]
['2019-10-18', 1.81, 2.19, 1.75, 2.15]
['2019-10-21', 2.13, 2.38, 1.95, 2.01]
['2019-10-22', 1.98, 2.05, 1.88, 1.97]
['2019-10-23', 1.9, 1.989, 1.75, 1.91]
['2019-10-24', 1.9, 1.92, 1.82, 1.9]
['2019-10-25', 1.9, 1.9, 1.74, 1.76]
['2019-10-28', 1.73, 1.78, 1.67, 1.67]
['2019-10-29', 1.6, 1.609, 1.47, 1.5]
['2019-10-30', 1.48, 1.53, 1.42, 1.52]
['2019-10-31', 1.53, 1.77, 1.51, 1.62]
['2019-11-01', 1.6, 1.6, 1.46, 1.52]
['2019-11-04', 1.53, 1.58, 1.48, 1.52]
['2019-11-05', 1.53, 1.53, 1.44, 1.45]
['2019-11-06', 1.45, 1.45, 1.28, 1.31]
['2019-11-07', 1.3, 1.3, 1.12, 1.16]
['2019-11-08', 1.21, 1.21, 1.0, 1.0]
['2019-11-11', 0.87, 0.88, 0.755, 0.841]
['2019-11-12', 0.834, 0.834, 0.68, 0.69]
['2019-11-13', 0.67, 0.681, 0.531, 0.573]
['2019-11-14', 0.548, 0.65, 0.51, 0.57]
['2019-11-15', 0.601, 0.601, 0.54, 0.56]
['2019-11-18', 0.544, 0.544, 0.4, 0.411]
['2019-11-19', 0.37, 0.416, 0.35, 0.36]
['2019-11-20', 0.365, 0.365, 0.28, 0.29]
['2019-11-21', 0.32, 0.344, 0.28, 0.309]
['2019-11-22', 0.3, 0.3, 0.273, 0.283]
['2019-11-25', 0.285, 0.29, 0.25, 0.266]
['2019-11-26', 0.252, 0.319, 0.235, 0.309]
['2019-11-27', 0.404, 0.47, 0.35, 0.358]
['2019-11-29', 0.37, 0.38, 0.33, 0.379]
['2019-12-02', 0.42, 0.449, 0.39, 0.425]
['2019-12-03', 0.42, 0.48, 0.391, 0.44]
['2019-12-04', 0.442, 0.456, 0.421, 0.426]
['2019-12-05', 0.418, 0.43, 0.373, 0.402]
['2019-12-06', 0.411, 0.42, 0.385, 0.41]
['2019-12-09', 0.405, 0.41, 0.382, 0.386]
['2019-12-10', 0.4, 0.414, 0.385, 0.393]
['2019-12-11', 0.395, 0.409, 0.373, 0.375]
['2019-12-12', 0.389, 0.389, 0.334, 0.35]
['2019-12-13', 0.344, 0.356, 0.336, 0.34]
['2019-12-16', 0.37, 0.415, 0.35, 0.393]
['2019-12-17', 0.408, 0.43, 0.385, 0.388]
['2019-12-18', 0.38, 0.39, 0.365, 0.384]
['2019-12-19', 0.385, 0.385, 0.355, 0.363]
['2019-12-20', 0.38, 0.425, 0.375, 0.405]
['2019-12-23', 0.406, 0.406, 0.381, 0.39]
['2019-12-24', 0.39, 0.394, 0.371, 0.388]
['2019-12-26', 0.39, 0.409, 0.375, 0.403]
['2019-12-27', 0.41, 0.41, 0.392, 0.4]
['2019-12-30', 0.41, 0.587, 0.406, 0.579]
['2019-12-31', 0.587, 0.636, 0.49, 0.52]
['2020-01-02', 0.472, 0.52, 0.449, 0.511]
['2020-01-03', 0.49, 0.569, 0.48, 0.539]
['2020-01-06', 0.545, 0.7, 0.539, 0.69]
['2020-01-07', 0.68, 0.69, 0.59, 0.637]
['2020-01-08', 0.604, 0.639, 0.58, 0.593]
['2020-01-09', 0.59, 0.728, 0.555, 0.67]
['2020-01-10', 0.675, 0.68, 0.62, 0.625]
['2020-01-13', 0.614, 0.62, 0.562, 0.58]
['2020-01-14', 0.6, 0.63, 0.581, 0.6]
['2020-01-15', 0.6, 0.695, 0.59, 0.665]
['2020-01-16', 0.66, 0.718, 0.629, 0.697]
['2020-01-17', 0.73, 0.839, 0.71, 0.728]
['2020-01-21', 0.72, 0.729, 0.66, 0.69]
['2020-01-22', 0.68, 0.755, 0.65, 0.707]
['2020-01-23', 0.73, 0.735, 0.685, 0.698]
['2020-01-24', 0.698, 0.733, 0.66, 0.67]
['2020-01-27', 0.66, 0.684, 0.58, 0.592]
['2020-01-28', 0.6, 0.64, 0.571, 0.629]
['2020-01-29', 0.62, 0.64, 0.582, 0.59]
['2020-01-30', 0.588, 0.59, 0.525, 0.535]
['2020-01-31', 0.515, 0.545, 0.5, 0.53]
['2020-02-03', 0.52, 0.559, 0.51, 0.52]
['2020-02-04', 0.525, 0.569, 0.522, 0.551]
['2020-02-05', 0.572, 0.573, 0.531, 0.544]
['2020-02-06', 0.54, 0.54, 0.521, 0.535]
['2020-02-07', 0.53, 0.54, 0.505, 0.511]
['2020-02-10', 0.52, 0.57, 0.51, 0.56]
['2020-02-11', 0.581, 0.649, 0.565, 0.607]
['2020-02-12', 0.624, 0.624, 0.553, 0.568]
['2020-02-13', 0.568, 0.62, 0.55, 0.56]
['2020-02-14', 0.59, 0.59, 0.55, 0.565]
['2020-02-18', 0.575, 0.575, 0.535, 0.54]
['2020-02-19', 0.546, 0.555, 0.5, 0.535]
['2020-02-20', 0.543, 0.568, 0.526, 0.54]
['2020-02-21', 0.53, 0.54, 0.515, 0.517]
['2020-02-24', 0.5, 0.52, 0.455, 0.511]
['2020-02-25', 0.48, 0.51, 0.46, 0.464]
['2020-02-26', 0.461, 0.464, 0.414, 0.417]
['2020-02-27', 0.37, 0.416, 0.361, 0.411]
['2020-02-28', 0.391, 0.46, 0.391, 0.45]
['2020-03-02', 0.45, 0.495, 0.44, 0.478]
['2020-03-03', 0.54, 0.58, 0.479, 0.487]
['2020-03-04', 0.48, 0.488, 0.45, 0.462]
['2020-03-05', 0.44, 0.51, 0.431, 0.485]
['2020-03-06', 0.461, 0.485, 0.442, 0.46]
['2020-03-09', 0.434, 0.434, 0.385, 0.395]
['2020-03-10', 0.419, 0.43, 0.35, 0.4]
['2020-03-11', 0.4, 0.402, 0.35, 0.361]
['2020-03-12', 0.311, 0.34, 0.3, 0.328]
['2020-03-13', 0.315, 0.34, 0.29, 0.306]
['2020-03-16', 0.293, 0.293, 0.26, 0.26]
['2020-03-17', 0.277, 0.32, 0.265, 0.292]
['2020-03-18', 0.29, 0.3, 0.26, 0.275]
['2020-03-19', 0.29, 0.31, 0.28, 0.297]
['2020-03-20', 0.32, 0.335, 0.3, 0.306]
['2020-03-23', 0.265, 0.335, 0.26, 0.288]
['2020-03-24', 0.32, 0.325, 0.29, 0.305]
['2020-03-25', 0.315, 0.317, 0.293, 0.304]
['2020-03-26', 0.321, 0.37, 0.3, 0.35]
['2020-03-27', 0.35, 0.355, 0.288, 0.3]
['2020-03-30', 0.29, 0.306, 0.28, 0.295]
['2020-03-31', 0.3, 0.304, 0.27, 0.281]
['2020-04-01', 0.283, 0.296, 0.278, 0.283]
['2020-04-02', 0.293, 0.295, 0.278, 0.28]
['2020-04-03', 0.289, 0.289, 0.277, 0.28]
['2020-04-06', 0.285, 0.295, 0.278, 0.289]
['2020-04-07', 0.3, 0.32, 0.285, 0.315]
['2020-04-08', 0.33, 0.33, 0.3, 0.307]
['2020-04-09', 0.315, 0.32, 0.301, 0.311]
['2020-04-13', 0.326, 0.326, 0.301, 0.317]
['2020-04-14', 0.32, 0.35, 0.31, 0.32]
['2020-04-15', 0.329, 0.449, 0.32, 0.42]
['2020-04-16', 0.445, 0.54, 0.418, 0.431]
['2020-04-17', 0.44, 0.5, 0.44, 0.465]
['2020-04-20', 0.45, 0.45, 0.41, 0.43]
['2020-04-21', 0.415, 0.42, 0.37, 0.395]
['2020-04-22', 0.4, 0.447, 0.32, 0.34]
['2020-04-23', 0.321, 0.325, 0.3, 0.322]
['2020-04-24', 0.33, 0.33, 0.302, 0.311]
['2020-04-27', 0.329, 0.329, 0.304, 0.32]
['2020-04-28', 0.31, 0.33, 0.305, 0.319]
['2020-04-29', 0.322, 0.324, 0.31, 0.317]
['2020-04-30', 0.311, 0.32, 0.305, 0.313]
['2020-05-01', 0.31, 0.345, 0.305, 0.336]
['2020-05-04', 0.36, 0.378, 0.326, 0.344]
['2020-05-05', 0.352, 0.353, 0.316, 0.34]
['2020-05-06', 0.34, 0.361, 0.33, 0.334]
['2020-05-07', 0.335, 0.342, 0.32, 0.33]
['2020-05-08', 0.321, 0.324, 0.306, 0.315]
['2020-05-11', 0.311, 0.342, 0.311, 0.33]
['2020-05-12', 0.336, 0.345, 0.33, 0.335]
['2020-05-13', 0.315, 0.33, 0.3, 0.313]
['2020-05-14', 0.305, 0.317, 0.29, 0.301]
['2020-05-15', 0.302, 0.314, 0.295, 0.3]
['2020-05-18', 0.303, 0.309, 0.3, 0.305]
['2020-05-19', 0.306, 0.33, 0.302, 0.315]
['2020-05-20', 0.319, 0.32, 0.302, 0.31]
['2020-05-21', 0.319, 0.32, 0.305, 0.319]
['2020-05-22', 0.317, 0.344, 0.3, 0.312]
['2020-05-26', 0.325, 0.342, 0.316, 0.33]
['2020-05-27', 0.33, 0.339, 0.312, 0.323]
['2020-05-28', 0.321, 0.323, 0.307, 0.312]
['2020-05-29', 0.32, 0.321, 0.303, 0.31]
