['2013-07-12', 7.88, 7.95, 7.73, 7.9]
['2013-07-15', 8.02, 8.09, 7.92, 8.09]
['2013-07-16', 8.01, 8.07, 8.01, 8.06]
['2013-07-17', 8.0, 8.09, 7.98, 8.06]
['2013-07-18', 8.03, 8.06, 8.01, 8.03]
['2013-07-19', 7.79, 8.01, 6.48, 7.98]
['2013-07-22', 8.06, 8.08, 7.95, 8.08]
['2013-07-23', 8.02, 8.02, 7.93, 7.95]
['2013-07-24', 7.98, 8.03, 7.92, 7.93]
['2013-07-25', 7.95, 8.01, 7.92, 7.97]
['2013-07-26', 7.95, 7.98, 7.92, 7.92]
['2013-07-29', 7.95, 7.97, 7.9, 7.92]
['2013-07-30', 7.95, 7.98, 7.9, 7.92]
['2013-07-31', 7.92, 7.96, 7.89, 7.92]
['2013-08-01', 7.98, 7.98, 7.9, 7.92]
['2013-08-02', 7.91, 7.97, 7.84, 7.97]
['2013-08-05', 8.01, 8.01, 7.86, 7.91]
['2013-08-06', 7.84, 7.96, 7.56, 7.73]
['2013-08-07', 7.59, 7.76, 7.57, 7.59]
['2013-08-08', 7.56, 7.81, 7.54, 7.78]
['2013-08-09', 7.54, 7.81, 7.54, 7.7]
['2013-08-12', 7.53, 7.92, 7.53, 7.76]
['2013-08-13', 7.62, 7.74, 7.59, 7.62]
['2013-08-14', 7.54, 7.74, 7.54, 7.67]
['2013-08-15', 7.56, 7.74, 7.56, 7.72]
['2013-08-16', 7.73, 7.74, 7.58, 7.6]
['2013-08-19', 7.59, 7.77, 7.59, 7.64]
['2013-08-20', 7.58, 7.76, 7.58, 7.73]
['2013-08-21', 7.73, 7.86, 7.67, 7.74]
['2013-08-22', 7.85, 7.85, 7.72, 7.78]
['2013-08-23', 7.78, 7.86, 7.78, 7.86]
['2013-08-26', 7.78, 7.86, 7.7, 7.74]
['2013-08-27', 7.78, 7.86, 7.67, 7.67]
['2013-08-28', 7.59, 7.78, 7.59, 7.73]
['2013-08-29', 7.75, 7.78, 7.66, 7.73]
['2013-08-30', 7.65, 7.8, 7.64, 7.8]
['2013-09-03', 7.62, 7.81, 7.62, 7.67]
['2013-09-04', 7.62, 7.84, 7.6, 7.76]
['2013-09-05', 7.82, 7.82, 7.66, 7.66]
['2013-09-06', 7.66, 7.76, 7.66, 7.75]
['2013-09-09', 7.67, 7.78, 7.67, 7.77]
['2013-09-10', 7.67, 7.76, 7.66, 7.74]
['2013-09-11', 7.66, 7.76, 7.62, 7.73]
['2013-09-12', 7.72, 7.73, 7.57, 7.69]
['2013-09-13', 7.68, 7.81, 7.63, 7.79]
['2013-09-16', 7.79, 7.79, 7.7, 7.77]
['2013-09-17', 7.81, 7.81, 7.61, 7.72]
['2013-09-18', 7.62, 7.81, 7.62, 7.78]
['2013-09-19', 7.73, 7.76, 7.64, 7.7]
['2013-09-20', 7.71, 7.77, 7.64, 7.69]
['2013-09-23', 7.63, 7.7, 7.61, 7.67]
['2013-09-24', 7.75, 7.75, 7.57, 7.65]
['2013-09-25', 7.62, 7.65, 7.56, 7.59]
['2013-09-26', 7.64, 7.71, 7.64, 7.69]
['2013-09-27', 7.6, 7.69, 7.54, 7.69]
['2013-09-30', 7.7, 7.75, 7.53, 7.55]
['2013-10-01', 7.59, 7.64, 7.52, 7.53]
['2013-10-02', 7.51, 7.54, 7.4, 7.54]
['2013-10-03', 7.45, 7.62, 7.4, 7.41]
['2013-10-04', 7.42, 7.67, 7.37, 7.58]
['2013-10-07', 7.58, 7.61, 7.5, 7.55]
['2013-10-08', 7.48, 7.55, 7.47, 7.49]
['2013-10-09', 7.5, 7.5, 7.35, 7.43]
['2013-10-10', 7.45, 7.73, 7.45, 7.67]
['2013-10-11', 7.76, 7.76, 7.65, 7.72]
['2013-10-14', 7.72, 7.72, 7.65, 7.67]
['2013-10-15', 7.65, 7.74, 7.54, 7.61]
['2013-10-16', 7.56, 7.75, 7.55, 7.63]
['2013-10-17', 7.6, 7.72, 7.54, 7.72]
['2013-10-18', 7.61, 7.69, 7.6, 7.65]
['2013-10-21', 7.68, 7.68, 7.59, 7.6]
['2013-10-22', 7.63, 7.7, 7.54, 7.62]
['2013-10-23', 7.59, 7.67, 7.56, 7.62]
['2013-10-24', 7.55, 7.73, 7.54, 7.59]
['2013-10-25', 7.68, 7.69, 7.59, 7.6]
['2013-10-28', 7.6, 7.71, 7.55, 7.61]
['2013-10-29', 7.61, 7.7, 7.61, 7.69]
['2013-10-30', 7.57, 7.67, 7.57, 7.6]
['2013-10-31', 7.61, 7.67, 7.57, 7.67]
['2013-11-01', 7.67, 7.67, 7.61, 7.61]
['2013-11-04', 7.61, 7.66, 7.55, 7.55]
['2013-11-05', 7.55, 7.62, 7.48, 7.48]
['2013-11-06', 7.43, 7.52, 7.43, 7.52]
['2013-11-07', 7.53, 7.68, 7.47, 7.59]
['2013-11-08', 7.61, 7.68, 7.61, 7.61]
['2013-11-11', 7.62, 7.62, 7.57, 7.58]
['2013-11-12', 7.49, 7.57, 7.35, 7.48]
['2013-11-13', 7.48, 7.68, 7.48, 7.57]
['2013-11-14', 7.51, 7.64, 7.49, 7.62]
['2013-11-15', 7.52, 7.62, 7.41, 7.61]
['2013-11-18', 7.58, 7.64, 7.54, 7.54]
['2013-11-19', 7.5, 7.64, 7.5, 7.52]
['2013-11-20', 7.5, 7.59, 7.5, 7.56]
['2013-11-21', 7.48, 7.59, 7.47, 7.59]
['2013-11-22', 7.5, 7.56, 7.49, 7.49]
['2013-11-25', 7.54, 7.54, 7.4, 7.52]
['2013-11-26', 7.46, 7.51, 7.31, 7.42]
['2013-11-27', 7.37, 7.49, 7.32, 7.36]
['2013-11-29', 7.38, 7.53, 7.38, 7.43]
['2013-12-02', 7.44, 7.64, 7.41, 7.48]
['2013-12-03', 7.57, 7.59, 7.47, 7.47]
['2013-12-04', 7.55, 7.59, 7.48, 7.58]
['2013-12-05', 7.57, 7.58, 7.48, 7.55]
['2013-12-06', 7.59, 7.59, 7.48, 7.55]
['2013-12-09', 7.56, 7.56, 7.48, 7.54]
['2013-12-10', 7.51, 7.57, 7.45, 7.53]
['2013-12-11', 7.53, 7.57, 7.48, 7.55]
['2013-12-12', 7.66, 7.68, 7.54, 7.59]
['2013-12-13', 7.58, 7.63, 7.54, 7.57]
['2013-12-16', 7.61, 7.65, 7.55, 7.6]
['2013-12-17', 7.61, 7.61, 7.57, 7.59]
['2013-12-18', 7.55, 7.59, 7.49, 7.52]
['2013-12-19', 7.48, 7.58, 7.45, 7.45]
['2013-12-20', 7.43, 7.59, 7.43, 7.44]
['2013-12-23', 7.45, 7.54, 7.42, 7.42]
['2013-12-24', 7.47, 7.71, 7.47, 7.69]
['2013-12-26', 7.69, 7.69, 7.51, 7.67]
['2013-12-27', 7.58, 7.67, 7.54, 7.58]
['2013-12-30', 7.58, 7.65, 7.44, 7.49]
['2013-12-31', 7.59, 7.59, 7.48, 7.5]
['2014-01-02', 7.52, 7.58, 7.48, 7.48]
['2014-01-03', 7.57, 7.57, 7.49, 7.49]
['2014-01-06', 7.53, 7.57, 7.5, 7.53]
['2014-01-07', 7.51, 7.68, 7.51, 7.57]
['2014-01-08', 7.71, 7.71, 7.59, 7.59]
['2014-01-09', 7.64, 7.69, 7.64, 7.67]
['2014-01-10', 7.67, 7.67, 7.53, 7.66]
['2014-01-13', 7.61, 7.67, 7.58, 7.66]
['2014-01-14', 7.7, 7.7, 7.52, 7.57]
['2014-01-15', 7.65, 7.65, 7.56, 7.56]
['2014-01-16', 7.7, 7.71, 7.55, 7.62]
['2014-01-17', 7.65, 7.66, 7.59, 7.62]
['2014-01-21', 7.63, 7.66, 7.61, 7.66]
['2014-01-22', 7.68, 7.7, 7.65, 7.67]
['2014-01-23', 7.7, 7.7, 7.62, 7.65]
['2014-01-24', 7.63, 7.69, 7.55, 7.63]
['2014-01-27', 7.55, 7.59, 7.52, 7.54]
['2014-01-28', 7.55, 7.68, 7.55, 7.65]
['2014-01-29', 7.57, 7.69, 7.54, 7.68]
['2014-01-30', 7.72, 7.76, 7.58, 7.75]
['2014-01-31', 7.67, 7.79, 7.67, 7.79]
['2014-02-03', 7.79, 7.8, 7.69, 7.8]
['2014-02-04', 7.61, 7.84, 7.61, 7.8]
['2014-02-05', 7.71, 7.82, 7.69, 7.71]
['2014-02-06', 7.61, 7.79, 7.6, 7.69]
['2014-02-07', 7.66, 7.69, 7.62, 7.65]
['2014-02-10', 7.74, 7.8, 7.67, 7.75]
['2014-02-11', 7.75, 7.91, 7.74, 7.87]
['2014-02-12', 7.85, 7.85, 7.71, 7.82]
['2014-02-13', 7.82, 7.93, 7.82, 7.92]
['2014-02-14', 7.9, 8.13, 7.88, 8.08]
['2014-02-18', 8.05, 8.05, 7.95, 7.98]
['2014-02-19', 7.97, 8.04, 7.97, 7.98]
['2014-02-20', 8.02, 8.05, 7.99, 8.05]
['2014-02-21', 8.06, 8.06, 7.97, 7.97]
['2014-02-24', 8.04, 8.04, 7.8, 7.96]
['2014-02-25', 7.95, 8.0, 7.89, 7.93]
['2014-02-26', 7.9, 7.93, 7.9, 7.93]
['2014-02-27', 7.92, 8.05, 7.92, 7.99]
['2014-02-28', 7.99, 8.06, 7.99, 8.04]
['2014-03-03', 8.04, 8.04, 7.83, 8.02]
['2014-03-04', 8.05, 8.05, 7.92, 8.02]
['2014-03-05', 7.97, 8.03, 7.96, 8.03]
['2014-03-06', 8.04, 8.1, 8.04, 8.1]
['2014-03-07', 8.12, 8.12, 8.05, 8.09]
['2014-03-10', 8.09, 8.09, 8.01, 8.04]
['2014-03-11', 8.02, 8.02, 7.95, 7.99]
['2014-03-12', 7.96, 8.12, 7.96, 8.01]
['2014-03-13', 8.04, 8.05, 7.99, 8.05]
['2014-03-14', 8.05, 8.05, 8.03, 8.04]
['2014-03-17', 8.04, 8.05, 8.04, 8.04]
['2014-03-18', 8.04, 8.13, 8.03, 8.12]
['2014-03-19', 8.13, 8.13, 8.02, 8.03]
['2014-03-20', 8.1, 8.24, 8.05, 8.2]
['2014-03-21', 8.21, 8.24, 8.14, 8.22]
['2014-03-24', 8.13, 8.22, 8.13, 8.22]
['2014-03-25', 8.56, 8.56, 8.3, 8.4]
['2014-03-26', 8.34, 8.42, 8.22, 8.34]
['2014-03-27', 8.4, 8.4, 8.29, 8.4]
['2014-03-28', 8.42, 8.54, 8.35, 8.44]
['2014-03-31', 8.41, 8.52, 8.24, 8.28]
['2014-04-01', 8.29, 8.33, 8.21, 8.32]
['2014-04-02', 8.31, 8.47, 8.3, 8.41]
['2014-04-03', 8.49, 8.49, 8.39, 8.47]
['2014-04-04', 8.48, 8.51, 8.41, 8.41]
['2014-04-07', 8.5, 8.5, 8.38, 8.45]
['2014-04-08', 8.41, 8.43, 8.38, 8.38]
['2014-04-09', 8.4, 8.41, 8.33, 8.34]
['2014-04-10', 8.38, 8.42, 8.3, 8.35]
['2014-04-11', 8.33, 8.35, 8.15, 8.2]
['2014-04-14', 8.25, 8.34, 8.16, 8.3]
['2014-04-15', 8.26, 8.49, 8.2, 8.21]
['2014-04-16', 8.27, 8.31, 8.2, 8.23]
['2014-04-17', 8.29, 8.33, 8.24, 8.31]
['2014-04-21', 8.3, 8.51, 8.26, 8.26]
['2014-04-22', 8.27, 8.32, 8.24, 8.28]
['2014-04-23', 8.23, 8.3, 8.23, 8.26]
['2014-04-24', 8.31, 8.36, 8.23, 8.28]
['2014-04-25', 8.28, 8.32, 8.22, 8.32]
['2014-04-28', 8.25, 8.3, 8.2, 8.21]
['2014-04-29', 8.26, 8.35, 8.18, 8.18]
['2014-04-30', 8.22, 8.24, 8.19, 8.2]
['2014-05-01', 8.18, 8.2, 8.18, 8.18]
['2014-05-02', 8.15, 8.24, 8.15, 8.24]
['2014-05-05', 8.26, 8.26, 8.1, 8.13]
['2014-05-06', 8.14, 8.15, 8.07, 8.14]
['2014-05-07', 8.12, 8.16, 8.12, 8.13]
['2014-05-08', 8.09, 8.16, 8.09, 8.12]
['2014-05-09', 8.09, 8.12, 8.04, 8.12]
['2014-05-12', 8.07, 8.16, 8.02, 8.12]
['2014-05-13', 8.16, 8.18, 8.07, 8.07]
['2014-05-14', 8.06, 8.18, 8.06, 8.14]
['2014-05-15', 8.15, 8.26, 8.07, 8.1]
['2014-05-16', 8.14, 8.41, 8.14, 8.23]
['2014-05-19', 8.26, 8.4, 8.24, 8.33]
['2014-05-20', 8.49, 8.49, 8.18, 8.25]
['2014-05-21', 8.26, 8.36, 8.26, 8.32]
['2014-05-22', 8.31, 8.47, 8.31, 8.36]
['2014-05-23', 8.35, 8.52, 8.34, 8.42]
['2014-05-27', 8.43, 8.45, 8.35, 8.43]
['2014-05-28', 8.43, 8.52, 8.37, 8.41]
['2014-05-29', 8.52, 8.52, 8.37, 8.45]
['2014-05-30', 8.54, 8.54, 8.41, 8.48]
['2014-06-02', 8.49, 8.49, 8.42, 8.44]
['2014-06-03', 8.48, 8.49, 8.41, 8.46]
['2014-06-04', 8.49, 8.49, 8.42, 8.49]
['2014-06-05', 8.49, 8.49, 8.42, 8.46]
['2014-06-06', 8.49, 8.49, 8.39, 8.42]
['2014-06-09', 8.46, 8.46, 8.37, 8.45]
['2014-06-10', 8.48, 8.48, 8.41, 8.44]
['2014-06-11', 8.48, 8.48, 8.33, 8.34]
['2014-06-12', 8.36, 8.38, 8.31, 8.34]
['2014-06-13', 8.38, 8.43, 8.26, 8.26]
['2014-06-16', 8.32, 8.34, 8.24, 8.26]
['2014-06-17', 8.21, 8.35, 8.21, 8.3]
['2014-06-18', 8.35, 8.35, 8.25, 8.27]
['2014-06-19', 8.32, 8.32, 8.24, 8.29]
['2014-06-20', 8.33, 8.35, 8.23, 8.35]
['2014-06-23', 8.35, 8.36, 8.25, 8.33]
['2014-06-24', 8.35, 8.38, 8.33, 8.34]
['2014-06-25', 8.38, 8.38, 8.32, 8.35]
['2014-06-26', 8.54, 8.54, 8.23, 8.35]
['2014-06-27', 8.38, 8.5, 8.07, 8.07]
['2014-06-30', 8.31, 8.33, 8.23, 8.23]
['2014-07-01', 8.29, 8.37, 8.23, 8.32]
['2014-07-02', 8.41, 8.41, 8.27, 8.32]
['2014-07-03', 8.36, 8.36, 8.22, 8.26]
['2014-07-07', 8.24, 8.32, 8.24, 8.26]
['2014-07-08', 8.23, 8.3, 8.23, 8.28]
['2014-07-09', 8.32, 8.32, 8.25, 8.27]
['2014-07-10', 8.25, 8.27, 8.24, 8.27]
['2014-07-11', 8.27, 8.31, 8.24, 8.25]
['2014-07-14', 8.27, 8.28, 8.21, 8.24]
['2014-07-15', 8.28, 8.29, 8.12, 8.24]
['2014-07-16', 8.28, 8.28, 8.15, 8.15]
['2014-07-17', 8.21, 8.27, 8.18, 8.24]
['2014-07-18', 8.24, 8.25, 8.21, 8.25]
['2014-07-21', 8.27, 8.27, 8.2, 8.23]
['2014-07-22', 8.24, 8.34, 8.19, 8.23]
['2014-07-23', 8.27, 8.27, 8.21, 8.24]
['2014-07-24', 8.28, 8.28, 8.21, 8.22]
['2014-07-25', 8.28, 8.28, 8.21, 8.25]
['2014-07-28', 8.3, 8.3, 8.24, 8.27]
['2014-07-29', 8.23, 8.3, 8.21, 8.26]
['2014-07-30', 8.29, 8.29, 8.24, 8.27]
['2014-07-31', 8.3, 8.3, 8.13, 8.13]
['2014-08-01', 8.2, 8.24, 7.84, 7.96]
['2014-08-04', 8.01, 8.05, 7.7, 7.7]
['2014-08-05', 7.71, 7.83, 7.71, 7.77]
['2014-08-06', 7.79, 7.81, 7.71, 7.79]
['2014-08-07', 7.83, 7.92, 7.82, 7.87]
['2014-08-08', 7.87, 8.04, 7.73, 7.99]
['2014-08-11', 7.98, 8.0, 7.83, 7.87]
['2014-08-12', 7.96, 7.96, 7.85, 7.87]
['2014-08-13', 7.91, 8.01, 7.74, 7.81]
['2014-08-14', 7.18, 7.25, 7.1, 7.1]
['2014-08-15', 7.16, 7.32, 7.13, 7.26]
['2014-08-18', 7.25, 7.33, 7.25, 7.28]
['2014-08-19', 7.25, 7.31, 7.22, 7.23]
['2014-08-20', 7.27, 7.3, 7.19, 7.27]
['2014-08-21', 7.3, 7.31, 7.23, 7.27]
['2014-08-22', 7.3, 7.3, 7.2, 7.26]
['2014-08-25', 7.3, 7.37, 7.25, 7.3]
['2014-08-26', 7.28, 7.36, 7.28, 7.32]
['2014-08-27', 7.35, 7.36, 7.25, 7.27]
['2014-08-28', 7.3, 7.32, 7.25, 7.26]
['2014-08-29', 7.26, 7.33, 7.23, 7.24]
['2014-09-02', 7.26, 7.3, 7.23, 7.27]
['2014-09-03', 7.27, 7.27, 7.16, 7.22]
['2014-09-04', 7.22, 7.22, 7.13, 7.13]
['2014-09-05', 7.13, 7.18, 7.1, 7.13]
['2014-09-08', 7.1, 7.25, 7.1, 7.19]
['2014-09-09', 7.18, 7.22, 7.07, 7.18]
['2014-09-10', 7.24, 7.24, 7.13, 7.16]
['2014-09-11', 7.21, 7.33, 7.16, 7.25]
['2014-09-12', 7.22, 7.3, 7.16, 7.18]
['2014-09-15', 7.22, 7.24, 6.92, 6.98]
['2014-09-16', 6.96, 7.1, 6.96, 7.02]
['2014-09-17', 7.01, 7.2, 6.95, 7.16]
['2014-09-18', 7.13, 7.18, 7.09, 7.17]
['2014-09-19', 7.21, 7.27, 7.19, 7.26]
['2014-09-22', 7.27, 7.27, 7.1, 7.16]
['2014-09-23', 7.15, 7.22, 6.98, 7.01]
['2014-09-24', 6.96, 7.09, 6.92, 7.08]
['2014-09-25', 7.09, 7.09, 6.78, 6.93]
['2014-09-26', 6.93, 7.05, 6.93, 7.05]
['2014-09-29', 7.08, 7.1, 6.98, 7.03]
['2014-09-30', 7.05, 7.14, 7.01, 7.11]
['2014-10-01', 7.11, 7.12, 7.04, 7.07]
['2014-10-02', 7.07, 7.08, 6.88, 6.98]
['2014-10-03', 6.98, 7.07, 6.98, 7.06]
['2014-10-06', 7.06, 7.06, 6.98, 7.02]
['2014-10-07', 7.0, 7.0, 6.86, 6.89]
['2014-10-08', 6.89, 6.93, 6.81, 6.91]
['2014-10-09', 6.93, 6.93, 6.79, 6.82]
['2014-10-10', 6.82, 6.94, 6.56, 6.87]
['2014-10-13', 6.84, 6.93, 6.68, 6.71]
['2014-10-14', 6.71, 6.72, 6.55, 6.58]
['2014-10-15', 6.56, 6.56, 6.25, 6.51]
['2014-10-16', 6.43, 6.77, 6.35, 6.74]
['2014-10-17', 6.77, 6.86, 6.68, 6.71]
['2014-10-20', 6.71, 6.71, 6.63, 6.68]
['2014-10-21', 6.71, 6.8, 6.66, 6.74]
['2014-10-22', 6.74, 6.77, 6.59, 6.63]
['2014-10-23', 6.66, 6.69, 6.52, 6.63]
['2014-10-24', 6.66, 6.66, 6.57, 6.6]
['2014-10-27', 6.62, 6.62, 6.53, 6.57]
['2014-10-28', 6.57, 6.6, 6.51, 6.58]
['2014-10-29', 6.58, 6.61, 6.45, 6.54]
['2014-10-30', 6.52, 6.57, 6.45, 6.53]
['2014-10-31', 6.57, 6.57, 6.5, 6.57]
['2014-11-03', 6.57, 6.62, 6.53, 6.57]
['2014-11-04', 6.54, 6.6, 6.44, 6.47]
['2014-11-05', 6.51, 6.52, 6.44, 6.48]
['2014-11-06', 6.5, 6.54, 6.45, 6.5]
['2014-11-07', 6.5, 6.56, 6.45, 6.5]
['2014-11-10', 6.48, 6.6, 6.47, 6.59]
['2014-11-11', 6.57, 6.59, 6.51, 6.53]
['2014-11-12', 6.52, 6.57, 6.5, 6.56]
['2014-11-13', 6.57, 6.59, 6.5, 6.53]
['2014-11-14', 6.55, 6.59, 6.5, 6.59]
['2014-11-17', 6.59, 6.71, 6.53, 6.69]
['2014-11-18', 6.67, 6.72, 6.6, 6.65]
['2014-11-19', 6.65, 6.65, 6.6, 6.65]
['2014-11-20', 6.62, 6.62, 6.5, 6.53]
['2014-11-21', 6.53, 6.64, 6.53, 6.56]
['2014-11-24', 6.6, 6.64, 6.6, 6.6]
['2014-11-25', 6.59, 6.77, 6.59, 6.75]
['2014-11-26', 6.75, 6.77, 6.7, 6.73]
['2014-11-28', 6.75, 6.75, 6.61, 6.66]
['2014-12-01', 6.65, 6.65, 6.5, 6.56]
['2014-12-02', 6.57, 6.59, 6.5, 6.53]
['2014-12-03', 6.54, 6.58, 6.47, 6.54]
['2014-12-04', 6.59, 6.59, 6.51, 6.54]
['2014-12-05', 6.52, 6.57, 6.52, 6.57]
['2014-12-08', 6.56, 6.57, 6.38, 6.38]
['2014-12-09', 6.38, 6.38, 6.27, 6.35]
['2014-12-10', 6.39, 6.39, 6.16, 6.2]
['2014-12-11', 6.26, 6.29, 6.19, 6.22]
['2014-12-12', 6.21, 6.22, 6.02, 6.13]
['2014-12-15', 6.16, 6.24, 6.11, 6.15]
['2014-12-16', 6.05, 6.16, 6.03, 6.05]
['2014-12-17', 6.07, 6.21, 6.07, 6.16]
['2014-12-18', 6.21, 6.52, 6.19, 6.24]
['2014-12-19', 6.29, 6.36, 6.22, 6.31]
['2014-12-22', 6.26, 6.34, 6.22, 6.28]
['2014-12-23', 6.26, 6.36, 6.23, 6.33]
['2014-12-24', 6.35, 6.41, 6.31, 6.37]
['2014-12-26', 6.38, 6.42, 6.32, 6.37]
['2014-12-29', 6.37, 6.37, 6.26, 6.32]
['2014-12-30', 6.29, 6.29, 6.19, 6.26]
['2014-12-31', 6.29, 6.39, 6.24, 6.33]
['2015-01-02', 6.37, 6.41, 6.27, 6.36]
['2015-01-05', 6.34, 6.41, 6.32, 6.36]
['2015-01-06', 6.35, 6.35, 6.27, 6.32]
['2015-01-07', 6.35, 6.35, 6.29, 6.34]
['2015-01-08', 6.35, 6.49, 6.35, 6.46]
['2015-01-09', 6.45, 6.57, 6.44, 6.53]
['2015-01-12', 6.56, 6.56, 6.45, 6.52]
['2015-01-13', 6.55, 6.57, 6.47, 6.52]
['2015-01-14', 6.49, 6.5, 6.33, 6.4]
['2015-01-15', 6.45, 6.45, 6.36, 6.41]
['2015-01-16', 6.41, 6.49, 6.4, 6.47]
['2015-01-20', 6.49, 6.51, 6.43, 6.48]
['2015-01-21', 6.48, 6.5, 6.44, 6.49]
['2015-01-22', 6.5, 6.52, 6.48, 6.49]
['2015-01-23', 6.5, 6.5, 6.46, 6.49]
['2015-01-26', 6.52, 6.55, 6.47, 6.51]
['2015-01-27', 6.47, 6.52, 6.47, 6.5]
['2015-01-28', 6.52, 6.54, 6.42, 6.48]
['2015-01-29', 6.39, 6.48, 6.35, 6.42]
['2015-01-30', 6.39, 6.45, 6.36, 6.39]
['2015-02-02', 6.42, 6.42, 6.33, 6.35]
['2015-02-03', 6.4, 6.58, 6.4, 6.5]
['2015-02-04', 6.51, 6.55, 6.45, 6.5]
['2015-02-05', 6.49, 6.77, 6.45, 6.73]
['2015-02-06', 6.76, 6.87, 6.65, 6.83]
['2015-02-09', 6.81, 6.85, 6.5, 6.73]
['2015-02-10', 6.77, 6.8, 6.62, 6.75]
['2015-02-11', 6.75, 6.8, 6.63, 6.67]
['2015-02-12', 6.71, 6.76, 6.67, 6.75]
['2015-02-13', 6.78, 6.8, 6.71, 6.76]
['2015-02-17', 6.75, 6.78, 6.67, 6.7]
['2015-02-18', 6.71, 6.76, 6.67, 6.71]
['2015-02-19', 6.69, 6.83, 6.69, 6.78]
['2015-02-20', 6.78, 6.78, 6.68, 6.76]
['2015-02-23', 6.76, 6.76, 6.67, 6.71]
['2015-02-24', 6.68, 6.88, 6.68, 6.81]
['2015-02-25', 6.83, 6.86, 6.78, 6.83]
['2015-02-26', 6.83, 6.83, 6.73, 6.79]
['2015-02-27', 6.81, 6.83, 6.77, 6.81]
['2015-03-02', 6.83, 6.83, 6.75, 6.79]
['2015-03-03', 6.8, 6.81, 6.76, 6.81]
['2015-03-04', 6.78, 6.8, 6.76, 6.78]
['2015-03-05', 6.8, 6.8, 6.72, 6.74]
['2015-03-06', 6.75, 6.78, 6.7, 6.77]
['2015-03-09', 6.77, 6.8, 6.73, 6.75]
['2015-03-10', 6.74, 6.75, 6.66, 6.68]
['2015-03-11', 6.7, 6.76, 6.66, 6.72]
['2015-03-12', 6.73, 6.77, 6.67, 6.72]
['2015-03-13', 6.69, 6.78, 6.67, 6.75]
['2015-03-16', 6.76, 6.76, 6.52, 6.68]
['2015-03-17', 6.68, 6.75, 6.6, 6.68]
['2015-03-18', 6.66, 6.74, 6.63, 6.7]
['2015-03-19', 6.68, 6.73, 6.66, 6.72]
['2015-03-20', 6.73, 6.73, 6.69, 6.72]
['2015-03-23', 6.73, 6.81, 6.69, 6.72]
['2015-03-24', 6.72, 6.78, 6.7, 6.75]
['2015-03-25', 6.76, 6.78, 6.67, 6.72]
['2015-03-26', 6.73, 6.76, 6.72, 6.75]
['2015-03-27', 6.75, 6.78, 6.71, 6.77]
['2015-03-30', 6.79, 6.84, 6.73, 6.77]
['2015-03-31', 6.77, 6.87, 6.75, 6.77]
['2015-04-01', 6.74, 6.78, 6.7, 6.74]
['2015-04-02', 6.78, 6.8, 6.74, 6.78]
['2015-04-06', 6.78, 6.8, 6.72, 6.78]
['2015-04-07', 6.8, 6.85, 6.7, 6.75]
['2015-04-08', 6.77, 6.77, 6.61, 6.71]
['2015-04-09', 6.74, 6.75, 6.65, 6.75]
['2015-04-10', 6.76, 6.76, 6.71, 6.75]
['2015-04-13', 6.71, 6.78, 6.64, 6.75]
['2015-04-14', 6.75, 6.82, 6.69, 6.82]
['2015-04-15', 6.83, 6.83, 6.73, 6.8]
['2015-04-16', 6.8, 6.96, 6.8, 6.94]
['2015-04-17', 6.94, 6.95, 6.85, 6.9]
['2015-04-20', 6.89, 6.97, 6.85, 6.93]
['2015-04-21', 6.87, 6.96, 6.87, 6.94]
['2015-04-22', 6.94, 6.95, 6.89, 6.91]
['2015-04-23', 6.93, 6.97, 6.89, 6.91]
['2015-04-24', 6.9, 6.94, 6.85, 6.9]
['2015-04-27', 6.91, 6.94, 6.88, 6.9]
['2015-04-28', 6.87, 6.97, 6.87, 6.97]
['2015-04-29', 6.96, 7.02, 6.83, 6.88]
['2015-04-30', 6.9, 6.95, 6.85, 6.95]
['2015-05-01', 6.9, 6.94, 6.89, 6.94]
['2015-05-04', 6.93, 6.94, 6.82, 6.86]
['2015-05-05', 6.84, 6.89, 6.84, 6.87]
['2015-05-06', 6.88, 6.88, 6.69, 6.76]
['2015-05-07', 6.7, 6.75, 6.69, 6.72]
['2015-05-08', 6.72, 6.73, 6.69, 6.71]
['2015-05-11', 6.7, 6.72, 6.64, 6.65]
['2015-05-12', 6.65, 6.65, 6.31, 6.47]
['2015-05-13', 6.45, 6.57, 6.43, 6.52]
['2015-05-14', 6.51, 6.55, 6.43, 6.46]
['2015-05-15', 6.47, 6.53, 6.43, 6.49]
['2015-05-18', 6.47, 6.51, 6.43, 6.46]
['2015-05-19', 6.48, 6.52, 6.43, 6.45]
['2015-05-20', 6.47, 6.49, 6.38, 6.46]
['2015-05-21', 6.4, 6.45, 6.4, 6.44]
['2015-05-22', 6.45, 6.49, 6.43, 6.45]
['2015-05-26', 6.45, 6.52, 6.45, 6.5]
['2015-05-27', 6.52, 6.54, 6.49, 6.52]
['2015-05-28', 6.52, 6.61, 6.52, 6.56]
['2015-05-29', 6.56, 6.61, 6.46, 6.47]
['2015-06-01', 6.51, 6.58, 6.49, 6.54]
['2015-06-02', 6.58, 6.59, 6.51, 6.54]
['2015-06-03', 6.58, 6.58, 6.51, 6.55]
['2015-06-04', 6.56, 6.6, 6.44, 6.52]
['2015-06-05', 6.54, 6.56, 6.49, 6.53]
['2015-06-08', 6.51, 6.51, 6.45, 6.48]
['2015-06-09', 6.46, 6.5, 6.43, 6.49]
['2015-06-10', 6.51, 6.51, 6.43, 6.51]
['2015-06-11', 6.48, 6.5, 6.43, 6.49]
['2015-06-12', 6.49, 6.56, 6.48, 6.56]
['2015-06-15', 6.53, 6.58, 6.4, 6.5]
['2015-06-16', 6.5, 6.55, 6.45, 6.49]
['2015-06-17', 6.5, 6.54, 6.49, 6.51]
['2015-06-18', 6.52, 6.58, 6.49, 6.58]
['2015-06-19', 6.56, 6.59, 6.51, 6.54]
['2015-06-22', 6.55, 6.55, 6.46, 6.49]
['2015-06-23', 6.47, 6.52, 6.47, 6.51]
['2015-06-24', 6.49, 6.51, 6.49, 6.5]
['2015-06-25', 6.51, 6.51, 6.44, 6.48]
['2015-06-26', 6.39, 6.45, 6.3, 6.32]
['2015-06-29', 6.26, 6.28, 6.05, 6.15]
['2015-06-30', 6.18, 6.19, 6.03, 6.05]
['2015-07-01', 6.04, 6.07, 5.97, 6.0]
['2015-07-02', 6.01, 6.01, 5.96, 5.99]
['2015-07-06', 5.95, 6.05, 5.94, 6.05]
['2015-07-07', 6.05, 6.09, 5.96, 6.07]
['2015-07-08', 6.05, 6.07, 6.0, 6.05]
['2015-07-09', 6.07, 6.15, 6.07, 6.11]
['2015-07-10', 6.18, 6.19, 6.07, 6.1]
['2015-07-13', 6.13, 6.21, 6.08, 6.11]
['2015-07-14', 6.12, 6.18, 6.11, 6.17]
['2015-07-15', 6.18, 6.19, 6.12, 6.15]
['2015-07-16', 6.17, 6.2, 6.15, 6.17]
['2015-07-17', 6.17, 6.18, 6.09, 6.12]
['2015-07-20', 6.11, 6.13, 5.94, 5.97]
['2015-07-21', 5.94, 6.01, 5.87, 5.93]
['2015-07-22', 5.91, 5.91, 5.84, 5.91]
['2015-07-23', 5.9, 5.98, 5.89, 5.96]
['2015-07-24', 5.94, 6.03, 5.94, 5.98]
['2015-07-27', 5.96, 5.99, 5.94, 5.98]
['2015-07-28', 5.98, 6.08, 5.91, 5.99]
['2015-07-29', 6.0, 6.07, 5.93, 6.03]
['2015-07-30', 6.04, 6.07, 5.98, 6.04]
['2015-07-31', 6.05, 6.09, 6.02, 6.07]
['2015-08-03', 6.05, 6.08, 5.98, 6.05]
['2015-08-04', 6.05, 6.07, 6.0, 6.06]
['2015-08-05', 6.07, 6.15, 6.01, 6.04]
['2015-08-06', 6.04, 6.07, 6.02, 6.06]
['2015-08-07', 6.04, 6.06, 6.03, 6.05]
['2015-08-10', 6.05, 6.14, 6.04, 6.12]
['2015-08-11', 5.98, 6.04, 5.66, 5.89]
['2015-08-12', 5.9, 6.04, 5.88, 6.0]
['2015-08-13', 5.97, 6.1, 5.96, 5.98]
['2015-08-14', 5.98, 6.13, 5.98, 6.05]
['2015-08-17', 6.05, 6.12, 6.04, 6.08]
['2015-08-18', 6.09, 6.09, 5.99, 6.04]
['2015-08-19', 6.04, 6.05, 5.98, 6.0]
['2015-08-20', 6.0, 6.07, 5.98, 6.0]
['2015-08-21', 5.97, 6.03, 5.82, 5.92]
['2015-08-24', 5.88, 6.02, 5.61, 5.68]
['2015-08-25', 5.76, 5.93, 5.74, 5.8]
['2015-08-26', 5.84, 5.85, 5.7, 5.79]
['2015-08-27', 5.81, 5.92, 5.8, 5.9]
['2015-08-28', 5.87, 5.94, 5.76, 5.9]
['2015-08-31', 5.86, 5.93, 5.84, 5.86]
['2015-09-01', 5.83, 5.89, 5.74, 5.8]
['2015-09-02', 5.72, 5.94, 5.72, 5.87]
['2015-09-03', 5.89, 5.99, 5.83, 5.89]
['2015-09-04', 5.88, 5.97, 5.83, 5.89]
['2015-09-08', 5.92, 5.97, 5.85, 5.91]
['2015-09-09', 5.91, 5.99, 5.89, 5.93]
['2015-09-10', 5.93, 5.95, 5.88, 5.91]
['2015-09-11', 5.93, 6.03, 5.91, 5.99]
['2015-09-14', 5.95, 5.95, 5.85, 5.91]
['2015-09-15', 5.92, 5.97, 5.86, 5.96]
['2015-09-16', 5.93, 6.04, 5.92, 6.01]
['2015-09-17', 5.99, 5.99, 5.87, 5.95]
['2015-09-18', 5.91, 5.99, 5.89, 5.95]
['2015-09-21', 5.95, 6.03, 5.95, 6.01]
['2015-09-22', 5.97, 6.03, 5.97, 6.01]
['2015-09-23', 6.0, 6.05, 5.98, 5.99]
['2015-09-24', 5.97, 6.06, 5.89, 5.98]
['2015-09-25', 6.01, 6.04, 5.94, 5.99]
['2015-09-28', 5.96, 5.99, 5.81, 5.84]
['2015-09-29', 5.82, 5.88, 5.57, 5.69]
['2015-09-30', 5.73, 5.85, 5.69, 5.84]
['2015-10-01', 5.87, 5.94, 5.81, 5.93]
['2015-10-02', 5.91, 5.95, 5.86, 5.86]
['2015-10-05', 5.87, 5.92, 5.82, 5.86]
['2015-10-06', 5.87, 5.92, 5.84, 5.89]
['2015-10-07', 5.91, 5.98, 5.88, 5.98]
['2015-10-08', 5.97, 6.13, 5.89, 6.09]
['2015-10-09', 6.07, 6.1, 6.03, 6.09]
['2015-10-12', 6.1, 6.14, 6.06, 6.1]
['2015-10-13', 6.09, 6.13, 6.06, 6.1]
['2015-10-14', 6.1, 6.12, 5.99, 6.02]
['2015-10-15', 6.05, 6.07, 5.97, 6.05]
['2015-10-16', 6.03, 6.09, 5.99, 6.08]
['2015-10-19', 6.05, 6.09, 6.0, 6.03]
['2015-10-20', 6.04, 6.08, 5.99, 6.0]
['2015-10-21', 5.98, 6.0, 5.84, 5.86]
['2015-10-22', 5.84, 6.04, 5.84, 5.86]
['2015-10-23', 5.9, 5.94, 5.75, 5.84]
['2015-10-26', 5.84, 5.92, 5.83, 5.9]
['2015-10-27', 5.87, 5.94, 5.86, 5.91]
['2015-10-28', 5.92, 5.96, 5.77, 5.86]
['2015-10-29', 5.83, 5.96, 5.73, 5.8]
['2015-10-30', 5.81, 5.85, 5.74, 5.77]
['2015-11-02', 5.77, 5.87, 5.75, 5.77]
['2015-11-03', 5.79, 5.9, 5.75, 5.86]
['2015-11-04', 5.85, 5.98, 5.85, 5.91]
['2015-11-05', 5.91, 6.0, 5.87, 5.91]
['2015-11-06', 5.8, 6.06, 5.8, 5.98]
['2015-11-09', 6.0, 6.0, 5.87, 5.9]
['2015-11-10', 5.88, 5.92, 5.83, 5.85]
['2015-11-11', 5.89, 5.95, 5.8, 5.87]
['2015-11-12', 5.87, 5.94, 5.84, 5.85]
['2015-11-13', 5.82, 5.87, 5.76, 5.85]
['2015-11-16', 5.85, 5.98, 5.85, 5.96]
['2015-11-17', 5.96, 6.02, 5.9, 5.98]
['2015-11-18', 5.96, 5.98, 5.91, 5.94]
['2015-11-19', 5.92, 5.97, 5.87, 5.93]
['2015-11-20', 5.91, 5.97, 5.82, 5.84]
['2015-11-23', 5.84, 5.98, 5.79, 5.97]
['2015-11-24', 5.93, 5.93, 5.85, 5.93]
['2015-11-25', 5.87, 5.98, 5.85, 5.94]
['2015-11-27', 5.91, 5.96, 5.91, 5.95]
['2015-11-30', 5.93, 6.06, 5.92, 6.03]
['2015-12-01', 6.02, 6.04, 5.93, 5.99]
['2015-12-02', 5.96, 6.0, 5.89, 5.9]
['2015-12-03', 5.89, 5.94, 5.81, 5.81]
['2015-12-04', 5.81, 5.96, 5.66, 5.76]
['2015-12-07', 5.73, 5.77, 5.55, 5.6]
['2015-12-08', 5.53, 5.68, 5.53, 5.6]
['2015-12-09', 5.61, 5.65, 5.4, 5.53]
['2015-12-10', 5.52, 5.59, 5.44, 5.49]
['2015-12-11', 5.45, 5.47, 5.19, 5.33]
['2015-12-14', 5.31, 5.38, 5.04, 5.11]
['2015-12-15', 5.29, 5.35, 5.15, 5.24]
['2015-12-16', 5.24, 5.65, 5.24, 5.38]
['2015-12-17', 5.36, 5.54, 5.36, 5.39]
['2015-12-18', 5.45, 5.51, 5.31, 5.33]
['2015-12-21', 5.34, 5.47, 5.21, 5.38]
['2015-12-22', 5.38, 5.62, 5.38, 5.58]
['2015-12-23', 5.6, 5.87, 5.57, 5.85]
['2015-12-24', 5.85, 6.02, 5.71, 5.91]
['2015-12-28', 5.86, 6.01, 5.7, 5.78]
['2015-12-29', 5.77, 6.05, 5.77, 5.79]
['2015-12-30', 5.72, 6.07, 5.72, 5.95]
['2015-12-31', 5.89, 6.08, 5.82, 5.94]
['2016-01-04', 5.88, 6.02, 5.82, 6.01]
['2016-01-05', 5.99, 5.99, 5.87, 5.93]
['2016-01-06', 5.85, 5.93, 5.76, 5.86]
['2016-01-07', 5.79, 5.86, 5.57, 5.64]
['2016-01-08', 5.63, 5.81, 5.63, 5.78]
['2016-01-11', 5.77, 5.79, 5.59, 5.61]
['2016-01-12', 5.68, 5.68, 5.32, 5.39]
['2016-01-13', 5.34, 5.34, 5.1, 5.16]
['2016-01-14', 5.16, 5.16, 4.97, 5.1]
['2016-01-15', 5.0, 5.05, 4.73, 4.92]
['2016-01-19', 4.96, 4.96, 4.71, 4.82]
['2016-01-20', 4.75, 4.84, 4.55, 4.72]
['2016-01-21', 4.8, 4.87, 4.63, 4.74]
['2016-01-22', 4.81, 5.18, 4.75, 5.14]
['2016-01-25', 5.09, 5.16, 4.9, 4.91]
['2016-01-26', 4.92, 5.05, 4.89, 4.96]
['2016-01-27', 4.95, 5.09, 4.88, 4.97]
['2016-01-28', 5.03, 5.25, 4.95, 5.17]
['2016-01-29', 5.16, 5.4, 5.15, 5.22]
['2016-02-01', 5.17, 5.32, 5.05, 5.2]
['2016-02-02', 5.18, 5.34, 5.09, 5.21]
['2016-02-03', 5.22, 5.36, 5.19, 5.29]
['2016-02-04', 5.27, 5.43, 5.24, 5.36]
['2016-02-05', 5.35, 5.44, 5.22, 5.24]
['2016-02-08', 5.22, 5.32, 5.09, 5.26]
['2016-02-09', 5.22, 5.49, 4.94, 5.04]
['2016-02-10', 5.03, 5.03, 4.8, 4.88]
['2016-02-11', 4.73, 4.73, 4.57, 4.69]
['2016-02-12', 4.73, 4.95, 4.73, 4.89]
['2016-02-16', 4.89, 4.95, 4.83, 4.88]
['2016-02-17', 4.94, 5.11, 4.76, 5.05]
['2016-02-18', 5.08, 5.15, 5.01, 5.14]
['2016-02-19', 5.11, 5.11, 4.96, 5.1]
['2016-02-22', 5.12, 5.24, 5.08, 5.09]
['2016-02-23', 5.1, 5.22, 5.08, 5.12]
['2016-02-24', 5.06, 5.17, 4.91, 5.1]
['2016-02-25', 5.09, 5.17, 5.05, 5.15]
['2016-02-26', 5.16, 5.24, 5.13, 5.22]
['2016-02-29', 5.23, 5.4, 5.15, 5.36]
['2016-03-01', 5.36, 5.4, 5.31, 5.4]
['2016-03-02', 5.36, 5.43, 5.31, 5.39]
['2016-03-03', 5.37, 5.4, 5.31, 5.38]
['2016-03-04', 5.38, 5.49, 5.36, 5.45]
['2016-03-07', 5.46, 5.46, 5.31, 5.31]
['2016-03-08', 5.31, 5.32, 5.26, 5.3]
['2016-03-09', 5.31, 5.43, 5.3, 5.4]
['2016-03-10', 5.43, 5.54, 5.43, 5.52]
['2016-03-11', 5.49, 5.54, 5.48, 5.5]
['2016-03-14', 5.49, 5.49, 5.34, 5.48]
['2016-03-15', 5.42, 5.46, 5.34, 5.41]
['2016-03-16', 5.36, 5.41, 5.31, 5.32]
['2016-03-17', 5.32, 5.41, 5.3, 5.36]
['2016-03-18', 5.34, 5.37, 5.3, 5.34]
['2016-03-21', 5.36, 5.39, 5.31, 5.34]
['2016-03-22', 5.31, 5.37, 5.31, 5.37]
['2016-03-23', 5.34, 5.45, 5.27, 5.32]
['2016-03-24', 5.31, 5.39, 5.23, 5.36]
['2016-03-28', 5.37, 5.43, 5.26, 5.35]
['2016-03-29', 5.27, 5.43, 5.26, 5.41]
['2016-03-30', 5.37, 5.47, 5.37, 5.43]
['2016-03-31', 5.46, 5.6, 5.46, 5.6]
['2016-04-01', 5.55, 5.61, 5.51, 5.51]
['2016-04-04', 5.53, 5.55, 5.43, 5.49]
['2016-04-05', 5.46, 5.6, 5.43, 5.58]
['2016-04-06', 5.55, 5.6, 5.51, 5.6]
['2016-04-07', 5.57, 5.57, 5.46, 5.48]
['2016-04-08', 5.51, 5.6, 5.43, 5.52]
['2016-04-11', 5.55, 5.67, 5.55, 5.65]
['2016-04-12', 5.63, 5.9, 5.53, 5.6]
['2016-04-13', 5.64, 5.69, 5.54, 5.57]
['2016-04-14', 5.58, 5.62, 5.56, 5.58]
['2016-04-15', 5.56, 5.7, 5.55, 5.64]
['2016-04-18', 5.64, 5.7, 5.57, 5.6]
['2016-04-19', 5.61, 5.62, 5.55, 5.61]
['2016-04-20', 5.57, 5.7, 5.57, 5.6]
['2016-04-21', 5.62, 5.7, 5.61, 5.69]
['2016-04-22', 5.69, 5.69, 5.57, 5.65]
['2016-04-25', 5.62, 5.66, 5.57, 5.57]
['2016-04-26', 5.6, 5.63, 5.56, 5.57]
['2016-04-27', 5.56, 5.76, 5.54, 5.7]
['2016-04-28', 5.69, 5.73, 5.62, 5.64]
['2016-04-29', 5.66, 5.77, 5.57, 5.63]
['2016-05-02', 5.61, 5.68, 5.57, 5.64]
['2016-05-03', 5.62, 5.68, 5.55, 5.59]
['2016-05-04', 5.55, 5.6, 5.49, 5.55]
['2016-05-05', 5.54, 5.61, 5.54, 5.55]
['2016-05-06', 5.54, 5.61, 5.51, 5.59]
['2016-05-09', 5.59, 5.72, 5.51, 5.54]
['2016-05-10', 5.54, 5.6, 5.46, 5.48]
['2016-05-11', 5.44, 5.59, 5.44, 5.47]
['2016-05-12', 5.47, 5.56, 5.41, 5.53]
['2016-05-13', 5.51, 5.54, 5.43, 5.45]
['2016-05-16', 5.46, 5.48, 5.38, 5.38]
['2016-05-17', 5.36, 5.5, 5.36, 5.39]
['2016-05-18', 5.37, 5.46, 5.37, 5.4]
['2016-05-19', 5.37, 5.45, 5.22, 5.32]
['2016-05-20', 5.34, 5.4, 5.27, 5.37]
['2016-05-23', 5.41, 5.58, 5.38, 5.53]
['2016-05-24', 5.56, 5.56, 5.5, 5.52]
['2016-05-25', 5.55, 5.71, 5.52, 5.71]
['2016-05-26', 5.66, 5.71, 5.62, 5.66]
['2016-05-27', 5.66, 5.74, 5.66, 5.7]
['2016-05-31', 5.71, 5.76, 5.63, 5.65]
['2016-06-01', 5.64, 5.73, 5.58, 5.72]
['2016-06-02', 5.71, 5.74, 5.7, 5.74]
['2016-06-03', 5.7, 5.8, 5.66, 5.76]
['2016-06-06', 5.75, 5.83, 5.74, 5.79]
['2016-06-07', 5.79, 5.86, 5.76, 5.83]
['2016-06-08', 5.84, 5.93, 5.8, 5.86]
['2016-06-09', 5.84, 5.84, 5.77, 5.81]
['2016-06-10', 5.78, 5.81, 5.76, 5.77]
['2016-06-13', 5.78, 5.87, 5.75, 5.8]
['2016-06-14', 5.78, 5.83, 5.76, 5.78]
['2016-06-15', 5.8, 5.88, 5.78, 5.85]
['2016-06-16', 5.81, 5.85, 5.78, 5.83]
['2016-06-17', 5.8, 5.9, 5.78, 5.85]
['2016-06-20', 5.9, 6.01, 5.85, 5.92]
['2016-06-21', 5.95, 5.96, 5.88, 5.88]
['2016-06-22', 5.91, 5.98, 5.85, 5.86]
['2016-06-23', 5.96, 5.96, 5.84, 5.87]
['2016-06-24', 5.77, 5.88, 5.53, 5.53]
['2016-06-27', 5.56, 5.72, 5.54, 5.56]
['2016-06-28', 5.61, 5.72, 5.56, 5.68]
['2016-06-29', 5.74, 5.74, 5.64, 5.73]
['2016-06-30', 5.75, 5.79, 5.7, 5.79]
['2016-07-01', 5.79, 5.88, 5.77, 5.85]
['2016-07-05', 5.85, 5.87, 5.82, 5.84]
['2016-07-06', 5.78, 5.93, 5.78, 5.91]
['2016-07-07', 5.91, 5.93, 5.8, 5.9]
['2016-07-08', 5.92, 5.96, 5.88, 5.95]
['2016-07-11', 5.97, 6.0, 5.94, 5.99]
['2016-07-12', 5.99, 6.05, 5.96, 5.97]
['2016-07-13', 6.01, 6.05, 6.0, 6.01]
['2016-07-14', 6.04, 6.08, 6.0, 6.03]
['2016-07-15', 6.02, 6.06, 6.0, 6.03]
['2016-07-18', 6.04, 6.12, 6.02, 6.07]
['2016-07-19', 6.06, 6.11, 6.06, 6.11]
['2016-07-20', 6.1, 6.11, 6.03, 6.11]
['2016-07-21', 6.11, 6.11, 5.99, 6.09]
['2016-07-22', 6.08, 6.19, 6.08, 6.17]
['2016-07-25', 6.2, 6.23, 6.14, 6.21]
['2016-07-26', 6.2, 6.23, 6.17, 6.2]
['2016-07-27', 6.22, 6.23, 6.17, 6.2]
['2016-07-28', 6.2, 6.2, 6.17, 6.17]
['2016-07-29', 6.2, 6.22, 6.13, 6.17]
['2016-08-01', 6.2, 6.27, 6.13, 6.18]
['2016-08-02', 6.19, 6.21, 6.11, 6.15]
['2016-08-03', 6.16, 6.2, 6.12, 6.17]
['2016-08-04', 6.18, 6.24, 6.08, 6.22]
['2016-08-05', 6.21, 6.27, 6.17, 6.25]
['2016-08-08', 6.27, 6.31, 6.24, 6.31]
['2016-08-09', 6.32, 6.42, 6.3, 6.35]
['2016-08-10', 6.31, 6.31, 6.08, 6.22]
['2016-08-11', 6.27, 6.27, 6.11, 6.21]
['2016-08-12', 6.2, 6.27, 6.11, 6.21]
['2016-08-15', 6.25, 6.26, 6.15, 6.19]
['2016-08-16', 6.22, 6.32, 6.17, 6.2]
['2016-08-17', 6.23, 6.32, 6.21, 6.28]
['2016-08-18', 6.29, 6.33, 6.21, 6.25]
['2016-08-19', 6.28, 6.35, 6.21, 6.32]
['2016-08-22', 6.33, 6.37, 6.29, 6.33]
['2016-08-23', 6.37, 6.43, 6.33, 6.41]
['2016-08-24', 6.42, 6.44, 6.37, 6.39]
['2016-08-25', 6.41, 6.52, 6.41, 6.47]
['2016-08-26', 6.49, 6.54, 6.45, 6.5]
['2016-08-29', 6.53, 6.6, 6.52, 6.56]
['2016-08-30', 6.59, 6.62, 6.57, 6.61]
['2016-08-31', 6.63, 6.64, 6.39, 6.62]
['2016-09-01', 6.6, 6.63, 6.52, 6.55]
['2016-09-02', 6.59, 6.66, 6.52, 6.56]
['2016-09-06', 6.59, 6.64, 6.51, 6.58]
['2016-09-07', 6.6, 6.66, 6.52, 6.59]
['2016-09-08', 6.6, 6.65, 6.52, 6.55]
['2016-09-09', 6.53, 6.55, 6.37, 6.41]
['2016-09-12', 6.35, 6.47, 6.35, 6.44]
['2016-09-13', 6.43, 6.45, 6.35, 6.39]
['2016-09-14', 6.4, 6.44, 6.31, 6.33]
['2016-09-15', 6.35, 6.46, 6.35, 6.36]
['2016-09-16', 6.38, 6.39, 6.33, 6.36]
['2016-09-19', 6.37, 6.46, 6.37, 6.41]
['2016-09-20', 6.43, 6.49, 6.39, 6.42]
['2016-09-21', 6.43, 6.45, 6.36, 6.42]
['2016-09-22', 6.42, 6.46, 6.42, 6.46]
['2016-09-23', 6.44, 6.6, 6.44, 6.53]
['2016-09-26', 6.52, 6.52, 6.39, 6.41]
['2016-09-27', 6.41, 6.47, 6.39, 6.42]
['2016-09-28', 6.42, 6.45, 6.35, 6.39]
['2016-09-29', 6.38, 6.39, 6.36, 6.39]
['2016-09-30', 6.42, 6.5, 6.39, 6.39]
['2016-10-03', 6.42, 6.53, 6.42, 6.51]
['2016-10-04', 6.52, 6.54, 6.42, 6.46]
['2016-10-05', 6.48, 6.52, 6.44, 6.51]
['2016-10-06', 6.51, 6.57, 6.48, 6.57]
['2016-10-07', 6.57, 6.62, 6.54, 6.57]
['2016-10-10', 6.58, 6.65, 6.57, 6.65]
['2016-10-11', 6.64, 6.65, 6.58, 6.6]
['2016-10-12', 6.57, 6.64, 6.53, 6.58]
['2016-10-13', 6.56, 6.56, 6.44, 6.48]
['2016-10-14', 6.49, 6.52, 6.48, 6.49]
['2016-10-17', 6.46, 6.65, 6.34, 6.37]
['2016-10-18', 6.38, 6.46, 6.32, 6.35]
['2016-10-19', 6.34, 6.44, 6.34, 6.37]
['2016-10-20', 6.37, 6.43, 6.26, 6.34]
['2016-10-21', 6.32, 6.46, 6.29, 6.43]
['2016-10-24', 6.43, 6.48, 6.42, 6.46]
['2016-10-25', 6.45, 6.52, 6.43, 6.48]
['2016-10-26', 6.49, 6.57, 6.25, 6.35]
['2016-10-27', 6.35, 6.5, 6.3, 6.47]
['2016-10-28', 6.47, 6.55, 6.42, 6.55]
['2016-10-31', 6.55, 6.57, 6.43, 6.47]
['2016-11-01', 6.49, 6.52, 6.34, 6.35]
['2016-11-02', 6.35, 6.46, 6.3, 6.43]
['2016-11-03', 6.45, 6.6, 6.4, 6.6]
['2016-11-04', 6.59, 6.61, 6.4, 6.43]
['2016-11-07', 6.53, 6.57, 6.41, 6.49]
['2016-11-08', 6.46, 6.56, 6.44, 6.55]
['2016-11-09', 6.53, 6.68, 6.47, 6.64]
['2016-11-10', 6.67, 6.94, 6.61, 6.88]
['2016-11-11', 6.93, 6.96, 6.9, 6.93]
['2016-11-14', 6.95, 6.95, 6.91, 6.93]
['2016-11-15', 6.95, 6.97, 6.9, 6.94]
['2016-11-16', 6.93, 6.96, 6.91, 6.91]
['2016-11-17', 6.9, 6.95, 6.9, 6.93]
['2016-11-18', 6.93, 7.06, 6.92, 7.06]
['2016-11-21', 7.05, 7.09, 7.03, 7.06]
['2016-11-22', 7.08, 7.14, 7.03, 7.13]
['2016-11-23', 7.12, 7.12, 7.06, 7.1]
['2016-11-25', 7.1, 7.16, 7.06, 7.06]
['2016-11-28', 7.09, 7.22, 6.99, 7.22]
['2016-11-29', 7.19, 7.28, 7.08, 7.25]
['2016-11-30', 7.27, 7.3, 7.0, 7.04]
['2016-12-01', 7.01, 7.01, 6.8, 6.8]
['2016-12-02', 6.78, 6.93, 6.74, 6.92]
['2016-12-05', 6.93, 6.99, 6.82, 6.86]
['2016-12-06', 6.86, 6.9, 6.74, 6.8]
['2016-12-07', 6.78, 6.8, 6.74, 6.78]
['2016-12-08', 6.79, 6.85, 6.67, 6.73]
['2016-12-09', 6.73, 6.97, 6.64, 6.96]
['2016-12-12', 6.97, 6.98, 6.74, 6.81]
['2016-12-13', 6.84, 6.9, 6.78, 6.82]
['2016-12-14', 6.84, 7.07, 6.84, 6.96]
['2016-12-15', 6.95, 6.95, 6.79, 6.81]
['2016-12-16', 6.84, 6.86, 6.74, 6.76]
['2016-12-19', 6.76, 6.93, 6.73, 6.75]
['2016-12-20', 6.8, 6.95, 6.78, 6.87]
['2016-12-21', 6.85, 6.93, 6.82, 6.82]
['2016-12-22', 6.84, 6.87, 6.76, 6.81]
['2016-12-23', 6.8, 6.82, 6.7, 6.78]
['2016-12-27', 6.78, 6.8, 6.72, 6.75]
['2016-12-28', 6.78, 6.78, 6.72, 6.72]
['2016-12-29', 6.72, 6.77, 6.72, 6.76]
['2016-12-30', 6.79, 6.79, 6.7, 6.73]
['2017-01-03', 6.75, 6.95, 6.75, 6.94]
['2017-01-04', 6.95, 7.16, 6.94, 7.15]
['2017-01-05', 7.15, 7.17, 7.03, 7.15]
['2017-01-06', 7.11, 7.14, 7.09, 7.1]
['2017-01-09', 7.1, 7.11, 7.03, 7.04]
['2017-01-10', 7.1, 7.11, 7.03, 7.06]
['2017-01-11', 7.09, 7.16, 7.06, 7.14]
['2017-01-12', 7.11, 7.13, 7.02, 7.08]
['2017-01-13', 7.07, 7.16, 6.99, 7.12]
['2017-01-17', 7.21, 7.39, 7.17, 7.37]
['2017-01-18', 7.36, 7.37, 7.27, 7.33]
['2017-01-19', 7.36, 7.37, 7.27, 7.32]
['2017-01-20', 7.34, 7.37, 7.32, 7.35]
['2017-01-23', 7.35, 7.4, 7.33, 7.37]
['2017-01-24', 7.39, 7.41, 7.36, 7.4]
['2017-01-25', 7.45, 7.59, 7.39, 7.58]
['2017-01-26', 7.63, 7.91, 7.6, 7.88]
['2017-01-27', 7.93, 7.99, 7.87, 7.95]
['2017-01-30', 8.04, 8.08, 7.85, 7.89]
['2017-01-31', 7.87, 7.95, 7.83, 7.93]
['2017-02-01', 7.97, 7.99, 7.68, 7.81]
['2017-02-02', 7.79, 7.81, 7.72, 7.79]
['2017-02-03', 7.81, 7.85, 7.76, 7.81]
['2017-02-06', 7.79, 7.95, 7.78, 7.93]
['2017-02-07', 7.92, 7.99, 7.91, 7.95]
['2017-02-08', 7.95, 7.95, 7.83, 7.89]
['2017-02-09', 7.4, 7.55, 6.9, 6.97]
['2017-02-10', 6.92, 6.99, 6.62, 6.99]
['2017-02-13', 6.7, 6.95, 6.7, 6.91]
['2017-02-14', 6.97, 7.1, 6.91, 7.08]
['2017-02-15', 7.11, 7.17, 7.05, 7.15]
['2017-02-16', 7.13, 7.17, 7.04, 7.17]
['2017-02-17', 7.13, 7.27, 7.06, 7.14]
['2017-02-21', 7.15, 7.23, 7.14, 7.21]
['2017-02-22', 7.17, 7.37, 7.16, 7.25]
['2017-02-23', 7.3, 7.31, 7.21, 7.21]
['2017-02-24', 7.21, 7.3, 7.08, 7.14]
['2017-02-27', 7.15, 7.15, 7.08, 7.15]
['2017-02-28', 7.14, 7.14, 6.86, 6.91]
['2017-03-01', 6.97, 7.07, 6.93, 7.04]
['2017-03-02', 7.03, 7.03, 6.86, 6.95]
['2017-03-03', 6.93, 7.17, 6.93, 7.13]
['2017-03-06', 7.11, 7.11, 6.91, 6.96]
['2017-03-07', 6.98, 7.02, 6.89, 6.99]
['2017-03-08', 6.99, 7.07, 6.89, 6.98]
['2017-03-09', 6.99, 7.12, 6.8, 7.07]
['2017-03-10', 7.12, 7.21, 6.92, 6.97]
['2017-03-13', 7.02, 7.12, 6.95, 7.1]
['2017-03-14', 7.09, 7.14, 6.99, 7.04]
['2017-03-15', 7.02, 7.26, 6.99, 7.22]
['2017-03-16', 7.02, 7.25, 7.0, 7.07]
['2017-03-17', 7.1, 7.14, 6.99, 7.01]
['2017-03-20', 6.98, 7.1, 6.98, 7.06]
['2017-03-21', 7.06, 7.07, 6.95, 6.99]
['2017-03-22', 6.99, 7.03, 6.74, 6.85]
['2017-03-23', 6.83, 6.91, 6.8, 6.8]
['2017-03-24', 6.8, 6.88, 6.8, 6.81]
['2017-03-27', 6.81, 6.83, 6.76, 6.79]
['2017-03-28', 6.79, 6.87, 6.79, 6.83]
['2017-03-29', 6.84, 6.86, 6.8, 6.85]
['2017-03-30', 6.87, 6.87, 6.81, 6.84]
['2017-03-31', 6.86, 7.0, 6.85, 6.96]
['2017-04-03', 6.99, 7.01, 6.83, 6.86]
['2017-04-04', 6.83, 6.87, 6.75, 6.77]
['2017-04-05', 6.79, 6.84, 6.33, 6.46]
['2017-04-06', 6.25, 6.43, 6.17, 6.27]
['2017-04-07', 6.28, 6.39, 6.24, 6.35]
['2017-04-10', 6.33, 6.46, 6.27, 6.35]
['2017-04-11', 6.35, 6.39, 6.28, 6.37]
['2017-04-12', 6.35, 6.39, 6.29, 6.39]
['2017-04-13', 6.39, 6.42, 6.34, 6.39]
['2017-04-17', 6.42, 6.47, 6.39, 6.43]
['2017-04-18', 6.42, 6.44, 6.39, 6.42]
['2017-04-19', 6.46, 6.71, 6.42, 6.54]
['2017-04-20', 6.53, 6.6, 6.48, 6.5]
['2017-04-21', 6.5, 6.54, 6.43, 6.47]
['2017-04-24', 6.52, 6.54, 6.35, 6.42]
['2017-04-25', 6.42, 6.54, 6.39, 6.45]
['2017-04-26', 6.43, 6.59, 6.42, 6.52]
['2017-04-27', 6.52, 6.57, 6.48, 6.52]
['2017-04-28', 6.52, 6.55, 6.35, 6.43]
['2017-05-01', 6.41, 6.5, 6.4, 6.45]
['2017-05-02', 6.46, 6.5, 6.43, 6.48]
['2017-05-03', 6.49, 6.49, 6.31, 6.34]
['2017-05-04', 6.35, 6.44, 6.3, 6.31]
['2017-05-05', 6.3, 6.39, 6.3, 6.31]
['2017-05-08', 6.3, 6.42, 6.27, 6.35]
['2017-05-09', 6.36, 6.39, 6.31, 6.35]
['2017-05-10', 6.34, 6.34, 6.25, 6.28]
['2017-05-11', 6.28, 6.33, 6.12, 6.3]
['2017-05-12', 6.29, 6.29, 6.11, 6.15]
['2017-05-15', 6.15, 6.26, 6.05, 6.19]
['2017-05-16', 6.16, 6.27, 6.15, 6.16]
['2017-05-17', 6.12, 6.15, 5.99, 6.04]
['2017-05-18', 6.04, 6.15, 6.0, 6.01]
['2017-05-19', 6.01, 6.11, 6.01, 6.09]
['2017-05-22', 6.12, 6.17, 6.07, 6.09]
['2017-05-23', 6.13, 6.19, 6.06, 6.08]
['2017-05-24', 6.11, 6.19, 6.07, 6.16]
['2017-05-25', 6.18, 6.23, 6.16, 6.2]
['2017-05-26', 6.21, 6.25, 6.19, 6.24]
['2017-05-30', 6.22, 6.34, 6.17, 6.23]
['2017-05-31', 6.23, 6.25, 6.12, 6.13]
['2017-06-01', 6.15, 6.23, 6.11, 6.2]
['2017-06-02', 6.19, 6.24, 6.12, 6.16]
['2017-06-05', 6.16, 6.24, 6.16, 6.2]
['2017-06-06', 6.2, 6.23, 6.13, 6.16]
['2017-06-07', 6.18, 6.24, 6.09, 6.11]
['2017-06-08', 6.1, 6.12, 6.05, 6.11]
['2017-06-09', 6.12, 6.19, 6.1, 6.16]
['2017-06-12', 6.13, 6.2, 6.08, 6.13]
['2017-06-13', 6.19, 6.2, 6.08, 6.15]
['2017-06-14', 6.12, 6.15, 6.06, 6.08]
['2017-06-15', 6.04, 6.08, 6.0, 6.05]
['2017-06-16', 6.07, 6.07, 5.99, 6.02]
['2017-06-19', 6.03, 6.05, 6.01, 6.03]
['2017-06-20', 6.04, 6.04, 5.96, 6.0]
['2017-06-21', 5.99, 6.03, 5.94, 5.98]
['2017-06-22', 5.99, 5.99, 5.91, 5.96]
['2017-06-23', 5.95, 5.99, 5.94, 5.97]
['2017-06-26', 5.99, 6.06, 5.98, 6.04]
['2017-06-27', 6.06, 6.15, 6.0, 6.12]
['2017-06-28', 6.13, 6.17, 6.05, 6.16]
['2017-06-29', 6.17, 6.61, 6.05, 6.49]
['2017-06-30', 6.59, 6.63, 6.46, 6.59]
['2017-07-03', 6.62, 6.69, 6.5, 6.68]
['2017-07-05', 6.69, 6.69, 6.5, 6.57]
['2017-07-06', 6.58, 6.61, 6.49, 6.6]
['2017-07-07', 6.44, 6.63, 6.38, 6.63]
['2017-07-10', 6.63, 6.63, 6.53, 6.6]
['2017-07-11', 6.6, 6.63, 6.41, 6.51]
['2017-07-12', 6.51, 6.58, 6.46, 6.5]
['2017-07-13', 6.5, 6.51, 6.43, 6.46]
['2017-07-14', 6.74, 7.22, 6.7, 7.09]
['2017-07-17', 7.11, 7.35, 6.98, 7.26]
['2017-07-18', 7.26, 7.27, 7.06, 7.15]
['2017-07-19', 7.19, 7.34, 7.18, 7.28]
['2017-07-20', 7.27, 7.3, 7.07, 7.2]
['2017-07-21', 7.05, 7.11, 6.97, 7.01]
['2017-07-24', 7.0, 7.01, 6.88, 6.89]
['2017-07-25', 6.89, 6.92, 6.8, 6.83]
['2017-07-26', 6.81, 6.81, 6.75, 6.78]
['2017-07-27', 6.77, 6.92, 6.72, 6.82]
['2017-07-28', 6.78, 6.83, 6.75, 6.8]
['2017-07-31', 6.78, 6.86, 6.72, 6.83]
['2017-08-01', 6.84, 6.92, 6.8, 6.85]
['2017-08-02', 6.87, 6.91, 6.82, 6.85]
['2017-08-03', 6.84, 6.93, 6.74, 6.9]
['2017-08-04', 6.92, 6.94, 6.8, 6.8]
['2017-08-07', 6.84, 6.88, 6.71, 6.75]
['2017-08-08', 6.7, 6.76, 6.7, 6.72]
['2017-08-09', 6.74, 6.87, 6.74, 6.84]
['2017-08-10', 6.96, 7.07, 6.88, 7.01]
['2017-08-11', 6.99, 7.01, 6.88, 7.01]
['2017-08-14', 7.02, 7.02, 6.93, 6.97]
['2017-08-15', 6.97, 7.16, 6.97, 7.14]
['2017-08-16', 7.12, 7.12, 6.97, 7.06]
['2017-08-17', 7.01, 7.16, 7.01, 7.05]
['2017-08-18', 7.01, 7.12, 6.96, 6.96]
['2017-08-21', 6.96, 7.09, 6.96, 7.08]
['2017-08-22', 7.08, 7.13, 6.97, 7.01]
['2017-08-23', 6.99, 7.1, 6.95, 7.0]
['2017-08-24', 7.01, 7.1, 6.97, 7.04]
['2017-08-25', 7.04, 7.14, 6.99, 7.06]
['2017-08-28', 7.07, 7.14, 7.05, 7.1]
['2017-08-29', 7.07, 7.16, 7.06, 7.15]
['2017-08-30', 7.17, 7.29, 7.15, 7.26]
['2017-08-31', 7.24, 7.27, 7.11, 7.14]
['2017-09-01', 7.16, 7.27, 7.12, 7.22]
['2017-09-05', 7.2, 7.2, 7.01, 7.13]
['2017-09-06', 7.13, 7.16, 7.07, 7.14]
['2017-09-07', 7.16, 7.22, 7.06, 7.16]
['2017-09-08', 7.14, 7.18, 7.08, 7.13]
['2017-09-11', 7.12, 7.14, 7.09, 7.13]
['2017-09-12', 7.17, 7.18, 7.11, 7.14]
['2017-09-13', 7.14, 7.16, 7.09, 7.15]
['2017-09-14', 7.14, 7.24, 6.99, 7.23]
['2017-09-15', 7.18, 7.33, 7.11, 7.32]
['2017-09-18', 7.32, 7.34, 7.11, 7.23]
['2017-09-19', 7.2, 7.28, 7.15, 7.19]
['2017-09-20', 7.22, 7.26, 7.17, 7.19]
['2017-09-21', 7.19, 7.3, 7.11, 7.28]
['2017-09-22', 7.28, 7.34, 7.23, 7.34]
['2017-09-25', 7.34, 7.34, 7.23, 7.3]
['2017-09-26', 7.28, 7.36, 7.27, 7.36]
['2017-09-27', 7.38, 7.38, 7.19, 7.33]
['2017-09-28', 7.33, 7.33, 7.18, 7.23]
['2017-09-29', 7.27, 7.32, 7.19, 7.28]
['2017-10-02', 7.29, 7.34, 7.29, 7.31]
['2017-10-03', 7.34, 7.38, 7.28, 7.38]
['2017-10-04', 7.38, 7.39, 7.28, 7.33]
['2017-10-05', 7.34, 7.4, 7.28, 7.31]
['2017-10-06', 7.3, 7.38, 7.28, 7.35]
['2017-10-09', 7.36, 7.37, 7.25, 7.3]
['2017-10-10', 7.28, 7.32, 7.21, 7.25]
['2017-10-11', 7.23, 7.3, 7.23, 7.28]
['2017-10-12', 7.29, 7.29, 7.13, 7.26]
['2017-10-13', 7.29, 7.38, 7.19, 7.36]
['2017-10-16', 7.36, 7.39, 7.32, 7.37]
['2017-10-17', 7.38, 7.38, 7.26, 7.31]
['2017-10-18', 5.89, 7.49, 5.81, 7.44]
['2017-10-19', 7.43, 7.43, 7.2, 7.28]
['2017-10-20', 7.28, 7.49, 7.28, 7.47]
['2017-10-23', 7.44, 7.44, 7.19, 7.36]
['2017-10-24', 7.33, 7.47, 7.28, 7.39]
['2017-10-25', 7.33, 7.37, 7.28, 7.35]
['2017-10-26', 7.38, 7.39, 7.26, 7.31]
['2017-10-27', 7.28, 7.4, 7.23, 7.38]
['2017-10-30', 7.33, 7.43, 7.28, 7.39]
['2017-10-31', 7.39, 7.46, 7.19, 7.41]
['2017-11-01', 7.39, 7.4, 7.28, 7.33]
['2017-11-02', 7.33, 7.33, 7.2, 7.24]
['2017-11-03', 7.19, 7.25, 6.9, 7.21]
['2017-11-06', 7.19, 7.22, 7.04, 7.16]
['2017-11-07', 7.09, 7.2, 7.08, 7.16]
['2017-11-08', 7.15, 7.21, 7.11, 7.18]
['2017-11-09', 7.16, 7.22, 7.1, 7.11]
['2017-11-10', 7.09, 7.15, 7.07, 7.11]
['2017-11-13', 7.11, 7.19, 6.96, 7.07]
['2017-11-14', 6.89, 7.09, 6.89, 7.03]
['2017-11-15', 6.88, 7.0, 6.88, 6.95]
['2017-11-16', 6.9, 7.04, 6.9, 6.95]
['2017-11-17', 6.91, 7.08, 6.91, 7.07]
['2017-11-20', 7.07, 7.16, 6.95, 7.0]
['2017-11-21', 7.01, 7.16, 6.95, 7.04]
['2017-11-22', 7.07, 7.1, 6.95, 7.1]
['2017-11-24', 7.09, 7.2, 7.09, 7.11]
['2017-11-27', 7.12, 7.12, 6.96, 7.0]
['2017-11-28', 7.02, 7.03, 6.89, 6.95]
['2017-11-29', 7.02, 7.28, 6.95, 7.02]
['2017-11-30', 7.03, 7.13, 6.84, 6.95]
['2017-12-01', 6.91, 7.19, 6.91, 7.13]
['2017-12-04', 7.15, 7.18, 6.9, 6.99]
['2017-12-05', 6.97, 6.99, 6.79, 6.84]
['2017-12-06', 6.8, 7.0, 6.75, 6.85]
['2017-12-07', 6.85, 6.9, 6.78, 6.88]
['2017-12-08', 6.9, 7.02, 6.84, 6.88]
['2017-12-11', 6.86, 7.06, 6.86, 6.86]
['2017-12-12', 6.9, 7.07, 6.8, 6.89]
['2017-12-13', 6.83, 7.23, 6.83, 7.14]
['2017-12-14', 7.14, 7.2, 7.04, 7.19]
['2017-12-15', 7.14, 7.34, 7.1, 7.19]
['2017-12-18', 7.24, 7.44, 7.23, 7.37]
['2017-12-19', 7.3, 7.41, 7.23, 7.31]
['2017-12-20', 7.36, 7.37, 7.31, 7.32]
['2017-12-21', 7.32, 7.33, 7.19, 7.22]
['2017-12-22', 7.23, 7.28, 7.1, 7.27]
['2017-12-26', 7.27, 7.3, 7.16, 7.25]
['2017-12-27', 7.27, 7.27, 7.08, 7.19]
['2017-12-28', 7.2, 7.24, 7.15, 7.17]
['2017-12-29', 7.18, 7.18, 7.08, 7.1]
['2018-01-02', 7.13, 7.2, 7.09, 7.13]
['2018-01-03', 7.14, 7.14, 7.08, 7.13]
['2018-01-04', 7.14, 7.19, 7.09, 7.14]
['2018-01-05', 7.16, 7.25, 7.12, 7.23]
['2018-01-08', 7.2, 7.25, 7.1, 7.21]
['2018-01-09', 7.19, 7.19, 7.08, 7.14]
['2018-01-10', 7.14, 7.15, 7.01, 7.11]
['2018-01-11', 7.12, 7.17, 7.08, 7.15]
['2018-01-12', 7.17, 7.22, 7.1, 7.14]
['2018-01-16', 7.14, 7.17, 7.08, 7.08]
['2018-01-17', 7.08, 7.11, 6.98, 7.02]
['2018-01-18', 7.0, 7.08, 6.98, 7.02]
['2018-01-19', 6.98, 7.08, 6.97, 6.98]
['2018-01-22', 7.0, 7.08, 6.97, 7.07]
['2018-01-23', 7.02, 7.1, 6.97, 7.01]
['2018-01-24', 7.03, 7.08, 6.94, 6.98]
['2018-01-25', 6.99, 7.04, 6.95, 7.01]
['2018-01-26', 7.02, 7.05, 6.99, 7.02]
['2018-01-29', 7.0, 7.05, 6.97, 7.0]
['2018-01-30', 6.96, 7.04, 6.93, 6.99]
['2018-01-31', 7.03, 7.03, 6.89, 6.9]
['2018-02-01', 6.89, 7.03, 6.89, 7.0]
['2018-02-02', 6.97, 6.97, 6.87, 6.92]
['2018-02-05', 6.85, 6.89, 6.7, 6.78]
['2018-02-06', 6.72, 6.92, 6.72, 6.76]
['2018-02-07', 6.72, 6.83, 6.71, 6.75]
['2018-02-08', 6.77, 6.77, 6.46, 6.49]
['2018-02-09', 6.38, 6.58, 6.29, 6.54]
['2018-02-12', 6.55, 6.57, 6.45, 6.54]
['2018-02-13', 6.59, 6.59, 6.46, 6.54]
['2018-02-14', 6.49, 6.61, 6.35, 6.52]
['2018-02-15', 6.49, 6.56, 6.44, 6.53]
['2018-02-16', 6.51, 6.64, 6.43, 6.6]
['2018-02-20', 6.62, 6.62, 6.43, 6.57]
['2018-02-21', 6.57, 6.66, 6.54, 6.54]
['2018-02-22', 6.57, 6.57, 6.47, 6.54]
['2018-02-23', 6.53, 6.6, 6.5, 6.51]
['2018-02-26', 6.52, 6.63, 6.47, 6.54]
['2018-02-27', 6.54, 6.64, 6.54, 6.58]
['2018-02-28', 6.59, 6.68, 6.57, 6.58]
['2018-03-01', 6.58, 6.63, 6.48, 6.52]
['2018-03-02', 6.51, 6.55, 6.43, 6.53]
['2018-03-05', 6.54, 6.67, 6.54, 6.55]
['2018-03-06', 6.55, 6.58, 6.51, 6.56]
['2018-03-07', 6.54, 6.62, 6.52, 6.57]
['2018-03-08', 6.55, 6.76, 6.55, 6.73]
['2018-03-09', 6.75, 6.75, 6.59, 6.66]
['2018-03-12', 6.62, 6.68, 6.62, 6.64]
['2018-03-13', 6.64, 6.7, 6.63, 6.68]
['2018-03-14', 6.65, 6.74, 6.65, 6.71]
['2018-03-15', 6.71, 6.72, 6.65, 6.68]
['2018-03-16', 6.67, 6.73, 6.64, 6.72]
['2018-03-19', 6.72, 6.86, 6.71, 6.86]
['2018-03-20', 6.87, 6.92, 6.8, 6.88]
['2018-03-21', 6.86, 6.91, 6.8, 6.81]
['2018-03-22', 6.77, 6.95, 6.77, 6.89]
['2018-03-23', 6.89, 6.96, 6.84, 6.86]
['2018-03-26', 6.89, 6.89, 6.77, 6.78]
['2018-03-27', 6.77, 6.78, 6.72, 6.73]
['2018-03-28', 6.72, 6.79, 6.69, 6.69]
['2018-03-29', 6.73, 6.92, 6.73, 6.79]
['2018-04-02', 6.79, 6.93, 6.77, 6.91]
['2018-04-03', 6.92, 6.99, 6.88, 6.97]
['2018-04-04', 6.93, 6.95, 6.76, 6.78]
['2018-04-05', 6.78, 6.92, 6.75, 6.89]
['2018-04-06', 6.88, 6.92, 6.78, 6.82]
['2018-04-09', 6.84, 6.89, 6.77, 6.83]
['2018-04-10', 6.87, 6.95, 6.78, 6.94]
['2018-04-11', 6.89, 6.91, 6.81, 6.83]
['2018-04-12', 6.83, 6.92, 6.83, 6.83]
['2018-04-13', 6.84, 6.87, 6.76, 6.79]
['2018-04-16', 6.81, 6.83, 6.77, 6.77]
['2018-04-17', 6.77, 6.83, 6.77, 6.83]
['2018-04-18', 6.82, 6.95, 6.82, 6.95]
['2018-04-19', 6.9, 6.97, 6.85, 6.95]
['2018-04-20', 6.95, 6.96, 6.91, 6.94]
['2018-04-23', 6.95, 6.96, 6.8, 6.92]
['2018-04-24', 6.95, 6.97, 6.89, 6.92]
['2018-04-25', 6.86, 6.97, 6.8, 6.95]
['2018-04-26', 6.95, 7.06, 6.95, 7.0]
['2018-04-27', 7.01, 7.04, 6.98, 7.01]
['2018-04-30', 7.0, 7.18, 7.0, 7.1]
['2018-05-01', 7.07, 7.14, 6.93, 7.09]
['2018-05-02', 7.08, 7.09, 6.97, 7.03]
['2018-05-03', 7.14, 7.14, 6.95, 7.0]
['2018-05-04', 7.0, 7.1, 6.99, 7.04]
['2018-05-07', 7.06, 7.1, 7.0, 7.06]
['2018-05-08', 7.11, 7.4, 7.11, 7.25]
['2018-05-09', 7.21, 7.21, 6.99, 7.15]
['2018-05-10', 7.14, 7.2, 7.07, 7.18]
['2018-05-11', 7.15, 7.34, 7.14, 7.3]
['2018-05-14', 7.29, 7.34, 7.2, 7.28]
['2018-05-15', 7.24, 7.35, 7.24, 7.32]
['2018-05-16', 7.29, 7.32, 7.19, 7.27]
['2018-05-17', 7.27, 7.32, 7.19, 7.26]
['2018-05-18', 7.24, 7.26, 7.02, 7.22]
['2018-05-21', 7.22, 7.32, 7.19, 7.27]
['2018-05-22', 7.26, 7.31, 7.19, 7.27]
['2018-05-23', 7.26, 7.34, 7.17, 7.3]
['2018-05-24', 7.28, 7.34, 7.22, 7.3]
['2018-05-25', 7.29, 7.29, 7.17, 7.25]
['2018-05-29', 7.23, 7.23, 7.2, 7.21]
['2018-05-30', 7.23, 7.23, 7.1, 7.14]
['2018-05-31', 7.13, 7.24, 7.1, 7.2]
['2018-06-01', 7.21, 7.22, 7.09, 7.2]
['2018-06-04', 7.21, 7.24, 7.09, 7.22]
['2018-06-05', 7.21, 7.26, 7.11, 7.2]
['2018-06-06', 7.2, 7.23, 7.11, 7.16]
['2018-06-07', 7.17, 7.2, 7.13, 7.14]
['2018-06-08', 7.14, 7.19, 7.12, 7.17]
['2018-06-11', 7.19, 7.19, 7.12, 7.17]
['2018-06-12', 7.16, 7.22, 7.13, 7.16]
['2018-06-13', 7.16, 7.26, 7.14, 7.26]
['2018-06-14', 7.38, 7.38, 7.27, 7.34]
['2018-06-15', 7.31, 7.36, 7.16, 7.2]
['2018-06-18', 7.14, 7.23, 7.12, 7.16]
['2018-06-19', 7.14, 7.17, 7.11, 7.16]
['2018-06-20', 7.19, 7.25, 7.05, 7.16]
['2018-06-21', 7.17, 7.3, 7.17, 7.21]
['2018-06-22', 7.23, 7.23, 7.14, 7.16]
['2018-06-25', 7.16, 7.25, 7.15, 7.16]
['2018-06-26', 7.16, 7.39, 7.16, 7.35]
['2018-06-27', 7.36, 7.41, 7.28, 7.33]
['2018-06-28', 7.32, 7.44, 7.29, 7.41]
['2018-06-29', 7.44, 7.46, 7.25, 7.44]
['2018-07-02', 7.44, 7.44, 7.3, 7.35]
['2018-07-03', 7.37, 7.37, 7.08, 7.1]
['2018-07-05', 7.12, 7.24, 7.12, 7.24]
['2018-07-06', 7.17, 7.44, 7.17, 7.44]
['2018-07-09', 7.44, 7.44, 7.37, 7.41]
['2018-07-10', 7.35, 7.38, 7.21, 7.3]
['2018-07-11', 7.26, 7.4, 7.25, 7.31]
['2018-07-12', 7.34, 7.42, 7.18, 7.42]
['2018-07-13', 7.39, 7.43, 7.23, 7.37]
['2018-07-16', 7.38, 7.44, 7.31, 7.43]
['2018-07-17', 7.44, 7.44, 7.28, 7.42]
['2018-07-18', 7.44, 7.53, 7.27, 7.43]
['2018-07-19', 7.37, 7.47, 7.36, 7.38]
['2018-07-20', 7.4, 7.51, 7.34, 7.41]
['2018-07-23', 7.41, 7.44, 7.32, 7.43]
['2018-07-24', 7.43, 7.44, 7.2, 7.4]
['2018-07-25', 7.4, 7.4, 7.25, 7.36]
['2018-07-26', 7.36, 7.4, 7.28, 7.38]
['2018-07-27', 7.4, 7.4, 7.27, 7.37]
['2018-07-30', 7.31, 7.41, 7.28, 7.37]
['2018-07-31', 7.39, 7.44, 7.29, 7.44]
['2018-08-01', 7.44, 7.52, 7.39, 7.4]
['2018-08-02', 7.4, 7.49, 7.4, 7.47]
['2018-08-03', 7.4, 7.53, 7.4, 7.53]
['2018-08-06', 7.44, 7.66, 7.44, 7.61]
['2018-08-07', 7.61, 7.66, 7.53, 7.58]
['2018-08-08', 7.59, 7.66, 7.49, 7.52]
['2018-08-09', 7.51, 7.52, 7.44, 7.52]
['2018-08-10', 7.54, 7.66, 7.52, 7.66]
['2018-08-13', 7.65, 7.77, 7.53, 7.71]
['2018-08-14', 7.71, 7.72, 7.64, 7.72]
['2018-08-15', 7.73, 7.73, 7.65, 7.7]
['2018-08-16', 7.6, 7.69, 7.6, 7.66]
['2018-08-17', 7.69, 7.72, 7.65, 7.69]
['2018-08-20', 7.66, 7.71, 7.65, 7.69]
['2018-08-21', 7.65, 7.73, 7.65, 7.66]
['2018-08-22', 7.71, 7.73, 7.54, 7.71]
['2018-08-23', 7.64, 7.68, 7.63, 7.65]
['2018-08-24', 7.6, 7.69, 7.6, 7.67]
['2018-08-27', 7.65, 7.72, 7.58, 7.65]
['2018-08-28', 7.67, 7.72, 7.58, 7.62]
['2018-08-29', 7.59, 7.65, 7.59, 7.63]
['2018-08-30', 7.63, 7.64, 7.58, 7.62]
['2018-08-31', 7.61, 7.62, 7.52, 7.53]
['2018-09-04', 7.51, 7.67, 7.51, 7.59]
['2018-09-05', 7.61, 7.61, 7.52, 7.55]
['2018-09-06', 7.55, 7.62, 7.52, 7.54]
['2018-09-07', 7.54, 7.61, 7.5, 7.56]
['2018-09-10', 7.56, 7.56, 7.51, 7.53]
['2018-09-11', 7.51, 7.58, 7.45, 7.55]
['2018-09-12', 7.53, 7.55, 7.51, 7.55]
['2018-09-13', 7.54, 7.62, 7.54, 7.54]
['2018-09-14', 7.54, 7.62, 7.54, 7.58]
['2018-09-17', 7.56, 7.71, 7.55, 7.67]
['2018-09-18', 7.67, 7.68, 7.62, 7.67]
['2018-09-19', 7.68, 7.69, 7.6, 7.68]
['2018-09-20', 7.6, 7.72, 7.6, 7.71]
['2018-09-21', 7.72, 7.77, 7.68, 7.68]
['2018-09-24', 7.69, 7.75, 7.67, 7.68]
['2018-09-25', 7.67, 7.74, 7.67, 7.67]
['2018-09-26', 7.71, 7.74, 7.64, 7.71]
['2018-09-27', 7.68, 7.69, 7.55, 7.65]
['2018-09-28', 7.6, 7.74, 7.6, 7.71]
['2018-10-01', 7.64, 7.74, 7.6, 7.71]
['2018-10-02', 7.65, 7.71, 7.64, 7.69]
['2018-10-03', 7.69, 7.73, 7.68, 7.69]
['2018-10-04', 7.69, 7.72, 7.67, 7.67]
['2018-10-05', 7.69, 7.71, 7.62, 7.67]
['2018-10-08', 7.64, 7.66, 7.58, 7.63]
['2018-10-09', 7.65, 7.7, 7.56, 7.7]
['2018-10-10', 7.71, 7.71, 7.6, 7.6]
['2018-10-11', 7.6, 7.67, 7.57, 7.6]
['2018-10-12', 7.62, 7.66, 7.58, 7.61]
['2018-10-15', 7.65, 7.65, 7.58, 7.58]
['2018-10-16', 7.56, 7.65, 7.56, 7.65]
['2018-10-17', 7.67, 7.67, 7.58, 7.6]
['2018-10-18', 7.58, 7.59, 7.54, 7.56]
['2018-10-19', 7.56, 7.6, 7.53, 7.53]
['2018-10-22', 7.52, 7.58, 7.49, 7.49]
['2018-10-23', 7.46, 7.49, 7.43, 7.48]
['2018-10-24', 7.46, 7.48, 7.29, 7.3]
['2018-10-25', 7.31, 7.39, 7.31, 7.35]
['2018-10-26', 7.37, 7.49, 7.32, 7.46]
['2018-10-29', 7.5, 7.51, 7.3, 7.38]
['2018-10-30', 7.36, 7.49, 7.22, 7.26]
['2018-10-31', 7.28, 7.32, 7.23, 7.25]
['2018-11-01', 7.24, 7.36, 7.24, 7.29]
['2018-11-02', 7.29, 7.31, 7.23, 7.27]
['2018-11-05', 7.27, 7.34, 7.23, 7.25]
['2018-11-06', 7.25, 7.44, 7.24, 7.44]
['2018-11-07', 7.47, 7.58, 7.4, 7.43]
['2018-11-08', 7.39, 7.52, 7.39, 7.46]
['2018-11-09', 7.5, 7.5, 7.41, 7.47]
['2018-11-12', 7.4, 7.45, 7.33, 7.35]
['2018-11-13', 7.33, 7.46, 7.33, 7.41]
['2018-11-14', 7.43, 7.46, 7.29, 7.3]
['2018-11-15', 7.25, 7.4, 7.22, 7.38]
['2018-11-16', 7.38, 7.38, 7.25, 7.31]
['2018-11-19', 7.31, 7.37, 7.3, 7.3]
['2018-11-20', 7.29, 7.39, 7.26, 7.37]
['2018-11-21', 7.32, 7.54, 7.29, 7.46]
['2018-11-23', 7.48, 7.57, 7.4, 7.54]
['2018-11-26', 7.58, 7.58, 7.46, 7.46]
['2018-11-27', 7.55, 7.55, 7.34, 7.38]
['2018-11-28', 7.36, 7.51, 7.26, 7.45]
['2018-11-29', 7.5, 7.63, 7.49, 7.56]
['2018-11-30', 7.6, 7.69, 7.56, 7.6]
['2018-12-03', 7.66, 7.69, 7.51, 7.57]
['2018-12-04', 7.55, 7.57, 7.38, 7.54]
['2018-12-06', 7.54, 7.54, 7.24, 7.38]
['2018-12-07', 7.33, 7.52, 7.33, 7.45]
['2018-12-10', 7.47, 7.54, 7.36, 7.48]
['2018-12-11', 7.46, 7.5, 7.41, 7.48]
['2018-12-12', 7.5, 7.56, 7.47, 7.51]
['2018-12-13', 7.47, 7.51, 7.44, 7.49]
['2018-12-14', 7.5, 7.5, 7.33, 7.35]
['2018-12-17', 7.34, 7.48, 7.24, 7.26]
['2018-12-18', 7.26, 7.4, 7.07, 7.11]
['2018-12-19', 7.19, 7.21, 6.91, 7.0]
['2018-12-20', 6.96, 7.14, 6.83, 6.91]
['2018-12-21', 6.89, 7.11, 6.83, 6.91]
['2018-12-24', 6.86, 7.2, 6.86, 7.12]
['2018-12-26', 7.2, 7.42, 7.2, 7.29]
['2018-12-27', 7.21, 7.32, 7.09, 7.13]
['2018-12-28', 7.13, 7.27, 7.09, 7.09]
['2018-12-31', 7.12, 7.13, 6.99, 7.04]
['2019-01-02', 7.01, 7.17, 6.96, 7.11]
['2019-01-03', 7.1, 7.16, 7.06, 7.06]
['2019-01-04', 7.13, 7.22, 7.11, 7.22]
['2019-01-07', 7.31, 7.43, 7.31, 7.4]
['2019-01-08', 7.45, 7.55, 7.43, 7.55]
['2019-01-09', 7.54, 7.54, 7.46, 7.46]
['2019-01-10', 7.57, 7.6, 7.48, 7.53]
['2019-01-11', 7.5, 7.55, 7.42, 7.52]
['2019-01-14', 7.48, 7.52, 7.39, 7.44]
['2019-01-15', 7.45, 7.54, 7.4, 7.51]
['2019-01-16', 7.5, 7.58, 7.36, 7.51]
['2019-01-17', 7.6, 7.7, 7.53, 7.6]
['2019-01-18', 7.62, 7.66, 7.59, 7.63]
['2019-01-22', 7.64, 7.66, 7.56, 7.62]
['2019-01-23', 7.65, 7.7, 7.55, 7.68]
['2019-01-24', 7.64, 7.71, 7.61, 7.63]
['2019-01-25', 7.64, 7.7, 7.64, 7.68]
['2019-01-28', 7.69, 7.69, 7.57, 7.65]
['2019-01-29', 7.63, 7.68, 7.59, 7.62]
['2019-01-30', 7.63, 7.72, 7.63, 7.72]
['2019-01-31', 7.7, 7.81, 7.63, 7.78]
['2019-02-01', 7.78, 7.8, 7.65, 7.77]
['2019-02-04', 7.82, 7.82, 7.66, 7.7]
['2019-02-05', 7.74, 7.88, 7.73, 7.84]
['2019-02-06', 7.82, 7.85, 7.73, 7.81]
['2019-02-07', 7.77, 7.77, 7.69, 7.7]
['2019-02-08', 7.77, 7.77, 7.5, 7.56]
['2019-02-11', 7.61, 7.77, 7.61, 7.69]
['2019-02-12', 7.73, 7.73, 7.61, 7.66]
['2019-02-13', 7.72, 7.78, 7.59, 7.75]
['2019-02-14', 7.8, 7.8, 7.68, 7.76]
['2019-02-15', 7.75, 7.8, 7.69, 7.72]
['2019-02-19', 7.7, 7.74, 7.6, 7.66]
['2019-02-20', 7.65, 7.7, 7.59, 7.66]
['2019-02-21', 7.72, 7.74, 7.63, 7.68]
['2019-02-22', 7.68, 7.86, 7.65, 7.81]
['2019-02-25', 7.85, 7.85, 7.64, 7.82]
['2019-02-26', 7.83, 7.83, 7.59, 7.63]
['2019-02-27', 7.64, 7.72, 7.6, 7.6]
['2019-02-28', 7.66, 7.66, 7.49, 7.59]
['2019-03-01', 7.62, 7.62, 7.56, 7.57]
['2019-03-04', 7.6, 7.6, 7.5, 7.57]
['2019-03-05', 7.58, 7.58, 7.5, 7.52]
['2019-03-06', 7.53, 7.54, 7.48, 7.5]
['2019-03-07', 7.49, 7.54, 7.42, 7.5]
['2019-03-08', 7.51, 7.52, 7.47, 7.5]
['2019-03-11', 7.6, 7.6, 7.45, 7.5]
['2019-03-12', 7.52, 7.54, 7.49, 7.5]
['2019-03-13', 7.5, 7.58, 7.49, 7.55]
['2019-03-14', 7.62, 7.7, 7.54, 7.66]
['2019-03-15', 7.67, 7.67, 7.63, 7.63]
['2019-03-18', 7.66, 7.68, 7.58, 7.65]
['2019-03-19', 7.65, 7.68, 7.62, 7.64]
['2019-03-20', 7.66, 7.67, 7.59, 7.62]
['2019-03-21', 7.62, 7.75, 7.6, 7.67]
['2019-03-22', 7.67, 7.68, 7.62, 7.65]
['2019-03-25', 7.64, 7.66, 7.58, 7.61]
['2019-03-26', 7.61, 7.63, 7.55, 7.6]
['2019-03-27', 7.64, 7.66, 7.55, 7.59]
['2019-03-28', 7.57, 7.6, 7.56, 7.56]
['2019-03-29', 7.64, 7.64, 7.5, 7.5]
['2019-04-01', 7.59, 7.6, 7.5, 7.52]
['2019-04-02', 7.53, 7.55, 7.52, 7.55]
['2019-04-03', 7.58, 7.62, 7.55, 7.58]
['2019-04-04', 7.56, 7.6, 7.55, 7.6]
['2019-04-05', 7.59, 7.82, 7.59, 7.76]
['2019-04-08', 7.77, 7.77, 7.67, 7.73]
['2019-04-09', 7.78, 7.8, 7.7, 7.78]
['2019-04-10', 7.78, 7.8, 7.73, 7.8]
['2019-04-11', 7.8, 7.84, 7.76, 7.79]
['2019-04-12', 7.77, 7.83, 7.73, 7.77]
['2019-04-15', 7.74, 7.76, 7.68, 7.69]
['2019-04-16', 7.69, 7.83, 7.69, 7.72]
['2019-04-17', 7.72, 7.8, 7.7, 7.73]
['2019-04-18', 7.69, 7.8, 7.67, 7.7]
['2019-04-22', 7.68, 7.81, 7.68, 7.75]
['2019-04-23', 7.79, 7.83, 7.76, 7.8]
['2019-04-24', 7.83, 7.89, 7.78, 7.86]
['2019-04-25', 7.85, 7.88, 7.83, 7.88]
['2019-04-26', 7.89, 7.89, 7.83, 7.88]
['2019-04-29', 7.89, 7.98, 7.89, 7.98]
['2019-04-30', 7.98, 8.05, 7.93, 8.05]
['2019-05-01', 8.16, 8.16, 7.96, 8.0]
['2019-05-02', 8.0, 8.03, 7.94, 7.99]
['2019-05-03', 8.07, 8.07, 7.85, 7.87]
['2019-05-06', 7.92, 8.0, 7.89, 7.98]
['2019-05-07', 7.98, 7.98, 7.81, 7.84]
['2019-05-08', 7.88, 7.95, 7.88, 7.93]
['2019-05-09', 7.92, 7.93, 7.86, 7.93]
['2019-05-10', 7.96, 7.96, 7.85, 7.86]
['2019-05-13', 7.82, 7.91, 7.69, 7.78]
['2019-05-14', 7.96, 7.96, 7.77, 7.79]
['2019-05-15', 7.95, 7.95, 7.74, 7.83]
['2019-05-16', 7.79, 7.87, 7.78, 7.85]
['2019-05-17', 7.86, 7.92, 7.8, 7.89]
['2019-05-20', 7.83, 7.92, 7.83, 7.87]
['2019-05-21', 7.87, 7.9, 7.79, 7.82]
['2019-05-22', 7.81, 7.9, 7.81, 7.9]
['2019-05-23', 7.9, 7.96, 7.87, 7.9]
['2019-05-24', 7.93, 7.94, 7.82, 7.85]
['2019-05-28', 7.86, 7.91, 7.82, 7.89]
['2019-05-29', 7.84, 7.88, 7.77, 7.77]
['2019-05-30', 7.73, 7.81, 7.73, 7.77]
['2019-05-31', 7.74, 7.97, 7.72, 7.97]
['2019-06-03', 8.02, 8.02, 7.88, 7.94]
['2019-06-04', 7.93, 8.05, 7.91, 7.99]
['2019-06-05', 8.0, 8.01, 7.82, 7.84]
['2019-06-06', 7.84, 7.93, 7.84, 7.87]
['2019-06-07', 7.91, 7.91, 7.79, 7.81]
['2019-06-10', 7.83, 7.89, 7.79, 7.8]
['2019-06-11', 7.83, 7.87, 7.77, 7.8]
['2019-06-12', 7.82, 7.84, 7.77, 7.81]
['2019-06-13', 7.82, 7.91, 7.82, 7.88]
['2019-06-14', 7.86, 7.96, 7.86, 7.88]
['2019-06-17', 7.93, 7.94, 7.88, 7.88]
['2019-06-18', 7.88, 7.97, 7.88, 7.92]
['2019-06-19', 7.96, 8.0, 7.92, 7.94]
['2019-06-20', 7.94, 7.99, 7.88, 7.94]
['2019-06-21', 7.89, 7.96, 7.89, 7.96]
['2019-06-24', 8.16, 8.16, 7.91, 7.96]
['2019-06-25', 7.89, 7.96, 7.88, 7.92]
['2019-06-26', 7.97, 7.97, 7.88, 7.88]
['2019-06-27', 7.88, 7.94, 7.86, 7.94]
['2019-06-28', 7.99, 8.01, 7.85, 8.01]
['2019-07-01', 8.01, 8.01, 7.89, 7.97]
['2019-07-02', 7.92, 7.96, 7.88, 7.89]
['2019-07-03', 7.9, 8.01, 7.86, 7.98]
['2019-07-05', 7.93, 8.02, 7.92, 7.97]
['2019-07-08', 7.98, 7.99, 7.88, 7.92]
['2019-07-09', 7.93, 7.96, 7.88, 7.89]
['2019-07-10', 7.9, 7.94, 7.82, 7.86]
['2019-07-11', 7.89, 7.89, 7.83, 7.85]
['2019-07-12', 7.86, 7.91, 7.83, 7.9]
['2019-07-15', 7.89, 7.89, 7.84, 7.84]
['2019-07-16', 7.85, 7.88, 7.83, 7.83]
['2019-07-17', 7.86, 7.88, 7.77, 7.78]
['2019-07-18', 7.8, 7.82, 7.75, 7.77]
['2019-07-19', 7.76, 7.83, 7.72, 7.74]
['2019-07-22', 7.72, 7.77, 7.72, 7.76]
['2019-07-23', 7.73, 7.79, 7.73, 7.78]
['2019-07-24', 7.79, 7.87, 7.77, 7.8]
['2019-07-25', 7.85, 7.88, 7.79, 7.8]
['2019-07-26', 7.85, 7.85, 7.78, 7.78]
['2019-07-29', 7.82, 7.85, 7.77, 7.83]
['2019-07-30', 7.81, 7.87, 7.78, 7.81]
['2019-07-31', 7.84, 7.84, 7.73, 7.81]
['2019-08-01', 7.82, 7.82, 7.75, 7.78]
['2019-08-02', 7.74, 7.81, 7.71, 7.75]
['2019-08-05', 7.74, 7.78, 7.68, 7.75]
['2019-08-06', 7.78, 7.82, 7.74, 7.79]
['2019-08-07', 7.72, 7.84, 7.69, 7.71]
['2019-08-08', 7.72, 7.87, 7.7, 7.86]
['2019-08-09', 7.86, 7.86, 7.72, 7.78]
['2019-08-12', 7.88, 7.88, 7.66, 7.68]
['2019-08-13', 7.75, 7.88, 7.61, 7.66]
['2019-08-14', 7.64, 7.72, 7.6, 7.64]
['2019-08-15', 7.69, 7.88, 7.66, 7.8]
['2019-08-16', 7.78, 7.83, 7.78, 7.82]
['2019-08-19', 7.83, 7.84, 7.79, 7.8]
['2019-08-20', 7.83, 7.88, 7.81, 7.81]
['2019-08-21', 7.88, 7.88, 7.83, 7.86]
['2019-08-22', 7.85, 7.87, 7.81, 7.85]
['2019-08-23', 7.82, 7.85, 7.81, 7.81]
['2019-08-26', 7.82, 7.82, 7.78, 7.79]
['2019-08-27', 7.84, 7.84, 7.68, 7.76]
['2019-08-28', 7.74, 7.74, 7.72, 7.72]
['2019-08-29', 7.72, 7.8, 7.71, 7.74]
['2019-08-30', 7.75, 7.8, 7.71, 7.72]
['2019-09-03', 7.11, 7.74, 7.11, 7.68]
['2019-09-04', 7.69, 7.78, 7.69, 7.74]
['2019-09-05', 7.78, 7.78, 7.71, 7.74]
['2019-09-06', 7.74, 7.75, 7.71, 7.72]
['2019-09-09', 7.73, 7.79, 7.71, 7.79]
['2019-09-10', 7.77, 7.79, 7.76, 7.79]
['2019-09-11', 7.82, 7.88, 7.77, 7.81]
['2019-09-12', 7.85, 7.86, 7.75, 7.79]
['2019-09-13', 7.77, 7.93, 7.77, 7.9]
['2019-09-16', 7.91, 7.92, 7.81, 7.9]
['2019-09-17', 7.89, 7.93, 7.87, 7.9]
['2019-09-18', 7.89, 7.9, 7.75, 7.8]
['2019-09-19', 7.81, 7.87, 7.76, 7.84]
['2019-09-20', 7.84, 7.93, 7.8, 7.84]
['2019-09-23', 7.84, 7.88, 7.82, 7.84]
['2019-09-24', 7.86, 7.87, 7.81, 7.86]
['2019-09-25', 7.85, 7.95, 7.82, 7.95]
['2019-09-26', 7.92, 7.95, 7.85, 7.94]
['2019-09-27', 7.95, 7.96, 7.91, 7.93]
['2019-09-30', 7.95, 7.98, 7.91, 7.93]
['2019-10-01', 7.95, 7.95, 7.86, 7.86]
['2019-10-02', 7.8, 7.92, 7.8, 7.89]
['2019-10-03', 7.89, 7.89, 7.83, 7.83]
['2019-10-04', 7.83, 7.88, 7.81, 7.83]
['2019-10-07', 7.84, 7.92, 7.84, 7.86]
['2019-10-08', 7.86, 7.86, 7.81, 7.83]
['2019-10-09', 7.84, 7.84, 7.73, 7.74]
['2019-10-10', 7.74, 7.8, 7.74, 7.74]
['2019-10-11', 7.74, 7.86, 7.74, 7.77]
['2019-10-14', 7.78, 7.81, 7.71, 7.78]
['2019-10-15', 7.81, 7.85, 7.75, 7.79]
['2019-10-16', 7.83, 7.84, 7.77, 7.79]
['2019-10-17', 7.78, 7.81, 7.78, 7.8]
['2019-10-18', 7.76, 7.81, 7.76, 7.8]
['2019-10-21', 7.8, 7.85, 7.79, 7.79]
['2019-10-22', 7.8, 7.87, 7.78, 7.79]
['2019-10-23', 7.8, 7.86, 7.79, 7.86]
['2019-10-24', 7.86, 7.86, 7.79, 7.8]
['2019-10-25', 7.83, 7.88, 7.79, 7.83]
['2019-10-28', 7.83, 7.92, 7.79, 7.79]
['2019-10-29', 7.79, 7.83, 7.79, 7.82]
['2019-10-30', 7.84, 7.89, 7.8, 7.8]
['2019-10-31', 7.83, 7.88, 7.82, 7.83]
['2019-11-01', 7.86, 7.89, 7.83, 7.86]
['2019-11-04', 7.87, 7.89, 7.84, 7.84]
['2019-11-05', 7.82, 7.89, 7.81, 7.84]
['2019-11-06', 7.87, 7.87, 7.81, 7.81]
['2019-11-07', 7.84, 7.89, 7.73, 7.79]
['2019-11-08', 7.76, 7.87, 7.75, 7.87]
['2019-11-11', 7.87, 7.87, 7.8, 7.8]
['2019-11-12', 7.78, 7.84, 7.75, 7.79]
['2019-11-13', 7.79, 7.79, 7.77, 7.77]
['2019-11-14', 7.79, 7.82, 7.77, 7.79]
['2019-11-15', 7.77, 7.8, 7.76, 7.79]
['2019-11-18', 7.77, 7.79, 7.74, 7.78]
['2019-11-19', 7.76, 7.79, 7.76, 7.76]
['2019-11-20', 7.74, 7.83, 7.69, 7.79]
['2019-11-21', 7.77, 7.86, 7.76, 7.82]
['2019-11-22', 7.8, 7.93, 7.8, 7.93]
['2019-11-25', 7.92, 7.96, 7.87, 7.93]
['2019-11-26', 7.89, 7.93, 7.86, 7.86]
['2019-11-27', 7.88, 7.92, 7.86, 7.87]
['2019-11-29', 7.84, 7.89, 7.81, 7.88]
['2019-12-02', 7.84, 7.89, 7.83, 7.87]
['2019-12-03', 7.83, 7.92, 7.8, 7.88]
['2019-12-04', 7.86, 7.95, 7.86, 7.92]
['2019-12-05', 7.92, 7.98, 7.9, 7.98]
['2019-12-06', 7.98, 8.04, 7.94, 8.03]
['2019-12-09', 8.03, 8.05, 7.99, 8.04]
['2019-12-10', 8.01, 8.03, 7.99, 8.0]
['2019-12-11', 7.99, 8.05, 7.97, 8.03]
['2019-12-12', 8.13, 8.13, 8.05, 8.1]
['2019-12-13', 8.07, 8.13, 8.05, 8.1]
['2019-12-16', 8.1, 8.18, 8.09, 8.18]
['2019-12-17', 8.16, 8.23, 8.15, 8.18]
['2019-12-18', 8.14, 8.17, 8.12, 8.16]
['2019-12-19', 8.17, 8.17, 8.11, 8.11]
['2019-12-20', 8.09, 8.15, 7.96, 8.1]
['2019-12-23', 8.07, 8.12, 7.98, 8.07]
['2019-12-24', 8.11, 8.11, 8.04, 8.08]
['2019-12-26', 8.03, 8.1, 8.0, 8.06]
['2019-12-27', 8.1, 8.1, 8.01, 8.08]
['2019-12-30', 8.09, 8.09, 8.03, 8.07]
['2019-12-31', 8.1, 8.12, 8.0, 8.02]
['2020-01-02', 8.06, 8.09, 8.05, 8.09]
['2020-01-03', 8.09, 8.11, 8.02, 8.06]
['2020-01-06', 8.07, 8.08, 8.03, 8.08]
['2020-01-07', 8.06, 8.11, 8.02, 8.11]
['2020-01-08', 8.05, 8.12, 8.05, 8.08]
['2020-01-09', 8.09, 8.12, 8.06, 8.11]
['2020-01-10', 8.14, 8.2, 8.08, 8.16]
['2020-01-13', 8.17, 8.23, 8.12, 8.17]
['2020-01-14', 8.14, 8.21, 8.12, 8.14]
['2020-01-15', 8.17, 8.19, 8.14, 8.15]
['2020-01-16', 8.16, 8.22, 8.14, 8.17]
['2020-01-17', 8.19, 8.21, 8.16, 8.18]
['2020-01-21', 8.18, 8.23, 8.13, 8.18]
['2020-01-22', 8.16, 8.18, 8.13, 8.13]
['2020-01-23', 8.18, 8.21, 8.09, 8.09]
['2020-01-24', 8.12, 8.14, 8.09, 8.13]
['2020-01-27', 8.04, 8.11, 8.04, 8.06]
['2020-01-28', 8.13, 8.13, 8.03, 8.05]
['2020-01-29', 8.04, 8.09, 8.04, 8.08]
['2020-01-30', 8.03, 8.1, 8.03, 8.06]
['2020-01-31', 8.06, 8.11, 8.0, 8.03]
['2020-02-03', 8.07, 8.18, 8.05, 8.08]
['2020-02-04', 8.08, 8.11, 8.07, 8.09]
['2020-02-05', 8.08, 8.21, 8.08, 8.19]
['2020-02-06', 8.13, 8.2, 8.11, 8.15]
['2020-02-07', 8.17, 8.2, 8.13, 8.18]
['2020-02-10', 8.15, 8.23, 8.13, 8.23]
['2020-02-11', 8.23, 8.23, 8.18, 8.23]
['2020-02-12', 8.23, 8.23, 8.17, 8.2]
['2020-02-13', 8.19, 8.2, 8.18, 8.2]
['2020-02-14', 8.15, 8.26, 8.15, 8.23]
['2020-02-18', 8.25, 8.27, 8.17, 8.23]
['2020-02-19', 8.23, 8.23, 8.14, 8.16]
['2020-02-20', 8.16, 8.23, 8.16, 8.23]
['2020-02-21', 8.18, 8.2, 8.15, 8.18]
['2020-02-24', 8.18, 8.18, 8.1, 8.13]
['2020-02-25', 8.12, 8.15, 8.03, 8.03]
['2020-02-26', 8.01, 8.17, 7.99, 8.13]
['2020-02-27', 8.05, 8.32, 7.92, 8.31]
['2020-02-28', 8.12, 8.18, 7.98, 7.98]
['2020-03-02', 7.98, 8.18, 7.98, 8.18]
['2020-03-03', 8.11, 8.23, 8.09, 8.14]
['2020-03-04', 8.19, 8.23, 8.07, 8.22]
['2020-03-05', 8.15, 8.23, 8.07, 8.12]
['2020-03-06', 8.05, 8.05, 7.98, 7.98]
['2020-03-09', 7.98, 8.01, 7.49, 7.54]
['2020-03-10', 7.72, 7.83, 7.39, 7.64]
['2020-03-11', 7.57, 7.59, 7.33, 7.35]
['2020-03-12', 7.18, 7.5, 6.81, 6.94]
['2020-03-13', 7.14, 7.25, 7.05, 7.07]
['2020-03-16', 7.05, 7.33, 6.49, 6.8]
['2020-03-17', 6.91, 6.91, 6.55, 6.61]
['2020-03-18', 6.42, 6.79, 6.21, 6.21]
['2020-03-19', 5.94, 6.11, 5.52, 6.01]
['2020-03-20', 5.91, 6.34, 5.39, 5.5]
['2020-03-23', 5.41, 5.46, 4.28, 4.57]
['2020-03-24', 4.67, 5.41, 4.67, 4.99]
['2020-03-25', 5.0, 5.96, 5.0, 5.14]
['2020-03-26', 5.22, 6.06, 4.91, 5.4]
['2020-03-27', 5.42, 5.65, 4.71, 5.37]
['2020-03-30', 5.44, 5.5, 5.35, 5.37]
['2020-03-31', 5.88, 5.91, 5.33, 5.54]
['2020-04-01', 5.26, 5.37, 5.16, 5.21]
['2020-04-02', 5.16, 5.29, 5.15, 5.15]
['2020-04-03', 5.15, 5.27, 4.88, 5.22]
['2020-04-06', 5.34, 5.87, 5.22, 5.33]
['2020-04-07', 5.42, 5.77, 5.42, 5.62]
['2020-04-08', 5.71, 6.22, 5.71, 6.04]
['2020-04-09', 6.14, 6.6, 6.14, 6.25]
['2020-04-13', 6.36, 6.37, 6.02, 6.33]
['2020-04-14', 6.4, 6.59, 6.16, 6.25]
['2020-04-15', 6.18, 6.24, 6.03, 6.07]
['2020-04-16', 6.07, 6.2, 6.01, 6.13]
['2020-04-17', 6.25, 6.47, 6.2, 6.26]
['2020-04-20', 6.26, 6.33, 5.97, 6.05]
['2020-04-21', 5.92, 6.08, 5.82, 6.05]
['2020-04-22', 6.17, 6.17, 5.97, 6.05]
['2020-04-23', 6.09, 6.22, 5.96, 6.02]
['2020-04-24', 6.02, 6.29, 6.02, 6.29]
['2020-04-27', 6.3, 6.42, 6.3, 6.39]
['2020-04-28', 6.52, 6.54, 6.12, 6.23]
['2020-04-29', 6.34, 6.46, 6.26, 6.33]
['2020-04-30', 6.3, 6.45, 6.17, 6.4]
['2020-05-01', 6.36, 6.44, 6.14, 6.2]
['2020-05-04', 6.15, 6.16, 6.0, 6.14]
['2020-05-05', 6.13, 6.17, 5.79, 5.84]
['2020-05-06', 5.9, 6.13, 5.8, 6.1]
['2020-05-07', 5.9, 5.94, 5.6, 5.7]
['2020-05-08', 5.98, 5.98, 5.6, 5.76]
['2020-05-11', 5.75, 5.83, 5.71, 5.78]
['2020-05-12', 5.8, 5.8, 5.59, 5.63]
['2020-05-13', 5.63, 5.63, 5.53, 5.56]
['2020-05-14', 5.54, 5.63, 5.46, 5.63]
['2020-05-15', 5.56, 5.69, 5.53, 5.63]
