['2011-04-08', 302.0, 302.0, 302.0, 302.0]
['2011-04-11', 302.0, 302.0, 302.0, 302.0]
['2011-04-12', 302.0, 302.0, 302.0, 302.0]
['2011-04-13', 302.0, 304.0, 302.0, 304.0]
['2011-04-14', 304.0, 308.0, 304.0, 308.0]
['2011-04-15', 308.0, 328.0, 280.0, 310.0]
['2011-04-18', 304.0, 304.0, 270.0, 300.0]
['2011-04-19', 294.0, 294.0, 222.0, 270.0]
['2011-04-20', 260.0, 290.0, 230.0, 274.0]
['2011-04-21', 282.0, 290.0, 274.0, 282.0]
['2011-04-25', 266.0, 298.0, 266.0, 270.0]
['2011-04-26', 280.0, 300.0, 280.0, 300.0]
['2011-04-27', 300.0, 310.0, 300.0, 310.0]
['2011-04-28', 302.0, 310.0, 302.0, 302.0]
['2011-04-29', 302.0, 302.0, 302.0, 302.0]
['2011-05-02', 310.0, 310.0, 280.0, 310.0]
['2011-05-03', 328.0, 328.0, 312.0, 324.0]
['2011-05-04', 328.0, 328.0, 324.0, 328.0]
['2011-05-05', 330.0, 332.0, 330.0, 332.0]
['2011-05-06', 334.0, 334.0, 300.0, 316.0]
['2011-05-09', 334.0, 334.0, 320.0, 332.0]
['2011-05-10', 336.0, 336.0, 324.0, 334.0]
['2011-05-11', 336.0, 340.0, 328.0, 338.0]
['2011-05-12', 340.0, 354.0, 340.0, 352.0]
['2011-05-13', 358.0, 360.0, 344.0, 358.0]
['2011-05-16', 364.0, 398.0, 364.0, 376.0]
['2011-05-17', 378.0, 378.0, 330.0, 338.0]
['2011-05-18', 342.0, 350.0, 310.0, 336.0]
['2011-05-19', 340.0, 366.0, 340.0, 348.0]
['2011-05-20', 360.0, 360.0, 342.0, 358.0]
['2011-05-23', 358.0, 358.0, 328.0, 342.0]
['2011-05-24', 334.0, 340.0, 300.0, 300.0]
['2011-05-25', 294.0, 300.0, 240.0, 260.0]
['2011-05-26', 240.0, 260.0, 222.0, 260.0]
['2011-05-27', 260.0, 308.0, 260.0, 300.0]
['2011-05-31', 306.0, 330.0, 292.0, 296.0]
['2011-06-01', 296.0, 328.0, 282.0, 286.0]
['2011-06-02', 304.0, 310.0, 292.0, 294.0]
['2011-06-03', 306.0, 306.0, 296.0, 300.0]
['2011-06-06', 306.0, 306.0, 296.0, 300.0]
['2011-06-07', 302.0, 302.0, 300.0, 300.0]
['2011-06-08', 300.0, 300.0, 294.0, 296.0]
['2011-06-09', 296.0, 302.0, 296.0, 302.0]
['2011-06-10', 302.0, 302.0, 298.0, 298.0]
['2011-06-13', 300.0, 302.0, 288.0, 298.0]
['2011-06-14', 302.0, 302.0, 256.0, 276.0]
['2011-06-15', 260.0, 290.0, 240.0, 250.0]
['2011-06-16', 260.0, 286.0, 254.0, 280.0]
['2011-06-17', 280.0, 280.0, 240.0, 252.0]
['2011-06-20', 250.0, 262.0, 210.0, 254.0]
['2011-06-21', 250.0, 252.0, 216.0, 224.0]
['2011-06-22', 224.0, 224.0, 170.0, 200.0]
['2011-06-23', 208.0, 208.0, 170.0, 172.0]
['2011-06-24', 158.0, 162.0, 130.0, 154.0]
['2011-06-27', 154.0, 160.0, 154.0, 160.0]
['2011-06-28', 154.0, 202.0, 154.0, 198.0]
['2011-06-29', 196.0, 210.0, 188.0, 210.0]
['2011-06-30', 210.0, 236.0, 206.0, 214.0]
['2011-07-01', 214.0, 214.0, 196.0, 204.0]
['2011-07-05', 210.0, 210.0, 180.0, 188.0]
['2011-07-06', 200.0, 200.0, 180.0, 196.0]
['2011-07-07', 180.0, 200.0, 172.0, 194.0]
['2011-07-08', 196.0, 200.0, 170.0, 180.0]
['2011-07-11', 180.0, 184.0, 170.0, 180.0]
['2011-07-12', 180.0, 186.0, 170.0, 178.0]
['2011-07-13', 180.0, 190.0, 174.0, 176.0]
['2011-07-14', 190.0, 202.0, 180.0, 198.0]
['2011-07-15', 198.0, 210.0, 184.0, 186.0]
['2011-07-18', 186.0, 186.0, 172.0, 184.0]
['2011-07-19', 172.0, 190.0, 170.0, 180.0]
['2011-07-20', 186.0, 202.0, 176.0, 186.0]
['2011-07-21', 190.0, 204.0, 190.0, 200.0]
['2011-07-22', 200.0, 200.0, 188.0, 196.0]
['2011-07-25', 196.0, 196.0, 184.0, 192.0]
['2011-07-26', 184.0, 200.0, 184.0, 198.0]
['2011-07-27', 200.0, 200.0, 184.0, 192.0]
['2011-07-28', 194.0, 200.0, 188.0, 200.0]
['2011-07-29', 200.0, 200.0, 184.0, 186.0]
['2011-08-01', 184.0, 200.0, 184.0, 198.0]
['2011-08-02', 200.0, 200.0, 188.0, 190.0]
['2011-08-03', 188.0, 190.0, 188.0, 188.0]
['2011-08-04', 188.0, 200.0, 178.0, 194.0]
['2011-08-05', 178.0, 190.0, 160.0, 186.0]
['2011-08-08', 172.0, 180.0, 150.0, 166.0]
['2011-08-09', 152.0, 184.0, 152.0, 184.0]
['2011-08-10', 170.0, 180.0, 160.0, 178.0]
['2011-08-11', 160.0, 180.0, 150.0, 160.0]
['2011-08-12', 160.0, 168.0, 150.0, 150.0]
['2011-08-15', 150.0, 160.0, 140.0, 150.0]
['2011-08-16', 156.0, 156.0, 130.0, 132.0]
['2011-08-17', 136.0, 156.0, 126.0, 156.0]
['2011-08-18', 150.0, 156.0, 130.0, 150.0]
['2011-08-19', 150.0, 150.0, 132.0, 146.0]
['2011-08-22', 150.0, 150.0, 140.0, 144.0]
['2011-08-23', 156.0, 156.0, 130.0, 130.0]
['2011-08-24', 156.0, 156.0, 130.0, 148.0]
['2011-08-25', 156.0, 156.0, 148.0, 156.0]
['2011-08-26', 156.0, 164.0, 150.0, 152.0]
['2011-08-29', 158.0, 160.0, 148.0, 148.0]
['2011-08-30', 150.0, 150.0, 148.0, 150.0]
['2011-08-31', 148.0, 150.0, 148.0, 148.0]
['2011-09-01', 148.0, 158.0, 148.0, 148.0]
['2011-09-02', 148.0, 152.0, 148.0, 148.0]
['2011-09-06', 144.0, 150.0, 144.0, 146.0]
['2011-09-07', 150.0, 150.0, 134.0, 134.0]
['2011-09-08', 136.0, 148.0, 130.0, 132.0]
['2011-09-09', 132.0, 136.0, 130.0, 130.0]
['2011-09-12', 130.0, 138.0, 110.0, 112.0]
['2011-09-13', 112.0, 130.0, 106.0, 110.0]
['2011-09-14', 108.0, 108.0, 86.0, 96.0]
['2011-09-15', 98.0, 98.0, 86.0, 86.0]
['2011-09-16', 86.0, 90.0, 80.0, 90.0]
['2011-09-19', 80.0, 90.0, 80.0, 80.0]
['2011-09-20', 80.0, 88.0, 80.0, 80.0]
['2011-09-21', 80.0, 88.0, 80.0, 80.0]
['2011-09-22', 80.0, 86.0, 80.0, 86.0]
['2011-09-23', 90.0, 90.0, 80.0, 86.0]
['2011-09-26', 90.0, 100.0, 80.0, 80.0]
['2011-09-27', 80.0, 86.0, 80.0, 80.0]
['2011-09-28', 80.0, 90.0, 80.0, 90.0]
['2011-09-29', 90.0, 100.0, 82.0, 100.0]
['2011-09-30', 96.0, 96.0, 82.0, 92.0]
['2011-10-03', 88.0, 92.0, 68.0, 68.0]
['2011-10-04', 78.0, 78.0, 66.0, 66.0]
['2011-10-05', 76.0, 80.0, 66.0, 80.0]
['2011-10-06', 80.0, 80.0, 68.0, 72.0]
['2011-10-07', 68.0, 68.0, 66.0, 66.0]
['2011-10-10', 66.0, 76.0, 66.0, 68.0]
['2011-10-11', 74.0, 74.0, 68.0, 72.0]
['2011-10-12', 72.0, 72.0, 72.0, 72.0]
['2011-10-13', 72.0, 72.0, 72.0, 72.0]
['2011-10-14', 72.0, 72.0, 68.0, 72.0]
['2011-10-17', 74.0, 74.0, 68.0, 68.0]
['2011-10-18', 68.0, 74.0, 68.0, 74.0]
['2011-10-19', 74.0, 74.0, 68.0, 74.0]
['2011-10-20', 70.0, 74.0, 68.0, 74.0]
['2011-10-21', 74.0, 78.0, 70.0, 78.0]
['2011-10-24', 70.0, 80.0, 66.0, 70.0]
['2011-10-25', 70.0, 74.0, 70.0, 72.0]
['2011-10-26', 72.0, 72.0, 62.0, 72.0]
['2011-10-27', 74.0, 74.0, 62.0, 74.0]
['2011-10-28', 74.0, 74.0, 62.0, 74.0]
['2011-10-31', 62.0, 74.0, 62.0, 62.0]
['2011-11-01', 70.0, 74.0, 62.0, 74.0]
['2011-11-02', 74.0, 74.0, 62.0, 74.0]
['2011-11-03', 72.0, 74.0, 56.0, 74.0]
['2011-11-04', 56.0, 70.0, 54.0, 70.0]
['2011-11-07', 70.0, 74.0, 70.0, 74.0]
['2011-11-08', 76.0, 76.0, 60.0, 74.0]
['2011-11-09', 60.0, 74.0, 60.0, 74.0]
['2011-11-10', 62.0, 78.0, 62.0, 76.0]
['2011-11-11', 76.0, 76.0, 60.0, 60.0]
['2011-11-14', 62.0, 78.0, 62.0, 78.0]
['2011-11-15', 62.0, 80.0, 62.0, 62.0]
['2011-11-16', 74.0, 74.0, 60.0, 74.0]
['2011-11-17', 72.0, 72.0, 60.0, 70.0]
['2011-11-18', 56.0, 70.0, 56.0, 70.0]
['2011-11-21', 56.0, 72.0, 56.0, 70.0]
['2011-11-22', 70.0, 70.0, 56.0, 70.0]
['2011-11-23', 70.0, 70.0, 64.0, 70.0]
['2011-11-25', 70.0, 70.0, 70.0, 70.0]
['2011-11-28', 80.0, 80.0, 56.0, 70.0]
['2011-11-29', 76.0, 76.0, 56.0, 70.0]
['2011-11-30', 64.0, 72.0, 56.0, 70.0]
['2011-12-01', 54.0, 70.0, 54.0, 68.0]
['2011-12-02', 58.0, 68.0, 58.0, 64.0]
['2011-12-05', 56.0, 64.0, 56.0, 62.0]
['2011-12-06', 56.0, 70.0, 56.0, 64.0]
['2011-12-07', 56.0, 70.0, 56.0, 60.0]
['2011-12-08', 54.0, 60.0, 54.0, 60.0]
['2011-12-09', 60.0, 60.0, 50.0, 60.0]
['2011-12-12', 50.0, 60.0, 50.0, 60.0]
['2011-12-13', 50.0, 56.0, 46.0, 56.0]
['2011-12-14', 56.0, 56.0, 44.0, 48.0]
['2011-12-15', 34.0, 48.0, 34.0, 40.0]
['2011-12-16', 40.0, 42.0, 40.0, 40.0]
['2011-12-19', 42.0, 42.0, 36.0, 36.0]
['2011-12-20', 30.0, 50.0, 24.0, 46.0]
['2011-12-21', 42.0, 48.0, 42.0, 46.0]
['2011-12-22', 44.0, 60.0, 42.0, 60.0]
['2011-12-23', 60.0, 60.0, 44.0, 50.0]
['2011-12-27', 50.0, 52.0, 42.0, 50.0]
['2011-12-28', 42.0, 50.0, 42.0, 44.0]
['2011-12-29', 44.0, 50.0, 44.0, 50.0]
['2011-12-30', 50.0, 50.0, 46.0, 50.0]
['2012-01-03', 50.0, 60.0, 50.0, 58.0]
['2012-01-04', 58.0, 58.0, 50.0, 50.0]
['2012-01-05', 48.0, 56.0, 46.0, 50.0]
['2012-01-06', 50.0, 50.0, 46.0, 50.0]
['2012-01-09', 54.0, 54.0, 50.0, 50.0]
['2012-01-10', 50.0, 70.0, 50.0, 56.0]
['2012-01-11', 50.0, 50.0, 50.0, 50.0]
['2012-01-12', 58.0, 60.0, 46.0, 46.0]
['2012-01-13', 46.0, 52.0, 46.0, 48.0]
['2012-01-17', 48.0, 54.0, 46.0, 52.0]
['2012-01-18', 46.0, 80.0, 46.0, 80.0]
['2012-01-19', 80.0, 80.0, 64.0, 78.0]
['2012-01-20', 78.0, 78.0, 72.0, 76.0]
['2012-01-23', 76.0, 84.0, 70.0, 76.0]
['2012-01-24', 76.0, 90.0, 76.0, 80.0]
['2012-01-25', 90.0, 90.0, 80.0, 82.0]
['2012-01-26', 74.0, 108.0, 74.0, 96.0]
['2012-01-27', 96.0, 130.0, 96.0, 124.0]
['2012-01-30', 130.0, 150.0, 130.0, 144.0]
['2012-01-31', 146.0, 162.0, 144.0, 152.0]
['2012-02-01', 200.0, 200.0, 128.0, 140.0]
['2012-02-02', 140.0, 152.0, 120.0, 130.0]
['2012-02-03', 128.0, 128.0, 102.0, 126.0]
['2012-02-06', 128.0, 130.0, 114.0, 128.0]
['2012-02-07', 126.0, 126.0, 104.0, 126.0]
['2012-02-08', 110.0, 130.0, 110.0, 130.0]
['2012-02-09', 120.0, 138.0, 112.0, 138.0]
['2012-02-10', 138.0, 152.0, 114.0, 150.0]
['2012-02-13', 158.0, 158.0, 130.0, 140.0]
['2012-02-14', 140.0, 156.0, 140.0, 144.0]
['2012-02-15', 144.0, 156.0, 134.0, 144.0]
['2012-02-16', 138.0, 154.0, 138.0, 148.0]
['2012-02-17', 150.0, 154.0, 138.0, 152.0]
['2012-02-21', 152.0, 158.0, 140.0, 146.0]
['2012-02-22', 140.0, 146.0, 120.0, 140.0]
['2012-02-23', 140.0, 142.0, 130.0, 140.0]
['2012-02-24', 140.0, 152.0, 140.0, 152.0]
['2012-02-27', 152.0, 152.0, 128.0, 152.0]
['2012-02-28', 148.0, 156.0, 140.0, 148.0]
['2012-02-29', 148.0, 152.0, 142.0, 152.0]
['2012-03-01', 148.0, 150.0, 140.0, 140.0]
['2012-03-02', 146.0, 146.0, 126.0, 144.0]
['2012-03-05', 140.0, 144.0, 134.0, 138.0]
['2012-03-06', 156.0, 156.0, 128.0, 138.0]
['2012-03-07', 150.0, 158.0, 120.0, 130.0]
['2012-03-08', 130.0, 136.0, 116.0, 136.0]
['2012-03-09', 136.0, 136.0, 124.0, 132.0]
['2012-03-12', 132.0, 146.0, 122.0, 128.0]
['2012-03-13', 128.0, 130.0, 76.0, 102.0]
['2012-03-14', 104.0, 120.0, 70.0, 78.0]
['2012-03-15', 76.0, 90.0, 50.0, 70.0]
['2012-03-16', 64.0, 68.0, 54.0, 58.0]
['2012-03-19', 56.0, 56.0, 36.0, 48.0]
['2012-03-20', 48.0, 60.0, 44.0, 60.0]
['2012-03-21', 60.0, 78.0, 60.0, 74.0]
['2012-03-22', 80.0, 80.0, 64.0, 64.0]
['2012-03-23', 64.0, 70.0, 50.0, 66.0]
['2012-03-26', 54.0, 60.0, 38.0, 46.0]
['2012-03-27', 44.0, 50.0, 40.0, 42.0]
['2012-03-28', 44.0, 48.0, 40.0, 44.0]
['2012-03-29', 44.0, 44.0, 36.0, 38.0]
['2012-03-30', 40.0, 40.0, 34.0, 38.0]
['2012-04-02', 36.0, 40.0, 36.0, 40.0]
['2012-04-03', 38.0, 40.0, 36.0, 36.0]
['2012-04-04', 36.0, 38.0, 36.0, 38.0]
['2012-04-05', 38.0, 40.0, 36.0, 36.0]
['2012-04-09', 40.0, 40.0, 36.0, 38.0]
['2012-04-10', 34.0, 40.0, 34.0, 38.0]
['2012-04-11', 40.0, 40.0, 36.0, 38.0]
['2012-04-12', 38.0, 38.0, 36.0, 38.0]
['2012-04-13', 38.0, 38.0, 32.0, 34.0]
['2012-04-16', 34.0, 34.0, 28.0, 32.0]
['2012-04-17', 32.0, 34.0, 30.0, 34.0]
['2012-04-18', 36.0, 36.0, 32.0, 34.0]
['2012-04-19', 34.0, 42.0, 32.0, 40.0]
['2012-04-20', 40.0, 42.0, 36.0, 38.0]
['2012-04-23', 40.0, 42.0, 34.0, 38.0]
['2012-04-24', 38.0, 40.0, 38.0, 40.0]
['2012-04-25', 40.0, 48.0, 40.0, 42.0]
['2012-04-26', 42.0, 44.0, 34.0, 36.0]
['2012-04-27', 36.0, 38.0, 34.0, 36.0]
['2012-04-30', 36.0, 38.0, 34.0, 38.0]
['2012-05-01', 38.0, 38.0, 34.0, 36.0]
['2012-05-02', 36.0, 38.0, 34.0, 36.0]
['2012-05-03', 34.0, 36.0, 32.0, 32.0]
['2012-05-04', 34.0, 34.0, 32.0, 32.0]
['2012-05-07', 32.0, 32.0, 32.0, 32.0]
['2012-05-08', 32.0, 34.0, 30.0, 32.0]
['2012-05-09', 30.0, 32.0, 30.0, 30.0]
['2012-05-10', 30.0, 36.0, 30.0, 32.0]
['2012-05-11', 32.0, 34.0, 32.0, 34.0]
['2012-05-14', 32.0, 36.0, 32.0, 34.0]
['2012-05-15', 30.0, 34.0, 30.0, 32.0]
['2012-05-16', 32.0, 32.0, 30.0, 32.0]
['2012-05-17', 32.0, 34.0, 32.0, 32.0]
['2012-05-18', 32.0, 36.0, 30.0, 32.0]
['2012-05-21', 32.0, 36.0, 32.0, 34.0]
['2012-05-22', 36.0, 36.0, 34.0, 34.0]
['2012-05-23', 32.0, 36.0, 32.0, 36.0]
['2012-05-24', 34.0, 36.0, 32.0, 34.0]
['2012-05-25', 36.0, 36.0, 34.0, 34.0]
['2012-05-29', 34.0, 36.0, 30.0, 34.0]
['2012-05-30', 34.0, 36.0, 34.0, 36.0]
['2012-05-31', 36.0, 40.0, 34.0, 38.0]
['2012-06-01', 38.0, 40.0, 36.0, 38.0]
['2012-06-04', 32.0, 38.0, 32.0, 36.0]
['2012-06-05', 36.0, 38.0, 36.0, 38.0]
['2012-06-06', 38.0, 38.0, 36.0, 38.0]
['2012-06-07', 38.0, 38.0, 36.0, 36.0]
['2012-06-08', 36.0, 40.0, 36.0, 36.0]
['2012-06-11', 38.0, 38.0, 36.0, 36.0]
['2012-06-12', 36.0, 38.0, 36.0, 38.0]
['2012-06-13', 38.0, 40.0, 36.0, 38.0]
['2012-06-14', 38.0, 40.0, 38.0, 40.0]
['2012-06-15', 38.0, 40.0, 38.0, 38.0]
['2012-06-18', 38.0, 40.0, 36.0, 36.0]
['2012-06-19', 38.0, 40.0, 38.0, 40.0]
['2012-06-20', 40.0, 42.0, 38.0, 40.0]
['2012-06-21', 40.0, 42.0, 40.0, 42.0]
['2012-06-22', 42.0, 46.0, 42.0, 44.0]
['2012-06-25', 46.0, 50.0, 40.0, 42.0]
['2012-06-26', 42.0, 44.0, 38.0, 40.0]
['2012-06-27', 42.0, 42.0, 34.0, 38.0]
['2012-06-28', 38.0, 38.0, 34.0, 36.0]
['2012-06-29', 36.0, 40.0, 36.0, 40.0]
['2012-07-02', 38.0, 44.0, 38.0, 44.0]
['2012-07-03', 44.0, 50.0, 44.0, 48.0]
['2012-07-05', 48.0, 52.0, 44.0, 46.0]
['2012-07-06', 46.0, 50.0, 46.0, 50.0]
['2012-07-09', 50.0, 60.0, 50.0, 54.0]
['2012-07-10', 54.0, 56.0, 52.0, 54.0]
['2012-07-11', 56.0, 56.0, 52.0, 54.0]
['2012-07-12', 54.0, 54.0, 50.0, 54.0]
['2012-07-13', 54.0, 54.0, 52.0, 52.0]
['2012-07-16', 52.0, 54.0, 50.0, 54.0]
['2012-07-17', 54.0, 54.0, 44.0, 50.0]
['2012-07-18', 50.0, 50.0, 46.0, 50.0]
['2012-07-19', 50.0, 50.0, 46.0, 48.0]
['2012-07-20', 48.0, 48.0, 44.0, 48.0]
['2012-07-23', 50.0, 50.0, 34.0, 38.0]
['2012-07-24', 36.0, 40.0, 36.0, 38.0]
['2012-07-25', 38.0, 42.0, 38.0, 40.0]
['2012-07-26', 42.0, 42.0, 40.0, 40.0]
['2012-07-27', 42.0, 42.0, 36.0, 40.0]
['2012-07-30', 40.0, 46.0, 40.0, 44.0]
['2012-07-31', 44.0, 46.0, 42.0, 42.0]
['2012-08-01', 44.0, 44.0, 40.0, 42.0]
['2012-08-02', 42.0, 44.0, 38.0, 40.0]
['2012-08-03', 44.0, 44.0, 38.0, 38.0]
['2012-08-06', 38.0, 42.0, 38.0, 40.0]
['2012-08-07', 42.0, 42.0, 38.0, 40.0]
['2012-08-08', 40.0, 40.0, 38.0, 40.0]
['2012-08-09', 40.0, 40.0, 36.0, 40.0]
['2012-08-10', 38.0, 40.0, 36.0, 38.0]
['2012-08-13', 38.0, 38.0, 36.0, 38.0]
['2012-08-14', 36.0, 38.0, 36.0, 38.0]
['2012-08-15', 40.0, 40.0, 38.0, 40.0]
['2012-08-16', 42.0, 42.0, 40.0, 40.0]
['2012-08-17', 40.0, 40.0, 38.0, 40.0]
['2012-08-20', 38.0, 42.0, 38.0, 40.0]
['2012-08-21', 40.0, 42.0, 38.0, 40.0]
['2012-08-22', 40.0, 40.0, 38.0, 40.0]
['2012-08-23', 38.0, 40.0, 36.0, 40.0]
['2012-08-24', 40.0, 40.0, 36.0, 38.0]
['2012-08-27', 38.0, 40.0, 38.0, 38.0]
['2012-08-28', 40.0, 40.0, 36.0, 36.0]
['2012-08-29', 38.0, 40.0, 38.0, 40.0]
['2012-08-30', 40.0, 42.0, 38.0, 42.0]
['2012-08-31', 42.0, 46.0, 40.0, 42.0]
['2012-09-04', 42.0, 44.0, 42.0, 42.0]
['2012-09-05', 42.0, 42.0, 40.0, 40.0]
['2012-09-06', 40.0, 44.0, 40.0, 42.0]
['2012-09-07', 42.0, 42.0, 42.0, 42.0]
['2012-09-10', 42.0, 48.0, 42.0, 46.0]
['2012-09-11', 46.0, 48.0, 46.0, 46.0]
['2012-09-12', 46.0, 48.0, 42.0, 44.0]
['2012-09-13', 42.0, 46.0, 42.0, 46.0]
['2012-09-14', 46.0, 46.0, 44.0, 44.0]
['2012-09-17', 44.0, 46.0, 42.0, 44.0]
['2012-09-18', 44.0, 44.0, 40.0, 44.0]
['2012-09-19', 42.0, 44.0, 42.0, 44.0]
['2012-09-20', 44.0, 44.0, 42.0, 44.0]
['2012-09-21', 42.0, 44.0, 40.0, 44.0]
['2012-09-24', 42.0, 46.0, 42.0, 44.0]
['2012-09-25', 42.0, 46.0, 42.0, 44.0]
['2012-09-26', 44.0, 44.0, 40.0, 42.0]
['2012-09-27', 44.0, 44.0, 42.0, 42.0]
['2012-09-28', 42.0, 44.0, 42.0, 42.0]
['2012-10-01', 42.0, 44.0, 40.0, 44.0]
['2012-10-02', 44.0, 50.0, 44.0, 48.0]
['2012-10-03', 48.0, 50.0, 46.0, 50.0]
['2012-10-04', 50.0, 50.0, 48.0, 48.0]
['2012-10-05', 50.0, 50.0, 46.0, 46.0]
['2012-10-08', 46.0, 52.0, 46.0, 52.0]
['2012-10-09', 56.0, 66.0, 54.0, 58.0]
['2012-10-10', 62.0, 74.0, 60.0, 74.0]
['2012-10-11', 72.0, 76.0, 64.0, 68.0]
['2012-10-12', 68.0, 70.0, 64.0, 68.0]
['2012-10-15', 68.0, 70.0, 64.0, 70.0]
['2012-10-16', 68.0, 70.0, 66.0, 68.0]
['2012-10-17', 70.0, 88.0, 70.0, 84.0]
['2012-10-18', 84.0, 92.0, 78.0, 86.0]
['2012-10-19', 84.0, 98.0, 84.0, 90.0]
['2012-10-22', 94.0, 94.0, 82.0, 90.0]
['2012-10-23', 92.0, 94.0, 68.0, 74.0]
['2012-10-24', 78.0, 82.0, 72.0, 76.0]
['2012-10-25', 76.0, 78.0, 62.0, 68.0]
['2012-10-26', 68.0, 68.0, 56.0, 58.0]
['2012-10-31', 56.0, 70.0, 56.0, 62.0]
['2012-11-01', 64.0, 68.0, 60.0, 60.0]
['2012-11-02', 62.0, 62.0, 58.0, 60.0]
['2012-11-05', 62.0, 66.0, 60.0, 60.0]
['2012-11-06', 60.0, 64.0, 60.0, 60.0]
['2012-11-07', 62.0, 70.0, 58.0, 70.0]
['2012-11-08', 72.0, 72.0, 64.0, 68.0]
['2012-11-09', 68.0, 68.0, 60.0, 64.0]
['2012-11-12', 66.0, 66.0, 62.0, 64.0]
['2012-11-13', 62.0, 66.0, 62.0, 64.0]
['2012-11-14', 68.0, 82.0, 66.0, 78.0]
['2012-11-15', 78.0, 80.0, 60.0, 66.0]
['2012-11-16', 66.0, 66.0, 56.0, 62.0]
['2012-11-19', 64.0, 66.0, 46.0, 54.0]
['2012-11-20', 58.0, 60.0, 52.0, 56.0]
['2012-11-21', 56.0, 58.0, 54.0, 56.0]
['2012-11-23', 56.0, 56.0, 54.0, 56.0]
['2012-11-26', 56.0, 56.0, 52.0, 56.0]
['2012-11-27', 56.0, 62.0, 54.0, 62.0]
['2012-11-28', 60.0, 62.0, 56.0, 60.0]
['2012-11-29', 60.0, 60.0, 56.0, 58.0]
['2012-11-30', 58.0, 60.0, 56.0, 58.0]
['2012-12-03', 60.0, 74.0, 58.0, 68.0]
['2012-12-04', 68.0, 70.0, 62.0, 68.0]
['2012-12-05', 70.0, 70.0, 64.0, 64.0]
['2012-12-06', 66.0, 66.0, 58.0, 62.0]
['2012-12-07', 62.0, 64.0, 60.0, 62.0]
['2012-12-10', 62.0, 62.0, 58.0, 62.0]
['2012-12-11', 60.0, 64.0, 60.0, 60.0]
['2012-12-12', 60.0, 64.0, 60.0, 62.0]
['2012-12-13', 62.0, 62.0, 44.0, 48.0]
['2012-12-14', 48.0, 48.0, 42.0, 46.0]
['2012-12-17', 46.0, 50.0, 44.0, 46.0]
['2012-12-18', 46.0, 48.0, 46.0, 46.0]
['2012-12-19', 46.0, 48.0, 44.0, 46.0]
['2012-12-20', 46.0, 46.0, 44.0, 44.0]
['2012-12-21', 44.0, 46.0, 44.0, 46.0]
['2012-12-24', 46.0, 46.0, 44.0, 44.0]
['2012-12-26', 44.0, 46.0, 44.0, 44.0]
['2012-12-27', 44.0, 44.0, 42.0, 42.0]
['2012-12-28', 42.0, 44.0, 42.0, 42.0]
['2012-12-31', 42.0, 44.0, 42.0, 44.0]
['2013-01-02', 44.0, 44.0, 40.0, 44.0]
['2013-01-03', 44.0, 46.0, 42.0, 44.0]
['2013-01-04', 48.0, 48.0, 44.0, 44.0]
['2013-01-07', 46.0, 48.0, 44.0, 46.0]
['2013-01-08', 48.0, 48.0, 44.0, 44.0]
['2013-01-09', 46.0, 46.0, 44.0, 44.0]
['2013-01-10', 46.0, 46.0, 44.0, 46.0]
['2013-01-11', 46.0, 46.0, 44.0, 44.0]
['2013-01-14', 44.0, 46.0, 44.0, 44.0]
['2013-01-15', 46.0, 46.0, 44.0, 46.0]
['2013-01-16', 46.0, 48.0, 46.0, 46.0]
['2013-01-17', 46.0, 46.0, 42.0, 46.0]
['2013-01-18', 46.0, 46.0, 42.0, 46.0]
['2013-01-22', 44.0, 46.0, 44.0, 44.0]
['2013-01-23', 44.0, 46.0, 44.0, 44.0]
['2013-01-24', 44.0, 46.0, 44.0, 44.0]
['2013-01-25', 44.0, 44.0, 42.0, 42.0]
['2013-01-28', 42.0, 42.0, 40.0, 42.0]
['2013-01-29', 42.0, 44.0, 42.0, 44.0]
['2013-01-30', 44.0, 44.0, 42.0, 42.0]
['2013-01-31', 42.0, 44.0, 40.0, 44.0]
['2013-02-01', 42.0, 44.0, 42.0, 44.0]
['2013-02-04', 44.0, 46.0, 44.0, 46.0]
['2013-02-05', 44.0, 46.0, 44.0, 44.0]
['2013-02-06', 44.0, 46.0, 44.0, 44.0]
['2013-02-07', 46.0, 46.0, 44.0, 46.0]
['2013-02-08', 46.0, 46.0, 44.0, 46.0]
['2013-02-11', 46.0, 46.0, 44.0, 46.0]
['2013-02-12', 46.0, 46.0, 44.0, 46.0]
['2013-02-13', 44.0, 46.0, 42.0, 46.0]
['2013-02-14', 46.0, 46.0, 44.0, 44.0]
['2013-02-15', 44.0, 46.0, 40.0, 40.0]
['2013-02-19', 42.0, 44.0, 40.0, 42.0]
['2013-02-20', 42.0, 44.0, 40.0, 42.0]
['2013-02-21', 40.0, 40.0, 36.0, 40.0]
['2013-02-22', 40.0, 40.0, 38.0, 38.0]
['2013-02-25', 38.0, 42.0, 38.0, 40.0]
['2013-02-26', 40.0, 42.0, 38.0, 42.0]
['2013-02-27', 40.0, 42.0, 40.0, 42.0]
['2013-02-28', 42.0, 42.0, 40.0, 42.0]
['2013-03-01', 40.0, 42.0, 40.0, 40.0]
['2013-03-04', 40.0, 42.0, 40.0, 40.0]
['2013-03-05', 40.0, 42.0, 40.0, 40.0]
['2013-03-06', 40.0, 40.0, 40.0, 40.0]
['2013-03-07', 40.0, 40.0, 40.0, 40.0]
['2013-03-08', 40.0, 40.0, 40.0, 40.0]
['2013-03-11', 40.0, 42.0, 40.0, 40.0]
['2013-03-12', 42.0, 42.0, 40.0, 40.0]
['2013-03-13', 40.0, 40.0, 40.0, 40.0]
['2013-03-14', 40.0, 42.0, 40.0, 42.0]
['2013-03-15', 42.0, 42.0, 40.0, 42.0]
['2013-03-18', 42.0, 42.0, 42.0, 42.0]
['2013-03-19', 42.0, 44.0, 42.0, 44.0]
['2013-03-20', 44.0, 48.0, 44.0, 46.0]
['2013-03-21', 46.0, 48.0, 42.0, 44.0]
['2013-03-22', 44.0, 46.0, 42.0, 42.0]
['2013-03-25', 44.0, 44.0, 42.0, 42.0]
['2013-03-26', 42.0, 42.0, 42.0, 42.0]
['2013-03-27', 42.0, 46.0, 42.0, 46.0]
['2013-03-28', 46.0, 48.0, 46.0, 46.0]
['2013-04-01', 46.0, 48.0, 46.0, 48.0]
['2013-04-02', 48.0, 48.0, 46.0, 46.0]
['2013-04-03', 46.0, 46.0, 46.0, 46.0]
['2013-04-04', 46.0, 46.0, 46.0, 46.0]
['2013-04-05', 46.0, 50.0, 46.0, 50.0]
['2013-04-08', 50.0, 52.0, 48.0, 48.0]
['2013-04-09', 48.0, 50.0, 48.0, 50.0]
['2013-04-10', 48.0, 50.0, 48.0, 48.0]
['2013-04-11', 48.0, 48.0, 44.0, 48.0]
['2013-04-12', 48.0, 50.0, 48.0, 50.0]
['2013-04-15', 50.0, 50.0, 50.0, 50.0]
['2013-04-16', 50.0, 50.0, 50.0, 50.0]
['2013-04-17', 50.0, 50.0, 48.0, 50.0]
['2013-04-18', 48.0, 50.0, 48.0, 48.0]
['2013-04-19', 48.0, 48.0, 48.0, 48.0]
['2013-04-22', 48.0, 50.0, 48.0, 50.0]
['2013-04-23', 50.0, 50.0, 48.0, 48.0]
['2013-04-24', 48.0, 50.0, 48.0, 48.0]
['2013-04-25', 48.0, 50.0, 48.0, 48.0]
['2013-04-26', 48.0, 50.0, 48.0, 48.0]
['2013-04-29', 50.0, 52.0, 50.0, 52.0]
['2013-04-30', 52.0, 58.0, 52.0, 56.0]
['2013-05-01', 54.0, 56.0, 52.0, 52.0]
['2013-05-02', 54.0, 56.0, 52.0, 54.0]
['2013-05-03', 56.0, 56.0, 54.0, 56.0]
['2013-05-06', 56.0, 60.0, 56.0, 60.0]
['2013-05-07', 60.0, 64.0, 56.0, 58.0]
['2013-05-08', 56.0, 58.0, 56.0, 56.0]
['2013-05-09', 58.0, 58.0, 56.0, 58.0]
['2013-05-10', 58.0, 58.0, 56.0, 56.0]
['2013-05-13', 56.0, 56.0, 50.0, 52.0]
['2013-05-14', 52.0, 56.0, 50.0, 54.0]
['2013-05-15', 54.0, 64.0, 54.0, 60.0]
['2013-05-16', 60.0, 62.0, 58.0, 60.0]
['2013-05-17', 60.0, 60.0, 58.0, 60.0]
['2013-05-20', 58.0, 64.0, 58.0, 64.0]
['2013-05-21', 66.0, 68.0, 60.0, 64.0]
['2013-05-22', 68.0, 68.0, 60.0, 62.0]
['2013-05-23', 62.0, 64.0, 62.0, 62.0]
['2013-05-24', 62.0, 64.0, 62.0, 64.0]
['2013-05-28', 64.0, 66.0, 62.0, 62.0]
['2013-05-29', 64.0, 64.0, 58.0, 60.0]
['2013-05-30', 60.0, 62.0, 60.0, 60.0]
['2013-05-31', 60.0, 60.0, 58.0, 60.0]
['2013-06-03', 60.0, 60.0, 56.0, 58.0]
['2013-06-04', 58.0, 58.0, 52.0, 58.0]
['2013-06-05', 58.0, 58.0, 56.0, 56.0]
['2013-06-06', 56.0, 56.0, 54.0, 54.0]
['2013-06-07', 56.0, 56.0, 50.0, 54.0]
['2013-06-10', 54.0, 60.0, 52.0, 56.0]
['2013-06-11', 58.0, 58.0, 54.0, 56.0]
['2013-06-12', 58.0, 58.0, 56.0, 58.0]
['2013-06-13', 58.0, 58.0, 56.0, 56.0]
['2013-06-14', 56.0, 56.0, 56.0, 56.0]
['2013-06-17', 54.0, 56.0, 54.0, 54.0]
['2013-06-18', 54.0, 54.0, 52.0, 54.0]
['2013-06-19', 54.0, 56.0, 52.0, 52.0]
['2013-06-20', 52.0, 56.0, 50.0, 52.0]
['2013-06-21', 52.0, 54.0, 50.0, 52.0]
['2013-06-24', 50.0, 52.0, 46.0, 50.0]
['2013-06-25', 48.0, 52.0, 46.0, 52.0]
['2013-06-26', 50.0, 50.0, 46.0, 48.0]
['2013-06-27', 48.0, 50.0, 48.0, 50.0]
['2013-06-28', 50.0, 50.0, 46.0, 48.0]
['2013-07-01', 48.0, 50.0, 46.0, 50.0]
['2013-07-02', 50.0, 50.0, 48.0, 48.0]
['2013-07-03', 46.0, 48.0, 46.0, 48.0]
['2013-07-05', 48.0, 48.0, 48.0, 48.0]
['2013-07-08', 48.0, 48.0, 48.0, 48.0]
['2013-07-09', 48.0, 50.0, 48.0, 48.0]
['2013-07-10', 50.0, 58.0, 50.0, 54.0]
['2013-07-11', 54.0, 58.0, 54.0, 56.0]
['2013-07-12', 60.0, 60.0, 56.0, 58.0]
['2013-07-15', 60.0, 64.0, 58.0, 62.0]
['2013-07-16', 62.0, 64.0, 56.0, 58.0]
['2013-07-17', 58.0, 62.0, 58.0, 58.0]
['2013-07-18', 60.0, 64.0, 58.0, 64.0]
['2013-07-19', 64.0, 64.0, 58.0, 60.0]
['2013-07-22', 64.0, 64.0, 58.0, 60.0]
['2013-07-23', 60.0, 60.0, 58.0, 58.0]
['2013-07-24', 58.0, 58.0, 54.0, 56.0]
['2013-07-25', 56.0, 58.0, 52.0, 56.0]
['2013-07-26', 54.0, 56.0, 54.0, 54.0]
['2013-07-29', 54.0, 56.0, 54.0, 54.0]
['2013-07-30', 54.0, 56.0, 54.0, 54.0]
['2013-07-31', 54.0, 60.0, 54.0, 60.0]
['2013-08-01', 58.0, 62.0, 58.0, 60.0]
['2013-08-02', 60.0, 62.0, 58.0, 60.0]
['2013-08-05', 60.0, 66.0, 58.0, 66.0]
['2013-08-06', 66.0, 72.0, 66.0, 68.0]
['2013-08-07', 70.0, 70.0, 60.0, 64.0]
['2013-08-08', 64.0, 66.0, 62.0, 64.0]
['2013-08-09', 64.0, 64.0, 58.0, 60.0]
['2013-08-12', 62.0, 62.0, 56.0, 58.0]
['2013-08-13', 58.0, 64.0, 56.0, 64.0]
['2013-08-14', 64.0, 66.0, 62.0, 64.0]
['2013-08-15', 66.0, 66.0, 58.0, 60.0]
['2013-08-16', 60.0, 62.0, 60.0, 60.0]
['2013-08-19', 58.0, 60.0, 54.0, 58.0]
['2013-08-20', 60.0, 60.0, 56.0, 58.0]
['2013-08-21', 58.0, 60.0, 58.0, 58.0]
['2013-08-22', 58.0, 60.0, 58.0, 58.0]
['2013-08-23', 58.0, 60.0, 58.0, 60.0]
['2013-08-26', 60.0, 60.0, 58.0, 58.0]
['2013-08-27', 58.0, 60.0, 58.0, 60.0]
['2013-08-28', 60.0, 60.0, 58.0, 60.0]
['2013-08-29', 60.0, 60.0, 58.0, 58.0]
['2013-08-30', 58.0, 60.0, 58.0, 58.0]
['2013-09-03', 58.0, 58.0, 56.0, 58.0]
['2013-09-04', 58.0, 60.0, 58.0, 60.0]
['2013-09-05', 60.0, 70.0, 60.0, 68.0]
['2013-09-06', 68.0, 68.0, 66.0, 68.0]
['2013-09-09', 68.0, 72.0, 68.0, 70.0]
['2013-09-10', 70.0, 70.0, 62.0, 64.0]
['2013-09-11', 64.0, 66.0, 60.0, 60.0]
['2013-09-12', 60.0, 62.0, 58.0, 60.0]
['2013-09-13', 58.0, 68.0, 56.0, 64.0]
['2013-09-16', 56.0, 56.0, 52.0, 52.0]
['2013-09-17', 52.0, 52.0, 50.0, 52.0]
['2013-09-18', 50.0, 52.0, 50.0, 50.0]
['2013-09-19', 50.0, 54.0, 50.0, 52.0]
['2013-09-20', 52.0, 52.0, 52.0, 52.0]
['2013-09-23', 52.0, 52.0, 50.0, 50.0]
['2013-09-24', 50.0, 52.0, 50.0, 50.0]
['2013-09-25', 50.0, 50.0, 48.0, 48.0]
['2013-09-26', 50.0, 52.0, 48.0, 52.0]
['2013-09-27', 52.0, 52.0, 50.0, 50.0]
['2013-09-30', 50.0, 50.0, 48.0, 48.0]
['2013-10-01', 48.0, 52.0, 48.0, 52.0]
['2013-10-02', 52.0, 54.0, 52.0, 54.0]
['2013-10-03', 56.0, 56.0, 54.0, 56.0]
['2013-10-04', 56.0, 56.0, 52.0, 52.0]
['2013-10-07', 52.0, 54.0, 50.0, 52.0]
['2013-10-08', 54.0, 54.0, 50.0, 52.0]
['2013-10-09', 52.0, 52.0, 50.0, 52.0]
['2013-10-10', 52.0, 52.0, 52.0, 52.0]
['2013-10-11', 52.0, 52.0, 50.0, 52.0]
['2013-10-14', 52.0, 52.0, 50.0, 50.0]
['2013-10-15', 52.0, 54.0, 50.0, 54.0]
['2013-10-16', 54.0, 56.0, 54.0, 56.0]
['2013-10-17', 56.0, 58.0, 56.0, 58.0]
['2013-10-18', 58.0, 62.0, 58.0, 62.0]
['2013-10-21', 62.0, 62.0, 54.0, 56.0]
['2013-10-22', 56.0, 60.0, 56.0, 56.0]
['2013-10-23', 60.0, 60.0, 56.0, 58.0]
['2013-10-24', 58.0, 60.0, 58.0, 58.0]
['2013-10-25', 60.0, 60.0, 58.0, 58.0]
['2013-10-28', 60.0, 60.0, 58.0, 58.0]
['2013-10-29', 58.0, 58.0, 54.0, 56.0]
['2013-10-30', 56.0, 58.0, 56.0, 56.0]
['2013-10-31', 56.0, 56.0, 54.0, 54.0]
['2013-11-01', 56.0, 56.0, 54.0, 54.0]
['2013-11-04', 54.0, 56.0, 54.0, 56.0]
['2013-11-05', 54.0, 56.0, 54.0, 54.0]
['2013-11-06', 54.0, 56.0, 52.0, 52.0]
['2013-11-07', 52.0, 52.0, 52.0, 52.0]
['2013-11-08', 52.0, 54.0, 52.0, 54.0]
['2013-11-11', 54.0, 58.0, 52.0, 56.0]
['2013-11-12', 58.0, 58.0, 56.0, 56.0]
['2013-11-13', 56.0, 56.0, 54.0, 56.0]
['2013-11-14', 56.0, 56.0, 54.0, 54.0]
['2013-11-15', 56.0, 56.0, 54.0, 56.0]
['2013-11-18', 56.0, 56.0, 54.0, 54.0]
['2013-11-19', 56.0, 56.0, 54.0, 56.0]
['2013-11-20', 56.0, 58.0, 56.0, 56.0]
['2013-11-21', 56.0, 56.0, 56.0, 56.0]
['2013-11-22', 54.0, 56.0, 54.0, 56.0]
['2013-11-25', 56.0, 58.0, 56.0, 56.0]
['2013-11-26', 56.0, 60.0, 56.0, 60.0]
['2013-11-27', 60.0, 64.0, 60.0, 62.0]
['2013-11-29', 62.0, 62.0, 60.0, 62.0]
['2013-12-02', 62.0, 66.0, 62.0, 64.0]
['2013-12-03', 66.0, 66.0, 62.0, 64.0]
['2013-12-04', 64.0, 64.0, 60.0, 60.0]
['2013-12-05', 60.0, 64.0, 58.0, 60.0]
['2013-12-06', 60.0, 62.0, 60.0, 60.0]
['2013-12-09', 60.0, 64.0, 60.0, 62.0]
['2013-12-10', 62.0, 64.0, 62.0, 62.0]
['2013-12-11', 62.0, 64.0, 60.0, 62.0]
['2013-12-12', 62.0, 68.0, 62.0, 66.0]
['2013-12-13', 64.0, 68.0, 64.0, 68.0]
['2013-12-16', 70.0, 80.0, 70.0, 74.0]
['2013-12-17', 76.0, 78.0, 72.0, 76.0]
['2013-12-18', 76.0, 78.0, 76.0, 78.0]
['2013-12-19', 78.0, 88.0, 74.0, 84.0]
['2013-12-20', 84.0, 92.0, 84.0, 90.0]
['2013-12-23', 90.0, 100.0, 88.0, 96.0]
['2013-12-24', 98.0, 98.0, 86.0, 92.0]
['2013-12-26', 92.0, 94.0, 82.0, 90.0]
['2013-12-27', 90.0, 92.0, 84.0, 88.0]
['2013-12-30', 92.0, 92.0, 82.0, 92.0]
['2013-12-31', 92.0, 98.0, 88.0, 96.0]
['2014-01-02', 98.0, 108.0, 98.0, 106.0]
['2014-01-03', 108.0, 110.0, 100.0, 102.0]
['2014-01-06', 108.0, 108.0, 100.0, 106.0]
['2014-01-07', 108.0, 110.0, 104.0, 108.0]
['2014-01-08', 106.0, 110.0, 106.0, 110.0]
['2014-01-09', 110.0, 112.0, 108.0, 108.0]
['2014-01-10', 108.0, 108.0, 92.0, 102.0]
['2014-01-13', 102.0, 110.0, 102.0, 108.0]
['2014-01-14', 112.0, 114.0, 92.0, 102.0]
['2014-01-15', 102.0, 102.0, 92.0, 96.0]
['2014-01-16', 92.0, 98.0, 92.0, 96.0]
['2014-01-17', 96.0, 102.0, 92.0, 100.0]
['2014-01-21', 102.0, 104.0, 92.0, 98.0]
['2014-01-22', 94.0, 100.0, 92.0, 100.0]
['2014-01-23', 102.0, 102.0, 94.0, 100.0]
['2014-01-24', 98.0, 100.0, 94.0, 96.0]
['2014-01-27', 96.0, 96.0, 88.0, 92.0]
['2014-01-28', 90.0, 90.0, 84.0, 88.0]
['2014-01-29', 88.0, 96.0, 84.0, 94.0]
['2014-01-30', 94.0, 100.0, 94.0, 98.0]
['2014-01-31', 100.0, 102.0, 96.0, 96.0]
['2014-02-03', 96.0, 98.0, 86.0, 92.0]
['2014-02-04', 92.0, 94.0, 90.0, 94.0]
['2014-02-05', 92.0, 94.0, 86.0, 88.0]
['2014-02-06', 90.0, 90.0, 86.0, 90.0]
['2014-02-07', 90.0, 94.0, 86.0, 90.0]
['2014-02-10', 90.0, 94.0, 90.0, 94.0]
['2014-02-11', 94.0, 100.0, 94.0, 96.0]
['2014-02-12', 96.0, 98.0, 92.0, 94.0]
['2014-02-13', 96.0, 96.0, 92.0, 94.0]
['2014-02-14', 92.0, 96.0, 92.0, 94.0]
['2014-02-18', 94.0, 102.0, 94.0, 100.0]
['2014-02-19', 102.0, 102.0, 98.0, 98.0]
['2014-02-20', 100.0, 102.0, 98.0, 102.0]
['2014-02-21', 102.0, 102.0, 98.0, 102.0]
['2014-02-24', 100.0, 118.0, 100.0, 112.0]
['2014-02-25', 114.0, 142.0, 112.0, 140.0]
['2014-02-26', 142.0, 158.0, 142.0, 150.0]
['2014-02-27', 152.0, 152.0, 124.0, 138.0]
['2014-02-28', 138.0, 150.0, 132.0, 140.0]
['2014-03-03', 140.0, 146.0, 138.0, 144.0]
['2014-03-04', 150.0, 188.0, 146.0, 188.0]
['2014-03-05', 190.0, 194.0, 168.0, 170.0]
['2014-03-06', 174.0, 180.0, 170.0, 172.0]
['2014-03-07', 174.0, 178.0, 154.0, 162.0]
['2014-03-10', 160.0, 180.0, 158.0, 174.0]
['2014-03-11', 178.0, 184.0, 172.0, 176.0]
['2014-03-12', 176.0, 178.0, 174.0, 176.0]
['2014-03-13', 176.0, 180.0, 158.0, 164.0]
['2014-03-14', 162.0, 164.0, 154.0, 154.0]
['2014-03-17', 154.0, 158.0, 142.0, 152.0]
['2014-03-18', 156.0, 174.0, 154.0, 162.0]
['2014-03-19', 162.0, 168.0, 158.0, 162.0]
['2014-03-20', 166.0, 172.0, 160.0, 168.0]
['2014-03-21', 176.0, 184.0, 168.0, 176.0]
['2014-03-24', 180.0, 180.0, 162.0, 164.0]
['2014-03-25', 164.0, 166.0, 160.0, 160.0]
['2014-03-26', 164.0, 168.0, 160.0, 162.0]
['2014-03-27', 162.0, 164.0, 148.0, 156.0]
['2014-03-28', 156.0, 156.0, 148.0, 152.0]
['2014-03-31', 152.0, 158.0, 150.0, 154.0]
['2014-04-01', 154.0, 156.0, 152.0, 152.0]
['2014-04-02', 156.0, 160.0, 154.0, 158.0]
['2014-04-03', 156.0, 170.0, 156.0, 162.0]
['2014-04-04', 170.0, 170.0, 160.0, 164.0]
['2014-04-07', 164.0, 164.0, 150.0, 154.0]
['2014-04-08', 156.0, 170.0, 148.0, 156.0]
['2014-04-09', 156.0, 164.0, 152.0, 162.0]
['2014-04-10', 162.0, 166.0, 154.0, 160.0]
['2014-04-11', 158.0, 158.0, 144.0, 152.0]
['2014-04-14', 136.0, 148.0, 130.0, 132.0]
['2014-04-15', 136.0, 136.0, 96.0, 120.0]
['2014-04-16', 120.0, 134.0, 110.0, 130.0]
['2014-04-17', 134.0, 144.0, 130.0, 144.0]
['2014-04-21', 148.0, 158.0, 146.0, 156.0]
['2014-04-22', 158.0, 158.0, 146.0, 146.0]
['2014-04-23', 156.0, 156.0, 146.0, 152.0]
['2014-04-24', 154.0, 156.0, 148.0, 154.0]
['2014-04-25', 154.0, 154.0, 140.0, 146.0]
['2014-04-28', 146.0, 150.0, 144.0, 144.0]
['2014-04-29', 142.0, 150.0, 142.0, 146.0]
['2014-04-30', 146.0, 148.0, 144.0, 146.0]
['2014-05-01', 148.0, 150.0, 146.0, 150.0]
['2014-05-02', 150.0, 160.0, 150.0, 154.0]
['2014-05-05', 158.0, 164.0, 154.0, 160.0]
['2014-05-06', 158.0, 160.0, 152.0, 154.0]
['2014-05-07', 154.0, 154.0, 150.0, 152.0]
['2014-05-08', 152.0, 156.0, 150.0, 154.0]
['2014-05-09', 150.0, 154.0, 144.0, 148.0]
['2014-05-12', 154.0, 156.0, 146.0, 146.0]
['2014-05-13', 146.0, 150.0, 144.0, 146.0]
['2014-05-14', 148.0, 150.0, 146.0, 148.0]
['2014-05-15', 150.0, 158.0, 148.0, 150.0]
['2014-05-16', 152.0, 158.0, 150.0, 156.0]
['2014-05-19', 152.0, 158.0, 152.0, 156.0]
['2014-05-20', 156.0, 158.0, 154.0, 158.0]
['2014-05-21', 156.0, 158.0, 156.0, 156.0]
['2014-05-22', 156.0, 158.0, 152.0, 154.0]
['2014-05-23', 154.0, 156.0, 150.0, 150.0]
['2014-05-27', 150.0, 154.0, 146.0, 150.0]
['2014-05-28', 150.0, 154.0, 148.0, 152.0]
['2014-05-29', 154.0, 158.0, 152.0, 156.0]
['2014-05-30', 154.0, 164.0, 154.0, 164.0]
['2014-06-02', 170.0, 180.0, 166.0, 168.0]
['2014-06-03', 170.0, 172.0, 152.0, 158.0]
['2014-06-04', 148.0, 148.0, 134.0, 142.0]
['2014-06-05', 142.0, 148.0, 142.0, 146.0]
['2014-06-06', 146.0, 146.0, 140.0, 142.0]
['2014-06-09', 144.0, 146.0, 136.0, 138.0]
['2014-06-10', 138.0, 142.0, 132.0, 134.0]
['2014-06-11', 136.0, 138.0, 130.0, 132.0]
['2014-06-12', 132.0, 132.0, 120.0, 126.0]
['2014-06-13', 124.0, 126.0, 116.0, 122.0]
['2014-06-16', 118.0, 120.0, 112.0, 114.0]
['2014-06-17', 112.0, 132.0, 112.0, 126.0]
['2014-06-18', 126.0, 134.0, 124.0, 128.0]
['2014-06-19', 128.0, 128.0, 122.0, 124.0]
['2014-06-20', 124.0, 124.0, 118.0, 122.0]
['2014-06-23', 122.0, 122.0, 116.0, 118.0]
['2014-06-24', 118.0, 122.0, 118.0, 122.0]
['2014-06-25', 120.0, 124.0, 120.0, 124.0]
['2014-06-26', 124.0, 126.0, 122.0, 124.0]
['2014-06-27', 122.0, 124.0, 120.0, 124.0]
['2014-06-30', 122.0, 122.0, 116.0, 118.0]
['2014-07-01', 118.0, 120.0, 112.0, 116.0]
['2014-07-02', 118.0, 122.0, 114.0, 122.0]
['2014-07-03', 120.0, 126.0, 120.0, 122.0]
['2014-07-07', 122.0, 126.0, 118.0, 126.0]
['2014-07-08', 122.0, 128.0, 120.0, 120.0]
['2014-07-09', 124.0, 126.0, 120.0, 122.0]
['2014-07-10', 120.0, 120.0, 114.0, 118.0]
['2014-07-11', 118.0, 120.0, 112.0, 114.0]
['2014-07-14', 114.0, 118.0, 110.0, 110.0]
['2014-07-15', 110.0, 110.0, 102.0, 106.0]
['2014-07-16', 106.0, 106.0, 94.0, 96.0]
['2014-07-17', 94.0, 106.0, 84.0, 94.0]
['2014-07-18', 96.0, 106.0, 96.0, 100.0]
['2014-07-21', 102.0, 104.0, 96.0, 102.0]
['2014-07-22', 100.0, 106.0, 100.0, 102.0]
['2014-07-23', 102.0, 112.0, 102.0, 106.0]
['2014-07-24', 108.0, 110.0, 100.0, 102.0]
['2014-07-25', 100.0, 102.0, 96.0, 100.0]
['2014-07-28', 98.0, 98.0, 92.0, 94.0]
['2014-07-29', 94.0, 98.0, 90.0, 94.0]
['2014-07-30', 94.0, 98.0, 90.0, 90.0]
['2014-07-31', 90.0, 90.0, 86.0, 88.0]
['2014-08-01', 88.0, 88.0, 82.0, 88.0]
['2014-08-04', 84.0, 88.0, 80.0, 82.0]
['2014-08-05', 80.0, 82.0, 72.0, 72.0]
['2014-08-06', 72.0, 86.0, 72.0, 82.0]
['2014-08-07', 84.0, 94.0, 82.0, 92.0]
['2014-08-08', 92.0, 96.0, 82.0, 88.0]
['2014-08-11', 86.0, 86.0, 78.0, 78.0]
['2014-08-12', 78.0, 80.0, 74.0, 78.0]
['2014-08-13', 78.0, 82.0, 76.0, 80.0]
['2014-08-14', 80.0, 82.0, 78.0, 78.0]
['2014-08-15', 78.0, 80.0, 76.0, 78.0]
['2014-08-18', 78.0, 80.0, 76.0, 78.0]
['2014-08-19', 78.0, 82.0, 78.0, 82.0]
['2014-08-20', 82.0, 94.0, 82.0, 92.0]
['2014-08-21', 90.0, 90.0, 86.0, 88.0]
['2014-08-22', 90.0, 90.0, 86.0, 88.0]
['2014-08-25', 88.0, 88.0, 84.0, 86.0]
['2014-08-26', 84.0, 88.0, 84.0, 88.0]
['2014-08-27', 88.0, 92.0, 84.0, 88.0]
['2014-08-28', 88.0, 88.0, 86.0, 88.0]
['2014-08-29', 88.0, 92.0, 84.0, 92.0]
['2014-09-02', 92.0, 106.0, 92.0, 104.0]
['2014-09-03', 106.0, 116.0, 104.0, 112.0]
['2014-09-04', 112.0, 114.0, 106.0, 110.0]
['2014-09-05', 110.0, 122.0, 110.0, 122.0]
['2014-09-08', 122.0, 130.0, 116.0, 122.0]
['2014-09-09', 124.0, 126.0, 110.0, 110.0]
['2014-09-10', 106.0, 110.0, 92.0, 106.0]
['2014-09-11', 106.0, 108.0, 98.0, 106.0]
['2014-09-12', 104.0, 106.0, 102.0, 104.0]
['2014-09-15', 102.0, 106.0, 100.0, 102.0]
['2014-09-16', 102.0, 104.0, 100.0, 104.0]
['2014-09-17', 106.0, 120.0, 106.0, 114.0]
['2014-09-18', 114.0, 116.0, 108.0, 110.0]
['2014-09-19', 108.0, 112.0, 104.0, 106.0]
['2014-09-22', 106.0, 106.0, 102.0, 104.0]
['2014-09-23', 104.0, 104.0, 100.0, 104.0]
['2014-09-24', 104.0, 104.0, 100.0, 104.0]
['2014-09-25', 104.0, 106.0, 104.0, 104.0]
['2014-09-26', 104.0, 104.0, 100.0, 100.0]
['2014-09-29', 100.0, 104.0, 100.0, 102.0]
['2014-09-30', 102.0, 104.0, 98.0, 98.0]
['2014-10-01', 98.0, 98.0, 84.0, 90.0]
['2014-10-02', 88.0, 96.0, 88.0, 92.0]
['2014-10-03', 90.0, 96.0, 90.0, 94.0]
['2014-10-06', 94.0, 96.0, 88.0, 92.0]
['2014-10-07', 90.0, 92.0, 86.0, 90.0]
['2014-10-08', 90.0, 90.0, 80.0, 84.0]
['2014-10-09', 90.0, 90.0, 82.0, 84.0]
['2014-10-10', 84.0, 84.0, 78.0, 84.0]
['2014-10-13', 84.0, 84.0, 76.0, 84.0]
['2014-10-14', 80.0, 82.0, 78.0, 80.0]
['2014-10-15', 80.0, 82.0, 78.0, 82.0]
['2014-10-16', 80.0, 86.0, 80.0, 86.0]
['2014-10-17', 86.0, 92.0, 86.0, 88.0]
['2014-10-20', 96.0, 104.0, 90.0, 94.0]
['2014-10-21', 92.0, 94.0, 90.0, 90.0]
['2014-10-22', 90.0, 92.0, 84.0, 90.0]
['2014-10-23', 94.0, 94.0, 90.0, 92.0]
['2014-10-24', 92.0, 98.0, 90.0, 94.0]
['2014-10-27', 94.0, 98.0, 94.0, 96.0]
['2014-10-28', 94.0, 96.0, 90.0, 92.0]
['2014-10-29', 90.0, 94.0, 90.0, 94.0]
['2014-10-30', 92.0, 96.0, 92.0, 96.0]
['2014-10-31', 96.0, 104.0, 94.0, 100.0]
['2014-11-03', 102.0, 110.0, 100.0, 106.0]
['2014-11-04', 104.0, 106.0, 96.0, 98.0]
['2014-11-05', 100.0, 110.0, 100.0, 104.0]
['2014-11-06', 108.0, 110.0, 104.0, 106.0]
['2014-11-07', 106.0, 108.0, 102.0, 104.0]
['2014-11-10', 106.0, 106.0, 102.0, 104.0]
['2014-11-11', 104.0, 104.0, 102.0, 102.0]
['2014-11-12', 104.0, 108.0, 102.0, 108.0]
['2014-11-13', 110.0, 116.0, 108.0, 112.0]
['2014-11-14', 112.0, 112.0, 106.0, 108.0]
['2014-11-17', 108.0, 118.0, 108.0, 114.0]
['2014-11-18', 116.0, 118.0, 114.0, 116.0]
['2014-11-19', 116.0, 118.0, 112.0, 114.0]
['2014-11-20', 114.0, 116.0, 110.0, 112.0]
['2014-11-21', 112.0, 112.0, 108.0, 108.0]
['2014-11-24', 104.0, 106.0, 98.0, 104.0]
['2014-11-25', 104.0, 126.0, 104.0, 120.0]
['2014-11-26', 120.0, 126.0, 114.0, 122.0]
['2014-11-28', 122.0, 124.0, 118.0, 124.0]
['2014-12-01', 122.0, 132.0, 120.0, 126.0]
['2014-12-02', 128.0, 130.0, 120.0, 126.0]
['2014-12-03', 126.0, 126.0, 120.0, 120.0]
['2014-12-04', 122.0, 126.0, 106.0, 112.0]
['2014-12-05', 112.0, 116.0, 98.0, 106.0]
['2014-12-08', 104.0, 104.0, 88.0, 94.0]
['2014-12-09', 98.0, 98.0, 84.0, 90.0]
['2014-12-10', 92.0, 96.0, 88.0, 92.0]
['2014-12-11', 88.0, 96.0, 88.0, 92.0]
['2014-12-12', 92.0, 92.0, 86.0, 86.0]
['2014-12-15', 90.0, 94.0, 88.0, 92.0]
['2014-12-16', 94.0, 94.0, 86.0, 88.0]
['2014-12-17', 88.0, 90.0, 86.0, 86.0]
['2014-12-18', 90.0, 90.0, 86.0, 88.0]
['2014-12-19', 86.0, 90.0, 86.0, 88.0]
['2014-12-22', 86.0, 90.0, 86.0, 88.0]
['2014-12-23', 86.0, 92.0, 86.0, 90.0]
['2014-12-24', 88.0, 92.0, 88.0, 90.0]
['2014-12-26', 90.0, 96.0, 90.0, 94.0]
['2014-12-29', 94.0, 98.0, 94.0, 98.0]
['2014-12-30', 98.0, 100.0, 96.0, 98.0]
['2014-12-31', 98.0, 98.0, 92.0, 94.0]
['2015-01-02', 96.0, 96.0, 88.0, 92.0]
['2015-01-05', 88.0, 92.0, 86.0, 90.0]
['2015-01-06', 88.0, 90.0, 86.0, 86.0]
['2015-01-07', 90.0, 90.0, 88.0, 90.0]
['2015-01-08', 90.0, 90.0, 88.0, 88.0]
['2015-01-09', 88.0, 90.0, 86.0, 88.0]
['2015-01-12', 88.0, 90.0, 86.0, 86.0]
['2015-01-13', 86.0, 90.0, 86.0, 90.0]
['2015-01-14', 90.0, 92.0, 88.0, 90.0]
['2015-01-15', 88.0, 90.0, 86.0, 90.0]
['2015-01-16', 90.0, 90.0, 84.0, 86.0]
['2015-01-20', 86.0, 88.0, 82.0, 82.0]
['2015-01-21', 82.0, 84.0, 76.0, 84.0]
['2015-01-22', 82.0, 84.0, 78.0, 80.0]
['2015-01-23', 80.0, 82.0, 78.0, 80.0]
['2015-01-26', 80.0, 80.0, 78.0, 80.0]
['2015-01-27', 82.0, 82.0, 76.0, 78.0]
['2015-01-28', 78.0, 78.0, 76.0, 78.0]
['2015-01-29', 76.0, 78.0, 70.0, 74.0]
['2015-01-30', 74.0, 74.0, 70.0, 72.0]
['2015-02-02', 72.0, 72.0, 66.0, 72.0]
['2015-02-03', 72.0, 80.0, 66.0, 80.0]
['2015-02-04', 80.0, 86.0, 80.0, 80.0]
['2015-02-05', 82.0, 84.0, 80.0, 82.0]
['2015-02-06', 80.0, 82.0, 76.0, 82.0]
['2015-02-09', 80.0, 84.0, 72.0, 78.0]
['2015-02-10', 80.0, 80.0, 76.0, 78.0]
['2015-02-11', 78.0, 78.0, 74.0, 76.0]
['2015-02-12', 76.0, 78.0, 72.0, 78.0]
['2015-02-13', 78.0, 78.0, 74.0, 76.0]
['2015-02-17', 76.0, 76.0, 72.0, 74.0]
['2015-02-18', 76.0, 80.0, 74.0, 78.0]
['2015-02-19', 78.0, 78.0, 74.0, 74.0]
['2015-02-20', 76.0, 80.0, 74.0, 76.0]
['2015-02-23', 76.0, 76.0, 72.0, 74.0]
['2015-02-24', 74.0, 76.0, 74.0, 76.0]
['2015-02-25', 76.0, 78.0, 74.0, 78.0]
['2015-02-26', 78.0, 78.0, 74.0, 74.0]
['2015-02-27', 76.0, 76.0, 72.0, 76.0]
['2015-03-02', 76.0, 76.0, 72.0, 72.0]
['2015-03-03', 74.0, 74.0, 70.0, 74.0]
['2015-03-04', 74.0, 76.0, 72.0, 76.0]
['2015-03-05', 76.0, 76.0, 74.0, 76.0]
['2015-03-06', 72.0, 76.0, 72.0, 74.0]
['2015-03-09', 74.0, 78.0, 74.0, 78.0]
['2015-03-10', 78.0, 78.0, 76.0, 76.0]
['2015-03-11', 78.0, 78.0, 68.0, 72.0]
['2015-03-12', 72.0, 72.0, 62.0, 64.0]
['2015-03-13', 64.0, 66.0, 62.0, 64.0]
['2015-03-16', 62.0, 72.0, 62.0, 72.0]
['2015-03-17', 74.0, 80.0, 72.0, 78.0]
['2015-03-18', 80.0, 82.0, 74.0, 78.0]
['2015-03-19', 76.0, 78.0, 76.0, 76.0]
['2015-03-20', 76.0, 78.0, 74.0, 74.0]
['2015-03-23', 74.0, 76.0, 70.0, 70.0]
['2015-03-24', 70.0, 72.0, 68.0, 68.0]
['2015-03-25', 68.0, 70.0, 64.0, 68.0]
['2015-03-26', 68.0, 68.0, 66.0, 68.0]
['2015-03-27', 68.0, 70.0, 66.0, 70.0]
['2015-03-30', 72.0, 74.0, 68.0, 70.0]
['2015-03-31', 70.0, 70.0, 64.0, 68.0]
['2015-04-01', 68.0, 68.0, 64.0, 66.0]
['2015-04-02', 66.0, 66.0, 64.0, 66.0]
['2015-04-06', 66.0, 70.0, 64.0, 66.0]
['2015-04-07', 66.0, 70.0, 66.0, 68.0]
['2015-04-08', 68.0, 70.0, 64.0, 66.0]
['2015-04-09', 68.0, 68.0, 66.0, 66.0]
['2015-04-10', 66.0, 66.0, 64.0, 66.0]
['2015-04-13', 66.0, 66.0, 62.0, 64.0]
['2015-04-14', 62.0, 64.0, 62.0, 64.0]
['2015-04-15', 66.0, 66.0, 62.0, 64.0]
['2015-04-16', 64.0, 64.0, 62.0, 64.0]
['2015-04-17', 62.0, 64.0, 62.0, 62.0]
['2015-04-20', 62.0, 64.0, 60.0, 62.0]
['2015-04-21', 60.0, 62.0, 54.0, 58.0]
['2015-04-22', 58.0, 58.0, 52.0, 56.0]
['2015-04-23', 56.0, 56.0, 54.0, 56.0]
['2015-04-24', 54.0, 56.0, 54.0, 54.0]
['2015-04-27', 54.0, 60.0, 54.0, 58.0]
['2015-04-28', 58.0, 58.0, 54.0, 56.0]
['2015-04-29', 58.0, 58.0, 56.0, 56.0]
['2015-04-30', 56.0, 58.0, 54.0, 54.0]
['2015-05-01', 54.0, 56.0, 52.0, 54.0]
['2015-05-04', 54.0, 54.0, 52.0, 54.0]
['2015-05-05', 54.0, 54.0, 52.0, 54.0]
['2015-05-06', 58.0, 66.0, 54.0, 62.0]
['2015-05-07', 64.0, 66.0, 56.0, 60.0]
['2015-05-08', 60.0, 62.0, 56.0, 60.0]
['2015-05-11', 54.0, 60.0, 54.0, 58.0]
['2015-05-12', 58.0, 58.0, 54.0, 56.0]
['2015-05-13', 56.0, 56.0, 54.0, 56.0]
['2015-05-14', 50.0, 54.0, 44.0, 50.0]
['2015-05-15', 48.0, 50.0, 46.0, 46.0]
['2015-05-18', 48.0, 54.5, 40.0, 53.0]
['2015-05-19', 52.1, 61.5, 52.1, 56.9]
['2015-05-20', 57.5, 59.0, 50.2, 53.0]
['2015-05-21', 54.1, 57.4, 53.0, 53.9]
['2015-05-22', 54.5, 55.0, 54.0, 55.0]
['2015-05-26', 56.0, 57.0, 55.1, 56.3]
['2015-05-27', 55.1, 64.0, 55.1, 60.0]
['2015-05-28', 62.5, 76.8, 60.2, 76.0]
['2015-05-29', 79.0, 84.0, 73.0, 79.5]
['2015-06-01', 79.5, 82.0, 71.6, 74.0]
['2015-06-02', 73.0, 74.0, 65.6, 68.5]
['2015-06-03', 67.5, 68.1, 59.0, 60.1]
['2015-06-04', 60.1, 65.9, 59.7, 62.2]
['2015-06-05', 63.0, 66.0, 63.0, 65.7]
['2015-06-08', 68.6, 69.5, 64.0, 67.7]
['2015-06-09', 67.9, 68.8, 64.0, 65.0]
['2015-06-10', 64.5, 67.5, 64.2, 66.5]
['2015-06-11', 67.0, 68.5, 65.3, 66.3]
['2015-06-12', 67.6, 67.7, 65.5, 66.8]
['2015-06-15', 68.5, 68.6, 65.7, 67.7]
['2015-06-16', 70.0, 72.0, 67.7, 70.2]
['2015-06-17', 71.0, 71.0, 65.5, 66.4]
['2015-06-18', 67.0, 68.4, 66.6, 68.4]
['2015-06-19', 69.1, 72.8, 68.6, 69.6]
['2015-06-22', 73.0, 74.1, 71.3, 72.1]
['2015-06-23', 72.6, 73.8, 72.0, 72.3]
['2015-06-24', 72.7, 72.7, 69.5, 71.5]
['2015-06-25', 75.0, 75.1, 70.1, 70.6]
['2015-06-26', 70.2, 71.0, 65.6, 69.0]
['2015-06-29', 65.5, 67.0, 62.6, 64.2]
['2015-06-30', 66.9, 66.9, 61.9, 63.3]
['2015-07-01', 65.2, 67.3, 63.9, 66.0]
['2015-07-02', 67.2, 67.2, 63.0, 63.5]
['2015-07-06', 61.5, 64.1, 60.7, 61.2]
['2015-07-07', 62.7, 63.8, 58.7, 60.2]
['2015-07-08', 59.5, 60.1, 57.5, 59.1]
['2015-07-09', 60.0, 61.7, 57.6, 58.1]
['2015-07-10', 60.0, 60.0, 55.0, 57.5]
['2015-07-13', 57.5, 60.0, 57.0, 57.0]
['2015-07-14', 57.2, 69.2, 55.2, 64.5]
['2015-07-15', 66.0, 67.7, 60.1, 63.8]
['2015-07-16', 62.7, 64.0, 60.5, 62.1]
['2015-07-17', 60.5, 62.0, 59.5, 61.5]
['2015-07-20', 61.0, 63.5, 59.0, 59.7]
['2015-07-21', 60.1, 62.3, 58.2, 58.8]
['2015-07-22', 58.5, 61.4, 58.3, 61.0]
['2015-07-23', 61.4, 63.0, 60.1, 62.4]
['2015-07-24', 63.0, 64.5, 61.5, 63.5]
['2015-07-27', 62.9, 63.9, 59.5, 60.3]
['2015-07-28', 60.2, 64.5, 60.2, 62.7]
['2015-07-29', 62.0, 63.3, 61.6, 61.7]
['2015-07-30', 61.7, 62.5, 60.3, 61.0]
['2015-07-31', 61.0, 62.1, 58.6, 60.6]
['2015-08-03', 60.0, 61.3, 58.6, 59.8]
['2015-08-04', 59.1, 59.5, 56.1, 57.9]
['2015-08-05', 57.5, 58.0, 55.5, 55.7]
['2015-08-06', 55.2, 55.9, 45.9, 50.5]
['2015-08-07', 50.6, 50.9, 47.3, 49.1]
['2015-08-10', 49.3, 56.9, 49.1, 56.6]
['2015-08-11', 56.5, 56.9, 52.1, 55.5]
['2015-08-12', 57.7, 61.4, 57.0, 59.9]
['2015-08-13', 60.1, 63.6, 58.1, 61.0]
['2015-08-14', 60.8, 61.5, 59.1, 59.6]
['2015-08-17', 60.0, 60.0, 58.5, 59.9]
['2015-08-18', 62.8, 62.8, 58.2, 59.3]
['2015-08-19', 59.3, 59.3, 56.5, 57.6]
['2015-08-20', 57.7, 60.0, 56.5, 56.7]
['2015-08-21', 55.5, 59.4, 55.5, 57.6]
['2015-08-24', 55.5, 55.5, 50.6, 53.3]
['2015-08-25', 56.0, 56.7, 51.0, 51.7]
['2015-08-26', 52.5, 53.2, 50.0, 51.2]
['2015-08-27', 53.0, 53.2, 51.2, 51.8]
['2015-08-28', 51.5, 52.8, 50.0, 52.0]
['2015-08-31', 52.3, 53.8, 51.5, 53.8]
['2015-09-01', 53.3, 58.4, 52.3, 57.7]
['2015-09-02', 57.7, 58.6, 55.5, 57.6]
['2015-09-03', 55.7, 58.5, 55.7, 58.1]
['2015-09-04', 57.9, 58.5, 56.2, 58.5]
['2015-09-08', 58.5, 60.5, 57.5, 59.9]
['2015-09-09', 60.0, 62.9, 60.0, 61.7]
['2015-09-10', 61.9, 62.0, 60.5, 61.2]
['2015-09-11', 61.2, 64.0, 60.7, 63.3]
['2015-09-14', 63.9, 64.2, 61.1, 63.0]
['2015-09-15', 62.8, 62.8, 61.6, 62.1]
['2015-09-16', 62.0, 62.6, 61.7, 62.5]
['2015-09-17', 62.5, 64.0, 60.9, 63.1]
['2015-09-18', 62.8, 66.0, 61.8, 65.8]
['2015-09-21', 66.5, 69.0, 64.5, 68.1]
['2015-09-22', 68.5, 69.2, 66.7, 68.9]
['2015-09-23', 69.4, 69.4, 66.7, 68.4]
['2015-09-24', 67.9, 68.5, 64.9, 67.6]
['2015-09-25', 68.0, 68.0, 63.9, 67.3]
['2015-09-28', 69.0, 69.4, 50.0, 57.8]
['2015-09-29', 58.4, 58.4, 51.6, 53.0]
['2015-09-30', 53.0, 54.0, 48.6, 51.5]
['2015-10-01', 51.7, 51.7, 33.7, 38.3]
['2015-10-02', 38.0, 40.9, 35.8, 40.6]
['2015-10-05', 42.5, 43.4, 40.5, 42.2]
['2015-10-06', 41.5, 43.4, 39.7, 41.9]
['2015-10-07', 41.5, 42.5, 39.2, 40.7]
['2015-10-08', 40.8, 44.0, 39.6, 43.4]
['2015-10-09', 43.7, 43.7, 41.3, 43.0]
['2015-10-12', 43.0, 43.2, 40.2, 40.8]
['2015-10-13', 40.4, 42.4, 40.0, 41.4]
['2015-10-14', 41.4, 42.5, 40.1, 41.5]
['2015-10-15', 40.1, 41.9, 39.5, 40.6]
['2015-10-16', 40.9, 44.9, 40.1, 43.1]
['2015-10-19', 43.2, 46.1, 42.7, 43.4]
['2015-10-20', 43.6, 44.5, 42.1, 42.9]
['2015-10-21', 42.6, 42.9, 40.3, 42.1]
['2015-10-22', 42.2, 42.2, 40.2, 40.7]
['2015-10-23', 41.0, 41.1, 39.6, 40.3]
['2015-10-26', 40.7, 41.4, 39.5, 40.0]
['2015-10-27', 40.4, 42.2, 40.1, 41.3]
['2015-10-28', 41.7, 43.2, 40.5, 42.9]
['2015-10-29', 43.3, 44.5, 43.3, 43.5]
['2015-10-30', 43.1, 44.4, 42.2, 42.6]
['2015-11-02', 42.9, 44.0, 41.9, 43.3]
['2015-11-03', 43.1, 44.2, 42.4, 42.9]
['2015-11-04', 38.0, 38.5, 35.8, 38.5]
['2015-11-05', 38.5, 38.5, 36.5, 36.6]
['2015-11-06', 36.8, 37.0, 33.3, 34.9]
['2015-11-09', 35.3, 35.4, 33.5, 34.4]
['2015-11-10', 34.2, 34.7, 34.0, 34.2]
['2015-11-11', 34.5, 34.5, 31.8, 31.8]
['2015-11-12', 31.5, 33.6, 31.5, 31.5]
['2015-11-13', 31.5, 32.7, 31.0, 31.8]
['2015-11-16', 32.1, 32.6, 30.9, 31.9]
['2015-11-17', 31.5, 31.9, 31.1, 31.4]
['2015-11-18', 31.2, 31.6, 28.4, 30.2]
['2015-11-19', 30.0, 31.0, 29.8, 30.0]
['2015-11-20', 30.0, 32.2, 30.0, 31.8]
['2015-11-23', 32.0, 32.5, 31.2, 31.7]
['2015-11-24', 31.5, 32.5, 30.0, 32.0]
['2015-11-25', 31.9, 34.4, 31.9, 32.6]
['2015-11-27', 32.5, 32.8, 31.7, 32.8]
['2015-11-30', 32.5, 34.1, 32.5, 32.8]
['2015-12-01', 32.5, 32.8, 31.4, 32.6]
['2015-12-02', 32.6, 32.6, 31.1, 32.1]
['2015-12-03', 32.1, 32.1, 30.0, 30.3]
['2015-12-04', 30.4, 30.6, 28.0, 30.1]
['2015-12-07', 30.2, 30.2, 28.9, 29.5]
['2015-12-08', 29.3, 30.1, 27.5, 29.3]
['2015-12-09', 28.9, 29.0, 26.6, 27.7]
['2015-12-10', 27.8, 28.4, 27.0, 27.8]
['2015-12-11', 28.0, 29.0, 26.4, 26.5]
['2015-12-14', 26.0, 27.5, 24.7, 25.2]
['2015-12-15', 25.0, 26.4, 24.9, 24.9]
['2015-12-16', 24.0, 24.5, 23.2, 23.7]
['2015-12-17', 24.1, 25.8, 22.8, 22.8]
['2015-12-18', 23.1, 24.0, 22.3, 22.3]
['2015-12-21', 23.0, 26.0, 23.0, 24.8]
['2015-12-22', 25.3, 29.5, 24.9, 27.1]
['2015-12-23', 26.6, 28.8, 25.7, 27.9]
['2015-12-24', 27.9, 28.5, 27.6, 28.5]
['2015-12-28', 28.5, 28.6, 26.9, 27.3]
['2015-12-29', 27.4, 27.7, 24.6, 26.0]
['2015-12-30', 25.0, 25.0, 23.6, 23.8]
['2015-12-31', 23.4, 24.4, 22.8, 23.7]
['2016-01-04', 23.0, 25.3, 23.0, 24.3]
['2016-01-05', 24.4, 24.4, 23.1, 23.4]
['2016-01-06', 23.6, 24.1, 21.5, 22.6]
['2016-01-07', 21.9, 22.7, 21.0, 21.1]
['2016-01-08', 20.8, 22.9, 20.8, 21.8]
['2016-01-11', 22.4, 22.4, 19.0, 19.1]
['2016-01-12', 19.0, 20.0, 18.0, 18.5]
['2016-01-13', 18.8, 20.2, 16.3, 16.6]
['2016-01-14', 16.5, 17.2, 15.7, 16.8]
['2016-01-15', 16.9, 18.3, 15.6, 16.3]
['2016-01-19', 16.1, 17.4, 14.6, 15.2]
['2016-01-20', 14.9, 15.5, 13.6, 15.3]
['2016-01-21', 15.2, 18.4, 15.2, 17.0]
['2016-01-22', 16.1, 17.8, 16.0, 17.3]
['2016-01-25', 17.3, 17.5, 16.3, 16.7]
['2016-01-26', 16.0, 17.2, 16.0, 17.0]
['2016-01-27', 16.1, 19.4, 16.0, 16.1]
['2016-01-28', 16.4, 17.2, 15.3, 16.0]
['2016-01-29', 15.9, 17.4, 15.7, 15.9]
['2016-02-01', 15.9, 17.0, 15.5, 17.0]
['2016-02-02', 16.7, 17.0, 15.8, 16.4]
['2016-02-03', 18.9, 18.9, 15.2, 17.1]
['2016-02-04', 17.4, 18.8, 16.9, 17.0]
['2016-02-05', 17.0, 17.5, 16.0, 16.9]
['2016-02-08', 16.0, 16.8, 15.0, 15.6]
['2016-02-09', 15.0, 16.4, 14.5, 15.0]
['2016-02-10', 15.3, 15.3, 14.4, 14.8]
['2016-02-11', 14.3, 16.6, 14.3, 15.1]
['2016-02-12', 15.3, 16.9, 15.2, 16.8]
['2016-02-16', 17.0, 17.0, 16.3, 16.6]
['2016-02-17', 16.9, 17.6, 16.4, 17.5]
['2016-02-18', 17.5, 19.2, 17.5, 18.0]
['2016-02-19', 18.1, 19.5, 17.1, 17.5]
['2016-02-22', 17.5, 18.7, 17.5, 17.7]
['2016-02-23', 17.5, 18.6, 17.0, 17.7]
['2016-02-24', 17.6, 18.0, 17.5, 17.7]
['2016-02-25', 17.3, 18.4, 17.1, 17.7]
['2016-02-26', 17.7, 17.9, 17.1, 17.5]
['2016-02-29', 17.9, 18.4, 17.3, 18.2]
['2016-03-01', 18.6, 18.6, 18.0, 18.2]
['2016-03-02', 18.6, 18.7, 17.6, 17.7]
['2016-03-03', 17.6, 19.9, 17.6, 19.0]
['2016-03-04', 19.3, 21.0, 19.2, 20.2]
['2016-03-07', 20.3, 21.8, 20.0, 21.0]
['2016-03-08', 22.0, 22.0, 19.2, 20.2]
['2016-03-09', 19.9, 20.4, 19.5, 20.1]
['2016-03-10', 20.1, 20.7, 19.5, 19.6]
['2016-03-11', 19.7, 21.5, 19.7, 20.9]
['2016-03-14', 21.0, 23.2, 20.7, 22.4]
['2016-03-15', 22.8, 22.8, 21.3, 21.9]
['2016-03-16', 21.5, 22.4, 21.3, 21.6]
['2016-03-17', 21.6, 22.2, 20.9, 21.0]
['2016-03-18', 21.3, 22.8, 21.3, 22.2]
['2016-03-21', 22.5, 26.4, 22.2, 25.7]
['2016-03-22', 27.8, 31.5, 27.0, 29.5]
['2016-03-23', 29.6, 29.6, 26.7, 28.3]
['2016-03-24', 27.7, 27.7, 25.5, 26.7]
['2016-03-28', 26.4, 26.6, 24.2, 25.4]
['2016-03-29', 25.3, 25.6, 24.2, 25.2]
['2016-03-30', 25.2, 26.4, 24.5, 25.1]
['2016-03-31', 25.0, 26.1, 25.0, 25.5]
['2016-04-01', 25.6, 25.9, 25.2, 25.7]
['2016-04-04', 25.8, 26.2, 23.4, 24.4]
['2016-04-05', 24.4, 24.7, 23.0, 23.5]
['2016-04-06', 23.8, 24.1, 23.3, 23.8]
['2016-04-07', 23.3, 24.8, 23.3, 24.6]
['2016-04-08', 24.8, 25.8, 23.4, 24.2]
['2016-04-11', 23.9, 24.0, 23.3, 23.7]
['2016-04-12', 23.7, 25.4, 23.7, 24.7]
['2016-04-13', 26.5, 28.0, 25.4, 27.8]
['2016-04-14', 28.0, 28.3, 26.0, 26.3]
['2016-04-15', 27.4, 27.5, 26.0, 26.6]
['2016-04-18', 26.0, 26.6, 23.7, 24.5]
['2016-04-19', 24.9, 26.4, 24.1, 24.1]
['2016-04-20', 33.3, 34.9, 26.0, 26.6]
['2016-04-21', 26.0, 26.6, 24.0, 24.3]
['2016-04-22', 24.5, 25.5, 23.7, 24.0]
['2016-04-25', 23.7, 24.0, 21.5, 21.5]
['2016-04-26', 21.1, 22.2, 19.9, 19.9]
['2016-04-27', 19.9, 19.9, 18.8, 18.8]
['2016-04-28', 19.0, 20.3, 18.9, 19.5]
['2016-04-29', 19.7, 20.5, 19.2, 19.6]
['2016-05-02', 20.5, 20.5, 18.1, 18.8]
['2016-05-03', 19.0, 19.1, 17.8, 18.2]
['2016-05-04', 18.5, 18.5, 16.9, 17.2]
['2016-05-05', 16.8, 17.7, 16.5, 16.7]
['2016-05-06', 16.5, 16.9, 16.0, 16.0]
['2016-05-09', 16.1, 16.6, 16.0, 16.5]
['2016-05-10', 16.7, 17.0, 16.2, 16.6]
['2016-05-11', 16.6, 17.0, 16.2, 16.7]
['2016-05-12', 16.8, 16.8, 15.6, 15.7]
['2016-05-13', 16.1, 16.4, 15.8, 16.1]
['2016-05-16', 16.3, 17.1, 15.8, 16.3]
['2016-05-17', 15.9, 16.6, 15.8, 16.4]
['2016-05-18', 16.1, 16.5, 15.8, 15.8]
['2016-05-19', 15.8, 16.0, 14.3, 14.5]
['2016-05-20', 15.2, 18.0, 15.0, 16.8]
['2016-05-23', 17.6, 17.6, 16.1, 16.1]
['2016-05-24', 16.5, 16.5, 16.0, 16.3]
['2016-05-25', 16.5, 16.5, 15.8, 16.4]
['2016-05-26', 16.4, 16.4, 16.0, 16.2]
['2016-05-27', 16.4, 17.2, 16.2, 17.1]
['2016-05-31', 17.6, 18.5, 17.1, 17.4]
['2016-06-01', 18.0, 18.4, 17.2, 18.4]
['2016-06-02', 18.4, 19.3, 18.0, 18.7]
['2016-06-03', 18.9, 19.0, 18.5, 18.6]
['2016-06-06', 19.0, 19.2, 18.5, 18.9]
['2016-06-07', 19.1, 19.1, 18.5, 18.7]
['2016-06-08', 18.9, 18.9, 17.8, 18.0]
['2016-06-09', 17.8, 17.9, 17.6, 17.8]
['2016-06-10', 17.5, 18.4, 16.5, 16.7]
['2016-06-13', 16.5, 17.5, 15.9, 17.4]
['2016-06-14', 17.4, 17.8, 16.9, 17.0]
['2016-06-15', 16.9, 17.9, 16.9, 17.5]
['2016-06-16', 16.9, 18.0, 15.5, 16.9]
['2016-06-17', 16.5, 17.0, 16.3, 16.9]
['2016-06-20', 17.5, 17.6, 16.1, 16.9]
['2016-06-21', 17.0, 17.2, 16.3, 16.5]
['2016-06-22', 16.4, 17.0, 16.1, 16.4]
['2016-06-23', 16.8, 16.8, 15.8, 16.0]
['2016-06-24', 15.8, 16.8, 15.8, 16.3]
['2016-06-27', 16.0, 16.4, 15.2, 15.9]
['2016-06-28', 16.2, 17.5, 15.9, 16.8]
['2016-06-29', 17.0, 17.4, 16.1, 16.8]
['2016-06-30', 17.1, 17.2, 16.4, 16.4]
['2016-07-01', 16.5, 17.2, 16.4, 17.0]
['2016-07-05', 16.8, 17.1, 16.4, 16.8]
['2016-07-06', 16.5, 17.1, 16.5, 16.8]
['2016-07-07', 16.8, 17.1, 16.7, 16.9]
['2016-07-08', 16.9, 17.2, 16.5, 16.8]
['2016-07-11', 17.0, 17.1, 16.5, 16.8]
['2016-07-12', 16.6, 17.3, 16.6, 16.7]
['2016-07-13', 16.6, 17.0, 16.4, 16.7]
['2016-07-14', 16.7, 16.8, 16.4, 16.4]
['2016-07-15', 16.5, 16.6, 15.9, 16.0]
['2016-07-18', 16.0, 16.8, 16.0, 16.6]
['2016-07-19', 16.6, 16.8, 16.2, 16.3]
['2016-07-20', 16.4, 16.7, 16.3, 16.4]
['2016-07-21', 16.8, 18.0, 16.8, 17.0]
['2016-07-22', 17.1, 17.8, 17.0, 17.4]
['2016-07-25', 17.6, 17.9, 17.3, 17.5]
['2016-07-26', 17.6, 17.7, 17.1, 17.5]
['2016-07-27', 17.4, 17.7, 17.1, 17.2]
['2016-07-28', 17.1, 18.0, 17.1, 17.9]
['2016-07-29', 17.8, 19.5, 17.2, 18.2]
['2016-08-01', 18.7, 18.9, 18.3, 18.4]
['2016-08-02', 18.7, 19.0, 17.7, 18.1]
['2016-08-03', 18.1, 19.0, 18.0, 18.9]
['2016-08-04', 19.1, 19.3, 18.8, 19.0]
['2016-08-05', 19.0, 19.2, 18.7, 19.0]
['2016-08-08', 19.2, 19.5, 18.9, 19.1]
['2016-08-09', 19.2, 19.5, 18.9, 19.1]
['2016-08-10', 19.0, 19.2, 16.5, 17.0]
['2016-08-11', 17.3, 17.5, 16.6, 16.7]
['2016-08-12', 16.8, 17.7, 16.7, 17.4]
['2016-08-15', 17.6, 17.8, 17.2, 17.5]
['2016-08-16', 17.9, 18.5, 17.6, 18.1]
['2016-08-17', 18.2, 18.6, 18.0, 18.6]
['2016-08-18', 18.3, 18.5, 17.9, 17.9]
['2016-08-19', 18.0, 18.3, 17.6, 18.3]
['2016-08-22', 18.3, 18.3, 17.9, 18.3]
['2016-08-23', 18.1, 18.3, 17.8, 18.0]
['2016-08-24', 18.0, 18.0, 17.2, 17.3]
['2016-08-25', 17.1, 17.9, 17.0, 17.2]
['2016-08-26', 17.4, 17.4, 16.8, 17.0]
['2016-08-29', 17.0, 17.2, 16.8, 16.9]
['2016-08-30', 16.8, 17.3, 16.8, 17.2]
['2016-08-31', 17.2, 17.2, 16.8, 16.9]
['2016-09-01', 17.2, 17.3, 16.9, 17.1]
['2016-09-02', 17.1, 17.2, 16.9, 17.0]
['2016-09-06', 17.2, 17.2, 16.9, 16.9]
['2016-09-07', 17.0, 17.0, 16.8, 16.8]
['2016-09-08', 16.7, 17.8, 16.6, 17.7]
['2016-09-09', 17.4, 17.9, 17.1, 17.3]
['2016-09-12', 17.6, 17.6, 16.7, 17.5]
['2016-09-13', 17.3, 17.5, 16.9, 16.9]
['2016-09-14', 17.0, 17.5, 16.8, 17.5]
['2016-09-15', 17.2, 17.6, 17.0, 17.5]
['2016-09-16', 17.4, 17.5, 17.0, 17.1]
['2016-09-19', 17.3, 17.3, 16.9, 17.1]
['2016-09-20', 17.0, 17.3, 16.9, 17.3]
['2016-09-21', 17.5, 17.7, 17.2, 17.4]
['2016-09-22', 17.7, 17.9, 17.4, 17.7]
['2016-09-23', 17.7, 17.9, 17.7, 17.8]
['2016-09-26', 17.8, 18.0, 17.7, 17.7]
['2016-09-27', 17.2, 17.7, 17.0, 17.3]
['2016-09-28', 17.6, 17.6, 17.1, 17.1]
['2016-09-29', 17.4, 17.4, 16.9, 17.1]
['2016-09-30', 17.3, 17.3, 16.9, 17.1]
['2016-10-03', 17.3, 17.3, 16.8, 16.9]
['2016-10-04', 16.9, 17.2, 16.9, 17.0]
['2016-10-05', 17.0, 17.2, 17.0, 17.0]
['2016-10-06', 17.0, 17.5, 16.5, 16.9]
['2016-10-07', 17.1, 17.1, 16.5, 16.6]
['2016-10-10', 16.6, 17.4, 16.6, 17.2]
['2016-10-11', 17.2, 17.4, 17.1, 17.2]
['2016-10-12', 17.3, 17.3, 16.6, 16.7]
['2016-10-13', 17.2, 17.5, 16.8, 17.4]
['2016-10-14', 17.1, 19.0, 16.7, 18.1]
['2016-10-17', 18.5, 19.2, 16.7, 17.8]
['2016-10-18', 17.7, 18.0, 17.4, 17.5]
['2016-10-19', 17.7, 18.0, 17.2, 17.9]
['2016-10-20', 18.0, 18.3, 17.7, 18.2]
['2016-10-21', 18.0, 18.2, 17.6, 17.8]
['2016-10-24', 18.0, 18.0, 17.5, 17.9]
['2016-10-25', 17.9, 18.2, 17.3, 17.4]
['2016-10-26', 17.4, 18.0, 17.4, 17.7]
['2016-10-27', 17.6, 20.3, 17.6, 20.0]
['2016-10-28', 20.7, 20.8, 18.5, 19.2]
['2016-10-31', 20.7, 20.7, 19.0, 19.4]
['2016-11-01', 19.5, 20.4, 19.3, 19.8]
['2016-11-02', 19.9, 19.9, 18.5, 18.7]
['2016-11-03', 18.7, 19.4, 17.6, 18.0]
['2016-11-04', 18.4, 19.0, 17.6, 17.8]
['2016-11-07', 18.0, 18.7, 16.8, 17.3]
['2016-11-08', 18.3, 18.6, 15.4, 16.5]
['2016-11-09', 16.4, 17.0, 16.0, 16.5]
['2016-11-10', 16.5, 17.0, 16.1, 16.7]
['2016-11-11', 16.9, 17.7, 15.3, 15.6]
['2016-11-14', 15.6, 16.4, 15.3, 15.7]
['2016-11-15', 15.5, 15.8, 14.5, 15.0]
['2016-11-16', 15.0, 16.4, 14.2, 16.0]
['2016-11-17', 16.2, 16.3, 14.8, 15.1]
['2016-11-18', 15.3, 15.8, 14.8, 15.4]
['2016-11-21', 15.5, 15.8, 15.0, 15.5]
['2016-11-22', 15.8, 15.9, 14.4, 15.0]
['2016-11-23', 15.0, 15.2, 14.7, 14.8]
['2016-11-25', 14.9, 15.2, 14.5, 15.2]
['2016-11-28', 15.0, 15.1, 14.3, 14.5]
['2016-11-29', 14.5, 14.6, 13.3, 14.0]
['2016-11-30', 14.1, 14.1, 13.1, 13.7]
['2016-12-01', 13.8, 13.8, 12.5, 12.8]
['2016-12-02', 12.8, 13.3, 12.0, 12.9]
['2016-12-05', 13.0, 13.7, 13.0, 13.6]
['2016-12-06', 13.7, 13.7, 13.1, 13.5]
['2016-12-07', 13.4, 14.0, 12.7, 13.5]
['2016-12-08', 13.2, 13.8, 12.6, 13.1]
['2016-12-09', 13.1, 14.7, 13.1, 14.4]
['2016-12-12', 14.3, 14.5, 14.1, 14.2]
['2016-12-13', 14.1, 14.3, 13.0, 13.7]
['2016-12-14', 14.0, 14.0, 12.7, 12.9]
['2016-12-15', 12.8, 13.5, 12.8, 13.4]
['2016-12-16', 13.2, 14.2, 13.1, 13.3]
['2016-12-19', 13.3, 14.0, 12.7, 13.0]
['2016-12-20', 13.0, 13.4, 12.9, 13.0]
['2016-12-21', 12.8, 13.2, 12.4, 12.4]
['2016-12-22', 12.4, 13.3, 12.4, 13.0]
['2016-12-23', 12.9, 13.2, 12.5, 12.7]
['2016-12-27', 12.7, 13.3, 12.2, 12.2]
['2016-12-28', 12.5, 12.9, 12.3, 12.3]
['2016-12-29', 12.5, 12.6, 12.0, 12.3]
['2016-12-30', 12.2, 12.3, 11.9, 12.3]
['2017-01-03', 12.6, 13.4, 12.0, 13.2]
['2017-01-04', 13.2, 13.8, 13.0, 13.4]
['2017-01-05', 13.6, 14.8, 13.4, 13.8]
['2017-01-06', 13.7, 13.8, 13.2, 13.6]
['2017-01-09', 13.4, 13.6, 13.1, 13.6]
['2017-01-10', 13.8, 13.8, 13.2, 13.8]
['2017-01-11', 13.8, 13.9, 12.5, 13.2]
['2017-01-12', 13.1, 13.4, 12.5, 13.1]
['2017-01-13', 13.1, 13.8, 13.1, 13.6]
['2017-01-17', 13.6, 13.8, 13.4, 13.4]
['2017-01-18', 13.5, 13.5, 12.7, 13.1]
['2017-01-19', 13.0, 13.0, 12.6, 12.8]
['2017-01-20', 12.8, 12.8, 12.1, 12.6]
['2017-01-23', 12.6, 13.0, 12.5, 12.6]
['2017-01-24', 12.5, 12.6, 12.1, 12.5]
['2017-01-25', 12.4, 13.0, 12.2, 12.9]
['2017-01-26', 12.8, 13.3, 12.4, 12.6]
['2017-01-27', 12.6, 12.9, 12.0, 12.2]
['2017-01-30', 12.2, 12.3, 11.9, 11.9]
['2017-01-31', 11.9, 12.5, 11.1, 11.6]
['2017-02-01', 12.1, 12.1, 10.3, 11.5]
['2017-02-02', 11.7, 11.8, 11.4, 11.8]
['2017-02-03', 11.5, 11.8, 11.3, 11.7]
['2017-02-06', 11.7, 11.8, 11.3, 11.5]
['2017-02-07', 11.5, 11.9, 11.4, 11.8]
['2017-02-08', 12.0, 13.6, 12.0, 13.3]
['2017-02-09', 13.5, 13.8, 13.1, 13.4]
['2017-02-10', 13.5, 13.5, 12.5, 13.2]
['2017-02-13', 13.1, 13.3, 12.9, 13.2]
['2017-02-14', 13.3, 14.5, 13.3, 14.3]
['2017-02-15', 14.1, 15.2, 13.4, 13.9]
['2017-02-16', 14.0, 14.5, 13.4, 13.8]
['2017-02-17', 13.8, 14.3, 13.4, 14.0]
['2017-02-21', 14.3, 14.3, 13.8, 14.0]
['2017-02-22', 16.7, 16.9, 14.2, 15.2]
['2017-02-23', 15.5, 16.0, 13.6, 14.2]
['2017-02-24', 14.3, 14.3, 13.1, 13.9]
['2017-02-27', 15.5, 15.7, 14.0, 14.6]
['2017-02-28', 14.9, 14.9, 13.7, 14.4]
['2017-03-01', 14.5, 14.7, 13.8, 14.2]
['2017-03-02', 14.3, 14.3, 13.4, 13.4]
['2017-03-03', 15.7, 16.1, 14.3, 14.7]
['2017-03-06', 14.5, 14.8, 13.9, 14.7]
['2017-03-07', 14.8, 14.8, 14.0, 14.2]
['2017-03-08', 14.2, 14.4, 13.7, 14.0]
['2017-03-09', 13.9, 14.0, 13.7, 13.9]
['2017-03-10', 13.8, 13.8, 13.1, 13.5]
['2017-03-13', 13.4, 14.0, 13.3, 13.6]
['2017-03-14', 14.3, 14.3, 12.1, 13.2]
['2017-03-15', 13.1, 13.5, 12.8, 13.2]
['2017-03-16', 13.2, 13.4, 13.0, 13.1]
['2017-03-17', 12.7, 13.1, 12.4, 12.4]
['2017-03-20', 12.5, 13.0, 12.4, 12.7]
['2017-03-21', 12.6, 13.9, 12.2, 12.9]
['2017-03-22', 12.9, 13.0, 12.3, 12.6]
['2017-03-23', 12.5, 12.8, 12.2, 12.5]
['2017-03-24', 12.8, 12.8, 12.4, 12.7]
['2017-03-27', 12.5, 13.1, 12.3, 13.0]
['2017-03-28', 13.1, 13.1, 12.6, 12.8]
['2017-03-29', 12.8, 13.8, 12.8, 13.4]
['2017-03-30', 13.5, 13.6, 12.6, 13.4]
['2017-03-31', 13.3, 13.4, 12.8, 12.8]
['2017-04-03', 14.0, 14.0, 12.7, 12.7]
['2017-04-04', 12.9, 13.5, 12.6, 13.0]
['2017-04-05', 13.3, 13.3, 12.5, 12.5]
['2017-04-06', 12.5, 12.6, 12.3, 12.5]
['2017-04-07', 12.5, 12.5, 12.0, 12.0]
['2017-04-10', 12.2, 12.5, 12.1, 12.3]
['2017-04-11', 12.3, 12.3, 11.7, 11.8]
['2017-04-12', 11.8, 12.1, 11.1, 11.5]
['2017-04-13', 11.6, 11.6, 11.0, 11.6]
['2017-04-17', 11.8, 12.2, 11.6, 12.2]
['2017-04-18', 12.0, 12.1, 11.7, 11.8]
['2017-04-19', 12.2, 12.3, 11.8, 11.8]
['2017-04-20', 11.8, 11.9, 11.6, 11.8]
['2017-04-21', 11.9, 12.1, 11.8, 12.0]
['2017-04-24', 12.0, 12.1, 11.6, 11.7]
['2017-04-25', 11.6, 12.0, 11.6, 11.6]
['2017-04-26', 11.6, 11.9, 11.1, 11.6]
['2017-04-27', 11.5, 11.7, 11.4, 11.4]
['2017-04-28', 11.4, 11.7, 11.3, 11.5]
['2017-05-01', 11.5, 11.6, 11.2, 11.3]
['2017-05-02', 11.5, 11.7, 11.3, 11.7]
['2017-05-03', 11.8, 11.8, 11.3, 11.3]
['2017-05-04', 11.3, 12.1, 11.2, 11.6]
['2017-05-05', 11.7, 11.7, 11.0, 11.3]
['2017-05-08', 11.3, 11.6, 11.1, 11.2]
['2017-05-09', 11.1, 11.2, 10.7, 10.7]
['2017-05-10', 12.1, 12.1, 10.8, 11.3]
['2017-05-11', 11.4, 11.4, 10.8, 11.0]
['2017-05-12', 11.1, 11.2, 11.0, 11.2]
['2017-05-15', 10.9, 11.1, 9.4, 10.1]
['2017-05-16', 10.2, 10.2, 9.8, 9.9]
['2017-05-17', 9.9, 10.2, 9.6, 9.8]
['2017-05-18', 9.7, 9.9, 8.8, 9.1]
['2017-05-19', 9.5, 9.5, 9.1, 9.5]
['2017-05-22', 9.5, 9.5, 8.9, 9.0]
['2017-05-23', 9.1, 9.2, 9.0, 9.2]
['2017-05-24', 9.1, 10.1, 9.0, 10.0]
['2017-05-25', 9.8, 10.0, 9.8, 9.8]
['2017-05-26', 9.8, 10.6, 9.6, 10.6]
['2017-05-30', 10.9, 10.9, 9.8, 10.3]
['2017-05-31', 10.3, 11.2, 10.1, 10.7]
['2017-06-01', 11.0, 11.8, 10.6, 11.3]
['2017-06-02', 11.5, 11.9, 10.5, 11.4]
['2017-06-05', 11.4, 11.4, 10.5, 10.9]
['2017-06-06', 10.6, 11.0, 10.4, 10.6]
['2017-06-07', 10.5, 10.9, 10.4, 10.6]
['2017-06-08', 10.8, 11.4, 10.5, 11.2]
['2017-06-09', 11.8, 11.8, 10.6, 10.8]
['2017-06-12', 11.0, 11.4, 10.7, 11.1]
['2017-06-13', 11.2, 11.3, 10.7, 10.9]
['2017-06-14', 10.8, 11.0, 10.7, 10.7]
['2017-06-15', 10.7, 10.9, 10.2, 10.7]
['2017-06-16', 10.4, 10.8, 10.0, 10.3]
['2017-06-19', 10.3, 10.7, 10.0, 10.6]
['2017-06-20', 10.5, 11.2, 10.3, 10.9]
['2017-06-21', 10.8, 11.6, 10.4, 11.6]
['2017-06-22', 11.6, 12.0, 11.2, 11.4]
['2017-06-23', 11.5, 11.6, 10.7, 10.7]
['2017-06-26', 10.8, 11.3, 10.8, 11.1]
['2017-06-27', 11.2, 12.0, 10.8, 11.8]
['2017-06-28', 12.3, 13.6, 11.7, 12.4]
['2017-06-29', 12.7, 13.1, 11.0, 11.5]
['2017-06-30', 11.6, 12.0, 11.6, 11.9]
['2017-07-03', 11.8, 11.8, 11.2, 11.2]
['2017-07-05', 11.2, 11.9, 11.2, 11.6]
['2017-07-06', 11.5, 11.5, 10.9, 10.9]
['2017-07-07', 10.9, 11.2, 10.9, 11.0]
['2017-07-10', 11.0, 11.0, 10.8, 10.8]
['2017-07-11', 10.8, 11.5, 10.8, 11.0]
['2017-07-12', 11.0, 11.4, 10.8, 10.8]
['2017-07-13', 10.9, 11.4, 10.9, 11.2]
['2017-07-14', 11.3, 11.5, 11.2, 11.4]
['2017-07-17', 11.5, 11.5, 11.2, 11.4]
['2017-07-18', 11.3, 11.5, 11.0, 11.0]
['2017-07-19', 11.1, 11.4, 11.0, 11.0]
['2017-07-20', 11.0, 11.5, 11.0, 11.2]
['2017-07-21', 11.0, 11.1, 10.8, 10.8]
['2017-07-24', 10.9, 11.4, 10.9, 11.4]
['2017-07-25', 11.3, 11.5, 10.7, 10.7]
['2017-07-26', 10.5, 10.9, 10.5, 10.9]
['2017-07-27', 10.8, 10.8, 9.6, 10.0]
['2017-07-28', 10.0, 10.4, 9.7, 9.9]
['2017-07-31', 9.6, 10.4, 9.6, 10.3]
['2017-08-01', 10.3, 10.6, 9.9, 10.4]
['2017-08-02', 10.3, 10.4, 9.8, 9.8]
['2017-08-03', 9.8, 10.0, 9.8, 9.9]
['2017-08-04', 9.8, 9.9, 9.8, 9.8]
['2017-08-07', 10.0, 10.2, 9.6, 10.0]
['2017-08-08', 9.8, 9.9, 9.6, 9.7]
['2017-08-09', 9.5, 9.9, 9.4, 9.8]
['2017-08-10', 9.9, 9.9, 8.9, 9.5]
['2017-08-11', 9.5, 10.0, 9.1, 9.6]
['2017-08-14', 9.4, 9.9, 9.4, 9.8]
['2017-08-15', 9.7, 9.7, 9.0, 9.2]
['2017-08-16', 9.3, 9.8, 9.2, 9.6]
['2017-08-17', 9.5, 9.6, 9.1, 9.2]
['2017-08-18', 9.0, 9.2, 8.9, 9.2]
['2017-08-21', 9.0, 9.4, 8.8, 8.9]
['2017-08-22', 9.0, 9.7, 9.0, 9.4]
['2017-08-23', 9.2, 9.5, 8.8, 9.3]
['2017-08-24', 9.4, 9.5, 9.1, 9.5]
['2017-08-25', 9.6, 9.6, 9.3, 9.5]
['2017-08-28', 9.3, 9.5, 8.8, 9.1]
['2017-08-29', 9.0, 9.5, 8.9, 9.2]
['2017-08-30', 9.0, 9.7, 9.0, 9.4]
['2017-08-31', 9.5, 9.8, 9.2, 9.2]
['2017-09-01', 9.3, 9.8, 9.3, 9.8]
['2017-09-05', 9.9, 9.9, 9.8, 9.9]
['2017-09-06', 10.1, 10.9, 10.0, 10.9]
['2017-09-07', 11.6, 11.8, 10.6, 10.8]
['2017-09-08', 11.1, 11.2, 10.4, 10.9]
['2017-09-11', 10.9, 11.0, 10.3, 10.7]
['2017-09-12', 10.9, 11.1, 10.5, 10.6]
['2017-09-13', 10.7, 11.0, 10.1, 10.2]
['2017-09-14', 10.3, 10.4, 9.9, 9.9]
['2017-09-15', 10.0, 10.3, 9.6, 9.6]
['2017-09-18', 9.5, 10.0, 9.5, 10.0]
['2017-09-19', 10.0, 10.1, 9.8, 9.9]
['2017-09-20', 9.8, 10.0, 9.5, 9.9]
['2017-09-21', 9.9, 10.0, 9.5, 9.8]
['2017-09-22', 9.7, 9.9, 9.2, 9.7]
['2017-09-25', 9.6, 9.9, 9.6, 9.8]
['2017-09-26', 9.6, 9.8, 9.6, 9.6]
['2017-09-27', 9.7, 9.8, 9.4, 9.8]
['2017-09-28', 9.7, 9.8, 9.0, 9.4]
['2017-09-29', 9.6, 9.8, 9.4, 9.6]
['2017-10-02', 9.7, 9.8, 9.4, 9.7]
['2017-10-03', 9.8, 9.8, 9.4, 9.8]
['2017-10-04', 9.8, 10.7, 9.4, 10.5]
['2017-10-05', 10.5, 10.9, 9.9, 10.1]
['2017-10-06', 10.1, 10.7, 10.1, 10.4]
['2017-10-09', 10.4, 10.7, 10.1, 10.6]
['2017-10-10', 11.3, 11.4, 9.6, 10.0]
['2017-10-11', 10.1, 11.2, 9.7, 10.9]
['2017-10-12', 13.5, 13.6, 12.0, 12.0]
['2017-10-13', 12.1, 13.7, 12.0, 13.1]
['2017-10-16', 13.4, 13.7, 11.6, 12.0]
['2017-10-17', 11.9, 12.1, 11.6, 12.1]
['2017-10-18', 12.0, 13.1, 11.6, 12.8]
['2017-10-19', 14.7, 15.4, 11.1, 12.9]
['2017-10-20', 13.1, 13.1, 11.8, 12.5]
['2017-10-23', 11.6, 12.0, 10.6, 10.9]
['2017-10-24', 10.9, 11.1, 10.4, 10.5]
['2017-10-25', 10.6, 11.9, 10.4, 11.5]
['2017-10-26', 10.8, 11.7, 10.4, 11.4]
['2017-10-27', 12.1, 12.2, 11.4, 11.9]
['2017-10-30', 11.9, 12.2, 11.2, 11.5]
['2017-10-31', 11.5, 11.6, 11.2, 11.5]
['2017-11-01', 11.6, 12.1, 11.5, 11.9]
['2017-11-02', 12.1, 12.7, 11.5, 12.7]
['2017-11-03', 12.6, 13.5, 12.2, 13.2]
['2017-11-06', 13.3, 13.3, 12.3, 12.7]
['2017-11-07', 12.7, 12.7, 11.6, 12.5]
['2017-11-08', 21.6, 25.5, 18.2, 20.0]
['2017-11-09', 20.0, 22.1, 17.7, 20.9]
['2017-11-10', 21.0, 25.3, 19.5, 22.6]
['2017-11-13', 22.2, 29.5, 21.5, 23.5]
['2017-11-14', 23.5, 26.3, 22.7, 23.6]
['2017-11-15', 23.3, 24.0, 22.0, 22.2]
['2017-11-16', 21.3, 22.5, 20.7, 21.6]
['2017-11-17', 21.2, 21.6, 19.9, 21.1]
['2017-11-20', 21.1, 21.5, 20.4, 21.0]
['2017-11-21', 20.7, 21.3, 19.5, 20.1]
['2017-11-22', 20.0, 22.5, 20.0, 22.0]
['2017-11-24', 22.0, 22.3, 21.0, 21.2]
['2017-11-27', 21.4, 21.4, 19.9, 19.9]
['2017-11-28', 20.3, 21.6, 20.1, 21.5]
['2017-11-29', 21.3, 22.0, 20.5, 21.8]
['2017-11-30', 21.9, 23.2, 20.7, 20.8]
['2017-12-01', 20.6, 21.3, 19.6, 20.7]
['2017-12-04', 20.8, 20.8, 19.0, 19.7]
['2017-12-05', 19.5, 19.8, 18.8, 19.5]
['2017-12-06', 19.1, 19.6, 17.6, 18.2]
['2017-12-07', 18.1, 18.6, 16.7, 17.1]
['2017-12-08', 17.1, 18.1, 17.1, 17.4]
['2017-12-11', 17.4, 18.1, 16.8, 17.3]
['2017-12-12', 17.5, 17.6, 15.5, 16.8]
['2017-12-13', 16.8, 18.9, 16.6, 17.6]
['2017-12-14', 18.9, 18.9, 17.1, 17.1]
['2017-12-15', 17.2, 17.3, 15.9, 15.9]
['2017-12-18', 16.2, 16.8, 16.0, 16.7]
['2017-12-19', 17.0, 17.3, 16.1, 17.0]
['2017-12-20', 17.1, 17.8, 16.7, 16.7]
['2017-12-21', 16.7, 17.4, 16.7, 16.9]
['2017-12-22', 17.0, 17.0, 16.4, 16.5]
['2017-12-26', 16.7, 17.6, 16.7, 17.0]
['2017-12-27', 17.3, 17.3, 16.6, 16.8]
['2017-12-28', 16.9, 17.2, 16.5, 16.5]
['2017-12-29', 16.5, 16.8, 16.2, 16.3]
['2018-01-02', 16.3, 19.0, 16.3, 18.7]
['2018-01-03', 19.0, 19.2, 17.1, 18.7]
['2018-01-04', 19.0, 20.1, 17.6, 20.1]
['2018-01-05', 20.5, 20.6, 18.7, 19.6]
['2018-01-08', 20.0, 20.2, 18.5, 19.2]
['2018-01-09', 19.1, 19.6, 18.5, 18.8]
['2018-01-10', 18.8, 19.6, 18.6, 19.4]
['2018-01-11', 19.5, 20.2, 19.2, 20.0]
['2018-01-12', 20.1, 20.1, 18.9, 19.4]
['2018-01-16', 19.6, 20.0, 17.5, 18.3]
['2018-01-17', 18.3, 18.7, 18.0, 18.5]
['2018-01-18', 19.7, 21.7, 19.4, 21.1]
['2018-01-19', 21.0, 21.2, 18.2, 20.4]
['2018-01-22', 20.6, 21.2, 20.5, 21.0]
['2018-01-23', 21.0, 21.1, 20.2, 20.6]
['2018-01-24', 20.4, 20.7, 19.3, 20.0]
['2018-01-25', 19.8, 20.3, 19.3, 19.6]
['2018-01-26', 19.8, 20.2, 19.5, 20.1]
['2018-01-29', 19.9, 20.0, 18.8, 19.2]
['2018-01-30', 18.9, 18.9, 17.5, 18.2]
['2018-01-31', 18.4, 19.0, 18.0, 18.1]
['2018-02-01', 15.9, 16.9, 15.3, 15.8]
['2018-02-02', 16.0, 16.8, 16.0, 16.6]
['2018-02-05', 16.5, 17.7, 16.3, 17.6]
['2018-02-06', 17.6, 17.9, 16.3, 17.8]
['2018-02-07', 17.8, 18.0, 17.0, 17.4]
['2018-02-08', 17.5, 17.7, 16.0, 16.4]
['2018-02-09', 17.7, 17.7, 15.5, 16.4]
['2018-02-12', 16.6, 17.9, 16.3, 17.6]
['2018-02-13', 17.8, 18.8, 17.7, 18.8]
['2018-02-14', 19.1, 20.3, 18.7, 19.5]
['2018-02-15', 19.8, 20.0, 18.0, 19.5]
['2018-02-16', 19.6, 20.0, 18.1, 18.1]
['2018-02-20', 18.2, 18.7, 17.6, 17.8]
['2018-02-21', 18.0, 18.8, 17.6, 18.2]
['2018-02-22', 18.2, 18.6, 17.7, 17.7]
['2018-02-23', 17.9, 18.3, 17.6, 17.8]
['2018-02-26', 18.0, 18.1, 17.6, 18.1]
['2018-02-27', 18.0, 18.0, 17.6, 17.8]
['2018-02-28', 18.0, 18.5, 17.6, 18.1]
['2018-03-01', 18.1, 18.6, 17.8, 18.1]
['2018-03-02', 18.1, 19.2, 17.6, 19.0]
['2018-03-05', 19.0, 20.3, 18.9, 19.7]
['2018-03-06', 19.9, 20.0, 19.4, 19.6]
['2018-03-07', 19.6, 20.3, 19.1, 20.1]
['2018-03-08', 20.3, 21.4, 20.1, 20.4]
['2018-03-09', 20.3, 20.7, 19.1, 20.1]
['2018-03-12', 19.9, 20.3, 18.6, 19.3]
['2018-03-13', 19.2, 19.3, 18.2, 19.0]
['2018-03-14', 19.0, 19.0, 17.9, 18.0]
['2018-03-15', 19.0, 19.2, 17.2, 17.4]
['2018-03-16', 17.5, 18.4, 17.3, 18.1]
['2018-03-19', 18.2, 18.2, 16.8, 17.9]
['2018-03-20', 18.0, 18.1, 17.3, 17.6]
['2018-03-21', 17.7, 17.7, 17.0, 17.3]
['2018-03-22', 17.3, 17.5, 16.9, 17.1]
['2018-03-23', 17.2, 19.3, 17.1, 17.7]
['2018-03-26', 18.1, 19.0, 17.2, 18.6]
['2018-03-27', 18.8, 20.3, 18.5, 18.8]
['2018-03-28', 19.1, 19.5, 18.3, 19.1]
['2018-03-29', 19.4, 19.5, 18.4, 18.8]
['2018-04-02', 18.8, 19.8, 18.6, 19.7]
['2018-04-03', 20.0, 20.0, 18.7, 19.7]
['2018-04-04', 19.3, 22.1, 19.0, 21.4]
['2018-04-05', 21.7, 22.0, 20.6, 21.5]
['2018-04-06', 21.4, 21.4, 20.0, 20.6]
['2018-04-09', 20.7, 21.0, 16.6, 17.3]
['2018-04-10', 17.5, 18.4, 17.1, 18.2]
['2018-04-11', 18.2, 18.2, 17.1, 17.7]
['2018-04-12', 17.6, 18.7, 17.1, 18.4]
['2018-04-13', 18.4, 18.6, 17.5, 18.5]
['2018-04-16', 18.0, 18.0, 15.3, 16.2]
['2018-04-17', 16.3, 16.8, 16.2, 16.4]
['2018-04-18', 16.5, 17.4, 16.1, 16.8]
['2018-04-19', 16.8, 17.3, 16.3, 16.6]
['2018-04-20', 16.3, 16.7, 15.5, 15.7]
['2018-04-23', 15.5, 16.1, 14.7, 15.2]
['2018-04-24', 15.5, 15.5, 14.9, 15.2]
['2018-04-25', 15.1, 15.7, 14.5, 15.2]
['2018-04-26', 15.3, 16.0, 15.2, 15.7]
['2018-04-27', 15.7, 15.9, 15.2, 15.4]
['2018-04-30', 15.6, 16.2, 15.1, 15.3]
['2018-05-01', 15.2, 15.4, 14.5, 14.6]
['2018-05-02', 14.6, 15.5, 14.6, 15.0]
['2018-05-03', 15.0, 15.3, 14.6, 14.7]
['2018-05-04', 15.0, 15.6, 14.9, 15.4]
['2018-05-07', 15.4, 15.9, 15.1, 15.9]
['2018-05-08', 16.1, 16.4, 15.0, 15.0]
['2018-05-09', 15.2, 15.4, 14.7, 15.4]
['2018-05-10', 15.4, 16.1, 15.2, 15.8]
['2018-05-11', 15.8, 16.0, 15.5, 15.9]
['2018-05-14', 15.8, 16.3, 15.6, 16.0]
['2018-05-15', 16.0, 17.4, 15.7, 17.1]
['2018-05-16', 17.1, 18.0, 17.0, 17.8]
['2018-05-17', 17.8, 17.8, 15.0, 16.5]
['2018-05-18', 16.4, 16.8, 15.7, 15.9]
['2018-05-21', 16.0, 16.0, 15.1, 15.2]
['2018-05-22', 15.5, 15.9, 15.3, 15.6]
['2018-05-23', 15.7, 15.8, 15.2, 15.7]
['2018-05-24', 15.5, 16.2, 15.4, 15.9]
['2018-05-25', 16.1, 16.7, 15.7, 16.7]
['2018-05-29', 16.7, 16.7, 15.8, 16.1]
['2018-05-30', 16.3, 16.7, 16.1, 16.1]
['2018-05-31', 16.2, 16.2, 15.6, 15.9]
['2018-06-01', 16.0, 16.5, 15.9, 16.2]
['2018-06-04', 16.4, 16.5, 15.2, 15.4]
['2018-06-05', 15.4, 15.7, 15.0, 15.4]
['2018-06-06', 15.4, 15.4, 14.8, 15.1]
['2018-06-07', 15.1, 15.7, 14.7, 15.1]
['2018-06-08', 15.1, 15.1, 14.7, 14.9]
['2018-06-11', 14.7, 14.9, 14.5, 14.6]
['2018-06-12', 14.5, 15.3, 14.5, 15.1]
['2018-06-13', 15.0, 15.2, 14.6, 14.7]
['2018-06-14', 14.6, 14.9, 14.1, 14.3]
['2018-06-15', 14.4, 14.8, 14.3, 14.6]
['2018-06-18', 14.5, 14.6, 13.7, 13.8]
['2018-06-19', 13.8, 14.0, 13.4, 13.5]
['2018-06-20', 13.5, 14.5, 13.5, 14.3]
['2018-06-21', 14.2, 14.5, 13.8, 13.8]
['2018-06-22', 13.9, 14.4, 13.8, 14.4]
['2018-06-25', 14.3, 14.3, 13.6, 13.9]
['2018-06-26', 14.1, 14.1, 13.8, 14.0]
['2018-06-27', 14.0, 14.1, 13.7, 13.9]
['2018-06-28', 13.8, 14.1, 13.6, 13.8]
['2018-06-29', 13.8, 13.9, 13.7, 13.8]
['2018-07-02', 13.8, 13.8, 13.2, 13.4]
['2018-07-03', 13.5, 13.6, 13.1, 13.1]
['2018-07-05', 13.2, 13.4, 13.0, 13.2]
['2018-07-06', 13.2, 14.2, 13.2, 14.1]
['2018-07-09', 14.3, 14.3, 13.3, 13.5]
['2018-07-10', 13.5, 13.8, 12.9, 12.9]
['2018-07-11', 13.0, 13.6, 12.5, 13.6]
['2018-07-12', 13.7, 13.7, 12.7, 13.0]
['2018-07-13', 13.1, 13.1, 12.8, 13.0]
['2018-07-16', 13.3, 13.6, 12.6, 13.4]
['2018-07-17', 13.5, 13.7, 12.7, 13.0]
['2018-07-18', 13.0, 13.1, 12.6, 13.0]
['2018-07-19', 12.9, 13.0, 12.5, 12.8]
['2018-07-20', 12.7, 13.2, 12.7, 13.2]
['2018-07-23', 13.0, 13.8, 12.8, 13.4]
['2018-07-24', 13.6, 14.0, 12.9, 13.5]
['2018-07-25', 13.5, 14.2, 13.1, 13.7]
['2018-07-26', 13.6, 14.0, 13.2, 13.5]
['2018-07-27', 13.6, 13.6, 12.9, 13.1]
['2018-07-30', 12.9, 13.2, 12.6, 12.6]
['2018-07-31', 12.8, 12.8, 12.1, 12.4]
['2018-08-01', 12.3, 12.9, 12.2, 12.5]
['2018-08-02', 12.5, 12.6, 12.0, 12.5]
['2018-08-03', 12.5, 12.6, 11.7, 11.8]
['2018-08-06', 11.8, 12.8, 11.8, 12.5]
['2018-08-07', 12.5, 13.2, 12.3, 13.2]
['2018-08-08', 13.2, 14.5, 13.1, 13.9]
['2018-08-09', 13.9, 15.3, 13.5, 14.9]
['2018-08-10', 15.0, 15.1, 13.9, 15.1]
['2018-08-13', 15.2, 15.2, 14.0, 14.5]
['2018-08-14', 14.8, 16.0, 14.6, 15.8]
['2018-08-15', 15.7, 16.4, 15.0, 15.8]
['2018-08-16', 15.9, 16.3, 15.3, 15.8]
['2018-08-17', 15.8, 15.9, 15.1, 15.2]
['2018-08-20', 15.4, 15.4, 13.9, 14.2]
['2018-08-21', 14.2, 14.5, 13.3, 13.5]
['2018-08-22', 13.6, 14.5, 13.5, 14.3]
['2018-08-23', 14.2, 14.3, 13.5, 13.7]
['2018-08-24', 13.7, 14.4, 13.7, 14.3]
['2018-08-27', 14.3, 14.7, 13.8, 14.0]
['2018-08-28', 14.2, 14.5, 14.1, 14.4]
['2018-08-29', 14.3, 15.0, 14.0, 14.6]
['2018-08-30', 14.7, 15.2, 14.7, 15.0]
['2018-08-31', 15.1, 15.2, 14.6, 15.0]
['2018-09-04', 15.1, 15.9, 15.1, 15.7]
['2018-09-05', 15.7, 15.7, 15.1, 15.5]
['2018-09-06', 15.4, 15.8, 14.6, 14.9]
['2018-09-07', 15.0, 15.4, 14.9, 15.4]
['2018-09-10', 15.2, 15.8, 15.2, 15.6]
['2018-09-11', 15.6, 15.8, 14.9, 14.9]
['2018-09-12', 15.2, 15.4, 14.2, 14.7]
['2018-09-13', 14.8, 15.4, 14.2, 14.7]
['2018-09-14', 14.7, 15.0, 14.1, 14.1]
['2018-09-17', 14.0, 14.4, 13.2, 13.7]
['2018-09-18', 13.6, 13.7, 13.2, 13.2]
['2018-09-19', 13.3, 14.0, 13.3, 13.3]
['2018-09-20', 13.4, 13.9, 13.3, 13.9]
['2018-09-21', 13.9, 14.7, 13.5, 14.0]
['2018-09-24', 14.1, 14.7, 13.9, 14.3]
['2018-09-25', 14.8, 15.6, 14.5, 15.0]
['2018-09-26', 15.2, 15.9, 14.5, 14.7]
['2018-09-27', 14.9, 15.2, 14.2, 14.6]
['2018-09-28', 14.4, 14.8, 14.0, 14.0]
['2018-10-01', 14.5, 15.0, 13.7, 14.0]
['2018-10-02', 14.2, 14.8, 14.0, 14.5]
['2018-10-03', 14.6, 15.8, 14.0, 15.5]
['2018-10-04', 15.8, 17.3, 15.4, 17.1]
['2018-10-05', 17.2, 17.4, 16.3, 16.8]
['2018-10-08', 16.9, 16.9, 15.4, 15.9]
['2018-10-09', 15.3, 16.6, 15.3, 15.7]
['2018-10-10', 15.5, 15.8, 14.8, 15.2]
['2018-10-11', 15.2, 15.4, 14.6, 14.8]
['2018-10-12', 15.1, 15.8, 14.9, 15.2]
['2018-10-15', 15.4, 15.6, 14.9, 15.1]
['2018-10-16', 15.3, 15.9, 15.2, 15.8]
['2018-10-17', 15.8, 15.8, 15.3, 15.8]
['2018-10-18', 15.6, 17.1, 15.6, 16.4]
['2018-10-19', 16.5, 17.3, 16.0, 16.1]
['2018-10-22', 17.5, 18.5, 16.2, 17.9]
['2018-10-23', 17.8, 18.6, 17.4, 17.8]
['2018-10-24', 17.8, 18.2, 16.4, 16.6]
['2018-10-25', 17.0, 17.8, 16.7, 17.8]
['2018-10-26', 17.4, 17.9, 17.0, 17.7]
['2018-10-29', 17.5, 17.7, 16.1, 16.4]
['2018-10-30', 16.3, 17.3, 16.2, 16.8]
['2018-10-31', 17.1, 17.5, 16.6, 17.1]
['2018-11-01', 17.3, 19.6, 17.2, 19.1]
['2018-11-02', 19.2, 19.4, 18.0, 18.8]
['2018-11-05', 19.0, 19.1, 17.2, 17.4]
['2018-11-06', 7.9, 9.1, 6.8, 8.7]
['2018-11-07', 9.0, 10.0, 8.5, 8.6]
['2018-11-08', 8.7, 8.7, 7.7, 8.4]
['2018-11-09', 8.4, 8.7, 8.3, 8.6]
['2018-11-12', 8.7, 8.8, 7.8, 8.6]
['2018-11-13', 8.8, 8.9, 8.3, 8.3]
['2018-11-14', 8.5, 8.5, 7.8, 8.3]
['2018-11-15', 8.1, 8.2, 7.9, 8.0]
['2018-11-16', 8.1, 8.4, 8.0, 8.1]
['2018-11-19', 8.1, 8.3, 8.0, 8.0]
['2018-11-20', 8.1, 8.1, 7.9, 8.0]
['2018-11-21', 8.1, 8.5, 8.0, 8.5]
['2018-11-23', 8.5, 9.6, 8.5, 9.5]
['2018-11-26', 9.5, 9.8, 8.7, 9.2]
['2018-11-27', 9.3, 9.7, 8.6, 9.6]
['2018-11-28', 9.1, 9.2, 8.6, 8.7]
['2018-11-29', 9.2, 9.2, 8.7, 8.8]
['2018-11-30', 9.0, 9.0, 8.7, 8.8]
['2018-12-03', 8.8, 8.8, 8.3, 8.7]
['2018-12-04', 8.6, 9.1, 8.4, 8.8]
['2018-12-06', 8.4, 9.2, 8.4, 8.7]
['2018-12-07', 8.8, 8.8, 8.0, 8.1]
['2018-12-10', 9.0, 11.3, 8.3, 8.8]
['2018-12-11', 8.9, 8.9, 7.8, 8.2]
['2018-12-12', 8.4, 8.5, 8.1, 8.1]
['2018-12-13', 8.2, 8.6, 7.9, 7.9]
['2018-12-14', 8.0, 8.0, 7.4, 7.7]
['2018-12-17', 7.7, 8.0, 7.0, 7.0]
['2018-12-18', 7.3, 7.3, 6.3, 6.5]
['2018-12-19', 6.4, 6.7, 6.2, 6.2]
['2018-12-20', 6.4, 6.7, 6.1, 6.2]
['2018-12-21', 6.4, 6.7, 6.1, 6.2]
['2018-12-24', 6.2, 6.4, 6.0, 6.0]
['2018-12-26', 6.1, 6.4, 6.1, 6.1]
['2018-12-27', 6.1, 6.1, 5.4, 5.5]
['2018-12-28', 5.5, 6.4, 5.5, 6.3]
['2018-12-31', 6.3, 6.8, 6.2, 6.4]
['2019-01-02', 6.3, 6.8, 6.3, 6.6]
['2019-01-03', 6.6, 6.7, 6.2, 6.3]
['2019-01-04', 6.3, 7.0, 6.3, 6.7]
['2019-01-07', 6.8, 7.6, 6.8, 7.3]
['2019-01-08', 7.5, 7.7, 7.3, 7.5]
['2019-01-09', 7.5, 7.5, 6.8, 7.1]
['2019-01-10', 7.1, 7.4, 6.9, 6.9]
['2019-01-11', 7.0, 7.5, 6.9, 7.3]
['2019-01-14', 7.2, 7.5, 6.6, 6.7]
['2019-01-15', 6.7, 6.9, 6.7, 6.8]
['2019-01-16', 6.7, 6.9, 6.7, 6.9]
['2019-01-17', 6.9, 7.2, 6.9, 6.9]
['2019-01-18', 7.0, 7.4, 6.9, 7.2]
['2019-01-22', 7.2, 7.4, 6.7, 6.8]
['2019-01-23', 6.9, 7.3, 6.7, 7.0]
['2019-01-24', 7.0, 7.7, 7.0, 7.4]
['2019-01-25', 7.4, 7.4, 7.1, 7.2]
['2019-01-28', 7.1, 7.6, 7.1, 7.6]
['2019-01-29', 7.6, 9.0, 7.5, 9.0]
['2019-01-30', 8.9, 9.4, 7.9, 9.0]
['2019-01-31', 9.0, 9.5, 8.5, 8.8]
['2019-02-01', 8.1, 8.1, 6.6, 6.6]
['2019-02-04', 7.0, 7.1, 5.9, 6.1]
['2019-02-05', 6.3, 6.5, 6.0, 6.1]
['2019-02-06', 6.2, 6.4, 6.0, 6.2]
['2019-02-07', 6.2, 6.4, 5.8, 5.9]
['2019-02-08', 6.0, 6.2, 5.9, 6.0]
['2019-02-11', 6.0, 6.3, 6.0, 6.0]
['2019-02-12', 6.1, 6.6, 6.0, 6.5]
['2019-02-13', 6.5, 6.6, 6.3, 6.5]
['2019-02-14', 6.5, 6.7, 6.2, 6.2]
['2019-02-15', 6.1, 6.4, 6.1, 6.3]
['2019-02-19', 6.3, 6.5, 6.0, 6.3]
['2019-02-20', 6.3, 6.3, 5.9, 6.0]
['2019-02-21', 6.0, 6.2, 5.9, 6.0]
['2019-02-22', 6.0, 6.1, 5.9, 6.0]
['2019-02-25', 5.9, 6.0, 5.6, 5.6]
['2019-02-26', 5.7, 5.8, 5.6, 5.7]
['2019-02-27', 5.7, 6.0, 5.7, 5.8]
['2019-02-28', 6.0, 6.1, 5.5, 5.7]
['2019-03-01', 5.8, 5.9, 5.5, 5.5]
['2019-03-04', 5.7, 5.7, 5.4, 5.4]
['2019-03-05', 5.4, 5.5, 5.3, 5.3]
['2019-03-06', 5.3, 5.5, 4.2, 4.8]
['2019-03-07', 5.0, 5.3, 4.8, 4.9]
['2019-03-08', 5.0, 5.5, 5.0, 5.3]
['2019-03-11', 5.4, 5.6, 5.3, 5.3]
['2019-03-12', 5.3, 5.6, 5.2, 5.4]
['2019-03-13', 5.4, 5.5, 5.2, 5.4]
['2019-03-14', 5.4, 5.6, 5.2, 5.6]
['2019-03-15', 5.6, 5.7, 5.3, 5.3]
['2019-03-18', 5.3, 5.5, 5.3, 5.5]
['2019-03-19', 5.5, 5.6, 5.4, 5.6]
['2019-03-20', 5.6, 5.6, 5.3, 5.3]
['2019-03-21', 5.4, 5.5, 5.1, 5.3]
['2019-03-22', 5.3, 5.4, 5.0, 5.0]
['2019-03-25', 5.0, 5.2, 4.8, 5.0]
['2019-03-26', 5.0, 5.4, 4.8, 4.9]
['2019-03-27', 4.9, 5.2, 4.8, 4.9]
['2019-03-28', 5.0, 5.2, 4.9, 5.1]
['2019-03-29', 5.2, 5.8, 5.1, 5.6]
['2019-04-01', 5.9, 6.4, 5.8, 6.1]
['2019-04-02', 6.6, 7.5, 6.4, 6.7]
['2019-04-03', 6.8, 7.1, 6.2, 6.7]
['2019-04-04', 6.7, 7.1, 6.5, 6.6]
['2019-04-05', 7.0, 7.1, 6.1, 6.4]
['2019-04-08', 6.6, 6.6, 6.0, 6.3]
['2019-04-09', 6.4, 6.5, 6.2, 6.3]
['2019-04-10', 6.2, 6.6, 6.0, 6.5]
['2019-04-11', 6.5, 6.6, 6.2, 6.4]
['2019-04-12', 6.4, 6.6, 6.2, 6.5]
['2019-04-15', 6.2, 6.8, 6.2, 6.5]
['2019-04-16', 6.4, 6.5, 5.7, 6.0]
['2019-04-17', 7.5, 7.5, 5.7, 5.9]
['2019-04-18', 5.5, 6.1, 5.5, 5.7]
['2019-04-22', 6.1, 6.1, 5.6, 5.6]
['2019-04-23', 5.7, 5.9, 5.5, 5.9]
['2019-04-24', 5.7, 5.9, 5.6, 5.8]
['2019-04-25', 5.9, 5.9, 5.5, 5.7]
['2019-04-26', 5.7, 5.7, 5.5, 5.6]
['2019-04-29', 5.6, 5.7, 5.5, 5.7]
['2019-04-30', 5.6, 5.8, 5.6, 5.6]
['2019-05-01', 5.8, 5.8, 5.5, 5.6]
['2019-05-02', 5.6, 5.8, 5.5, 5.6]
['2019-05-03', 5.7, 5.8, 5.6, 5.7]
['2019-05-06', 5.6, 5.9, 5.5, 5.6]
['2019-05-07', 5.6, 5.8, 5.2, 5.3]
['2019-05-08', 5.3, 5.5, 5.3, 5.4]
['2019-05-09', 5.4, 5.5, 5.1, 5.3]
['2019-05-10', 5.3, 5.5, 5.3, 5.4]
['2019-05-13', 5.5, 5.6, 5.1, 5.1]
['2019-05-14', 5.4, 5.5, 5.1, 5.1]
['2019-05-15', 5.1, 5.2, 4.8, 5.2]
['2019-05-16', 5.2, 5.2, 4.7, 4.7]
['2019-05-17', 4.8, 5.1, 4.4, 4.5]
['2019-05-20', 4.5, 4.7, 3.5, 3.8]
['2019-05-21', 4.35, 5.27, 3.81, 4.0]
['2019-05-22', 2.89, 2.96, 2.68, 2.7]
['2019-05-23', 2.75, 2.8, 2.46, 2.57]
['2019-05-24', 2.57, 2.65, 2.34, 2.49]
['2019-05-28', 2.62, 2.9, 2.35, 2.58]
['2019-05-29', 2.64, 2.75, 2.3, 2.38]
['2019-05-30', 2.42, 2.58, 2.34, 2.47]
['2019-05-31', 2.43, 2.73, 2.43, 2.59]
['2019-06-03', 2.62, 2.62, 2.36, 2.45]
['2019-06-04', 2.49, 2.56, 2.45, 2.5]
['2019-06-05', 2.52, 2.52, 2.37, 2.41]
['2019-06-06', 2.48, 2.77, 2.37, 2.59]
['2019-06-07', 2.55, 2.65, 2.5, 2.59]
['2019-06-10', 2.62, 2.88, 2.62, 2.84]
['2019-06-11', 2.87, 3.01, 2.76, 2.85]
['2019-06-12', 2.87, 2.88, 2.7, 2.8]
['2019-06-13', 2.8, 2.9, 2.8, 2.86]
['2019-06-14', 2.86, 2.89, 2.75, 2.8]
['2019-06-17', 2.83, 2.85, 2.72, 2.83]
['2019-06-18', 2.82, 2.85, 2.77, 2.81]
['2019-06-19', 2.81, 2.82, 2.51, 2.73]
['2019-06-20', 2.79, 2.82, 2.73, 2.77]
['2019-06-21', 2.78, 2.78, 2.63, 2.67]
['2019-06-24', 2.66, 2.68, 2.51, 2.57]
['2019-06-25', 2.56, 2.71, 2.51, 2.59]
['2019-06-26', 2.58, 2.67, 2.41, 2.5]
['2019-06-27', 2.62, 2.65, 2.52, 2.53]
['2019-06-28', 2.55, 2.63, 2.52, 2.53]
['2019-07-01', 2.6, 2.62, 2.5, 2.5]
['2019-07-02', 2.5, 2.55, 2.43, 2.43]
['2019-07-03', 2.3, 2.32, 2.17, 2.26]
['2019-07-05', 2.26, 2.51, 2.25, 2.48]
['2019-07-08', 2.49, 2.5, 2.41, 2.44]
['2019-07-09', 2.44, 2.5, 2.02, 2.11]
['2019-07-10', 2.21, 2.38, 2.17, 2.24]
['2019-07-11', 2.23, 2.27, 2.06, 2.24]
['2019-07-12', 2.22, 2.24, 2.15, 2.2]
['2019-07-15', 2.17, 2.26, 2.13, 2.23]
['2019-07-16', 2.19, 2.45, 2.15, 2.42]
['2019-07-17', 2.44, 2.72, 2.44, 2.63]
['2019-07-18', 2.74, 2.97, 2.47, 2.5]
['2019-07-19', 2.48, 2.51, 2.4, 2.44]
['2019-07-22', 2.47, 2.51, 2.34, 2.37]
['2019-07-23', 2.35, 2.39, 2.19, 2.25]
['2019-07-24', 2.26, 2.34, 2.2, 2.2]
['2019-07-25', 2.2, 2.26, 2.12, 2.16]
['2019-07-26', 2.14, 2.34, 2.13, 2.23]
['2019-07-29', 2.25, 2.25, 2.15, 2.15]
['2019-07-30', 2.15, 2.28, 2.15, 2.23]
['2019-07-31', 2.23, 2.39, 2.23, 2.23]
['2019-08-01', 2.25, 2.34, 2.17, 2.17]
['2019-08-02', 2.14, 2.24, 2.06, 2.11]
['2019-08-05', 2.05, 2.21, 1.88, 2.07]
['2019-08-06', 2.02, 2.1, 1.92, 2.02]
['2019-08-07', 1.98, 2.08, 1.9, 2.03]
['2019-08-08', 2.05, 2.29, 2.05, 2.17]
['2019-08-09', 2.14, 2.24, 2.1, 2.11]
['2019-08-12', 2.22, 2.3, 2.18, 2.19]
['2019-08-13', 2.19, 2.32, 2.19, 2.21]
['2019-08-14', 2.23, 2.27, 2.1, 2.14]
['2019-08-15', 2.16, 2.18, 2.0, 2.01]
['2019-08-16', 2.01, 2.09, 1.8, 1.94]
['2019-08-19', 1.96, 2.05, 1.92, 2.0]
['2019-08-20', 2.0, 2.04, 1.92, 1.94]
['2019-08-21', 1.95, 1.95, 1.87, 1.91]
['2019-08-22', 1.9, 1.92, 1.83, 1.9]
['2019-08-23', 1.85, 1.9, 1.81, 1.84]
['2019-08-26', 1.88, 1.89, 1.8, 1.89]
['2019-08-27', 1.89, 2.1, 1.8, 2.04]
['2019-08-28', 2.02, 2.1, 1.95, 2.02]
['2019-08-29', 2.03, 2.04, 1.85, 2.0]
['2019-08-30', 2.05, 2.08, 2.01, 2.04]
['2019-09-03', 2.0, 2.1, 1.88, 1.91]
['2019-09-04', 1.85, 2.01, 1.8, 1.89]
['2019-09-05', 1.92, 2.03, 1.9, 1.95]
['2019-09-06', 1.92, 2.07, 1.89, 2.02]
['2019-09-09', 2.03, 2.18, 2.03, 2.07]
['2019-09-10', 2.05, 2.11, 1.99, 2.01]
['2019-09-11', 1.99, 2.08, 1.99, 2.01]
['2019-09-12', 1.99, 2.08, 1.94, 1.94]
['2019-09-13', 1.94, 2.06, 1.94, 1.99]
['2019-09-16', 2.02, 2.17, 1.99, 2.11]
['2019-09-17', 2.12, 2.34, 2.12, 2.29]
['2019-09-18', 2.3, 2.4, 2.18, 2.21]
['2019-09-19', 2.23, 2.28, 2.12, 2.15]
['2019-09-20', 2.13, 2.23, 2.13, 2.2]
['2019-09-23', 2.2, 2.21, 2.06, 2.09]
['2019-09-24', 2.08, 2.14, 2.02, 2.06]
['2019-09-25', 2.07, 2.07, 2.0, 2.0]
['2019-09-26', 2.04, 2.12, 2.0, 2.03]
['2019-09-27', 2.03, 2.08, 1.97, 1.97]
['2019-09-30', 2.0, 2.06, 1.95, 1.97]
['2019-10-01', 1.96, 1.98, 1.88, 1.92]
['2019-10-02', 1.9, 1.94, 1.82, 1.84]
['2019-10-03', 1.84, 1.9, 1.82, 1.85]
['2019-10-04', 1.89, 1.95, 1.8, 1.84]
['2019-10-07', 1.8, 1.89, 1.75, 1.75]
['2019-10-08', 1.75, 1.77, 1.65, 1.7]
['2019-10-09', 1.72, 1.74, 1.6, 1.64]
['2019-10-10', 2.19, 2.3, 1.91, 2.21]
['2019-10-11', 2.1, 2.15, 1.98, 2.12]
['2019-10-14', 2.11, 2.15, 2.02, 2.13]
['2019-10-15', 2.12, 2.21, 2.01, 2.06]
['2019-10-16', 2.04, 2.13, 1.99, 2.01]
['2019-10-17', 2.01, 2.27, 2.01, 2.12]
['2019-10-18', 2.19, 2.27, 2.17, 2.24]
['2019-10-21', 2.24, 2.51, 2.16, 2.45]
['2019-10-22', 2.47, 2.65, 2.35, 2.47]
['2019-10-23', 2.48, 2.5, 2.27, 2.29]
['2019-10-24', 2.29, 2.36, 2.16, 2.26]
['2019-10-25', 2.24, 2.36, 2.22, 2.29]
['2019-10-28', 2.32, 2.34, 2.26, 2.3]
['2019-10-29', 2.31, 2.31, 2.12, 2.16]
['2019-10-30', 2.15, 2.2, 2.12, 2.14]
['2019-10-31', 2.16, 2.17, 2.01, 2.16]
['2019-11-01', 2.17, 2.19, 2.1, 2.14]
['2019-11-04', 2.16, 2.3, 2.1, 2.25]
['2019-11-05', 2.25, 2.45, 2.14, 2.14]
['2019-11-06', 2.17, 2.17, 2.07, 2.1]
['2019-11-07', 2.1, 2.17, 2.1, 2.16]
['2019-11-08', 2.1, 2.22, 2.1, 2.2]
['2019-11-11', 2.18, 2.2, 2.13, 2.16]
['2019-11-12', 2.14, 2.17, 2.05, 2.08]
['2019-11-13', 2.06, 2.07, 1.93, 1.94]
['2019-11-14', 1.93, 1.99, 1.93, 1.93]
['2019-11-15', 1.91, 1.98, 1.8, 1.88]
['2019-11-18', 1.86, 1.94, 1.85, 1.93]
['2019-11-19', 1.89, 2.06, 1.89, 2.06]
['2019-11-20', 2.04, 2.09, 1.99, 1.99]
['2019-11-21', 2.03, 2.05, 1.99, 2.05]
['2019-11-22', 2.02, 2.05, 1.9, 2.05]
['2019-11-25', 2.0, 2.0, 1.93, 1.94]
['2019-11-26', 1.95, 1.96, 1.85, 1.91]
['2019-11-27', 1.96, 2.09, 1.88, 2.08]
['2019-11-29', 2.0, 2.18, 1.99, 2.08]
['2019-12-02', 2.12, 2.2, 2.09, 2.14]
['2019-12-03', 2.13, 2.15, 2.03, 2.15]
['2019-12-04', 2.19, 2.2, 2.11, 2.14]
['2019-12-05', 2.15, 2.25, 2.15, 2.21]
['2019-12-06', 2.22, 2.27, 2.22, 2.24]
['2019-12-09', 2.32, 2.43, 2.3, 2.37]
['2019-12-10', 2.5, 2.5, 2.32, 2.46]
['2019-12-11', 2.5, 2.5, 2.33, 2.43]
['2019-12-12', 2.5, 2.5, 2.36, 2.41]
['2019-12-13', 2.32, 2.43, 1.95, 2.02]
['2019-12-16', 2.0, 2.05, 1.85, 1.86]
['2019-12-17', 1.86, 1.94, 1.8, 1.86]
['2019-12-18', 1.82, 1.95, 1.82, 1.87]
['2019-12-19', 1.89, 1.9, 1.82, 1.85]
['2019-12-20', 1.82, 2.0, 1.73, 1.74]
['2019-12-23', 1.76, 1.82, 1.7, 1.74]
['2019-12-24', 1.71, 1.82, 1.71, 1.79]
['2019-12-26', 1.8, 1.82, 1.78, 1.79]
['2019-12-27', 1.76, 1.83, 1.76, 1.83]
['2019-12-30', 1.85, 1.99, 1.77, 1.79]
['2019-12-31', 1.76, 1.93, 1.76, 1.81]
['2020-01-02', 1.87, 1.95, 1.84, 1.88]
['2020-01-03', 1.85, 1.89, 1.84, 1.85]
['2020-01-06', 1.86, 1.91, 1.85, 1.87]
['2020-01-07', 1.87, 1.89, 1.85, 1.89]
['2020-01-08', 1.86, 1.89, 1.85, 1.87]
['2020-01-09', 1.86, 1.92, 1.85, 1.92]
['2020-01-10', 1.94, 2.03, 1.93, 1.98]
['2020-01-13', 2.0, 2.0, 1.88, 1.89]
['2020-01-14', 2.0, 2.09, 1.95, 1.96]
['2020-01-15', 2.02, 2.03, 1.94, 2.0]
['2020-01-16', 2.0, 2.1, 1.95, 2.08]
['2020-01-17', 2.08, 2.1, 2.02, 2.09]
['2020-01-21', 2.11, 2.14, 2.01, 2.06]
['2020-01-22', 2.04, 2.09, 1.97, 2.01]
['2020-01-23', 2.01, 2.01, 1.87, 1.88]
['2020-01-24', 1.93, 1.98, 1.81, 1.85]
['2020-01-27', 1.85, 2.3, 1.82, 2.09]
['2020-01-28', 2.06, 2.12, 1.99, 2.07]
['2020-01-29', 2.11, 2.12, 1.99, 2.01]
['2020-01-30', 2.03, 2.06, 1.92, 1.94]
['2020-01-31', 1.96, 2.0, 1.93, 1.96]
['2020-02-03', 2.0, 2.06, 1.98, 1.99]
['2020-02-04', 2.05, 2.22, 2.05, 2.15]
['2020-02-05', 2.18, 2.28, 2.11, 2.18]
['2020-02-06', 2.16, 2.2, 2.1, 2.15]
['2020-02-07', 2.16, 2.29, 1.82, 1.86]
['2020-02-10', 1.88, 2.02, 1.88, 1.99]
['2020-02-11', 2.05, 2.05, 1.88, 1.92]
['2020-02-12', 1.93, 1.93, 1.87, 1.87]
['2020-02-13', 1.87, 1.9, 1.75, 1.81]
['2020-02-14', 1.82, 1.85, 1.81, 1.82]
['2020-02-18', 1.82, 1.86, 1.75, 1.75]
['2020-02-19', 1.89, 1.89, 1.77, 1.77]
['2020-02-20', 1.87, 1.87, 1.78, 1.82]
['2020-02-21', 1.82, 1.87, 1.75, 1.75]
['2020-02-24', 1.75, 1.76, 1.58, 1.61]
['2020-02-25', 1.61, 1.64, 1.54, 1.57]
['2020-02-26', 1.59, 1.62, 1.45, 1.47]
['2020-02-27', 1.44, 1.48, 1.31, 1.42]
['2020-02-28', 1.35, 1.41, 1.35, 1.4]
['2020-03-02', 1.43, 1.59, 1.41, 1.52]
['2020-03-03', 1.55, 1.56, 1.47, 1.54]
['2020-03-04', 1.55, 1.55, 1.44, 1.51]
['2020-03-05', 1.5, 1.54, 1.49, 1.53]
['2020-03-06', 1.51, 1.63, 1.51, 1.59]
['2020-03-09', 1.59, 1.63, 1.52, 1.58]
['2020-03-10', 1.57, 1.58, 1.36, 1.51]
['2020-03-11', 1.48, 1.48, 1.35, 1.38]
['2020-03-12', 1.37, 1.37, 1.21, 1.32]
['2020-03-13', 1.3, 1.34, 1.28, 1.31]
['2020-03-16', 1.4, 1.4, 1.18, 1.23]
['2020-03-17', 1.21, 1.27, 1.04, 1.18]
['2020-03-18', 1.28, 1.28, 1.11, 1.17]
['2020-03-19', 1.17, 1.28, 1.12, 1.28]
['2020-03-20', 1.28, 1.36, 1.25, 1.31]
['2020-03-23', 1.31, 1.33, 1.2, 1.25]
['2020-03-24', 1.25, 1.29, 1.05, 1.2]
['2020-03-25', 1.24, 1.27, 1.15, 1.24]
['2020-03-26', 1.29, 1.35, 1.24, 1.25]
['2020-03-27', 1.27, 1.39, 1.23, 1.35]
['2020-03-30', 1.31, 1.31, 1.22, 1.25]
['2020-03-31', 1.29, 1.29, 1.22, 1.27]
['2020-04-01', 1.24, 1.66, 1.2, 1.66]
['2020-04-02', 1.7, 2.54, 1.61, 2.2]
['2020-04-03', 1.83, 2.08, 1.75, 2.02]
['2020-04-06', 2.3, 2.3, 1.49, 1.68]
['2020-04-07', 1.45, 1.55, 1.4, 1.49]
['2020-04-08', 1.51, 1.53, 1.4, 1.51]
['2020-04-09', 1.59, 1.59, 1.46, 1.48]
['2020-04-13', 1.47, 1.54, 1.45, 1.48]
['2020-04-14', 1.47, 1.85, 1.45, 1.56]
['2020-04-15', 1.55, 1.56, 1.46, 1.53]
['2020-04-16', 1.51, 1.6, 1.5, 1.54]
['2020-04-17', 1.56, 1.63, 1.53, 1.55]
['2020-04-20', 1.55, 1.6, 1.53, 1.56]
['2020-04-21', 1.58, 1.64, 1.49, 1.61]
['2020-04-22', 1.63, 1.69, 1.57, 1.61]
['2020-04-23', 1.6, 1.64, 1.6, 1.62]
['2020-04-24', 1.62, 1.71, 1.6, 1.68]
['2020-04-27', 1.72, 1.75, 1.63, 1.66]
['2020-04-28', 1.65, 1.83, 1.6, 1.78]
['2020-04-29', 1.75, 1.85, 1.73, 1.83]
['2020-04-30', 1.8, 1.84, 1.7, 1.79]
['2020-05-01', 1.76, 1.79, 1.61, 1.63]
['2020-05-04', 1.64, 1.74, 1.55, 1.65]
['2020-05-05', 1.69, 1.74, 1.59, 1.68]
['2020-05-06', 1.77, 1.85, 1.61, 1.68]
['2020-05-07', 1.67, 1.75, 1.65, 1.68]
['2020-05-08', 1.69, 1.73, 1.64, 1.68]
['2020-05-11', 1.69, 1.71, 1.61, 1.61]
['2020-05-12', 1.6, 1.83, 1.51, 1.68]
['2020-05-13', 1.81, 2.22, 1.7, 2.03]
['2020-05-14', 1.93, 2.06, 1.82, 1.92]
['2020-05-15', 1.91, 2.0, 1.8, 1.86]
['2020-05-18', 1.87, 2.03, 1.78, 1.95]
['2020-05-19', 2.13, 2.45, 2.03, 2.31]
['2020-05-20', 2.18, 2.23, 2.05, 2.2]
['2020-05-21', 2.25, 2.53, 2.24, 2.43]
['2020-05-22', 2.4, 2.46, 2.35, 2.39]
