['2014-04-16', 27.87, 28.1, 27.18, 27.25]
['2014-04-17', 27.18, 27.41, 27.18, 27.35]
['2014-04-21', 27.35, 27.4, 27.18, 27.23]
['2014-04-22', 27.41, 27.78, 27.41, 27.69]
['2014-04-23', 27.82, 27.94, 27.61, 27.87]
['2014-04-24', 27.92, 27.96, 27.66, 27.9]
['2014-04-25', 27.76, 27.87, 27.18, 27.81]
['2014-04-28', 27.86, 28.11, 27.75, 27.87]
['2014-04-29', 27.9, 27.94, 27.05, 27.65]
['2014-04-30', 27.41, 27.91, 27.41, 27.9]
['2014-05-01', 27.13, 27.91, 27.13, 27.89]
['2014-05-02', 27.87, 27.92, 27.75, 27.91]
['2014-05-05', 27.87, 27.9, 27.82, 27.87]
['2014-05-06', 27.83, 27.9, 27.65, 27.89]
['2014-05-07', 27.74, 28.11, 27.65, 27.87]
['2014-05-08', 27.87, 28.05, 27.73, 27.87]
['2014-05-09', 27.7, 28.52, 27.7, 28.44]
['2014-05-12', 28.64, 28.78, 28.21, 28.43]
['2014-05-13', 30.35, 30.35, 27.93, 28.55]
['2014-05-14', 28.72, 28.79, 28.32, 28.59]
['2014-05-15', 28.93, 28.93, 28.12, 28.42]
['2014-05-16', 28.42, 28.47, 27.94, 28.27]
['2014-05-19', 28.3, 28.33, 28.11, 28.12]
['2014-05-20', 28.03, 28.34, 26.64, 28.05]
['2014-05-21', 28.17, 28.41, 27.61, 28.11]
['2014-05-22', 28.11, 28.29, 27.69, 27.98]
['2014-05-23', 28.01, 28.29, 27.73, 28.01]
['2014-05-27', 27.97, 28.1, 27.62, 27.93]
['2014-05-28', 28.06, 28.06, 27.53, 27.92]
['2014-05-29', 27.97, 28.1, 27.64, 27.87]
['2014-05-30', 27.93, 28.14, 27.54, 27.87]
['2014-06-02', 27.96, 28.75, 27.87, 28.16]
['2014-06-03', 28.15, 28.31, 27.89, 28.22]
['2014-06-04', 28.33, 28.34, 28.07, 28.2]
['2014-06-05', 28.19, 28.51, 28.01, 28.36]
['2014-06-06', 28.31, 28.31, 27.99, 28.24]
['2014-06-09', 28.15, 28.28, 27.42, 27.93]
['2014-06-10', 27.79, 28.33, 27.52, 27.87]
['2014-06-11', 27.79, 27.87, 27.45, 27.78]
['2014-06-12', 27.97, 27.97, 27.4, 27.63]
['2014-06-13', 28.1, 28.27, 27.65, 27.87]
['2014-06-16', 27.8, 28.1, 27.53, 27.73]
['2014-06-17', 28.02, 28.02, 26.82, 27.8]
['2014-06-18', 28.1, 28.1, 27.44, 27.87]
['2014-06-19', 27.55, 27.87, 27.35, 27.75]
['2014-06-20', 27.83, 28.09, 26.51, 26.98]
['2014-06-23', 27.11, 27.11, 26.28, 26.65]
['2014-06-24', 26.55, 27.13, 26.55, 26.84]
['2014-06-25', 26.38, 27.92, 26.38, 27.76]
['2014-06-26', 27.58, 27.92, 26.95, 27.63]
['2014-06-27', 27.72, 27.92, 26.71, 26.92]
['2014-06-30', 27.05, 27.16, 26.54, 27.0]
['2014-07-01', 27.35, 27.35, 26.19, 26.78]
['2014-07-02', 26.74, 27.46, 26.74, 27.41]
['2014-07-03', 27.41, 27.64, 27.06, 27.41]
['2014-07-07', 27.3, 28.05, 26.92, 27.14]
['2014-07-08', 27.07, 28.07, 26.4, 27.07]
['2014-07-09', 27.19, 27.19, 26.74, 26.93]
['2014-07-10', 26.6, 27.18, 26.37, 26.99]
['2014-07-11', 27.12, 27.46, 26.76, 27.4]
['2014-07-14', 27.41, 27.94, 27.4, 27.64]
['2014-07-15', 27.74, 27.87, 27.08, 27.35]
['2014-07-16', 27.51, 27.84, 27.36, 27.72]
['2014-07-17', 27.71, 27.85, 27.56, 27.78]
['2014-07-18', 27.87, 27.97, 27.8, 27.87]
['2014-07-21', 27.76, 27.93, 27.54, 27.78]
['2014-07-22', 27.83, 28.18, 27.58, 28.0]
['2014-07-23', 27.89, 28.1, 27.81, 27.97]
['2014-07-24', 27.97, 28.4, 27.43, 27.79]
['2014-07-25', 27.64, 28.0, 27.5, 27.79]
['2014-07-28', 27.78, 28.16, 26.85, 27.22]
['2014-07-29', 27.16, 30.58, 26.95, 27.61]
['2014-07-30', 27.87, 28.25, 27.48, 27.69]
['2014-07-31', 27.61, 27.82, 27.16, 27.6]
['2014-08-01', 27.6, 27.87, 26.97, 27.69]
['2014-08-04', 27.74, 28.32, 27.13, 28.23]
['2014-08-05', 28.23, 28.64, 27.96, 28.4]
['2014-08-06', 28.4, 28.74, 28.2, 28.51]
['2014-08-07', 28.53, 28.54, 28.2, 28.36]
['2014-08-08', 28.36, 29.06, 28.3, 28.36]
['2014-08-11', 28.22, 28.49, 28.15, 28.35]
['2014-08-12', 28.39, 28.39, 27.91, 28.37]
['2014-08-13', 28.27, 28.39, 28.17, 28.17]
['2014-08-14', 28.37, 28.37, 28.14, 28.2]
['2014-08-15', 28.25, 28.34, 28.08, 28.23]
['2014-08-18', 28.25, 28.53, 28.09, 28.49]
['2014-08-19', 28.53, 28.62, 28.43, 28.53]
['2014-08-20', 28.53, 28.8, 28.42, 28.64]
['2014-08-21', 28.19, 28.95, 28.19, 28.8]
['2014-08-22', 28.67, 29.14, 28.66, 29.08]
['2014-08-25', 28.81, 29.62, 28.81, 29.42]
['2014-08-26', 29.76, 29.78, 29.21, 29.33]
['2014-08-27', 28.77, 29.44, 28.77, 29.44]
['2014-08-28', 29.27, 29.48, 29.11, 29.22]
['2014-08-29', 29.28, 29.84, 29.17, 29.45]
['2014-09-02', 29.36, 29.71, 29.07, 29.08]
['2014-09-03', 29.0, 29.54, 29.0, 29.49]
['2014-09-04', 29.43, 29.5, 29.04, 29.08]
['2014-09-05', 29.14, 29.27, 29.05, 29.16]
['2014-09-08', 29.31, 29.31, 29.08, 29.16]
['2014-09-09', 28.82, 29.27, 28.82, 29.18]
['2014-09-10', 28.85, 29.27, 28.85, 29.27]
['2014-09-11', 29.11, 29.27, 29.03, 29.26]
['2014-09-12', 29.11, 29.43, 28.68, 29.09]
['2014-09-15', 29.36, 29.64, 29.1, 29.27]
['2014-09-16', 29.18, 29.5, 29.18, 29.48]
['2014-09-17', 29.5, 29.85, 29.15, 29.26]
['2014-09-18', 29.31, 29.66, 29.04, 29.22]
['2014-09-19', 29.19, 29.92, 28.93, 29.33]
['2014-09-22', 29.19, 29.47, 28.71, 28.84]
['2014-09-23', 28.56, 29.43, 28.16, 29.05]
['2014-09-24', 28.82, 29.5, 28.8, 28.85]
['2014-09-25', 28.34, 28.97, 28.32, 28.56]
['2014-09-26', 28.53, 28.87, 27.88, 28.49]
['2014-09-29', 28.29, 28.92, 28.21, 28.77]
['2014-09-30', 28.5, 29.01, 28.35, 28.46]
['2014-10-01', 28.58, 28.86, 27.63, 28.25]
['2014-10-02', 28.38, 28.48, 27.66, 28.05]
['2014-10-03', 28.31, 29.17, 27.78, 28.84]
['2014-10-06', 28.75, 29.04, 28.12, 28.87]
['2014-10-07', 28.85, 28.88, 28.27, 28.34]
['2014-10-08', 28.57, 28.8, 28.06, 28.69]
['2014-10-09', 28.75, 28.75, 27.81, 27.92]
['2014-10-10', 27.74, 28.01, 27.28, 27.86]
['2014-10-13', 27.64, 28.49, 27.64, 27.83]
['2014-10-14', 27.85, 28.53, 27.29, 28.28]
['2014-10-15', 27.92, 28.37, 27.18, 28.35]
['2014-10-16', 27.98, 28.57, 27.78, 28.19]
['2014-10-17', 28.53, 28.53, 27.82, 27.84]
['2014-10-20', 27.88, 27.98, 27.6, 27.74]
['2014-10-21', 28.19, 28.2, 27.33, 27.74]
['2014-10-22', 27.55, 27.8, 27.43, 27.46]
['2014-10-23', 27.76, 27.76, 27.32, 27.41]
['2014-10-24', 27.54, 27.54, 26.93, 27.18]
['2014-10-27', 26.87, 27.06, 24.81, 25.22]
['2014-10-28', 25.01, 25.63, 24.31, 25.24]
['2014-10-29', 25.22, 25.51, 24.26, 24.65]
['2014-10-30', 24.52, 24.88, 24.44, 24.53]
['2014-10-31', 24.67, 24.75, 24.22, 24.44]
['2014-11-03', 24.24, 24.67, 24.16, 24.22]
['2014-11-04', 24.65, 25.03, 24.16, 24.86]
['2014-11-05', 24.95, 26.44, 24.72, 24.9]
['2014-11-06', 24.78, 25.28, 24.78, 24.91]
['2014-11-07', 25.01, 26.24, 24.65, 25.08]
['2014-11-10', 25.06, 25.16, 24.84, 25.08]
['2014-11-11', 25.49, 25.49, 24.92, 25.01]
['2014-11-12', 25.21, 25.45, 24.98, 25.19]
['2014-11-13', 25.06, 25.22, 24.34, 24.63]
['2014-11-14', 24.51, 25.74, 24.51, 25.35]
['2014-11-17', 25.43, 25.7, 24.94, 25.23]
['2014-11-18', 25.25, 25.41, 25.1, 25.1]
['2014-11-19', 25.26, 25.51, 24.9, 25.36]
['2014-11-20', 25.61, 25.73, 24.52, 25.01]
['2014-11-21', 25.13, 25.41, 24.6, 24.96]
['2014-11-24', 25.27, 25.32, 24.93, 25.31]
['2014-11-25', 25.23, 25.74, 24.79, 25.29]
['2014-11-26', 25.4, 25.71, 25.11, 25.67]
['2014-11-28', 25.74, 25.88, 24.96, 24.99]
['2014-12-01', 25.1, 25.1, 23.86, 24.14]
['2014-12-02', 24.17, 24.94, 23.34, 24.76]
['2014-12-03', 24.43, 24.94, 24.23, 24.9]
['2014-12-04', 24.75, 25.14, 24.65, 25.0]
['2014-12-05', 25.03, 25.3, 24.97, 25.08]
['2014-12-08', 25.12, 25.17, 24.9, 25.04]
['2014-12-09', 24.78, 25.27, 24.73, 25.07]
['2014-12-10', 25.02, 25.12, 24.67, 24.92]
['2014-12-11', 24.86, 25.32, 24.77, 25.27]
['2014-12-12', 25.05, 25.42, 24.76, 25.07]
['2014-12-15', 25.19, 25.45, 24.67, 24.95]
['2014-12-16', 25.05, 25.57, 24.49, 25.18]
['2014-12-17', 25.18, 26.0, 25.16, 25.51]
['2014-12-18', 25.71, 25.78, 25.46, 25.59]
['2014-12-19', 25.55, 25.55, 25.08, 25.47]
['2014-12-22', 25.32, 25.43, 25.02, 25.28]
['2014-12-23', 25.24, 25.78, 25.13, 25.69]
['2014-12-24', 25.71, 26.04, 25.38, 25.72]
['2014-12-26', 25.76, 26.11, 25.76, 25.92]
['2014-12-29', 26.16, 26.6, 26.04, 26.2]
['2014-12-30', 26.2, 26.2, 25.98, 26.04]
['2014-12-31', 25.89, 26.81, 25.85, 26.36]
['2015-01-02', 26.4, 26.43, 25.78, 26.28]
['2015-01-05', 26.09, 26.59, 25.51, 25.69]
['2015-01-06', 25.82, 25.82, 24.99, 25.14]
['2015-01-07', 25.14, 25.14, 24.17, 24.53]
['2015-01-08', 24.74, 24.74, 24.16, 24.61]
['2015-01-09', 24.53, 24.67, 23.96, 24.13]
['2015-01-12', 24.06, 24.29, 24.03, 24.07]
['2015-01-13', 24.35, 25.04, 23.25, 23.45]
['2015-01-14', 23.24, 23.92, 22.31, 23.03]
['2015-01-15', 22.95, 23.6, 22.78, 23.33]
['2015-01-16', 23.26, 24.47, 22.17, 23.93]
['2015-01-20', 24.54, 24.54, 22.73, 23.37]
['2015-01-21', 23.36, 23.42, 23.23, 23.25]
['2015-01-22', 23.45, 23.78, 22.81, 23.62]
['2015-01-23', 23.49, 24.2, 23.49, 23.96]
['2015-01-26', 25.21, 25.21, 24.17, 25.09]
['2015-01-27', 25.1, 25.96, 24.85, 25.05]
['2015-01-28', 25.11, 25.32, 24.53, 24.85]
['2015-01-29', 24.99, 24.99, 24.34, 24.69]
['2015-01-30', 24.49, 24.91, 24.23, 24.25]
['2015-02-02', 24.53, 24.59, 24.16, 24.19]
['2015-02-03', 24.31, 24.63, 23.63, 23.64]
['2015-02-04', 23.64, 24.37, 23.58, 23.95]
['2015-02-05', 23.88, 24.96, 23.88, 24.82]
['2015-02-06', 24.79, 26.4, 24.33, 26.07]
['2015-02-09', 25.55, 26.81, 25.55, 26.36]
['2015-02-10', 26.46, 26.91, 26.21, 26.38]
['2015-02-11', 26.26, 26.42, 26.01, 26.15]
['2015-02-12', 26.27, 26.38, 26.1, 26.32]
['2015-02-13', 26.36, 26.84, 26.3, 26.51]
['2015-02-17', 26.46, 26.46, 25.81, 26.24]
['2015-02-18', 26.11, 26.12, 25.75, 25.97]
['2015-02-19', 26.01, 26.45, 25.75, 26.16]
['2015-02-20', 26.22, 26.78, 26.11, 26.52]
['2015-02-23', 26.38, 26.98, 26.33, 26.47]
['2015-02-24', 26.71, 26.8, 26.48, 26.57]
['2015-02-25', 26.55, 26.74, 26.47, 26.73]
['2015-02-26', 26.4, 26.74, 26.4, 26.62]
['2015-02-27', 26.39, 27.81, 26.32, 27.12]
['2015-03-02', 27.23, 27.89, 27.2, 27.59]
['2015-03-03', 27.23, 27.51, 26.96, 27.32]
['2015-03-04', 27.43, 28.16, 27.26, 28.13]
['2015-03-05', 28.05, 28.57, 27.94, 28.4]
['2015-03-06', 28.31, 28.49, 28.02, 28.43]
['2015-03-09', 27.8, 28.39, 27.8, 28.35]
['2015-03-10', 28.14, 29.47, 28.03, 28.69]
['2015-03-11', 28.79, 28.98, 28.62, 28.79]
['2015-03-12', 28.86, 29.22, 28.76, 28.86]
['2015-03-13', 28.81, 29.19, 28.68, 28.94]
['2015-03-16', 29.22, 29.32, 28.86, 28.88]
['2015-03-17', 28.86, 28.96, 28.31, 28.72]
['2015-03-18', 28.61, 28.92, 28.61, 28.77]
['2015-03-19', 28.78, 28.78, 28.43, 28.48]
['2015-03-20', 28.58, 28.6, 28.13, 28.44]
['2015-03-23', 28.42, 28.49, 28.3, 28.39]
['2015-03-24', 28.33, 28.44, 28.19, 28.24]
['2015-03-25', 28.58, 28.76, 28.11, 28.47]
['2015-03-26', 28.87, 28.88, 28.21, 28.34]
['2015-03-27', 28.43, 28.66, 28.32, 28.51]
['2015-03-30', 28.57, 28.84, 28.53, 28.55]
['2015-03-31', 28.43, 28.76, 28.43, 28.75]
['2015-04-01', 28.67, 28.67, 28.26, 28.55]
['2015-04-02', 28.61, 28.86, 28.54, 28.63]
['2015-04-06', 28.51, 28.93, 28.46, 28.72]
['2015-04-07', 28.72, 29.02, 28.67, 28.73]
['2015-04-08', 28.71, 28.97, 28.62, 28.76]
['2015-04-09', 28.69, 28.78, 28.41, 28.78]
['2015-04-10', 28.77, 28.77, 28.54, 28.62]
['2015-04-13', 28.7, 29.05, 28.41, 28.46]
['2015-04-14', 28.58, 28.62, 28.31, 28.44]
['2015-04-15', 28.51, 28.8, 28.38, 28.74]
['2015-04-16', 28.66, 29.32, 28.66, 29.31]
['2015-04-17', 29.16, 29.24, 28.42, 28.7]
['2015-04-20', 28.78, 29.32, 28.59, 29.29]
['2015-04-21', 29.32, 29.32, 29.1, 29.12]
['2015-04-22', 28.91, 29.32, 28.91, 29.23]
['2015-04-23', 28.99, 29.31, 28.99, 29.23]
['2015-04-24', 29.16, 29.25, 29.05, 29.23]
['2015-04-27', 29.19, 29.73, 28.78, 29.72]
['2015-04-28', 29.71, 31.08, 29.71, 30.28]
['2015-04-29', 30.13, 30.54, 30.03, 30.47]
['2015-04-30', 29.39, 30.13, 29.08, 29.14]
['2015-05-01', 30.06, 30.06, 28.63, 28.93]
['2015-05-04', 29.11, 29.46, 28.89, 29.14]
['2015-05-05', 29.32, 29.67, 28.84, 29.01]
['2015-05-06', 29.27, 29.27, 28.63, 28.97]
['2015-05-07', 28.97, 29.04, 28.88, 29.04]
['2015-05-08', 29.21, 29.21, 28.75, 28.91]
['2015-05-11', 28.91, 29.29, 28.86, 29.1]
['2015-05-12', 28.94, 29.06, 28.83, 29.06]
['2015-05-13', 28.96, 29.86, 28.96, 29.86]
['2015-05-14', 29.91, 30.2, 29.72, 30.19]
['2015-05-15', 30.23, 30.23, 29.57, 29.68]
['2015-05-18', 29.75, 30.15, 29.47, 29.47]
['2015-05-19', 29.46, 30.48, 29.46, 30.19]
['2015-05-20', 30.15, 30.45, 29.9, 30.15]
['2015-05-21', 30.24, 30.48, 29.89, 29.97]
['2015-05-22', 30.05, 30.3, 29.52, 30.11]
['2015-05-26', 30.0, 30.32, 29.4, 29.42]
['2015-05-27', 29.41, 30.26, 29.41, 30.09]
['2015-05-28', 29.95, 30.11, 29.64, 29.93]
['2015-05-29', 30.03, 30.03, 28.73, 29.47]
['2015-06-01', 29.04, 29.48, 29.04, 29.32]
['2015-06-02', 29.68, 29.77, 29.33, 29.71]
['2015-06-03', 29.8, 30.32, 29.79, 29.88]
['2015-06-04', 29.8, 30.15, 29.76, 30.03]
['2015-06-05', 30.22, 30.58, 29.9, 30.58]
['2015-06-08', 30.39, 30.57, 30.18, 30.34]
['2015-06-09', 30.42, 30.74, 30.01, 30.29]
['2015-06-10', 30.24, 30.53, 30.01, 30.19]
['2015-06-11', 30.09, 30.58, 30.09, 30.55]
['2015-06-12', 30.62, 31.44, 30.62, 31.07]
['2015-06-15', 31.07, 31.26, 30.97, 31.26]
['2015-06-16', 31.21, 32.09, 31.16, 31.73]
['2015-06-17', 31.72, 31.96, 31.43, 31.62]
['2015-06-18', 31.88, 32.18, 31.72, 32.13]
['2015-06-19', 32.24, 32.41, 31.93, 32.4]
['2015-06-22', 32.62, 33.01, 32.43, 32.75]
['2015-06-23', 33.06, 33.73, 32.77, 33.73]
['2015-06-24', 34.0, 34.0, 33.37, 33.51]
['2015-06-25', 33.73, 34.0, 33.44, 33.73]
['2015-06-26', 33.84, 34.07, 33.31, 33.49]
['2015-06-29', 33.29, 33.66, 33.07, 33.38]
['2015-06-30', 33.62, 33.83, 33.29, 33.76]
['2015-07-01', 34.04, 34.85, 33.95, 34.45]
['2015-07-02', 34.5, 34.5, 33.48, 33.91]
['2015-07-06', 33.6, 34.43, 33.33, 34.4]
['2015-07-07', 34.29, 34.29, 33.51, 33.81]
['2015-07-08', 33.61, 34.05, 33.37, 33.74]
['2015-07-09', 34.07, 34.07, 33.59, 33.65]
['2015-07-10', 33.93, 34.51, 33.78, 34.4]
['2015-07-13', 34.38, 34.98, 34.36, 34.6]
['2015-07-14', 34.57, 35.74, 34.57, 35.73]
['2015-07-15', 35.88, 35.93, 35.47, 35.63]
['2015-07-16', 35.91, 36.04, 34.9, 35.24]
['2015-07-17', 35.14, 35.41, 34.96, 35.18]
['2015-07-20', 35.15, 35.55, 34.51, 35.46]
['2015-07-21', 35.46, 35.92, 35.1, 35.41]
['2015-07-22', 35.37, 35.5, 35.37, 35.46]
['2015-07-23', 35.45, 35.53, 34.94, 35.37]
['2015-07-24', 35.3, 35.46, 34.81, 35.09]
['2015-07-27', 35.69, 37.21, 35.46, 36.3]
['2015-07-28', 36.62, 37.13, 36.26, 36.95]
['2015-07-29', 36.86, 36.95, 35.98, 35.98]
['2015-07-30', 35.88, 36.15, 35.65, 35.91]
['2015-07-31', 35.98, 37.32, 35.96, 36.53]
['2015-08-03', 36.61, 37.22, 36.61, 37.09]
['2015-08-04', 36.91, 37.07, 36.44, 36.46]
['2015-08-05', 36.55, 36.85, 36.41, 36.57]
['2015-08-06', 36.54, 36.8, 35.44, 35.46]
['2015-08-07', 35.4, 36.26, 35.08, 35.2]
['2015-08-10', 36.12, 36.61, 35.97, 36.44]
['2015-08-11', 36.31, 36.56, 36.15, 36.39]
['2015-08-12', 36.35, 36.5, 34.89, 35.25]
['2015-08-13', 35.28, 35.73, 34.83, 35.24]
['2015-08-14', 35.33, 35.62, 34.98, 35.4]
['2015-08-17', 35.52, 36.33, 35.4, 36.11]
['2015-08-18', 36.25, 36.41, 35.68, 36.01]
['2015-08-19', 35.99, 35.99, 35.4, 35.43]
['2015-08-20', 35.31, 35.31, 34.34, 34.34]
['2015-08-21', 33.76, 34.85, 32.74, 34.48]
['2015-08-24', 33.87, 33.88, 32.85, 32.85]
['2015-08-25', 33.88, 33.95, 33.01, 33.23]
['2015-08-26', 34.01, 34.73, 32.97, 34.64]
['2015-08-27', 35.06, 35.26, 34.7, 35.15]
['2015-08-28', 34.98, 35.31, 33.81, 34.09]
['2015-08-31', 33.91, 34.43, 33.91, 34.41]
['2015-09-01', 33.89, 33.89, 32.13, 32.33]
['2015-09-02', 32.79, 33.66, 32.41, 33.62]
['2015-09-03', 33.35, 33.54, 32.41, 32.58]
['2015-09-04', 32.25, 32.86, 32.25, 32.65]
['2015-09-08', 33.45, 34.85, 32.99, 34.61]
['2015-09-09', 34.96, 35.49, 34.43, 34.88]
['2015-09-10', 34.9, 36.37, 34.65, 36.15]
['2015-09-11', 36.07, 36.49, 35.41, 35.98]
['2015-09-14', 35.91, 36.39, 35.58, 35.78]
['2015-09-15', 36.01, 36.25, 35.76, 36.01]
['2015-09-16', 36.19, 36.64, 35.69, 36.15]
['2015-09-17', 36.22, 37.09, 35.46, 35.54]
['2015-09-18', 35.11, 35.94, 34.07, 34.66]
['2015-09-21', 34.97, 35.34, 34.6, 34.94]
['2015-09-22', 34.72, 34.86, 34.08, 34.37]
['2015-09-23', 34.27, 35.18, 33.95, 34.54]
['2015-09-24', 34.41, 34.82, 33.91, 34.77]
['2015-09-25', 35.11, 35.75, 35.08, 35.33]
['2015-09-28', 35.22, 35.73, 34.54, 34.8]
['2015-09-29', 34.98, 34.98, 34.47, 34.47]
['2015-09-30', 34.87, 35.94, 33.93, 35.77]
['2015-10-01', 35.92, 35.92, 33.97, 35.02]
['2015-10-02', 34.53, 35.47, 33.79, 35.4]
['2015-10-05', 35.54, 35.6, 34.96, 35.51]
['2015-10-06', 35.37, 35.38, 34.64, 34.96]
['2015-10-07', 35.25, 35.7, 34.77, 35.39]
['2015-10-08', 35.4, 35.54, 35.27, 35.53]
['2015-10-09', 35.66, 35.66, 34.73, 34.96]
['2015-10-12', 34.87, 35.54, 34.87, 35.43]
['2015-10-13', 35.14, 35.54, 34.81, 34.98]
['2015-10-14', 35.17, 35.25, 34.09, 34.37]
['2015-10-15', 34.53, 34.66, 34.29, 34.38]
['2015-10-16', 34.38, 34.7, 34.12, 34.39]
['2015-10-19', 34.42, 35.31, 34.4, 35.13]
['2015-10-20', 35.35, 35.39, 35.14, 35.14]
['2015-10-21', 35.39, 35.44, 34.42, 34.42]
['2015-10-22', 34.56, 35.54, 34.56, 35.26]
['2015-10-23', 35.28, 36.59, 35.28, 36.0]
['2015-10-26', 35.54, 35.54, 32.78, 34.24]
['2015-10-27', 33.93, 34.12, 32.9, 33.85]
['2015-10-28', 33.93, 35.16, 33.93, 34.75]
['2015-10-29', 34.91, 35.62, 34.51, 35.48]
['2015-10-30', 35.6, 35.68, 34.81, 34.84]
['2015-11-02', 35.04, 35.87, 34.81, 35.73]
['2015-11-03', 35.77, 35.79, 34.76, 34.9]
['2015-11-04', 35.07, 35.12, 33.95, 34.29]
['2015-11-05', 34.43, 35.01, 34.43, 34.72]
['2015-11-06', 34.74, 36.16, 34.74, 35.62]
['2015-11-09', 36.48, 36.97, 36.03, 36.41]
['2015-11-10', 36.44, 37.49, 36.34, 37.36]
['2015-11-11', 37.58, 38.47, 37.4, 37.43]
['2015-11-12', 37.24, 37.27, 36.41, 37.21]
['2015-11-13', 36.96, 38.93, 36.66, 36.71]
['2015-11-16', 36.73, 37.08, 36.31, 36.53]
['2015-11-17', 35.41, 35.71, 34.34, 34.62]
['2015-11-18', 34.48, 34.8, 34.25, 34.33]
['2015-11-19', 34.34, 34.75, 34.25, 34.42]
['2015-11-20', 34.48, 35.37, 34.25, 35.17]
['2015-11-23', 35.36, 36.22, 34.93, 36.09]
['2015-11-24', 36.3, 36.41, 35.78, 35.97]
['2015-11-25', 36.16, 37.24, 35.84, 37.03]
['2015-11-27', 37.31, 38.12, 36.72, 36.73]
['2015-11-30', 37.18, 38.51, 36.71, 36.95]
['2015-12-01', 37.15, 37.53, 36.57, 37.05]
['2015-12-02', 37.06, 37.06, 35.87, 35.88]
['2015-12-03', 36.03, 36.32, 34.95, 35.66]
['2015-12-04', 35.66, 36.32, 35.45, 35.52]
['2015-12-07', 35.91, 36.01, 34.54, 35.37]
['2015-12-08', 35.17, 35.29, 34.47, 34.66]
['2015-12-09', 34.56, 34.57, 33.97, 34.5]
['2015-12-10', 34.37, 35.11, 34.26, 34.85]
['2015-12-11', 34.26, 34.65, 34.24, 34.54]
['2015-12-14', 34.7, 35.13, 33.97, 34.03]
['2015-12-15', 34.3, 34.75, 34.13, 34.43]
['2015-12-16', 34.92, 34.92, 33.64, 34.4]
['2015-12-17', 34.49, 35.02, 34.39, 34.97]
['2015-12-18', 34.82, 35.04, 34.27, 34.53]
['2015-12-21', 34.68, 35.03, 33.99, 34.51]
['2015-12-22', 34.62, 34.78, 33.88, 34.48]
['2015-12-23', 34.53, 34.71, 34.24, 34.69]
['2015-12-24', 34.56, 34.86, 34.33, 34.66]
['2015-12-28', 34.7, 35.08, 34.46, 35.07]
['2015-12-29', 35.26, 35.68, 34.87, 35.42]
['2015-12-30', 35.49, 35.6, 35.11, 35.23]
['2015-12-31', 35.18, 35.25, 34.65, 34.69]
['2016-01-04', 34.53, 34.55, 33.04, 33.13]
['2016-01-05', 33.15, 33.37, 32.48, 33.07]
['2016-01-06', 32.94, 33.29, 32.82, 32.9]
['2016-01-07', 32.42, 33.25, 32.37, 33.15]
['2016-01-08', 33.37, 34.04, 32.98, 33.13]
['2016-01-11', 33.21, 34.46, 31.17, 32.16]
['2016-01-12', 32.55, 32.87, 31.47, 32.03]
['2016-01-13', 32.09, 32.35, 30.84, 31.05]
['2016-01-14', 31.23, 32.61, 30.93, 31.25]
['2016-01-15', 30.51, 31.18, 29.86, 30.06]
['2016-01-19', 30.76, 30.92, 29.27, 29.6]
['2016-01-20', 29.16, 30.05, 28.2, 29.85]
['2016-01-21', 29.85, 30.34, 29.09, 30.23]
['2016-01-22', 30.59, 31.73, 30.23, 31.21]
['2016-01-25', 30.99, 31.54, 28.3, 28.85]
['2016-01-26', 28.75, 30.13, 28.75, 30.06]
['2016-01-27', 29.88, 30.72, 29.47, 29.84]
['2016-01-28', 30.09, 30.8, 29.87, 30.47]
['2016-01-29', 30.56, 30.97, 30.05, 30.96]
['2016-02-01', 30.92, 30.96, 29.77, 30.32]
['2016-02-02', 30.06, 30.91, 29.55, 30.21]
['2016-02-03', 30.35, 30.7, 29.09, 29.72]
['2016-02-04', 29.69, 30.17, 28.83, 29.2]
['2016-02-05', 29.11, 30.13, 27.94, 28.69]
['2016-02-08', 28.36, 28.84, 27.5, 28.07]
['2016-02-09', 27.67, 28.91, 27.57, 28.8]
['2016-02-10', 29.04, 30.22, 28.51, 28.76]
['2016-02-11', 28.22, 29.42, 27.18, 28.12]
['2016-02-12', 28.48, 30.62, 28.43, 28.59]
['2016-02-16', 28.73, 29.83, 28.64, 29.16]
['2016-02-17', 29.39, 29.87, 29.24, 29.39]
['2016-02-18', 29.46, 29.68, 28.88, 29.15]
['2016-02-19', 29.04, 29.52, 28.54, 29.42]
['2016-02-22', 29.62, 30.17, 29.31, 30.15]
['2016-02-23', 30.03, 30.56, 29.37, 29.64]
['2016-02-24', 29.45, 29.91, 28.42, 29.66]
['2016-02-25', 29.75, 30.25, 29.66, 30.2]
['2016-02-26', 30.37, 31.26, 29.84, 30.28]
['2016-02-29', 30.22, 31.87, 29.65, 30.41]
['2016-03-01', 30.61, 31.67, 30.4, 31.59]
['2016-03-02', 31.57, 32.0, 31.22, 31.97]
['2016-03-03', 31.98, 32.43, 31.81, 32.15]
['2016-03-04', 32.15, 32.34, 31.98, 32.12]
['2016-03-07', 31.89, 32.56, 31.86, 32.54]
['2016-03-08', 32.42, 32.56, 32.04, 32.47]
['2016-03-09', 32.66, 33.5, 32.5, 32.65]
['2016-03-10', 32.81, 33.5, 31.94, 32.2]
['2016-03-11', 32.37, 33.16, 32.15, 33.0]
['2016-03-14', 32.96, 33.2, 32.53, 32.7]
['2016-03-15', 32.47, 32.83, 31.82, 32.34]
['2016-03-16', 32.3, 32.62, 31.64, 31.77]
['2016-03-17', 31.8, 32.76, 31.39, 32.61]
['2016-03-18', 32.8, 33.53, 32.54, 33.03]
['2016-03-21', 32.85, 33.01, 32.06, 32.49]
['2016-03-22', 32.3, 32.56, 32.07, 32.47]
['2016-03-23', 32.4, 32.43, 32.01, 32.12]
['2016-03-24', 31.94, 32.09, 31.3, 31.77]
['2016-03-28', 31.84, 32.03, 31.62, 31.85]
['2016-03-29', 31.74, 32.5, 31.36, 32.06]
['2016-03-30', 32.26, 32.5, 31.79, 32.07]
['2016-03-31', 32.12, 32.45, 32.01, 32.05]
['2016-04-01', 31.83, 32.66, 31.83, 32.39]
['2016-04-04', 32.24, 32.44, 31.79, 31.91]
['2016-04-05', 31.63, 31.76, 31.02, 31.06]
['2016-04-06', 31.14, 31.31, 30.19, 30.47]
['2016-04-07', 30.27, 31.27, 30.21, 30.67]
['2016-04-08', 30.95, 31.36, 30.36, 30.68]
['2016-04-11', 30.74, 31.53, 30.6, 30.98]
['2016-04-12', 31.02, 31.35, 30.8, 31.15]
['2016-04-13', 31.38, 32.12, 31.18, 32.06]
['2016-04-14', 31.99, 32.91, 31.99, 32.33]
['2016-04-15', 32.22, 32.42, 31.72, 31.84]
['2016-04-18', 31.68, 32.11, 31.62, 31.89]
['2016-04-19', 32.02, 32.45, 31.82, 32.27]
['2016-04-20', 32.34, 32.54, 32.0, 32.21]
['2016-04-21', 32.3, 32.84, 32.01, 32.22]
['2016-04-22', 32.28, 32.82, 32.12, 32.72]
['2016-04-25', 32.99, 32.99, 31.17, 32.0]
['2016-04-26', 31.98, 33.35, 31.71, 32.94]
['2016-04-27', 34.68, 34.69, 34.08, 34.57]
['2016-04-28', 34.48, 34.81, 33.96, 34.13]
['2016-04-29', 33.98, 34.25, 33.53, 34.05]
['2016-05-02', 33.86, 34.17, 33.71, 34.07]
['2016-05-03', 33.77, 33.88, 33.11, 33.33]
['2016-05-04', 33.25, 33.42, 32.41, 33.11]
['2016-05-05', 33.14, 33.29, 32.31, 32.36]
['2016-05-06', 32.35, 32.78, 32.17, 32.68]
['2016-05-09', 32.41, 32.92, 32.41, 32.83]
['2016-05-10', 33.06, 33.43, 32.73, 33.22]
['2016-05-11', 33.1, 33.39, 33.04, 33.15]
['2016-05-12', 33.29, 33.57, 32.85, 33.46]
['2016-05-13', 33.44, 33.78, 33.04, 33.22]
['2016-05-16', 33.34, 34.42, 33.1, 34.09]
['2016-05-17', 34.06, 34.67, 33.69, 33.93]
['2016-05-18', 33.88, 35.26, 33.88, 35.23]
['2016-05-19', 34.72, 35.11, 34.11, 34.93]
['2016-05-20', 34.97, 35.3, 34.85, 35.19]
['2016-05-23', 35.05, 35.53, 34.88, 35.14]
['2016-05-24', 35.15, 35.82, 35.1, 35.67]
['2016-05-25', 35.73, 36.18, 35.6, 35.93]
['2016-05-26', 35.88, 35.88, 35.43, 35.64]
['2016-05-27', 35.53, 36.04, 35.51, 35.83]
['2016-05-31', 35.87, 35.95, 35.41, 35.68]
['2016-06-01', 35.41, 36.02, 35.23, 35.83]
['2016-06-02', 35.65, 36.03, 35.44, 35.71]
['2016-06-03', 35.94, 35.99, 34.76, 35.42]
['2016-06-06', 35.34, 36.0, 35.32, 35.59]
['2016-06-07', 35.6, 36.07, 35.41, 35.62]
['2016-06-08', 35.6, 36.0, 35.45, 35.68]
['2016-06-09', 35.45, 35.87, 34.87, 35.4]
['2016-06-10', 34.97, 35.58, 34.66, 35.31]
['2016-06-13', 35.08, 35.61, 34.69, 34.88]
['2016-06-14', 34.74, 35.59, 33.76, 34.02]
['2016-06-15', 34.06, 34.62, 33.79, 33.88]
['2016-06-16', 33.75, 33.96, 33.25, 33.91]
['2016-06-17', 34.01, 34.29, 33.61, 33.97]
['2016-06-20', 34.2, 34.88, 34.2, 34.37]
['2016-06-21', 34.29, 34.69, 34.1, 34.48]
['2016-06-22', 34.45, 34.7, 34.1, 34.17]
['2016-06-23', 34.64, 35.2, 34.42, 35.16]
['2016-06-24', 33.68, 35.1, 31.89, 31.94]
['2016-06-27', 31.66, 31.85, 29.84, 30.05]
['2016-06-28', 30.32, 30.83, 30.06, 30.62]
['2016-06-29', 31.39, 32.15, 31.04, 31.73]
['2016-06-30', 31.77, 32.58, 31.42, 32.02]
['2016-07-01', 31.81, 32.26, 31.12, 31.49]
['2016-07-05', 30.97, 31.14, 30.55, 30.96]
['2016-07-06', 30.85, 31.02, 30.37, 30.79]
['2016-07-07', 30.83, 31.47, 30.83, 31.45]
['2016-07-08', 31.52, 32.65, 31.49, 32.61]
['2016-07-11', 32.71, 33.17, 32.71, 32.89]
['2016-07-12', 33.16, 33.84, 33.08, 33.63]
['2016-07-13', 33.78, 34.11, 33.59, 34.03]
['2016-07-14', 34.11, 34.62, 33.78, 34.47]
['2016-07-15', 34.76, 34.97, 34.3, 34.69]
['2016-07-18', 34.68, 35.05, 34.42, 34.81]
['2016-07-19', 34.81, 35.38, 34.11, 34.69]
['2016-07-20', 34.69, 34.77, 34.17, 34.21]
['2016-07-21', 34.18, 34.4, 33.79, 33.94]
['2016-07-22', 34.02, 34.82, 33.93, 34.63]
['2016-07-25', 30.8, 32.49, 29.74, 30.44]
['2016-07-26', 30.19, 30.89, 29.7, 30.66]
['2016-07-27', 30.8, 31.74, 30.75, 31.09]
['2016-07-28', 30.95, 31.37, 30.64, 30.66]
['2016-07-29', 30.73, 30.97, 30.47, 30.58]
['2016-08-01', 30.53, 31.13, 30.48, 30.7]
['2016-08-02', 30.64, 30.9, 30.51, 30.52]
['2016-08-03', 30.53, 30.94, 30.53, 30.92]
['2016-08-04', 30.93, 31.07, 30.64, 30.89]
['2016-08-05', 31.29, 32.42, 31.29, 31.69]
['2016-08-08', 31.76, 32.12, 31.55, 31.77]
['2016-08-09', 31.74, 31.94, 31.63, 31.7]
['2016-08-10', 31.79, 31.79, 31.12, 31.23]
['2016-08-11', 31.37, 31.48, 31.07, 31.39]
['2016-08-12', 31.18, 31.37, 30.98, 31.37]
['2016-08-15', 31.47, 31.77, 31.47, 31.69]
['2016-08-16', 31.53, 31.76, 31.35, 31.53]
['2016-08-17', 31.55, 31.65, 31.26, 31.45]
['2016-08-18', 31.47, 32.21, 31.45, 32.2]
['2016-08-19', 32.07, 32.15, 31.8, 31.95]
['2016-08-22', 31.9, 32.0, 31.62, 31.8]
['2016-08-23', 31.93, 31.94, 31.81, 31.86]
['2016-08-24', 31.89, 32.29, 31.87, 32.13]
['2016-08-25', 32.08, 32.62, 32.08, 32.58]
['2016-08-26', 32.62, 32.96, 32.38, 32.55]
['2016-08-29', 32.55, 33.2, 32.55, 32.62]
['2016-08-30', 32.71, 33.19, 32.35, 33.19]
['2016-08-31', 33.18, 33.45, 32.2, 33.29]
['2016-09-01', 33.41, 33.48, 32.41, 33.12]
['2016-09-02', 33.14, 33.66, 32.99, 33.66]
['2016-09-06', 33.62, 33.68, 33.13, 33.53]
['2016-09-07', 33.39, 34.0, 33.31, 33.95]
['2016-09-08', 34.04, 34.22, 33.59, 33.69]
['2016-09-09', 33.52, 34.05, 33.41, 33.41]
['2016-09-12', 33.27, 33.28, 32.81, 32.9]
['2016-09-13', 32.65, 32.98, 32.46, 32.83]
['2016-09-14', 32.49, 33.0, 32.43, 32.73]
['2016-09-15', 32.74, 33.26, 32.7, 33.14]
['2016-09-16', 33.03, 33.03, 32.33, 32.54]
['2016-09-19', 32.65, 33.03, 32.48, 32.64]
['2016-09-20', 32.86, 33.18, 32.64, 33.08]
['2016-09-21', 33.13, 33.63, 33.13, 33.42]
['2016-09-22', 33.46, 33.83, 33.33, 33.83]
['2016-09-23', 33.64, 33.84, 33.48, 33.56]
['2016-09-26', 33.34, 33.34, 32.83, 32.9]
['2016-09-27', 32.78, 33.34, 32.66, 33.13]
['2016-09-28', 33.23, 33.49, 33.11, 33.48]
['2016-09-29', 33.55, 33.62, 32.74, 32.81]
['2016-09-30', 32.89, 33.84, 32.72, 33.72]
['2016-10-03', 33.42, 33.59, 32.84, 33.14]
['2016-10-04', 33.1, 33.77, 33.1, 33.56]
['2016-10-05', 33.54, 33.82, 33.4, 33.44]
['2016-10-06', 33.51, 33.72, 33.26, 33.51]
['2016-10-07', 33.38, 33.6, 33.17, 33.41]
['2016-10-10', 33.52, 33.9, 33.52, 33.75]
['2016-10-11', 33.68, 33.84, 33.17, 33.37]
['2016-10-12', 33.24, 33.65, 33.14, 33.4]
['2016-10-13', 33.11, 33.11, 32.34, 32.65]
['2016-10-14', 32.95, 33.4, 32.55, 32.84]
['2016-10-17', 30.51, 30.52, 25.92, 25.93]
['2016-10-18', 25.75, 26.89, 25.31, 26.03]
['2016-10-19', 26.15, 26.87, 22.94, 23.0]
['2016-10-20', 23.05, 23.45, 21.93, 22.64]
['2016-10-21', 22.52, 22.92, 21.84, 22.08]
['2016-10-24', 17.64, 21.64, 17.36, 20.31]
['2016-10-25', 19.54, 20.07, 19.26, 19.45]
['2016-10-26', 19.3, 19.78, 18.97, 19.16]
['2016-10-27', 19.35, 19.66, 19.07, 19.4]
['2016-10-28', 19.5, 19.69, 18.88, 19.26]
['2016-10-31', 19.35, 19.4, 18.88, 19.11]
['2016-11-01', 19.11, 19.26, 18.76, 18.78]
['2016-11-02', 18.78, 19.16, 18.59, 18.73]
['2016-11-03', 18.88, 19.45, 18.73, 19.11]
['2016-11-04', 19.07, 19.95, 19.02, 19.54]
['2016-11-07', 19.97, 20.11, 19.76, 19.97]
['2016-11-08', 19.92, 20.11, 19.73, 19.92]
['2016-11-09', 20.31, 20.69, 19.92, 20.02]
['2016-11-10', 20.31, 21.4, 20.31, 20.73]
['2016-11-11', 20.73, 22.09, 20.54, 21.93]
['2016-11-14', 22.07, 23.21, 22.02, 22.31]
['2016-11-15', 22.36, 22.83, 21.83, 22.78]
['2016-11-16', 22.78, 22.88, 22.16, 22.5]
['2016-11-17', 22.5, 23.05, 22.4, 22.74]
['2016-11-18', 22.74, 22.97, 22.36, 22.93]
['2016-11-21', 22.97, 23.02, 22.5, 22.64]
['2016-11-22', 23.17, 23.52, 22.45, 23.5]
['2016-11-23', 23.69, 24.07, 23.45, 24.02]
['2016-11-25', 24.17, 24.17, 23.5, 23.74]
['2016-11-28', 23.74, 23.83, 23.02, 23.02]
['2016-11-29', 23.21, 23.88, 23.02, 23.45]
['2016-11-30', 23.93, 24.26, 23.5, 24.12]
['2016-12-01', 24.4, 25.26, 23.62, 24.6]
['2016-12-02', 24.64, 25.02, 24.07, 24.93]
['2016-12-05', 25.07, 25.98, 24.98, 25.88]
['2016-12-06', 25.83, 26.22, 25.5, 26.07]
['2016-12-07', 25.98, 26.6, 25.79, 26.22]
['2016-12-08', 26.17, 27.46, 26.17, 27.17]
['2016-12-09', 27.36, 27.74, 26.84, 27.74]
['2016-12-12', 27.84, 27.88, 27.36, 27.88]
['2016-12-13', 27.69, 28.31, 27.69, 28.22]
['2016-12-14', 28.03, 28.22, 27.22, 27.65]
['2016-12-15', 27.88, 28.4, 27.17, 28.08]
['2016-12-16', 27.88, 28.43, 27.46, 27.46]
['2016-12-19', 27.41, 27.96, 27.22, 27.55]
['2016-12-20', 27.69, 28.22, 27.55, 28.17]
['2016-12-21', 28.17, 28.55, 27.84, 28.46]
['2016-12-22', 28.6, 28.79, 28.19, 28.36]
['2016-12-23', 28.27, 28.41, 27.93, 28.27]
['2016-12-27', 28.22, 28.79, 28.17, 28.46]
['2016-12-28', 28.5, 28.74, 28.22, 28.36]
['2016-12-29', 28.41, 28.41, 27.41, 28.17]
['2016-12-30', 28.31, 28.69, 27.88, 28.65]
['2017-01-03', 29.08, 29.17, 28.17, 28.36]
['2017-01-04', 28.41, 28.69, 28.27, 28.36]
['2017-01-05', 28.36, 28.5, 27.55, 28.12]
['2017-01-06', 28.17, 28.41, 27.72, 28.12]
['2017-01-09', 28.03, 28.15, 27.55, 27.84]
['2017-01-10', 27.93, 28.46, 27.46, 28.08]
['2017-01-11', 28.03, 28.24, 26.7, 27.93]
['2017-01-12', 27.88, 27.88, 26.69, 27.03]
['2017-01-13', 27.22, 27.79, 27.17, 27.31]
['2017-01-17', 27.03, 27.03, 25.88, 26.07]
['2017-01-18', 26.22, 26.45, 25.79, 25.98]
['2017-01-19', 26.12, 26.6, 25.81, 26.55]
['2017-01-20', 26.69, 27.12, 26.1, 26.31]
['2017-01-23', 26.26, 26.36, 24.98, 25.12]
['2017-01-24', 25.31, 25.98, 25.26, 25.41]
['2017-01-25', 25.69, 26.45, 25.45, 26.03]
['2017-01-26', 26.07, 26.45, 25.69, 25.93]
['2017-01-27', 26.03, 26.22, 25.64, 25.98]
['2017-01-30', 22.83, 22.83, 19.07, 19.45]
['2017-01-31', 19.26, 19.69, 19.11, 19.4]
['2017-02-01', 19.64, 20.02, 19.26, 19.69]
['2017-02-02', 19.54, 19.83, 19.3, 19.54]
['2017-02-03', 19.83, 20.19, 19.59, 20.07]
['2017-02-06', 19.88, 20.31, 19.88, 20.07]
['2017-02-07', 20.07, 20.16, 19.88, 20.16]
['2017-02-08', 20.07, 20.11, 19.59, 20.02]
['2017-02-09', 20.02, 20.16, 19.92, 20.02]
['2017-02-10', 20.11, 20.21, 19.59, 20.07]
['2017-02-13', 20.21, 20.85, 20.21, 20.78]
['2017-02-14', 20.83, 21.5, 20.4, 20.88]
['2017-02-15', 21.07, 21.12, 20.59, 21.02]
['2017-02-16', 21.07, 21.21, 20.64, 20.88]
['2017-02-17', 20.83, 20.88, 20.5, 20.88]
['2017-02-21', 20.88, 21.02, 20.73, 20.78]
['2017-02-22', 20.64, 20.88, 20.4, 20.73]
['2017-02-23', 20.78, 20.78, 20.21, 20.64]
['2017-02-24', 20.31, 20.55, 20.11, 20.21]
['2017-02-27', 20.31, 20.93, 20.21, 20.73]
['2017-02-28', 20.64, 20.78, 20.45, 20.59]
['2017-03-01', 21.07, 21.69, 20.97, 21.12]
['2017-03-02', 21.12, 21.65, 20.6, 20.69]
['2017-03-03', 20.69, 20.88, 20.59, 20.78]
['2017-03-06', 20.59, 20.64, 20.26, 20.54]
['2017-03-07', 20.59, 20.69, 20.11, 20.45]
['2017-03-08', 20.59, 20.59, 19.88, 19.88]
['2017-03-09', 19.92, 20.11, 19.64, 19.69]
['2017-03-10', 19.83, 19.92, 19.19, 19.26]
['2017-03-13', 19.3, 19.4, 18.92, 18.97]
['2017-03-14', 18.78, 19.07, 18.6, 19.07]
['2017-03-15', 19.07, 19.11, 18.88, 18.97]
['2017-03-16', 19.07, 19.16, 18.78, 18.78]
['2017-03-17', 18.78, 18.97, 18.59, 18.83]
['2017-03-20', 18.68, 18.88, 18.45, 18.59]
['2017-03-21', 18.64, 18.64, 17.8, 18.02]
['2017-03-22', 17.59, 18.04, 17.59, 17.73]
['2017-03-23', 17.73, 18.23, 17.64, 18.07]
['2017-03-24', 18.07, 18.21, 17.92, 18.02]
['2017-03-27', 17.64, 18.16, 17.64, 18.16]
['2017-03-28', 18.02, 18.48, 18.02, 18.4]
['2017-03-29', 18.35, 18.59, 18.11, 18.3]
['2017-03-30', 18.26, 19.02, 18.16, 18.97]
['2017-03-31', 18.92, 19.26, 18.59, 19.21]
['2017-04-03', 19.21, 19.35, 18.54, 18.83]
['2017-04-04', 18.78, 18.9, 18.59, 18.73]
['2017-04-05', 18.83, 18.92, 17.97, 18.02]
['2017-04-06', 17.97, 18.4, 17.87, 18.21]
['2017-04-07', 18.07, 18.26, 17.92, 18.11]
['2017-04-10', 18.16, 18.49, 18.02, 18.11]
['2017-04-11', 18.02, 18.45, 17.87, 18.4]
['2017-04-12', 18.4, 18.9, 18.3, 18.59]
['2017-04-13', 18.49, 18.64, 18.26, 18.54]
['2017-04-17', 18.59, 18.92, 18.49, 18.88]
['2017-04-18', 18.73, 19.04, 18.68, 19.02]
['2017-04-19', 19.21, 19.3, 18.68, 18.97]
['2017-04-20', 19.07, 19.4, 18.97, 19.26]
['2017-04-21', 19.21, 20.02, 19.21, 19.83]
['2017-04-24', 19.92, 21.64, 19.69, 20.83]
['2017-04-25', 21.12, 21.93, 21.09, 21.78]
['2017-04-26', 21.78, 22.83, 21.74, 22.74]
['2017-04-27', 22.78, 22.78, 22.14, 22.4]
['2017-04-28', 22.45, 22.45, 21.45, 21.5]
['2017-05-01', 21.69, 21.93, 21.35, 21.5]
['2017-05-02', 21.59, 21.66, 21.12, 21.26]
['2017-05-03', 21.16, 21.45, 21.0, 21.35]
['2017-05-04', 21.5, 21.83, 21.35, 21.5]
['2017-05-05', 21.54, 21.54, 21.16, 21.35]
['2017-05-08', 21.31, 21.54, 21.16, 21.4]
['2017-05-09', 21.5, 21.59, 21.07, 21.26]
['2017-05-10', 21.16, 21.45, 20.78, 21.31]
['2017-05-11', 21.21, 21.21, 20.76, 20.88]
['2017-05-12', 20.78, 20.83, 20.16, 20.83]
['2017-05-15', 20.93, 21.5, 20.88, 21.26]
['2017-05-16', 21.21, 21.4, 21.0, 21.35]
['2017-05-17', 20.93, 21.04, 20.54, 20.88]
['2017-05-18', 20.88, 21.59, 20.76, 21.45]
['2017-05-19', 21.4, 21.64, 21.31, 21.4]
['2017-05-22', 21.5, 21.54, 21.0, 21.35]
['2017-05-23', 21.35, 21.88, 21.21, 21.78]
['2017-05-24', 21.88, 21.88, 21.35, 21.4]
['2017-05-25', 21.5, 21.74, 21.07, 21.26]
['2017-05-26', 21.16, 21.26, 21.0, 21.21]
['2017-05-30', 21.16, 21.16, 20.26, 20.4]
['2017-05-31', 20.5, 20.59, 19.97, 20.5]
['2017-06-01', 20.54, 21.16, 20.35, 20.93]
['2017-06-02', 20.88, 21.16, 20.59, 21.07]
['2017-06-05', 21.12, 21.31, 20.88, 21.26]
['2017-06-06', 21.02, 21.26, 20.64, 21.16]
['2017-06-07', 21.21, 21.64, 20.97, 21.31]
['2017-06-08', 21.35, 22.36, 21.21, 21.78]
['2017-06-09', 21.93, 22.83, 21.83, 22.31]
['2017-06-12', 22.21, 22.74, 21.69, 22.02]
['2017-06-13', 22.07, 22.59, 21.92, 22.4]
['2017-06-14', 22.16, 22.16, 21.31, 22.12]
['2017-06-15', 21.97, 22.4, 21.88, 22.31]
['2017-06-16', 22.16, 22.26, 21.78, 22.12]
['2017-06-19', 22.31, 22.45, 22.14, 22.36]
['2017-06-20', 22.36, 22.64, 22.12, 22.45]
['2017-06-21', 22.45, 22.45, 21.97, 22.31]
['2017-06-22', 22.31, 22.4, 21.88, 22.07]
['2017-06-23', 22.12, 22.31, 21.93, 22.16]
['2017-06-26', 22.16, 22.59, 22.09, 22.4]
['2017-06-27', 22.4, 22.64, 22.12, 22.12]
['2017-06-28', 22.26, 22.59, 22.02, 22.5]
['2017-06-29', 22.83, 23.14, 22.5, 23.12]
['2017-06-30', 23.31, 23.31, 22.74, 23.07]
['2017-07-03', 23.12, 23.88, 23.12, 23.74]
['2017-07-05', 23.74, 23.74, 23.07, 23.5]
['2017-07-06', 23.4, 23.4, 22.64, 22.69]
['2017-07-07', 22.83, 22.83, 22.36, 22.64]
['2017-07-10', 22.64, 22.93, 22.4, 22.45]
['2017-07-11', 22.55, 22.74, 22.31, 22.64]
['2017-07-12', 22.55, 23.12, 22.55, 22.83]
['2017-07-13', 22.93, 23.02, 22.5, 22.59]
['2017-07-14', 22.36, 22.64, 22.07, 22.4]
['2017-07-17', 22.36, 22.5, 22.02, 22.31]
['2017-07-18', 22.21, 22.4, 21.97, 22.26]
['2017-07-19', 22.21, 22.59, 22.21, 22.4]
['2017-07-20', 22.4, 22.64, 22.16, 22.4]
['2017-07-21', 22.59, 22.59, 21.97, 22.4]
['2017-07-24', 24.6, 24.73, 22.97, 23.36]
['2017-07-25', 23.74, 23.74, 22.83, 23.31]
['2017-07-26', 23.4, 23.5, 22.9, 22.97]
['2017-07-27', 22.97, 23.36, 22.78, 22.93]
['2017-07-28', 22.88, 22.97, 22.64, 22.78]
['2017-07-31', 22.78, 22.88, 22.62, 22.69]
['2017-08-01', 22.88, 23.02, 22.64, 22.74]
['2017-08-02', 22.78, 22.95, 22.59, 22.69]
['2017-08-03', 22.59, 22.74, 22.45, 22.59]
['2017-08-04', 22.74, 23.07, 22.64, 22.83]
['2017-08-07', 22.83, 22.83, 22.59, 22.69]
['2017-08-08', 22.64, 23.12, 22.55, 22.59]
['2017-08-09', 22.45, 22.69, 22.31, 22.5]
['2017-08-10', 22.4, 22.4, 21.83, 21.93]
['2017-08-11', 21.97, 22.07, 21.5, 21.97]
['2017-08-14', 22.12, 22.4, 21.88, 22.36]
['2017-08-15', 22.5, 22.64, 21.97, 21.97]
['2017-08-16', 22.07, 22.45, 21.88, 21.93]
['2017-08-17', 21.93, 22.02, 21.16, 21.21]
['2017-08-18', 21.07, 21.35, 20.97, 21.26]
['2017-08-21', 21.16, 21.26, 20.88, 21.12]
['2017-08-22', 21.21, 21.54, 21.16, 21.5]
['2017-08-23', 21.21, 21.59, 21.21, 21.4]
['2017-08-24', 21.5, 21.59, 21.16, 21.35]
['2017-08-25', 21.5, 21.93, 21.31, 21.88]
['2017-08-28', 21.93, 21.93, 21.5, 21.59]
['2017-08-29', 21.4, 21.5, 21.12, 21.31]
['2017-08-30', 21.31, 21.45, 21.16, 21.26]
['2017-08-31', 21.4, 21.69, 21.26, 21.35]
['2017-09-01', 21.4, 21.81, 21.31, 21.69]
['2017-09-05', 21.59, 21.64, 20.59, 20.69]
['2017-09-06', 20.78, 21.02, 20.69, 20.78]
['2017-09-07', 20.83, 20.83, 20.14, 20.26]
['2017-09-08', 20.21, 20.59, 20.16, 20.21]
['2017-09-11', 20.4, 21.07, 20.4, 20.97]
['2017-09-12', 21.12, 21.64, 21.12, 21.64]
['2017-09-13', 21.59, 21.64, 21.35, 21.64]
['2017-09-14', 21.59, 21.64, 20.08, 21.16]
['2017-09-15', 21.07, 21.07, 20.78, 20.88]
['2017-09-18', 21.02, 21.45, 21.02, 21.4]
['2017-09-19', 21.45, 21.59, 21.31, 21.4]
['2017-09-20', 21.45, 22.02, 21.4, 21.83]
['2017-09-21', 21.78, 22.16, 21.78, 22.12]
['2017-09-22', 22.02, 22.16, 21.83, 22.12]
['2017-09-25', 22.07, 22.26, 21.69, 22.02]
['2017-09-26', 22.07, 22.36, 21.97, 22.26]
['2017-09-27', 22.55, 22.88, 22.26, 22.88]
['2017-09-28', 22.78, 23.07, 22.55, 22.88]
['2017-09-29', 22.83, 23.07, 22.78, 22.88]
['2017-10-02', 22.88, 23.33, 22.78, 23.12]
['2017-10-03', 23.21, 23.21, 22.95, 23.17]
['2017-10-04', 23.17, 23.26, 22.78, 22.83]
['2017-10-05', 22.88, 23.36, 22.59, 23.17]
['2017-10-06', 23.21, 23.36, 22.78, 23.26]
['2017-10-09', 23.31, 23.33, 22.93, 23.02]
['2017-10-10', 23.07, 23.45, 23.02, 23.21]
['2017-10-11', 23.07, 23.36, 22.95, 23.12]
['2017-10-12', 23.17, 23.26, 22.88, 23.07]
['2017-10-13', 22.93, 23.12, 22.69, 22.83]
['2017-10-16', 22.88, 23.24, 22.88, 23.12]
['2017-10-17', 23.07, 23.4, 22.97, 23.02]
['2017-10-18', 23.17, 23.36, 23.07, 23.21]
['2017-10-19', 23.02, 23.5, 22.97, 23.31]
['2017-10-20', 23.55, 23.59, 22.88, 23.02]
['2017-10-23', 23.79, 24.6, 23.26, 23.74]
['2017-10-24', 23.93, 24.74, 23.93, 24.4]
['2017-10-25', 24.45, 24.6, 23.93, 24.4]
['2017-10-26', 24.4, 24.6, 23.84, 24.52]
['2017-10-27', 24.6, 25.07, 24.26, 24.83]
['2017-10-30', 24.6, 24.81, 24.07, 24.31]
['2017-10-31', 24.4, 24.83, 24.31, 24.69]
['2017-11-01', 24.74, 24.93, 24.21, 24.64]
['2017-11-02', 24.6, 24.93, 24.36, 24.88]
['2017-11-03', 24.83, 24.88, 24.5, 24.69]
['2017-11-06', 24.6, 24.83, 24.43, 24.74]
['2017-11-07', 24.64, 24.74, 23.79, 23.83]
['2017-11-08', 23.69, 23.88, 23.31, 23.74]
['2017-11-09', 23.69, 23.83, 23.12, 23.31]
['2017-11-10', 23.45, 23.88, 23.36, 23.64]
['2017-11-13', 23.5, 24.17, 23.21, 23.83]
['2017-11-14', 23.59, 23.79, 23.4, 23.5]
['2017-11-15', 23.4, 24.12, 23.4, 23.88]
['2017-11-16', 23.98, 24.36, 23.88, 24.21]
['2017-11-17', 23.98, 24.4, 23.36, 24.17]
['2017-11-20', 24.12, 24.69, 24.07, 24.6]
['2017-11-21', 24.74, 24.79, 24.45, 24.55]
['2017-11-22', 24.64, 24.95, 24.62, 24.69]
['2017-11-24', 24.74, 24.98, 24.55, 24.69]
['2017-11-27', 24.69, 25.02, 24.69, 24.74]
['2017-11-28', 24.74, 25.74, 24.62, 25.74]
['2017-11-29', 25.83, 26.53, 25.17, 26.5]
['2017-11-30', 26.65, 26.69, 26.36, 26.6]
['2017-12-01', 26.65, 26.79, 25.31, 26.5]
['2017-12-04', 26.98, 27.43, 26.31, 26.41]
['2017-12-05', 26.41, 26.41, 25.81, 25.88]
['2017-12-06', 25.83, 26.07, 25.76, 25.79]
['2017-12-07', 25.74, 26.22, 24.1, 25.83]
['2017-12-08', 26.07, 26.36, 25.45, 25.83]
['2017-12-11', 25.79, 25.91, 25.62, 25.79]
['2017-12-12', 25.88, 26.45, 25.76, 26.31]
['2017-12-13', 26.36, 26.6, 25.13, 26.12]
['2017-12-14', 26.31, 26.31, 25.41, 25.55]
['2017-12-15', 25.6, 26.79, 25.6, 26.41]
['2017-12-18', 26.6, 27.08, 26.45, 26.84]
['2017-12-19', 26.98, 27.12, 26.31, 26.36]
['2017-12-20', 26.55, 26.55, 26.07, 26.17]
['2017-12-21', 26.31, 27.07, 26.22, 27.07]
['2017-12-22', 27.12, 27.12, 26.6, 26.88]
['2017-12-26', 26.88, 27.07, 26.17, 26.22]
['2017-12-27', 26.31, 26.41, 26.07, 26.17]
['2017-12-28', 26.31, 26.41, 26.12, 26.36]
['2017-12-29', 26.41, 26.41, 25.93, 26.03]
['2018-01-02', 25.88, 26.17, 25.79, 26.12]
['2018-01-03', 26.17, 26.22, 25.55, 25.79]
['2018-01-04', 25.93, 26.79, 25.93, 26.07]
['2018-01-05', 26.26, 26.65, 26.17, 26.5]
['2018-01-08', 26.41, 26.65, 25.98, 26.45]
['2018-01-09', 26.55, 27.26, 26.45, 26.93]
['2018-01-10', 26.98, 27.55, 26.69, 27.22]
['2018-01-11', 27.22, 27.6, 27.22, 27.5]
['2018-01-12', 27.65, 27.98, 27.36, 27.84]
['2018-01-16', 28.08, 28.5, 27.29, 27.36]
['2018-01-17', 27.55, 27.84, 27.22, 27.84]
['2018-01-18', 27.74, 27.84, 27.26, 27.31]
['2018-01-19', 27.26, 27.6, 27.26, 27.36]
['2018-01-22', 22.88, 27.55, 22.88, 27.55]
['2018-01-23', 26.84, 27.31, 26.14, 26.84]
['2018-01-24', 26.88, 26.88, 26.21, 26.6]
['2018-01-25', 26.79, 26.84, 26.07, 26.74]
['2018-01-26', 26.84, 26.98, 25.93, 25.98]
['2018-01-29', 26.12, 26.45, 25.98, 26.31]
['2018-01-30', 26.03, 26.38, 25.64, 26.03]
['2018-01-31', 26.17, 26.26, 25.88, 25.93]
['2018-02-01', 25.93, 26.84, 25.83, 26.84]
['2018-02-02', 26.7, 27.03, 26.26, 26.6]
['2018-02-05', 26.17, 26.65, 25.74, 25.74]
['2018-02-06', 25.12, 26.07, 25.07, 25.93]
['2018-02-07', 25.83, 26.26, 25.59, 26.07]
['2018-02-08', 26.12, 26.15, 25.55, 25.55]
['2018-02-09', 25.79, 26.03, 25.5, 25.88]
['2018-02-12', 25.98, 26.5, 25.83, 26.26]
['2018-02-13', 26.03, 26.6, 25.98, 26.41]
['2018-02-14', 26.22, 27.22, 25.93, 27.17]
['2018-02-15', 27.27, 27.27, 26.79, 27.03]
['2018-02-16', 26.89, 27.6, 26.89, 27.32]
['2018-02-20', 27.32, 27.37, 26.74, 26.79]
['2018-02-21', 26.84, 27.51, 26.84, 27.41]
['2018-02-22', 27.46, 27.7, 27.22, 27.27]
['2018-02-23', 27.32, 27.56, 27.17, 27.51]
['2018-02-26', 27.51, 27.7, 27.27, 27.6]
['2018-02-27', 27.65, 28.08, 27.08, 27.17]
['2018-02-28', 27.32, 27.56, 26.79, 26.84]
['2018-03-01', 26.79, 27.32, 26.5, 27.03]
['2018-03-02', 26.89, 27.75, 26.74, 27.65]
['2018-03-05', 27.37, 27.84, 27.08, 27.65]
['2018-03-06', 27.75, 28.13, 27.44, 28.08]
['2018-03-07', 27.89, 28.32, 27.89, 28.08]
['2018-03-08', 28.13, 28.3, 27.32, 27.6]
['2018-03-09', 27.84, 28.08, 27.56, 27.99]
['2018-03-12', 28.03, 28.27, 27.92, 28.08]
['2018-03-13', 28.23, 28.27, 27.94, 28.03]
['2018-03-14', 28.13, 28.27, 27.8, 27.94]
['2018-03-15', 27.94, 28.39, 27.84, 28.32]
['2018-03-16', 28.42, 28.7, 28.13, 28.37]
['2018-03-19', 28.23, 29.61, 27.89, 28.13]
['2018-03-20', 28.37, 28.37, 27.8, 27.84]
['2018-03-21', 27.8, 27.89, 27.51, 27.65]
['2018-03-22', 27.46, 28.37, 26.84, 27.03]
['2018-03-23', 27.03, 27.03, 26.12, 26.26]
['2018-03-26', 26.65, 27.03, 26.41, 26.98]
['2018-03-27', 27.03, 27.32, 26.55, 26.7]
['2018-03-28', 26.7, 26.89, 26.46, 26.7]
['2018-03-29', 26.74, 27.13, 26.67, 26.79]
['2018-04-02', 26.7, 27.03, 26.26, 26.55]
['2018-04-03', 26.74, 26.98, 26.46, 26.93]
['2018-04-04', 26.55, 27.46, 26.55, 27.32]
['2018-04-05', 27.41, 27.8, 27.13, 27.6]
['2018-04-06', 27.27, 27.51, 26.41, 26.65]
['2018-04-09', 26.74, 26.93, 26.12, 26.22]
['2018-04-10', 26.46, 27.08, 26.31, 26.79]
['2018-04-11', 26.7, 26.93, 26.55, 26.74]
['2018-04-12', 26.98, 27.51, 26.93, 27.32]
['2018-04-13', 27.46, 27.46, 26.93, 27.08]
['2018-04-16', 27.17, 27.27, 26.89, 27.13]
['2018-04-17', 27.22, 27.46, 26.7, 26.74]
['2018-04-18', 26.79, 27.03, 26.36, 26.41]
['2018-04-19', 26.41, 27.17, 26.41, 26.98]
['2018-04-20', 26.93, 27.37, 26.89, 26.98]
['2018-04-23', 27.08, 27.63, 26.41, 27.6]
['2018-04-24', 27.6, 27.8, 27.22, 27.37]
['2018-04-25', 27.22, 27.44, 26.89, 27.08]
['2018-04-26', 27.27, 27.32, 26.98, 27.13]
['2018-04-27', 27.22, 27.46, 27.13, 27.37]
['2018-04-30', 27.51, 27.56, 26.91, 26.98]
['2018-05-01', 26.89, 26.96, 26.5, 26.84]
['2018-05-02', 26.9, 27.14, 26.7, 26.8]
['2018-05-03', 26.75, 26.85, 26.42, 26.61]
['2018-05-04', 26.56, 27.33, 26.42, 27.14]
['2018-05-07', 27.18, 27.42, 26.85, 27.28]
['2018-05-08', 27.23, 27.66, 27.23, 27.62]
['2018-05-09', 27.66, 28.0, 27.47, 27.86]
['2018-05-10', 27.91, 27.91, 27.47, 27.76]
['2018-05-11', 27.76, 28.0, 27.71, 27.95]
['2018-05-14', 27.95, 28.1, 27.33, 27.38]
['2018-05-15', 27.28, 27.86, 27.28, 27.62]
['2018-05-16', 27.66, 28.0, 27.52, 27.81]
['2018-05-17', 27.91, 28.05, 27.66, 27.91]
['2018-05-18', 28.1, 28.1, 27.57, 27.71]
['2018-05-21', 27.76, 28.0, 27.71, 27.95]
['2018-05-22', 28.05, 28.34, 27.88, 27.91]
['2018-05-23', 27.95, 28.24, 27.83, 27.95]
['2018-05-24', 27.91, 28.15, 27.57, 27.66]
['2018-05-25', 27.71, 28.34, 27.66, 28.24]
['2018-05-29', 28.0, 28.27, 27.78, 28.15]
['2018-05-30', 28.29, 28.72, 28.29, 28.58]
['2018-05-31', 28.53, 28.67, 28.29, 28.43]
['2018-06-01', 28.53, 28.87, 28.24, 28.39]
['2018-06-04', 28.43, 28.77, 28.24, 28.67]
['2018-06-05', 28.63, 28.82, 28.43, 28.58]
['2018-06-06', 28.58, 28.87, 28.39, 28.77]
['2018-06-07', 28.91, 29.2, 28.82, 29.15]
['2018-06-08', 29.15, 29.25, 28.91, 29.2]
['2018-06-11', 29.15, 29.39, 28.63, 28.63]
['2018-06-12', 28.58, 28.58, 28.0, 28.15]
['2018-06-13', 28.15, 28.34, 27.81, 27.91]
['2018-06-14', 28.05, 28.17, 27.47, 28.15]
['2018-06-15', 28.05, 28.29, 27.57, 28.15]
['2018-06-18', 27.86, 28.48, 27.42, 28.0]
['2018-06-19', 27.95, 28.63, 27.81, 28.43]
['2018-06-20', 28.63, 28.72, 28.48, 28.58]
['2018-06-21', 28.63, 28.87, 28.34, 28.39]
['2018-06-22', 28.43, 28.63, 27.81, 27.95]
['2018-06-25', 27.86, 28.34, 27.71, 28.0]
['2018-06-26', 28.05, 28.19, 27.66, 28.0]
['2018-06-27', 27.91, 28.0, 27.18, 27.38]
['2018-06-28', 27.52, 27.95, 27.52, 27.91]
['2018-06-29', 28.05, 28.15, 27.52, 27.57]
['2018-07-02', 27.57, 28.19, 27.47, 28.15]
['2018-07-03', 28.19, 28.43, 28.19, 28.19]
['2018-07-05', 28.43, 29.49, 28.24, 28.58]
['2018-07-06', 28.53, 28.87, 28.39, 28.65]
['2018-07-09', 28.72, 29.2, 28.72, 29.11]
['2018-07-10', 29.11, 29.25, 28.7, 29.01]
['2018-07-11', 28.82, 29.2, 28.82, 28.96]
['2018-07-12', 29.11, 29.11, 28.1, 28.24]
['2018-07-13', 28.29, 28.39, 27.81, 27.81]
['2018-07-16', 27.81, 28.1, 27.76, 28.05]
['2018-07-17', 28.1, 28.29, 27.91, 28.05]
['2018-07-18', 27.95, 28.39, 27.95, 28.34]
['2018-07-19', 28.39, 28.72, 28.19, 28.63]
['2018-07-20', 28.58, 28.63, 28.29, 28.48]
['2018-07-23', 28.48, 28.82, 26.61, 27.33]
['2018-07-24', 26.85, 27.38, 26.75, 26.94]
['2018-07-25', 26.7, 26.75, 26.06, 26.37]
['2018-07-26', 26.32, 27.09, 26.32, 26.99]
['2018-07-27', 26.94, 27.14, 26.46, 26.8]
['2018-07-30', 26.75, 27.62, 26.75, 27.14]
['2018-07-31', 27.09, 27.28, 26.66, 27.18]
['2018-08-01', 27.24, 27.51, 27.1, 27.34]
['2018-08-02', 27.24, 27.66, 27.24, 27.58]
['2018-08-03', 27.53, 27.68, 27.19, 27.24]
['2018-08-06', 27.24, 27.53, 27.19, 27.39]
['2018-08-07', 27.44, 27.6, 27.24, 27.34]
['2018-08-08', 27.29, 27.53, 27.19, 27.48]
['2018-08-09', 27.48, 27.58, 27.24, 27.48]
['2018-08-10', 27.29, 27.53, 27.15, 27.44]
['2018-08-13', 27.31, 27.53, 27.15, 27.44]
['2018-08-14', 27.48, 27.99, 27.48, 27.68]
['2018-08-15', 27.58, 27.77, 27.24, 27.39]
['2018-08-16', 27.44, 27.58, 27.34, 27.53]
['2018-08-17', 27.44, 27.92, 27.39, 27.63]
['2018-08-20', 27.58, 27.87, 27.1, 27.53]
['2018-08-21', 27.53, 28.06, 27.39, 28.01]
['2018-08-22', 27.97, 27.97, 27.77, 27.87]
['2018-08-23', 27.82, 27.85, 27.31, 27.39]
['2018-08-24', 27.39, 27.48, 27.0, 27.29]
['2018-08-27', 27.34, 27.58, 27.05, 27.1]
['2018-08-28', 27.19, 27.44, 26.81, 26.95]
['2018-08-29', 27.0, 27.03, 26.66, 26.95]
['2018-08-30', 26.9, 27.34, 26.86, 27.1]
['2018-08-31', 26.95, 27.39, 26.95, 27.34]
['2018-09-04', 27.29, 27.92, 27.24, 27.48]
['2018-09-05', 27.44, 27.48, 27.05, 27.1]
['2018-09-06', 27.05, 27.17, 26.86, 26.86]
['2018-09-07', 26.81, 27.24, 26.71, 27.24]
['2018-09-10', 27.24, 27.82, 27.19, 27.77]
['2018-09-11', 27.68, 27.92, 27.56, 27.68]
['2018-09-12', 27.72, 27.72, 26.95, 27.34]
['2018-09-13', 27.39, 27.53, 27.0, 27.1]
['2018-09-14', 26.95, 27.77, 26.95, 27.39]
['2018-09-17', 27.39, 27.46, 27.1, 27.15]
['2018-09-18', 27.1, 27.63, 27.05, 27.48]
['2018-09-19', 27.44, 28.11, 27.44, 27.87]
['2018-09-20', 27.97, 28.45, 27.41, 28.4]
['2018-09-21', 28.35, 28.4, 27.58, 27.97]
['2018-09-24', 27.92, 28.26, 27.15, 27.29]
['2018-09-25', 27.34, 27.39, 26.71, 27.0]
['2018-09-26', 26.95, 27.07, 26.57, 26.62]
['2018-09-27', 26.57, 26.76, 26.23, 26.47]
['2018-09-28', 26.37, 26.57, 26.23, 26.42]
['2018-10-01', 26.5, 26.66, 25.71, 25.8]
['2018-10-02', 25.71, 26.01, 25.4, 25.63]
['2018-10-03', 25.69, 26.22, 25.49, 25.97]
['2018-10-04', 25.96, 26.43, 25.96, 26.15]
['2018-10-05', 26.2, 26.51, 25.81, 25.94]
['2018-10-08', 25.88, 26.21, 25.7, 26.17]
['2018-10-09', 26.16, 26.39, 26.04, 26.18]
['2018-10-10', 26.1, 26.47, 26.08, 26.12]
['2018-10-11', 26.05, 26.16, 25.39, 25.39]
['2018-10-12', 25.55, 26.3, 24.14, 24.7]
['2018-10-15', 24.71, 25.19, 24.51, 25.05]
['2018-10-16', 25.13, 25.8, 24.76, 25.16]
['2018-10-17', 25.07, 25.44, 24.65, 25.27]
['2018-10-18', 25.19, 25.71, 24.49, 24.53]
['2018-10-19', 24.4, 24.77, 23.92, 23.96]
['2018-10-22', 21.34, 22.27, 18.59, 18.8]
['2018-10-23', 18.46, 19.06, 18.19, 18.9]
['2018-10-24', 18.82, 18.91, 17.83, 17.86]
['2018-10-25', 17.91, 18.51, 17.91, 18.25]
['2018-10-26', 18.03, 18.42, 18.03, 18.33]
['2018-10-29', 18.5, 19.09, 18.19, 18.38]
['2018-10-30', 18.43, 18.72, 18.24, 18.5]
['2018-10-31', 18.68, 18.83, 18.4, 18.42]
['2018-11-01', 18.42, 19.12, 18.34, 19.1]
['2018-11-02', 19.15, 19.4, 19.08, 19.17]
['2018-11-05', 19.18, 19.46, 18.96, 19.35]
['2018-11-06', 19.36, 19.79, 19.11, 19.59]
['2018-11-07', 19.64, 20.0, 19.3, 19.82]
['2018-11-08', 19.74, 20.26, 19.74, 20.04]
['2018-11-09', 19.99, 20.26, 19.62, 20.06]
['2018-11-12', 20.04, 20.04, 19.61, 19.65]
['2018-11-13', 19.4, 20.1, 19.33, 19.43]
['2018-11-14', 19.56, 20.07, 18.82, 19.03]
['2018-11-15', 19.0, 19.58, 18.96, 19.49]
['2018-11-16', 19.36, 19.68, 19.07, 19.47]
['2018-11-19', 19.48, 19.99, 19.12, 19.81]
['2018-11-20', 19.67, 19.82, 19.3, 19.52]
['2018-11-21', 19.53, 19.91, 19.2, 19.25]
['2018-11-23', 19.2, 19.69, 19.17, 19.5]
['2018-11-26', 19.69, 20.15, 19.68, 19.84]
['2018-11-27', 19.65, 20.88, 19.57, 20.35]
['2018-11-28', 20.5, 20.81, 19.94, 20.8]
['2018-11-29', 20.69, 20.86, 20.31, 20.59]
['2018-11-30', 20.45, 21.06, 20.45, 20.95]
['2018-12-03', 21.24, 21.24, 20.45, 20.69]
['2018-12-04', 20.57, 20.57, 19.58, 19.76]
['2018-12-06', 19.45, 19.82, 19.17, 19.54]
['2018-12-07', 19.52, 19.7, 18.99, 19.09]
['2018-12-10', 19.1, 19.31, 18.8, 19.21]
['2018-12-11', 19.4, 19.45, 18.89, 18.99]
['2018-12-12', 19.14, 19.66, 18.85, 19.41]
['2018-12-13', 19.4, 19.4, 18.77, 18.79]
['2018-12-14', 18.64, 18.92, 18.43, 18.56]
['2018-12-17', 18.55, 19.03, 18.29, 18.32]
['2018-12-18', 18.45, 18.81, 18.18, 18.25]
['2018-12-19', 18.25, 18.53, 17.63, 17.71]
['2018-12-20', 17.59, 18.15, 17.39, 17.56]
['2018-12-21', 17.67, 18.09, 17.38, 17.48]
['2018-12-24', 17.37, 18.32, 17.37, 17.42]
['2018-12-26', 17.48, 18.41, 17.25, 18.37]
['2018-12-27', 18.04, 18.5, 17.94, 18.5]
['2018-12-28', 18.54, 19.15, 18.51, 18.9]
['2018-12-31', 18.91, 19.0, 18.52, 19.0]
['2019-01-02', 18.71, 19.42, 18.66, 19.07]
['2019-01-03', 18.97, 19.52, 18.89, 19.15]
['2019-01-04', 19.39, 19.79, 19.16, 19.64]
['2019-01-07', 19.6, 20.14, 19.6, 19.88]
['2019-01-08', 20.14, 20.14, 19.65, 19.94]
['2019-01-09', 19.93, 19.98, 19.63, 19.79]
['2019-01-10', 19.73, 19.98, 19.64, 19.88]
['2019-01-11', 19.81, 19.83, 19.28, 19.44]
['2019-01-14', 19.35, 19.82, 19.3, 19.51]
['2019-01-15', 19.51, 19.51, 19.15, 19.44]
['2019-01-16', 19.53, 20.34, 19.45, 20.33]
['2019-01-17', 20.25, 20.5, 20.08, 20.36]
['2019-01-18', 20.42, 20.97, 20.42, 20.97]
['2019-01-22', 20.9, 20.96, 20.49, 20.59]
['2019-01-23', 20.64, 21.08, 20.33, 20.45]
['2019-01-24', 20.44, 20.79, 20.09, 20.34]
['2019-01-25', 20.44, 20.71, 20.25, 20.27]
['2019-01-28', 20.22, 21.81, 19.78, 21.3]
['2019-01-29', 21.1, 21.37, 20.9, 21.09]
['2019-01-30', 21.18, 21.18, 20.46, 20.51]
['2019-01-31', 20.35, 20.41, 19.86, 20.27]
['2019-02-01', 20.4, 20.48, 20.09, 20.12]
['2019-02-04', 20.14, 20.53, 20.09, 20.53]
['2019-02-05', 20.68, 20.73, 20.33, 20.65]
['2019-02-06', 20.58, 20.95, 20.58, 20.82]
['2019-02-07', 20.96, 21.5, 20.8, 20.97]
['2019-02-08', 20.85, 20.93, 20.68, 20.82]
['2019-02-11', 20.83, 21.19, 20.75, 21.18]
['2019-02-12', 21.26, 21.5, 21.09, 21.14]
['2019-02-13', 21.14, 21.36, 20.96, 21.25]
['2019-02-14', 21.18, 21.48, 20.95, 21.14]
['2019-02-15', 21.28, 21.56, 21.28, 21.48]
['2019-02-19', 21.41, 21.74, 21.41, 21.62]
['2019-02-20', 21.57, 22.17, 21.52, 22.02]
['2019-02-21', 22.03, 22.05, 21.61, 21.76]
['2019-02-22', 21.75, 21.97, 21.63, 21.91]
['2019-02-25', 22.13, 22.36, 22.03, 22.14]
['2019-02-26', 22.1, 22.28, 21.8, 21.86]
['2019-02-27', 21.85, 22.18, 21.76, 22.18]
['2019-02-28', 22.13, 22.27, 22.08, 22.2]
['2019-03-01', 22.32, 22.6, 22.08, 22.25]
['2019-03-04', 22.3, 22.45, 22.13, 22.25]
['2019-03-05', 22.19, 22.52, 21.95, 22.24]
['2019-03-06', 22.15, 22.28, 21.37, 21.37]
['2019-03-07', 21.32, 21.32, 20.52, 20.57]
['2019-03-08', 20.46, 20.66, 20.42, 20.57]
['2019-03-11', 20.61, 20.69, 20.46, 20.52]
['2019-03-12', 20.47, 20.72, 20.41, 20.46]
['2019-03-13', 20.61, 20.82, 20.61, 20.76]
['2019-03-14', 20.78, 20.98, 20.73, 20.82]
['2019-03-15', 20.82, 21.39, 20.81, 21.12]
['2019-03-18', 21.2, 21.47, 20.96, 21.1]
['2019-03-19', 21.16, 21.55, 20.77, 20.77]
['2019-03-20', 20.7, 20.79, 20.13, 20.16]
['2019-03-21', 20.02, 20.34, 19.73, 19.8]
['2019-03-22', 19.59, 19.78, 18.73, 18.73]
['2019-03-25', 18.73, 19.13, 18.55, 18.88]
['2019-03-26', 18.94, 19.38, 18.94, 19.05]
['2019-03-27', 19.04, 19.45, 18.88, 19.31]
['2019-03-28', 19.21, 19.53, 19.08, 19.37]
['2019-03-29', 19.43, 19.58, 19.05, 19.3]
['2019-04-01', 19.52, 20.03, 19.45, 19.87]
['2019-04-02', 19.87, 20.37, 19.74, 20.27]
['2019-04-03', 20.45, 20.58, 20.15, 20.25]
['2019-04-04', 20.26, 20.61, 20.26, 20.42]
['2019-04-05', 20.4, 20.6, 20.26, 20.6]
['2019-04-08', 20.59, 20.7, 20.22, 20.26]
['2019-04-09', 20.16, 20.33, 19.91, 19.97]
['2019-04-10', 20.01, 20.26, 19.78, 20.22]
['2019-04-11', 20.32, 20.5, 20.02, 20.4]
['2019-04-12', 20.56, 20.94, 20.38, 20.86]
['2019-04-15', 20.93, 20.93, 20.44, 20.56]
['2019-04-16', 20.61, 21.14, 20.56, 21.1]
['2019-04-17', 21.19, 21.26, 20.88, 21.23]
['2019-04-18', 21.11, 21.13, 20.7, 20.76]
['2019-04-22', 20.73, 20.76, 20.43, 20.55]
['2019-04-23', 20.53, 20.98, 20.47, 20.9]
['2019-04-24', 20.74, 21.01, 20.64, 20.82]
['2019-04-25', 20.82, 21.06, 20.6, 20.98]
['2019-04-26', 20.97, 21.33, 20.82, 21.26]
['2019-04-29', 21.44, 22.45, 21.15, 21.41]
['2019-04-30', 22.39, 22.39, 21.27, 21.32]
['2019-05-01', 21.2, 22.11, 20.53, 21.48]
['2019-05-02', 21.35, 21.97, 21.2, 21.28]
['2019-05-03', 21.4, 21.79, 21.28, 21.71]
['2019-05-06', 21.28, 21.54, 21.22, 21.48]
['2019-05-07', 21.21, 21.69, 21.11, 21.48]
['2019-05-08', 21.46, 21.59, 21.23, 21.24]
['2019-05-09', 21.16, 21.31, 21.01, 21.27]
['2019-05-10', 21.19, 21.19, 20.85, 21.06]
['2019-05-13', 20.7, 20.76, 20.33, 20.42]
['2019-05-14', 20.44, 20.92, 20.41, 20.84]
['2019-05-15', 20.68, 20.68, 20.4, 20.57]
['2019-05-16', 20.64, 20.92, 20.64, 20.79]
['2019-05-17', 20.72, 21.08, 20.69, 20.78]
['2019-05-20', 20.74, 21.06, 20.69, 20.73]
['2019-05-21', 20.8, 20.92, 20.67, 20.85]
['2019-05-22', 20.8, 20.86, 20.57, 20.67]
['2019-05-23', 20.46, 20.46, 19.95, 20.24]
['2019-05-24', 20.36, 20.48, 20.3, 20.39]
['2019-05-28', 20.33, 20.34, 20.11, 20.12]
['2019-05-29', 19.99, 20.59, 19.99, 20.47]
['2019-05-30', 20.46, 20.53, 19.91, 20.13]
['2019-05-31', 19.86, 19.91, 19.64, 19.67]
['2019-06-03', 19.59, 20.17, 19.5, 19.59]
['2019-06-04', 19.83, 20.05, 19.79, 20.05]
['2019-06-05', 20.02, 20.11, 19.7, 20.0]
['2019-06-06', 19.93, 19.98, 19.53, 19.81]
['2019-06-07', 19.8, 20.16, 19.48, 19.88]
['2019-06-10', 20.0, 20.43, 20.0, 20.34]
['2019-06-11', 20.44, 20.55, 20.23, 20.27]
['2019-06-12', 20.25, 20.4, 20.2, 20.22]
['2019-06-13', 20.32, 20.52, 20.23, 20.34]
['2019-06-14', 20.3, 20.48, 20.14, 20.35]
['2019-06-17', 20.35, 20.41, 20.25, 20.34]
['2019-06-18', 20.36, 20.99, 20.32, 20.72]
['2019-06-19', 20.67, 21.04, 20.67, 20.84]
['2019-06-20', 20.89, 20.92, 20.49, 20.74]
['2019-06-21', 20.64, 20.84, 20.4, 20.56]
['2019-06-24', 20.48, 20.75, 20.09, 20.1]
['2019-06-25', 20.13, 20.6, 19.99, 20.48]
['2019-06-26', 20.57, 20.82, 20.49, 20.68]
['2019-06-27', 20.63, 20.97, 20.6, 20.75]
['2019-06-28', 20.85, 20.85, 20.5, 20.68]
['2019-07-01', 20.92, 20.96, 20.63, 20.73]
['2019-07-02', 20.69, 20.77, 20.53, 20.65]
['2019-07-03', 20.64, 20.84, 20.59, 20.84]
['2019-07-05', 20.96, 21.09, 20.9, 21.03]
['2019-07-08', 20.79, 20.96, 20.7, 20.82]
['2019-07-09', 20.66, 20.91, 20.58, 20.63]
['2019-07-10', 20.67, 20.67, 20.28, 20.39]
['2019-07-11', 20.5, 20.62, 20.35, 20.56]
['2019-07-12', 20.54, 20.82, 20.52, 20.65]
['2019-07-15', 20.76, 20.76, 20.2, 20.33]
['2019-07-16', 20.28, 20.39, 20.19, 20.33]
['2019-07-17', 20.16, 20.4, 20.15, 20.29]
['2019-07-18', 20.32, 20.55, 20.27, 20.39]
['2019-07-19', 20.31, 20.64, 19.85, 20.56]
['2019-07-22', 20.52, 20.58, 20.28, 20.57]
['2019-07-23', 20.62, 20.82, 20.52, 20.8]
['2019-07-24', 20.78, 21.54, 20.78, 21.47]
['2019-07-25', 21.48, 21.71, 21.3, 21.37]
['2019-07-26', 21.4, 21.89, 21.4, 21.81]
['2019-07-29', 20.83, 22.55, 20.83, 21.84]
['2019-07-30', 21.68, 22.26, 21.68, 22.13]
['2019-07-31', 22.04, 22.22, 21.87, 21.96]
['2019-08-01', 21.89, 22.12, 21.22, 21.32]
['2019-08-02', 21.13, 21.24, 20.61, 20.92]
['2019-08-05', 20.56, 20.56, 19.72, 20.08]
['2019-08-06', 20.13, 20.33, 19.76, 20.27]
['2019-08-07', 19.89, 20.04, 17.67, 20.03]
['2019-08-08', 20.05, 20.63, 20.05, 20.5]
['2019-08-09', 21.08, 21.27, 20.34, 20.35]
['2019-08-12', 20.31, 20.37, 20.16, 20.33]
['2019-08-13', 20.3, 20.71, 20.3, 20.53]
['2019-08-14', 20.13, 20.29, 20.01, 20.12]
['2019-08-15', 20.16, 20.21, 19.8, 19.95]
['2019-08-16', 20.01, 20.48, 20.01, 20.23]
['2019-08-19', 20.56, 20.56, 20.34, 20.41]
['2019-08-20', 20.35, 20.41, 20.01, 20.13]
['2019-08-21', 20.3, 20.5, 20.18, 20.28]
['2019-08-22', 20.38, 20.83, 20.35, 20.62]
['2019-08-23', 20.55, 20.8, 19.92, 19.99]
['2019-08-26', 20.24, 20.27, 19.96, 20.25]
['2019-08-27', 20.36, 20.5, 19.79, 19.95]
['2019-08-28', 19.85, 20.24, 19.83, 19.88]
['2019-08-29', 20.03, 20.54, 20.03, 20.47]
['2019-08-30', 20.6, 20.61, 20.22, 20.45]
['2019-09-03', 20.29, 20.49, 19.95, 20.11]
['2019-09-04', 20.29, 20.37, 20.03, 20.12]
['2019-09-05', 20.35, 20.93, 20.35, 20.47]
['2019-09-06', 20.52, 20.6, 20.23, 20.27]
['2019-09-09', 20.41, 21.03, 20.39, 20.89]
['2019-09-10', 21.03, 21.3, 20.89, 21.14]
['2019-09-11', 21.18, 21.92, 21.0, 21.8]
['2019-09-12', 21.67, 22.1, 21.5, 21.98]
['2019-09-13', 22.02, 22.46, 22.02, 22.15]
['2019-09-16', 21.98, 22.24, 21.93, 22.15]
['2019-09-17', 21.96, 21.99, 21.54, 21.89]
['2019-09-18', 21.85, 21.99, 21.67, 21.84]
['2019-09-19', 21.89, 22.18, 21.62, 21.7]
['2019-09-20', 21.7, 22.0, 21.52, 21.52]
['2019-09-23', 21.38, 21.68, 21.24, 21.57]
['2019-09-24', 21.52, 21.61, 20.9, 20.95]
['2019-09-25', 21.12, 21.76, 21.08, 21.65]
['2019-09-26', 21.65, 21.77, 21.45, 21.48]
['2019-09-27', 21.57, 21.83, 21.42, 21.57]
['2019-09-30', 21.7, 21.7, 21.4, 21.44]
['2019-10-01', 21.55, 21.73, 20.79, 20.99]
['2019-10-02', 20.93, 21.51, 20.77, 21.44]
['2019-10-03', 21.34, 21.47, 20.68, 21.19]
['2019-10-04', 21.18, 21.76, 21.13, 21.72]
['2019-10-07', 21.56, 22.05, 21.56, 21.92]
['2019-10-08', 21.6, 21.67, 20.99, 21.19]
['2019-10-09', 21.19, 21.44, 21.13, 21.18]
['2019-10-10', 21.33, 21.48, 21.26, 21.3]
['2019-10-11', 21.58, 22.1, 21.51, 21.67]
['2019-10-14', 21.61, 21.86, 21.36, 21.81]
['2019-10-15', 21.89, 22.39, 21.82, 22.14]
['2019-10-16', 22.11, 22.66, 22.11, 22.4]
['2019-10-17', 22.5, 22.6, 20.4, 22.49]
['2019-10-18', 22.35, 23.02, 22.35, 22.82]
['2019-10-21', 23.14, 23.45, 23.12, 23.36]
['2019-10-22', 23.24, 23.76, 23.15, 23.62]
['2019-10-23', 23.6, 23.62, 23.39, 23.53]
['2019-10-24', 23.55, 23.66, 23.31, 23.62]
['2019-10-25', 23.59, 23.88, 23.3, 23.45]
['2019-10-28', 25.59, 25.59, 23.77, 24.44]
['2019-10-29', 24.4, 24.53, 24.25, 24.42]
['2019-10-30', 24.45, 24.83, 24.4, 24.69]
['2019-10-31', 24.48, 24.8, 24.25, 24.42]
['2019-11-01', 24.52, 24.72, 24.45, 24.7]
['2019-11-04', 24.87, 25.17, 24.77, 24.82]
['2019-11-05', 24.92, 25.29, 24.89, 25.11]
['2019-11-06', 24.98, 25.12, 24.82, 24.97]
['2019-11-07', 25.23, 25.48, 25.09, 25.38]
['2019-11-08', 25.46, 25.57, 25.06, 25.11]
['2019-11-11', 25.11, 25.3, 24.86, 25.24]
['2019-11-12', 25.31, 25.67, 25.2, 25.63]
['2019-11-13', 25.45, 25.51, 25.23, 25.46]
['2019-11-14', 25.44, 25.64, 25.37, 25.58]
['2019-11-15', 25.75, 25.98, 25.67, 25.7]
['2019-11-18', 25.72, 25.82, 25.41, 25.52]
['2019-11-19', 25.54, 25.78, 25.44, 25.69]
['2019-11-20', 25.59, 25.76, 25.37, 25.65]
['2019-11-21', 25.72, 25.72, 25.31, 25.51]
['2019-11-22', 25.57, 25.68, 25.34, 25.53]
['2019-11-25', 25.57, 25.75, 25.38, 25.63]
['2019-11-26', 25.54, 25.8, 25.32, 25.38]
['2019-11-27', 25.42, 25.51, 25.27, 25.38]
['2019-11-29', 25.27, 25.62, 25.12, 25.44]
['2019-12-02', 25.48, 25.8, 25.07, 25.1]
['2019-12-03', 24.84, 24.84, 24.49, 24.67]
['2019-12-04', 24.74, 24.99, 24.69, 24.78]
['2019-12-05', 24.88, 25.03, 24.76, 24.81]
['2019-12-06', 25.09, 25.29, 24.86, 25.12]
['2019-12-09', 24.97, 25.16, 24.94, 24.97]
['2019-12-10', 25.0, 25.23, 24.86, 25.12]
['2019-12-11', 25.21, 25.28, 24.96, 25.11]
['2019-12-12', 25.6, 26.16, 25.31, 26.07]
['2019-12-13', 25.94, 26.09, 25.45, 25.73]
['2019-12-16', 25.95, 26.17, 25.71, 25.92]
['2019-12-17', 25.96, 26.15, 25.82, 26.12]
['2019-12-18', 26.25, 26.42, 25.88, 26.1]
['2019-12-19', 26.12, 26.15, 25.93, 26.08]
['2019-12-20', 26.14, 26.26, 25.89, 26.15]
['2019-12-23', 26.17, 26.17, 25.92, 25.98]
['2019-12-24', 25.99, 26.07, 25.9, 26.01]
['2019-12-26', 26.01, 26.07, 25.79, 25.94]
['2019-12-27', 25.95, 26.08, 25.59, 25.71]
['2019-12-30', 25.72, 25.8, 25.53, 25.6]
['2019-12-31', 25.57, 25.7, 25.46, 25.59]
['2020-01-02', 25.71, 25.71, 25.19, 25.57]
['2020-01-03', 25.26, 25.46, 25.1, 25.39]
['2020-01-06', 25.13, 25.35, 24.96, 25.3]
['2020-01-07', 25.14, 25.36, 24.98, 25.24]
['2020-01-08', 25.23, 25.59, 25.18, 25.48]
['2020-01-09', 25.48, 25.57, 25.27, 25.38]
['2020-01-10', 25.26, 25.5, 24.89, 24.96]
['2020-01-13', 25.03, 25.34, 24.95, 25.32]
['2020-01-14', 25.35, 25.45, 25.03, 25.23]
['2020-01-15', 25.07, 25.22, 24.87, 25.02]
['2020-01-16', 25.22, 25.43, 25.12, 25.15]
['2020-01-17', 25.35, 25.35, 25.14, 25.21]
['2020-01-21', 25.01, 25.22, 24.98, 25.05]
['2020-01-22', 25.09, 25.14, 24.87, 25.03]
['2020-01-23', 24.89, 25.05, 24.76, 24.89]
['2020-01-24', 24.91, 24.91, 24.39, 24.53]
['2020-01-27', 25.71, 25.71, 24.83, 25.31]
['2020-01-28', 26.41, 26.6, 25.91, 26.17]
['2020-01-29', 26.17, 26.37, 25.89, 26.19]
['2020-01-30', 26.16, 26.8, 26.16, 26.73]
['2020-01-31', 26.53, 26.79, 26.32, 26.35]
['2020-02-03', 26.02, 26.26, 24.48, 26.19]
['2020-02-04', 26.5, 26.73, 26.25, 26.5]
['2020-02-05', 27.65, 27.75, 26.72, 27.35]
['2020-02-06', 27.23, 27.82, 27.2, 27.25]
['2020-02-07', 27.15, 27.48, 26.68, 26.72]
['2020-02-10', 26.67, 27.34, 26.5, 27.02]
['2020-02-11', 27.14, 27.83, 27.11, 27.26]
['2020-02-12', 27.37, 27.78, 27.21, 27.31]
['2020-02-13', 27.27, 27.86, 27.25, 27.75]
['2020-02-14', 27.76, 28.06, 27.56, 27.93]
['2020-02-18', 27.79, 28.18, 27.64, 27.69]
['2020-02-19', 27.74, 27.97, 27.55, 27.67]
['2020-02-20', 27.55, 27.84, 27.43, 27.56]
['2020-02-21', 27.52, 27.94, 27.33, 27.61]
['2020-02-24', 27.11, 27.12, 26.72, 26.82]
['2020-02-25', 27.15, 27.45, 25.66, 25.8]
['2020-02-26', 25.93, 26.47, 25.63, 25.78]
['2020-02-27', 25.37, 25.81, 24.34, 24.38]
['2020-02-28', 23.71, 24.14, 23.02, 23.51]
['2020-03-02', 23.51, 24.97, 23.29, 24.96]
['2020-03-03', 24.96, 25.2, 23.64, 23.86]
['2020-03-04', 24.18, 24.31, 23.43, 24.24]
['2020-03-05', 23.65, 23.71, 22.83, 23.14]
['2020-03-06', 22.26, 22.77, 21.66, 22.0]
['2020-03-09', 20.19, 20.47, 17.67, 17.71]
['2020-03-10', 18.44, 19.24, 17.86, 18.91]
['2020-03-11', 18.28, 18.42, 16.42, 16.74]
['2020-03-12', 15.35, 18.28, 14.91, 16.38]
['2020-03-13', 17.44, 18.28, 16.33, 18.15]
['2020-03-16', 15.14, 16.49, 14.81, 14.98]
['2020-03-17', 15.1, 16.61, 14.28, 16.61]
['2020-03-18', 15.36, 15.86, 14.15, 14.38]
['2020-03-19', 14.25, 16.51, 13.76, 16.3]
['2020-03-20', 16.35, 16.35, 14.4, 14.43]
['2020-03-23', 14.68, 14.68, 12.98, 13.97]
['2020-03-24', 14.89, 15.27, 14.32, 14.94]
['2020-03-25', 15.26, 15.66, 14.11, 14.91]
['2020-03-26', 15.06, 16.65, 15.06, 16.55]
['2020-03-27', 15.67, 16.53, 15.16, 15.73]
['2020-03-30', 15.8, 16.52, 15.19, 16.44]
['2020-03-31', 16.38, 17.36, 15.86, 17.22]
['2020-04-01', 16.36, 16.81, 15.39, 15.54]
['2020-04-02', 15.36, 16.38, 15.19, 15.92]
['2020-04-03', 15.9, 16.0, 13.88, 14.16]
['2020-04-06', 14.85, 15.2, 14.47, 14.91]
['2020-04-07', 15.36, 16.24, 15.3, 15.8]
['2020-04-08', 16.07, 16.27, 15.74, 16.12]
['2020-04-09', 16.61, 17.9, 16.44, 17.88]
['2020-04-13', 17.79, 17.79, 16.4, 16.73]
['2020-04-14', 17.22, 17.69, 16.1, 16.92]
['2020-04-15', 16.06, 16.95, 15.74, 15.84]
['2020-04-16', 15.8, 16.1, 14.62, 15.17]
['2020-04-17', 15.88, 16.8, 15.64, 16.59]
['2020-04-20', 15.98, 16.78, 15.66, 16.0]
['2020-04-21', 15.39, 15.91, 15.15, 15.77]
['2020-04-22', 16.28, 16.28, 15.3, 15.59]
['2020-04-23', 15.72, 16.4, 15.72, 16.16]
['2020-04-24', 16.24, 16.62, 15.76, 16.39]
['2020-04-27', 16.65, 18.02, 16.58, 17.64]
['2020-04-28', 18.33, 19.82, 18.33, 18.82]
['2020-04-29', 20.08, 21.35, 18.98, 19.15]
['2020-04-30', 18.63, 19.27, 17.97, 19.09]
['2020-05-01', 18.76, 18.76, 17.32, 17.77]
['2020-05-04', 17.54, 17.78, 17.06, 17.52]
['2020-05-05', 17.93, 18.31, 17.7, 17.73]
['2020-05-06', 17.85, 17.86, 16.5, 16.59]
['2020-05-07', 16.95, 17.69, 16.88, 17.32]
['2020-05-08', 17.82, 18.73, 17.82, 18.59]
['2020-05-11', 18.17, 18.27, 17.21, 17.25]
['2020-05-12', 17.24, 18.28, 15.99, 16.04]
['2020-05-13', 16.08, 16.08, 14.72, 15.28]
['2020-05-14', 14.82, 15.37, 14.14, 15.3]
['2020-05-15', 15.2, 15.51, 14.84, 15.17]
['2020-05-18', 16.0, 17.73, 16.0, 17.57]
['2020-05-19', 17.41, 17.57, 16.58, 16.58]
['2020-05-20', 17.07, 17.8, 17.07, 17.75]
['2020-05-21', 17.74, 18.04, 17.43, 17.49]
['2020-05-22', 17.7, 17.82, 17.2, 17.6]
