['2013-10-04', 28.66, 33.78, 28.12, 30.77]
['2013-10-07', 31.95, 33.57, 31.21, 32.4]
['2013-10-08', 33.5, 33.9, 30.0, 30.22]
['2013-10-09', 30.64, 31.35, 30.0, 30.66]
['2013-10-10', 31.49, 31.49, 29.12, 29.32]
['2013-10-11', 29.15, 29.25, 27.22, 27.81]
['2013-10-14', 26.24, 26.88, 25.78, 26.21]
['2013-10-15', 25.92, 26.43, 23.76, 25.68]
['2013-10-16', 25.76, 26.25, 25.03, 25.33]
['2013-10-17', 25.1, 26.58, 25.0, 25.12]
['2013-10-18', 25.3, 27.1, 25.3, 26.85]
['2013-10-21', 27.32, 29.05, 27.2, 28.05]
['2013-10-22', 28.71, 28.78, 27.5, 28.62]
['2013-10-23', 28.9, 29.41, 28.0, 29.23]
['2013-10-24', 29.59, 29.75, 28.9, 29.48]
['2013-10-25', 29.52, 30.74, 29.26, 30.25]
['2013-10-28', 30.78, 30.99, 30.26, 30.84]
['2013-10-29', 29.77, 30.85, 29.0, 29.45]
['2013-10-30', 29.5, 29.73, 26.65, 28.4]
['2013-10-31', 28.22, 28.5, 26.95, 27.0]
['2013-11-01', 26.92, 27.36, 26.15, 26.54]
['2013-11-04', 26.56, 28.0, 26.45, 27.52]
['2013-11-05', 27.75, 27.75, 27.13, 27.4]
['2013-11-06', 27.6, 27.7, 26.83, 26.96]
['2013-11-07', 27.0, 27.06, 25.25, 25.76]
['2013-11-08', 25.94, 26.4, 25.75, 25.77]
['2013-11-11', 26.25, 26.59, 25.67, 25.97]
['2013-11-12', 26.24, 27.33, 25.31, 27.06]
['2013-11-13', 30.67, 32.57, 29.4, 29.58]
['2013-11-14', 30.05, 30.28, 28.79, 29.65]
['2013-11-15', 30.16, 30.5, 29.91, 30.07]
['2013-11-18', 30.27, 30.5, 27.73, 28.15]
['2013-11-19', 27.9, 29.0, 27.01, 27.7]
['2013-11-20', 28.0, 29.29, 27.91, 28.03]
['2013-11-21', 28.21, 28.48, 27.48, 27.8]
['2013-11-22', 28.0, 28.31, 27.79, 27.96]
['2013-11-25', 27.95, 28.0, 27.07, 27.33]
['2013-11-26', 27.43, 27.49, 27.05, 27.32]
['2013-11-27', 27.33, 28.0, 27.23, 28.0]
['2013-11-29', 28.03, 28.31, 27.75, 27.88]
['2013-12-02', 27.9, 28.5, 27.77, 28.25]
['2013-12-03', 28.25, 28.44, 27.97, 28.27]
['2013-12-04', 28.25, 28.25, 27.62, 27.68]
['2013-12-05', 27.84, 27.84, 26.5, 26.66]
['2013-12-06', 27.0, 27.5, 26.3, 26.4]
['2013-12-09', 26.67, 27.31, 26.45, 26.64]
['2013-12-10', 26.5, 27.0, 26.5, 26.9]
['2013-12-11', 26.8, 27.0, 25.82, 25.99]
['2013-12-12', 26.1, 26.26, 25.0, 25.16]
['2013-12-13', 25.45, 25.45, 24.67, 24.95]
['2013-12-16', 25.04, 25.26, 24.13, 24.35]
['2013-12-17', 24.27, 25.75, 23.45, 25.35]
['2013-12-18', 24.97, 26.15, 24.87, 25.6]
['2013-12-19', 25.35, 25.95, 25.17, 25.56]
['2013-12-20', 25.5, 25.77, 25.02, 25.5]
['2013-12-23', 25.5, 26.13, 25.17, 26.1]
['2013-12-24', 26.02, 26.48, 25.91, 26.03]
['2013-12-26', 26.11, 26.28, 25.19, 25.4]
['2013-12-27', 25.35, 25.6, 25.05, 25.24]
['2013-12-30', 25.09, 25.43, 24.24, 24.25]
['2013-12-31', 24.2, 24.9, 24.17, 24.28]
['2014-01-02', 24.47, 24.5, 23.8, 24.04]
['2014-01-03', 24.05, 24.64, 24.0, 24.45]
['2014-01-06', 24.7, 25.0, 24.21, 24.99]
['2014-01-07', 24.98, 26.37, 24.74, 26.17]
['2014-01-08', 26.26, 26.26, 24.57, 24.73]
['2014-01-09', 24.89, 24.97, 24.15, 24.29]
['2014-01-10', 24.35, 24.83, 24.06, 24.58]
['2014-01-13', 24.48, 24.57, 23.3, 23.4]
['2014-01-14', 23.51, 23.9, 23.35, 23.61]
['2014-01-15', 24.0, 24.25, 23.68, 24.03]
['2014-01-16', 24.09, 25.12, 24.03, 24.83]
['2014-01-17', 24.84, 25.47, 24.04, 24.15]
['2014-01-21', 24.29, 24.72, 23.24, 23.4]
['2014-01-22', 23.5, 23.77, 22.81, 23.56]
['2014-01-23', 23.53, 23.71, 22.7, 22.71]
['2014-01-24', 22.68, 22.75, 21.73, 22.3]
['2014-01-27', 22.49, 22.9, 22.35, 22.72]
['2014-01-28', 22.82, 23.46, 22.57, 23.4]
['2014-01-29', 23.0, 23.34, 22.34, 22.41]
['2014-01-30', 22.6, 23.45, 22.25, 23.2]
['2014-01-31', 23.0, 23.17, 22.57, 22.67]
['2014-02-03', 22.67, 22.93, 21.64, 21.7]
['2014-02-04', 21.86, 22.2, 21.73, 22.06]
['2014-02-05', 21.91, 22.14, 21.4, 21.51]
['2014-02-06', 21.5, 21.55, 21.06, 21.19]
['2014-02-07', 21.39, 21.61, 21.03, 21.37]
['2014-02-10', 21.41, 21.91, 21.31, 21.67]
['2014-02-11', 21.68, 22.02, 21.13, 21.24]
['2014-02-12', 21.25, 22.48, 21.03, 22.21]
['2014-02-13', 22.74, 22.97, 21.8, 22.7]
['2014-02-14', 22.7, 22.99, 22.26, 22.62]
['2014-02-18', 23.05, 23.05, 22.11, 22.4]
['2014-02-19', 21.04, 21.4, 19.88, 20.46]
['2014-02-20', 20.4, 20.51, 19.18, 19.36]
['2014-02-21', 19.5, 20.2, 19.5, 20.11]
['2014-02-24', 20.08, 20.85, 20.0, 20.53]
['2014-02-25', 20.44, 20.67, 19.95, 20.48]
['2014-02-26', 20.58, 21.25, 20.26, 21.15]
['2014-02-27', 21.26, 21.43, 20.94, 21.35]
['2014-02-28', 21.4, 21.5, 21.0, 21.41]
['2014-03-03', 21.03, 21.31, 20.68, 20.84]
['2014-03-04', 21.02, 21.6, 20.87, 21.04]
['2014-03-05', 21.05, 21.29, 20.5, 20.53]
['2014-03-06', 20.52, 20.85, 20.35, 20.53]
['2014-03-07', 20.53, 21.13, 20.51, 21.0]
['2014-03-10', 21.05, 21.41, 20.62, 20.87]
['2014-03-11', 20.79, 21.3, 20.7, 21.01]
['2014-03-12', 20.96, 21.04, 20.49, 20.77]
['2014-03-13', 20.8, 20.9, 19.8, 19.97]
['2014-03-14', 19.98, 20.04, 19.65, 19.82]
['2014-03-17', 19.89, 20.0, 19.52, 19.58]
['2014-03-18', 19.65, 19.67, 19.07, 19.2]
['2014-03-19', 19.13, 19.22, 18.55, 18.6]
['2014-03-20', 18.64, 18.72, 18.27, 18.5]
['2014-03-21', 18.52, 18.59, 18.15, 18.17]
['2014-03-24', 18.18, 18.39, 18.05, 18.25]
['2014-03-25', 18.4, 18.65, 18.24, 18.49]
['2014-03-26', 18.68, 18.68, 18.05, 18.4]
['2014-03-27', 18.34, 18.35, 17.36, 17.94]
['2014-03-28', 17.89, 18.51, 17.71, 17.82]
['2014-03-31', 17.92, 18.15, 17.86, 17.87]
['2014-04-01', 17.96, 18.01, 17.55, 17.84]
['2014-04-02', 17.56, 18.48, 17.53, 17.9]
['2014-04-03', 17.62, 17.84, 17.0, 17.12]
['2014-04-04', 17.9, 18.73, 17.75, 17.94]
['2014-04-07', 17.84, 18.25, 17.71, 18.12]
['2014-04-08', 18.07, 18.5, 17.91, 18.32]
['2014-04-09', 18.33, 18.39, 17.91, 18.1]
['2014-04-10', 18.15, 18.19, 17.18, 17.67]
['2014-04-11', 17.65, 17.65, 17.05, 17.22]
['2014-04-14', 17.37, 17.74, 17.0, 17.29]
['2014-04-15', 17.29, 17.42, 16.96, 17.06]
['2014-04-16', 17.14, 17.29, 16.91, 17.07]
['2014-04-17', 16.96, 17.57, 16.96, 17.15]
['2014-04-21', 17.17, 17.24, 16.77, 16.92]
['2014-04-22', 17.0, 17.1, 16.86, 16.94]
['2014-04-23', 16.9, 16.96, 16.75, 16.83]
['2014-04-24', 16.92, 17.05, 16.68, 16.8]
['2014-04-25', 16.72, 17.0, 16.5, 16.53]
['2014-04-28', 16.62, 16.97, 16.53, 16.82]
['2014-04-29', 16.86, 18.23, 16.63, 17.82]
['2014-04-30', 17.7, 17.82, 16.96, 17.0]
['2014-05-01', 17.01, 17.55, 16.99, 17.36]
['2014-05-02', 17.34, 17.5, 16.85, 17.08]
['2014-05-05', 16.94, 17.15, 16.64, 17.07]
['2014-05-06', 17.0, 17.21, 16.5, 16.51]
['2014-05-07', 17.0, 17.2, 16.17, 16.69]
['2014-05-08', 16.67, 16.82, 15.88, 16.06]
['2014-05-09', 15.96, 16.08, 15.76, 15.8]
['2014-05-12', 15.9, 16.41, 15.75, 16.23]
['2014-05-13', 15.85, 15.88, 15.15, 15.4]
['2014-05-14', 15.41, 16.21, 15.17, 15.47]
['2014-05-15', 15.99, 15.99, 15.45, 15.64]
['2014-05-16', 15.46, 15.46, 15.01, 15.28]
['2014-05-19', 15.2, 15.44, 15.16, 15.4]
['2014-05-20', 15.26, 15.45, 15.01, 15.3]
['2014-05-21', 15.29, 15.33, 15.1, 15.29]
['2014-05-22', 15.36, 15.69, 15.15, 15.58]
['2014-05-23', 15.58, 15.82, 15.42, 15.44]
['2014-05-27', 15.51, 15.89, 15.25, 15.59]
['2014-05-28', 15.52, 15.55, 15.15, 15.39]
['2014-05-29', 15.36, 15.74, 15.34, 15.66]
['2014-05-30', 15.6, 16.04, 15.46, 15.81]
['2014-06-02', 15.79, 15.88, 15.63, 15.72]
['2014-06-03', 15.62, 15.75, 15.33, 15.37]
['2014-06-04', 15.22, 15.51, 15.2, 15.41]
['2014-06-05', 15.49, 15.5, 15.17, 15.37]
['2014-06-06', 15.46, 15.69, 15.37, 15.4]
['2014-06-09', 15.34, 15.58, 15.2, 15.4]
['2014-06-10', 15.33, 15.45, 15.17, 15.28]
['2014-06-11', 15.18, 15.39, 15.17, 15.29]
['2014-06-12', 15.34, 15.67, 15.25, 15.56]
['2014-06-13', 15.53, 15.73, 15.5, 15.58]
['2014-06-16', 15.55, 15.88, 15.55, 15.72]
['2014-06-17', 15.74, 15.99, 15.61, 15.95]
['2014-06-18', 15.91, 16.5, 15.74, 16.45]
['2014-06-19', 16.46, 16.9, 16.37, 16.82]
['2014-06-20', 16.8, 16.91, 16.03, 16.14]
['2014-06-23', 16.18, 16.25, 15.63, 15.71]
['2014-06-24', 15.63, 15.98, 15.54, 15.64]
['2014-06-25', 15.56, 15.74, 15.29, 15.61]
['2014-06-26', 15.56, 15.83, 15.47, 15.75]
['2014-06-27', 15.69, 16.0, 15.61, 15.64]
['2014-06-30', 15.66, 16.06, 15.64, 15.96]
['2014-07-01', 16.0, 16.25, 15.53, 15.71]
['2014-07-02', 15.71, 15.96, 15.34, 15.38]
['2014-07-03', 15.42, 15.64, 15.33, 15.4]
['2014-07-07', 15.38, 15.4, 15.2, 15.27]
['2014-07-08', 15.22, 15.27, 15.05, 15.09]
['2014-07-09', 15.18, 15.25, 14.51, 14.65]
['2014-07-10', 11.71, 11.85, 10.91, 10.97]
['2014-07-11', 11.0, 11.94, 11.0, 11.92]
['2014-07-14', 11.94, 11.99, 11.23, 11.27]
['2014-07-15', 11.12, 11.66, 11.1, 11.51]
['2014-07-16', 11.59, 11.62, 11.28, 11.42]
['2014-07-17', 11.29, 11.65, 11.25, 11.47]
['2014-07-18', 11.33, 11.62, 11.33, 11.59]
['2014-07-21', 11.52, 11.8, 11.52, 11.77]
['2014-07-22', 11.78, 11.9, 11.65, 11.88]
['2014-07-23', 11.87, 11.9, 11.77, 11.87]
['2014-07-24', 11.92, 11.93, 11.59, 11.66]
['2014-07-25', 11.64, 11.71, 11.5, 11.71]
['2014-07-28', 11.66, 11.79, 11.56, 11.73]
['2014-07-29', 11.71, 11.89, 11.65, 11.76]
['2014-07-30', 11.78, 11.9, 11.63, 11.88]
['2014-07-31', 11.84, 11.88, 11.55, 11.59]
['2014-08-01', 11.63, 11.73, 11.48, 11.54]
['2014-08-04', 11.6, 11.94, 11.5, 11.79]
['2014-08-05', 11.79, 12.12, 11.66, 11.79]
['2014-08-06', 12.0, 12.35, 11.9, 12.2]
['2014-08-07', 12.25, 12.3, 12.09, 12.2]
['2014-08-08', 12.19, 12.35, 12.13, 12.28]
['2014-08-11', 12.27, 12.66, 12.27, 12.65]
['2014-08-12', 12.59, 12.76, 12.17, 12.18]
['2014-08-13', 12.26, 12.48, 12.2, 12.32]
['2014-08-14', 12.38, 12.49, 12.3, 12.45]
['2014-08-15', 12.43, 12.47, 11.94, 12.12]
['2014-08-18', 12.16, 12.47, 12.0, 12.07]
['2014-08-19', 12.12, 12.4, 12.12, 12.3]
['2014-08-20', 12.28, 12.32, 12.13, 12.16]
['2014-08-21', 12.18, 12.3, 12.09, 12.21]
['2014-08-22', 12.21, 12.4, 12.19, 12.28]
['2014-08-25', 12.39, 12.64, 12.36, 12.59]
['2014-08-26', 12.56, 12.57, 12.24, 12.26]
['2014-08-27', 12.25, 12.35, 12.05, 12.11]
['2014-08-28', 12.05, 12.11, 11.82, 11.9]
['2014-08-29', 11.86, 12.26, 11.53, 12.1]
['2014-09-02', 12.05, 12.58, 12.03, 12.19]
['2014-09-03', 12.25, 12.72, 12.1, 12.39]
['2014-09-04', 12.28, 12.47, 11.93, 11.95]
['2014-09-05', 11.96, 12.34, 11.96, 12.12]
['2014-09-08', 12.12, 12.48, 12.12, 12.42]
['2014-09-09', 12.45, 12.54, 12.21, 12.27]
['2014-09-10', 12.23, 12.48, 11.99, 12.43]
['2014-09-11', 12.38, 12.58, 12.15, 12.38]
['2014-09-12', 12.34, 12.68, 12.28, 12.59]
['2014-09-15', 12.5, 12.56, 12.26, 12.42]
['2014-09-16', 12.36, 12.47, 12.17, 12.18]
['2014-09-17', 12.21, 12.52, 12.16, 12.36]
['2014-09-18', 12.38, 12.54, 12.35, 12.44]
['2014-09-19', 12.45, 12.51, 12.22, 12.23]
['2014-09-22', 12.2, 12.4, 12.19, 12.29]
['2014-09-23', 12.27, 12.3, 11.79, 12.06]
['2014-09-24', 12.06, 12.27, 11.95, 12.02]
['2014-09-25', 11.94, 12.03, 11.58, 11.77]
['2014-09-26', 11.78, 11.96, 11.75, 11.8]
['2014-09-29', 11.74, 11.96, 11.65, 11.84]
['2014-09-30', 11.79, 11.94, 11.66, 11.66]
['2014-10-01', 11.62, 11.72, 11.09, 11.45]
['2014-10-02', 11.42, 11.6, 11.0, 11.53]
['2014-10-03', 11.6, 11.93, 11.24, 11.86]
['2014-10-06', 11.75, 11.95, 11.47, 11.62]
['2014-10-07', 11.52, 12.05, 11.52, 11.73]
['2014-10-08', 11.66, 11.94, 11.49, 11.75]
['2014-10-09', 11.7, 11.78, 11.4, 11.47]
['2014-10-10', 11.41, 11.87, 11.41, 11.77]
['2014-10-13', 11.71, 12.55, 11.65, 12.36]
['2014-10-14', 12.47, 13.24, 12.32, 13.03]
['2014-10-15', 12.91, 13.24, 12.8, 13.13]
['2014-10-16', 12.98, 13.47, 12.6, 12.91]
['2014-10-17', 13.04, 13.26, 12.67, 12.82]
['2014-10-20', 12.73, 13.26, 12.73, 13.14]
['2014-10-21', 13.19, 13.19, 12.89, 13.04]
['2014-10-22', 13.01, 13.09, 12.85, 12.92]
['2014-10-23', 12.96, 12.98, 12.74, 12.77]
['2014-10-24', 12.81, 13.14, 12.79, 13.01]
['2014-10-27', 13.01, 13.25, 12.84, 13.01]
['2014-10-28', 13.07, 13.75, 12.98, 13.73]
['2014-10-29', 13.67, 13.79, 13.22, 13.29]
['2014-10-30', 13.16, 13.69, 13.05, 13.19]
['2014-10-31', 13.43, 13.43, 12.5, 12.76]
['2014-11-03', 12.73, 13.0, 12.61, 12.73]
['2014-11-04', 12.69, 13.28, 12.6, 13.25]
['2014-11-05', 13.41, 14.21, 12.77, 13.89]
['2014-11-06', 14.0, 14.45, 13.88, 14.42]
['2014-11-07', 14.39, 14.47, 13.94, 14.19]
['2014-11-10', 14.14, 14.22, 13.47, 13.63]
['2014-11-11', 13.54, 13.83, 13.5, 13.72]
['2014-11-12', 13.71, 13.93, 13.39, 13.7]
['2014-11-13', 13.7, 13.85, 13.45, 13.61]
['2014-11-14', 13.56, 13.75, 13.15, 13.41]
['2014-11-17', 13.43, 13.52, 12.64, 12.69]
['2014-11-18', 12.66, 13.01, 12.21, 12.26]
['2014-11-19', 12.2, 12.72, 11.95, 12.58]
['2014-11-20', 12.58, 13.36, 12.58, 13.01]
['2014-11-21', 13.16, 13.25, 12.83, 12.9]
['2014-11-24', 12.97, 13.68, 12.81, 13.43]
['2014-11-25', 13.4, 13.57, 13.05, 13.11]
['2014-11-26', 13.15, 13.35, 13.04, 13.08]
['2014-11-28', 13.04, 13.68, 13.04, 13.18]
['2014-12-01', 13.18, 13.45, 12.64, 12.66]
['2014-12-02', 12.66, 13.17, 12.62, 12.75]
['2014-12-03', 12.71, 12.81, 12.3, 12.58]
['2014-12-04', 12.52, 12.65, 11.8, 12.03]
['2014-12-05', 11.99, 12.39, 11.91, 12.28]
['2014-12-08', 12.09, 12.28, 11.92, 12.04]
['2014-12-09', 11.96, 12.76, 11.8, 12.19]
['2014-12-10', 12.21, 12.79, 12.06, 12.12]
['2014-12-11', 12.19, 12.57, 12.02, 12.24]
['2014-12-12', 11.99, 12.37, 11.85, 12.11]
['2014-12-15', 12.1, 12.23, 11.45, 11.66]
['2014-12-16', 11.69, 12.06, 11.49, 11.88]
['2014-12-17', 11.85, 12.33, 11.82, 12.0]
['2014-12-18', 12.16, 12.47, 11.76, 11.96]
['2014-12-19', 11.92, 12.05, 11.57, 11.86]
['2014-12-22', 11.85, 12.14, 11.85, 12.11]
['2014-12-23', 12.1, 12.22, 12.0, 12.03]
['2014-12-24', 12.07, 12.2, 12.07, 12.11]
['2014-12-26', 12.16, 12.23, 12.07, 12.21]
['2014-12-29', 12.19, 12.5, 12.07, 12.19]
['2014-12-30', 12.1, 12.44, 12.1, 12.35]
['2014-12-31', 12.4, 12.9, 12.38, 12.87]
['2015-01-02', 12.99, 13.21, 12.52, 13.16]
['2015-01-05', 13.43, 14.2, 13.35, 13.85]
['2015-01-06', 13.93, 14.12, 13.72, 13.72]
['2015-01-07', 13.72, 14.14, 13.67, 14.07]
['2015-01-08', 14.11, 14.23, 13.92, 14.02]
['2015-01-09', 13.99, 14.23, 13.89, 14.06]
['2015-01-12', 14.11, 14.27, 13.92, 14.27]
['2015-01-13', 14.39, 14.99, 14.24, 14.76]
['2015-01-14', 14.62, 14.84, 13.97, 14.26]
['2015-01-15', 14.35, 14.38, 13.8, 13.95]
['2015-01-16', 13.89, 14.14, 13.86, 14.12]
['2015-01-20', 14.17, 14.44, 13.55, 13.89]
['2015-01-21', 13.85, 14.14, 13.63, 13.99]
['2015-01-22', 14.11, 14.31, 13.93, 14.25]
['2015-01-23', 14.19, 14.34, 13.99, 14.06]
['2015-01-26', 14.01, 14.31, 14.01, 14.26]
['2015-01-27', 14.1, 14.39, 13.93, 14.21]
['2015-01-28', 14.26, 14.36, 13.94, 14.17]
['2015-01-29', 14.22, 14.29, 13.99, 14.22]
['2015-01-30', 14.15, 14.35, 13.99, 14.03]
['2015-02-02', 14.0, 14.25, 13.7, 13.95]
['2015-02-03', 13.8, 14.16, 13.8, 14.0]
['2015-02-04', 13.95, 14.28, 13.91, 14.0]
['2015-02-05', 14.03, 14.69, 14.01, 14.45]
['2015-02-06', 14.51, 14.78, 14.5, 14.59]
['2015-02-09', 14.48, 14.7, 13.97, 14.08]
['2015-02-10', 14.08, 14.36, 13.75, 13.98]
['2015-02-11', 13.99, 14.32, 13.99, 14.04]
['2015-02-12', 14.02, 14.17, 13.78, 13.99]
['2015-02-13', 14.03, 14.09, 13.72, 13.92]
['2015-02-17', 14.0, 14.4, 13.87, 14.2]
['2015-02-18', 16.21, 16.64, 15.51, 16.56]
['2015-02-19', 15.77, 16.2, 15.11, 15.85]
['2015-02-20', 15.88, 15.88, 15.17, 15.34]
['2015-02-23', 15.36, 15.45, 14.5, 14.62]
['2015-02-24', 14.65, 14.91, 14.39, 14.53]
['2015-02-25', 14.53, 15.22, 14.35, 15.02]
['2015-02-26', 15.05, 15.19, 14.64, 14.69]
['2015-02-27', 13.45, 13.9, 12.87, 13.44]
['2015-03-02', 13.41, 13.72, 13.03, 13.05]
['2015-03-03', 13.24, 13.57, 13.01, 13.09]
['2015-03-04', 13.06, 13.18, 12.9, 12.99]
['2015-03-05', 13.17, 13.3, 12.8, 12.98]
['2015-03-06', 12.96, 13.09, 12.85, 12.89]
['2015-03-09', 12.89, 13.1, 12.76, 12.83]
['2015-03-10', 12.79, 12.93, 12.61, 12.69]
['2015-03-11', 12.68, 12.77, 12.35, 12.42]
['2015-03-12', 12.48, 12.95, 12.48, 12.94]
['2015-03-13', 12.91, 13.1, 12.65, 12.86]
['2015-03-16', 12.97, 13.11, 12.75, 12.93]
['2015-03-17', 12.95, 13.34, 12.94, 13.13]
['2015-03-18', 13.14, 13.25, 12.95, 13.02]
['2015-03-19', 13.0, 13.35, 12.81, 12.96]
['2015-03-20', 12.98, 13.25, 12.96, 13.1]
['2015-03-23', 13.07, 13.25, 13.06, 13.1]
['2015-03-24', 13.1, 14.25, 13.1, 13.99]
['2015-03-25', 14.01, 14.34, 13.78, 13.84]
['2015-03-26', 13.87, 13.89, 13.42, 13.47]
['2015-03-27', 13.43, 13.85, 13.38, 13.84]
['2015-03-30', 13.89, 14.17, 13.81, 14.08]
['2015-03-31', 14.01, 14.16, 13.68, 13.7]
['2015-04-01', 13.66, 13.89, 13.51, 13.87]
['2015-04-02', 13.9, 13.98, 13.69, 13.77]
['2015-04-06', 13.7, 14.25, 13.53, 14.21]
['2015-04-07', 14.25, 14.57, 14.02, 14.36]
['2015-04-08', 14.3, 14.49, 14.15, 14.45]
['2015-04-09', 14.36, 14.57, 14.0, 14.08]
['2015-04-10', 14.05, 14.29, 13.98, 14.09]
['2015-04-13', 14.09, 14.4, 14.04, 14.18]
['2015-04-14', 14.14, 14.33, 13.91, 13.95]
['2015-04-15', 14.01, 14.19, 13.97, 14.0]
['2015-04-16', 14.05, 14.16, 13.98, 14.08]
['2015-04-17', 14.0, 14.09, 13.72, 13.96]
['2015-04-20', 13.98, 14.44, 13.9, 14.41]
['2015-04-21', 14.5, 14.67, 14.35, 14.42]
['2015-04-22', 14.36, 14.6, 14.33, 14.6]
['2015-04-23', 14.61, 14.85, 14.5, 14.84]
['2015-04-24', 14.8, 15.15, 14.62, 14.79]
['2015-04-27', 14.88, 15.84, 14.87, 15.81]
['2015-04-28', 15.45, 15.45, 14.8, 15.02]
['2015-04-29', 15.0, 15.05, 14.81, 14.99]
['2015-04-30', 14.94, 15.06, 14.81, 15.01]
['2015-05-01', 15.1, 15.1, 14.38, 14.62]
['2015-05-04', 14.55, 14.95, 14.42, 14.66]
['2015-05-05', 14.69, 14.75, 14.23, 14.52]
['2015-05-06', 15.5, 15.5, 13.49, 14.35]
['2015-05-07', 14.41, 14.71, 14.11, 14.4]
['2015-05-08', 14.49, 14.69, 14.0, 14.22]
['2015-05-11', 14.19, 14.46, 13.99, 14.19]
['2015-05-12', 14.1, 14.19, 13.87, 14.02]
['2015-05-13', 14.07, 14.36, 14.02, 14.19]
['2015-05-14', 14.25, 14.32, 14.01, 14.26]
['2015-05-15', 14.3, 14.33, 13.92, 13.94]
['2015-05-18', 14.0, 14.07, 13.86, 13.96]
['2015-05-19', 13.87, 14.01, 13.81, 13.92]
['2015-05-20', 13.89, 14.04, 13.85, 14.02]
['2015-05-21', 14.02, 14.1, 13.8, 13.87]
['2015-05-22', 13.91, 14.04, 13.68, 13.78]
['2015-05-26', 13.97, 14.33, 13.88, 14.27]
['2015-05-27', 14.29, 14.29, 13.97, 14.0]
['2015-05-28', 14.01, 14.19, 14.0, 14.03]
['2015-05-29', 14.01, 14.16, 13.95, 14.05]
['2015-06-01', 14.07, 14.2, 13.83, 14.12]
['2015-06-02', 14.05, 14.36, 13.99, 14.13]
['2015-06-03', 14.18, 14.44, 14.18, 14.29]
['2015-06-04', 14.17, 14.37, 14.09, 14.26]
['2015-06-05', 14.17, 14.2, 13.85, 14.0]
['2015-06-08', 13.95, 14.18, 13.85, 14.06]
['2015-06-09', 13.99, 14.16, 13.96, 14.0]
['2015-06-10', 14.0, 14.09, 13.79, 14.0]
['2015-06-11', 14.0, 14.09, 13.91, 13.95]
['2015-06-12', 13.94, 13.99, 13.83, 13.86]
['2015-06-15', 13.81, 14.04, 13.69, 14.0]
['2015-06-16', 13.96, 14.0, 13.9, 13.99]
['2015-06-17', 14.02, 14.07, 13.75, 13.9]
['2015-06-18', 13.88, 13.99, 13.74, 13.81]
['2015-06-19', 13.78, 13.96, 13.33, 13.38]
['2015-06-22', 13.42, 13.51, 12.69, 12.97]
['2015-06-23', 13.03, 13.19, 12.7, 12.72]
['2015-06-24', 12.66, 12.72, 12.38, 12.65]
['2015-06-25', 12.73, 13.0, 12.61, 12.71]
['2015-06-26', 12.65, 12.9, 12.51, 12.6]
['2015-06-29', 12.56, 12.64, 12.3, 12.32]
['2015-06-30', 12.28, 12.52, 12.14, 12.25]
['2015-07-01', 12.36, 12.48, 12.28, 12.38]
['2015-07-02', 12.39, 12.44, 12.29, 12.4]
['2015-07-06', 12.38, 12.52, 12.01, 12.45]
['2015-07-07', 12.45, 12.51, 12.12, 12.48]
['2015-07-08', 12.41, 13.06, 12.35, 13.04]
['2015-07-09', 13.13, 13.25, 12.9, 12.99]
['2015-07-10', 13.08, 13.43, 13.08, 13.36]
['2015-07-13', 13.37, 13.8, 13.36, 13.79]
['2015-07-14', 13.83, 13.98, 13.7, 13.9]
['2015-07-15', 13.96, 13.96, 13.18, 13.37]
['2015-07-16', 13.45, 13.8, 13.43, 13.47]
['2015-07-17', 13.49, 13.57, 13.2, 13.27]
['2015-07-20', 13.25, 13.55, 13.13, 13.51]
['2015-07-21', 13.46, 13.69, 13.4, 13.54]
['2015-07-22', 13.5, 13.79, 13.5, 13.69]
['2015-07-23', 13.72, 13.95, 13.47, 13.51]
['2015-07-24', 13.5, 13.54, 13.38, 13.43]
['2015-07-27', 13.4, 13.5, 13.3, 13.43]
['2015-07-28', 13.44, 13.49, 13.22, 13.43]
['2015-07-29', 13.44, 13.76, 13.38, 13.62]
['2015-07-30', 13.59, 13.75, 13.42, 13.7]
['2015-07-31', 13.7, 13.75, 13.57, 13.64]
['2015-08-03', 13.61, 13.75, 13.51, 13.65]
['2015-08-04', 13.69, 14.04, 13.65, 13.88]
['2015-08-05', 12.24, 13.23, 12.0, 12.26]
['2015-08-06', 12.31, 12.35, 11.3, 11.56]
['2015-08-07', 11.52, 11.9, 11.39, 11.88]
['2015-08-10', 11.91, 12.07, 11.8, 11.92]
['2015-08-11', 11.89, 11.99, 11.77, 11.86]
['2015-08-12', 11.78, 12.21, 11.72, 12.09]
['2015-08-13', 12.06, 12.4, 11.99, 12.2]
['2015-08-14', 12.14, 12.34, 11.91, 12.26]
['2015-08-17', 12.28, 12.36, 12.01, 12.13]
['2015-08-18', 12.06, 12.29, 11.65, 11.79]
['2015-08-19', 11.71, 11.97, 11.55, 11.64]
['2015-08-20', 11.55, 11.62, 11.22, 11.32]
['2015-08-21', 11.18, 11.36, 10.6, 10.82]
['2015-08-24', 10.02, 10.45, 9.91, 10.09]
['2015-08-25', 10.33, 10.59, 10.09, 10.14]
['2015-08-26', 10.16, 10.5, 9.99, 10.4]
['2015-08-27', 10.52, 10.61, 10.24, 10.57]
['2015-08-28', 10.5, 10.61, 10.3, 10.59]
['2015-08-31', 10.56, 10.65, 10.28, 10.56]
['2015-09-01', 10.43, 10.56, 10.22, 10.26]
['2015-09-02', 10.33, 10.49, 10.15, 10.2]
['2015-09-03', 10.21, 10.33, 10.1, 10.21]
['2015-09-04', 10.19, 10.63, 10.15, 10.51]
['2015-09-08', 10.65, 10.95, 10.6, 10.83]
['2015-09-09', 11.13, 11.91, 11.11, 11.49]
['2015-09-10', 11.45, 11.79, 11.26, 11.28]
['2015-09-11', 11.17, 11.32, 11.0, 11.13]
['2015-09-14', 11.05, 11.44, 10.98, 11.41]
['2015-09-15', 11.38, 11.41, 11.22, 11.28]
['2015-09-16', 11.33, 11.47, 11.25, 11.39]
['2015-09-17', 11.35, 11.75, 11.27, 11.59]
['2015-09-18', 11.46, 11.65, 11.33, 11.5]
['2015-09-21', 11.55, 11.75, 11.21, 11.37]
['2015-09-22', 11.27, 11.45, 11.1, 11.33]
['2015-09-23', 11.24, 11.43, 10.86, 11.25]
['2015-09-24', 11.21, 11.32, 10.82, 10.93]
['2015-09-25', 11.0, 11.11, 10.85, 10.89]
['2015-09-28', 10.89, 11.2, 10.77, 10.79]
['2015-09-29', 10.82, 11.0, 10.67, 10.88]
['2015-09-30', 10.94, 11.09, 10.87, 11.01]
['2015-10-01', 10.98, 11.08, 10.79, 10.95]
['2015-10-02', 10.88, 11.0, 10.57, 10.96]
['2015-10-05', 11.04, 11.11, 10.97, 11.06]
['2015-10-06', 11.04, 11.1, 10.86, 10.98]
['2015-10-07', 11.01, 11.49, 10.95, 11.49]
['2015-10-08', 11.45, 11.75, 11.36, 11.59]
['2015-10-09', 11.57, 11.73, 11.5, 11.65]
['2015-10-12', 11.67, 11.75, 11.26, 11.51]
['2015-10-13', 11.43, 11.54, 11.31, 11.35]
['2015-10-14', 11.38, 11.5, 11.2, 11.26]
['2015-10-15', 11.31, 11.6, 11.22, 11.45]
['2015-10-16', 11.5, 11.55, 11.38, 11.44]
['2015-10-19', 11.35, 11.52, 11.07, 11.25]
['2015-10-20', 11.17, 11.62, 11.17, 11.53]
['2015-10-21', 11.52, 11.55, 10.95, 11.04]
['2015-10-22', 11.15, 11.34, 11.0, 11.18]
['2015-10-23', 11.24, 11.45, 11.01, 11.38]
['2015-10-26', 11.41, 11.41, 11.2, 11.21]
['2015-10-27', 11.12, 11.23, 10.83, 11.05]
['2015-10-28', 11.08, 11.46, 11.01, 11.29]
['2015-10-29', 11.18, 11.34, 11.12, 11.14]
['2015-10-30', 11.15, 11.31, 11.03, 11.2]
['2015-11-02', 11.25, 11.8, 11.25, 11.71]
['2015-11-03', 11.63, 11.94, 11.27, 11.81]
['2015-11-04', 12.0, 12.12, 10.65, 11.65]
['2015-11-05', 11.59, 11.69, 11.43, 11.57]
['2015-11-06', 11.59, 12.03, 11.38, 11.99]
['2015-11-09', 11.93, 12.07, 11.47, 11.66]
['2015-11-10', 11.61, 11.73, 11.48, 11.69]
['2015-11-11', 11.73, 11.79, 11.48, 11.61]
['2015-11-12', 11.48, 11.82, 11.48, 11.7]
['2015-11-13', 11.68, 11.68, 11.21, 11.3]
['2015-11-16', 11.55, 12.42, 11.48, 11.67]
['2015-11-17', 11.7, 12.06, 11.58, 11.87]
['2015-11-18', 11.94, 12.14, 11.65, 12.01]
['2015-11-19', 12.04, 12.05, 11.71, 11.9]
['2015-11-20', 11.89, 12.09, 11.82, 11.9]
['2015-11-23', 11.87, 12.22, 11.73, 12.15]
['2015-11-24', 12.07, 12.34, 11.99, 12.31]
['2015-11-25', 12.33, 12.68, 12.32, 12.5]
['2015-11-27', 12.53, 12.55, 12.37, 12.44]
['2015-11-30', 12.49, 12.59, 12.34, 12.47]
['2015-12-01', 12.45, 12.59, 12.2, 12.27]
['2015-12-02', 12.3, 12.39, 12.14, 12.17]
['2015-12-03', 12.18, 12.29, 11.76, 11.98]
['2015-12-04', 12.01, 12.18, 11.78, 11.78]
['2015-12-07', 11.81, 12.17, 11.73, 12.1]
['2015-12-08', 12.02, 12.2, 11.87, 12.0]
['2015-12-09', 12.0, 12.25, 11.66, 11.87]
['2015-12-10', 11.9, 12.2, 11.68, 12.06]
['2015-12-11', 11.86, 12.09, 11.49, 11.64]
['2015-12-14', 11.59, 11.81, 11.52, 11.67]
['2015-12-15', 11.77, 11.9, 11.64, 11.75]
['2015-12-16', 11.86, 12.15, 11.8, 12.04]
['2015-12-17', 12.05, 12.26, 11.74, 11.85]
['2015-12-18', 11.83, 12.02, 11.54, 11.55]
['2015-12-21', 11.66, 12.0, 11.52, 11.93]
['2015-12-22', 11.92, 11.99, 11.4, 11.85]
['2015-12-23', 11.89, 12.05, 11.75, 12.01]
['2015-12-24', 11.96, 12.14, 11.95, 12.0]
['2015-12-28', 11.98, 12.01, 11.64, 11.87]
['2015-12-29', 11.91, 11.91, 11.33, 11.82]
['2015-12-30', 11.76, 11.83, 11.49, 11.5]
['2015-12-31', 11.34, 11.81, 11.26, 11.71]
['2016-01-04', 11.53, 11.76, 11.13, 11.66]
['2016-01-05', 11.7, 11.87, 11.56, 11.77]
['2016-01-06', 11.59, 11.86, 11.1, 11.64]
['2016-01-07', 11.42, 11.8, 11.22, 11.6]
['2016-01-08', 11.55, 11.77, 11.26, 11.29]
['2016-01-11', 11.39, 11.53, 11.03, 11.47]
['2016-01-12', 11.58, 11.66, 11.21, 11.37]
['2016-01-13', 11.3, 11.65, 10.92, 10.99]
['2016-01-14', 11.02, 11.32, 10.9, 11.17]
['2016-01-15', 11.0, 11.25, 10.75, 11.14]
['2016-01-19', 11.23, 11.33, 10.94, 11.2]
['2016-01-20', 11.03, 11.42, 10.62, 11.33]
['2016-01-21', 11.33, 11.41, 11.15, 11.16]
['2016-01-22', 11.3, 11.5, 11.02, 11.19]
['2016-01-25', 11.2, 11.22, 10.75, 10.77]
['2016-01-26', 10.8, 10.94, 10.56, 10.7]
['2016-01-27', 10.69, 10.74, 10.31, 10.33]
['2016-01-28', 10.46, 10.66, 10.37, 10.51]
['2016-01-29', 10.59, 10.72, 10.39, 10.7]
['2016-02-01', 10.65, 10.77, 10.5, 10.66]
['2016-02-02', 10.6, 10.68, 10.37, 10.4]
['2016-02-03', 10.45, 10.6, 10.2, 10.55]
['2016-02-04', 10.59, 11.06, 10.56, 11.01]
['2016-02-05', 10.98, 10.98, 10.41, 10.41]
['2016-02-08', 10.35, 10.39, 9.82, 10.21]
['2016-02-09', 10.07, 10.58, 9.96, 10.18]
['2016-02-10', 10.17, 10.4, 10.12, 10.15]
['2016-02-11', 10.04, 10.3, 9.95, 10.23]
['2016-02-12', 10.34, 10.69, 10.27, 10.57]
['2016-02-16', 10.69, 11.52, 10.61, 11.16]
['2016-02-17', 12.51, 12.74, 11.9, 12.25]
['2016-02-18', 12.28, 12.35, 12.01, 12.16]
['2016-02-19', 12.13, 12.22, 11.9, 12.1]
['2016-02-22', 12.22, 12.38, 11.99, 12.31]
['2016-02-23', 12.15, 12.24, 11.95, 11.95]
['2016-02-24', 11.8, 11.96, 11.72, 11.82]
['2016-02-25', 11.85, 12.23, 11.5, 12.19]
['2016-02-26', 12.2, 12.46, 12.14, 12.3]
['2016-02-29', 12.3, 12.99, 12.26, 12.55]
['2016-03-01', 12.6, 13.25, 12.56, 12.92]
['2016-03-02', 12.92, 13.29, 12.85, 13.23]
['2016-03-03', 13.59, 13.9, 13.25, 13.31]
['2016-03-04', 13.39, 13.81, 13.21, 13.73]
['2016-03-07', 13.68, 14.04, 13.68, 13.95]
['2016-03-08', 13.91, 14.04, 13.68, 13.7]
['2016-03-09', 13.73, 13.98, 13.73, 13.78]
['2016-03-10', 13.92, 13.99, 13.31, 13.53]
['2016-03-11', 13.58, 13.68, 13.11, 13.47]
['2016-03-14', 13.46, 13.67, 13.44, 13.52]
['2016-03-15', 13.5, 13.5, 13.21, 13.26]
['2016-03-16', 13.14, 13.55, 13.11, 13.36]
['2016-03-17', 13.28, 13.36, 13.03, 13.3]
['2016-03-18', 13.36, 13.48, 13.15, 13.36]
['2016-03-21', 13.31, 13.49, 13.12, 13.31]
['2016-03-22', 13.17, 13.47, 13.13, 13.15]
['2016-03-23', 13.1, 13.32, 12.99, 13.01]
['2016-03-24', 12.99, 13.16, 12.86, 13.07]
['2016-03-28', 13.06, 13.17, 12.87, 12.94]
['2016-03-29', 12.94, 13.5, 12.87, 13.24]
['2016-03-30', 13.34, 13.79, 13.34, 13.73]
['2016-03-31', 13.78, 13.89, 13.47, 13.61]
['2016-04-01', 13.49, 13.83, 13.31, 13.71]
['2016-04-04', 13.69, 13.86, 13.5, 13.58]
['2016-04-05', 13.5, 13.54, 13.4, 13.47]
['2016-04-06', 13.45, 13.62, 13.36, 13.46]
['2016-04-07', 13.38, 13.41, 13.2, 13.3]
['2016-04-08', 13.35, 13.52, 13.19, 13.37]
['2016-04-11', 13.45, 13.77, 13.4, 13.73]
['2016-04-12', 13.72, 13.92, 13.56, 13.84]
['2016-04-13', 13.88, 14.29, 13.58, 14.26]
['2016-04-14', 14.29, 14.32, 14.11, 14.19]
['2016-04-15', 14.15, 14.45, 14.1, 14.35]
['2016-04-18', 14.44, 14.99, 14.34, 14.87]
['2016-04-19', 14.78, 14.78, 14.2, 14.33]
['2016-04-20', 14.3, 14.51, 14.3, 14.35]
['2016-04-21', 14.39, 14.61, 14.25, 14.3]
['2016-04-22', 14.19, 14.53, 14.19, 14.47]
['2016-04-25', 14.38, 14.4, 13.99, 14.17]
['2016-04-26', 14.24, 14.66, 13.97, 14.42]
['2016-04-27', 14.37, 14.42, 13.99, 14.03]
['2016-04-28', 14.03, 14.27, 13.86, 14.05]
['2016-04-29', 14.04, 14.32, 13.92, 14.25]
['2016-05-02', 14.24, 14.57, 14.12, 14.46]
['2016-05-03', 14.33, 14.49, 14.17, 14.35]
['2016-05-04', 14.02, 14.3, 12.69, 13.47]
['2016-05-05', 13.47, 13.69, 13.2, 13.4]
['2016-05-06', 13.37, 13.44, 13.21, 13.36]
['2016-05-09', 13.41, 13.85, 13.16, 13.67]
['2016-05-10', 13.69, 13.8, 13.47, 13.7]
['2016-05-11', 13.65, 13.66, 13.29, 13.31]
['2016-05-12', 13.27, 13.47, 13.14, 13.27]
['2016-05-13', 13.27, 13.43, 13.11, 13.19]
['2016-05-16', 13.17, 13.45, 13.08, 13.2]
['2016-05-17', 13.2, 13.33, 12.71, 12.87]
['2016-05-18', 12.84, 12.91, 12.59, 12.67]
['2016-05-19', 12.76, 12.86, 12.63, 12.74]
['2016-05-20', 12.82, 12.82, 12.47, 12.5]
['2016-05-23', 12.52, 12.77, 12.52, 12.67]
['2016-05-24', 12.69, 13.02, 12.69, 12.85]
['2016-05-25', 12.89, 13.23, 12.72, 13.0]
['2016-05-26', 12.99, 13.15, 12.95, 13.02]
['2016-05-27', 13.01, 13.15, 12.82, 13.02]
['2016-05-31', 13.07, 13.34, 12.95, 13.22]
['2016-06-01', 13.22, 13.34, 13.09, 13.17]
['2016-06-02', 13.09, 13.35, 13.09, 13.32]
['2016-06-03', 13.25, 13.33, 13.16, 13.21]
['2016-06-06', 13.18, 13.42, 13.1, 13.3]
['2016-06-07', 13.36, 13.45, 13.28, 13.31]
['2016-06-08', 13.31, 13.43, 13.25, 13.33]
['2016-06-09', 13.32, 13.34, 13.02, 13.06]
['2016-06-10', 12.99, 13.12, 12.79, 12.9]
['2016-06-13', 12.84, 12.96, 12.58, 12.6]
['2016-06-14', 12.59, 12.74, 12.42, 12.46]
['2016-06-15', 12.49, 12.7, 12.46, 12.49]
['2016-06-16', 12.43, 12.54, 12.17, 12.53]
['2016-06-17', 12.54, 12.63, 12.34, 12.51]
['2016-06-20', 12.63, 12.89, 12.6, 12.65]
['2016-06-21', 12.66, 12.66, 12.37, 12.48]
['2016-06-22', 12.46, 12.6, 12.3, 12.41]
['2016-06-23', 12.5, 12.74, 12.35, 12.65]
['2016-06-24', 12.19, 12.65, 12.19, 12.37]
['2016-06-27', 12.3, 12.31, 11.97, 12.11]
['2016-06-28', 12.23, 12.45, 12.11, 12.24]
['2016-06-29', 12.37, 12.58, 12.35, 12.53]
['2016-06-30', 12.45, 12.55, 12.27, 12.54]
['2016-07-01', 12.5, 12.68, 12.37, 12.45]
['2016-07-05', 12.44, 12.5, 12.32, 12.45]
['2016-07-06', 12.4, 12.6, 12.39, 12.53]
['2016-07-07', 12.52, 12.64, 12.42, 12.5]
['2016-07-08', 12.58, 12.83, 12.48, 12.65]
['2016-07-11', 12.69, 12.79, 12.61, 12.66]
['2016-07-12', 12.7, 13.16, 12.68, 13.09]
['2016-07-13', 13.07, 13.45, 13.02, 13.41]
['2016-07-14', 13.48, 13.53, 12.71, 13.29]
['2016-07-15', 13.35, 13.42, 13.13, 13.18]
['2016-07-18', 13.17, 13.26, 13.0, 13.08]
['2016-07-19', 13.08, 13.36, 13.08, 13.35]
['2016-07-20', 13.35, 13.57, 13.29, 13.33]
['2016-07-21', 13.31, 13.53, 13.28, 13.43]
['2016-07-22', 13.46, 13.69, 13.43, 13.6]
['2016-07-25', 13.62, 13.77, 13.44, 13.54]
['2016-07-26', 13.5, 13.51, 12.97, 13.0]
['2016-07-27', 13.03, 13.24, 12.86, 12.97]
['2016-07-28', 12.93, 13.0, 12.76, 12.88]
['2016-07-29', 12.92, 13.1, 12.76, 13.03]
['2016-08-01', 12.63, 12.87, 12.21, 12.47]
['2016-08-02', 12.41, 12.45, 12.03, 12.14]
['2016-08-03', 11.92, 13.2, 11.58, 12.8]
['2016-08-04', 12.77, 12.77, 12.53, 12.63]
['2016-08-05', 12.73, 13.03, 12.4, 12.95]
['2016-08-08', 12.95, 13.0, 12.81, 12.97]
['2016-08-09', 12.98, 13.2, 12.95, 13.13]
['2016-08-10', 13.16, 13.24, 12.75, 12.82]
['2016-08-11', 12.9, 13.04, 12.84, 12.85]
['2016-08-12', 12.83, 12.98, 12.8, 12.9]
['2016-08-15', 12.88, 13.09, 12.88, 12.98]
['2016-08-16', 12.99, 13.06, 12.93, 12.96]
['2016-08-17', 13.0, 13.15, 12.78, 13.11]
['2016-08-18', 13.09, 13.16, 12.94, 13.14]
['2016-08-19', 13.09, 13.09, 12.85, 12.9]
['2016-08-22', 12.92, 13.14, 12.81, 13.13]
['2016-08-23', 13.1, 13.42, 13.08, 13.38]
['2016-08-24', 13.36, 13.5, 13.31, 13.35]
['2016-08-25', 13.27, 13.48, 13.2, 13.35]
['2016-08-26', 13.4, 13.54, 13.11, 13.19]
['2016-08-29', 13.17, 13.47, 13.17, 13.23]
['2016-08-30', 13.2, 13.28, 13.11, 13.21]
['2016-08-31', 13.17, 13.33, 12.96, 12.96]
['2016-09-01', 12.99, 13.05, 12.72, 12.8]
['2016-09-02', 12.84, 12.97, 12.78, 12.85]
['2016-09-06', 12.88, 13.06, 12.85, 12.98]
['2016-09-07', 13.02, 13.13, 12.9, 13.12]
['2016-09-08', 13.02, 13.02, 12.75, 12.79]
['2016-09-09', 12.98, 12.98, 12.54, 12.54]
['2016-09-12', 12.59, 12.84, 12.5, 12.79]
['2016-09-13', 12.7, 12.71, 12.42, 12.59]
['2016-09-14', 12.57, 12.67, 12.45, 12.53]
['2016-09-15', 12.54, 12.9, 12.54, 12.84]
['2016-09-16', 12.88, 13.06, 12.74, 12.81]
['2016-09-19', 12.9, 13.03, 12.8, 12.87]
['2016-09-20', 12.93, 13.02, 12.82, 12.99]
['2016-09-21', 13.02, 13.15, 12.79, 12.9]
['2016-09-22', 12.93, 13.22, 12.93, 13.19]
['2016-09-23', 13.11, 13.43, 13.11, 13.39]
['2016-09-26', 13.27, 13.3, 13.04, 13.05]
['2016-09-27', 13.11, 13.16, 12.98, 13.01]
['2016-09-28', 12.96, 12.97, 12.44, 12.59]
['2016-09-29', 12.65, 12.7, 12.42, 12.43]
['2016-09-30', 12.38, 12.54, 12.25, 12.43]
['2016-10-03', 12.5, 12.69, 12.38, 12.68]
['2016-10-04', 12.75, 13.06, 12.69, 13.03]
['2016-10-05', 13.03, 13.4, 12.98, 13.24]
['2016-10-06', 13.24, 13.25, 12.86, 12.86]
['2016-10-07', 12.88, 12.98, 12.76, 12.85]
['2016-10-10', 12.85, 13.14, 12.85, 13.08]
['2016-10-11', 13.09, 13.09, 12.9, 12.92]
['2016-10-12', 12.96, 13.14, 12.9, 13.01]
['2016-10-13', 12.88, 12.95, 12.68, 12.77]
['2016-10-14', 12.82, 13.18, 12.71, 13.06]
['2016-10-17', 13.04, 13.26, 12.96, 12.97]
['2016-10-18', 13.12, 13.22, 12.99, 13.11]
['2016-10-19', 13.11, 13.58, 13.07, 13.55]
['2016-10-20', 13.49, 13.72, 13.26, 13.57]
['2016-10-21', 13.47, 13.73, 13.23, 13.72]
['2016-10-24', 13.75, 14.25, 13.75, 14.15]
['2016-10-25', 14.05, 14.05, 12.95, 12.95]
['2016-10-26', 12.95, 13.35, 12.9, 13.0]
['2016-10-27', 13.15, 13.25, 12.6, 12.7]
['2016-10-28', 12.75, 13.1, 12.6, 12.75]
['2016-10-31', 12.85, 13.15, 12.8, 13.05]
['2016-11-01', 13.05, 13.25, 12.9, 12.9]
['2016-11-02', 13.8, 13.8, 12.4, 12.6]
['2016-11-03', 12.6, 12.7, 11.9, 11.9]
['2016-11-04', 11.85, 12.2, 11.85, 11.9]
['2016-11-07', 12.5, 12.6, 12.05, 12.2]
['2016-11-08', 12.15, 12.55, 11.95, 12.4]
['2016-11-09', 12.15, 12.95, 11.9, 12.9]
['2016-11-10', 13.05, 13.4, 12.65, 13.05]
['2016-11-11', 13.05, 13.6, 12.75, 13.3]
['2016-11-14', 13.5, 13.5, 13.2, 13.3]
['2016-11-15', 13.25, 13.35, 13.0, 13.2]
['2016-11-16', 13.08, 13.4, 13.08, 13.3]
['2016-11-17', 13.25, 13.43, 13.23, 13.35]
['2016-11-18', 13.45, 13.5, 13.35, 13.45]
['2016-11-21', 13.4, 13.75, 13.25, 13.5]
['2016-11-22', 13.65, 13.65, 13.45, 13.6]
['2016-11-23', 13.5, 13.65, 13.5, 13.6]
['2016-11-25', 13.55, 14.1, 13.55, 14.0]
['2016-11-28', 13.95, 13.95, 13.6, 13.65]
['2016-11-29', 13.7, 13.95, 13.6, 13.75]
['2016-11-30', 13.8, 13.9, 13.55, 13.65]
['2016-12-01', 13.65, 13.9, 13.6, 13.7]
['2016-12-02', 13.65, 13.75, 13.55, 13.7]
['2016-12-05', 13.75, 13.95, 13.7, 13.9]
['2016-12-06', 13.85, 13.95, 13.75, 13.85]
['2016-12-07', 13.8, 13.95, 13.7, 13.8]
['2016-12-08', 13.8, 14.0, 13.65, 14.0]
['2016-12-09', 14.0, 14.23, 14.0, 14.2]
['2016-12-12', 14.1, 14.2, 13.9, 14.15]
['2016-12-13', 14.2, 14.45, 14.08, 14.4]
['2016-12-14', 14.35, 14.45, 14.1, 14.3]
['2016-12-15', 14.25, 14.4, 14.0, 14.0]
['2016-12-16', 14.05, 14.45, 14.05, 14.25]
['2016-12-19', 14.3, 14.45, 14.15, 14.3]
['2016-12-20', 14.25, 14.55, 14.05, 14.2]
['2016-12-21', 14.15, 14.5, 14.1, 14.2]
['2016-12-22', 14.15, 14.15, 13.5, 13.6]
['2016-12-23', 13.55, 13.85, 13.5, 13.65]
['2016-12-27', 13.6, 13.9, 13.48, 13.65]
['2016-12-28', 13.6, 13.75, 13.4, 13.55]
['2016-12-29', 13.55, 13.7, 13.3, 13.4]
['2016-12-30', 13.4, 13.6, 12.9, 12.9]
['2017-01-03', 13.05, 13.4, 12.95, 13.35]
['2017-01-04', 13.35, 13.8, 13.35, 13.5]
['2017-01-05', 13.35, 13.45, 13.2, 13.2]
['2017-01-06', 13.2, 13.25, 12.95, 13.1]
['2017-01-09', 13.05, 13.2, 13.0, 13.05]
['2017-01-10', 13.15, 13.65, 13.0, 13.5]
['2017-01-11', 13.5, 13.75, 13.45, 13.7]
['2017-01-12', 13.65, 13.65, 13.28, 13.35]
['2017-01-13', 13.4, 13.5, 13.1, 13.2]
['2017-01-17', 13.15, 13.25, 12.85, 12.85]
['2017-01-18', 12.9, 13.05, 12.7, 13.0]
['2017-01-19', 12.95, 13.09, 12.7, 12.75]
['2017-01-20', 12.75, 13.0, 12.75, 12.75]
['2017-01-23', 12.7, 12.8, 12.6, 12.65]
['2017-01-24', 12.65, 13.05, 12.6, 13.05]
['2017-01-25', 13.1, 13.73, 12.95, 13.55]
['2017-01-26', 13.55, 13.75, 13.15, 13.2]
['2017-01-27', 13.1, 13.3, 12.9, 13.15]
['2017-01-30', 13.0, 13.35, 12.9, 13.25]
['2017-01-31', 13.15, 13.2, 12.9, 13.0]
['2017-02-01', 12.9, 13.15, 12.55, 12.55]
['2017-02-02', 12.55, 12.7, 12.43, 12.5]
['2017-02-03', 12.65, 12.7, 12.5, 12.6]
['2017-02-06', 12.6, 12.65, 12.4, 12.55]
['2017-02-07', 12.4, 12.78, 12.35, 12.5]
['2017-02-08', 12.45, 12.73, 12.4, 12.6]
['2017-02-09', 12.5, 13.0, 12.5, 12.85]
['2017-02-10', 12.8, 13.05, 12.8, 13.0]
['2017-02-13', 13.1, 13.4, 13.1, 13.25]
['2017-02-14', 13.3, 13.3, 12.68, 12.9]
['2017-02-15', 13.55, 14.15, 13.15, 13.8]
['2017-02-16', 13.75, 14.0, 13.7, 13.8]
['2017-02-17', 13.8, 13.95, 13.45, 13.5]
['2017-02-21', 13.65, 13.65, 13.25, 13.5]
['2017-02-22', 13.5, 13.68, 13.25, 13.3]
['2017-02-23', 13.3, 13.55, 13.25, 13.25]
['2017-02-24', 13.1, 13.3, 13.05, 13.3]
['2017-02-27', 13.3, 13.55, 13.25, 13.45]
['2017-02-28', 13.35, 13.45, 13.05, 13.05]
['2017-03-01', 13.25, 13.45, 13.08, 13.25]
['2017-03-02', 13.2, 13.3, 12.9, 12.95]
['2017-03-03', 12.95, 13.05, 12.75, 12.9]
['2017-03-06', 12.85, 13.25, 12.75, 13.15]
['2017-03-07', 13.1, 13.4, 12.85, 12.9]
['2017-03-08', 12.95, 13.1, 12.8, 12.95]
['2017-03-09', 12.9, 13.1, 12.8, 12.95]
['2017-03-10', 13.05, 13.05, 12.85, 12.95]
['2017-03-13', 12.9, 13.05, 12.8, 13.0]
['2017-03-14', 12.95, 13.05, 12.7, 12.85]
['2017-03-15', 12.95, 13.18, 12.85, 13.05]
['2017-03-16', 13.1, 13.4, 13.0, 13.35]
['2017-03-17', 13.3, 13.4, 13.1, 13.2]
['2017-03-20', 13.25, 13.4, 12.95, 13.0]
['2017-03-21', 13.05, 13.2, 12.75, 12.8]
['2017-03-22', 12.85, 13.2, 12.78, 13.15]
['2017-03-23', 13.1, 13.38, 13.1, 13.3]
['2017-03-24', 13.35, 13.55, 13.35, 13.45]
['2017-03-27', 13.25, 13.58, 13.15, 13.45]
['2017-03-28', 13.45, 13.75, 13.45, 13.5]
['2017-03-29', 13.4, 13.98, 13.4, 13.9]
['2017-03-30', 13.95, 13.95, 13.65, 13.75]
['2017-03-31', 13.75, 14.0, 13.57, 13.9]
['2017-04-03', 13.85, 14.0, 13.7, 13.9]
['2017-04-04', 13.9, 13.95, 13.5, 13.6]
['2017-04-05', 13.75, 13.88, 13.6, 13.65]
['2017-04-06', 13.6, 13.85, 13.6, 13.75]
['2017-04-07', 13.75, 13.75, 13.6, 13.7]
['2017-04-10', 13.7, 13.85, 13.55, 13.7]
['2017-04-11', 13.65, 13.8, 13.65, 13.8]
['2017-04-12', 13.75, 13.75, 13.4, 13.6]
['2017-04-13', 13.6, 13.73, 13.4, 13.65]
['2017-04-17', 13.75, 13.85, 13.6, 13.85]
['2017-04-18', 13.8, 14.0, 13.68, 13.8]
['2017-04-19', 13.9, 13.95, 13.75, 13.9]
['2017-04-20', 13.95, 14.05, 13.75, 14.0]
['2017-04-21', 13.95, 14.0, 13.75, 13.9]
['2017-04-24', 14.05, 14.05, 13.8, 14.0]
['2017-04-25', 14.05, 14.1, 13.8, 13.85]
['2017-04-26', 13.85, 14.0, 13.76, 13.95]
['2017-04-27', 13.95, 14.0, 13.83, 13.85]
['2017-04-28', 13.8, 14.05, 13.7, 13.95]
['2017-05-01', 13.95, 14.15, 13.9, 14.1]
['2017-05-02', 14.15, 14.28, 13.75, 13.85]
['2017-05-03', 11.75, 12.2, 11.02, 11.58]
['2017-05-04', 11.55, 11.85, 11.28, 11.85]
['2017-05-05', 11.85, 11.85, 11.35, 11.35]
['2017-05-08', 11.3, 11.6, 11.28, 11.5]
['2017-05-09', 11.6, 11.68, 11.38, 11.55]
['2017-05-10', 11.5, 11.58, 11.3, 11.35]
['2017-05-11', 11.3, 11.38, 11.05, 11.05]
['2017-05-12', 11.0, 11.25, 10.8, 10.95]
['2017-05-15', 10.95, 11.2, 10.88, 11.1]
['2017-05-16', 11.15, 11.15, 10.7, 10.8]
['2017-05-17', 10.8, 10.88, 10.65, 10.65]
['2017-05-18', 10.7, 10.8, 10.5, 10.8]
['2017-05-19', 10.75, 10.85, 10.65, 10.75]
['2017-05-22', 10.75, 10.93, 10.65, 10.8]
['2017-05-23', 10.8, 10.8, 10.65, 10.65]
['2017-05-24', 10.7, 10.9, 10.65, 10.75]
['2017-05-25', 10.75, 10.8, 10.7, 10.75]
['2017-05-26', 10.8, 10.9, 10.73, 10.8]
['2017-05-30', 10.75, 10.85, 10.7, 10.85]
['2017-05-31', 11.6, 12.0, 11.2, 11.5]
['2017-06-01', 11.45, 11.75, 11.45, 11.6]
['2017-06-02', 11.55, 11.95, 11.55, 11.8]
['2017-06-05', 11.7, 11.9, 11.6, 11.75]
['2017-06-06', 11.75, 11.85, 11.55, 11.6]
['2017-06-07', 11.65, 11.8, 11.5, 11.65]
['2017-06-08', 11.65, 11.9, 11.65, 11.85]
['2017-06-09', 11.8, 12.05, 11.8, 12.0]
['2017-06-12', 12.05, 12.1, 11.9, 11.9]
['2017-06-13', 11.9, 11.95, 11.7, 11.9]
['2017-06-14', 11.95, 12.05, 11.8, 11.9]
['2017-06-15', 11.85, 12.0, 11.73, 11.9]
['2017-06-16', 11.85, 11.9, 11.7, 11.9]
['2017-06-19', 11.95, 12.03, 11.5, 11.75]
['2017-06-20', 11.7, 11.77, 11.43, 11.55]
['2017-06-21', 11.6, 11.65, 11.13, 11.25]
['2017-06-22', 11.3, 12.15, 11.23, 11.45]
['2017-06-23', 11.5, 11.65, 11.45, 11.6]
['2017-06-26', 11.6, 11.7, 11.35, 11.45]
['2017-06-27', 11.45, 11.55, 11.4, 11.45]
['2017-06-28', 11.5, 11.75, 11.35, 11.7]
['2017-06-29', 11.7, 11.8, 11.48, 11.55]
['2017-06-30', 11.6, 11.75, 11.45, 11.5]
['2017-07-03', 11.55, 12.0, 11.55, 11.9]
['2017-07-05', 11.85, 11.95, 11.55, 11.6]
['2017-07-06', 11.6, 11.8, 11.55, 11.7]
['2017-07-07', 11.7, 12.2, 11.65, 12.2]
['2017-07-10', 12.1, 12.2, 12.0, 12.15]
['2017-07-11', 12.05, 12.2, 11.86, 12.0]
['2017-07-12', 12.1, 12.6, 12.1, 12.55]
['2017-07-13', 12.45, 12.9, 12.15, 12.7]
['2017-07-14', 12.65, 12.7, 12.35, 12.6]
['2017-07-17', 12.6, 12.73, 12.4, 12.55]
['2017-07-18', 12.45, 12.53, 12.25, 12.45]
['2017-07-19', 12.4, 12.65, 12.4, 12.55]
['2017-07-20', 12.6, 12.8, 12.55, 12.65]
['2017-07-21', 12.35, 12.35, 11.9, 12.05]
['2017-07-24', 12.05, 12.05, 11.75, 11.8]
['2017-07-25', 11.85, 12.05, 11.75, 11.9]
['2017-07-26', 11.95, 12.15, 11.8, 12.0]
['2017-07-27', 12.0, 12.0, 11.8, 11.9]
['2017-07-28', 11.85, 11.93, 11.75, 11.75]
['2017-07-31', 11.85, 11.91, 11.45, 11.5]
['2017-08-01', 11.6, 11.6, 11.1, 11.15]
['2017-08-02', 11.2, 11.25, 10.95, 11.0]
['2017-08-03', 11.05, 11.1, 10.8, 10.9]
['2017-08-04', 10.65, 11.6, 10.65, 11.15]
['2017-08-07', 10.95, 11.15, 10.8, 10.95]
['2017-08-08', 10.85, 11.05, 10.6, 10.9]
['2017-08-09', 10.9, 11.15, 10.8, 11.15]
['2017-08-10', 11.05, 11.2, 11.0, 11.1]
['2017-08-11', 11.15, 11.2, 11.03, 11.2]
['2017-08-14', 11.3, 11.35, 11.1, 11.2]
['2017-08-15', 11.3, 11.3, 11.15, 11.25]
['2017-08-16', 11.25, 11.55, 11.25, 11.5]
['2017-08-17', 11.45, 11.55, 11.2, 11.2]
['2017-08-18', 11.1, 11.45, 11.05, 11.35]
['2017-08-21', 11.3, 11.5, 11.1, 11.3]
['2017-08-22', 11.3, 11.75, 11.3, 11.65]
['2017-08-23', 11.6, 11.6, 11.45, 11.5]
['2017-08-24', 11.5, 11.9, 11.45, 11.75]
['2017-08-25', 11.75, 11.85, 11.5, 11.65]
['2017-08-28', 11.7, 11.7, 11.55, 11.6]
['2017-08-29', 11.5, 11.7, 11.5, 11.6]
['2017-08-30', 11.65, 11.95, 11.55, 11.8]
['2017-08-31', 11.9, 12.15, 11.85, 12.0]
['2017-09-01', 12.1, 12.13, 11.75, 11.8]
['2017-09-05', 11.75, 11.8, 11.58, 11.65]
['2017-09-06', 11.75, 11.75, 11.55, 11.6]
['2017-09-07', 11.65, 11.65, 11.35, 11.35]
['2017-09-08', 11.4, 11.4, 10.98, 11.0]
['2017-09-11', 11.15, 11.33, 11.05, 11.2]
['2017-09-12', 11.25, 11.45, 11.15, 11.35]
['2017-09-13', 11.3, 11.45, 11.3, 11.3]
['2017-09-14', 11.3, 11.4, 11.11, 11.2]
['2017-09-15', 11.2, 11.6, 11.1, 11.55]
['2017-09-18', 11.65, 11.65, 11.35, 11.35]
['2017-09-19', 11.3, 11.45, 11.2, 11.35]
['2017-09-20', 11.3, 11.7, 11.3, 11.6]
['2017-09-21', 11.6, 11.75, 11.45, 11.55]
['2017-09-22', 11.55, 11.7, 11.53, 11.6]
['2017-09-25', 11.6, 11.7, 11.5, 11.65]
['2017-09-26', 11.65, 11.68, 11.5, 11.6]
['2017-09-27', 11.6, 11.75, 11.5, 11.5]
['2017-09-28', 12.0, 12.65, 11.85, 12.3]
['2017-09-29', 12.15, 12.5, 12.15, 12.4]
['2017-10-02', 12.3, 12.55, 12.2, 12.3]
['2017-10-03', 12.25, 12.5, 12.13, 12.2]
['2017-10-04', 12.2, 12.45, 11.93, 11.95]
['2017-10-05', 11.9, 12.3, 11.7, 12.15]
['2017-10-06', 12.2, 12.75, 12.2, 12.5]
['2017-10-09', 12.5, 12.61, 12.35, 12.45]
['2017-10-10', 12.55, 12.6, 12.3, 12.45]
['2017-10-11', 12.4, 12.5, 12.23, 12.3]
['2017-10-12', 12.2, 12.3, 12.0, 12.25]
['2017-10-13', 12.3, 12.4, 12.1, 12.2]
['2017-10-16', 12.25, 12.4, 12.1, 12.15]
['2017-10-17', 12.05, 12.5, 12.05, 12.5]
['2017-10-18', 12.5, 12.65, 12.33, 12.4]
['2017-10-19', 12.35, 12.65, 12.3, 12.5]
['2017-10-20', 12.6, 12.6, 12.1, 12.1]
['2017-10-23', 12.15, 12.25, 12.0, 12.05]
['2017-10-24', 12.1, 12.2, 11.98, 12.0]
['2017-10-25', 11.9, 12.15, 11.85, 12.1]
['2017-10-26', 12.15, 12.35, 11.9, 12.0]
['2017-10-27', 12.05, 12.35, 11.95, 12.3]
['2017-10-30', 12.2, 12.3, 11.93, 12.0]
['2017-10-31', 12.05, 12.35, 11.9, 12.05]
['2017-11-01', 12.15, 12.23, 11.9, 11.95]
['2017-11-02', 11.95, 12.1, 11.43, 11.5]
['2017-11-03', 11.8, 11.9, 11.05, 11.05]
['2017-11-06', 11.15, 11.9, 11.05, 11.8]
['2017-11-07', 11.7, 12.15, 11.65, 11.7]
['2017-11-08', 11.6, 11.73, 11.39, 11.5]
['2017-11-09', 11.4, 11.55, 11.25, 11.45]
['2017-11-10', 11.5, 12.0, 11.45, 11.9]
['2017-11-13', 11.85, 11.95, 11.75, 11.75]
['2017-11-14', 11.75, 12.08, 11.6, 11.9]
['2017-11-15', 11.85, 11.95, 11.75, 11.8]
['2017-11-16', 11.9, 12.15, 11.85, 12.0]
['2017-11-17', 11.9, 12.25, 11.9, 12.0]
['2017-11-20', 12.0, 12.35, 11.9, 12.3]
['2017-11-21', 12.3, 12.45, 12.05, 12.15]
['2017-11-22', 12.15, 12.25, 12.0, 12.05]
['2017-11-24', 12.1, 12.3, 12.05, 12.2]
['2017-11-27', 12.15, 12.25, 12.05, 12.2]
['2017-11-28', 12.3, 12.6, 11.48, 12.55]
['2017-11-29', 12.55, 12.95, 12.45, 12.8]
['2017-11-30', 12.95, 13.13, 12.7, 12.85]
['2017-12-01', 12.8, 12.8, 12.25, 12.6]
['2017-12-04', 12.7, 13.4, 12.7, 13.3]
['2017-12-05', 13.35, 13.5, 12.95, 13.0]
['2017-12-06', 13.0, 13.1, 12.65, 12.65]
['2017-12-07', 12.65, 12.95, 12.2, 12.85]
['2017-12-08', 12.85, 12.85, 12.55, 12.65]
['2017-12-11', 12.7, 12.9, 12.55, 12.85]
['2017-12-12', 12.85, 12.95, 12.65, 12.7]
['2017-12-13', 12.7, 13.0, 12.68, 12.7]
['2017-12-14', 12.7, 12.8, 12.4, 12.5]
['2017-12-15', 12.5, 12.9, 12.5, 12.65]
['2017-12-18', 12.8, 12.9, 12.4, 12.45]
['2017-12-19', 12.45, 12.8, 12.42, 12.75]
['2017-12-20', 12.8, 12.9, 12.5, 12.65]
['2017-12-21', 12.7, 12.78, 12.6, 12.65]
['2017-12-22', 12.65, 12.65, 12.45, 12.5]
['2017-12-26', 12.5, 12.6, 12.4, 12.45]
['2017-12-27', 12.4, 12.63, 12.35, 12.5]
['2017-12-28', 12.5, 12.7, 12.3, 12.6]
['2017-12-29', 12.6, 12.78, 12.25, 12.3]
['2018-01-02', 12.6, 12.7, 12.4, 12.7]
['2018-01-03', 12.7, 12.95, 12.68, 12.8]
['2018-01-04', 12.85, 13.3, 12.75, 12.9]
['2018-01-05', 13.0, 13.03, 12.75, 12.95]
['2018-01-08', 13.0, 13.0, 12.75, 13.0]
['2018-01-09', 13.0, 13.0, 12.86, 12.9]
['2018-01-10', 12.8, 13.0, 12.8, 12.95]
['2018-01-11', 12.95, 13.23, 12.86, 13.15]
['2018-01-12', 13.2, 13.4, 13.1, 13.15]
['2018-01-16', 13.15, 13.25, 12.45, 12.75]
['2018-01-17', 12.85, 13.0, 12.7, 12.85]
['2018-01-18', 12.85, 13.05, 12.6, 12.95]
['2018-01-19', 12.9, 13.15, 12.85, 13.05]
['2018-01-22', 13.0, 13.0, 12.65, 12.8]
['2018-01-23', 12.85, 12.85, 12.6, 12.8]
['2018-01-24', 12.8, 12.85, 12.3, 12.5]
['2018-01-25', 12.5, 12.65, 12.5, 12.65]
['2018-01-26', 12.6, 12.75, 12.45, 12.65]
['2018-01-29', 12.6, 12.7, 12.45, 12.45]
['2018-01-30', 12.45, 12.6, 12.25, 12.3]
['2018-01-31', 12.3, 12.3, 12.0, 12.1]
['2018-02-01', 12.05, 12.35, 11.85, 12.15]
['2018-02-02', 12.1, 12.45, 11.95, 12.0]
['2018-02-05', 11.9, 12.05, 11.5, 11.6]
['2018-02-06', 11.4, 11.83, 11.4, 11.65]
['2018-02-07', 11.55, 11.95, 11.25, 11.95]
['2018-02-08', 11.9, 11.95, 11.5, 11.7]
['2018-02-09', 11.9, 11.95, 11.5, 11.8]
['2018-02-12', 11.8, 11.85, 11.4, 11.8]
['2018-02-13', 11.7, 11.85, 11.55, 11.7]
['2018-02-14', 11.6, 12.08, 11.5, 12.05]
['2018-02-15', 12.1, 12.35, 12.0, 12.3]
['2018-02-16', 12.25, 12.45, 12.0, 12.15]
['2018-02-20', 12.05, 12.1, 11.75, 11.9]
['2018-02-21', 11.95, 12.4, 11.85, 12.05]
['2018-02-22', 12.1, 12.3, 11.75, 11.9]
['2018-02-23', 12.6, 13.25, 11.9, 12.95]
['2018-02-26', 12.9, 13.05, 12.65, 12.9]
['2018-02-27', 13.0, 13.15, 12.75, 12.85]
['2018-02-28', 12.85, 13.15, 12.8, 12.85]
['2018-03-01', 12.9, 13.15, 12.4, 12.65]
['2018-03-02', 12.4, 13.25, 12.4, 13.15]
['2018-03-05', 13.2, 13.3, 13.0, 13.1]
['2018-03-06', 13.15, 13.25, 12.9, 13.2]
['2018-03-07', 13.15, 13.4, 13.1, 13.2]
['2018-03-08', 13.3, 13.3, 13.0, 13.05]
['2018-03-09', 13.15, 13.25, 12.8, 13.05]
['2018-03-12', 13.0, 13.35, 13.0, 13.25]
['2018-03-13', 13.35, 13.45, 13.0, 13.3]
['2018-03-14', 13.3, 13.35, 12.85, 12.85]
['2018-03-15', 12.8, 13.05, 12.7, 12.7]
['2018-03-16', 12.65, 13.05, 12.46, 12.75]
['2018-03-19', 12.7, 13.05, 12.65, 12.95]
['2018-03-20', 12.9, 13.15, 12.9, 12.95]
['2018-03-21', 12.9, 13.15, 12.8, 13.0]
['2018-03-22', 12.85, 13.05, 12.65, 12.7]
['2018-03-23', 12.75, 12.75, 12.35, 12.35]
['2018-03-26', 12.55, 12.7, 12.4, 12.55]
['2018-03-27', 12.5, 12.7, 12.3, 12.35]
['2018-03-28', 12.35, 12.5, 11.8, 11.95]
['2018-03-29', 12.0, 12.15, 11.9, 12.05]
['2018-04-02', 12.0, 12.05, 11.7, 12.0]
['2018-04-03', 11.9, 12.25, 11.9, 12.1]
['2018-04-04', 12.0, 12.5, 11.9, 12.3]
['2018-04-05', 12.45, 12.55, 12.25, 12.5]
['2018-04-06', 12.4, 12.55, 12.1, 12.2]
['2018-04-09', 12.3, 12.45, 12.03, 12.1]
['2018-04-10', 12.25, 12.5, 12.2, 12.35]
['2018-04-11', 12.35, 12.4, 12.25, 12.35]
['2018-04-12', 12.4, 12.55, 12.15, 12.25]
['2018-04-13', 12.25, 12.35, 12.15, 12.35]
['2018-04-16', 12.35, 12.58, 12.15, 12.2]
['2018-04-17', 12.2, 12.5, 11.5, 11.55]
['2018-04-18', 11.55, 11.8, 11.5, 11.65]
['2018-04-19', 11.7, 11.9, 11.55, 11.9]
['2018-04-20', 11.85, 11.95, 11.7, 11.7]
['2018-04-23', 11.75, 11.75, 11.5, 11.5]
['2018-04-24', 11.5, 11.65, 11.15, 11.2]
['2018-04-25', 11.25, 11.45, 11.15, 11.35]
['2018-04-26', 11.35, 11.7, 11.35, 11.55]
['2018-04-27', 11.6, 11.68, 11.48, 11.65]
['2018-04-30', 11.5, 12.0, 11.5, 11.95]
['2018-05-01', 11.95, 11.95, 11.65, 11.8]
['2018-05-02', 11.75, 12.1, 11.65, 12.0]
['2018-05-03', 11.95, 11.98, 11.68, 11.7]
['2018-05-04', 11.65, 12.5, 11.65, 12.4]
['2018-05-07', 12.4, 12.45, 12.18, 12.25]
['2018-05-08', 12.2, 12.4, 11.6, 11.65]
['2018-05-09', 12.1, 13.0, 11.8, 12.95]
['2018-05-10', 12.8, 13.0, 12.6, 12.95]
['2018-05-11', 13.0, 13.0, 12.7, 12.95]
['2018-05-14', 12.9, 13.0, 12.65, 12.9]
['2018-05-15', 12.85, 12.98, 12.65, 12.65]
['2018-05-16', 12.35, 13.2, 12.35, 13.1]
['2018-05-17', 13.15, 13.45, 13.1, 13.25]
['2018-05-18', 13.25, 13.25, 13.05, 13.1]
['2018-05-21', 13.15, 13.34, 12.85, 12.95]
['2018-05-22', 13.0, 13.31, 13.0, 13.15]
['2018-05-23', 13.1, 13.25, 13.0, 13.15]
['2018-05-24', 13.15, 13.45, 13.15, 13.25]
['2018-05-25', 13.2, 13.55, 13.15, 13.25]
['2018-05-29', 13.25, 13.4, 13.05, 13.3]
['2018-05-30', 13.35, 13.75, 13.35, 13.35]
['2018-05-31', 13.4, 13.45, 13.2, 13.3]
['2018-06-01', 13.4, 13.4, 13.1, 13.2]
['2018-06-04', 13.2, 13.25, 12.95, 13.05]
['2018-06-05', 13.05, 13.08, 12.7, 12.75]
['2018-06-06', 12.75, 13.0, 12.7, 13.0]
['2018-06-07', 13.0, 13.05, 12.6, 12.65]
['2018-06-08', 12.65, 13.03, 12.55, 12.85]
['2018-06-11', 12.9, 13.0, 12.63, 12.65]
['2018-06-12', 12.65, 12.95, 12.65, 12.8]
['2018-06-13', 12.9, 13.25, 12.8, 12.95]
['2018-06-14', 12.95, 13.2, 12.95, 13.1]
['2018-06-15', 13.05, 13.6, 13.05, 13.5]
['2018-06-18', 13.4, 13.59, 13.1, 13.2]
['2018-06-19', 13.15, 13.35, 13.05, 13.1]
['2018-06-20', 13.15, 13.25, 13.05, 13.2]
['2018-06-21', 13.2, 13.45, 13.1, 13.15]
['2018-06-22', 13.2, 13.51, 13.15, 13.35]
['2018-06-25', 13.25, 13.35, 13.05, 13.15]
['2018-06-26', 13.05, 13.4, 13.05, 13.35]
['2018-06-27', 13.3, 13.31, 12.95, 13.0]
['2018-06-28', 13.0, 13.2, 12.95, 13.15]
['2018-06-29', 13.15, 13.25, 12.85, 12.95]
['2018-07-02', 12.95, 13.2, 12.95, 13.1]
['2018-07-03', 13.2, 13.3, 13.05, 13.25]
['2018-07-05', 13.3, 13.35, 13.05, 13.15]
['2018-07-06', 13.1, 13.2, 12.7, 12.8]
['2018-07-09', 12.85, 13.0, 12.45, 12.5]
['2018-07-10', 12.45, 12.6, 12.4, 12.6]
['2018-07-11', 12.55, 12.8, 12.5, 12.7]
['2018-07-12', 12.7, 12.9, 12.6, 12.65]
['2018-07-13', 12.7, 13.0, 12.65, 12.8]
['2018-07-16', 12.75, 12.8, 12.5, 12.6]
['2018-07-17', 12.6, 12.9, 12.6, 12.75]
['2018-07-18', 12.7, 12.83, 12.55, 12.7]
['2018-07-19', 12.7, 13.15, 12.7, 12.95]
['2018-07-20', 12.85, 13.03, 12.85, 12.9]
['2018-07-23', 12.85, 12.86, 12.65, 12.75]
['2018-07-24', 12.8, 12.93, 12.65, 12.75]
['2018-07-25', 12.7, 12.85, 12.55, 12.6]
['2018-07-26', 12.6, 12.75, 12.6, 12.7]
['2018-07-27', 12.65, 12.75, 12.35, 12.45]
['2018-07-30', 12.4, 12.5, 12.15, 12.2]
['2018-07-31', 12.25, 12.53, 12.15, 12.4]
['2018-08-01', 12.4, 12.45, 11.95, 12.3]
['2018-08-02', 12.25, 12.45, 12.25, 12.45]
['2018-08-03', 12.25, 12.45, 12.1, 12.15]
['2018-08-06', 12.1, 12.45, 12.1, 12.4]
['2018-08-07', 12.35, 12.5, 12.15, 12.2]
['2018-08-08', 12.0, 12.65, 12.0, 12.55]
['2018-08-09', 12.5, 12.95, 12.45, 12.75]
['2018-08-10', 12.75, 13.0, 12.6, 12.88]
['2018-08-13', 12.9, 13.0, 12.8, 13.0]
['2018-08-14', 13.1, 13.7, 13.0, 13.5]
['2018-08-15', 13.45, 13.55, 13.33, 13.4]
['2018-08-16', 13.45, 13.58, 13.3, 13.35]
['2018-08-17', 13.25, 13.75, 13.25, 13.65]
['2018-08-20', 13.75, 14.0, 13.65, 14.0]
['2018-08-21', 14.0, 14.15, 13.8, 13.85]
['2018-08-22', 13.85, 14.0, 13.65, 13.7]
['2018-08-23', 13.75, 14.0, 13.6, 13.8]
['2018-08-24', 13.85, 14.1, 13.81, 13.9]
['2018-08-27', 13.9, 14.0, 13.75, 13.9]
['2018-08-28', 13.9, 13.95, 13.7, 13.8]
['2018-08-29', 13.7, 13.89, 13.6, 13.6]
['2018-08-30', 13.6, 13.8, 13.55, 13.6]
['2018-08-31', 13.0, 13.6, 13.0, 13.55]
['2018-09-04', 13.55, 13.55, 13.2, 13.35]
['2018-09-05', 13.3, 13.4, 13.15, 13.35]
['2018-09-06', 13.4, 13.6, 13.23, 13.45]
['2018-09-07', 13.35, 13.5, 13.15, 13.45]
['2018-09-10', 13.55, 13.55, 13.3, 13.3]
['2018-09-11', 13.35, 13.5, 13.0, 13.05]
['2018-09-12', 13.05, 13.05, 12.65, 12.7]
['2018-09-13', 12.7, 13.05, 12.7, 13.0]
['2018-09-14', 13.0, 13.1, 12.75, 12.85]
['2018-09-17', 12.9, 13.0, 12.5, 12.6]
['2018-09-18', 12.55, 12.9, 12.55, 12.8]
['2018-09-19', 12.85, 13.0, 12.65, 12.7]
['2018-09-20', 12.8, 12.95, 12.65, 12.8]
['2018-09-21', 12.7, 12.9, 12.2, 12.45]
['2018-09-24', 12.4, 12.6, 12.28, 12.35]
['2018-09-25', 12.35, 12.6, 12.35, 12.4]
['2018-09-26', 12.4, 12.65, 12.35, 12.5]
['2018-09-27', 12.5, 12.63, 12.3, 12.4]
['2018-09-28', 12.4, 12.45, 12.1, 12.3]
['2018-10-01', 12.3, 12.38, 12.1, 12.16]
['2018-10-02', 12.15, 12.16, 11.99, 12.08]
['2018-10-03', 12.12, 12.3, 11.97, 12.0]
['2018-10-04', 11.99, 12.05, 11.75, 11.86]
['2018-10-05', 11.9, 12.31, 11.9, 12.15]
['2018-10-08', 12.15, 12.22, 11.78, 11.96]
['2018-10-09', 11.95, 12.17, 11.94, 12.08]
['2018-10-10', 13.0, 13.0, 12.04, 12.08]
['2018-10-11', 12.08, 12.65, 12.01, 12.49]
['2018-10-12', 12.59, 13.19, 12.59, 13.12]
['2018-10-15', 13.12, 13.54, 13.1, 13.43]
['2018-10-16', 13.46, 13.46, 13.05, 13.37]
['2018-10-17', 13.35, 13.47, 13.27, 13.29]
['2018-10-18', 13.26, 13.28, 13.0, 13.01]
['2018-10-19', 13.02, 13.07, 12.46, 12.46]
['2018-10-22', 12.45, 12.75, 12.31, 12.33]
['2018-10-23', 12.26, 12.4, 11.97, 12.15]
['2018-10-24', 12.15, 12.38, 11.09, 11.1]
['2018-10-25', 11.16, 11.46, 10.94, 11.21]
['2018-10-26', 11.07, 11.44, 10.91, 11.35]
['2018-10-29', 11.43, 11.73, 11.34, 11.53]
['2018-10-30', 11.52, 11.94, 11.5, 11.87]
['2018-10-31', 11.99, 12.02, 11.67, 11.68]
['2018-11-01', 11.81, 11.95, 11.6, 11.67]
['2018-11-02', 11.71, 11.84, 11.57, 11.66]
['2018-11-05', 11.67, 11.79, 11.44, 11.51]
['2018-11-06', 11.51, 11.75, 11.5, 11.69]
['2018-11-07', 11.75, 11.8, 11.5, 11.71]
['2018-11-08', 11.72, 11.91, 11.5, 11.61]
['2018-11-09', 10.0, 11.18, 10.0, 10.86]
['2018-11-12', 10.8, 10.83, 10.38, 10.57]
['2018-11-13', 10.51, 10.99, 10.43, 10.75]
['2018-11-14', 10.89, 10.93, 10.48, 10.7]
['2018-11-15', 10.51, 10.82, 10.5, 10.69]
['2018-11-16', 10.62, 10.71, 10.5, 10.61]
['2018-11-19', 10.55, 10.73, 10.37, 10.48]
['2018-11-20', 10.34, 10.59, 10.18, 10.27]
['2018-11-21', 10.3, 10.35, 10.09, 10.14]
['2018-11-23', 10.11, 10.58, 10.1, 10.36]
['2018-11-26', 10.42, 10.44, 10.26, 10.37]
['2018-11-27', 10.31, 10.53, 10.17, 10.25]
['2018-11-28', 10.29, 10.52, 10.17, 10.37]
['2018-11-29', 10.34, 10.47, 10.2, 10.23]
['2018-11-30', 10.2, 10.29, 10.09, 10.18]
['2018-12-03', 10.18, 10.32, 9.25, 9.37]
['2018-12-04', 9.31, 9.67, 9.31, 9.47]
['2018-12-06', 9.5, 9.6, 9.34, 9.53]
['2018-12-07', 9.51, 9.6, 9.13, 9.21]
['2018-12-10', 9.24, 9.4, 9.12, 9.32]
['2018-12-11', 9.43, 9.44, 9.23, 9.29]
['2018-12-12', 9.35, 9.62, 9.15, 9.5]
['2018-12-13', 9.52, 9.64, 9.3, 9.36]
['2018-12-14', 9.31, 9.44, 9.13, 9.17]
['2018-12-17', 9.17, 9.4, 8.97, 9.11]
['2018-12-18', 9.28, 9.28, 9.02, 9.03]
['2018-12-19', 9.05, 9.32, 8.65, 8.68]
['2018-12-20', 8.7, 8.86, 8.4, 8.48]
['2018-12-21', 8.48, 8.87, 8.11, 8.16]
['2018-12-24', 8.13, 8.41, 8.07, 8.17]
['2018-12-26', 8.2, 8.3, 8.04, 8.09]
['2018-12-27', 8.01, 8.12, 7.71, 8.02]
['2018-12-28', 8.04, 8.15, 7.89, 8.02]
['2018-12-31', 8.03, 8.14, 7.84, 8.05]
['2019-01-02', 8.0, 8.13, 7.8, 8.03]
['2019-01-03', 7.91, 8.07, 7.8, 7.96]
['2019-01-04', 8.03, 8.31, 7.9, 8.18]
['2019-01-07', 8.18, 8.45, 8.06, 8.3]
['2019-01-08', 8.36, 8.43, 8.28, 8.42]
['2019-01-09', 8.42, 8.71, 8.33, 8.52]
['2019-01-10', 8.47, 8.57, 8.45, 8.5]
['2019-01-11', 8.44, 8.54, 8.41, 8.44]
['2019-01-14', 8.42, 8.52, 8.27, 8.41]
['2019-01-15', 8.42, 8.45, 8.33, 8.4]
['2019-01-16', 8.41, 8.48, 8.35, 8.44]
['2019-01-17', 8.4, 8.49, 8.35, 8.46]
['2019-01-18', 8.48, 8.61, 8.44, 8.56]
['2019-01-22', 8.54, 8.54, 8.36, 8.48]
['2019-01-23', 8.49, 8.59, 8.35, 8.55]
['2019-01-24', 8.56, 8.68, 8.49, 8.65]
['2019-01-25', 8.68, 8.79, 8.65, 8.7]
['2019-01-28', 8.64, 8.7, 8.46, 8.64]
['2019-01-29', 8.63, 8.77, 8.49, 8.76]
['2019-01-30', 8.76, 8.83, 8.6, 8.66]
['2019-01-31', 8.67, 8.74, 8.54, 8.67]
['2019-02-01', 8.69, 8.69, 8.46, 8.52]
['2019-02-04', 8.53, 8.59, 8.45, 8.49]
['2019-02-05', 8.5, 8.52, 8.34, 8.38]
['2019-02-06', 8.4, 8.45, 8.18, 8.28]
['2019-02-07', 8.22, 8.34, 8.16, 8.24]
['2019-02-08', 8.23, 8.43, 8.07, 8.4]
['2019-02-11', 8.4, 8.47, 8.29, 8.3]
['2019-02-12', 8.33, 8.45, 8.3, 8.32]
['2019-02-13', 8.31, 8.37, 8.14, 8.22]
['2019-02-14', 8.14, 8.32, 8.14, 8.26]
['2019-02-15', 8.31, 8.52, 8.23, 8.35]
['2019-02-19', 8.37, 8.6, 8.37, 8.52]
['2019-02-20', 8.5, 8.84, 8.5, 8.76]
['2019-02-21', 8.76, 8.79, 8.3, 8.33]
['2019-02-22', 8.3, 8.53, 8.3, 8.47]
['2019-02-25', 8.53, 8.53, 8.05, 8.32]
['2019-02-26', 8.03, 8.92, 8.03, 8.43]
['2019-02-27', 8.39, 8.5, 8.27, 8.47]
['2019-02-28', 8.45, 8.52, 8.3, 8.42]
['2019-03-01', 8.45, 8.68, 8.4, 8.59]
['2019-03-04', 8.63, 8.78, 8.5, 8.56]
['2019-03-05', 8.56, 8.75, 8.5, 8.56]
['2019-03-06', 8.53, 8.62, 8.49, 8.58]
['2019-03-07', 8.57, 8.61, 8.46, 8.52]
['2019-03-08', 8.48, 8.54, 8.43, 8.5]
['2019-03-11', 8.51, 8.51, 8.0, 8.23]
['2019-03-12', 8.2, 8.39, 8.18, 8.25]
['2019-03-13', 8.27, 8.46, 8.27, 8.4]
['2019-03-14', 8.39, 8.61, 8.31, 8.54]
['2019-03-15', 8.56, 8.69, 8.46, 8.46]
['2019-03-18', 8.47, 8.53, 8.36, 8.45]
['2019-03-19', 8.44, 8.51, 8.36, 8.45]
['2019-03-20', 8.44, 8.52, 8.35, 8.41]
['2019-03-21', 8.4, 8.54, 8.39, 8.41]
['2019-03-22', 8.38, 8.51, 8.37, 8.45]
['2019-03-25', 8.42, 8.6, 8.39, 8.49]
['2019-03-26', 8.49, 8.64, 8.49, 8.6]
['2019-03-27', 8.59, 8.73, 8.48, 8.67]
['2019-03-28', 8.63, 8.84, 8.63, 8.68]
['2019-03-29', 8.7, 8.84, 8.49, 8.51]
['2019-04-01', 8.55, 8.83, 8.55, 8.82]
['2019-04-02', 8.83, 9.28, 8.7, 9.21]
['2019-04-03', 9.22, 9.34, 8.97, 9.05]
['2019-04-04', 9.05, 9.25, 9.04, 9.16]
['2019-04-05', 9.18, 9.4, 9.16, 9.36]
['2019-04-08', 9.33, 9.42, 9.2, 9.31]
['2019-04-09', 9.27, 9.34, 8.96, 9.02]
['2019-04-10', 9.05, 9.1, 8.98, 9.06]
['2019-04-11', 9.1, 9.13, 9.03, 9.06]
['2019-04-12', 9.1, 9.21, 8.82, 8.94]
['2019-04-15', 8.98, 9.05, 8.92, 9.0]
['2019-04-16', 9.03, 9.06, 8.76, 8.8]
['2019-04-17', 8.82, 8.83, 8.66, 8.8]
['2019-04-18', 8.78, 8.99, 8.77, 8.92]
['2019-04-22', 8.91, 9.01, 8.77, 8.96]
['2019-04-23', 8.95, 9.06, 8.76, 9.0]
['2019-04-24', 8.98, 9.17, 8.83, 9.0]
['2019-04-25', 8.99, 9.12, 8.92, 9.08]
['2019-04-26', 9.08, 9.29, 9.08, 9.13]
['2019-04-29', 9.12, 9.23, 9.07, 9.19]
['2019-04-30', 9.2, 9.21, 8.84, 8.9]
['2019-05-01', 8.9, 9.0, 8.61, 8.66]
['2019-05-02', 8.66, 8.79, 8.5, 8.75]
['2019-05-03', 8.79, 8.99, 8.76, 8.85]
['2019-05-06', 8.7, 9.0, 8.6, 8.87]
['2019-05-07', 8.8, 8.9, 8.57, 8.63]
['2019-05-08', 7.13, 7.2, 6.7, 6.87]
['2019-05-09', 6.81, 7.0, 6.47, 6.54]
['2019-05-10', 6.55, 6.7, 6.39, 6.45]
['2019-05-13', 6.39, 6.39, 5.9, 5.98]
['2019-05-14', 5.93, 6.08, 5.78, 5.92]
['2019-05-15', 5.94, 5.96, 5.81, 5.87]
['2019-05-16', 5.91, 5.92, 5.51, 5.58]
['2019-05-17', 5.58, 5.87, 5.58, 5.77]
['2019-05-20', 5.9, 5.99, 5.36, 5.51]
['2019-05-21', 5.56, 5.95, 5.55, 5.72]
['2019-05-22', 5.7, 5.78, 5.49, 5.59]
['2019-05-23', 5.52, 5.55, 5.4, 5.45]
['2019-05-24', 5.48, 5.5, 5.27, 5.33]
['2019-05-28', 5.38, 5.52, 5.31, 5.31]
['2019-05-29', 5.32, 5.32, 5.0, 5.03]
['2019-05-30', 5.05, 5.06, 4.86, 4.89]
['2019-05-31', 4.87, 5.04, 4.75, 5.03]
['2019-06-03', 4.94, 4.98, 4.74, 4.76]
['2019-06-04', 4.8, 4.99, 4.8, 4.97]
['2019-06-05', 5.02, 5.05, 4.69, 4.71]
['2019-06-06', 4.72, 4.73, 4.53, 4.57]
['2019-06-07', 4.6, 4.63, 4.5, 4.52]
['2019-06-10', 4.55, 4.7, 4.38, 4.45]
['2019-06-11', 4.48, 4.83, 4.42, 4.82]
['2019-06-12', 4.8, 4.8, 4.51, 4.52]
['2019-06-13', 4.53, 4.84, 4.52, 4.8]
['2019-06-14', 4.8, 5.04, 4.8, 5.0]
['2019-06-17', 5.01, 5.05, 4.83, 5.03]
['2019-06-18', 5.04, 5.16, 4.95, 4.99]
['2019-06-19', 5.0, 5.12, 4.9, 5.11]
['2019-06-20', 5.12, 5.18, 4.96, 5.05]
['2019-06-21', 5.02, 5.16, 5.02, 5.08]
['2019-06-24', 5.07, 5.11, 5.02, 5.1]
['2019-06-25', 5.1, 5.11, 4.87, 4.98]
['2019-06-26', 5.01, 5.04, 4.89, 4.96]
['2019-06-27', 5.02, 5.02, 4.83, 4.84]
['2019-06-28', 4.86, 5.12, 4.77, 5.09]
['2019-07-01', 5.08, 5.11, 4.91, 4.93]
['2019-07-02', 4.86, 4.95, 4.85, 4.94]
['2019-07-03', 5.04, 5.04, 4.95, 5.03]
['2019-07-05', 5.01, 5.07, 4.99, 5.06]
['2019-07-08', 5.03, 5.05, 4.9, 4.93]
['2019-07-09', 4.98, 4.98, 4.83, 4.87]
['2019-07-10', 4.8, 4.88, 4.75, 4.79]
['2019-07-11', 4.77, 4.85, 4.51, 4.61]
['2019-07-12', 4.63, 4.64, 4.24, 4.46]
['2019-07-15', 4.54, 4.62, 4.44, 4.6]
['2019-07-16', 4.59, 4.71, 4.5, 4.6]
['2019-07-17', 4.59, 4.6, 4.5, 4.54]
['2019-07-18', 4.51, 4.56, 4.35, 4.46]
['2019-07-19', 4.43, 4.49, 4.4, 4.44]
['2019-07-22', 4.46, 4.57, 4.42, 4.48]
['2019-07-23', 4.5, 4.57, 4.46, 4.48]
['2019-07-24', 4.5, 4.67, 4.46, 4.61]
['2019-07-25', 4.63, 4.66, 4.47, 4.48]
['2019-07-26', 4.57, 4.57, 4.29, 4.38]
['2019-07-29', 4.4, 4.41, 4.18, 4.18]
['2019-07-30', 4.17, 4.2, 3.97, 4.17]
['2019-07-31', 4.1, 4.21, 4.1, 4.16]
['2019-08-01', 4.14, 4.22, 4.04, 4.15]
['2019-08-02', 4.14, 4.21, 4.02, 4.06]
['2019-08-05', 4.04, 4.05, 3.87, 3.98]
['2019-08-06', 3.99, 4.23, 3.99, 4.2]
['2019-08-07', 3.3, 3.85, 3.1, 3.6]
['2019-08-08', 3.58, 3.8, 3.5, 3.67]
['2019-08-09', 3.64, 4.25, 3.64, 4.06]
['2019-08-12', 4.07, 4.07, 3.85, 3.92]
['2019-08-13', 3.94, 4.45, 3.94, 4.33]
['2019-08-14', 4.25, 4.4, 4.25, 4.35]
['2019-08-15', 4.36, 4.41, 4.26, 4.32]
['2019-08-16', 4.35, 4.57, 4.26, 4.5]
['2019-08-19', 4.54, 4.77, 4.48, 4.65]
['2019-08-20', 4.64, 4.71, 4.59, 4.62]
['2019-08-21', 4.66, 4.8, 4.64, 4.75]
['2019-08-22', 4.76, 4.85, 4.64, 4.71]
['2019-08-23', 4.71, 4.74, 4.53, 4.66]
['2019-08-26', 4.71, 4.79, 4.62, 4.73]
['2019-08-27', 4.71, 4.72, 4.45, 4.55]
['2019-08-28', 4.51, 4.57, 4.26, 4.4]
['2019-08-29', 4.43, 4.67, 4.42, 4.62]
['2019-08-30', 4.63, 4.79, 4.52, 4.63]
['2019-09-03', 4.57, 4.71, 4.38, 4.42]
['2019-09-04', 4.45, 4.61, 4.45, 4.56]
['2019-09-05', 4.61, 4.75, 4.51, 4.53]
['2019-09-06', 4.55, 4.68, 4.45, 4.48]
['2019-09-09', 4.47, 4.72, 4.42, 4.6]
['2019-09-10', 4.59, 4.83, 4.59, 4.73]
['2019-09-11', 4.75, 4.97, 4.72, 4.97]
['2019-09-12', 4.94, 4.99, 4.85, 4.94]
['2019-09-13', 4.94, 5.04, 4.81, 4.83]
['2019-09-16', 4.85, 4.99, 4.76, 4.87]
['2019-09-17', 4.86, 4.94, 4.71, 4.73]
['2019-09-18', 4.75, 4.83, 4.67, 4.72]
['2019-09-19', 4.74, 4.89, 4.51, 4.53]
['2019-09-20', 4.52, 4.61, 4.51, 4.54]
['2019-09-23', 4.51, 4.57, 4.42, 4.48]
['2019-09-24', 4.46, 4.49, 4.28, 4.33]
['2019-09-25', 4.35, 4.43, 4.31, 4.33]
['2019-09-26', 4.29, 4.43, 4.11, 4.17]
['2019-09-27', 4.19, 4.33, 4.13, 4.15]
['2019-09-30', 4.16, 4.44, 4.11, 4.36]
['2019-10-01', 4.38, 4.52, 4.18, 4.19]
['2019-10-02', 4.19, 4.24, 4.03, 4.17]
['2019-10-03', 4.18, 4.22, 4.12, 4.15]
['2019-10-04', 4.14, 4.22, 4.07, 4.21]
['2019-10-07', 4.17, 4.3, 4.1, 4.18]
['2019-10-08', 4.16, 4.21, 3.8, 3.89]
['2019-10-09', 3.95, 3.96, 3.79, 3.86]
['2019-10-10', 3.84, 3.93, 3.69, 3.87]
['2019-10-11', 3.91, 4.12, 3.88, 3.94]
['2019-10-14', 3.95, 3.96, 3.86, 3.91]
['2019-10-15', 3.88, 4.0, 3.75, 3.81]
['2019-10-16', 3.8, 3.89, 3.78, 3.8]
['2019-10-17', 3.94, 4.08, 3.88, 4.04]
['2019-10-18', 3.99, 4.09, 3.99, 4.06]
['2019-10-21', 4.08, 4.2, 3.97, 4.01]
['2019-10-22', 4.01, 4.25, 3.89, 4.03]
['2019-10-23', 4.0, 4.13, 4.0, 4.12]
['2019-10-24', 4.12, 4.16, 3.85, 3.86]
['2019-10-25', 3.89, 4.13, 3.86, 4.1]
['2019-10-28', 4.11, 4.24, 4.08, 4.12]
['2019-10-29', 4.12, 4.3, 4.12, 4.25]
['2019-10-30', 4.25, 4.31, 4.13, 4.31]
['2019-10-31', 4.29, 4.34, 4.14, 4.25]
['2019-11-01', 4.29, 4.54, 4.29, 4.53]
['2019-11-04', 4.56, 4.93, 4.43, 4.88]
['2019-11-05', 5.3, 5.3, 4.35, 5.05]
['2019-11-06', 5.1, 5.12, 4.96, 4.99]
['2019-11-07', 4.99, 5.09, 4.86, 5.05]
['2019-11-08', 5.0, 5.04, 4.92, 4.93]
['2019-11-11', 4.96, 5.03, 4.9, 4.96]
['2019-11-12', 4.97, 5.0, 4.84, 4.93]
['2019-11-13', 4.9, 4.9, 4.76, 4.77]
['2019-11-14', 4.77, 4.82, 4.68, 4.71]
['2019-11-15', 4.76, 4.76, 4.56, 4.59]
['2019-11-18', 4.58, 4.69, 4.42, 4.46]
['2019-11-19', 4.55, 4.55, 4.37, 4.4]
['2019-11-20', 4.39, 4.51, 4.36, 4.4]
['2019-11-21', 4.5, 4.72, 4.42, 4.67]
['2019-11-22', 4.68, 5.02, 4.68, 4.79]
['2019-11-25', 4.8, 5.03, 4.79, 4.95]
['2019-11-26', 4.94, 5.08, 4.87, 4.91]
['2019-11-27', 4.88, 5.05, 4.76, 4.95]
['2019-11-29', 4.94, 5.15, 4.92, 5.06]
['2019-12-02', 5.0, 5.05, 4.72, 4.78]
['2019-12-03', 4.75, 4.92, 4.6, 4.64]
['2019-12-04', 4.61, 4.67, 4.5, 4.52]
['2019-12-05', 4.47, 4.55, 4.38, 4.42]
['2019-12-06', 4.45, 4.54, 4.28, 4.32]
['2019-12-09', 4.34, 4.48, 4.3, 4.41]
['2019-12-10', 4.4, 4.58, 4.37, 4.5]
['2019-12-11', 3.93, 4.33, 3.93, 4.21]
['2019-12-12', 4.28, 4.44, 4.12, 4.18]
['2019-12-13', 4.17, 4.19, 4.03, 4.08]
['2019-12-16', 4.11, 4.18, 3.97, 3.97]
['2019-12-17', 3.97, 4.03, 3.94, 3.96]
['2019-12-18', 4.01, 4.24, 4.01, 4.12]
['2019-12-19', 4.12, 4.25, 4.05, 4.21]
['2019-12-20', 4.21, 4.33, 4.17, 4.25]
['2019-12-23', 4.24, 4.34, 4.17, 4.31]
['2019-12-24', 4.33, 4.35, 4.27, 4.33]
['2019-12-26', 4.31, 4.39, 4.3, 4.34]
['2019-12-27', 4.33, 4.38, 4.2, 4.24]
['2019-12-30', 4.2, 4.29, 4.2, 4.23]
['2019-12-31', 4.24, 4.29, 4.16, 4.22]
['2020-01-02', 4.27, 4.32, 4.15, 4.24]
['2020-01-03', 4.18, 4.36, 4.18, 4.32]
['2020-01-06', 4.35, 4.43, 4.25, 4.35]
['2020-01-07', 4.37, 4.43, 4.24, 4.3]
['2020-01-08', 4.3, 4.4, 4.19, 4.31]
['2020-01-09', 4.31, 4.44, 4.3, 4.33]
['2020-01-10', 4.32, 4.4, 4.22, 4.33]
['2020-01-13', 4.33, 4.41, 4.12, 4.15]
['2020-01-14', 4.12, 4.29, 4.12, 4.18]
['2020-01-15', 4.14, 4.25, 4.09, 4.13]
['2020-01-16', 4.19, 4.28, 4.16, 4.22]
['2020-01-17', 4.26, 4.26, 4.15, 4.18]
['2020-01-21', 4.16, 4.33, 4.13, 4.29]
['2020-01-22', 4.31, 4.31, 4.0, 4.03]
['2020-01-23', 4.06, 4.13, 3.87, 4.08]
['2020-01-24', 4.04, 4.19, 4.01, 4.17]
['2020-01-27', 4.1, 4.13, 3.93, 4.03]
['2020-01-28', 4.06, 4.15, 3.99, 4.12]
['2020-01-29', 4.1, 4.31, 4.07, 4.29]
['2020-01-30', 4.27, 4.29, 4.19, 4.23]
['2020-01-31', 4.21, 4.34, 4.19, 4.31]
['2020-02-03', 4.31, 4.43, 4.28, 4.4]
['2020-02-04', 4.44, 4.74, 4.4, 4.66]
['2020-02-05', 4.72, 5.0, 4.72, 4.91]
['2020-02-06', 4.94, 5.09, 4.9, 4.97]
['2020-02-07', 4.93, 4.98, 4.86, 4.86]
['2020-02-10', 4.86, 4.9, 4.69, 4.8]
['2020-02-11', 4.83, 4.9, 4.66, 4.89]
['2020-02-12', 4.9, 5.01, 4.83, 4.96]
['2020-02-13', 4.9, 5.04, 4.76, 5.01]
['2020-02-14', 5.0, 5.17, 4.92, 5.06]
['2020-02-18', 5.04, 5.08, 4.96, 5.0]
['2020-02-19', 5.01, 5.07, 4.94, 5.0]
['2020-02-20', 4.99, 5.7, 4.99, 5.6]
['2020-02-21', 5.51, 6.0, 5.43, 5.81]
['2020-02-24', 5.65, 5.8, 5.56, 5.7]
['2020-02-25', 5.66, 5.73, 5.36, 5.43]
['2020-02-26', 5.54, 6.0, 5.43, 5.51]
['2020-02-27', 5.4, 5.4, 4.93, 4.94]
['2020-02-28', 4.71, 5.1, 4.7, 5.0]
['2020-03-02', 5.02, 5.08, 4.82, 4.99]
['2020-03-03', 5.03, 5.15, 4.87, 4.96]
['2020-03-04', 5.08, 5.08, 4.76, 4.81]
['2020-03-05', 4.73, 4.73, 4.22, 4.27]
['2020-03-06', 4.16, 4.26, 4.0, 4.1]
['2020-03-09', 4.0, 4.03, 3.72, 3.83]
['2020-03-10', 3.99, 4.0, 3.77, 3.87]
['2020-03-11', 3.76, 3.78, 3.58, 3.71]
['2020-03-12', 3.5, 3.54, 3.09, 3.1]
['2020-03-13', 3.26, 3.26, 2.9, 2.98]
['2020-03-16', 2.69, 2.93, 2.58, 2.62]
['2020-03-17', 2.61, 2.65, 2.21, 2.37]
['2020-03-18', 2.25, 2.29, 1.5, 1.84]
['2020-03-19', 1.84, 2.24, 1.71, 2.24]
['2020-03-20', 2.25, 2.34, 2.0, 2.08]
['2020-03-23', 2.07, 2.19, 2.0, 2.01]
['2020-03-24', 2.11, 2.54, 2.08, 2.35]
['2020-03-25', 2.42, 3.02, 2.41, 3.0]
['2020-03-26', 3.05, 3.34, 2.96, 3.29]
['2020-03-27', 3.16, 3.16, 2.81, 3.06]
['2020-03-30', 2.98, 3.09, 2.75, 2.99]
['2020-03-31', 3.0, 3.09, 2.76, 3.09]
['2020-04-01', 2.92, 3.05, 2.69, 3.04]
['2020-04-02', 3.03, 3.03, 2.8, 3.01]
['2020-04-03', 2.97, 3.09, 2.74, 3.05]
['2020-04-06', 3.11, 3.35, 3.06, 3.23]
['2020-04-07', 3.29, 3.55, 3.28, 3.46]
['2020-04-08', 3.48, 3.64, 3.3, 3.61]
['2020-04-09', 3.69, 3.95, 3.47, 3.7]
['2020-04-13', 3.72, 3.72, 3.43, 3.53]
['2020-04-14', 3.66, 3.72, 3.37, 3.63]
['2020-04-15', 3.44, 3.48, 3.34, 3.42]
['2020-04-16', 3.45, 3.45, 3.27, 3.36]
['2020-04-17', 3.48, 3.67, 3.45, 3.6]
['2020-04-20', 3.63, 3.74, 3.39, 3.47]
['2020-04-21', 3.39, 3.44, 3.23, 3.3]
['2020-04-22', 3.36, 3.46, 3.29, 3.33]
['2020-04-23', 3.36, 3.36, 3.14, 3.17]
['2020-04-24', 3.17, 3.19, 3.01, 3.01]
['2020-04-27', 3.16, 3.23, 3.03, 3.05]
['2020-04-28', 3.1, 3.13, 3.0, 3.06]
['2020-04-29', 3.15, 3.6, 3.15, 3.47]
['2020-04-30', 3.51, 3.6, 3.3, 3.45]
['2020-05-01', 3.28, 3.36, 3.1, 3.15]
['2020-05-04', 3.13, 3.14, 2.94, 2.99]
['2020-05-05', 3.1, 3.11, 2.84, 2.89]
['2020-05-06', 2.9, 2.9, 2.69, 2.69]
['2020-05-07', 2.72, 2.93, 2.7, 2.89]
['2020-05-08', 2.97, 2.99, 2.84, 2.99]
['2020-05-11', 2.93, 3.13, 2.84, 2.99]
['2020-05-12', 3.02, 3.11, 2.91, 2.95]
['2020-05-13', 2.75, 2.79, 2.21, 2.25]
['2020-05-14', 2.2, 2.34, 2.1, 2.21]
['2020-05-15', 2.21, 2.21, 2.02, 2.05]
['2020-05-18', 2.2, 2.25, 2.1, 2.24]
['2020-05-19', 2.29, 2.32, 2.06, 2.1]
['2020-05-20', 2.09, 2.13, 2.02, 2.04]
['2020-05-21', 2.03, 2.04, 1.96, 1.98]
['2020-05-22', 2.0, 2.0, 1.8, 1.82]
