['2016-07-21', 18.0, 18.44, 16.36, 17.97]
['2016-07-22', 18.07, 19.9, 18.0, 19.56]
['2016-07-25', 20.13, 21.38, 19.6, 19.73]
['2016-07-26', 19.82, 20.05, 18.42, 18.61]
['2016-07-27', 19.0, 19.2, 18.05, 18.1]
['2016-07-28', 18.0, 18.73, 18.0, 18.49]
['2016-07-29', 18.6, 19.29, 18.2, 18.41]
['2016-08-01', 18.95, 21.0, 18.74, 19.72]
['2016-08-02', 19.87, 20.4, 19.0, 19.4]
['2016-08-03', 19.32, 19.58, 18.35, 18.83]
['2016-08-04', 19.0, 19.5, 18.61, 19.33]
['2016-08-05', 19.91, 19.91, 18.91, 19.22]
['2016-08-08', 19.0, 19.91, 18.75, 19.81]
['2016-08-09', 19.89, 20.4, 19.57, 19.76]
['2016-08-10', 20.0, 20.08, 19.85, 20.0]
['2016-08-11', 20.32, 20.48, 19.79, 19.99]
['2016-08-12', 19.87, 20.19, 19.78, 19.97]
['2016-08-15', 20.45, 21.99, 20.36, 21.7]
['2016-08-16', 22.0, 22.62, 20.32, 20.95]
['2016-08-17', 21.22, 23.84, 20.9, 23.47]
['2016-08-18', 23.83, 24.93, 22.36, 22.56]
['2016-08-19', 22.4, 23.37, 21.6, 21.97]
['2016-08-22', 21.7, 22.19, 20.67, 21.29]
['2016-08-23', 21.63, 22.77, 21.35, 21.81]
['2016-08-24', 21.29, 21.93, 20.81, 21.16]
['2016-08-25', 20.97, 21.48, 20.5, 20.85]
['2016-08-26', 20.77, 21.43, 19.55, 20.0]
['2016-08-29', 20.13, 23.33, 20.13, 22.79]
['2016-08-30', 22.92, 23.8, 22.1, 22.75]
['2016-08-31', 22.83, 24.5, 22.5, 22.82]
['2016-09-01', 26.52, 27.92, 24.65, 27.57]
['2016-09-02', 27.87, 33.6, 27.75, 32.67]
['2016-09-06', 33.2, 34.9, 32.38, 33.7]
['2016-09-07', 33.7, 34.72, 32.1, 34.6]
['2016-09-08', 34.64, 35.88, 34.2, 35.25]
['2016-09-09', 34.89, 34.89, 31.31, 32.55]
['2016-09-12', 31.34, 34.28, 31.1, 34.01]
['2016-09-13', 34.01, 36.97, 33.56, 35.6]
['2016-09-14', 36.13, 37.86, 35.53, 36.65]
['2016-09-15', 37.12, 37.85, 36.25, 37.07]
['2016-09-16', 36.8, 37.55, 36.42, 36.97]
['2016-09-19', 37.49, 37.5, 36.25, 36.33]
['2016-09-20', 36.42, 36.62, 32.93, 33.35]
['2016-09-21', 33.24, 34.87, 32.55, 34.32]
['2016-09-22', 34.36, 35.28, 33.51, 33.85]
['2016-09-23', 34.02, 34.37, 33.38, 34.24]
['2016-09-26', 34.38, 34.5, 32.01, 32.13]
['2016-09-27', 32.14, 35.71, 31.58, 35.68]
['2016-09-28', 35.78, 36.4, 34.28, 35.91]
['2016-09-29', 36.15, 38.43, 35.5, 36.55]
['2016-09-30', 36.75, 38.05, 36.6, 37.42]
['2016-10-03', 37.77, 37.94, 35.93, 36.0]
['2016-10-04', 35.86, 35.87, 32.84, 33.32]
['2016-10-05', 33.64, 35.26, 32.43, 32.51]
['2016-10-06', 33.16, 35.16, 32.75, 34.25]
['2016-10-07', 34.04, 34.34, 33.26, 33.44]
['2016-10-10', 33.24, 33.97, 31.95, 32.51]
['2016-10-11', 32.51, 32.97, 27.52, 28.21]
['2016-10-12', 28.75, 29.89, 27.76, 28.24]
['2016-10-13', 27.51, 28.5, 26.63, 28.24]
['2016-10-14', 28.42, 29.37, 27.4, 27.51]
['2016-10-17', 27.26, 28.1, 27.22, 27.59]
['2016-10-18', 27.93, 28.39, 27.35, 27.96]
['2016-10-19', 27.79, 29.1, 27.51, 28.1]
['2016-10-20', 28.12, 28.5, 27.25, 27.46]
['2016-10-21', 27.17, 27.43, 26.7, 26.8]
['2016-10-24', 26.6, 28.21, 26.55, 27.93]
['2016-10-25', 27.78, 27.78, 26.95, 27.02]
['2016-10-26', 26.65, 27.29, 26.58, 26.7]
['2016-10-27', 26.85, 27.17, 25.55, 25.75]
['2016-10-28', 25.75, 26.0, 25.11, 25.15]
['2016-10-31', 25.26, 25.49, 24.18, 24.69]
['2016-11-01', 24.57, 24.8, 24.17, 24.42]
['2016-11-02', 24.44, 25.2, 23.55, 25.09]
['2016-11-03', 25.19, 26.1, 24.54, 25.3]
['2016-11-04', 27.7, 28.67, 26.01, 27.52]
['2016-11-07', 28.4, 28.54, 26.05, 26.47]
['2016-11-08', 26.35, 28.0, 25.58, 27.81]
['2016-11-09', 26.76, 31.08, 26.59, 30.95]
['2016-11-10', 31.26, 31.77, 29.59, 30.55]
['2016-11-11', 30.4, 31.32, 30.01, 30.77]
['2016-11-14', 30.85, 32.25, 30.81, 32.05]
['2016-11-15', 32.3, 33.48, 31.43, 33.32]
['2016-11-16', 33.15, 33.25, 30.78, 32.14]
['2016-11-17', 32.2, 33.2, 32.2, 32.83]
['2016-11-18', 31.43, 31.94, 28.75, 29.83]
['2016-11-21', 30.0, 31.3, 29.29, 29.6]
['2016-11-22', 29.62, 29.79, 29.07, 29.38]
['2016-11-23', 29.25, 29.34, 28.0, 28.8]
['2016-11-25', 28.97, 28.97, 28.4, 28.6]
['2016-11-28', 28.65, 28.67, 26.23, 26.57]
['2016-11-29', 25.25, 27.67, 23.8, 27.25]
['2016-11-30', 27.68, 28.35, 27.12, 27.31]
['2016-12-01', 27.42, 28.09, 26.9, 27.71]
['2016-12-02', 29.0, 29.5, 26.4, 26.72]
['2016-12-05', 26.83, 27.61, 26.65, 27.48]
['2016-12-06', 27.93, 29.88, 27.51, 29.58]
['2016-12-07', 30.53, 37.7, 29.57, 36.83]
['2016-12-08', 35.35, 35.75, 33.34, 34.2]
['2016-12-09', 34.24, 34.58, 31.7, 31.89]
['2016-12-12', 31.92, 33.36, 31.56, 32.88]
['2016-12-13', 33.09, 34.77, 32.76, 33.37]
['2016-12-14', 33.34, 33.76, 31.4, 32.07]
['2016-12-15', 32.2, 33.79, 32.2, 32.67]
['2016-12-16', 32.9, 34.6, 32.9, 34.04]
['2016-12-19', 34.56, 36.58, 34.31, 35.33]
['2016-12-20', 35.74, 39.99, 35.71, 39.9]
['2016-12-21', 40.79, 41.62, 38.2, 38.33]
['2016-12-22', 39.93, 41.91, 38.83, 39.24]
['2016-12-23', 40.56, 40.56, 38.05, 38.65]
['2016-12-27', 39.33, 40.39, 38.51, 39.27]
['2016-12-28', 39.18, 39.69, 35.01, 35.64]
['2016-12-29', 35.58, 35.76, 34.56, 35.16]
['2016-12-30', 35.04, 36.97, 35.04, 35.34]
['2017-01-03', 36.88, 36.93, 34.14, 35.35]
['2017-01-04', 36.03, 36.03, 34.0, 34.23]
['2017-01-05', 34.45, 34.59, 31.55, 33.16]
['2017-01-06', 32.95, 34.0, 32.23, 32.36]
['2017-01-09', 32.67, 33.5, 32.07, 32.25]
['2017-01-10', 32.38, 35.08, 32.3, 34.91]
['2017-01-11', 35.03, 35.03, 32.55, 33.53]
['2017-01-12', 33.73, 34.42, 32.5, 33.87]
['2017-01-13', 34.25, 34.55, 33.11, 33.53]
['2017-01-17', 33.53, 33.93, 31.25, 31.71]
['2017-01-18', 31.55, 31.99, 29.36, 30.64]
['2017-01-19', 30.52, 31.38, 29.8, 30.41]
['2017-01-20', 30.5, 31.79, 30.5, 31.13]
['2017-01-23', 31.45, 34.0, 31.15, 33.61]
['2017-01-24', 33.6, 33.73, 32.47, 33.38]
['2017-01-25', 33.8, 35.32, 33.26, 35.05]
['2017-01-26', 35.06, 36.23, 34.99, 35.38]
['2017-01-27', 35.6, 35.66, 34.78, 35.4]
['2017-01-30', 35.34, 36.45, 34.5, 35.37]
['2017-01-31', 35.38, 35.94, 34.95, 35.21]
['2017-02-01', 35.2, 35.46, 34.43, 34.74]
['2017-02-02', 34.7, 34.8, 33.76, 34.12]
['2017-02-03', 34.03, 34.62, 34.0, 34.41]
['2017-02-06', 34.43, 34.65, 33.81, 34.2]
['2017-02-07', 34.17, 34.45, 33.1, 33.38]
['2017-02-08', 34.35, 34.5, 33.63, 34.0]
['2017-02-09', 34.02, 34.34, 33.56, 33.83]
['2017-02-10', 34.01, 34.24, 32.02, 33.19]
['2017-02-13', 33.44, 33.65, 32.91, 33.52]
['2017-02-14', 33.69, 35.44, 33.6, 34.73]
['2017-02-15', 34.95, 36.68, 34.9, 36.49]
['2017-02-16', 36.64, 37.42, 34.78, 35.36]
['2017-02-17', 33.06, 33.47, 30.37, 31.17]
['2017-02-21', 30.7, 31.3, 28.32, 28.83]
['2017-02-22', 29.14, 29.49, 28.35, 28.49]
['2017-02-23', 29.13, 31.07, 29.1, 30.94]
['2017-02-24', 30.72, 30.79, 29.4, 29.99]
['2017-02-27', 29.68, 29.84, 29.01, 29.12]
['2017-02-28', 29.19, 29.29, 28.33, 28.36]
['2017-03-01', 28.63, 29.94, 28.49, 29.37]
['2017-03-02', 29.27, 29.77, 28.85, 29.09]
['2017-03-03', 29.05, 29.33, 28.34, 29.14]
['2017-03-06', 28.92, 28.97, 27.4, 28.2]
['2017-03-07', 28.1, 28.1, 26.69, 27.36]
['2017-03-08', 27.48, 28.1, 27.41, 27.58]
['2017-03-09', 27.71, 28.44, 27.55, 28.28]
['2017-03-10', 28.73, 28.95, 27.61, 27.95]
['2017-03-13', 27.92, 29.01, 27.82, 28.98]
['2017-03-14', 28.82, 29.0, 27.9, 28.02]
['2017-03-15', 28.26, 28.94, 27.9, 28.43]
['2017-03-16', 28.61, 28.91, 28.15, 28.54]
['2017-03-17', 28.83, 29.17, 28.35, 28.73]
['2017-03-20', 28.82, 28.9, 28.25, 28.8]
['2017-03-21', 28.95, 29.45, 28.36, 28.7]
['2017-03-22', 28.53, 28.83, 27.56, 28.11]
['2017-03-23', 28.04, 29.0, 27.87, 28.12]
['2017-03-24', 28.23, 28.45, 27.78, 28.14]
['2017-03-27', 27.79, 29.17, 27.76, 29.03]
['2017-03-28', 29.07, 29.95, 28.8, 29.78]
['2017-03-29', 29.87, 30.8, 29.58, 30.26]
['2017-03-30', 30.27, 30.81, 29.82, 30.47]
['2017-03-31', 30.48, 30.5, 30.13, 30.27]
['2017-04-03', 30.42, 30.48, 28.44, 28.68]
['2017-04-04', 28.58, 28.76, 28.0, 28.62]
['2017-04-05', 28.83, 29.16, 28.3, 28.8]
['2017-04-06', 28.8, 30.28, 28.35, 29.96]
['2017-04-07', 29.67, 30.52, 29.28, 29.52]
['2017-04-10', 29.67, 30.55, 29.55, 30.44]
['2017-04-11', 30.5, 31.15, 29.94, 31.04]
['2017-04-12', 31.11, 31.61, 30.78, 31.39]
['2017-04-13', 31.4, 32.49, 31.4, 31.89]
['2017-04-17', 32.17, 32.64, 31.8, 31.99]
['2017-04-18', 32.0, 33.5, 32.0, 33.15]
['2017-04-19', 33.46, 34.99, 33.15, 34.49]
['2017-04-20', 34.66, 36.36, 34.55, 35.67]
['2017-04-21', 35.7, 37.27, 35.45, 36.24]
['2017-04-24', 36.5, 37.02, 36.25, 36.77]
['2017-04-25', 36.98, 38.0, 36.51, 37.46]
['2017-04-26', 37.42, 37.93, 35.82, 37.57]
['2017-04-27', 37.5, 39.5, 37.48, 39.02]
['2017-04-28', 38.92, 40.0, 37.36, 37.48]
['2017-05-01', 37.71, 38.11, 35.36, 35.53]
['2017-05-02', 35.36, 37.98, 35.23, 36.8]
['2017-05-03', 36.52, 36.8, 35.87, 36.51]
['2017-05-04', 36.74, 38.12, 36.36, 37.84]
['2017-05-05', 35.0, 43.93, 34.0, 41.12]
['2017-05-08', 40.41, 40.69, 38.02, 38.13]
['2017-05-09', 38.09, 39.74, 37.18, 38.89]
['2017-05-10', 38.89, 40.3, 38.5, 39.42]
['2017-05-11', 39.05, 39.58, 38.15, 39.21]
['2017-05-12', 38.9, 39.61, 38.9, 39.45]
['2017-05-15', 39.59, 42.99, 39.23, 42.31]
['2017-05-16', 42.53, 43.68, 39.82, 40.58]
['2017-05-17', 39.61, 41.56, 38.5, 41.39]
['2017-05-18', 41.16, 41.99, 40.47, 40.73]
['2017-05-19', 40.64, 41.35, 40.14, 40.96]
['2017-05-22', 42.96, 46.22, 41.96, 44.38]
['2017-05-23', 44.38, 44.75, 43.32, 43.82]
['2017-05-24', 44.04, 47.86, 43.89, 45.8]
['2017-05-25', 45.85, 47.5, 45.7, 46.01]
['2017-05-26', 46.01, 46.7, 44.54, 44.83]
['2017-05-30', 45.71, 46.04, 44.56, 45.27]
['2017-05-31', 45.55, 45.71, 43.0, 43.65]
['2017-06-01', 43.52, 46.0, 43.27, 45.83]
['2017-06-02', 45.91, 47.18, 45.56, 45.77]
['2017-06-05', 45.48, 46.69, 45.03, 46.27]
['2017-06-06', 46.29, 49.17, 46.29, 47.96]
['2017-06-07', 47.79, 49.05, 47.47, 48.26]
['2017-06-08', 49.45, 49.69, 47.76, 49.14]
['2017-06-09', 49.5, 49.8, 41.52, 42.64]
['2017-06-12', 42.0, 46.34, 40.4, 45.75]
['2017-06-13', 46.5, 48.5, 46.16, 46.49]
['2017-06-14', 46.46, 47.94, 45.26, 46.54]
['2017-06-15', 45.56, 48.2, 45.0, 46.77]
['2017-06-16', 49.0, 55.96, 48.4, 55.71]
['2017-06-19', 53.8, 57.15, 53.5, 55.85]
['2017-06-20', 55.37, 56.97, 53.17, 54.68]
['2017-06-21', 54.76, 55.7, 54.0, 54.66]
['2017-06-22', 55.0, 56.2, 53.3, 54.65]
['2017-06-23', 55.27, 58.85, 54.8, 58.79]
['2017-06-26', 60.25, 60.85, 57.15, 59.37]
['2017-06-27', 56.8, 57.5, 51.33, 53.15]
['2017-06-28', 53.69, 54.95, 52.47, 54.86]
['2017-06-29', 53.8, 56.01, 49.7, 51.18]
['2017-06-30', 51.07, 51.98, 48.6, 48.65]
['2017-07-03', 48.8, 50.99, 47.75, 47.84]
['2017-07-05', 47.83, 50.5, 46.77, 49.84]
['2017-07-06', 49.22, 51.25, 47.91, 49.37]
['2017-07-07', 49.22, 51.34, 48.89, 51.15]
['2017-07-10', 51.13, 53.29, 50.06, 51.43]
['2017-07-11', 50.81, 53.49, 50.65, 52.5]
['2017-07-12', 53.07, 54.88, 52.5, 52.73]
['2017-07-13', 53.45, 53.99, 51.56, 53.47]
['2017-07-14', 53.35, 53.87, 51.81, 52.62]
['2017-07-17', 52.81, 55.12, 52.46, 54.22]
['2017-07-18', 54.29, 55.9, 51.88, 52.41]
['2017-07-19', 52.14, 53.4, 50.39, 51.25]
['2017-07-20', 50.5, 54.4, 48.9, 54.0]
['2017-07-21', 54.37, 54.37, 51.77, 52.41]
['2017-07-24', 52.4, 54.0, 51.57, 53.15]
['2017-07-25', 53.09, 53.09, 51.63, 52.35]
['2017-07-26', 52.46, 54.0, 52.0, 53.01]
['2017-07-27', 53.01, 55.68, 49.7, 50.33]
['2017-07-28', 49.86, 51.49, 49.2, 50.77]
['2017-07-31', 51.07, 51.3, 48.9, 49.14]
['2017-08-01', 48.93, 50.43, 48.37, 50.09]
['2017-08-02', 50.62, 50.73, 47.25, 49.05]
['2017-08-03', 49.3, 49.57, 47.22, 47.92]
['2017-08-04', 38.0, 39.82, 36.2, 37.52]
['2017-08-07', 38.01, 39.42, 36.2, 37.04]
['2017-08-08', 37.39, 38.25, 37.04, 37.42]
['2017-08-09', 37.45, 38.1, 36.13, 36.57]
['2017-08-10', 36.05, 36.42, 33.32, 33.61]
['2017-08-11', 33.64, 34.64, 33.64, 33.77]
['2017-08-14', 34.21, 34.49, 33.23, 33.58]
['2017-08-15', 33.52, 33.52, 31.15, 32.0]
['2017-08-16', 31.85, 32.75, 31.1, 32.14]
['2017-08-17', 31.8, 32.11, 30.5, 30.54]
['2017-08-18', 30.7, 31.96, 29.83, 31.44]
['2017-08-21', 31.34, 31.34, 29.85, 30.23]
['2017-08-22', 30.59, 31.17, 30.35, 30.94]
['2017-08-23', 31.64, 32.49, 31.07, 31.77]
['2017-08-24', 32.11, 35.84, 32.02, 35.44]
['2017-08-25', 36.18, 38.49, 36.1, 36.42]
['2017-08-28', 36.2, 36.49, 34.26, 36.12]
['2017-08-29', 34.68, 36.65, 34.43, 36.28]
['2017-08-30', 36.4, 37.78, 36.02, 37.03]
['2017-08-31', 36.82, 38.42, 36.82, 38.24]
['2017-09-01', 38.75, 39.09, 37.17, 39.0]
['2017-09-05', 38.92, 39.16, 36.4, 38.06]
['2017-09-06', 38.46, 39.0, 37.81, 38.62]
['2017-09-07', 38.51, 38.9, 37.31, 37.99]
['2017-09-08', 38.13, 38.31, 36.41, 36.98]
['2017-09-11', 37.69, 38.0, 36.54, 37.56]
['2017-09-12', 37.52, 40.55, 37.42, 39.57]
['2017-09-13', 39.44, 39.93, 37.2, 38.08]
['2017-09-14', 37.63, 38.8, 37.13, 38.13]
['2017-09-15', 37.85, 40.97, 37.85, 40.81]
['2017-09-18', 40.74, 41.4, 38.7, 39.2]
['2017-09-19', 39.01, 40.25, 38.36, 39.55]
['2017-09-20', 39.55, 40.3, 38.52, 40.07]
['2017-09-21', 39.94, 40.93, 39.2, 40.47]
['2017-09-22', 40.55, 41.8, 40.01, 41.25]
['2017-09-25', 40.76, 41.4, 37.65, 38.44]
['2017-09-26', 38.91, 39.19, 37.28, 37.63]
['2017-09-27', 38.05, 39.47, 37.11, 39.14]
['2017-09-28', 39.24, 41.76, 39.17, 40.58]
['2017-09-29', 40.58, 41.71, 40.42, 41.61]
['2017-10-02', 41.61, 41.97, 40.6, 40.69]
['2017-10-03', 40.8, 40.8, 39.01, 39.56]
['2017-10-04', 39.64, 40.5, 39.11, 40.29]
['2017-10-05', 40.1, 40.65, 39.28, 39.31]
['2017-10-06', 39.0, 39.46, 37.08, 37.09]
['2017-10-09', 37.93, 38.35, 37.15, 37.74]
['2017-10-10', 37.8, 38.09, 36.55, 36.85]
['2017-10-11', 36.85, 37.75, 36.76, 37.08]
['2017-10-12', 36.99, 38.04, 36.55, 37.47]
['2017-10-13', 37.47, 37.47, 35.58, 35.69]
['2017-10-16', 35.6, 35.7, 34.57, 34.98]
['2017-10-17', 34.97, 36.29, 34.85, 35.96]
['2017-10-18', 35.63, 36.49, 35.63, 36.17]
['2017-10-19', 35.68, 35.96, 34.53, 35.91]
['2017-10-20', 36.09, 36.56, 34.78, 34.95]
['2017-10-23', 34.98, 35.0, 34.51, 34.81]
['2017-10-24', 34.81, 36.5, 34.81, 35.98]
['2017-10-25', 35.72, 36.36, 34.8, 35.54]
['2017-10-26', 35.22, 35.77, 34.61, 34.91]
['2017-10-27', 35.16, 35.74, 33.9, 35.04]
['2017-10-30', 35.1, 35.44, 33.72, 34.76]
['2017-10-31', 34.45, 35.19, 33.77, 34.14]
['2017-11-01', 34.26, 34.76, 32.65, 32.8]
['2017-11-02', 23.1, 23.33, 19.97, 21.55]
['2017-11-03', 21.0, 22.31, 20.86, 22.23]
['2017-11-06', 22.0, 24.59, 21.99, 24.0]
['2017-11-07', 24.12, 24.88, 23.29, 24.44]
['2017-11-08', 24.19, 25.89, 24.19, 25.57]
['2017-11-09', 25.47, 25.89, 24.32, 25.05]
['2017-11-10', 24.96, 27.26, 24.9, 26.44]
['2017-11-13', 26.47, 26.47, 25.05, 25.58]
['2017-11-14', 25.45, 27.94, 25.11, 27.53]
['2017-11-15', 27.0, 27.0, 25.5, 25.71]
['2017-11-16', 25.71, 26.46, 25.21, 25.23]
['2017-11-17', 25.15, 25.55, 24.7, 25.31]
['2017-11-20', 25.38, 26.0, 25.06, 25.23]
['2017-11-21', 25.25, 25.29, 24.41, 25.0]
['2017-11-22', 25.25, 26.84, 25.1, 26.17]
['2017-11-24', 26.32, 26.88, 26.09, 26.27]
['2017-11-27', 26.25, 27.29, 26.13, 26.26]
['2017-11-28', 26.39, 26.39, 25.1, 25.58]
['2017-11-29', 25.4, 25.53, 24.32, 24.72]
['2017-11-30', 25.0, 25.82, 24.8, 25.47]
['2017-12-01', 25.27, 25.27, 23.7, 24.56]
['2017-12-04', 25.0, 25.0, 22.8, 22.95]
['2017-12-05', 22.81, 24.41, 22.2, 23.74]
['2017-12-06', 23.44, 23.87, 23.11, 23.31]
['2017-12-07', 23.02, 23.88, 23.02, 23.56]
['2017-12-08', 23.73, 24.4, 23.31, 23.42]
['2017-12-11', 23.38, 24.37, 23.25, 24.05]
['2017-12-12', 23.92, 24.07, 23.24, 23.38]
['2017-12-13', 23.24, 23.86, 23.22, 23.28]
['2017-12-14', 23.18, 24.3, 23.0, 23.17]
['2017-12-15', 23.17, 23.92, 22.73, 23.77]
['2017-12-18', 23.97, 24.96, 23.8, 24.66]
['2017-12-19', 24.76, 24.97, 23.7, 23.81]
['2017-12-20', 24.11, 24.46, 23.57, 23.67]
['2017-12-21', 23.56, 23.82, 23.05, 23.59]
['2017-12-22', 23.41, 23.44, 22.47, 22.57]
['2017-12-26', 22.2, 22.39, 21.46, 22.05]
['2017-12-27', 21.91, 22.86, 21.78, 22.37]
['2017-12-28', 22.44, 22.53, 21.82, 21.99]
['2017-12-29', 21.99, 22.9, 21.81, 22.53]
['2018-01-02', 22.83, 24.23, 22.58, 23.56]
['2018-01-03', 23.76, 24.46, 23.56, 24.34]
['2018-01-04', 24.59, 24.94, 23.58, 24.01]
['2018-01-05', 24.13, 24.28, 23.81, 24.01]
['2018-01-08', 24.05, 24.2, 22.92, 23.37]
['2018-01-09', 23.5, 23.66, 23.02, 23.23]
['2018-01-10', 23.0, 23.52, 22.8, 23.34]
['2018-01-11', 23.33, 23.56, 23.1, 23.3]
['2018-01-12', 23.15, 23.6, 23.12, 23.41]
['2018-01-16', 23.58, 24.85, 22.76, 23.0]
['2018-01-17', 23.03, 23.53, 22.75, 22.99]
['2018-01-18', 23.02, 24.1, 23.02, 23.75]
['2018-01-19', 23.97, 24.12, 23.15, 23.22]
['2018-01-22', 23.85, 27.4, 23.5, 25.31]
['2018-01-23', 25.56, 25.56, 23.52, 24.43]
['2018-01-24', 24.37, 24.57, 22.8, 23.1]
['2018-01-25', 23.23, 23.25, 22.0, 22.27]
['2018-01-26', 22.17, 22.26, 20.92, 21.7]
['2018-01-29', 22.13, 22.19, 21.19, 21.72]
['2018-01-30', 21.48, 21.68, 21.06, 21.65]
['2018-01-31', 21.83, 22.57, 21.83, 22.37]
['2018-02-01', 22.16, 23.16, 22.09, 22.86]
['2018-02-02', 14.0, 14.15, 12.01, 12.16]
['2018-02-05', 11.74, 12.57, 11.31, 11.94]
['2018-02-06', 12.2, 12.75, 11.57, 11.74]
['2018-02-07', 11.66, 11.96, 11.4, 11.41]
['2018-02-08', 11.46, 12.4, 11.41, 12.05]
['2018-02-09', 12.23, 12.37, 11.64, 12.27]
['2018-02-12', 12.35, 13.25, 12.35, 13.0]
['2018-02-13', 12.93, 13.12, 12.59, 12.88]
['2018-02-14', 12.65, 13.01, 12.65, 12.91]
['2018-02-15', 13.08, 13.75, 12.94, 13.43]
['2018-02-16', 11.75, 11.99, 9.95, 11.07]
['2018-02-20', 10.98, 12.35, 10.65, 12.06]
['2018-02-21', 12.14, 13.02, 12.09, 12.15]
['2018-02-22', 12.51, 12.92, 12.38, 12.54]
['2018-02-23', 12.51, 12.85, 12.51, 12.84]
['2018-02-26', 12.89, 13.18, 12.71, 13.04]
['2018-02-27', 13.64, 13.92, 13.3, 13.6]
['2018-02-28', 13.75, 13.84, 12.41, 12.74]
['2018-03-01', 12.58, 13.52, 12.58, 13.14]
['2018-03-02', 12.91, 13.41, 12.75, 13.32]
['2018-03-05', 13.3, 14.1, 13.3, 13.84]
['2018-03-06', 14.0, 14.11, 13.4, 13.57]
['2018-03-07', 13.45, 13.79, 13.25, 13.76]
['2018-03-08', 13.82, 14.75, 13.64, 14.38]
['2018-03-09', 14.48, 14.69, 13.23, 13.62]
['2018-03-12', 13.71, 14.34, 13.71, 13.93]
['2018-03-13', 13.96, 14.21, 13.52, 13.66]
['2018-03-14', 13.65, 13.92, 13.39, 13.63]
['2018-03-15', 13.61, 13.69, 13.2, 13.36]
['2018-03-16', 13.34, 13.76, 13.24, 13.6]
['2018-03-19', 13.6, 14.05, 13.3, 13.5]
['2018-03-20', 13.48, 13.78, 13.25, 13.56]
['2018-03-21', 13.51, 14.07, 13.45, 13.75]
['2018-03-22', 13.73, 13.81, 13.07, 13.11]
['2018-03-23', 13.1, 13.3, 12.64, 12.86]
['2018-03-26', 13.2, 13.56, 12.83, 13.02]
['2018-03-27', 13.21, 13.22, 12.78, 12.89]
['2018-03-28', 12.9, 13.15, 12.66, 12.89]
['2018-03-29', 12.9, 13.55, 12.9, 13.02]
['2018-04-02', 12.9, 13.16, 12.44, 12.58]
['2018-04-03', 12.67, 12.96, 12.48, 12.88]
['2018-04-04', 12.69, 12.99, 12.07, 12.88]
['2018-04-05', 13.01, 13.22, 12.77, 12.99]
['2018-04-06', 12.83, 13.17, 12.48, 12.6]
['2018-04-09', 12.68, 12.99, 12.51, 12.56]
['2018-04-10', 12.81, 13.07, 12.56, 12.79]
['2018-04-11', 12.77, 13.72, 12.7, 13.4]
['2018-04-12', 13.54, 14.39, 13.35, 14.14]
['2018-04-13', 14.29, 14.29, 12.94, 13.46]
['2018-04-16', 13.48, 13.88, 13.24, 13.36]
['2018-04-17', 13.56, 13.86, 13.45, 13.75]
['2018-04-18', 13.76, 14.4, 13.5, 14.3]
['2018-04-19', 14.2, 14.26, 13.36, 13.47]
['2018-04-20', 13.36, 13.55, 13.02, 13.27]
['2018-04-23', 13.27, 13.48, 12.73, 12.85]
['2018-04-24', 12.96, 13.2, 12.5, 12.72]
['2018-04-25', 12.69, 12.73, 12.15, 12.34]
['2018-04-26', 12.38, 12.45, 12.13, 12.23]
['2018-04-27', 12.37, 12.37, 11.57, 11.87]
['2018-04-30', 11.86, 12.34, 11.76, 12.29]
['2018-05-01', 12.31, 12.75, 12.23, 12.61]
['2018-05-02', 12.61, 12.95, 12.36, 12.4]
['2018-05-03', 12.3, 12.7, 12.08, 12.57]
['2018-05-04', 12.58, 13.2, 12.58, 13.01]
['2018-05-07', 13.13, 13.85, 12.9, 13.58]
['2018-05-08', 16.2, 18.13, 16.1, 17.4]
['2018-05-09', 18.19, 20.38, 17.61, 18.09]
['2018-05-10', 18.86, 19.57, 18.32, 18.44]
['2018-05-11', 18.34, 18.38, 16.88, 17.08]
['2018-05-14', 17.32, 18.31, 17.32, 17.78]
['2018-05-15', 17.63, 17.64, 16.86, 17.07]
['2018-05-16', 17.4, 17.46, 16.75, 17.33]
['2018-05-17', 17.24, 17.96, 17.24, 17.63]
['2018-05-18', 17.67, 17.88, 17.1, 17.51]
['2018-05-21', 17.5, 17.81, 17.21, 17.49]
['2018-05-22', 17.5, 17.83, 16.83, 16.96]
['2018-05-23', 16.79, 17.02, 16.46, 16.7]
['2018-05-24', 16.75, 17.22, 16.44, 16.9]
['2018-05-25', 16.9, 17.18, 16.47, 16.74]
['2018-05-29', 17.15, 19.97, 17.04, 19.08]
['2018-05-30', 19.23, 19.45, 17.79, 18.1]
['2018-05-31', 18.17, 18.64, 17.59, 17.9]
['2018-06-01', 17.95, 18.54, 17.61, 18.18]
['2018-06-04', 18.21, 18.47, 17.69, 18.08]
['2018-06-05', 18.1, 21.15, 18.1, 20.48]
['2018-06-06', 20.45, 20.95, 19.31, 20.51]
['2018-06-07', 20.57, 20.95, 19.91, 20.55]
['2018-06-08', 20.38, 21.68, 20.0, 21.21]
['2018-06-11', 21.32, 22.1, 20.36, 21.39]
['2018-06-12', 21.45, 22.26, 20.66, 21.23]
['2018-06-13', 21.18, 21.78, 21.0, 21.25]
['2018-06-14', 21.35, 22.84, 21.35, 22.5]
['2018-06-15', 22.28, 22.43, 21.81, 22.4]
['2018-06-18', 22.35, 22.38, 22.01, 22.26]
['2018-06-19', 22.75, 22.96, 20.65, 21.44]
['2018-06-20', 21.56, 23.25, 21.33, 22.89]
['2018-06-21', 22.89, 23.0, 22.02, 22.66]
['2018-06-22', 22.86, 23.08, 22.35, 23.0]
['2018-06-25', 22.56, 22.78, 20.69, 21.54]
['2018-06-26', 21.6, 21.9, 21.02, 21.73]
['2018-06-27', 21.95, 22.74, 21.0, 21.02]
['2018-06-28', 21.0, 22.08, 20.87, 21.76]
['2018-06-29', 21.81, 22.46, 21.25, 22.11]
['2018-07-02', 21.1, 22.7, 21.02, 22.47]
['2018-07-03', 22.55, 22.62, 21.65, 22.09]
['2018-07-05', 22.26, 23.55, 22.12, 23.34]
['2018-07-06', 23.34, 24.1, 22.85, 23.82]
['2018-07-09', 23.92, 24.48, 23.24, 24.1]
['2018-07-10', 24.27, 24.45, 23.01, 23.56]
['2018-07-11', 23.37, 24.13, 22.24, 24.0]
['2018-07-12', 24.07, 24.52, 23.68, 24.05]
['2018-07-13', 24.15, 24.15, 23.44, 23.79]
['2018-07-16', 23.78, 24.41, 23.26, 24.13]
['2018-07-17', 23.88, 24.74, 23.75, 24.14]
['2018-07-18', 24.19, 24.9, 23.1, 24.46]
['2018-07-19', 24.45, 25.63, 24.02, 25.05]
['2018-07-20', 25.0, 25.75, 24.61, 24.98]
['2018-07-23', 24.83, 25.48, 24.02, 25.35]
['2018-07-24', 25.45, 25.98, 23.74, 23.98]
['2018-07-25', 23.96, 24.95, 23.96, 24.87]
['2018-07-26', 24.76, 25.11, 23.74, 24.0]
['2018-07-27', 24.04, 24.69, 22.21, 22.96]
['2018-07-30', 22.89, 23.08, 19.74, 20.5]
['2018-07-31', 20.52, 21.84, 20.22, 21.31]
['2018-08-01', 21.41, 22.28, 21.24, 21.91]
['2018-08-02', 21.6, 22.35, 21.0, 21.99]
['2018-08-03', 20.14, 21.14, 18.21, 18.97]
['2018-08-06', 18.62, 19.13, 18.62, 18.88]
['2018-08-07', 18.5, 19.88, 18.17, 19.39]
['2018-08-08', 19.44, 19.84, 19.13, 19.4]
['2018-08-09', 19.39, 19.55, 19.02, 19.14]
['2018-08-10', 18.99, 19.62, 18.5, 19.56]
['2018-08-13', 19.45, 19.94, 19.16, 19.5]
['2018-08-14', 19.44, 19.75, 18.86, 19.37]
['2018-08-15', 19.2, 19.31, 18.32, 18.83]
['2018-08-16', 18.42, 19.43, 18.26, 18.86]
['2018-08-17', 18.75, 19.21, 18.36, 19.19]
['2018-08-20', 19.26, 19.62, 18.97, 19.25]
['2018-08-21', 19.23, 20.32, 19.23, 19.96]
['2018-08-22', 19.98, 20.61, 19.89, 20.36]
['2018-08-23', 20.28, 20.68, 20.07, 20.31]
['2018-08-24', 20.3, 20.8, 20.19, 20.41]
['2018-08-27', 20.59, 21.05, 20.47, 20.68]
['2018-08-28', 20.64, 21.47, 20.5, 21.29]
['2018-08-29', 21.43, 21.61, 20.95, 21.27]
['2018-08-30', 21.2, 21.51, 20.79, 20.92]
['2018-08-31', 20.8, 21.62, 20.59, 21.48]
['2018-09-04', 21.26, 21.29, 19.25, 20.11]
['2018-09-05', 19.55, 20.0, 19.54, 19.67]
['2018-09-06', 19.69, 19.98, 18.89, 18.95]
['2018-09-07', 18.82, 19.84, 18.75, 19.1]
['2018-09-10', 19.34, 19.35, 18.61, 19.19]
['2018-09-11', 19.13, 19.13, 18.35, 18.57]
['2018-09-12', 18.39, 18.84, 17.88, 18.78]
['2018-09-13', 25.41, 28.48, 24.52, 25.01]
['2018-09-14', 25.01, 26.78, 24.29, 26.4]
['2018-09-17', 26.63, 26.65, 24.54, 24.84]
['2018-09-18', 24.84, 25.19, 24.03, 24.62]
['2018-09-19', 24.15, 25.9, 22.59, 24.15]
['2018-09-20', 24.35, 24.92, 23.59, 24.91]
['2018-09-21', 24.96, 25.4, 24.61, 24.88]
['2018-09-24', 24.73, 24.77, 23.77, 24.64]
['2018-09-25', 24.6, 25.27, 24.6, 24.83]
['2018-09-26', 24.78, 25.28, 24.65, 24.71]
['2018-09-27', 24.83, 25.17, 24.08, 24.68]
['2018-09-28', 24.65, 25.05, 24.39, 24.82]
['2018-10-01', 25.28, 26.72, 24.94, 25.78]
['2018-10-02', 25.71, 26.11, 24.51, 24.98]
['2018-10-03', 25.05, 25.21, 24.66, 24.99]
['2018-10-04', 24.69, 24.73, 22.89, 23.43]
['2018-10-05', 23.19, 23.6, 22.63, 23.16]
['2018-10-08', 23.28, 23.74, 22.44, 23.3]
['2018-10-09', 23.15, 23.69, 22.85, 23.38]
['2018-10-10', 23.18, 23.29, 21.24, 21.33]
['2018-10-11', 20.92, 21.43, 19.48, 19.86]
['2018-10-12', 20.36, 20.78, 19.46, 19.99]
['2018-10-15', 19.86, 20.7, 19.51, 20.39]
['2018-10-16', 20.75, 21.75, 20.55, 21.63]
['2018-10-17', 21.65, 22.2, 20.87, 22.09]
['2018-10-18', 21.89, 22.12, 21.03, 21.39]
['2018-10-19', 21.61, 21.87, 19.91, 20.03]
['2018-10-22', 20.16, 20.99, 20.0, 20.21]
['2018-10-23', 19.71, 20.32, 19.39, 20.25]
['2018-10-24', 20.25, 20.89, 17.43, 17.48]
['2018-10-25', 17.8, 18.48, 17.72, 18.32]
['2018-10-26', 17.86, 19.02, 17.35, 18.0]
['2018-10-29', 18.46, 19.13, 18.02, 18.47]
['2018-10-30', 19.22, 19.49, 16.17, 18.6]
['2018-10-31', 19.02, 19.94, 18.85, 19.6]
['2018-11-01', 19.73, 21.98, 19.52, 21.71]
['2018-11-02', 21.46, 22.8, 21.18, 22.35]
['2018-11-05', 22.31, 22.46, 21.48, 21.97]
['2018-11-06', 21.99, 22.45, 21.5, 21.94]
['2018-11-07', 22.15, 22.23, 21.54, 22.0]
['2018-11-08', 21.8, 22.02, 21.58, 21.99]
['2018-11-09', 21.84, 21.93, 21.23, 21.8]
['2018-11-12', 21.57, 21.57, 20.0, 20.51]
['2018-11-13', 20.58, 20.92, 19.84, 20.29]
['2018-11-14', 20.43, 21.0, 19.95, 19.97]
['2018-11-15', 19.89, 21.18, 19.59, 20.82]
['2018-11-16', 20.5, 21.19, 20.14, 20.43]
['2018-11-19', 20.28, 20.63, 18.97, 19.48]
['2018-11-20', 18.84, 19.58, 18.63, 18.77]
['2018-11-21', 19.02, 19.86, 18.9, 19.51]
['2018-11-23', 19.21, 20.04, 19.21, 19.36]
['2018-11-26', 19.64, 19.91, 19.17, 19.35]
['2018-11-27', 19.16, 19.86, 18.99, 19.65]
['2018-11-28', 19.87, 21.26, 19.73, 21.14]
['2018-11-29', 20.67, 21.68, 20.57, 21.13]
['2018-11-30', 21.12, 21.36, 20.62, 21.24]
['2018-12-03', 22.0, 22.19, 20.89, 21.22]
['2018-12-04', 21.19, 21.21, 20.23, 20.29]
['2018-12-06', 19.62, 19.99, 18.86, 19.0]
['2018-12-07', 18.82, 19.49, 17.8, 17.93]
['2018-12-10', 17.91, 18.35, 17.54, 17.75]
['2018-12-11', 18.12, 18.39, 17.79, 17.93]
['2018-12-12', 18.07, 18.28, 17.76, 17.79]
['2018-12-13', 17.73, 17.87, 17.39, 17.46]
['2018-12-14', 17.15, 17.58, 17.05, 17.17]
['2018-12-17', 17.11, 17.21, 16.24, 16.29]
['2018-12-18', 16.52, 17.07, 16.05, 16.15]
['2018-12-19', 16.08, 16.25, 14.86, 14.93]
['2018-12-20', 14.9, 15.03, 13.74, 13.8]
['2018-12-21', 13.8, 14.19, 13.25, 13.85]
['2018-12-24', 13.77, 14.11, 13.47, 13.9]
['2018-12-26', 14.03, 14.84, 13.77, 14.75]
['2018-12-27', 14.42, 14.73, 13.93, 14.64]
['2018-12-28', 14.73, 15.14, 14.34, 14.53]
['2018-12-31', 14.65, 14.85, 14.19, 14.55]
['2019-01-02', 14.25, 15.3, 14.25, 14.9]
['2019-01-03', 14.61, 14.87, 14.12, 14.29]
['2019-01-04', 14.58, 15.59, 14.58, 15.48]
['2019-01-07', 15.61, 15.94, 15.2, 15.66]
['2019-01-08', 15.88, 16.05, 15.39, 15.95]
['2019-01-09', 16.15, 16.65, 15.95, 16.03]
['2019-01-10', 15.99, 16.48, 15.68, 16.45]
['2019-01-11', 16.36, 16.67, 16.26, 16.41]
['2019-01-14', 16.21, 16.21, 15.7, 15.82]
['2019-01-15', 15.89, 16.17, 15.8, 16.04]
['2019-01-16', 16.09, 16.54, 15.79, 15.99]
['2019-01-17', 15.95, 16.11, 15.72, 15.86]
['2019-01-18', 15.94, 16.18, 15.75, 15.81]
['2019-01-22', 15.65, 15.93, 15.19, 15.34]
['2019-01-23', 15.44, 16.65, 14.69, 14.93]
['2019-01-24', 15.02, 15.7, 14.86, 15.06]
['2019-01-25', 15.26, 15.38, 14.88, 15.07]
['2019-01-28', 14.87, 15.2, 14.38, 14.46]
['2019-01-29', 14.49, 14.49, 14.05, 14.15]
['2019-01-30', 14.14, 15.04, 14.0, 14.75]
['2019-01-31', 14.69, 15.64, 14.69, 15.32]
['2019-02-01', 15.26, 15.37, 14.94, 15.21]
['2019-02-04', 15.22, 15.88, 15.2, 15.71]
['2019-02-05', 15.67, 16.23, 15.67, 16.04]
['2019-02-06', 16.12, 16.57, 16.06, 16.13]
['2019-02-07', 15.85, 16.08, 15.54, 15.69]
['2019-02-08', 15.53, 16.04, 15.49, 15.96]
['2019-02-11', 16.0, 16.2, 15.8, 16.2]
['2019-02-12', 16.37, 17.33, 16.25, 17.33]
['2019-02-13', 17.47, 17.8, 16.36, 16.71]
['2019-02-14', 16.7, 17.23, 16.59, 17.15]
['2019-02-15', 17.48, 18.08, 17.16, 17.99]
['2019-02-19', 17.99, 18.2, 17.75, 17.84]
['2019-02-20', 17.88, 19.94, 17.88, 19.41]
['2019-02-21', 18.75, 18.89, 16.59, 18.22]
['2019-02-22', 18.23, 19.25, 17.7, 17.72]
['2019-02-25', 17.98, 18.7, 17.96, 18.2]
['2019-02-26', 18.08, 18.45, 17.92, 18.34]
['2019-02-27', 18.28, 18.42, 17.83, 18.0]
['2019-02-28', 17.93, 17.93, 16.73, 16.73]
['2019-03-01', 17.01, 17.41, 16.81, 17.12]
['2019-03-04', 17.19, 17.25, 16.15, 16.78]
['2019-03-05', 16.77, 17.23, 16.53, 17.13]
['2019-03-06', 17.14, 17.39, 16.46, 16.68]
['2019-03-07', 16.61, 16.96, 16.3, 16.67]
['2019-03-08', 16.37, 16.84, 16.3, 16.66]
['2019-03-11', 16.67, 17.65, 16.43, 17.35]
['2019-03-12', 17.36, 17.74, 17.1, 17.49]
['2019-03-13', 17.48, 18.15, 17.35, 18.09]
['2019-03-14', 18.04, 18.44, 18.04, 18.28]
['2019-03-15', 18.39, 18.76, 18.08, 18.28]
['2019-03-18', 18.22, 18.59, 17.93, 18.26]
['2019-03-19', 18.39, 18.43, 17.96, 18.03]
['2019-03-20', 18.01, 18.53, 17.89, 18.24]
['2019-03-21', 18.25, 18.95, 18.25, 18.67]
['2019-03-22', 18.63, 18.63, 17.47, 17.61]
['2019-03-25', 17.44, 17.55, 16.6, 17.03]
['2019-03-26', 17.1, 17.35, 16.74, 16.88]
['2019-03-27', 16.96, 17.09, 16.07, 16.59]
['2019-03-28', 16.56, 17.11, 16.37, 16.85]
['2019-03-29', 17.05, 17.37, 16.66, 16.75]
['2019-04-01', 17.2, 17.5, 16.8, 17.44]
['2019-04-02', 17.45, 17.82, 17.23, 17.69]
['2019-04-03', 17.89, 18.34, 17.65, 17.95]
['2019-04-04', 17.93, 18.11, 17.6, 17.91]
['2019-04-05', 18.0, 18.29, 17.83, 18.09]
['2019-04-08', 18.0, 18.24, 17.82, 18.2]
['2019-04-09', 18.11, 18.49, 18.04, 18.28]
['2019-04-10', 18.26, 19.0, 18.24, 18.59]
['2019-04-11', 18.6, 19.41, 18.38, 18.62]
['2019-04-12', 18.74, 19.2, 18.72, 19.05]
['2019-04-15', 19.14, 19.87, 18.97, 19.08]
['2019-04-16', 19.08, 19.7, 18.9, 19.6]
['2019-04-17', 19.75, 19.82, 19.15, 19.77]
['2019-04-18', 19.61, 20.08, 19.41, 19.82]
['2019-04-22', 19.86, 20.56, 19.57, 20.48]
['2019-04-23', 20.95, 21.84, 20.9, 21.35]
['2019-04-24', 21.15, 22.0, 21.15, 21.57]
['2019-04-25', 21.51, 21.53, 20.82, 21.13]
['2019-04-26', 20.96, 21.5, 20.91, 21.42]
['2019-04-29', 21.4, 22.15, 21.27, 21.7]
['2019-04-30', 26.5, 29.49, 26.01, 29.27]
['2019-05-01', 28.96, 31.1, 27.56, 27.94]
['2019-05-02', 27.44, 29.55, 27.31, 28.68]
['2019-05-03', 28.54, 29.92, 28.0, 29.64]
['2019-05-06', 28.23, 29.44, 28.0, 29.21]
['2019-05-07', 28.93, 29.17, 28.11, 28.8]
['2019-05-08', 28.67, 29.29, 28.35, 28.68]
['2019-05-09', 28.06, 28.79, 27.6, 28.4]
['2019-05-10', 28.08, 29.39, 27.71, 29.19]
['2019-05-13', 28.18, 28.41, 26.86, 27.34]
['2019-05-14', 27.48, 28.61, 27.37, 28.21]
['2019-05-15', 27.29, 28.95, 27.29, 28.71]
['2019-05-16', 28.17, 28.72, 28.03, 28.51]
['2019-05-17', 28.0, 28.55, 24.58, 24.65]
['2019-05-20', 24.73, 25.22, 24.3, 25.03]
['2019-05-21', 25.29, 26.04, 25.17, 25.85]
['2019-05-22', 25.56, 26.28, 25.46, 25.52]
['2019-05-23', 24.93, 25.82, 24.54, 25.07]
['2019-05-24', 25.31, 25.66, 24.19, 24.31]
['2019-05-28', 23.96, 24.58, 23.52, 24.39]
['2019-05-29', 24.05, 24.68, 23.71, 24.59]
['2019-05-30', 24.72, 25.11, 24.31, 24.87]
['2019-05-31', 24.41, 25.22, 24.09, 24.79]
['2019-06-03', 24.74, 25.39, 24.22, 24.37]
['2019-06-04', 24.86, 25.23, 24.52, 25.15]
['2019-06-05', 25.14, 25.67, 24.77, 25.48]
['2019-06-06', 25.5, 26.18, 25.27, 25.91]
['2019-06-07', 26.11, 26.71, 25.62, 26.31]
['2019-06-10', 26.5, 27.0, 26.11, 26.14]
['2019-06-11', 26.51, 26.75, 25.28, 25.79]
['2019-06-12', 25.59, 25.88, 25.08, 25.34]
['2019-06-13', 25.57, 26.05, 25.3, 26.01]
['2019-06-14', 25.8, 25.81, 25.18, 25.28]
['2019-06-17', 25.34, 25.64, 25.22, 25.64]
['2019-06-18', 25.96, 27.71, 25.78, 26.85]
['2019-06-19', 26.91, 27.23, 26.37, 27.05]
['2019-06-20', 27.49, 27.97, 26.26, 26.86]
['2019-06-21', 26.67, 27.16, 26.27, 26.53]
['2019-06-24', 26.55, 27.13, 26.54, 26.88]
['2019-06-25', 26.82, 27.71, 26.76, 26.96]
['2019-06-26', 27.2, 28.38, 27.05, 28.05]
['2019-06-27', 28.28, 28.95, 28.14, 28.83]
['2019-06-28', 28.97, 29.05, 27.87, 28.62]
['2019-07-01', 30.0, 30.58, 29.3, 30.35]
['2019-07-02', 30.53, 31.23, 29.34, 31.2]
['2019-07-03', 31.51, 32.84, 30.88, 32.38]
['2019-07-05', 32.67, 33.75, 32.29, 33.51]
['2019-07-08', 33.55, 33.8, 32.7, 33.35]
['2019-07-09', 33.2, 33.94, 32.96, 33.53]
['2019-07-10', 34.06, 34.94, 33.4, 34.55]
['2019-07-11', 34.73, 35.0, 33.59, 33.79]
['2019-07-12', 34.39, 34.97, 34.09, 34.92]
['2019-07-15', 35.0, 35.81, 34.4, 34.64]
['2019-07-16', 34.53, 35.0, 33.84, 34.26]
['2019-07-17', 34.41, 34.67, 34.11, 34.25]
['2019-07-18', 34.38, 34.65, 34.18, 34.61]
['2019-07-19', 34.68, 35.43, 34.33, 34.86]
['2019-07-22', 34.89, 35.46, 32.2, 33.35]
['2019-07-23', 33.45, 34.09, 33.12, 33.75]
['2019-07-24', 33.78, 35.65, 33.57, 35.6]
['2019-07-25', 35.53, 36.33, 35.34, 36.21]
['2019-07-26', 36.58, 37.53, 36.0, 36.15]
['2019-07-29', 36.15, 36.52, 34.56, 35.33]
['2019-07-30', 34.61, 40.24, 34.32, 39.94]
['2019-07-31', 39.25, 39.49, 35.05, 36.2]
['2019-08-01', 37.51, 39.36, 36.75, 36.97]
['2019-08-02', 37.0, 37.3, 35.51, 36.33]
['2019-08-05', 35.91, 37.04, 35.07, 36.47]
['2019-08-06', 37.05, 37.41, 34.66, 36.23]
['2019-08-07', 35.88, 37.59, 35.88, 37.49]
['2019-08-08', 37.72, 38.31, 36.86, 37.65]
['2019-08-09', 37.62, 37.71, 36.19, 36.81]
['2019-08-12', 36.63, 37.12, 36.11, 36.14]
['2019-08-13', 36.01, 38.2, 35.55, 38.01]
['2019-08-14', 37.39, 37.39, 35.42, 36.08]
['2019-08-15', 36.22, 36.51, 35.45, 35.66]
['2019-08-16', 36.02, 37.57, 35.68, 37.0]
['2019-08-19', 37.66, 38.05, 37.38, 37.65]
['2019-08-20', 37.52, 38.5, 37.15, 37.88]
['2019-08-21', 37.67, 38.45, 37.4, 38.15]
['2019-08-22', 37.87, 38.5, 37.43, 37.75]
['2019-08-23', 37.43, 38.13, 36.78, 37.43]
['2019-08-26', 37.9, 38.06, 37.08, 37.88]
['2019-08-27', 38.06, 39.45, 36.23, 36.77]
['2019-08-28', 36.39, 37.32, 36.12, 36.47]
['2019-08-29', 36.82, 37.17, 34.63, 36.88]
['2019-08-30', 37.1, 37.49, 36.3, 36.38]
['2019-09-03', 36.0, 36.95, 34.9, 35.0]
['2019-09-04', 35.4, 36.34, 35.08, 36.15]
['2019-09-05', 36.62, 37.46, 36.23, 36.42]
['2019-09-06', 36.42, 37.12, 34.69, 35.16]
['2019-09-09', 35.19, 35.45, 32.15, 33.1]
['2019-09-10', 32.64, 32.8, 31.58, 32.26]
['2019-09-11', 32.54, 33.14, 32.26, 32.54]
['2019-09-12', 32.87, 33.01, 31.82, 32.84]
['2019-09-13', 33.06, 33.98, 32.66, 33.09]
['2019-09-16', 32.94, 34.02, 32.79, 33.27]
['2019-09-17', 33.37, 35.07, 33.23, 34.72]
['2019-09-18', 34.75, 35.0, 33.12, 33.7]
['2019-09-19', 33.81, 34.62, 33.42, 33.46]
['2019-09-20', 33.59, 33.8, 32.58, 32.61]
['2019-09-23', 32.53, 33.24, 32.42, 32.87]
['2019-09-24', 32.98, 33.55, 30.56, 31.18]
['2019-09-25', 31.24, 32.03, 30.81, 31.92]
['2019-09-26', 31.77, 32.51, 31.24, 31.94]
['2019-09-27', 31.85, 32.14, 30.21, 30.41]
['2019-09-30', 30.36, 31.53, 30.36, 30.83]
['2019-10-01', 31.03, 32.19, 30.12, 30.15]
['2019-10-02', 30.0, 30.05, 29.18, 29.84]
['2019-10-03', 29.88, 30.46, 29.32, 30.03]
['2019-10-04', 30.14, 30.65, 29.86, 30.62]
['2019-10-07', 30.6, 31.12, 30.39, 30.84]
['2019-10-08', 30.43, 31.2, 30.11, 30.81]
['2019-10-09', 31.18, 31.36, 30.7, 31.04]
['2019-10-10', 31.1, 31.91, 31.07, 31.62]
['2019-10-11', 32.0, 32.42, 30.86, 30.97]
['2019-10-14', 30.81, 31.2, 30.41, 30.95]
['2019-10-15', 31.14, 32.21, 31.11, 31.76]
['2019-10-16', 31.89, 32.14, 31.53, 31.84]
['2019-10-17', 32.06, 32.58, 31.82, 32.48]
['2019-10-18', 32.27, 32.41, 31.15, 31.57]
['2019-10-21', 31.8, 31.93, 30.83, 30.97]
['2019-10-22', 30.94, 31.38, 30.04, 30.17]
['2019-10-23', 29.99, 30.46, 29.48, 30.0]
['2019-10-24', 30.33, 32.12, 30.14, 32.08]
['2019-10-25', 32.06, 32.54, 31.56, 31.98]
['2019-10-28', 32.31, 32.92, 31.96, 32.05]
['2019-10-29', 32.13, 32.91, 31.79, 32.38]
['2019-10-30', 32.43, 33.43, 32.35, 33.08]
['2019-10-31', 33.08, 33.45, 32.82, 32.9]
['2019-11-01', 33.23, 34.55, 32.82, 34.55]
['2019-11-04', 34.75, 35.25, 32.2, 33.44]
['2019-11-05', 34.53, 35.99, 32.4, 35.36]
['2019-11-06', 33.89, 35.24, 33.58, 34.8]
['2019-11-07', 35.13, 35.26, 34.13, 34.45]
['2019-11-08', 34.06, 34.73, 33.96, 34.45]
['2019-11-11', 34.46, 34.49, 33.76, 33.94]
['2019-11-12', 34.0, 36.25, 34.0, 36.25]
['2019-11-13', 36.25, 37.99, 35.9, 36.88]
['2019-11-14', 36.72, 36.93, 36.22, 36.75]
['2019-11-15', 36.66, 36.96, 33.6, 34.23]
['2019-11-18', 34.04, 34.04, 32.82, 33.26]
['2019-11-19', 33.34, 34.33, 33.28, 33.56]
['2019-11-20', 33.33, 33.9, 33.09, 33.56]
['2019-11-21', 33.69, 33.71, 32.72, 32.83]
['2019-11-22', 32.94, 33.01, 32.03, 32.53]
['2019-11-25', 32.67, 33.84, 32.6, 33.53]
['2019-11-26', 33.24, 33.51, 32.57, 32.67]
['2019-11-27', 32.85, 32.94, 30.64, 31.85]
['2019-11-29', 31.7, 32.21, 31.41, 31.56]
['2019-12-02', 31.52, 31.56, 30.22, 30.51]
['2019-12-03', 30.17, 30.54, 29.54, 30.45]
['2019-12-04', 30.72, 31.2, 30.65, 30.91]
['2019-12-05', 31.02, 31.34, 30.06, 30.57]
['2019-12-06', 30.78, 31.24, 30.45, 30.78]
['2019-12-09', 30.9, 31.05, 30.44, 30.59]
['2019-12-10', 30.5, 31.23, 30.5, 30.82]
['2019-12-11', 29.65, 29.84, 27.08, 27.1]
['2019-12-12', 26.93, 27.46, 26.24, 26.5]
['2019-12-13', 26.28, 26.72, 25.66, 26.03]
['2019-12-16', 26.04, 26.88, 25.77, 26.17]
['2019-12-17', 27.16, 27.92, 26.72, 27.55]
['2019-12-18', 27.57, 27.97, 27.0, 27.37]
['2019-12-19', 27.59, 27.76, 26.92, 27.19]
['2019-12-20', 27.31, 27.58, 26.64, 26.77]
['2019-12-23', 26.73, 27.59, 26.45, 27.29]
['2019-12-24', 27.26, 27.44, 26.87, 27.1]
['2019-12-26', 27.15, 27.39, 26.87, 27.08]
['2019-12-27', 27.11, 27.11, 26.22, 26.65]
['2019-12-30', 26.69, 27.05, 25.45, 25.93]
['2019-12-31', 25.7, 26.33, 25.58, 25.86]
['2020-01-02', 26.24, 26.75, 25.84, 26.5]
['2020-01-03', 26.23, 27.1, 26.1, 26.83]
['2020-01-06', 26.42, 26.95, 25.7, 26.05]
['2020-01-07', 26.15, 26.67, 25.89, 26.53]
['2020-01-08', 26.5, 27.46, 26.5, 27.13]
['2020-01-09', 27.26, 28.39, 27.17, 28.28]
['2020-01-10', 28.27, 28.52, 27.58, 28.46]
['2020-01-13', 28.48, 29.25, 28.38, 28.81]
['2020-01-14', 28.9, 29.45, 28.01, 29.16]
['2020-01-15', 29.09, 30.32, 29.04, 30.31]
['2020-01-16', 30.59, 31.72, 30.54, 31.2]
['2020-01-17', 31.44, 31.77, 30.8, 31.7]
['2020-01-21', 31.23, 32.07, 31.13, 31.35]
['2020-01-22', 31.94, 35.48, 31.5, 34.96]
['2020-01-23', 34.95, 36.12, 33.69, 35.74]
['2020-01-24', 35.96, 36.56, 34.62, 34.74]
['2020-01-27', 33.59, 34.47, 33.18, 33.69]
['2020-01-28', 34.0, 34.49, 33.62, 34.36]
['2020-01-29', 34.51, 35.58, 33.75, 34.76]
['2020-01-30', 34.58, 34.7, 33.58, 34.05]
['2020-01-31', 33.95, 33.95, 31.85, 32.18]
['2020-02-03', 32.5, 32.5, 31.3, 31.64]
['2020-02-04', 32.31, 32.75, 32.04, 32.43]
['2020-02-05', 33.11, 33.86, 32.47, 33.0]
['2020-02-06', 33.28, 33.63, 32.74, 33.47]
['2020-02-07', 32.87, 33.18, 31.04, 31.64]
['2020-02-10', 31.49, 32.28, 31.29, 32.28]
['2020-02-11', 32.78, 33.0, 32.14, 32.32]
['2020-02-12', 32.63, 32.93, 32.12, 32.27]
['2020-02-13', 32.17, 32.33, 31.42, 31.7]
['2020-02-14', 31.89, 32.3, 31.19, 31.51]
['2020-02-18', 31.48, 33.35, 31.25, 33.18]
['2020-02-19', 33.57, 36.17, 33.56, 35.24]
['2020-02-20', 35.19, 35.85, 34.33, 35.66]
['2020-02-21', 35.81, 35.81, 34.47, 35.27]
['2020-02-24', 33.5, 34.6, 32.55, 33.73]
['2020-02-25', 34.08, 34.24, 31.19, 31.37]
['2020-02-26', 31.43, 32.25, 30.88, 31.39]
['2020-02-27', 30.67, 31.67, 29.38, 30.49]
['2020-02-28', 29.16, 30.75, 28.43, 30.75]
['2020-03-02', 31.27, 31.33, 28.28, 28.38]
['2020-03-03', 27.4, 28.0, 24.85, 25.35]
['2020-03-04', 25.76, 26.49, 25.23, 25.43]
['2020-03-05', 24.98, 25.5, 21.79, 22.04]
['2020-03-06', 21.25, 23.06, 20.76, 23.03]
['2020-03-09', 21.58, 22.15, 20.85, 21.43]
['2020-03-10', 22.79, 22.79, 20.81, 22.2]
['2020-03-11', 21.28, 21.47, 20.37, 20.84]
['2020-03-12', 19.91, 19.99, 17.77, 17.95]
['2020-03-13', 19.05, 19.95, 17.54, 18.1]
['2020-03-16', 16.31, 16.31, 14.0, 14.21]
['2020-03-17', 13.88, 14.37, 12.44, 13.36]
['2020-03-18', 13.16, 13.81, 11.47, 12.68]
['2020-03-19', 12.38, 15.23, 12.0, 14.32]
['2020-03-20', 14.58, 15.64, 13.53, 14.1]
['2020-03-23', 14.46, 15.1, 13.41, 14.84]
['2020-03-24', 15.65, 17.01, 15.57, 16.34]
['2020-03-25', 16.46, 17.0, 15.17, 16.24]
['2020-03-26', 16.48, 17.37, 16.22, 16.71]
['2020-03-27', 16.22, 16.22, 15.09, 15.41]
['2020-03-30', 15.63, 16.72, 15.31, 16.63]
['2020-03-31', 16.75, 18.02, 16.53, 16.71]
['2020-04-01', 16.05, 16.39, 14.71, 14.89]
['2020-04-02', 15.06, 15.74, 13.99, 14.25]
['2020-04-03', 14.28, 14.5, 13.54, 13.81]
['2020-04-06', 14.67, 15.86, 14.67, 15.74]
['2020-04-07', 16.44, 16.81, 15.49, 15.96]
['2020-04-08', 16.4, 16.79, 15.07, 16.34]
['2020-04-09', 16.99, 18.09, 16.72, 17.79]
['2020-04-13', 17.81, 18.67, 17.4, 18.55]
['2020-04-14', 18.97, 19.78, 18.53, 18.75]
['2020-04-15', 18.06, 18.2, 17.19, 17.38]
['2020-04-16', 17.41, 17.8, 16.64, 17.1]
['2020-04-17', 17.54, 18.59, 17.42, 18.22]
['2020-04-20', 17.92, 18.68, 17.68, 17.78]
['2020-04-21', 20.06, 20.91, 18.66, 18.77]
['2020-04-22', 19.07, 19.84, 19.06, 19.37]
['2020-04-23', 19.5, 20.64, 19.5, 19.9]
['2020-04-24', 20.0, 20.79, 19.65, 20.59]
['2020-04-27', 20.59, 21.02, 20.24, 20.39]
['2020-04-28', 23.79, 24.57, 21.84, 23.1]
['2020-04-29', 23.41, 25.24, 23.27, 24.35]
['2020-04-30', 24.0, 24.07, 22.08, 22.46]
['2020-05-01', 21.9, 22.3, 20.91, 21.63]
['2020-05-04', 21.22, 22.17, 21.01, 21.8]
['2020-05-05', 22.32, 23.26, 22.25, 22.54]
['2020-05-06', 22.59, 23.26, 22.26, 22.4]
['2020-05-07', 22.55, 24.65, 22.21, 23.75]
['2020-05-08', 24.51, 24.99, 23.92, 24.73]
['2020-05-11', 24.5, 25.03, 23.92, 24.54]
['2020-05-12', 24.81, 24.96, 23.75, 23.76]
['2020-05-13', 23.69, 23.98, 21.7, 21.94]
['2020-05-14', 21.45, 22.96, 21.05, 22.9]
['2020-05-15', 22.7, 22.96, 22.35, 22.62]
['2020-05-18', 23.62, 25.45, 23.07, 25.24]
['2020-05-19', 24.78, 25.61, 24.6, 24.85]
['2020-05-20', 25.34, 25.77, 24.77, 25.17]
['2020-05-21', 25.29, 25.92, 25.09, 25.32]
['2020-05-22', 25.44, 25.5, 24.78, 25.31]
['2020-05-26', 26.23, 27.65, 26.02, 27.33]
['2020-05-27', 27.93, 28.69, 26.45, 28.38]
['2020-05-28', 28.66, 28.87, 25.67, 25.93]
['2020-05-29', 25.94, 26.58, 25.2, 25.85]
