['2014-03-13', 116.8, 126.88, 112.0, 112.32]
['2014-03-14', 113.6, 113.68, 104.16, 107.2]
['2014-03-17', 106.16, 112.0, 102.08, 107.2]
['2014-03-18', 107.04, 107.2, 100.0, 103.84]
['2014-03-19', 102.48, 104.4, 100.0, 100.72]
['2014-03-20', 100.08, 100.72, 91.04, 92.4]
['2014-03-21', 94.0, 94.8, 86.4, 86.8]
['2014-03-24', 86.8, 88.0, 78.16, 79.6]
['2014-03-25', 80.0, 84.8, 77.6, 80.4]
['2014-03-26', 82.8, 83.52, 78.8, 80.24]
['2014-03-27', 81.6, 82.64, 78.0, 80.16]
['2014-03-28', 79.76, 82.68, 79.12, 80.0]
['2014-03-31', 81.04, 81.04, 79.6, 80.64]
['2014-04-01', 80.8, 84.8, 80.8, 83.28]
['2014-04-02', 85.44, 88.0, 84.08, 85.76]
['2014-04-03', 85.2, 85.28, 78.4, 78.8]
['2014-04-04', 78.8, 78.8, 68.56, 73.28]
['2014-04-07', 77.6, 78.0, 65.616, 71.2]
['2014-04-08', 70.64, 72.24, 68.88, 71.52]
['2014-04-09', 71.2, 84.32, 70.32, 83.2]
['2014-04-10', 81.76, 86.4, 72.4, 83.2]
['2014-04-11', 83.36, 84.64, 73.76, 80.08]
['2014-04-14', 80.0, 81.6, 78.4, 79.44]
['2014-04-15', 78.56, 80.0, 73.44, 76.16]
['2014-04-16', 72.36, 76.12, 72.36, 73.2]
['2014-04-17', 75.84, 76.8, 74.08, 74.24]
['2014-04-21', 75.28, 86.88, 75.28, 77.6]
['2014-04-22', 77.04, 86.72, 77.04, 83.12]
['2014-04-23', 83.2, 87.6, 81.68, 83.28]
['2014-04-24', 84.8, 87.04, 78.4, 79.6]
['2014-04-25', 80.112, 80.8, 77.2, 77.2]
['2014-04-28', 79.76, 79.84, 74.0, 78.8]
['2014-04-29', 77.76, 80.0, 73.864, 75.52]
['2014-04-30', 74.96, 78.0, 73.52, 78.0]
['2014-05-01', 78.56, 78.56, 76.0, 78.4]
['2014-05-02', 78.8, 79.6, 74.4, 79.408]
['2014-05-05', 79.76, 82.0, 76.2, 82.0]
['2014-05-06', 76.88, 79.92, 76.88, 79.92]
['2014-05-07', 79.92, 80.64, 79.92, 80.32]
['2014-05-08', 79.92, 82.0, 76.24, 79.84]
['2014-05-09', 79.36, 79.36, 75.2, 79.36]
['2014-05-12', 78.8, 78.8, 73.28, 77.76]
['2014-05-13', 74.8, 81.92, 74.8, 80.8]
['2014-05-14', 79.92, 79.92, 74.0, 76.4]
['2014-05-15', 76.512, 76.512, 64.0, 70.88]
['2014-05-16', 72.0, 74.0, 72.0, 73.2]
['2014-05-19', 75.04, 75.04, 72.08, 72.08]
['2014-05-20', 72.88, 75.12, 71.2, 72.0]
['2014-05-21', 72.0, 72.72, 71.2, 71.2]
['2014-05-22', 71.92, 72.0, 64.32, 68.88]
['2014-05-23', 68.0, 74.0, 68.0, 70.8]
['2014-05-27', 64.0, 72.0, 64.0, 71.2]
['2014-05-28', 71.92, 76.32, 69.68, 71.6]
['2014-05-29', 72.0, 76.4, 72.0, 75.2]
['2014-05-30', 76.8, 78.8, 68.88, 73.44]
['2014-06-02', 74.64, 74.64, 71.84, 73.52]
['2014-06-03', 72.48, 76.96, 70.8, 76.96]
['2014-06-04', 76.08, 76.08, 71.28, 73.76]
['2014-06-05', 72.72, 75.6, 72.72, 73.84]
['2014-06-06', 74.0, 75.04, 72.0, 72.08]
['2014-06-09', 75.2, 75.2, 73.2, 74.96]
['2014-06-10', 75.04, 75.2, 74.32, 75.2]
['2014-06-11', 72.96, 79.92, 72.96, 79.84]
['2014-06-12', 81.52, 85.76, 80.4, 85.76]
['2014-06-13', 87.6, 91.2, 84.24, 89.2]
['2014-06-16', 87.04, 89.8, 81.84, 85.52]
['2014-06-17', 81.84, 90.32, 81.84, 90.32]
['2014-06-18', 92.0, 92.0, 84.48, 88.4]
['2014-06-19', 88.56, 89.44, 80.64, 89.44]
['2014-06-20', 85.992, 89.44, 76.56, 76.56]
['2014-06-23', 79.84, 79.84, 74.24, 75.28]
['2014-06-24', 75.92, 78.24, 74.4, 75.92]
['2014-06-25', 74.8, 80.56, 74.8, 78.56]
['2014-06-26', 80.96, 82.32, 77.28, 77.28]
['2014-06-27', 77.28, 80.16, 75.52, 75.52]
['2014-06-30', 74.4, 80.4, 74.4, 77.6]
['2014-07-01', 78.48, 78.48, 72.08, 72.48]
['2014-07-02', 73.44, 76.0, 70.8, 71.88]
['2014-07-03', 70.8, 74.48, 70.8, 73.36]
['2014-07-07', 74.0, 74.96, 70.8, 71.76]
['2014-07-08', 72.0, 74.64, 71.6, 72.08]
['2014-07-09', 72.08, 74.08, 71.84, 73.2]
['2014-07-10', 72.24, 74.0, 72.08, 72.24]
['2014-07-11', 74.0, 76.904, 73.68, 76.64]
['2014-07-14', 77.12, 77.12, 74.4, 74.4]
['2014-07-15', 75.6, 75.6, 72.88, 73.44]
['2014-07-16', 74.4, 78.88, 73.44, 75.2]
['2014-07-17', 77.32, 77.32, 74.0, 74.24]
['2014-07-18', 74.16, 79.04, 74.0, 75.44]
['2014-07-21', 76.4, 82.96, 74.4, 80.48]
['2014-07-22', 80.8, 81.608, 77.92, 79.44]
['2014-07-23', 80.0, 80.8, 77.6, 80.8]
['2014-07-24', 79.52, 80.48, 77.92, 79.68]
['2014-07-25', 81.2, 81.2, 78.16, 78.16]
['2014-07-28', 79.6, 80.0, 77.36, 78.8]
['2014-07-29', 79.92, 80.0, 77.68, 78.32]
['2014-07-30', 79.04, 80.0, 76.08, 78.08]
['2014-07-31', 78.0, 78.48, 76.08, 78.24]
['2014-08-01', 78.48, 78.48, 75.12, 75.92]
['2014-08-04', 75.28, 78.08, 70.8, 76.0]
['2014-08-05', 73.4, 76.72, 72.8, 73.76]
['2014-08-06', 72.8, 75.2, 70.0, 70.64]
['2014-08-07', 72.48, 72.48, 68.32, 69.04]
['2014-08-08', 69.92, 73.52, 69.52, 70.72]
['2014-08-11', 71.04, 73.52, 69.92, 69.92]
['2014-08-12', 69.6, 72.08, 69.6, 71.76]
['2014-08-13', 74.8, 78.48, 68.0, 73.44]
['2014-08-14', 74.88, 75.2, 72.32, 73.6]
['2014-08-15', 73.12, 75.76, 70.24, 72.88]
['2014-08-18', 72.32, 74.88, 72.32, 73.68]
['2014-08-19', 72.0, 75.92, 70.56, 71.84]
['2014-08-20', 70.88, 74.8, 70.72, 73.6]
['2014-08-21', 72.8, 73.6, 70.8, 72.4]
['2014-08-22', 72.64, 73.12, 70.8, 72.08]
['2014-08-25', 72.0, 73.2, 68.72, 72.0]
['2014-08-26', 73.28, 78.0, 72.0, 77.12]
['2014-08-27', 73.84, 76.8, 73.12, 75.12]
['2014-08-28', 76.0, 76.0, 73.52, 74.56]
['2014-08-29', 75.6, 80.4, 75.52, 80.4]
['2014-09-02', 78.8, 78.8, 73.44, 74.32]
['2014-09-03', 73.6, 77.84, 73.28, 76.8]
['2014-09-04', 77.04, 79.76, 74.8, 76.48]
['2014-09-05', 76.8, 78.0, 74.48, 76.0]
['2014-09-08', 77.6, 79.44, 74.48, 77.84]
['2014-09-09', 76.0, 82.48, 75.68, 79.04]
['2014-09-10', 79.04, 79.04, 75.2, 77.52]
['2014-09-11', 78.8, 90.32, 78.4, 80.0]
['2014-09-12', 81.6, 83.04, 77.12, 82.4]
['2014-09-15', 82.4, 82.4, 79.44, 81.28]
['2014-09-16', 79.2, 82.32, 79.2, 82.32]
['2014-09-17', 81.68, 82.32, 79.6, 81.84]
['2014-09-18', 79.76, 82.4, 79.76, 81.44]
['2014-09-19', 81.44, 82.0, 80.4, 82.0]
['2014-09-22', 80.96, 82.24, 80.4, 82.24]
['2014-09-23', 82.24, 82.24, 80.64, 81.36]
['2014-09-24', 80.16, 82.16, 80.16, 81.76]
['2014-09-25', 81.76, 82.0, 78.8, 81.84]
['2014-09-26', 81.84, 82.16, 80.24, 81.84]
['2014-09-29', 80.36, 81.76, 80.0, 81.76]
['2014-09-30', 81.44, 81.84, 78.4, 79.6]
['2014-10-01', 80.24, 80.4, 78.32, 79.68]
['2014-10-02', 80.64, 80.64, 78.4, 80.0]
['2014-10-03', 80.0, 81.84, 79.752, 81.84]
['2014-10-06', 81.68, 81.68, 78.48, 79.92]
['2014-10-07', 78.64, 80.24, 76.0, 78.72]
['2014-10-08', 79.28, 79.52, 77.6, 78.4]
['2014-10-09', 77.68, 79.36, 77.68, 79.12]
['2014-10-10', 79.12, 79.12, 79.12, 79.12]
['2014-10-13', 80.56, 80.56, 78.0, 79.44]
['2014-10-14', 79.28, 81.04, 78.4, 81.04]
['2014-10-15', 79.52, 79.76, 78.64, 79.76]
['2014-10-16', 79.52, 79.76, 77.6, 79.128]
['2014-10-17', 77.92, 80.64, 77.92, 78.4]
['2014-10-20', 78.8, 80.4, 77.04, 80.16]
['2014-10-21', 80.48, 82.24, 80.0, 81.32]
['2014-10-22', 80.8, 82.16, 80.8, 81.76]
['2014-10-23', 82.4, 83.84, 80.0, 83.84]
['2014-10-24', 83.2, 88.8, 83.2, 88.8]
['2014-10-27', 88.64, 88.8, 86.72, 88.0]
['2014-10-28', 88.64, 88.8, 87.12, 88.56]
['2014-10-29', 87.6, 88.48, 83.632, 86.96]
['2014-10-30', 85.36, 87.44, 83.28, 84.72]
['2014-10-31', 88.24, 88.24, 83.68, 87.6]
['2014-11-03', 86.72, 87.2, 84.8, 87.2]
['2014-11-04', 86.0, 87.28, 85.6, 87.2]
['2014-11-05', 86.72, 94.4, 86.72, 93.36]
['2014-11-06', 94.0, 103.2, 88.16, 92.0]
['2014-11-07', 91.52, 94.0, 90.0, 92.24]
['2014-11-10', 93.04, 93.04, 84.8, 89.2]
['2014-11-11', 88.0, 88.44, 86.8, 87.84]
['2014-11-12', 88.0, 88.064, 78.8, 84.56]
['2014-11-13', 83.6, 84.08, 78.0, 83.92]
['2014-11-14', 83.36, 84.48, 80.32, 82.24]
['2014-11-17', 82.48, 84.08, 81.6, 83.92]
['2014-11-18', 82.368, 84.16, 80.0, 82.0]
['2014-11-19', 82.32, 83.12, 80.08, 81.44]
['2014-11-20', 82.72, 83.92, 81.92, 83.92]
['2014-11-21', 83.36, 83.68, 80.8, 83.68]
['2014-11-24', 84.56, 84.56, 78.4, 81.04]
['2014-11-25', 80.248, 81.92, 78.0, 79.04]
['2014-11-26', 79.6, 81.92, 78.24, 81.92]
['2014-11-28', 80.72, 83.52, 80.72, 83.52]
['2014-12-01', 83.52, 83.52, 80.0, 82.88]
['2014-12-02', 83.2, 83.84, 80.32, 83.84]
['2014-12-03', 83.12, 83.12, 80.32, 81.92]
['2014-12-04', 81.36, 83.12, 80.88, 83.04]
['2014-12-05', 83.12, 84.8, 81.52, 81.76]
['2014-12-08', 82.32, 84.8, 81.12, 84.64]
['2014-12-09', 83.68, 87.76, 83.68, 85.12]
['2014-12-10', 84.56, 94.0, 84.56, 91.76]
['2014-12-11', 92.0, 93.6, 88.36, 91.6]
['2014-12-12', 92.32, 93.92, 89.2, 92.56]
['2014-12-15', 91.92, 91.92, 90.0, 91.52]
['2014-12-16', 90.72, 93.52, 87.76, 90.88]
['2014-12-17', 88.8, 92.0, 88.8, 90.96]
['2014-12-18', 90.8, 91.44, 88.64, 90.08]
['2014-12-19', 90.72, 92.0, 88.88, 88.88]
['2014-12-22', 88.8, 91.92, 88.8, 90.16]
['2014-12-23', 90.64, 91.92, 90.0, 90.56]
['2014-12-24', 91.04, 91.84, 90.0, 90.0]
['2014-12-26', 90.64, 91.84, 88.32, 89.68]
['2014-12-29', 90.08, 93.92, 90.08, 91.2]
['2014-12-30', 92.08, 93.04, 91.296, 91.6]
['2014-12-31', 91.44, 94.0, 90.08, 91.08]
['2015-01-02', 92.24, 100.96, 92.0, 99.04]
['2015-01-05', 100.0, 113.2, 96.48, 104.76]
['2015-01-06', 104.72, 107.416, 100.4, 103.68]
['2015-01-07', 101.52, 103.92, 96.64, 102.08]
['2015-01-08', 101.92, 107.6, 100.4, 107.6]
['2015-01-09', 102.4, 107.6, 100.48, 104.0]
['2015-01-12', 103.04, 107.6, 100.32, 105.44]
['2015-01-13', 107.04, 109.92, 104.8, 106.92]
['2015-01-14', 105.68, 106.4, 101.92, 103.28]
['2015-01-15', 105.6, 105.6, 97.176, 99.92]
['2015-01-16', 98.72, 100.64, 97.6, 98.0]
['2015-01-20', 100.72, 101.04, 99.088, 100.0]
['2015-01-21', 100.08, 101.04, 90.08, 94.0]
['2015-01-22', 93.36, 96.928, 91.12, 95.0]
['2015-01-23', 95.12, 97.92, 91.84, 92.0]
['2015-01-26', 94.16, 95.808, 88.0, 92.88]
['2015-01-27', 92.0, 92.24, 88.16, 92.0]
['2015-01-28', 94.56, 94.56, 87.44, 88.96]
['2015-01-29', 88.88, 90.92, 85.6, 86.8]
['2015-01-30', 88.0, 90.4, 85.76, 88.08]
['2015-02-02', 89.2, 89.44, 85.68, 85.68]
['2015-02-03', 87.36, 91.12, 86.4, 89.36]
['2015-02-04', 89.36, 89.52, 86.96, 89.44]
['2015-02-05', 89.6, 89.6, 87.44, 87.84]
['2015-02-06', 87.2, 89.2, 86.72, 89.2]
['2015-02-09', 88.16, 89.6, 86.0, 89.6]
['2015-02-10', 89.04, 91.2, 87.12, 89.76]
['2015-02-11', 89.68, 99.28, 89.12, 95.84]
['2015-02-12', 97.52, 101.696, 92.0, 100.0]
['2015-02-13', 99.04, 103.424, 99.04, 102.08]
['2015-02-17', 103.52, 105.168, 102.4, 104.4]
['2015-02-18', 103.52, 110.08, 101.6, 109.6]
['2015-02-19', 107.68, 115.2, 103.04, 105.52]
['2015-02-20', 104.56, 111.52, 104.32, 109.04]
['2015-02-23', 110.64, 110.72, 105.2, 107.28]
['2015-02-24', 106.0, 111.76, 105.2, 108.56]
['2015-02-25', 108.8, 109.6, 104.0, 106.4]
['2015-02-26', 106.0, 112.0, 103.52, 111.2]
['2015-02-27', 113.84, 121.12, 112.0, 113.84]
['2015-03-02', 113.68, 113.68, 109.92, 111.2]
['2015-03-03', 110.4, 112.4, 106.48, 109.36]
['2015-03-04', 108.16, 111.92, 104.0, 111.2]
['2015-03-05', 110.48, 111.2, 105.36, 109.12]
['2015-03-06', 112.16, 112.24, 108.16, 111.68]
['2015-03-09', 110.56, 111.68, 108.24, 110.88]
['2015-03-10', 110.8, 111.68, 105.28, 107.92]
['2015-03-11', 107.28, 107.28, 100.88, 101.44]
['2015-03-12', 101.12, 104.72, 101.12, 103.504]
['2015-03-13', 102.4, 104.32, 101.2, 101.2]
['2015-03-16', 101.92, 104.64, 101.12, 103.76]
['2015-03-17', 102.712, 105.04, 101.6, 101.92]
['2015-03-18', 103.28, 109.2, 103.28, 104.0]
['2015-03-19', 106.0, 108.72, 104.0, 108.08]
['2015-03-20', 107.2, 112.0, 106.568, 112.0]
['2015-03-23', 110.8, 113.6, 105.68, 109.04]
['2015-03-24', 111.68, 113.84, 109.928, 112.8]
['2015-03-25', 112.8, 113.744, 108.8, 111.84]
['2015-03-26', 109.84, 112.416, 108.56, 110.88]
['2015-03-27', 111.2, 117.92, 108.064, 113.28]
['2015-03-30', 114.0, 114.0, 109.688, 112.96]
['2015-03-31', 112.72, 112.72, 108.0, 109.12]
['2015-04-01', 108.8, 109.84, 105.032, 107.92]
['2015-04-02', 105.76, 107.12, 100.8, 103.12]
['2015-04-06', 102.0, 103.92, 98.72, 102.8]
['2015-04-07', 103.2, 104.736, 100.0, 102.88]
['2015-04-08', 101.84, 106.0, 101.28, 101.52]
['2015-04-09', 102.0, 102.0, 100.8, 101.44]
['2015-04-10', 101.2, 104.96, 100.4, 102.64]
['2015-04-13', 103.44, 103.44, 100.0, 101.76]
['2015-04-14', 102.4, 102.64, 101.6, 101.6]
['2015-04-15', 101.984, 103.2, 96.8, 97.2]
['2015-04-16', 98.48, 101.52, 97.2, 98.64]
['2015-04-17', 100.0, 105.28, 98.8, 101.76]
['2015-04-20', 101.28, 103.36, 100.0, 100.0]
['2015-04-21', 101.04, 102.4, 99.2, 100.8]
['2015-04-22', 100.0, 103.52, 100.0, 101.84]
['2015-04-23', 104.0, 104.0, 100.0, 100.64]
['2015-04-24', 104.0, 104.0, 100.4, 102.8]
['2015-04-27', 103.2, 103.2, 100.056, 100.88]
['2015-04-28', 103.44, 103.44, 100.08, 100.4]
['2015-04-29', 99.92, 99.92, 90.0, 94.8]
['2015-04-30', 94.0, 95.36, 93.44, 95.12]
['2015-05-01', 95.04, 96.8, 94.88, 95.6]
['2015-05-04', 95.72, 97.44, 92.32, 92.32]
['2015-05-05', 94.32, 95.44, 92.64, 93.6]
['2015-05-06', 92.56, 94.44, 91.52, 93.52]
['2015-05-07', 97.12, 97.12, 92.4, 93.6]
['2015-05-08', 93.28, 101.92, 90.56, 100.96]
['2015-05-11', 102.56, 102.56, 100.0, 100.8]
['2015-05-12', 101.28, 102.0, 96.8, 100.8]
['2015-05-13', 100.56, 103.12, 99.2, 99.2]
['2015-05-14', 96.56, 100.8, 95.76, 95.76]
['2015-05-15', 97.6, 98.24, 91.68, 98.24]
['2015-05-18', 98.16, 99.6, 91.04, 98.96]
['2015-05-19', 99.2, 99.2, 92.72, 94.8]
['2015-05-20', 95.52, 97.488, 92.0, 95.6]
['2015-05-21', 95.6, 95.848, 92.0, 92.0]
['2015-05-22', 94.64, 96.072, 90.88, 94.4]
['2015-05-26', 94.4, 96.64, 93.68, 94.4]
['2015-05-27', 94.4, 96.72, 94.4, 95.2]
['2015-05-28', 95.84, 102.8, 95.84, 99.68]
['2015-05-29', 100.32, 102.32, 100.32, 102.32]
['2015-06-01', 101.52, 104.0, 95.76, 103.68]
['2015-06-02', 104.0, 118.8, 103.68, 111.2]
['2015-06-03', 116.16, 118.8, 109.72, 111.2]
['2015-06-04', 111.52, 116.8, 107.52, 115.44]
['2015-06-05', 116.88, 120.0, 114.8, 116.0]
['2015-06-08', 113.44, 119.92, 113.2, 119.92]
['2015-06-09', 118.72, 119.12, 111.2, 115.44]
['2015-06-10', 116.0, 118.96, 116.0, 117.76]
['2015-06-11', 118.4, 118.4, 115.44, 115.52]
['2015-06-12', 114.672, 118.72, 114.56, 117.68]
['2015-06-15', 116.8, 117.592, 112.0, 116.4]
['2015-06-16', 116.0, 116.0, 112.8, 115.68]
['2015-06-17', 115.68, 116.0, 111.44, 115.28]
['2015-06-18', 115.28, 116.0, 112.64, 115.84]
['2015-06-19', 115.2, 115.76, 110.88, 112.08]
['2015-06-22', 113.44, 115.12, 111.944, 111.944]
['2015-06-23', 111.92, 111.92, 102.88, 109.44]
['2015-06-24', 110.56, 110.88, 105.28, 110.8]
['2015-06-25', 108.0, 109.28, 100.8, 107.28]
['2015-06-26', 108.4, 110.72, 101.28, 102.24]
['2015-06-29', 102.0, 107.84, 100.0, 103.52]
['2015-06-30', 103.6, 106.4, 100.0, 101.76]
['2015-07-01', 102.56, 116.0, 100.88, 112.32]
['2015-07-02', 112.96, 112.96, 103.6, 104.88]
['2015-07-06', 104.88, 106.88, 100.64, 103.6]
['2015-07-07', 103.864, 114.48, 103.68, 112.0]
['2015-07-08', 110.88, 112.0, 105.6, 109.12]
['2015-07-09', 110.24, 113.216, 105.44, 111.68]
['2015-07-10', 108.24, 110.08, 104.96, 106.64]
['2015-07-13', 109.52, 114.0, 107.2, 113.2]
['2015-07-14', 111.68, 119.6, 111.68, 117.64]
['2015-07-15', 119.52, 119.52, 114.4, 117.12]
['2015-07-16', 117.52, 120.0, 116.16, 117.072]
['2015-07-17', 117.76, 120.0, 117.76, 120.0]
['2015-07-20', 119.92, 132.16, 119.88, 130.16]
['2015-07-21', 130.16, 136.8, 130.16, 135.12]
['2015-07-22', 135.52, 135.52, 127.6, 132.24]
['2015-07-23', 132.24, 136.72, 129.712, 134.32]
['2015-07-24', 135.92, 135.92, 128.16, 134.32]
['2015-07-27', 131.28, 132.0, 124.32, 128.16]
['2015-07-28', 129.92, 135.2, 124.656, 133.84]
['2015-07-29', 125.92, 134.32, 125.92, 132.0]
['2015-07-30', 132.0, 134.0, 129.12, 131.12]
['2015-07-31', 132.32, 134.24, 130.56, 133.6]
['2015-08-03', 133.92, 133.92, 128.08, 132.16]
['2015-08-04', 131.2, 131.2, 125.76, 125.76]
['2015-08-05', 127.76, 128.48, 124.0, 125.68]
['2015-08-06', 125.92, 127.28, 116.48, 120.56]
['2015-08-07', 118.32, 123.76, 112.64, 123.2]
['2015-08-10', 122.16, 127.6, 118.08, 121.84]
['2015-08-11', 120.4, 126.24, 116.24, 119.76]
['2015-08-12', 118.48, 123.44, 112.4, 120.08]
['2015-08-13', 120.08, 131.84, 110.4, 111.36]
['2015-08-14', 112.64, 120.08, 109.04, 112.96]
['2015-08-17', 108.0, 118.64, 103.76, 105.92]
['2015-08-18', 105.92, 117.92, 105.92, 108.4]
['2015-08-19', 108.0, 108.24, 101.28, 101.68]
['2015-08-20', 112.0, 112.0, 92.64, 98.0]
['2015-08-21', 97.32, 98.56, 94.0, 95.6]
['2015-08-24', 93.2, 100.8, 86.4, 98.24]
['2015-08-25', 101.92, 110.64, 96.24, 98.2]
['2015-08-26', 103.872, 103.872, 97.52, 98.8]
['2015-08-27', 99.36, 107.84, 96.88, 106.0]
['2015-08-28', 105.36, 111.76, 101.68, 108.16]
['2015-08-31', 111.44, 122.0, 107.6, 122.0]
['2015-09-01', 120.0, 120.88, 114.08, 117.68]
['2015-09-02', 119.2, 119.52, 115.6, 115.6]
['2015-09-03', 116.8, 116.8, 104.8, 107.84]
['2015-09-04', 112.72, 116.64, 108.16, 116.08]
['2015-09-08', 120.88, 120.88, 106.96, 113.52]
['2015-09-09', 115.2, 116.0, 107.6, 110.0]
['2015-09-10', 109.36, 111.56, 107.968, 109.04]
['2015-09-11', 108.72, 109.44, 103.2, 104.48]
['2015-09-14', 104.8, 105.36, 102.0, 103.68]
['2015-09-15', 103.76, 108.0, 102.96, 106.32]
['2015-09-16', 103.6, 107.192, 100.144, 106.4]
['2015-09-17', 103.44, 107.68, 103.44, 104.16]
['2015-09-18', 102.64, 106.0, 100.8, 105.68]
['2015-09-21', 106.0, 112.0, 106.0, 108.96]
['2015-09-22', 107.6, 114.16, 104.0, 112.64]
['2015-09-23', 112.08, 118.8, 112.08, 118.08]
['2015-09-24', 118.48, 122.0, 117.52, 121.2]
['2015-09-25', 122.0, 122.0, 114.48, 120.0]
['2015-09-28', 120.8, 120.8, 106.56, 115.68]
['2015-09-29', 111.44, 114.008, 105.6, 112.0]
['2015-09-30', 112.64, 117.632, 105.296, 112.0]
['2015-10-01', 108.72, 117.28, 107.28, 111.92]
['2015-10-02', 110.08, 115.04, 105.88, 112.56]
['2015-10-05', 113.92, 113.92, 103.84, 105.04]
['2015-10-06', 106.24, 111.52, 101.52, 104.4]
['2015-10-07', 104.72, 109.2, 97.84, 104.08]
['2015-10-08', 104.0, 105.92, 101.2, 104.08]
['2015-10-09', 105.04, 111.6, 97.2, 104.08]
['2015-10-12', 103.44, 107.2, 100.32, 100.32]
['2015-10-13', 100.48, 107.52, 97.12, 97.12]
['2015-10-14', 101.84, 113.44, 101.84, 108.08]
['2015-10-15', 112.0, 116.4, 109.04, 109.04]
['2015-10-16', 106.16, 115.84, 106.0, 107.84]
['2015-10-19', 113.44, 113.44, 109.6, 110.64]
['2015-10-20', 110.4, 113.2, 106.08, 106.08]
['2015-10-21', 106.28, 106.28, 101.84, 102.72]
['2015-10-22', 102.08, 105.36, 98.32, 100.48]
['2015-10-23', 100.16, 101.28, 90.88, 91.6]
['2015-10-26', 89.92, 94.56, 86.4, 90.4]
['2015-10-27', 89.6, 93.76, 86.48, 87.6]
['2015-10-28', 88.4, 99.84, 80.96, 99.84]
['2015-10-29', 98.4, 100.0, 88.16, 90.16]
['2015-10-30', 91.12, 95.92, 88.0, 94.56]
['2015-11-02', 94.88, 99.432, 90.0, 92.64]
['2015-11-03', 92.24, 94.64, 90.08, 92.4]
['2015-11-04', 93.2, 104.8, 93.2, 100.8]
['2015-11-05', 101.04, 104.4, 96.24, 98.88]
['2015-11-06', 98.96, 101.52, 95.36, 98.8]
['2015-11-09', 97.44, 101.92, 94.08, 98.08]
['2015-11-10', 97.2, 100.72, 92.16, 95.36]
['2015-11-11', 98.56, 98.56, 93.84, 97.64]
['2015-11-12', 95.52, 97.6, 93.36, 94.24]
['2015-11-13', 93.36, 97.68, 91.92, 96.88]
['2015-11-16', 88.16, 93.52, 86.16, 89.28]
['2015-11-17', 94.4, 99.6, 88.16, 98.88]
['2015-11-18', 98.64, 98.8, 95.52, 95.52]
['2015-11-19', 94.4, 97.92, 91.92, 96.8]
['2015-11-20', 97.28, 98.32, 92.32, 95.68]
['2015-11-23', 94.32, 96.096, 91.52, 94.96]
['2015-11-24', 94.08, 96.64, 93.52, 94.16]
['2015-11-25', 95.52, 97.04, 94.0, 96.0]
['2015-11-27', 96.0, 96.0, 94.24, 95.36]
['2015-11-30', 95.36, 96.0, 94.64, 95.84]
['2015-12-01', 95.84, 96.0, 92.72, 96.0]
['2015-12-02', 95.04, 96.0, 93.44, 95.6]
['2015-12-03', 95.44, 96.48, 92.16, 96.0]
['2015-12-04', 95.04, 97.68, 93.28, 95.6]
['2015-12-07', 94.08, 94.72, 92.08, 92.24]
['2015-12-08', 92.24, 93.76, 92.08, 93.36]
['2015-12-09', 92.16, 93.52, 88.64, 90.0]
['2015-12-10', 89.04, 92.0, 88.0, 90.32]
['2015-12-11', 91.52, 91.52, 86.0, 87.12]
['2015-12-14', 98.0, 98.0, 86.08, 87.28]
['2015-12-15', 88.08, 90.888, 88.08, 88.16]
['2015-12-16', 88.8, 88.8, 82.72, 84.56]
['2015-12-17', 86.8, 88.0, 84.64, 87.6]
['2015-12-18', 86.16, 89.2, 86.16, 88.8]
['2015-12-21', 89.2, 89.2, 85.28, 86.8]
['2015-12-22', 85.6, 89.12, 84.08, 88.24]
['2015-12-23', 88.64, 92.0, 85.68, 90.08]
['2015-12-24', 92.8, 92.8, 88.4, 90.48]
['2015-12-28', 89.92, 93.2, 88.4, 88.56]
['2015-12-29', 88.72, 92.24, 84.08, 86.8]
['2015-12-30', 85.28, 88.56, 84.0, 87.52]
['2015-12-31', 87.68, 91.6, 84.8, 89.6]
['2016-01-04', 88.96, 97.84, 77.92, 80.32]
['2016-01-05', 80.4, 82.8, 75.6, 77.44]
['2016-01-06', 78.4, 80.8, 73.28, 75.44]
['2016-01-07', 75.92, 78.4, 69.36, 71.84]
['2016-01-08', 73.44, 78.0, 72.56, 72.8]
['2016-01-11', 75.92, 77.84, 72.712, 75.92]
['2016-01-12', 76.96, 79.84, 73.36, 73.96]
['2016-01-13', 76.8, 76.8, 63.92, 69.12]
['2016-01-14', 69.92, 77.168, 68.08, 69.68]
['2016-01-15', 71.864, 71.864, 68.08, 70.0]
['2016-01-19', 71.04, 71.92, 67.36, 71.28]
['2016-01-20', 70.24, 79.04, 66.0, 76.72]
['2016-01-21', 74.36, 87.04, 73.76, 79.68]
['2016-01-22', 81.44, 81.44, 70.96, 74.24]
['2016-01-25', 74.4, 77.92, 70.32, 70.32]
['2016-01-26', 71.28, 72.44, 67.04, 70.48]
['2016-01-27', 70.8, 70.8, 63.12, 66.08]
['2016-01-28', 66.56, 71.04, 64.48, 66.0]
['2016-01-29', 67.568, 70.24, 62.72, 64.72]
['2016-02-01', 64.24, 66.08, 60.64, 60.72]
['2016-02-02', 60.8, 63.28, 59.52, 59.52]
['2016-02-03', 60.96, 62.96, 57.36, 62.96]
['2016-02-04', 63.2, 65.6, 53.04, 56.0]
['2016-02-05', 56.0, 63.28, 56.0, 58.56]
['2016-02-08', 58.64, 59.32, 54.4, 54.4]
['2016-02-09', 59.76, 62.4, 53.6, 56.72]
['2016-02-10', 57.44, 64.0, 56.92, 62.24]
['2016-02-11', 62.88, 63.2, 55.92, 61.84]
['2016-02-12', 62.08, 62.88, 57.2, 60.8]
['2016-02-16', 60.08, 62.56, 53.04, 54.64]
['2016-02-17', 55.36, 55.68, 48.32, 49.2]
['2016-02-18', 50.4, 56.0, 49.2, 56.0]
['2016-02-19', 56.0, 61.12, 55.6, 56.0]
['2016-02-22', 63.2, 63.2, 57.2, 57.2]
['2016-02-23', 57.2, 63.2, 56.4, 62.88]
['2016-02-24', 62.24, 62.24, 56.4, 61.28]
['2016-02-25', 61.68, 62.4, 56.704, 60.08]
['2016-02-26', 59.92, 60.64, 57.28, 60.08]
['2016-02-29', 59.36, 60.32, 57.68, 60.0]
['2016-03-01', 58.0, 58.72, 56.96, 58.08]
['2016-03-02', 57.76, 59.2, 56.72, 58.96]
['2016-03-03', 59.04, 59.04, 57.2, 58.0]
['2016-03-04', 56.4, 58.44, 55.92, 58.0]
['2016-03-07', 58.48, 62.88, 54.48, 57.68]
['2016-03-08', 57.68, 61.2, 53.92, 57.36]
['2016-03-09', 57.68, 60.8, 57.24, 60.8]
['2016-03-10', 60.4, 62.64, 58.16, 61.68]
['2016-03-11', 60.96, 63.2, 59.6, 62.96]
['2016-03-14', 62.24, 62.24, 59.28, 59.28]
['2016-03-15', 61.52, 61.776, 57.44, 60.56]
['2016-03-16', 59.12, 62.8, 58.0, 60.72]
['2016-03-17', 58.88, 60.08, 55.2, 58.08]
['2016-03-18', 60.32, 60.32, 54.4, 57.2]
['2016-03-21', 56.0, 62.48, 54.04, 56.0]
['2016-03-22', 56.56, 57.6, 55.52, 56.64]
['2016-03-23', 59.84, 60.4, 54.16, 54.72]
['2016-03-24', 54.8, 62.792, 54.8, 61.92]
['2016-03-28', 60.8, 63.12, 57.44, 57.52]
['2016-03-29', 58.08, 70.24, 58.08, 68.16]
['2016-03-30', 68.16, 75.68, 68.16, 70.16]
['2016-03-31', 70.32, 80.0, 70.32, 76.08]
['2016-04-01', 76.48, 79.84, 74.16, 74.4]
['2016-04-04', 76.0, 76.0, 68.32, 76.0]
['2016-04-05', 76.0, 79.44, 74.08, 77.52]
['2016-04-06', 77.2, 79.68, 74.72, 78.4]
['2016-04-07', 77.84, 78.64, 74.72, 75.6]
['2016-04-08', 76.08, 78.72, 74.44, 75.6]
['2016-04-11', 76.56, 76.88, 72.016, 73.44]
['2016-04-12', 73.68, 75.592, 72.64, 74.08]
['2016-04-13', 74.64, 76.0, 72.8, 76.0]
['2016-04-14', 75.36, 76.72, 72.4, 72.4]
['2016-04-15', 72.48, 77.2, 72.48, 73.52]
['2016-04-18', 74.12, 79.2, 73.6, 77.84]
['2016-04-19', 78.16, 79.2, 68.64, 78.08]
['2016-04-20', 78.4, 78.8, 76.64, 76.64]
['2016-04-21', 77.6, 79.68, 77.6, 79.12]
['2016-04-22', 78.88, 82.304, 78.0, 80.8]
['2016-04-25', 80.16, 92.8, 80.16, 91.68]
['2016-04-26', 91.52, 91.52, 84.4, 85.36]
['2016-04-27', 86.32, 95.44, 84.0, 92.64]
['2016-04-28', 95.36, 102.56, 93.6, 99.6]
['2016-04-29', 98.8, 105.6, 98.24, 103.84]
['2016-05-02', 105.04, 105.04, 98.4, 98.4]
['2016-05-03', 98.48, 102.24, 86.32, 100.24]
['2016-05-04', 98.96, 100.4, 89.6, 90.32]
['2016-05-05', 90.08, 97.2, 87.2, 95.64]
['2016-05-06', 95.6, 98.56, 90.4, 91.2]
['2016-05-09', 92.4, 95.52, 88.8, 94.08]
['2016-05-10', 94.64, 96.64, 90.0, 90.0]
['2016-05-11', 90.88, 96.48, 88.08, 92.88]
['2016-05-12', 92.4, 94.08, 88.0, 92.48]
['2016-05-13', 92.8, 99.6, 88.0, 91.12]
['2016-05-16', 90.96, 94.88, 89.2, 93.28]
['2016-05-17', 94.72, 96.24, 92.64, 92.8]
['2016-05-18', 93.28, 98.4, 88.96, 95.2]
['2016-05-19', 95.6, 96.0, 94.4, 94.4]
['2016-05-20', 92.0, 94.4, 89.12, 91.6]
['2016-05-23', 91.84, 92.48, 89.84, 92.0]
['2016-05-24', 92.8, 94.08, 91.2, 94.08]
['2016-05-25', 92.48, 92.48, 90.88, 92.0]
['2016-05-26', 91.36, 93.2, 90.96, 90.96]
['2016-05-27', 90.8, 94.0, 89.52, 90.4]
['2016-05-31', 90.0, 91.04, 87.84, 88.4]
['2016-06-01', 87.84, 91.44, 87.84, 89.2]
['2016-06-02', 89.6, 94.08, 88.4, 90.96]
['2016-06-03', 91.84, 96.0, 89.28, 89.6]
['2016-06-06', 88.4, 95.2, 88.4, 91.36]
['2016-06-07', 89.76, 92.72, 88.48, 90.4]
['2016-06-08', 91.12, 92.32, 90.4, 90.48]
['2016-06-09', 90.16, 92.56, 90.16, 91.36]
['2016-06-10', 90.8, 93.52, 88.4, 88.4]
['2016-06-13', 88.704, 90.24, 88.24, 88.56]
['2016-06-14', 88.0, 89.52, 88.0, 89.12]
['2016-06-15', 89.6, 89.6, 87.84, 87.92]
['2016-06-16', 89.24, 89.24, 86.96, 87.76]
['2016-06-17', 86.48, 88.96, 86.4, 88.96]
['2016-06-20', 89.12, 89.12, 86.8, 87.6]
['2016-06-21', 87.92, 88.0, 85.68, 85.68]
['2016-06-22', 85.52, 85.6, 80.0, 82.56]
['2016-06-23', 82.32, 88.0, 80.4, 81.28]
['2016-06-24', 79.6, 84.64, 79.6, 82.64]
['2016-06-27', 80.8, 80.8, 77.44, 79.6]
['2016-06-28', 80.0, 87.12, 77.2, 80.0]
['2016-06-29', 80.28, 80.28, 77.2, 80.0]
['2016-06-30', 84.32, 84.32, 77.6, 79.28]
['2016-07-01', 78.8, 81.28, 77.2, 79.12]
['2016-07-05', 78.88, 84.24, 76.96, 78.48]
['2016-07-06', 80.08, 80.72, 76.96, 77.2]
['2016-07-07', 77.36, 82.64, 76.0, 78.64]
['2016-07-08', 78.8, 82.48, 78.56, 80.64]
['2016-07-11', 81.2, 83.04, 79.2, 80.0]
['2016-07-12', 78.56, 84.32, 77.44, 82.48]
['2016-07-13', 82.8, 84.32, 80.24, 80.8]
['2016-07-14', 80.64, 86.64, 80.64, 84.24]
['2016-07-15', 82.0, 85.12, 78.72, 82.52]
['2016-07-18', 83.2, 84.08, 80.48, 84.08]
['2016-07-19', 84.88, 85.2, 82.0, 82.0]
['2016-07-20', 82.72, 84.4, 81.92, 83.28]
['2016-07-21', 82.8, 85.136, 82.08, 83.76]
['2016-07-22', 84.0, 84.0, 82.4, 82.56]
['2016-07-25', 83.12, 83.76, 80.808, 82.04]
['2016-07-26', 81.2, 83.92, 81.04, 82.48]
['2016-07-27', 82.72, 86.4, 81.68, 84.48]
['2016-07-28', 84.88, 85.2, 82.96, 83.84]
['2016-07-29', 83.84, 86.0, 82.08, 83.52]
['2016-08-01', 83.28, 85.36, 82.92, 84.8]
['2016-08-02', 84.8, 86.48, 83.528, 86.48]
['2016-08-03', 86.0, 90.8, 85.84, 88.0]
['2016-08-04', 88.08, 90.88, 87.28, 90.72]
['2016-08-05', 88.56, 91.92, 88.168, 91.84]
['2016-08-08', 94.08, 94.32, 88.96, 93.2]
['2016-08-09', 92.96, 94.0, 88.6, 90.56]
['2016-08-10', 90.96, 92.8, 88.88, 91.6]
['2016-08-11', 91.84, 93.28, 90.4, 91.36]
['2016-08-12', 92.0, 97.6, 92.0, 97.6]
['2016-08-15', 98.16, 104.8, 98.16, 104.32]
['2016-08-16', 101.28, 102.64, 96.96, 99.52]
['2016-08-17', 100.24, 102.08, 94.16, 97.2]
['2016-08-18', 95.6, 100.16, 95.6, 99.28]
['2016-08-19', 99.36, 103.832, 98.8, 100.8]
['2016-08-22', 101.92, 103.2, 88.48, 93.68]
['2016-08-23', 95.68, 95.68, 89.36, 89.84]
['2016-08-24', 91.28, 98.92, 91.28, 95.6]
['2016-08-25', 96.16, 96.4, 91.52, 91.84]
['2016-08-26', 92.16, 97.6, 91.6, 96.4]
['2016-08-29', 95.12, 97.6, 93.2, 95.2]
['2016-08-30', 91.36, 96.0, 91.36, 93.68]
['2016-08-31', 94.0, 106.96, 93.696, 101.6]
['2016-09-01', 100.856, 105.72, 97.6, 102.32]
['2016-09-02', 104.0, 106.8, 103.16, 105.68]
['2016-09-06', 105.52, 105.6, 102.4, 103.76]
['2016-09-07', 105.6, 114.72, 105.6, 113.44]
['2016-09-08', 113.04, 117.12, 111.76, 112.56]
['2016-09-09', 112.72, 117.84, 108.04, 109.6]
['2016-09-12', 108.32, 113.12, 108.32, 111.44]
['2016-09-13', 113.44, 114.32, 108.608, 112.56]
['2016-09-14', 112.8, 116.0, 112.8, 115.92]
['2016-09-15', 116.0, 119.84, 111.76, 116.0]
['2016-09-16', 113.68, 118.96, 112.0, 117.68]
['2016-09-19', 116.88, 119.912, 114.0, 117.6]
['2016-09-20', 116.8, 127.92, 116.8, 124.48]
['2016-09-21', 127.04, 130.56, 118.64, 120.8]
['2016-09-22', 120.0, 125.12, 118.32, 124.0]
['2016-09-23', 124.0, 127.992, 122.48, 124.24]
['2016-09-26', 125.04, 126.8, 120.0, 121.68]
['2016-09-27', 122.08, 140.56, 120.12, 132.0]
['2016-09-28', 134.4, 142.008, 120.0, 121.52]
['2016-09-29', 122.32, 127.448, 108.0, 116.56]
['2016-09-30', 115.68, 121.24, 110.232, 116.0]
['2016-10-03', 114.88, 118.32, 110.2, 110.48]
['2016-10-04', 115.52, 119.76, 108.88, 109.92]
['2016-10-05', 109.6, 118.16, 108.8, 116.56]
['2016-10-06', 117.84, 119.2, 114.96, 116.24]
['2016-10-07', 119.992, 119.992, 115.096, 119.52]
['2016-10-10', 120.0, 126.68, 117.456, 126.08]
['2016-10-11', 126.72, 126.72, 114.64, 116.64]
['2016-10-12', 117.6, 118.8, 114.88, 118.4]
['2016-10-13', 118.4, 119.2, 96.08, 101.6]
['2016-10-14', 101.6, 102.88, 98.0, 101.28]
['2016-10-17', 101.2, 101.6, 92.8, 100.0]
['2016-10-18', 100.0, 102.0, 94.0, 96.4]
['2016-10-19', 96.0, 103.168, 84.0, 89.6]
['2016-10-20', 84.8, 95.6, 79.272, 94.4]
['2016-10-21', 96.0, 100.0, 93.6, 98.4]
['2016-10-24', 105.2, 105.2, 93.6, 102.0]
['2016-10-25', 15.6, 27.2, 15.2, 22.4]
['2016-10-26', 23.6, 26.0, 18.4, 18.8]
['2016-10-27', 18.0, 18.8, 15.2, 15.6]
['2016-10-28', 15.2, 15.6, 14.0, 14.0]
['2016-10-31', 14.0, 14.4, 12.0, 13.2]
['2016-11-01', 13.2, 16.0, 12.8, 13.2]
['2016-11-02', 13.6, 14.8, 12.4, 13.4]
['2016-11-03', 13.2, 13.6, 12.0, 12.0]
['2016-11-04', 12.4, 14.0, 12.0, 14.0]
['2016-11-07', 14.0, 14.4, 13.2, 13.6]
['2016-11-08', 13.2, 13.2, 12.4, 12.8]
['2016-11-09', 12.8, 12.8, 12.0, 12.4]
['2016-11-10', 12.0, 12.4, 9.2, 10.8]
['2016-11-11', 11.2, 11.2, 9.2, 10.8]
['2016-11-14', 11.2, 11.6, 10.8, 11.6]
['2016-11-15', 11.2, 12.8, 11.2, 12.4]
['2016-11-16', 12.4, 12.4, 10.8, 11.2]
['2016-11-17', 11.2, 13.2, 10.8, 13.2]
['2016-11-18', 13.6, 16.4, 12.0, 14.0]
['2016-11-21', 14.4, 16.0, 12.8, 13.2]
['2016-11-22', 13.2, 13.2, 12.0, 12.0]
['2016-11-23', 12.0, 12.8, 10.8, 12.8]
['2016-11-25', 12.4, 12.736, 12.0, 12.4]
['2016-11-28', 12.0, 12.4, 11.6, 11.6]
['2016-11-29', 11.6, 12.0, 10.8, 11.6]
['2016-11-30', 11.6, 12.0, 11.2, 11.2]
['2016-12-01', 11.2, 11.6, 10.8, 10.8]
['2016-12-02', 10.8, 11.6, 10.8, 11.2]
['2016-12-05', 11.6, 12.4, 11.2, 12.0]
['2016-12-06', 12.0, 12.0, 11.2, 11.6]
['2016-12-07', 11.6, 12.0, 11.2, 11.6]
['2016-12-08', 11.2, 11.6, 11.2, 11.2]
['2016-12-09', 11.2, 11.6, 11.2, 11.2]
['2016-12-12', 11.6, 11.6, 10.0, 10.0]
['2016-12-13', 10.0, 11.6, 10.0, 10.8]
['2016-12-14', 10.0, 10.8, 10.0, 10.0]
['2016-12-15', 10.0, 10.4, 10.0, 10.0]
['2016-12-16', 10.8, 11.2, 10.0, 10.8]
['2016-12-19', 11.2, 12.8, 10.8, 12.4]
['2016-12-20', 12.8, 13.6, 12.4, 12.4]
['2016-12-21', 12.8, 13.6, 12.8, 12.8]
['2016-12-22', 13.2, 13.344, 12.0, 12.8]
['2016-12-23', 21.2, 22.0, 16.0, 16.0]
['2016-12-27', 17.6, 17.6, 13.6, 15.6]
['2016-12-28', 15.2, 15.896, 13.2, 13.2]
['2016-12-29', 14.0, 14.024, 12.8, 13.2]
['2016-12-30', 13.2, 13.2, 12.4, 12.8]
['2017-01-03', 14.0, 14.0, 12.4, 12.8]
['2017-01-04', 13.2, 13.2, 12.0, 12.0]
['2017-01-05', 12.0, 12.8, 11.2, 12.0]
['2017-01-06', 11.6, 12.0, 11.2, 11.6]
['2017-01-09', 11.6, 12.0, 11.2, 11.6]
['2017-01-10', 11.2, 12.0, 11.2, 12.0]
['2017-01-11', 12.0, 12.4, 12.0, 12.0]
['2017-01-12', 12.4, 13.2, 12.008, 12.8]
['2017-01-13', 12.8, 12.8, 12.0, 12.8]
['2017-01-17', 12.4, 12.8, 12.4, 12.4]
['2017-01-18', 12.04, 12.4, 12.0, 12.4]
['2017-01-19', 12.4, 12.4, 11.6, 12.0]
['2017-01-20', 12.4, 12.8, 12.4, 12.8]
['2017-01-23', 12.4, 12.8, 12.0, 12.4]
['2017-01-24', 12.0, 12.4, 12.0, 12.0]
['2017-01-25', 12.0, 12.4, 12.0, 12.0]
['2017-01-26', 12.4, 12.4, 12.0, 12.0]
['2017-01-27', 12.4, 12.4, 11.6, 12.0]
['2017-01-30', 12.0, 12.4, 10.8, 11.6]
['2017-01-31', 11.2, 12.0, 11.2, 11.6]
['2017-02-01', 11.6, 11.6, 10.4, 10.8]
['2017-02-02', 10.4, 11.2, 10.0, 10.4]
['2017-02-03', 10.4, 11.2, 10.4, 10.8]
['2017-02-06', 11.2, 11.2, 10.8, 10.8]
['2017-02-07', 10.8, 11.2, 10.8, 10.8]
['2017-02-08', 10.8, 11.2, 10.8, 11.0]
['2017-02-09', 10.8, 11.2, 10.8, 10.8]
['2017-02-10', 10.8, 11.2, 10.4, 10.8]
['2017-02-13', 10.8, 10.96, 8.4, 9.6]
['2017-02-14', 9.6, 10.0, 9.2, 10.0]
['2017-02-15', 10.0, 10.0, 9.6, 10.0]
['2017-02-16', 10.0, 10.0, 9.6, 9.6]
['2017-02-17', 9.6, 10.0, 9.6, 10.0]
['2017-02-21', 10.0, 10.0, 9.6, 9.6]
['2017-02-22', 9.6, 10.0, 9.6, 10.0]
['2017-02-23', 9.6, 10.0, 9.6, 10.0]
['2017-02-24', 9.6, 9.6, 9.2, 9.6]
['2017-02-27', 9.2, 9.6, 9.2, 9.6]
['2017-02-28', 9.2, 9.2, 8.8, 8.8]
['2017-03-01', 8.8, 9.2, 8.8, 8.8]
['2017-03-02', 8.8, 9.6, 8.8, 9.6]
['2017-03-03', 9.6, 10.0, 9.2, 9.2]
['2017-03-06', 9.2, 12.8, 9.2, 10.8]
['2017-03-07', 11.6, 11.6, 10.0, 10.4]
['2017-03-08', 10.0, 10.8, 9.6, 9.6]
['2017-03-09', 9.624, 10.8, 9.6, 10.8]
['2017-03-10', 10.8, 11.2, 10.4, 10.8]
['2017-03-13', 10.8, 11.2, 10.4, 11.2]
['2017-03-14', 11.2, 11.2, 10.4, 10.8]
['2017-03-15', 10.8, 10.8, 10.4, 10.4]
['2017-03-16', 10.4, 10.8, 10.4, 10.8]
['2017-03-17', 10.4, 10.8, 10.4, 10.4]
['2017-03-20', 10.8, 10.8, 10.4, 10.4]
['2017-03-21', 10.4, 10.8, 10.0, 10.4]
['2017-03-22', 10.4, 10.8, 10.4, 10.4]
['2017-03-23', 10.8, 10.8, 10.0, 10.4]
['2017-03-24', 10.8, 10.8, 10.4, 10.4]
['2017-03-27', 10.4, 10.8, 10.0, 10.8]
['2017-03-28', 10.8, 11.2, 10.408, 10.8]
['2017-03-29', 10.8, 11.2, 9.8, 10.4]
['2017-03-30', 10.4, 10.8, 10.0, 10.4]
['2017-03-31', 10.368, 10.8, 10.0, 10.4]
['2017-04-03', 10.8, 10.8, 10.4, 10.8]
['2017-04-04', 10.8, 10.8, 10.0, 10.0]
['2017-04-05', 10.0, 10.8, 10.0, 10.8]
['2017-04-06', 10.8, 10.8, 10.4, 10.4]
['2017-04-07', 10.4, 11.2, 10.4, 11.2]
['2017-04-10', 11.2, 11.2, 10.0, 10.0]
['2017-04-11', 10.4, 10.8, 10.4, 10.4]
['2017-04-12', 10.0, 10.8, 10.0, 10.4]
['2017-04-13', 10.4, 10.8, 10.0, 10.8]
['2017-04-17', 10.8, 10.8, 10.32, 10.4]
['2017-04-18', 10.8, 10.8, 10.0, 10.4]
['2017-04-19', 10.4, 10.8, 10.0, 10.704]
['2017-04-20', 9.1, 9.5, 8.25, 8.7]
['2017-04-21', 8.55, 9.95, 8.25, 8.25]
['2017-04-24', 8.1, 8.2, 6.6, 7.6]
['2017-04-25', 7.5, 7.693, 7.4, 7.55]
['2017-04-26', 7.55, 8.1, 7.55, 8.1]
['2017-04-27', 8.1, 8.25, 7.9, 8.25]
['2017-04-28', 8.2, 8.25, 8.1, 8.25]
['2017-05-01', 8.2, 8.25, 7.7, 8.0]
['2017-05-02', 7.85, 7.85, 7.357, 7.4]
['2017-05-03', 7.5, 7.7, 7.4, 7.45]
['2017-05-04', 7.5, 7.5, 6.95, 6.95]
['2017-05-05', 6.8, 7.0, 6.55, 6.7]
['2017-05-08', 6.77, 6.77, 6.35, 6.55]
['2017-05-09', 6.315, 6.5, 5.858, 6.2]
['2017-05-10', 6.2, 6.2, 6.0, 6.1]
['2017-05-11', 6.0, 6.05, 5.8, 6.0]
['2017-05-12', 6.1, 6.165, 5.95, 6.0]
['2017-05-15', 5.96, 6.024, 5.75, 5.95]
['2017-05-16', 5.95, 6.0, 5.75, 5.95]
['2017-05-17', 5.95, 5.95, 5.8, 5.95]
['2017-05-18', 5.95, 5.95, 5.75, 5.75]
['2017-05-19', 5.7, 5.85, 5.6, 5.75]
['2017-05-22', 5.8, 5.9, 5.8, 5.9]
['2017-05-23', 5.9, 5.9, 5.75, 5.85]
['2017-05-24', 5.8, 6.0, 5.8, 5.8]
['2017-05-25', 5.8, 5.8, 5.75, 5.8]
['2017-05-26', 5.8, 5.8, 5.75, 5.8]
['2017-05-30', 5.75, 5.85, 5.7, 5.85]
['2017-05-31', 5.779, 5.983, 5.7, 5.85]
['2017-06-01', 6.15, 6.15, 5.8, 5.9]
['2017-06-02', 5.9, 5.9, 5.85, 5.9]
['2017-06-05', 6.011, 6.15, 5.85, 6.15]
['2017-06-06', 6.055, 6.3, 6.0, 6.3]
['2017-06-07', 6.35, 6.5, 6.282, 6.425]
['2017-06-08', 6.4, 7.0, 6.395, 6.95]
['2017-06-09', 6.95, 7.2, 6.95, 6.95]
['2017-06-12', 6.75, 6.9, 6.49, 6.9]
['2017-06-13', 6.9, 7.0, 6.8, 7.0]
['2017-06-14', 6.85, 6.95, 6.25, 6.75]
['2017-06-15', 6.55, 6.6, 6.291, 6.55]
['2017-06-16', 6.4, 6.4, 5.95, 5.95]
['2017-06-19', 6.15, 6.35, 5.996, 6.1]
['2017-06-20', 6.2, 6.75, 6.2, 6.45]
['2017-06-21', 6.5, 6.6, 6.2, 6.2]
['2017-06-22', 6.3, 6.45, 6.299, 6.3]
['2017-06-23', 6.4, 6.4, 6.2, 6.2]
['2017-06-26', 6.25, 6.35, 6.248, 6.3]
['2017-06-27', 6.299, 6.35, 6.1, 6.15]
['2017-06-28', 6.249, 6.4, 6.249, 6.4]
['2017-06-29', 6.45, 6.45, 6.25, 6.35]
['2017-06-30', 6.25, 6.35, 6.15, 6.15]
['2017-07-03', 6.25, 6.4, 6.162, 6.35]
['2017-07-05', 6.4, 6.4, 6.3, 6.35]
['2017-07-06', 6.345, 6.4, 6.1, 6.1]
['2017-07-07', 6.2, 6.25, 6.1, 6.25]
['2017-07-10', 6.25, 6.3, 5.8, 5.85]
['2017-07-11', 5.9, 6.0, 5.85, 5.9]
['2017-07-12', 5.95, 6.0, 5.9, 6.0]
['2017-07-13', 5.85, 6.0, 5.85, 6.0]
['2017-07-14', 6.0, 6.4, 6.0, 6.3]
['2017-07-17', 6.25, 6.25, 6.15, 6.2]
['2017-07-18', 6.2, 6.25, 6.15, 6.25]
['2017-07-19', 6.3, 6.3, 5.85, 5.85]
['2017-07-20', 6.0, 6.0, 5.95, 5.95]
['2017-07-21', 5.95, 5.95, 5.856, 5.95]
['2017-07-24', 5.9, 6.05, 5.861, 6.05]
['2017-07-25', 6.0, 6.03, 5.9, 5.9]
['2017-07-26', 5.95, 6.017, 5.8, 6.0]
['2017-07-27', 5.95, 5.95, 5.85, 5.85]
['2017-07-28', 5.9, 5.9, 5.85, 5.9]
['2017-07-31', 5.9, 6.2, 5.85, 6.2]
['2017-08-01', 6.25, 6.45, 6.25, 6.45]
['2017-08-02', 6.5, 7.35, 6.495, 6.95]
['2017-08-03', 7.0, 7.0, 6.65, 6.65]
['2017-08-04', 6.65, 6.795, 6.5, 6.7]
['2017-08-07', 6.6, 6.7, 6.6, 6.6]
['2017-08-08', 6.65, 6.8, 6.5, 6.75]
['2017-08-09', 6.7, 6.9, 6.7, 6.85]
['2017-08-10', 6.594, 6.85, 6.594, 6.75]
['2017-08-11', 6.75, 6.85, 6.4, 6.4]
['2017-08-14', 6.4, 6.4, 6.3, 6.4]
['2017-08-15', 6.4, 6.4, 6.0, 6.075]
['2017-08-16', 6.2, 6.7, 6.0, 6.65]
['2017-08-17', 6.6, 7.05, 6.5, 6.9]
['2017-08-18', 6.8, 6.9, 6.75, 6.9]
['2017-08-21', 6.825, 7.0, 6.8, 7.0]
['2017-08-22', 7.0, 7.0, 6.849, 7.0]
['2017-08-23', 7.0, 7.0, 6.8, 6.9]
['2017-08-24', 6.943, 6.95, 6.8, 6.9]
['2017-08-25', 6.85, 7.0, 6.75, 6.8]
['2017-08-28', 6.66, 6.8, 6.5, 6.5]
['2017-08-29', 6.464, 7.0, 6.45, 6.6]
['2017-08-30', 6.52, 6.7, 6.45, 6.7]
['2017-08-31', 6.65, 7.0, 6.0, 6.3]
['2017-09-01', 6.5, 6.5, 6.25, 6.35]
['2017-09-05', 6.25, 6.7, 6.05, 6.4]
['2017-09-06', 6.45, 6.65, 6.2, 6.6]
['2017-09-07', 6.4, 6.65, 6.4, 6.45]
['2017-09-08', 6.45, 6.65, 6.1, 6.45]
['2017-09-11', 6.3, 6.668, 6.3, 6.6]
['2017-09-12', 6.5, 6.6, 6.4, 6.6]
['2017-09-13', 6.697, 6.7, 6.45, 6.45]
['2017-09-14', 6.5, 6.6, 6.0, 6.3]
['2017-09-15', 6.4, 6.75, 6.35, 6.75]
['2017-09-18', 6.8, 6.8, 6.55, 6.55]
['2017-09-19', 6.7, 6.7, 6.4, 6.4]
['2017-09-20', 6.5, 6.55, 6.35, 6.35]
['2017-09-21', 6.599, 6.6, 6.325, 6.35]
['2017-09-22', 6.588, 6.6, 6.335, 6.35]
['2017-09-25', 6.488, 6.5, 6.3, 6.5]
['2017-09-26', 6.45, 6.45, 6.4, 6.45]
['2017-09-27', 6.45, 6.546, 6.45, 6.5]
['2017-09-28', 6.5, 6.5, 6.45, 6.5]
['2017-09-29', 6.499, 6.5, 6.35, 6.431]
['2017-10-02', 6.437, 6.5, 6.4, 6.5]
['2017-10-03', 6.5, 6.685, 6.5, 6.685]
['2017-10-04', 6.557, 6.65, 6.35, 6.4]
['2017-10-05', 6.5, 6.5, 6.4, 6.438]
['2017-10-06', 6.513, 6.513, 6.35, 6.35]
['2017-10-09', 6.4, 6.55, 6.4, 6.55]
['2017-10-10', 6.55, 6.55, 6.45, 6.5]
['2017-10-11', 6.55, 6.55, 6.45, 6.45]
['2017-10-12', 6.55, 6.675, 6.4, 6.55]
['2017-10-13', 6.575, 7.949, 6.575, 7.5]
['2017-10-16', 7.85, 8.9, 7.3, 8.75]
['2017-10-17', 8.75, 9.41, 8.5, 8.75]
['2017-10-18', 8.65, 8.75, 8.5, 8.6]
['2017-10-19', 8.55, 8.8, 8.5, 8.8]
['2017-10-20', 8.75, 9.4, 8.6, 8.7]
['2017-10-23', 9.1, 9.1, 8.466, 9.1]
['2017-10-24', 9.1, 9.1, 8.7, 8.706]
['2017-10-25', 8.45, 8.6, 8.45, 8.45]
['2017-10-26', 8.5, 8.524, 8.45, 8.5]
['2017-10-27', 8.4, 8.4, 7.5, 7.5]
['2017-10-30', 7.7, 7.7, 6.9, 7.0]
['2017-10-31', 7.05, 7.1, 6.6, 6.75]
['2017-11-01', 6.75, 6.9, 6.664, 6.85]
['2017-11-02', 6.95, 7.0, 6.7, 6.8]
['2017-11-03', 6.85, 6.85, 6.5, 6.5]
['2017-11-06', 6.65, 6.7, 6.5, 6.6]
['2017-11-07', 6.7, 6.7, 6.5, 6.5]
['2017-11-08', 6.55, 6.9, 6.55, 6.6]
['2017-11-09', 6.6, 6.866, 6.575, 6.7]
['2017-11-10', 6.849, 6.849, 6.55, 6.649]
['2017-11-13', 6.6, 6.6, 6.55, 6.55]
['2017-11-14', 6.55, 6.6, 6.5, 6.6]
['2017-11-15', 6.5, 6.6, 6.25, 6.3]
['2017-11-16', 6.35, 6.45, 6.35, 6.45]
['2017-11-17', 6.4, 6.8, 6.4, 6.7]
['2017-11-20', 6.663, 6.843, 6.663, 6.843]
['2017-11-21', 6.845, 6.845, 6.714, 6.749]
['2017-11-22', 6.65, 6.75, 6.65, 6.65]
['2017-11-24', 6.65, 6.65, 6.65, 6.65]
['2017-11-27', 6.7, 6.75, 6.65, 6.7]
['2017-11-28', 6.7, 6.7, 6.7, 6.7]
['2017-11-29', 6.7, 6.7, 6.55, 6.55]
['2017-11-30', 6.617, 6.617, 6.35, 6.518]
['2017-12-01', 6.6, 6.6, 6.408, 6.45]
['2017-12-04', 6.5, 6.65, 6.5, 6.65]
['2017-12-05', 6.55, 6.75, 6.55, 6.65]
['2017-12-06', 6.301, 7.0, 6.1, 6.9]
['2017-12-07', 6.55, 6.836, 6.5, 6.55]
['2017-12-08', 6.55, 6.95, 6.2, 6.9]
['2017-12-11', 6.8, 6.8, 6.7, 6.75]
['2017-12-12', 6.7, 6.7, 6.35, 6.35]
['2017-12-13', 6.41, 6.95, 6.4, 6.788]
['2017-12-14', 6.775, 6.9, 6.73, 6.9]
['2017-12-15', 6.875, 6.9, 6.55, 6.65]
['2017-12-18', 6.55, 6.7, 6.35, 6.4]
['2017-12-19', 6.425, 6.55, 6.25, 6.5]
['2017-12-20', 6.4, 6.65, 6.4, 6.549]
['2017-12-21', 6.54, 6.56, 6.405, 6.475]
['2017-12-22', 6.65, 6.65, 6.3, 6.3]
['2017-12-26', 6.4, 6.45, 6.3, 6.3]
['2017-12-27', 6.5, 6.671, 6.5, 6.6]
['2017-12-28', 6.551, 6.85, 6.551, 6.65]
['2017-12-29', 6.75, 7.0, 6.75, 6.899]
['2018-01-02', 6.8, 6.85, 6.75, 6.85]
['2018-01-03', 6.75, 7.023, 6.75, 7.0]
['2018-01-04', 6.85, 7.2, 6.85, 7.0]
['2018-01-05', 6.9, 7.1, 6.9, 7.0]
['2018-01-08', 7.1, 7.157, 7.0, 7.0]
['2018-01-09', 6.85, 6.9, 6.65, 6.65]
['2018-01-10', 6.6, 6.65, 6.4, 6.45]
['2018-01-11', 6.5, 6.7, 6.35, 6.6]
['2018-01-12', 6.5, 6.5, 6.346, 6.35]
['2018-01-16', 6.35, 6.67, 6.3, 6.35]
['2018-01-17', 6.4, 6.445, 6.25, 6.25]
['2018-01-18', 6.3, 6.35, 5.9, 6.1]
['2018-01-19', 6.4, 6.75, 6.3, 6.6]
['2018-01-22', 6.75, 6.9, 6.65, 6.9]
['2018-01-23', 6.9, 7.45, 6.879, 7.434]
['2018-01-24', 7.6, 7.6, 7.4, 7.4]
['2018-01-25', 7.55, 7.567, 7.15, 7.2]
['2018-01-26', 7.2, 7.225, 7.1, 7.2]
['2018-01-29', 7.35, 7.399, 7.05, 7.05]
['2018-01-30', 7.05, 7.056, 6.4, 6.5]
['2018-01-31', 6.55, 6.6, 6.25, 6.5]
['2018-02-01', 6.4, 6.5, 6.3, 6.5]
['2018-02-02', 6.45, 6.45, 6.3, 6.35]
['2018-02-05', 6.3, 6.4, 6.3, 6.4]
['2018-02-06', 6.35, 6.4, 6.062, 6.4]
['2018-02-07', 6.35, 6.6, 6.35, 6.55]
['2018-02-08', 6.55, 6.55, 6.488, 6.488]
['2018-02-09', 6.4, 6.4, 6.225, 6.225]
['2018-02-12', 6.3, 6.304, 6.2, 6.25]
['2018-02-13', 6.3, 6.3, 6.25, 6.256]
['2018-02-14', 6.35, 6.4, 6.2, 6.4]
['2018-02-15', 6.4, 6.55, 6.4, 6.45]
['2018-02-16', 6.5, 6.525, 6.25, 6.25]
['2018-02-20', 6.3, 6.65, 6.3, 6.6]
['2018-02-21', 6.75, 6.75, 6.6, 6.615]
['2018-02-22', 6.7, 6.8, 6.6, 6.6]
['2018-02-23', 6.7, 6.8, 6.69, 6.8]
['2018-02-26', 6.633, 6.7, 6.6, 6.6]
['2018-02-27', 6.7, 6.737, 6.55, 6.55]
['2018-02-28', 6.4, 6.4, 6.4, 6.4]
['2018-03-01', 6.6, 6.9, 6.212, 6.65]
['2018-03-02', 6.293, 6.35, 6.283, 6.35]
['2018-03-05', 6.5, 6.6, 6.45, 6.55]
['2018-03-06', 6.5, 6.5, 6.5, 6.5]
['2018-03-07', 6.55, 6.6, 6.55, 6.55]
['2018-03-08', 6.591, 6.591, 6.4, 6.4]
['2018-03-09', 6.5, 6.5, 6.35, 6.45]
['2018-03-12', 6.25, 6.422, 6.25, 6.4]
['2018-03-13', 6.5, 6.6, 6.3, 6.3]
['2018-03-14', 6.315, 6.325, 6.262, 6.3]
['2018-03-15', 6.35, 6.35, 6.25, 6.25]
['2018-03-16', 6.337, 6.35, 6.201, 6.35]
['2018-03-19', 6.292, 6.292, 6.15, 6.25]
['2018-03-20', 6.3, 6.434, 6.3, 6.434]
['2018-03-21', 6.5, 6.6, 6.2, 6.25]
['2018-03-22', 6.27, 6.3, 6.2, 6.2]
['2018-03-23', 6.2, 6.2, 5.0, 5.15]
['2018-03-26', 5.55, 5.55, 3.822, 3.825]
['2018-03-27', 3.75, 3.9, 3.2, 3.2]
['2018-03-28', 3.2, 3.353, 3.2, 3.35]
['2018-03-29', 3.5, 3.5, 3.25, 3.35]
['2018-04-02', 3.3, 3.35, 3.202, 3.35]
['2018-04-03', 3.6, 3.6, 3.25, 3.55]
['2018-04-04', 3.5, 3.5, 3.28, 3.3]
['2018-04-05', 3.485, 3.485, 3.376, 3.4]
['2018-04-06', 3.45, 3.45, 3.4, 3.446]
['2018-04-09', 3.45, 3.519, 3.3, 3.5]
['2018-04-10', 3.625, 3.8, 3.511, 3.784]
['2018-04-11', 3.65, 3.719, 3.25, 3.3]
['2018-04-12', 3.3, 3.49, 3.3, 3.451]
['2018-04-13', 3.5, 3.501, 3.4, 3.4]
['2018-04-16', 3.5, 3.65, 3.44, 3.65]
['2018-04-17', 3.65, 3.8, 3.5, 3.65]
['2018-04-18', 3.65, 4.4, 3.55, 3.85]
['2018-04-19', 3.9, 4.55, 3.9, 4.35]
['2018-04-20', 4.242, 4.242, 4.0, 4.199]
['2018-04-23', 4.15, 4.3, 4.0, 4.3]
['2018-04-24', 4.3, 4.3, 3.9, 3.95]
['2018-04-25', 3.95, 4.15, 3.95, 4.101]
['2018-04-26', 4.048, 4.051, 4.034, 4.05]
['2018-04-27', 4.05, 4.25, 4.05, 4.25]
['2018-04-30', 4.35, 4.35, 4.025, 4.2]
['2018-05-01', 4.071, 4.4, 4.071, 4.2]
['2018-05-02', 4.217, 4.3, 4.217, 4.3]
['2018-05-03', 4.1, 4.1, 4.1, 4.1]
['2018-05-04', 4.188, 4.188, 4.188, 4.188]
['2018-05-07', 4.19, 4.45, 4.058, 4.446]
['2018-05-08', 4.35, 4.35, 4.35, 4.35]
['2018-05-09', 4.4, 4.4, 4.335, 4.335]
['2018-05-10', 4.4, 4.4, 4.361, 4.361]
['2018-05-11', 4.45, 4.5, 4.3, 4.35]
['2018-05-14', 4.3, 4.401, 4.299, 4.4]
['2018-05-15', 4.35, 4.35, 4.25, 4.252]
['2018-05-16', 4.327, 4.327, 4.327, 4.327]
['2018-05-17', 4.3, 4.301, 4.25, 4.3]
['2018-05-18', 4.35, 4.35, 4.1, 4.3]
['2018-05-21', 4.202, 4.35, 4.2, 4.275]
['2018-05-22', 4.2, 4.299, 4.2, 4.299]
['2018-05-23', 4.3, 4.3, 4.16, 4.16]
['2018-05-24', 4.2, 4.3, 4.2, 4.3]
['2018-05-25', 4.2, 4.27, 4.2, 4.27]
['2018-05-29', 4.171, 4.253, 4.15, 4.163]
['2018-05-30', 4.25, 4.25, 4.2, 4.25]
['2018-05-31', 4.399, 4.495, 4.251, 4.495]
['2018-06-01', 4.35, 4.372, 4.326, 4.35]
['2018-06-04', 4.35, 4.6, 4.345, 4.35]
['2018-06-05', 4.4, 4.4, 4.35, 4.35]
['2018-06-06', 4.35, 4.4, 4.3, 4.3]
['2018-06-07', 4.3, 4.545, 4.3, 4.3]
['2018-06-08', 4.35, 4.4, 4.35, 4.35]
['2018-06-11', 5.0, 5.0, 4.2, 4.287]
['2018-06-12', 4.2, 4.2, 4.064, 4.126]
['2018-06-13', 4.272, 4.491, 4.208, 4.208]
['2018-06-14', 4.241, 4.25, 4.2, 4.25]
['2018-06-15', 4.386, 4.4, 4.25, 4.25]
['2018-06-18', 4.251, 4.4, 4.2, 4.35]
['2018-06-19', 4.313, 4.375, 4.25, 4.25]
['2018-06-20', 4.35, 4.35, 4.0, 4.05]
['2018-06-21', 4.07, 4.07, 4.07, 4.07]
['2018-06-22', 4.0, 4.15, 4.0, 4.15]
['2018-06-25', 4.0, 4.09, 3.9, 4.0]
['2018-06-26', 4.05, 4.05, 3.9, 4.0]
['2018-06-27', 4.05, 4.05, 4.05, 4.05]
['2018-06-28', 4.0, 4.0, 3.9, 3.925]
['2018-06-29', 4.05, 4.05, 3.9, 3.9]
['2018-07-02', 4.0, 4.0, 3.913, 3.913]
['2018-07-03', 3.959, 4.05, 3.95, 4.05]
['2018-07-05', 4.05, 4.2, 4.045, 4.2]
['2018-07-06', 4.15, 4.2, 4.1, 4.2]
['2018-07-09', 4.15, 4.16, 4.121, 4.141]
['2018-07-10', 4.05, 4.1, 3.988, 4.05]
['2018-07-11', 4.0, 4.0, 3.997, 4.0]
['2018-07-12', 4.1, 4.1, 4.05, 4.05]
['2018-07-13', 4.0, 4.0, 4.0, 4.0]
['2018-07-16', 4.0, 4.0, 3.95, 3.95]
['2018-07-17', 4.0, 4.05, 3.9, 4.0]
['2018-07-18', 4.0, 4.0, 3.959, 3.959]
['2018-07-19', 3.959, 3.959, 3.959, 3.959]
['2018-07-20', 3.958, 4.0, 3.9, 3.95]
['2018-07-23', 3.952, 3.952, 3.952, 3.952]
['2018-07-24', 4.0, 4.0, 3.91, 3.91]
['2018-07-25', 3.9, 3.9, 3.55, 3.55]
['2018-07-26', 3.549, 3.6, 3.298, 3.3]
['2018-07-27', 3.298, 3.4, 3.254, 3.4]
['2018-07-30', 3.35, 3.7, 3.25, 3.3]
['2018-07-31', 3.4, 3.75, 3.4, 3.75]
['2018-08-01', 3.4, 3.75, 3.4, 3.6]
['2018-08-02', 3.6, 3.6, 3.6, 3.6]
['2018-08-03', 3.35, 3.445, 3.35, 3.445]
['2018-08-06', 3.402, 3.402, 3.402, 3.402]
['2018-08-07', 3.7, 3.7, 3.7, 3.7]
['2018-08-08', 3.7, 3.7, 3.7, 3.7]
['2018-08-09', 3.35, 3.5, 3.3, 3.493]
['2018-08-10', 3.368, 3.587, 3.368, 3.587]
['2018-08-13', 3.9, 3.9, 3.9, 3.9]
['2018-08-14', 3.7, 3.7, 3.5, 3.6]
['2018-08-15', 3.512, 3.875, 3.35, 3.365]
['2018-08-16', 3.443, 3.5, 3.443, 3.5]
['2018-08-17', 3.425, 3.5, 3.35, 3.367]
['2018-08-20', 3.5, 3.5, 3.3, 3.3]
['2018-08-21', 3.45, 3.45, 3.3, 3.308]
['2018-08-22', 3.45, 3.45, 3.25, 3.4]
['2018-08-23', 3.266, 3.4, 3.25, 3.325]
['2018-08-24', 3.3, 3.35, 3.25, 3.3]
['2018-08-27', 3.3, 3.3, 3.2, 3.2]
['2018-08-28', 3.3, 3.3, 3.05, 3.3]
['2018-08-29', 3.05, 3.3, 3.05, 3.2]
['2018-08-30', 3.2, 3.3, 3.167, 3.3]
['2018-08-31', 3.3, 3.3, 3.3, 3.3]
['2018-09-04', 3.245, 3.25, 3.194, 3.25]
['2018-09-05', 3.177, 3.177, 3.177, 3.177]
['2018-09-06', 3.195, 3.25, 3.195, 3.25]
['2018-09-07', 3.25, 3.25, 3.2, 3.2]
['2018-09-10', 3.15, 3.3, 3.05, 3.25]
['2018-09-11', 3.25, 4.15, 3.25, 4.15]
['2018-09-12', 4.15, 5.15, 3.95, 5.15]
['2018-09-13', 5.05, 5.1, 4.1, 4.4]
['2018-09-14', 4.4, 4.4, 4.0, 4.3]
['2018-09-17', 4.3, 5.1, 4.05, 5.1]
['2018-09-18', 4.7, 5.09, 4.175, 4.35]
['2018-09-19', 4.35, 4.4, 4.1, 4.225]
['2018-09-20', 4.2, 4.4, 4.2, 4.4]
['2018-09-21', 4.4, 4.4, 3.725, 3.725]
['2018-09-24', 3.8, 4.1, 3.7, 4.0]
['2018-09-25', 3.97, 4.1, 3.9, 4.0]
['2018-09-26', 4.0, 4.1, 3.9, 4.0]
['2018-09-27', 3.999, 4.2, 3.982, 4.175]
['2018-09-28', 3.9, 4.23, 3.9, 4.05]
['2018-10-01', 3.98, 3.98, 3.98, 3.98]
['2018-10-02', 4.2, 4.2, 4.055, 4.2]
['2018-10-03', 3.955, 4.14, 3.955, 4.075]
['2018-10-04', 4.0, 4.16, 3.88, 4.15]
['2018-10-05', 4.02, 4.149, 3.76, 4.1]
['2018-10-08', 4.1, 4.15, 3.701, 4.15]
['2018-10-09', 3.893, 3.99, 3.752, 3.8]
['2018-10-10', 3.904, 3.983, 3.75, 3.75]
['2018-10-11', 3.753, 3.78, 3.75, 3.78]
['2018-10-12', 3.79, 3.868, 3.79, 3.868]
['2018-10-15', 3.72, 3.72, 3.72, 3.72]
['2018-10-16', 3.72, 3.72, 3.72, 3.72]
['2018-10-17', 3.7, 3.85, 3.7, 3.7]
['2018-10-18', 3.68, 3.68, 3.382, 3.6]
['2018-10-19', 3.702, 3.702, 3.62, 3.69]
['2018-10-22', 3.61, 3.7, 3.598, 3.7]
['2018-10-23', 3.52, 3.73, 3.5, 3.561]
['2018-10-24', 3.58, 3.586, 3.58, 3.58]
['2018-10-25', 3.6, 3.6, 3.38, 3.5]
['2018-10-26', 3.6, 3.6, 3.5, 3.5]
['2018-10-29', 3.6, 3.6, 3.5, 3.5]
['2018-10-30', 3.56, 3.62, 3.56, 3.6]
['2018-10-31', 3.635, 3.865, 3.44, 3.6]
['2018-11-01', 3.65, 3.816, 3.6, 3.6]
['2018-11-02', 3.6, 3.63, 3.6, 3.63]
['2018-11-05', 3.99, 3.997, 3.841, 3.841]
['2018-11-06', 3.67, 3.69, 3.65, 3.65]
['2018-11-07', 3.65, 3.799, 3.61, 3.7]
['2018-11-08', 3.89, 3.89, 3.89, 3.89]
['2018-11-09', 3.8, 3.901, 3.8, 3.85]
['2018-11-12', 4.0, 4.4, 3.89, 3.89]
['2018-11-13', 4.28, 4.28, 3.963, 4.07]
['2018-11-14', 4.279, 4.375, 4.279, 4.375]
['2018-11-15', 4.081, 4.24, 4.011, 4.24]
['2018-11-16', 4.166, 4.166, 4.16, 4.16]
['2018-11-19', 4.1, 4.29, 4.1, 4.1]
['2018-11-20', 4.101, 4.25, 4.1, 4.11]
['2018-11-21', 4.4, 4.4, 4.26, 4.26]
['2018-11-23', 4.16, 4.22, 4.16, 4.22]
['2018-11-26', 4.1, 4.271, 4.1, 4.2]
['2018-11-27', 4.15, 4.2, 4.12, 4.12]
['2018-11-28', 4.1, 4.47, 4.1, 4.11]
['2018-11-29', 4.1, 4.25, 4.1, 4.131]
['2018-11-30', 4.3, 4.45, 4.11, 4.11]
['2018-12-03', 4.1, 4.18, 4.1, 4.18]
['2018-12-04', 4.1, 4.1, 4.1, 4.1]
['2018-12-06', 4.1, 4.157, 4.1, 4.11]
['2018-12-07', 4.15, 4.15, 4.1, 4.1]
['2018-12-10', 4.1, 4.193, 3.91, 3.91]
['2018-12-11', 3.881, 4.16, 3.86, 3.86]
['2018-12-12', 3.82, 4.27, 3.82, 3.84]
['2018-12-13', 3.84, 3.84, 3.84, 3.84]
['2018-12-14', 3.82, 3.82, 3.82, 3.82]
['2018-12-17', 3.82, 3.862, 2.463, 2.772]
['2018-12-18', 2.8, 3.004, 2.58, 2.58]
['2018-12-19', 2.59, 2.59, 2.06, 2.25]
['2018-12-20', 2.15, 2.26, 1.52, 1.7]
['2018-12-21', 1.5, 1.7, 1.5, 1.63]
['2018-12-24', 1.7, 1.7, 1.5, 1.52]
['2018-12-26', 1.59, 1.62, 1.2, 1.22]
['2018-12-27', 1.22, 1.394, 1.0, 1.26]
['2018-12-28', 1.33, 1.771, 1.27, 1.65]
['2018-12-31', 1.66, 1.77, 1.32, 1.53]
['2019-01-02', 1.58, 2.075, 1.55, 2.05]
['2019-01-03', 2.0, 2.43, 1.9, 2.3]
['2019-01-04', 2.3, 2.3, 2.03, 2.165]
['2019-01-07', 2.161, 2.313, 2.111, 2.29]
['2019-01-08', 2.29, 3.04, 2.29, 3.04]
['2019-01-09', 2.89, 3.39, 2.69, 3.29]
['2019-01-10', 3.3, 4.67, 3.3, 4.53]
['2019-01-11', 4.54, 4.8, 3.58, 4.23]
['2019-01-14', 4.07, 4.191, 3.45, 3.95]
['2019-01-15', 3.93, 4.19, 3.701, 4.05]
['2019-01-16', 4.02, 4.5, 3.83, 4.22]
['2019-01-17', 4.21, 6.23, 4.2, 4.35]
['2019-01-18', 4.34, 5.322, 4.2, 4.88]
['2019-01-22', 4.92, 5.0, 4.51, 4.84]
['2019-01-23', 4.81, 5.1, 4.332, 4.48]
['2019-01-24', 4.51, 5.4, 4.51, 4.97]
['2019-01-25', 5.0, 5.06, 4.58, 5.02]
['2019-01-28', 4.99, 4.99, 4.62, 4.97]
['2019-01-29', 4.98, 5.4, 4.87, 5.19]
['2019-01-30', 5.4, 5.5, 4.76, 5.38]
['2019-01-31', 5.28, 5.8, 5.28, 5.6]
['2019-02-01', 5.76, 5.9, 5.11, 5.55]
['2019-02-04', 5.41, 5.67, 5.23, 5.3]
['2019-02-05', 5.35, 5.67, 5.288, 5.31]
['2019-02-06', 5.35, 5.6, 5.28, 5.59]
['2019-02-07', 5.44, 5.6, 5.4, 5.59]
['2019-02-08', 5.41, 6.11, 5.3, 6.0]
['2019-02-11', 6.18, 6.439, 5.18, 5.45]
['2019-02-12', 5.46, 5.974, 5.2, 5.3]
['2019-02-13', 5.3, 5.5, 5.21, 5.275]
['2019-02-14', 5.27, 5.5, 5.15, 5.15]
['2019-02-15', 5.15, 5.17, 4.06, 4.85]
['2019-02-19', 4.78, 5.05, 4.71, 4.85]
['2019-02-20', 4.84, 5.0, 4.76, 4.8]
['2019-02-21', 4.83, 5.01, 4.83, 4.98]
['2019-02-22', 5.42, 5.42, 4.73, 4.74]
['2019-02-25', 4.79, 5.0, 4.5, 4.9]
['2019-02-26', 4.68, 4.89, 4.56, 4.65]
['2019-02-27', 4.65, 4.744, 4.54, 4.72]
['2019-02-28', 4.82, 4.941, 4.62, 4.85]
['2019-03-01', 4.65, 5.1, 4.65, 5.1]
['2019-03-04', 5.1, 5.38, 5.0, 5.1]
['2019-03-05', 5.35, 5.35, 4.8, 5.033]
['2019-03-06', 4.92, 5.188, 4.824, 4.99]
['2019-03-07', 4.85, 5.24, 4.573, 5.09]
['2019-03-08', 5.15, 5.39, 4.756, 5.32]
['2019-03-11', 4.957, 5.4, 4.84, 5.34]
['2019-03-12', 5.53, 5.53, 5.19, 5.19]
['2019-03-13', 5.3, 5.6, 5.3, 5.5]
['2019-03-14', 5.63, 6.24, 5.6, 5.79]
['2019-03-15', 5.86, 6.23, 5.621, 5.91]
['2019-03-18', 5.9, 6.1, 5.69, 5.94]
['2019-03-19', 6.02, 6.021, 5.71, 5.71]
['2019-03-20', 5.71, 6.15, 5.65, 6.0]
['2019-03-21', 5.96, 6.208, 5.838, 5.93]
['2019-03-22', 5.89, 5.99, 5.5, 5.7]
['2019-03-25', 5.7, 5.763, 5.0, 5.21]
['2019-03-26', 5.348, 5.68, 5.348, 5.68]
['2019-03-27', 5.64, 5.71, 5.19, 5.61]
['2019-03-28', 5.23, 5.488, 5.02, 5.25]
['2019-03-29', 5.25, 5.56, 5.095, 5.25]
['2019-04-01', 5.48, 5.57, 5.48, 5.57]
['2019-04-02', 5.59, 5.6, 5.06, 5.6]
['2019-04-03', 5.2, 5.44, 5.18, 5.44]
['2019-04-04', 5.15, 5.34, 5.15, 5.32]
['2019-04-05', 5.004, 5.35, 5.0, 5.11]
['2019-04-08', 5.14, 5.6, 5.12, 5.6]
['2019-04-09', 5.38, 5.64, 5.118, 5.26]
['2019-04-10', 5.21, 5.6, 5.2, 5.2]
['2019-04-11', 5.2, 5.52, 5.16, 5.484]
['2019-04-12', 5.54, 5.54, 5.25, 5.29]
['2019-04-15', 5.153, 5.44, 5.15, 5.29]
['2019-04-16', 5.38, 5.5, 5.34, 5.5]
['2019-04-17', 5.475, 5.5, 5.475, 5.5]
['2019-04-18', 5.446, 5.5, 5.41, 5.5]
['2019-04-22', 5.5, 5.5, 5.01, 5.45]
['2019-04-23', 5.478, 5.478, 5.45, 5.45]
['2019-04-24', 5.5, 5.61, 5.43, 5.43]
['2019-04-25', 5.57, 5.87, 5.448, 5.87]
['2019-04-26', 5.81, 5.815, 5.3, 5.54]
['2019-04-29', 5.68, 5.68, 5.65, 5.65]
['2019-04-30', 5.503, 5.65, 5.32, 5.474]
['2019-05-01', 5.3, 5.624, 5.3, 5.42]
['2019-05-02', 5.42, 5.42, 5.42, 5.42]
['2019-05-03', 5.509, 5.624, 5.24, 5.624]
['2019-05-06', 5.34, 5.4, 5.2, 5.2]
['2019-05-07', 5.3, 5.5, 5.113, 5.5]
['2019-05-08', 5.4, 5.4, 5.237, 5.3]
['2019-05-09', 5.343, 5.375, 5.33, 5.34]
['2019-05-10', 5.41, 5.72, 5.157, 5.65]
['2019-05-13', 5.59, 5.59, 5.1, 5.5]
['2019-05-14', 5.485, 5.72, 5.485, 5.72]
['2019-05-15', 5.72, 5.72, 5.276, 5.57]
['2019-05-16', 5.476, 5.525, 5.36, 5.525]
['2019-05-17', 5.64, 5.72, 5.3, 5.72]
['2019-05-20', 5.57, 5.65, 5.141, 5.6]
['2019-05-21', 5.624, 5.624, 5.151, 5.27]
['2019-05-22', 5.36, 5.42, 5.36, 5.4]
['2019-05-23', 5.4, 5.4, 5.22, 5.22]
['2019-05-24', 5.3, 5.3, 5.2, 5.3]
['2019-05-28', 5.2, 5.24, 4.72, 5.0]
['2019-05-29', 5.025, 5.025, 4.9, 4.93]
['2019-05-30', 5.075, 5.24, 5.025, 5.025]
['2019-05-31', 4.95, 5.085, 4.95, 4.95]
['2019-06-03', 5.05, 5.05, 4.95, 5.0]
['2019-06-04', 4.95, 5.15, 4.95, 4.95]
['2019-06-05', 4.95, 5.15, 4.95, 5.1]
['2019-06-06', 5.06, 5.1, 5.06, 5.1]
['2019-06-07', 4.952, 5.1, 4.952, 5.0]
['2019-06-10', 5.0, 5.1, 5.0, 5.1]
['2019-06-11', 5.071, 5.17, 5.0, 5.0]
['2019-06-12', 5.1, 5.1, 4.96, 5.0]
['2019-06-13', 5.053, 5.1, 4.95, 4.95]
['2019-06-14', 4.95, 4.998, 4.95, 4.95]
['2019-06-17', 4.95, 4.956, 4.86, 4.94]
['2019-06-18', 5.24, 5.24, 4.9, 4.97]
['2019-06-19', 4.973, 5.1, 4.97, 5.1]
['2019-06-20', 5.35, 5.4, 5.0, 5.4]
['2019-06-21', 5.4, 5.75, 5.183, 5.75]
['2019-06-24', 5.82, 6.25, 5.82, 6.23]
['2019-06-25', 6.23, 6.3, 5.98, 5.98]
['2019-06-26', 6.38, 7.199, 5.62, 6.221]
['2019-06-27', 6.45, 7.1, 6.39, 6.83]
['2019-06-28', 6.96, 7.2, 6.74, 7.2]
['2019-07-01', 7.2, 7.41, 7.125, 7.18]
['2019-07-02', 7.2, 7.23, 7.01, 7.05]
['2019-07-03', 7.0, 7.06, 6.81, 6.99]
['2019-07-05', 6.82, 6.91, 6.57, 6.83]
['2019-07-08', 6.64, 7.09, 6.55, 6.7]
['2019-07-09', 6.54, 6.84, 6.54, 6.655]
['2019-07-10', 6.885, 6.9, 6.652, 6.71]
['2019-07-11', 6.94, 6.94, 6.8, 6.92]
['2019-07-12', 6.93, 6.96, 6.573, 6.67]
['2019-07-15', 6.896, 6.896, 6.63, 6.63]
['2019-07-16', 6.54, 6.54, 6.04, 6.33]
['2019-07-17', 6.25, 6.25, 6.15, 6.15]
['2019-07-18', 6.15, 6.34, 6.1, 6.33]
['2019-07-19', 6.22, 6.565, 6.0, 6.2]
['2019-07-22', 6.14, 6.29, 6.0, 6.0]
['2019-07-23', 6.0, 6.27, 5.836, 5.9]
['2019-07-24', 5.9, 6.4, 5.9, 6.38]
['2019-07-25', 6.25, 6.25, 6.04, 6.04]
['2019-07-26', 6.31, 6.31, 5.92, 5.92]
['2019-07-29', 6.03, 6.2, 6.0, 6.0]
['2019-07-30', 6.12, 6.34, 6.12, 6.21]
['2019-07-31', 6.22, 6.417, 5.85, 6.11]
['2019-08-01', 6.19, 6.225, 5.8, 6.03]
['2019-08-02', 6.04, 6.22, 5.96, 6.0]
['2019-08-05', 6.0, 6.0, 5.6, 5.6]
['2019-08-06', 5.71, 6.051, 5.71, 6.0]
['2019-08-07', 6.0, 6.0, 5.48, 5.53]
['2019-08-08', 5.75, 6.01, 5.75, 5.8]
['2019-08-09', 5.38, 5.793, 5.37, 5.37]
['2019-08-12', 5.41, 5.426, 5.37, 5.37]
['2019-08-13', 5.348, 5.551, 5.25, 5.33]
['2019-08-14', 5.38, 6.534, 5.38, 6.1]
['2019-08-15', 6.52, 6.52, 5.66, 5.87]
['2019-08-16', 6.238, 6.238, 5.5, 5.5]
['2019-08-19', 5.5, 6.21, 5.5, 5.87]
['2019-08-20', 5.25, 5.87, 5.25, 5.87]
['2019-08-21', 5.226, 5.8, 5.226, 5.8]
['2019-08-22', 5.5, 5.8, 5.2, 5.73]
['2019-08-23', 5.73, 5.73, 5.73, 5.73]
['2019-08-26', 5.73, 5.73, 5.73, 5.73]
['2019-08-27', 5.35, 5.75, 5.35, 5.75]
['2019-08-28', 5.75, 5.75, 5.75, 5.75]
['2019-08-29', 5.711, 5.795, 5.635, 5.795]
['2019-08-30', 5.65, 5.9, 5.574, 5.9]
['2019-09-03', 5.89, 5.89, 5.44, 5.52]
['2019-09-04', 5.78, 5.78, 5.54, 5.54]
['2019-09-05', 5.61, 5.745, 5.45, 5.47]
['2019-09-06', 5.656, 5.68, 5.51, 5.6]
['2019-09-09', 5.7, 5.8, 5.0, 5.297]
['2019-09-10', 5.25, 5.25, 5.21, 5.21]
['2019-09-11', 5.749, 5.749, 5.29, 5.29]
['2019-09-12', 5.35, 5.35, 5.35, 5.35]
['2019-09-13', 5.44, 5.44, 5.16, 5.16]
['2019-09-16', 5.48, 5.51, 5.12, 5.14]
['2019-09-17', 5.17, 5.3, 5.1, 5.1]
['2019-09-18', 5.12, 5.28, 4.78, 5.0]
['2019-09-19', 4.83, 5.208, 4.8, 5.0]
['2019-09-20', 5.193, 5.3, 5.0, 5.28]
['2019-09-23', 5.28, 5.29, 5.1, 5.1]
['2019-09-24', 4.878, 4.99, 4.77, 4.904]
['2019-09-25', 5.1, 5.2, 4.89, 4.89]
['2019-09-26', 5.01, 5.01, 4.99, 5.0]
['2019-09-27', 5.05, 5.05, 4.99, 4.99]
['2019-09-30', 5.1, 5.15, 4.95, 5.1]
['2019-10-01', 4.875, 5.1, 4.45, 4.45]
['2019-10-02', 4.45, 4.96, 4.45, 4.75]
['2019-10-03', 4.98, 4.98, 4.718, 4.85]
['2019-10-04', 5.0, 5.0, 4.735, 4.75]
['2019-10-07', 4.64, 4.92, 4.64, 4.8]
['2019-10-08', 4.83, 5.1, 4.83, 4.958]
['2019-10-09', 4.88, 5.21, 4.605, 4.76]
['2019-10-10', 4.989, 4.989, 4.68, 4.68]
['2019-10-11', 4.64, 4.69, 4.6, 4.69]
['2019-10-14', 4.7, 5.0, 4.7, 4.785]
['2019-10-15', 4.532, 4.78, 4.532, 4.72]
['2019-10-16', 4.8, 4.88, 4.79, 4.8]
['2019-10-17', 4.8, 5.0, 4.8, 4.96]
['2019-10-18', 4.96, 4.97, 4.95, 4.968]
['2019-10-21', 5.0, 5.0, 4.955, 4.955]
['2019-10-22', 4.98, 4.995, 4.975, 4.995]
['2019-10-23', 5.0, 5.14, 5.0, 5.04]
['2019-10-24', 5.0, 5.0, 4.962, 4.962]
['2019-10-25', 4.95, 5.02, 4.95, 4.99]
['2019-10-28', 4.99, 5.0, 4.95, 4.95]
['2019-10-29', 4.95, 5.0, 4.93, 4.95]
['2019-10-30', 4.961, 5.0, 4.95, 4.95]
['2019-10-31', 4.99, 5.0, 4.96, 4.976]
['2019-11-01', 4.98, 4.98, 4.98, 4.98]
['2019-11-04', 5.0, 5.0, 4.964, 4.99]
['2019-11-05', 4.99, 5.0, 4.71, 5.0]
['2019-11-06', 4.61, 4.99, 4.26, 4.77]
['2019-11-07', 4.488, 4.5, 4.45, 4.5]
['2019-11-08', 4.5, 4.5, 4.202, 4.44]
['2019-11-11', 4.445, 4.45, 4.33, 4.33]
['2019-11-12', 4.47, 4.5, 4.35, 4.35]
['2019-11-13', 4.4, 4.756, 4.4, 4.41]
['2019-11-14', 4.4, 4.96, 4.4, 4.96]
['2019-11-15', 4.414, 5.0, 4.414, 5.0]
['2019-11-18', 4.98, 5.0, 4.98, 5.0]
['2019-11-19', 4.95, 5.0, 4.933, 4.933]
['2019-11-20', 4.98, 5.0, 4.75, 4.78]
['2019-11-21', 4.84, 4.99, 4.79, 4.93]
['2019-11-22', 4.98, 5.0, 4.92, 4.92]
['2019-11-25', 4.9, 4.9, 4.81, 4.87]
['2019-11-26', 4.846, 4.85, 4.84, 4.85]
['2019-11-27', 4.87, 4.87, 4.87, 4.87]
['2019-11-29', 4.85, 4.873, 4.85, 4.87]
['2019-12-02', 4.85, 4.97, 4.61, 4.7]
['2019-12-03', 4.78, 4.85, 4.735, 4.735]
['2019-12-04', 4.95, 4.95, 4.5, 4.5]
['2019-12-05', 4.8, 4.8, 4.51, 4.51]
['2019-12-06', 4.54, 4.59, 4.53, 4.53]
['2019-12-09', 4.5, 4.5, 4.14, 4.42]
['2019-12-10', 4.253, 4.37, 3.86, 4.22]
['2019-12-11', 4.2, 4.37, 4.2, 4.201]
['2019-12-12', 4.21, 4.32, 4.21, 4.32]
['2019-12-13', 4.34, 4.58, 4.339, 4.58]
['2019-12-16', 4.56, 4.56, 4.294, 4.46]
['2019-12-17', 4.42, 4.898, 4.41, 4.7]
['2019-12-18', 4.6, 4.9, 3.25, 3.36]
['2019-12-19', 3.97, 4.865, 3.672, 4.75]
['2019-12-20', 4.82, 4.82, 4.38, 4.38]
['2019-12-23', 4.459, 4.7, 4.29, 4.7]
['2019-12-24', 4.7, 4.7, 4.415, 4.51]
['2019-12-26', 4.69, 4.7, 4.51, 4.57]
['2019-12-27', 4.7, 4.7, 4.505, 4.659]
['2019-12-30', 4.56, 4.56, 4.0, 4.23]
['2019-12-31', 4.35, 4.514, 4.31, 4.37]
['2020-01-02', 4.55, 4.597, 4.103, 4.32]
['2020-01-03', 4.16, 4.5, 4.16, 4.47]
['2020-01-06', 4.537, 4.69, 4.47, 4.69]
['2020-01-07', 4.69, 4.7, 4.512, 4.7]
['2020-01-08', 4.63, 4.64, 4.582, 4.64]
['2020-01-09', 4.65, 4.65, 4.65, 4.65]
['2020-01-10', 4.635, 4.661, 4.57, 4.583]
['2020-01-13', 4.62, 4.7, 4.616, 4.651]
['2020-01-14', 4.71, 4.71, 4.521, 4.69]
['2020-01-15', 4.7, 4.9, 4.53, 4.812]
['2020-01-16', 4.86, 4.867, 4.785, 4.785]
['2020-01-17', 4.8, 4.8, 4.59, 4.739]
['2020-01-21', 4.65, 4.689, 4.38, 4.38]
['2020-01-22', 4.464, 4.54, 4.45, 4.45]
['2020-01-23', 4.579, 4.63, 4.4, 4.4]
['2020-01-24', 4.41, 4.65, 4.383, 4.4]
['2020-01-27', 4.36, 4.62, 4.36, 4.46]
['2020-01-28', 4.55, 5.09, 4.55, 5.09]
['2020-01-29', 5.051, 5.2, 5.051, 5.17]
['2020-01-30', 5.3, 5.81, 5.3, 5.784]
['2020-01-31', 5.848, 5.89, 5.79, 5.791]
['2020-02-03', 5.75, 5.9, 5.75, 5.8]
['2020-02-04', 5.827, 5.9, 5.8, 5.871]
['2020-02-05', 5.9, 5.96, 5.652, 5.652]
['2020-02-06', 5.16, 5.65, 5.16, 5.65]
['2020-02-07', 5.672, 5.778, 5.672, 5.76]
['2020-02-10', 5.159, 5.67, 5.159, 5.396]
['2020-02-11', 5.27, 5.48, 5.25, 5.4]
['2020-02-12', 5.338, 5.35, 5.25, 5.35]
['2020-02-13', 5.41, 5.41, 5.41, 5.41]
['2020-02-14', 5.298, 5.298, 5.164, 5.18]
['2020-02-18', 5.322, 5.34, 5.27, 5.27]
['2020-02-19', 5.403, 5.424, 5.39, 5.39]
['2020-02-20', 5.42, 5.71, 5.39, 5.611]
['2020-02-21', 5.388, 5.72, 5.388, 5.63]
['2020-02-24', 5.63, 5.88, 5.63, 5.8]
['2020-02-25', 5.9, 5.9, 5.28, 5.57]
['2020-02-26', 5.54, 5.8, 5.3, 5.8]
['2020-02-27', 5.42, 5.675, 5.25, 5.675]
['2020-02-28', 5.68, 5.68, 5.68, 5.68]
['2020-03-02', 5.33, 5.35, 5.2, 5.2]
['2020-03-03', 5.41, 5.537, 5.12, 5.159]
['2020-03-04', 5.38, 5.38, 5.21, 5.37]
['2020-03-05', 5.295, 5.708, 5.13, 5.15]
['2020-03-06', 5.11, 5.159, 4.9, 5.0]
['2020-03-09', 5.0, 5.0, 4.85, 4.895]
['2020-03-10', 4.956, 4.956, 4.811, 4.811]
['2020-03-11', 4.47, 4.81, 4.1, 4.81]
['2020-03-12', 4.39, 4.476, 4.1, 4.1]
['2020-03-13', 4.11, 4.25, 4.09, 4.1]
['2020-03-16', 4.09, 4.09, 3.2, 3.226]
['2020-03-17', 3.025, 3.2, 2.72, 3.11]
['2020-03-18', 3.25, 3.29, 2.52, 2.85]
['2020-03-19', 2.95, 2.95, 2.509, 2.73]
['2020-03-20', 2.5, 2.876, 2.05, 2.16]
['2020-03-23', 2.5, 2.5, 1.982, 2.0]
['2020-03-24', 2.4, 2.4, 1.96, 1.99]
['2020-03-25', 1.99, 2.01, 1.8, 1.98]
['2020-03-26', 2.25, 2.71, 2.18, 2.7]
['2020-03-27', 2.58, 2.87, 2.48, 2.48]
['2020-03-30', 2.41, 2.531, 2.15, 2.15]
['2020-03-31', 2.61, 2.646, 2.25, 2.25]
['2020-04-01', 2.36, 2.432, 2.275, 2.316]
['2020-04-02', 2.39, 2.6, 2.373, 2.45]
['2020-04-03', 2.46, 2.5, 2.38, 2.5]
['2020-04-06', 2.6, 2.73, 2.59, 2.6]
['2020-04-07', 2.64, 2.76, 2.64, 2.7]
['2020-04-08', 2.55, 2.721, 2.33, 2.721]
['2020-04-09', 2.77, 2.85, 2.33, 2.51]
['2020-04-13', 2.61, 2.814, 2.61, 2.78]
['2020-04-14', 2.92, 2.92, 2.8, 2.847]
['2020-04-15', 2.895, 2.895, 2.686, 2.71]
['2020-04-16', 2.51, 2.62, 2.5, 2.5]
['2020-04-17', 2.4, 2.669, 2.4, 2.48]
['2020-04-20', 2.39, 2.39, 2.28, 2.33]
['2020-04-21', 2.35, 2.39, 2.33, 2.34]
['2020-04-22', 2.53, 2.55, 2.44, 2.485]
['2020-04-23', 2.712, 2.712, 2.38, 2.5]
['2020-04-24', 2.5, 2.6, 2.31, 2.579]
['2020-04-27', 2.36, 2.742, 2.36, 2.581]
['2020-04-28', 2.624, 2.787, 2.614, 2.688]
['2020-04-29', 2.78, 2.8, 2.511, 2.7]
['2020-04-30', 2.82, 2.86, 2.57, 2.78]
['2020-05-01', 2.75, 2.87, 2.7, 2.78]
['2020-05-04', 2.622, 2.7, 2.6, 2.7]
['2020-05-05', 2.674, 2.83, 2.58, 2.7]
['2020-05-06', 2.68, 2.76, 2.6, 2.76]
['2020-05-07', 2.68, 2.82, 2.65, 2.7]
['2020-05-08', 2.8, 2.844, 2.69, 2.73]
['2020-05-11', 2.74, 2.92, 2.36, 2.59]
['2020-05-12', 2.62, 2.95, 2.62, 2.85]
['2020-05-13', 2.722, 2.86, 2.7, 2.71]
['2020-05-14', 2.75, 2.95, 2.38, 2.84]
['2020-05-15', 3.26, 3.26, 2.38, 2.6]
['2020-05-18', 2.71, 3.0, 2.62, 2.64]
['2020-05-19', 2.7, 2.78, 2.6, 2.69]
['2020-05-20', 2.69, 2.9, 2.53, 2.7]
['2020-05-21', 2.75, 2.815, 2.68, 2.8]
['2020-05-22', 2.8, 3.23, 2.8, 3.23]
['2020-05-26', 3.45, 4.84, 3.45, 4.02]
['2020-05-27', 4.19, 4.65, 3.7, 3.98]
['2020-05-28', 3.981, 4.17, 3.7, 3.91]
['2020-05-29', 4.08, 4.08, 3.33, 3.68]
['2020-06-01', 3.74, 3.786, 3.41, 3.7]
['2020-06-02', 3.771, 3.852, 3.636, 3.765]
['2020-06-03', 3.43, 4.25, 3.43, 3.9]
['2020-06-04', 3.97, 3.97, 3.54, 3.93]
['2020-06-05', 4.03, 4.03, 3.5, 3.715]
