['2017-06-30', 130.5, 135.0, 130.5, 135.0]
['2017-07-03', 198.75, 198.75, 181.5, 181.5]
['2017-07-05', 212.25, 422.4, 212.25, 301.5]
['2017-07-06', 300.0, 300.0, 231.0, 237.0]
['2017-07-07', 225.0, 225.0, 151.5, 166.455]
['2017-07-10', 152.25, 190.5, 151.485, 168.6]
['2017-07-11', 180.0, 180.0, 164.79, 179.7]
['2017-07-12', 192.0, 192.0, 168.0, 184.2]
['2017-07-13', 185.1, 187.5, 171.0, 171.0]
['2017-07-14', 187.2, 187.2, 172.5, 173.55]
['2017-07-17', 172.5, 175.365, 167.985, 169.395]
['2017-07-18', 175.785, 179.19, 168.0, 177.51]
['2017-07-19', 168.555, 180.0, 168.555, 176.25]
['2017-07-20', 176.25, 180.0, 169.965, 173.25]
['2017-07-21', 169.11, 173.25, 169.11, 170.25]
['2017-07-24', 172.08, 172.08, 165.0, 166.65]
['2017-07-25', 168.87, 170.55, 168.6, 168.6]
['2017-07-26', 176.7, 176.7, 153.6, 162.135]
['2017-07-27', 161.07, 163.845, 146.19, 149.85]
['2017-07-28', 154.5, 156.0, 147.45, 147.45]
['2017-07-31', 147.45, 148.845, 123.0, 123.0]
['2017-08-01', 112.5, 120.0, 82.5, 88.65]
['2017-08-02', 93.0, 93.0, 83.4, 84.0]
['2017-08-03', 82.65, 82.65, 67.5, 71.4]
['2017-08-04', 67.65, 71.4, 67.65, 71.07]
['2017-08-07', 70.5, 77.55, 69.6, 72.9]
['2017-08-08', 72.3, 72.6, 65.25, 65.7]
['2017-08-09', 66.0, 78.0, 66.0, 77.55]
['2017-08-10', 86.55, 86.55, 67.5, 70.5]
['2017-08-11', 73.35, 73.35, 62.1, 65.4]
['2017-08-14', 62.1, 65.25, 62.1, 63.3]
['2017-08-15', 63.3, 63.75, 50.25, 56.4]
['2017-08-16', 52.65, 62.715, 51.255, 59.85]
['2017-08-17', 60.0, 86.4, 60.0, 75.3]
['2017-08-18', 79.95, 81.93, 66.15, 72.45]
['2017-08-21', 78.6, 84.0, 67.2, 79.35]
['2017-08-22', 70.5, 78.45, 57.15, 67.05]
['2017-08-23', 36.75, 36.75, 34.65, 35.7]
['2017-08-24', 35.7, 36.0, 34.5, 35.55]
['2017-08-25', 35.25, 35.85, 34.95, 35.55]
['2017-08-28', 35.4, 35.55, 33.0, 34.5]
['2017-08-29', 34.5, 35.4, 33.0, 34.8]
['2017-08-30', 35.4, 35.4, 33.75, 34.8]
['2017-08-31', 34.875, 36.15, 33.75, 34.2]
['2017-09-01', 34.23, 35.385, 33.0, 33.15]
['2017-09-05', 34.2, 34.35, 32.25, 33.6]
['2017-09-06', 34.2, 34.8, 32.25, 33.45]
['2017-09-07', 33.0, 34.35, 31.5, 34.05]
['2017-09-08', 34.5, 34.5, 33.0, 33.9]
['2017-09-11', 34.95, 34.95, 32.4, 33.45]
['2017-09-12', 33.0, 35.4, 32.4, 35.4]
['2017-09-13', 34.5, 35.4, 33.315, 34.8]
['2017-09-14', 33.45, 35.4, 33.0, 33.0]
['2017-09-15', 33.0, 34.65, 30.45, 30.45]
['2017-09-18', 31.2, 33.6, 31.2, 31.2]
['2017-09-19', 31.05, 31.32, 27.3, 28.65]
['2017-09-20', 27.3, 29.43, 27.3, 27.9]
['2017-09-21', 29.79, 29.79, 27.15, 27.6]
['2017-09-22', 28.05, 28.65, 27.015, 28.65]
['2017-09-25', 29.7, 30.6, 27.9, 28.35]
['2017-09-26', 26.85, 28.575, 26.85, 28.05]
['2017-09-27', 27.45, 28.29, 26.7, 27.0]
['2017-09-28', 28.65, 34.95, 27.3, 34.515]
['2017-09-29', 34.95, 34.95, 31.5, 32.4]
['2017-10-02', 31.845, 33.15, 30.0, 30.3]
['2017-10-03', 30.0, 30.15, 22.65, 26.55]
['2017-10-04', 27.0, 29.655, 26.25, 26.7]
['2017-10-05', 27.0, 28.05, 25.5, 27.0]
['2017-10-06', 28.5, 31.17, 27.45, 29.1]
['2017-10-09', 29.43, 30.6, 27.75, 29.4]
['2017-10-10', 27.81, 29.01, 27.0, 28.2]
['2017-10-11', 27.57, 39.72, 27.0, 33.45]
['2017-10-12', 36.75, 38.25, 30.15, 31.5]
['2017-10-13', 32.19, 34.35, 29.4, 30.45]
['2017-10-16', 30.0, 30.15, 28.8, 29.1]
['2017-10-17', 30.75, 31.5, 27.3, 28.5]
['2017-10-18', 30.0, 30.0, 28.05, 28.35]
['2017-10-19', 29.55, 29.55, 27.0, 27.3]
['2017-10-20', 27.87, 28.65, 27.3, 27.6]
['2017-10-23', 27.36, 33.0, 27.0, 28.8]
['2017-10-24', 30.45, 32.25, 28.665, 31.05]
['2017-10-25', 30.9, 31.8, 29.715, 30.75]
['2017-10-26', 29.19, 31.95, 29.19, 31.785]
['2017-10-27', 30.75, 31.95, 29.25, 29.85]
['2017-10-30', 29.43, 30.75, 28.5, 28.5]
['2017-10-31', 28.8, 30.6, 28.5, 29.25]
['2017-11-01', 30.57, 30.57, 24.0, 25.35]
['2017-11-02', 24.0, 25.065, 21.0, 24.45]
['2017-11-03', 23.25, 23.25, 19.8, 20.91]
['2017-11-06', 21.3, 21.45, 19.5, 20.55]
['2017-11-07', 19.8, 20.7, 19.65, 20.25]
['2017-11-08', 21.0, 21.0, 20.4, 20.4]
['2017-11-09', 20.355, 20.85, 20.355, 20.4]
['2017-11-10', 20.25, 22.005, 19.65, 19.8]
['2017-11-13', 19.65, 20.4, 18.3, 20.25]
['2017-11-14', 20.55, 20.55, 18.9, 20.55]
['2017-11-15', 18.0, 20.835, 17.7, 18.9]
['2017-11-16', 19.5, 21.0, 18.9, 20.4]
['2017-11-17', 20.4, 21.0, 19.95, 20.55]
['2017-11-20', 20.55, 20.76, 18.9, 19.485]
['2017-11-21', 18.9, 19.23, 18.0, 18.6]
['2017-11-22', 18.45, 19.2, 18.0, 18.975]
['2017-11-24', 19.05, 19.35, 18.15, 19.35]
['2017-11-27', 19.35, 19.35, 18.15, 18.315]
['2017-11-28', 18.0, 18.6, 18.0, 18.15]
['2017-11-29', 18.6, 21.0, 18.15, 20.4]
['2017-11-30', 20.4, 20.625, 18.75, 19.5]
['2017-12-01', 19.11, 19.65, 18.3, 19.35]
['2017-12-04', 19.35, 20.25, 18.0, 18.3]
['2017-12-05', 18.45, 18.75, 18.3, 18.3]
['2017-12-06', 18.435, 18.435, 17.7, 17.7]
['2017-12-07', 17.7, 18.375, 16.2, 17.55]
['2017-12-08', 17.85, 17.85, 16.65, 17.46]
['2017-12-11', 18.15, 18.15, 16.8, 17.1]
['2017-12-12', 16.95, 16.95, 16.35, 16.8]
['2017-12-13', 16.5, 18.0, 15.96, 16.5]
['2017-12-14', 17.835, 21.6, 17.1, 18.0]
['2017-12-15', 17.85, 18.15, 16.2, 16.35]
['2017-12-18', 17.4, 17.4, 15.45, 16.95]
['2017-12-19', 17.4, 17.7, 15.75, 16.2]
['2017-12-20', 16.5, 21.6, 14.85, 17.25]
['2017-12-21', 17.7, 18.81, 17.1, 18.45]
['2017-12-22', 17.1, 18.465, 16.95, 17.85]
['2017-12-26', 18.0, 18.15, 17.25, 18.15]
['2017-12-27', 18.225, 18.45, 17.55, 18.3]
['2017-12-28', 18.45, 18.75, 17.25, 18.0]
['2017-12-29', 17.55, 18.15, 16.95, 18.0]
['2018-01-02', 17.25, 18.45, 17.16, 17.25]
['2018-01-03', 17.25, 19.035, 17.25, 17.85]
['2018-01-04', 18.27, 18.27, 17.4, 17.7]
['2018-01-05', 18.15, 18.225, 17.4, 18.225]
['2018-01-08', 17.55, 18.09, 17.55, 18.0]
['2018-01-09', 17.7, 18.72, 17.7, 18.09]
['2018-01-10', 18.6, 21.0, 18.15, 18.9]
['2018-01-11', 19.05, 20.55, 18.6, 19.5]
['2018-01-12', 19.5, 20.7, 18.75, 19.5]
['2018-01-16', 19.35, 19.8, 17.55, 17.85]
['2018-01-17', 17.7, 17.715, 16.65, 17.25]
['2018-01-18', 17.4, 18.45, 17.4, 17.745]
['2018-01-19', 17.4, 18.0, 17.1, 17.4]
['2018-01-22', 18.0, 18.15, 17.1, 17.55]
['2018-01-23', 17.55, 17.7, 17.175, 17.4]
['2018-01-24', 17.55, 17.775, 17.1, 17.4]
['2018-01-25', 18.75, 19.65, 17.1, 17.55]
['2018-01-26', 17.7, 18.06, 17.25, 17.4]
['2018-01-29', 17.34, 17.7, 17.25, 17.4]
['2018-01-30', 17.4, 17.85, 17.1, 17.25]
['2018-01-31', 17.37, 17.4, 16.95, 17.1]
['2018-02-01', 17.1, 17.295, 16.05, 16.65]
['2018-02-02', 16.5, 17.1, 15.6, 16.05]
['2018-02-05', 15.75, 17.7, 15.6, 15.9]
['2018-02-06', 15.75, 16.935, 15.54, 16.2]
['2018-02-07', 16.065, 16.95, 16.05, 16.8]
['2018-02-08', 17.19, 17.19, 15.3, 15.45]
['2018-02-09', 15.75, 16.5, 12.375, 13.215]
['2018-02-12', 13.215, 13.875, 12.3, 12.75]
['2018-02-13', 12.795, 12.9, 8.925, 10.5]
['2018-02-14', 11.25, 11.55, 10.65, 11.55]
['2018-02-15', 12.135, 12.15, 10.8, 10.8]
['2018-02-16', 10.95, 11.25, 10.35, 10.635]
['2018-02-20', 10.5, 10.8, 10.05, 10.8]
['2018-02-21', 10.8, 10.8, 9.33, 10.2]
['2018-02-22', 10.35, 12.0, 9.75, 10.965]
['2018-02-23', 10.92, 11.25, 9.0, 10.53]
['2018-02-26', 10.455, 11.55, 10.2, 11.1]
['2018-02-27', 10.5, 10.8, 9.45, 9.45]
['2018-02-28', 9.45, 10.05, 9.18, 9.6]
['2018-03-01', 9.54, 10.005, 8.7, 9.15]
['2018-03-02', 8.955, 9.45, 7.65, 8.055]
['2018-03-05', 8.25, 8.67, 6.9, 7.35]
['2018-03-06', 7.5, 8.1, 7.2, 7.425]
['2018-03-07', 7.635, 8.55, 7.35, 7.95]
['2018-03-08', 7.92, 7.92, 7.5, 7.71]
['2018-03-09', 7.725, 8.25, 7.35, 7.59]
['2018-03-12', 7.5, 8.25, 7.35, 7.68]
['2018-03-13', 7.92, 11.7, 7.8, 9.3]
['2018-03-14', 8.55, 10.05, 7.5, 8.25]
['2018-03-15', 8.37, 8.7, 7.515, 8.085]
['2018-03-16', 7.89, 8.475, 7.65, 7.95]
['2018-03-19', 7.665, 8.055, 7.05, 7.155]
['2018-03-20', 7.485, 26.25, 7.485, 13.5]
['2018-03-21', 12.165, 12.735, 8.7, 9.15]
['2018-03-22', 9.45, 9.465, 7.86, 8.25]
['2018-03-23', 7.95, 8.58, 7.41, 8.025]
['2018-03-26', 9.72, 10.95, 8.25, 8.37]
['2018-03-27', 8.25, 8.625, 7.575, 8.1]
['2018-03-28', 9.15, 9.285, 7.8, 8.565]
['2018-03-29', 8.415, 8.55, 7.95, 8.055]
['2018-04-02', 8.07, 8.07, 7.515, 7.905]
['2018-04-03', 7.785, 7.95, 7.05, 7.2]
['2018-04-04', 7.035, 7.2, 5.61, 6.225]
['2018-04-05', 6.6, 6.75, 6.045, 6.375]
['2018-04-06', 6.45, 7.05, 6.3, 6.48]
['2018-04-09', 6.45, 7.23, 6.45, 6.9]
['2018-04-10', 6.96, 7.2, 6.675, 6.99]
['2018-04-11', 8.175, 8.82, 7.41, 7.695]
['2018-04-12', 7.695, 7.71, 7.2, 7.35]
['2018-04-13', 7.335, 7.575, 6.9, 7.215]
['2018-04-16', 7.35, 7.365, 6.3, 6.75]
['2018-04-17', 6.825, 6.825, 6.0, 6.45]
['2018-04-18', 7.425, 7.65, 6.75, 6.825]
['2018-04-19', 6.615, 6.9, 6.3, 6.45]
['2018-04-20', 6.9, 6.9, 6.3, 6.645]
['2018-04-23', 6.315, 6.75, 6.315, 6.465]
['2018-04-24', 6.315, 6.705, 6.315, 6.495]
['2018-04-25', 6.3, 6.57, 6.3, 6.435]
['2018-04-26', 6.39, 6.45, 5.865, 6.165]
['2018-04-27', 6.27, 6.57, 6.0, 6.12]
['2018-04-30', 6.15, 6.555, 6.075, 6.345]
['2018-05-01', 6.075, 6.3, 6.075, 6.3]
['2018-05-02', 6.165, 6.225, 5.85, 5.955]
['2018-05-03', 5.865, 6.0, 5.4, 5.85]
['2018-05-04', 5.625, 6.45, 5.625, 6.15]
['2018-05-07', 6.15, 6.3, 6.0, 6.255]
['2018-05-08', 6.225, 6.3, 5.76, 5.85]
['2018-05-09', 5.85, 6.0, 5.7, 5.79]
['2018-05-10', 5.85, 6.15, 5.715, 5.775]
['2018-05-11', 6.15, 6.15, 5.7, 5.7]
['2018-05-14', 7.395, 9.75, 6.75, 7.14]
['2018-05-15', 7.2, 7.2, 6.3, 6.33]
['2018-05-16', 6.0, 6.225, 5.85, 6.015]
['2018-05-17', 6.75, 6.885, 6.225, 6.435]
['2018-05-18', 6.3, 7.02, 6.18, 6.795]
['2018-05-21', 6.9, 6.9, 6.3, 6.3]
['2018-05-22', 8.55, 9.6, 7.05, 7.35]
['2018-05-23', 7.05, 7.65, 6.75, 7.62]
['2018-05-24', 8.55, 8.985, 7.56, 8.19]
['2018-05-25', 8.235, 8.25, 7.515, 8.1]
['2018-05-29', 8.205, 8.25, 7.5, 7.65]
['2018-05-30', 7.05, 7.275, 6.45, 7.05]
['2018-05-31', 7.095, 7.2, 6.75, 6.825]
['2018-06-01', 7.005, 7.275, 6.69, 7.05]
['2018-06-04', 7.05, 7.335, 6.84, 6.885]
['2018-06-05', 7.05, 7.215, 6.75, 6.87]
['2018-06-06', 7.35, 7.725, 7.02, 7.11]
['2018-06-07', 7.02, 7.485, 7.02, 7.065]
['2018-06-08', 7.125, 7.29, 6.9, 7.05]
['2018-06-11', 7.125, 7.5, 6.78, 6.99]
['2018-06-12', 7.17, 7.245, 6.975, 7.065]
['2018-06-13', 7.17, 8.1, 7.14, 7.275]
['2018-06-14', 7.125, 7.8, 7.125, 7.425]
['2018-06-15', 7.35, 7.95, 7.095, 7.305]
['2018-06-18', 7.35, 7.35, 6.9, 7.005]
['2018-06-19', 6.93, 7.065, 6.465, 6.555]
['2018-06-20', 6.75, 6.975, 6.345, 6.465]
['2018-06-21', 6.375, 6.75, 6.375, 6.45]
['2018-06-22', 6.6, 6.75, 6.165, 6.3]
['2018-06-25', 6.015, 6.15, 5.46, 5.805]
['2018-06-26', 6.0, 6.3, 5.805, 6.06]
['2018-06-27', 6.0, 6.0, 5.775, 5.85]
['2018-06-28', 5.85, 6.0, 5.25, 5.43]
['2018-06-29', 5.595, 5.745, 5.43, 5.52]
['2018-07-02', 5.7, 6.0, 4.98, 5.37]
['2018-07-03', 5.775, 5.82, 4.8, 5.4]
['2018-07-05', 5.4, 5.82, 4.95, 5.4]
['2018-07-06', 5.25, 5.55, 5.1, 5.16]
['2018-07-09', 5.415, 5.475, 4.98, 5.025]
['2018-07-10', 5.28, 5.4, 5.1, 5.1]
['2018-07-11', 5.22, 5.355, 4.8, 4.92]
['2018-07-12', 4.98, 5.1, 4.83, 4.95]
['2018-07-13', 4.92, 5.16, 4.875, 5.085]
['2018-07-16', 5.25, 5.25, 4.815, 5.1]
['2018-07-17', 5.175, 5.7, 4.95, 5.55]
['2018-07-18', 8.175, 10.2, 6.6, 7.17]
['2018-07-19', 6.3, 6.66, 6.0, 6.3]
['2018-07-20', 6.6, 6.6, 5.85, 6.0]
['2018-07-23', 6.0, 6.12, 5.625, 5.73]
['2018-07-24', 5.715, 5.925, 5.565, 5.625]
['2018-07-25', 5.55, 5.85, 5.55, 5.625]
['2018-07-26', 5.565, 5.925, 5.4, 5.85]
['2018-07-27', 5.835, 6.45, 5.67, 5.94]
['2018-07-30', 6.09, 6.15, 5.7, 5.805]
['2018-07-31', 5.85, 6.15, 5.79, 5.94]
['2018-08-01', 5.925, 7.8, 5.865, 7.575]
['2018-08-02', 7.5, 7.5, 6.45, 6.75]
['2018-08-03', 6.6, 6.72, 6.225, 6.405]
['2018-08-06', 6.6, 6.6, 6.0, 6.435]
['2018-08-07', 6.42, 6.9, 6.12, 6.375]
['2018-08-08', 6.6, 6.6, 6.3, 6.54]
['2018-08-09', 6.45, 6.735, 6.3, 6.45]
['2018-08-10', 6.75, 6.75, 6.3, 6.39]
['2018-08-13', 6.9, 7.05, 6.45, 6.615]
['2018-08-14', 6.63, 6.9, 6.6, 6.69]
['2018-08-15', 6.555, 6.69, 6.375, 6.48]
['2018-08-16', 6.6, 6.75, 6.45, 6.585]
['2018-08-17', 6.9, 6.9, 5.79, 6.345]
['2018-08-20', 6.3, 6.99, 6.225, 6.615]
['2018-08-21', 6.75, 6.9, 6.495, 6.6]
['2018-08-22', 6.48, 7.2, 6.48, 7.125]
['2018-08-23', 7.5, 7.5, 6.33, 6.525]
['2018-08-24', 6.6, 6.6, 6.33, 6.54]
['2018-08-27', 6.375, 6.465, 6.075, 6.225]
['2018-08-28', 6.03, 6.375, 6.0, 6.225]
['2018-08-29', 6.36, 6.375, 6.045, 6.045]
['2018-08-30', 6.15, 6.375, 5.775, 5.925]
['2018-08-31', 5.925, 6.3, 5.775, 6.0]
['2018-09-04', 6.165, 6.255, 5.925, 6.0]
['2018-09-05', 5.715, 6.0, 5.715, 6.0]
['2018-09-06', 5.835, 6.6, 5.835, 6.435]
['2018-09-07', 6.435, 6.435, 6.0, 6.285]
['2018-09-10', 6.24, 6.3, 6.0, 6.075]
['2018-09-11', 6.0, 6.105, 5.85, 5.865]
['2018-09-12', 6.075, 6.75, 5.895, 6.0]
['2018-09-13', 5.94, 6.225, 5.85, 5.97]
['2018-09-14', 5.85, 6.09, 5.775, 5.775]
['2018-09-17', 5.835, 5.88, 5.7, 5.745]
['2018-09-18', 5.88, 5.94, 5.7, 5.775]
['2018-09-19', 5.85, 6.15, 5.7, 6.045]
['2018-09-20', 6.45, 6.525, 6.0, 6.18]
['2018-09-21', 6.45, 6.525, 6.0, 6.3]
['2018-09-24', 6.15, 6.3, 5.85, 5.925]
['2018-09-25', 5.865, 6.45, 5.775, 6.0]
['2018-09-26', 5.91, 6.405, 5.91, 6.015]
['2018-09-27', 5.94, 6.3, 5.925, 6.0]
['2018-09-28', 6.015, 6.285, 5.865, 5.925]
['2018-10-01', 5.85, 6.435, 5.85, 6.03]
['2018-10-02', 6.12, 6.255, 5.88, 5.94]
['2018-10-03', 6.3, 6.675, 5.85, 5.925]
['2018-10-04', 6.06, 6.3, 5.55, 5.82]
['2018-10-05', 5.97, 5.97, 5.625, 5.625]
['2018-10-08', 5.7, 6.0, 5.55, 5.67]
['2018-10-09', 5.67, 5.82, 5.4, 5.4]
['2018-10-10', 5.475, 5.475, 4.74, 4.8]
['2018-10-11', 4.8, 5.1, 4.8, 4.92]
['2018-10-12', 5.1, 5.1, 4.5, 4.95]
['2018-10-15', 4.8, 5.34, 4.68, 4.695]
['2018-10-16', 6.15, 6.225, 4.8, 4.95]
['2018-10-17', 4.8, 5.1, 4.725, 5.1]
['2018-10-18', 5.25, 5.25, 4.74, 4.95]
['2018-10-19', 4.8, 4.95, 4.665, 4.8]
['2018-10-22', 4.8, 4.95, 4.35, 4.65]
['2018-10-23', 4.65, 4.935, 4.35, 4.44]
['2018-10-24', 4.8, 4.8, 4.05, 4.35]
['2018-10-25', 4.35, 4.5, 4.05, 4.215]
['2018-10-26', 4.35, 4.425, 4.05, 4.2]
['2018-10-29', 4.05, 4.2, 3.75, 3.9]
['2018-10-30', 3.945, 3.945, 3.75, 3.9]
['2018-10-31', 3.9, 4.05, 3.825, 4.05]
['2018-11-01', 4.575, 4.65, 4.2, 4.35]
['2018-11-02', 4.56, 4.605, 4.2, 4.215]
['2018-11-05', 4.485, 4.485, 4.125, 4.2]
['2018-11-06', 4.32, 4.35, 4.215, 4.275]
['2018-11-07', 4.35, 4.35, 4.2, 4.275]
['2018-11-08', 4.47, 4.47, 4.125, 4.2]
['2018-11-09', 4.2, 4.47, 4.2, 4.23]
['2018-11-12', 4.17, 4.185, 4.05, 4.08]
['2018-11-13', 4.095, 4.95, 4.08, 4.725]
['2018-11-14', 4.77, 4.89, 4.365, 4.56]
['2018-11-15', 4.725, 4.725, 4.425, 4.53]
['2018-11-16', 4.5, 4.65, 4.095, 4.23]
['2018-11-19', 4.41, 4.5, 4.2, 4.365]
['2018-11-20', 4.38, 4.65, 3.975, 4.32]
['2018-11-21', 4.35, 4.35, 4.02, 4.08]
['2018-11-23', 3.975, 4.11, 3.915, 4.02]
['2018-11-26', 3.945, 4.02, 3.9, 3.9]
['2018-11-27', 3.825, 4.125, 3.78, 3.78]
['2018-11-28', 3.78, 3.78, 3.3, 3.6]
['2018-11-29', 3.6, 3.615, 3.315, 3.6]
['2018-11-30', 3.615, 3.615, 3.45, 3.465]
['2018-12-03', 3.615, 3.63, 3.45, 3.6]
['2018-12-04', 3.6, 3.75, 3.075, 3.3]
['2018-12-06', 3.3, 3.3, 3.015, 3.075]
['2018-12-07', 3.3, 3.3, 2.85, 2.88]
['2018-12-10', 3.0, 3.0, 2.7, 3.0]
['2018-12-11', 3.3, 3.3, 2.805, 2.985]
['2018-12-12', 3.27, 3.27, 2.715, 2.895]
['2018-12-13', 3.075, 3.075, 2.79, 2.925]
['2018-12-14', 2.7, 2.895, 2.7, 2.79]
['2018-12-17', 2.85, 2.85, 2.55, 2.595]
['2018-12-18', 2.91, 2.91, 2.4, 2.4]
['2018-12-19', 2.475, 2.7, 2.43, 2.55]
['2018-12-20', 2.55, 2.76, 2.4, 2.64]
['2018-12-21', 2.565, 2.7, 2.34, 2.535]
['2018-12-24', 2.655, 2.655, 2.25, 2.295]
['2018-12-26', 2.295, 2.43, 2.265, 2.385]
['2018-12-27', 2.4, 2.4, 2.25, 2.25]
['2018-12-28', 2.25, 2.505, 2.25, 2.325]
['2018-12-31', 2.43, 2.43, 2.25, 2.31]
['2019-01-02', 2.715, 2.715, 2.265, 2.4]
['2019-01-03', 2.52, 2.61, 2.31, 2.475]
['2019-01-04', 2.55, 2.85, 2.4, 2.52]
['2019-01-07', 2.625, 2.625, 2.4, 2.52]
['2019-01-08', 2.73, 2.835, 2.55, 2.55]
['2019-01-09', 2.67, 2.685, 2.4, 2.475]
['2019-01-10', 4.335, 4.8, 3.375, 3.525]
['2019-01-11', 4.125, 4.5, 3.6, 3.9]
['2019-01-14', 3.93, 4.02, 3.27, 3.36]
['2019-01-15', 3.63, 3.645, 3.3, 3.345]
['2019-01-16', 3.45, 3.45, 3.015, 3.075]
['2019-01-17', 3.15, 3.225, 3.06, 3.09]
['2019-01-18', 3.045, 3.21, 3.015, 3.06]
['2019-01-22', 3.15, 3.21, 3.045, 3.075]
['2019-01-23', 3.075, 3.225, 3.075, 3.195]
['2019-01-24', 3.36, 3.36, 3.09, 3.105]
['2019-01-25', 3.21, 3.45, 3.105, 3.195]
['2019-01-28', 3.18, 3.3, 3.09, 3.105]
['2019-01-29', 3.225, 3.225, 2.58, 2.91]
['2019-01-30', 3.0, 3.0, 2.865, 2.925]
['2019-01-31', 2.955, 3.0, 2.82, 2.82]
['2019-02-01', 2.85, 3.075, 2.82, 2.82]
['2019-02-04', 2.715, 2.85, 2.37, 2.565]
['2019-02-05', 2.625, 2.655, 2.475, 2.535]
['2019-02-06', 2.58, 2.625, 2.55, 2.58]
['2019-02-07', 2.685, 2.685, 2.475, 2.55]
['2019-02-08', 2.58, 2.61, 2.475, 2.475]
['2019-02-11', 2.55, 2.595, 2.4, 2.46]
['2019-02-12', 2.415, 2.475, 2.325, 2.445]
['2019-02-13', 2.43, 2.775, 2.43, 2.55]
['2019-02-14', 2.85, 3.555, 2.85, 3.045]
['2019-02-15', 3.15, 3.15, 2.625, 2.67]
['2019-02-19', 2.775, 2.865, 2.58, 2.67]
['2019-02-20', 2.7, 2.7, 2.55, 2.55]
['2019-02-21', 2.67, 2.7, 2.55, 2.655]
['2019-02-22', 2.7, 2.835, 2.55, 2.55]
['2019-02-25', 2.625, 2.685, 2.565, 2.595]
['2019-02-26', 2.565, 2.67, 2.415, 2.475]
['2019-02-27', 2.4, 2.535, 2.325, 2.37]
['2019-02-28', 2.475, 2.475, 2.295, 2.37]
['2019-03-01', 2.4, 2.475, 2.325, 2.4]
['2019-03-04', 2.4, 2.52, 2.325, 2.43]
['2019-03-05', 2.7, 2.805, 2.46, 2.49]
['2019-03-06', 2.445, 2.49, 2.325, 2.37]
['2019-03-07', 2.34, 2.445, 2.28, 2.325]
['2019-03-08', 2.25, 2.325, 2.13, 2.175]
['2019-03-11', 2.385, 2.505, 2.145, 2.445]
['2019-03-12', 2.52, 2.535, 2.325, 2.385]
['2019-03-13', 2.4, 2.4, 2.25, 2.355]
['2019-03-14', 2.28, 2.37, 2.25, 2.325]
['2019-03-15', 2.37, 2.505, 2.28, 2.31]
['2019-03-18', 2.25, 2.355, 2.145, 2.28]
['2019-03-19', 2.265, 2.625, 2.205, 2.4]
['2019-03-20', 2.535, 2.535, 2.325, 2.34]
['2019-03-21', 2.43, 2.43, 2.325, 2.325]
['2019-03-22', 2.295, 2.4, 2.22, 2.265]
['2019-03-25', 2.31, 2.31, 2.175, 2.22]
['2019-03-26', 2.19, 2.22, 2.04, 2.1]
['2019-03-27', 2.1, 2.1, 1.65, 1.83]
['2019-03-28', 1.8, 2.025, 1.8, 2.025]
['2019-03-29', 2.04, 2.04, 1.845, 1.875]
['2019-04-01', 1.965, 2.19, 1.95, 1.98]
['2019-04-02', 2.1, 2.1, 1.8, 1.89]
['2019-04-03', 2.1, 2.325, 1.95, 2.07]
['2019-04-04', 2.055, 2.1, 1.86, 1.905]
['2019-04-05', 1.95, 2.355, 1.875, 2.25]
['2019-04-08', 2.91, 4.62, 2.745, 3.66]
['2019-04-09', 4.095, 5.7, 3.75, 4.8]
['2019-04-10', 5.4, 5.625, 4.2, 4.5]
['2019-04-11', 4.2, 4.35, 3.75, 3.975]
['2019-04-12', 4.41, 4.47, 4.035, 4.2]
['2019-04-15', 4.41, 6.0, 4.23, 5.955]
['2019-04-16', 6.93, 9.315, 6.495, 7.2]
['2019-04-17', 6.96, 7.8, 5.7, 6.15]
['2019-04-18', 7.2, 8.175, 6.45, 7.125]
['2019-04-22', 8.175, 8.475, 7.245, 7.605]
['2019-04-23', 7.35, 7.5, 6.78, 7.2]
['2019-04-24', 7.665, 7.815, 7.035, 7.425]
['2019-04-25', 7.35, 7.35, 6.9, 7.035]
['2019-04-26', 7.05, 7.17, 4.245, 4.8]
['2019-04-29', 4.8, 4.8, 4.8, 4.8]
['2019-04-30', 4.98, 6.05, 4.51, 6.05]
['2019-05-01', 6.07, 8.6, 5.75, 8.4]
['2019-05-02', 9.18, 10.8, 8.6, 9.15]
['2019-05-03', 9.08, 9.1, 7.01, 7.89]
['2019-05-06', 8.14, 8.5, 7.5, 7.7]
['2019-05-07', 7.47, 7.671, 7.05, 7.1]
['2019-05-08', 6.9, 6.95, 6.11, 6.14]
['2019-05-09', 6.04, 7.07, 5.25, 6.73]
['2019-05-10', 6.9, 7.05, 6.55, 6.56]
['2019-05-13', 6.54, 6.55, 6.11, 6.37]
['2019-05-14', 6.18, 6.82, 6.11, 6.5]
['2019-05-15', 6.63, 7.68, 6.601, 7.13]
['2019-05-16', 6.95, 7.37, 6.62, 6.69]
['2019-05-17', 6.74, 6.785, 6.38, 6.39]
['2019-05-20', 6.51, 6.58, 6.0, 6.02]
['2019-05-21', 5.8, 6.25, 5.35, 6.07]
['2019-05-22', 5.8, 5.96, 5.61, 5.69]
['2019-05-23', 5.48, 6.08, 5.45, 5.75]
['2019-05-24', 5.75, 5.9, 5.6, 5.83]
['2019-05-28', 5.92, 6.53, 5.853, 6.29]
['2019-05-29', 6.2, 6.534, 5.85, 5.99]
['2019-05-30', 5.89, 6.34, 5.71, 5.77]
['2019-05-31', 5.63, 5.745, 5.41, 5.45]
['2019-06-03', 5.45, 5.53, 4.84, 4.95]
['2019-06-04', 5.35, 5.41, 4.88, 5.2]
['2019-06-05', 5.15, 5.16, 4.71, 4.85]
['2019-06-06', 4.85, 4.948, 4.301, 4.48]
['2019-06-07', 4.33, 4.4, 4.1, 4.2]
['2019-06-10', 4.19, 4.46, 4.13, 4.31]
['2019-06-11', 4.43, 4.7, 4.31, 4.54]
['2019-06-12', 4.46, 4.535, 4.2, 4.33]
['2019-06-13', 4.26, 4.4, 4.171, 4.24]
['2019-06-14', 4.2, 4.31, 4.04, 4.08]
['2019-06-17', 4.04, 4.336, 3.11, 3.22]
['2019-06-18', 3.27, 3.29, 2.65, 3.15]
['2019-06-19', 3.12, 3.31, 3.07, 3.12]
['2019-06-20', 3.13, 3.21, 2.87, 3.04]
['2019-06-21', 3.08, 3.19, 2.951, 3.01]
['2019-06-24', 2.98, 3.12, 2.9, 2.9]
['2019-06-25', 2.92, 2.99, 2.72, 2.95]
['2019-06-26', 2.93, 2.93, 2.68, 2.68]
['2019-06-27', 2.65, 2.76, 2.65, 2.65]
['2019-06-28', 2.68, 3.47, 2.6, 3.38]
['2019-07-01', 3.52, 4.39, 3.519, 4.08]
['2019-07-02', 3.97, 3.97, 3.43, 3.48]
['2019-07-03', 3.45, 3.49, 3.18, 3.35]
['2019-07-05', 3.32, 3.49, 3.251, 3.4]
['2019-07-08', 3.4, 3.48, 3.27, 3.27]
['2019-07-09', 3.25, 3.41, 3.15, 3.26]
['2019-07-10', 3.23, 3.43, 3.211, 3.35]
['2019-07-11', 3.32, 3.39, 3.255, 3.33]
['2019-07-12', 3.35, 3.37, 3.22, 3.27]
['2019-07-15', 3.24, 3.334, 3.08, 3.17]
['2019-07-16', 3.14, 3.24, 3.01, 3.06]
['2019-07-17', 3.08, 3.13, 2.9, 3.02]
['2019-07-18', 3.05, 3.134, 2.97, 3.02]
['2019-07-19', 3.03, 3.1, 2.95, 3.03]
['2019-07-22', 3.0, 3.29, 2.91, 2.95]
['2019-07-23', 2.99, 3.02, 2.85, 2.93]
['2019-07-24', 2.91, 2.95, 2.79, 2.87]
['2019-07-25', 2.89, 2.9, 2.8, 2.88]
['2019-07-26', 2.89, 2.99, 2.764, 2.93]
['2019-07-29', 2.93, 3.18, 2.93, 2.97]
['2019-07-30', 3.0, 3.069, 2.876, 2.98]
['2019-07-31', 2.94, 3.1, 2.92, 2.92]
['2019-08-01', 2.92, 2.99, 2.87, 2.91]
['2019-08-02', 2.89, 2.932, 2.8, 2.85]
['2019-08-05', 2.82, 2.85, 2.68, 2.7]
['2019-08-06', 2.84, 2.85, 2.654, 2.7]
['2019-08-07', 2.74, 2.8, 2.65, 2.8]
['2019-08-08', 2.85, 2.89, 2.781, 2.84]
['2019-08-09', 2.84, 2.99, 2.84, 2.9]
['2019-08-12', 2.91, 2.947, 2.781, 2.81]
['2019-08-13', 2.8, 2.9, 2.72, 2.88]
['2019-08-14', 2.85, 2.88, 2.7, 2.7]
['2019-08-15', 2.732, 2.79, 2.66, 2.78]
['2019-08-16', 2.71, 2.79, 2.52, 2.77]
['2019-08-19', 2.77, 2.95, 2.747, 2.93]
['2019-08-20', 2.97, 3.06, 2.85, 2.9]
['2019-08-21', 2.97, 2.98, 2.81, 2.97]
['2019-08-22', 2.76, 2.83, 2.7, 2.72]
['2019-08-23', 2.75, 2.754, 2.6, 2.62]
['2019-08-26', 2.62, 2.66, 2.54, 2.57]
['2019-08-27', 2.57, 2.7, 2.403, 2.5]
['2019-08-28', 2.5, 2.56, 2.41, 2.41]
['2019-08-29', 2.44, 2.7, 2.36, 2.55]
['2019-08-30', 2.57, 2.67, 2.5, 2.54]
['2019-09-03', 2.54, 2.6, 2.45, 2.45]
['2019-09-04', 2.46, 2.48, 2.4, 2.48]
['2019-09-05', 2.66, 2.66, 2.45, 2.5]
['2019-09-06', 2.53, 2.57, 2.47, 2.5]
['2019-09-09', 2.56, 2.56, 2.42, 2.46]
['2019-09-10', 2.48, 2.52, 2.4, 2.45]
['2019-09-11', 2.47, 2.53, 2.4, 2.476]
['2019-09-12', 2.46, 2.52, 2.42, 2.47]
['2019-09-13', 2.51, 2.52, 2.45, 2.52]
['2019-09-16', 2.53, 2.6, 2.47, 2.52]
['2019-09-17', 2.55, 2.65, 2.52, 2.525]
['2019-09-18', 2.52, 2.55, 2.43, 2.48]
['2019-09-19', 2.48, 2.49, 2.4, 2.4]
['2019-09-20', 2.46, 2.47, 2.411, 2.47]
['2019-09-23', 2.44, 2.486, 2.42, 2.44]
['2019-09-24', 2.42, 2.45, 2.24, 2.3]
['2019-09-25', 2.3, 2.306, 2.13, 2.18]
['2019-09-26', 2.15, 3.93, 2.03, 3.27]
['2019-09-27', 3.56, 3.69, 2.65, 2.81]
['2019-09-30', 2.78, 2.95, 2.42, 2.61]
['2019-10-01', 2.59, 2.6, 2.42, 2.45]
['2019-10-02', 2.42, 2.425, 2.26, 2.26]
['2019-10-03', 2.32, 2.49, 2.3, 2.36]
['2019-10-04', 2.34, 2.37, 2.29, 2.35]
['2019-10-07', 2.33, 2.57, 2.31, 2.49]
['2019-10-08', 2.45, 2.48, 2.32, 2.36]
['2019-10-09', 2.38, 2.8, 2.32, 2.59]
['2019-10-10', 2.57, 2.65, 2.41, 2.6]
['2019-10-11', 2.45, 2.55, 2.35, 2.44]
['2019-10-14', 2.44, 2.48, 2.35, 2.35]
['2019-10-15', 2.34, 2.465, 2.27, 2.39]
['2019-10-16', 2.37, 2.547, 2.35, 2.45]
['2019-10-17', 2.48, 2.48, 2.36, 2.41]
['2019-10-18', 2.39, 2.418, 2.3, 2.33]
['2019-10-21', 2.33, 2.45, 2.25, 2.38]
['2019-10-22', 2.34, 2.42, 2.34, 2.4]
['2019-10-23', 2.38, 2.41, 2.35, 2.39]
['2019-10-24', 2.38, 2.4, 2.35, 2.36]
['2019-10-25', 2.36, 2.43, 2.36, 2.42]
['2019-10-28', 2.42, 2.58, 2.39, 2.54]
['2019-10-29', 2.56, 2.61, 2.47, 2.51]
['2019-10-30', 2.5, 2.55, 2.45, 2.47]
['2019-10-31', 2.44, 2.479, 2.33, 2.37]
['2019-11-01', 2.36, 2.44, 2.34, 2.44]
['2019-11-04', 2.44, 2.46, 2.386, 2.42]
['2019-11-05', 2.42, 2.45, 2.341, 2.4]
['2019-11-06', 2.4, 2.4, 2.33, 2.37]
['2019-11-07', 2.37, 2.43, 2.29, 2.4]
['2019-11-08', 2.396, 2.44, 2.37, 2.42]
['2019-11-11', 2.44, 2.44, 2.3, 2.33]
['2019-11-12', 2.33, 2.368, 2.27, 2.35]
['2019-11-13', 2.35, 2.37, 2.29, 2.33]
['2019-11-14', 2.19, 2.65, 2.08, 2.23]
['2019-11-15', 2.12, 2.24, 2.07, 2.18]
['2019-11-18', 2.12, 2.18, 2.0, 2.14]
['2019-11-19', 2.1, 2.1, 2.02, 2.05]
['2019-11-20', 2.02, 2.04, 1.97, 2.0]
['2019-11-21', 2.02, 2.097, 1.99, 2.02]
['2019-11-22', 2.15, 2.15, 2.05, 2.07]
['2019-11-25', 2.06, 2.12, 2.01, 2.06]
['2019-11-26', 2.03, 2.08, 1.96, 1.98]
['2019-11-27', 1.99, 2.09, 1.98, 2.05]
['2019-11-29', 2.06, 2.15, 2.031, 2.115]
['2019-12-02', 2.08, 2.13, 2.08, 2.09]
['2019-12-03', 2.06, 2.25, 2.06, 2.18]
['2019-12-04', 2.18, 2.2, 2.09, 2.13]
['2019-12-05', 2.08, 2.15, 2.05, 2.07]
['2019-12-06', 2.05, 2.12, 2.0, 2.03]
['2019-12-09', 2.06, 2.06, 1.915, 2.0]
['2019-12-10', 1.98, 2.0, 1.88, 1.945]
['2019-12-11', 1.91, 1.95, 1.82, 1.87]
['2019-12-12', 1.87, 1.89, 1.83, 1.85]
['2019-12-13', 1.85, 1.9, 1.8, 1.82]
['2019-12-16', 1.8, 1.85, 1.8, 1.81]
['2019-12-17', 1.82, 2.834, 1.81, 2.28]
['2019-12-18', 2.4, 2.4, 2.1, 2.17]
['2019-12-19', 2.12, 2.23, 2.01, 2.13]
['2019-12-20', 2.21, 2.3, 2.08, 2.12]
['2019-12-23', 2.07, 2.088, 1.99, 2.01]
['2019-12-24', 2.04, 2.04, 1.95, 2.0]
['2019-12-26', 2.0, 2.05, 1.9, 2.05]
['2019-12-27', 2.06, 2.15, 2.0, 2.04]
['2019-12-30', 2.01, 2.04, 1.96, 1.97]
['2019-12-31', 1.97, 2.09, 1.97, 2.05]
['2020-01-02', 2.07, 2.07, 1.97, 1.99]
['2020-01-03', 1.95, 2.04, 1.95, 1.96]
['2020-01-06', 1.95, 1.976, 1.91, 1.92]
['2020-01-07', 1.94, 2.05, 1.94, 1.99]
['2020-01-08', 1.94, 1.99, 1.91, 1.93]
['2020-01-09', 1.92, 1.95, 1.87, 1.9]
['2020-01-10', 1.92, 1.95, 1.876, 1.92]
['2020-01-13', 1.9, 1.94, 1.89, 1.91]
['2020-01-14', 1.97, 2.21, 1.946, 2.15]
['2020-01-15', 2.13, 2.24, 2.05, 2.17]
['2020-01-16', 2.14, 2.19, 2.1, 2.14]
['2020-01-17', 2.11, 2.118, 2.0, 2.09]
['2020-01-21', 2.1, 2.34, 2.08, 2.297]
['2020-01-22', 2.27, 2.27, 2.11, 2.12]
['2020-01-23', 2.12, 2.14, 2.05, 2.09]
['2020-01-24', 2.07, 2.12, 1.93, 2.04]
['2020-01-27', 2.02, 2.029, 1.9, 1.91]
['2020-01-28', 1.93, 2.04, 1.93, 2.02]
['2020-01-29', 2.01, 2.01, 1.93, 1.93]
['2020-01-30', 1.98, 1.98, 1.9, 1.93]
['2020-01-31', 1.92, 1.92, 1.85, 1.875]
['2020-02-03', 1.88, 1.95, 1.88, 1.9]
['2020-02-04', 1.92, 1.92, 1.85, 1.87]
['2020-02-05', 1.87, 1.9, 1.84, 1.85]
['2020-02-06', 1.87, 1.88, 1.83, 1.84]
['2020-02-07', 1.85, 1.86, 1.8, 1.83]
['2020-02-10', 1.81, 1.85, 1.76, 1.78]
['2020-02-11', 1.8, 1.83, 1.76, 1.79]
['2020-02-12', 1.77, 1.791, 1.7, 1.74]
['2020-02-13', 1.72, 1.76, 1.68, 1.69]
['2020-02-14', 1.67, 1.72, 1.66, 1.69]
['2020-02-18', 1.67, 2.04, 1.67, 1.72]
['2020-02-19', 1.72, 1.765, 1.7, 1.7]
['2020-02-20', 1.7, 1.73, 1.66, 1.71]
['2020-02-21', 1.71, 1.71, 1.62, 1.66]
['2020-02-24', 1.62, 1.644, 1.54, 1.56]
['2020-02-25', 1.56, 1.574, 1.41, 1.45]
['2020-02-26', 1.44, 1.78, 1.42, 1.47]
['2020-02-27', 1.42, 1.49, 1.22, 1.38]
['2020-02-28', 1.3, 1.72, 1.3, 1.53]
['2020-03-02', 1.69, 1.73, 1.57, 1.6]
['2020-03-03', 1.53, 1.589, 1.45, 1.48]
['2020-03-04', 1.5, 1.5, 1.45, 1.47]
['2020-03-05', 1.54, 1.54, 1.4, 1.49]
['2020-03-06', 1.41, 1.48, 1.36, 1.37]
['2020-03-09', 1.35, 1.35, 1.22, 1.23]
['2020-03-10', 1.26, 1.3, 1.15, 1.27]
['2020-03-11', 1.24, 1.245, 1.152, 1.174]
['2020-03-12', 1.11, 1.158, 1.0, 1.05]
['2020-03-13', 1.09, 1.1, 1.02, 1.04]
['2020-03-16', 1.1, 1.315, 1.02, 1.05]
['2020-03-17', 1.03, 1.14, 0.95, 0.97]
['2020-03-18', 0.9, 0.954, 0.764, 0.78]
['2020-03-19', 0.8, 0.9, 0.75, 0.841]
['2020-03-20', 0.882, 0.9, 0.67, 0.695]
['2020-03-23', 0.7, 0.7, 0.65, 0.675]
['2020-03-24', 0.68, 0.75, 0.671, 0.684]
['2020-03-25', 0.75, 0.75, 0.684, 0.722]
['2020-03-26', 0.69, 0.883, 0.67, 0.78]
['2020-03-27', 0.77, 0.808, 0.7, 0.73]
['2020-03-30', 0.714, 0.725, 0.686, 0.705]
['2020-03-31', 0.695, 0.705, 0.651, 0.7]
['2020-04-01', 0.694, 0.695, 0.651, 0.679]
['2020-04-02', 0.68, 0.755, 0.62, 0.632]
['2020-04-03', 0.68, 0.68, 0.571, 0.6]
['2020-04-06', 0.617, 0.94, 0.6, 0.605]
['2020-04-07', 0.62, 0.62, 0.58, 0.58]
['2020-04-08', 0.6, 0.6, 0.56, 0.58]
['2020-04-09', 0.587, 0.626, 0.57, 0.625]
['2020-04-13', 0.62, 0.62, 0.58, 0.594]
['2020-04-14', 0.6, 0.769, 0.6, 0.713]
['2020-04-15', 0.77, 0.78, 0.69, 0.69]
['2020-04-16', 0.69, 0.715, 0.601, 0.65]
['2020-04-17', 0.661, 0.661, 0.615, 0.625]
['2020-04-20', 0.659, 0.67, 0.631, 0.634]
['2020-04-21', 0.65, 0.65, 0.565, 0.59]
['2020-04-22', 0.62, 0.623, 0.571, 0.586]
['2020-04-23', 0.59, 0.604, 0.58, 0.595]
['2020-04-24', 0.61, 0.61, 0.55, 0.59]
['2020-04-27', 0.598, 0.65, 0.576, 0.628]
['2020-04-28', 0.65, 0.65, 0.61, 0.625]
['2020-04-29', 0.647, 0.68, 0.625, 0.673]
['2020-04-30', 0.68, 0.8, 0.621, 0.737]
['2020-05-01', 0.73, 0.75, 0.68, 0.726]
['2020-05-04', 0.725, 0.725, 0.682, 0.703]
['2020-05-05', 0.72, 0.73, 0.651, 0.666]
['2020-05-06', 0.673, 0.685, 0.651, 0.685]
['2020-05-07', 0.685, 0.811, 0.685, 0.719]
['2020-05-08', 0.728, 0.746, 0.685, 0.72]
['2020-05-11', 0.74, 0.78, 0.73, 0.75]
['2020-05-12', 0.79, 0.795, 0.7, 0.735]
['2020-05-13', 0.73, 0.73, 0.65, 0.66]
['2020-05-14', 0.651, 0.7, 0.65, 0.669]
['2020-05-15', 0.669, 0.829, 0.651, 0.665]
['2020-05-18', 0.652, 0.689, 0.65, 0.67]
['2020-05-19', 0.688, 0.69, 0.661, 0.67]
['2020-05-20', 0.671, 0.73, 0.671, 0.71]
['2020-05-21', 0.73, 1.4, 0.715, 0.91]
['2020-05-22', 0.847, 0.977, 0.77, 0.9]
['2020-05-26', 0.948, 0.95, 0.9, 0.901]
['2020-05-27', 0.901, 0.91, 0.823, 0.899]
['2020-05-28', 0.874, 0.889, 0.823, 0.823]
['2020-05-29', 0.83, 0.87, 0.8, 0.838]
