['2019-06-20', 15.5, 15.5, 12.05, 13.6]
['2019-06-21', 14.25, 15.18, 12.9, 14.5]
['2019-06-24', 14.63, 16.9, 14.63, 15.71]
['2019-06-25', 15.75, 16.0, 14.3, 15.0]
['2019-06-26', 15.0, 15.22, 14.59, 15.0]
['2019-06-27', 15.21, 15.67, 13.22, 15.0]
['2019-06-28', 15.0, 15.11, 13.0, 13.2]
['2019-07-01', 13.33, 14.0, 11.05, 11.24]
['2019-07-02', 11.47, 12.1, 10.5, 10.62]
['2019-07-03', 10.66, 11.0, 9.83, 10.48]
['2019-07-05', 10.41, 10.88, 10.2, 10.51]
['2019-07-08', 11.29, 11.79, 11.01, 11.24]
['2019-07-09', 11.21, 11.81, 11.05, 11.37]
['2019-07-10', 11.2, 11.85, 11.2, 11.53]
['2019-07-11', 11.5, 12.19, 11.5, 12.13]
['2019-07-12', 12.05, 12.19, 11.4, 11.62]
['2019-07-15', 11.79, 12.45, 11.33, 12.25]
['2019-07-16', 12.6, 12.64, 12.01, 12.27]
['2019-07-17', 12.28, 12.34, 12.06, 12.1]
['2019-07-18', 11.95, 12.0, 11.52, 11.59]
['2019-07-19', 11.53, 11.97, 11.4, 11.64]
['2019-07-22', 11.53, 12.57, 11.5, 12.2]
['2019-07-23', 12.17, 12.59, 11.54, 11.98]
['2019-07-24', 11.83, 12.21, 11.51, 11.54]
['2019-07-25', 11.52, 12.21, 11.34, 11.49]
['2019-07-26', 11.34, 11.61, 11.15, 11.4]
['2019-07-29', 11.34, 11.64, 11.0, 11.37]
['2019-07-30', 11.31, 11.68, 11.07, 11.39]
['2019-07-31', 11.45, 11.94, 11.45, 11.71]
['2019-08-01', 11.61, 11.9, 11.57, 11.67]
['2019-08-02', 11.62, 11.79, 11.16, 11.32]
['2019-08-05', 11.29, 11.43, 10.23, 10.48]
['2019-08-06', 10.47, 11.53, 10.18, 10.5]
['2019-08-07', 10.43, 10.69, 9.56, 9.57]
['2019-08-08', 9.61, 10.05, 7.41, 8.05]
['2019-08-09', 8.0, 9.84, 7.93, 9.7]
['2019-08-12', 9.2, 10.61, 9.11, 9.52]
['2019-08-13', 9.62, 10.43, 8.89, 10.2]
['2019-08-14', 9.99, 10.96, 9.99, 10.36]
['2019-08-15', 10.71, 10.8, 9.58, 10.38]
['2019-08-16', 10.28, 10.9, 10.28, 10.9]
['2019-08-19', 10.92, 11.5, 10.85, 10.92]
['2019-08-20', 10.89, 11.45, 10.76, 11.15]
['2019-08-21', 11.18, 11.88, 11.05, 11.7]
['2019-08-22', 11.74, 11.74, 11.4, 11.57]
['2019-08-23', 11.6, 11.99, 11.6, 11.89]
['2019-08-26', 11.89, 11.89, 11.06, 11.54]
['2019-08-27', 11.64, 12.19, 11.06, 12.0]
['2019-08-28', 11.94, 12.69, 11.1, 11.8]
['2019-08-29', 11.65, 12.35, 10.92, 11.88]
['2019-08-30', 11.94, 11.94, 10.92, 11.32]
['2019-09-03', 11.25, 11.75, 10.6, 10.99]
['2019-09-04', 11.06, 11.38, 10.55, 10.55]
['2019-09-05', 10.62, 11.17, 9.6, 10.12]
['2019-09-06', 10.0, 10.26, 9.37, 10.0]
['2019-09-09', 10.01, 10.04, 8.76, 9.09]
['2019-09-10', 9.1, 9.82, 8.77, 9.42]
['2019-09-11', 9.5, 9.67, 8.89, 9.21]
['2019-09-12', 9.34, 10.81, 9.0, 10.77]
['2019-09-13', 10.77, 11.8, 10.29, 11.7]
['2019-09-16', 11.65, 12.41, 10.91, 12.0]
['2019-09-17', 12.0, 12.22, 11.21, 11.86]
['2019-09-18', 11.92, 13.48, 11.7, 12.14]
['2019-09-19', 12.21, 13.25, 11.77, 12.9]
['2019-09-20', 13.0, 14.04, 13.0, 13.56]
['2019-09-23', 13.7, 15.45, 13.62, 15.21]
['2019-09-24', 15.21, 15.21, 13.63, 14.73]
['2019-09-25', 14.85, 14.85, 12.34, 12.56]
['2019-09-26', 12.54, 12.77, 11.79, 12.32]
['2019-09-27', 12.32, 12.87, 11.16, 11.72]
['2019-09-30', 11.72, 12.5, 11.61, 12.28]
['2019-10-01', 12.31, 13.0, 12.08, 12.32]
['2019-10-02', 12.27, 12.53, 11.25, 11.55]
['2019-10-03', 11.53, 11.82, 11.11, 11.37]
['2019-10-04', 11.32, 11.52, 10.32, 10.41]
['2019-10-07', 10.53, 10.53, 9.75, 10.11]
['2019-10-08', 10.23, 10.52, 9.14, 10.1]
['2019-10-09', 10.12, 10.36, 9.77, 10.14]
['2019-10-10', 10.13, 10.16, 9.15, 9.79]
['2019-10-11', 9.79, 10.43, 9.12, 10.21]
['2019-10-14', 9.84, 10.46, 9.73, 9.89]
['2019-10-15', 9.83, 10.77, 9.38, 10.16]
['2019-10-16', 10.12, 11.65, 10.0, 10.97]
['2019-10-17', 11.01, 11.64, 10.78, 10.91]
['2019-10-18', 10.86, 11.45, 10.4, 10.7]
['2019-10-21', 10.7, 10.99, 10.11, 10.47]
['2019-10-22', 10.6, 11.14, 10.43, 10.68]
['2019-10-23', 10.67, 11.06, 10.39, 10.82]
['2019-10-24', 10.82, 11.1, 10.59, 10.68]
['2019-10-25', 10.94, 11.17, 10.58, 10.94]
['2019-10-28', 10.98, 11.45, 10.6, 10.77]
['2019-10-29', 10.74, 11.65, 10.73, 11.53]
['2019-10-30', 11.47, 11.68, 11.16, 11.52]
['2019-10-31', 11.42, 11.7, 10.82, 11.02]
['2019-11-01', 11.05, 11.4, 10.7, 10.9]
['2019-11-04', 10.88, 10.99, 10.47, 10.59]
['2019-11-05', 10.59, 11.36, 9.91, 11.01]
['2019-11-06', 10.81, 11.27, 10.4, 10.5]
['2019-11-07', 10.5, 11.35, 10.41, 11.18]
['2019-11-08', 10.92, 12.48, 10.9, 12.3]
['2019-11-11', 12.3, 14.95, 12.19, 13.53]
['2019-11-12', 13.57, 14.0, 10.82, 11.07]
['2019-11-13', 11.4, 11.97, 9.67, 9.91]
['2019-11-14', 10.12, 11.23, 10.12, 10.86]
['2019-11-15', 10.94, 10.94, 10.52, 10.62]
['2019-11-18', 10.71, 11.19, 10.21, 11.02]
['2019-11-19', 11.01, 12.77, 11.01, 12.48]
['2019-11-20', 12.41, 13.7, 12.41, 13.47]
['2019-11-21', 13.4, 14.0, 13.09, 13.91]
['2019-11-22', 13.9, 13.9, 12.83, 13.26]
['2019-11-25', 13.51, 13.99, 13.19, 13.81]
['2019-11-26', 13.79, 14.39, 13.42, 13.84]
['2019-11-27', 13.81, 14.39, 13.78, 14.33]
['2019-11-29', 14.1, 14.39, 14.04, 14.39]
['2019-12-02', 14.08, 14.37, 13.82, 14.23]
['2019-12-03', 14.15, 15.17, 13.43, 15.0]
['2019-12-04', 15.03, 15.38, 14.18, 14.39]
['2019-12-05', 14.38, 15.37, 13.92, 14.03]
['2019-12-06', 14.06, 15.75, 13.77, 15.54]
['2019-12-09', 15.37, 16.7, 14.88, 15.32]
['2019-12-10', 15.26, 16.6, 14.73, 15.53]
['2019-12-11', 15.42, 15.62, 15.03, 15.55]
['2019-12-12', 15.34, 15.9, 14.74, 14.91]
['2019-12-13', 14.92, 16.12, 14.92, 16.01]
['2019-12-16', 16.0, 16.45, 14.67, 15.33]
['2019-12-17', 16.86, 18.28, 15.83, 15.86]
['2019-12-18', 15.9, 17.32, 15.52, 16.06]
['2019-12-19', 16.04, 16.99, 15.5, 15.79]
['2019-12-20', 15.83, 16.71, 14.61, 16.07]
['2019-12-23', 16.36, 16.74, 15.92, 16.58]
['2019-12-24', 16.61, 16.61, 15.94, 16.24]
['2019-12-26', 16.5, 17.0, 16.16, 16.36]
['2019-12-27', 16.53, 16.65, 15.36, 15.81]
['2019-12-30', 15.78, 16.35, 15.42, 15.86]
['2019-12-31', 15.8, 16.14, 15.56, 15.83]
['2020-01-02', 15.93, 16.3, 15.65, 16.23]
['2020-01-03', 15.86, 16.0, 15.26, 15.83]
['2020-01-06', 15.71, 16.02, 14.86, 15.56]
['2020-01-07', 15.55, 18.0, 15.55, 17.88]
['2020-01-08', 17.8, 17.8, 16.01, 16.47]
['2020-01-09', 16.58, 17.82, 16.22, 16.98]
['2020-01-10', 16.94, 17.95, 16.66, 17.88]
['2020-01-13', 17.83, 18.05, 17.31, 17.85]
['2020-01-14', 17.85, 18.18, 17.25, 17.64]
['2020-01-15', 17.69, 17.97, 16.67, 17.04]
['2020-01-16', 17.0, 18.08, 16.9, 18.0]
['2020-01-17', 18.08, 18.7, 17.69, 18.53]
['2020-01-21', 18.41, 18.85, 17.99, 18.29]
['2020-01-22', 18.27, 19.24, 18.01, 18.5]
['2020-01-23', 18.49, 18.6, 17.6, 18.09]
['2020-01-24', 18.0, 18.52, 17.74, 18.12]
['2020-01-27', 18.0, 18.29, 17.38, 17.87]
['2020-01-28', 18.31, 18.77, 17.71, 18.22]
['2020-01-29', 18.25, 18.87, 18.0, 18.61]
['2020-01-30', 18.46, 18.75, 18.1, 18.56]
['2020-01-31', 18.6, 19.09, 18.6, 18.9]
['2020-02-03', 18.95, 18.98, 18.36, 18.6]
['2020-02-04', 18.65, 19.2, 18.38, 18.98]
['2020-02-05', 19.0, 19.0, 18.41, 18.48]
['2020-02-06', 18.54, 18.7, 17.68, 18.45]
['2020-02-07', 18.42, 18.61, 18.13, 18.47]
['2020-02-10', 18.45, 18.64, 18.4, 18.49]
['2020-02-11', 18.62, 19.11, 18.41, 18.94]
['2020-02-12', 19.09, 19.25, 18.35, 18.91]
['2020-02-13', 18.92, 19.07, 17.58, 17.75]
['2020-02-14', 17.75, 18.1, 16.61, 17.4]
['2020-02-18', 17.45, 17.68, 16.88, 16.94]
['2020-02-19', 17.74, 17.89, 16.73, 16.91]
['2020-02-20', 16.9, 17.25, 16.64, 17.01]
['2020-02-21', 17.11, 17.11, 16.54, 16.98]
['2020-02-24', 16.64, 16.78, 15.21, 16.01]
['2020-02-25', 15.8, 16.92, 15.66, 16.23]
['2020-02-26', 16.29, 16.46, 15.91, 16.2]
['2020-02-27', 16.11, 16.11, 14.8, 14.98]
['2020-02-28', 14.55, 15.38, 12.1, 12.78]
['2020-03-02', 12.89, 14.77, 12.89, 14.67]
['2020-03-03', 14.75, 15.91, 14.29, 15.7]
['2020-03-04', 16.18, 17.21, 15.6, 16.55]
['2020-03-05', 16.72, 16.84, 15.93, 16.23]
['2020-03-06', 16.04, 16.15, 15.51, 15.85]
['2020-03-09', 14.72, 15.34, 14.4, 14.76]
['2020-03-10', 15.23, 15.34, 12.62, 13.79]
['2020-03-11', 13.63, 13.91, 12.25, 12.54]
['2020-03-12', 11.7, 12.29, 9.02, 11.19]
['2020-03-13', 12.31, 14.8, 11.0, 14.31]
['2020-03-16', 14.0, 14.0, 11.1, 11.19]
['2020-03-17', 11.1, 12.16, 11.0, 11.14]
['2020-03-18', 11.15, 12.4, 10.51, 10.75]
['2020-03-19', 11.01, 12.93, 11.01, 12.35]
['2020-03-20', 12.84, 13.42, 12.02, 12.3]
['2020-03-23', 12.65, 13.34, 11.7, 11.87]
['2020-03-24', 12.42, 12.95, 12.03, 12.26]
['2020-03-25', 12.41, 13.1, 11.22, 11.74]
['2020-03-26', 12.1, 12.33, 11.75, 12.0]
['2020-03-27', 11.9, 12.28, 11.2, 11.72]
['2020-03-30', 11.93, 12.47, 11.27, 11.71]
['2020-03-31', 11.7, 12.48, 11.62, 12.19]
['2020-04-01', 11.96, 12.35, 11.56, 11.56]
['2020-04-02', 11.57, 12.32, 11.5, 12.11]
['2020-04-03', 12.06, 12.6, 11.91, 12.35]
['2020-04-06', 12.68, 13.84, 12.3, 12.67]
['2020-04-07', 12.81, 13.18, 12.14, 12.36]
['2020-04-08', 12.36, 13.85, 12.25, 13.73]
['2020-04-09', 14.98, 15.1, 13.85, 13.97]
['2020-04-13', 14.75, 15.16, 13.0, 13.18]
['2020-04-14', 13.36, 13.94, 13.36, 13.8]
['2020-04-15', 13.49, 14.39, 12.92, 13.3]
['2020-04-16', 13.34, 13.78, 13.06, 13.73]
['2020-04-17', 14.21, 14.3, 13.75, 14.28]
['2020-04-20', 13.92, 15.09, 13.9, 14.26]
['2020-04-21', 14.09, 14.5, 13.89, 14.31]
['2020-04-22', 14.49, 14.64, 13.8, 14.06]
['2020-04-23', 14.22, 15.03, 13.94, 14.19]
['2020-04-24', 14.39, 15.22, 14.32, 15.0]
['2020-04-27', 15.77, 16.0, 15.33, 15.88]
['2020-04-28', 16.0, 16.0, 15.35, 15.4]
['2020-04-29', 15.84, 15.9, 15.32, 15.32]
['2020-04-30', 15.23, 15.26, 13.84, 14.45]
['2020-05-01', 13.79, 14.82, 13.79, 14.77]
['2020-05-04', 14.67, 15.07, 13.88, 15.01]
['2020-05-05', 15.28, 15.9, 15.12, 15.63]
['2020-05-06', 15.72, 16.01, 15.36, 16.0]
['2020-05-07', 16.0, 16.24, 15.64, 15.89]
['2020-05-08', 16.0, 16.11, 15.89, 15.91]
['2020-05-11', 16.0, 17.18, 16.0, 16.99]
['2020-05-12', 17.1, 18.6, 17.1, 17.56]
['2020-05-13', 17.57, 18.14, 15.48, 16.42]
['2020-05-14', 15.93, 16.35, 14.44, 14.75]
['2020-05-15', 14.87, 15.81, 14.59, 14.87]
['2020-05-18', 15.27, 16.24, 15.18, 15.58]
['2020-05-19', 16.07, 17.22, 16.07, 16.46]
['2020-05-20', 16.74, 17.34, 16.28, 16.7]
['2020-05-21', 16.83, 18.2, 16.81, 17.7]
['2020-05-22', 17.8, 18.7, 17.8, 18.2]
