['2017-07-26', 22.25, 23.08, 22.18, 22.28]
['2017-07-27', 22.41, 22.41, 21.94, 21.95]
['2017-07-28', 21.96, 22.56, 21.94, 22.39]
['2017-07-31', 22.55, 22.55, 21.97, 22.26]
['2017-08-01', 22.33, 22.33, 21.96, 22.14]
['2017-08-02', 22.12, 22.14, 21.94, 21.94]
['2017-08-03', 21.94, 22.04, 21.94, 21.99]
['2017-08-04', 21.97, 22.02, 21.94, 21.94]
['2017-08-07', 21.98, 22.04, 21.94, 21.94]
['2017-08-08', 21.94, 22.04, 21.8, 21.86]
['2017-08-09', 21.99, 21.99, 20.93, 21.42]
['2017-08-10', 21.36, 21.36, 20.99, 21.05]
['2017-08-11', 20.99, 21.4, 20.75, 21.21]
['2017-08-14', 21.13, 21.44, 21.13, 21.28]
['2017-08-15', 21.28, 21.33, 20.89, 21.02]
['2017-08-16', 20.87, 20.91, 20.85, 20.9]
['2017-08-17', 20.91, 21.09, 20.85, 20.89]
['2017-08-18', 21.03, 21.4, 21.03, 21.23]
['2017-08-21', 21.23, 21.76, 21.23, 21.52]
['2017-08-22', 21.74, 21.75, 21.37, 21.59]
['2017-08-23', 21.48, 22.04, 21.36, 21.62]
['2017-08-24', 21.76, 21.87, 21.26, 21.7]
['2017-08-25', 21.67, 21.87, 21.5, 21.87]
['2017-08-28', 21.93, 21.93, 21.3, 21.44]
['2017-08-29', 21.38, 21.79, 21.29, 21.63]
['2017-08-30', 21.58, 21.75, 21.41, 21.74]
['2017-08-31', 21.79, 21.79, 21.52, 21.56]
['2017-09-01', 21.49, 21.69, 21.42, 21.69]
['2017-09-05', 21.61, 22.02, 21.61, 22.02]
['2017-09-06', 21.99, 22.18, 21.78, 21.99]
['2017-09-07', 22.04, 22.04, 21.24, 21.24]
['2017-09-08', 21.23, 21.8, 21.23, 21.48]
['2017-09-11', 21.64, 21.64, 21.42, 21.47]
['2017-09-12', 21.51, 21.54, 21.23, 21.26]
['2017-09-13', 21.32, 21.45, 21.12, 21.19]
['2017-09-14', 20.81, 21.35, 20.57, 20.99]
['2017-09-15', 20.9, 21.12, 20.47, 20.53]
['2017-09-18', 20.63, 20.72, 20.28, 20.51]
['2017-09-19', 20.52, 21.02, 20.51, 20.7]
['2017-09-20', 20.71, 21.1, 20.58, 21.01]
['2017-09-21', 21.1, 21.24, 20.89, 21.05]
['2017-09-22', 20.89, 21.28, 20.89, 21.15]
['2017-09-25', 21.15, 21.42, 20.96, 21.26]
['2017-09-26', 20.99, 21.61, 20.89, 21.47]
['2017-09-27', 21.64, 22.11, 21.55, 21.93]
['2017-09-28', 21.69, 21.94, 21.6, 21.93]
['2017-09-29', 21.46, 21.94, 20.84, 21.84]
['2017-10-02', 21.93, 22.12, 21.93, 21.96]
['2017-10-03', 21.96, 21.99, 21.83, 21.93]
['2017-10-04', 21.93, 21.93, 21.61, 21.85]
['2017-10-05', 21.65, 21.93, 21.47, 21.92]
['2017-10-06', 21.72, 21.94, 21.72, 21.94]
['2017-10-09', 21.94, 21.94, 21.83, 21.89]
['2017-10-10', 21.8, 22.06, 21.8, 21.98]
['2017-10-11', 21.97, 22.09, 21.81, 22.08]
['2017-10-12', 21.92, 22.02, 21.81, 21.97]
['2017-10-13', 22.06, 22.18, 21.96, 22.15]
['2017-10-16', 22.11, 22.23, 21.94, 22.18]
['2017-10-17', 22.23, 22.23, 21.95, 22.18]
['2017-10-18', 21.95, 22.18, 21.95, 22.17]
['2017-10-19', 22.17, 22.31, 22.01, 22.3]
['2017-10-20', 22.27, 22.31, 22.02, 22.28]
['2017-10-23', 22.31, 22.43, 22.3, 22.37]
['2017-10-24', 22.33, 22.66, 22.28, 22.56]
['2017-10-25', 22.57, 22.89, 22.57, 22.79]
['2017-10-26', 22.78, 23.37, 22.78, 23.23]
['2017-10-27', 23.23, 23.36, 22.63, 23.18]
['2017-10-30', 23.01, 23.82, 23.01, 23.53]
['2017-10-31', 23.41, 24.24, 23.41, 24.0]
['2017-11-01', 23.7, 23.92, 23.54, 23.76]
['2017-11-02', 23.88, 23.88, 23.55, 23.63]
['2017-11-03', 23.63, 23.63, 22.97, 23.1]
['2017-11-06', 22.84, 23.35, 22.84, 23.3]
['2017-11-07', 23.29, 23.29, 22.64, 22.68]
['2017-11-08', 22.57, 22.64, 22.21, 22.3]
['2017-11-09', 22.22, 22.44, 22.04, 22.39]
['2017-11-10', 22.48, 22.92, 22.42, 22.57]
['2017-11-13', 22.49, 23.12, 22.38, 23.06]
['2017-11-14', 23.07, 23.45, 23.06, 23.36]
['2017-11-15', 23.4, 23.44, 23.07, 23.08]
['2017-11-16', 23.19, 23.34, 23.17, 23.25]
['2017-11-17', 23.21, 23.31, 23.08, 23.21]
['2017-11-20', 23.08, 23.26, 23.04, 23.22]
['2017-11-21', 23.24, 23.29, 23.03, 23.16]
['2017-11-22', 23.16, 23.4, 22.96, 23.05]
['2017-11-24', 23.17, 23.17, 22.97, 23.13]
['2017-11-27', 23.16, 23.8, 23.15, 23.62]
['2017-11-28', 23.72, 24.07, 23.69, 23.93]
['2017-11-29', 23.93, 24.17, 23.93, 24.11]
['2017-11-30', 24.17, 24.3, 23.94, 24.11]
['2017-12-01', 24.05, 24.19, 23.93, 24.18]
['2017-12-04', 24.31, 24.89, 24.31, 24.86]
['2017-12-05', 24.95, 25.08, 24.87, 24.97]
['2017-12-06', 24.98, 25.08, 24.97, 25.03]
['2017-12-07', 25.03, 25.08, 24.81, 25.03]
['2017-12-08', 25.17, 25.18, 24.98, 25.07]
['2017-12-11', 25.05, 25.18, 24.99, 25.15]
['2017-12-12', 25.18, 25.36, 25.18, 25.31]
['2017-12-13', 25.43, 25.54, 25.09, 25.49]
['2017-12-14', 25.55, 25.55, 25.0, 25.33]
['2017-12-15', 25.46, 25.87, 25.3, 25.75]
['2017-12-18', 25.76, 26.1, 25.75, 25.93]
['2017-12-19', 25.98, 26.18, 25.84, 26.02]
['2017-12-20', 26.14, 26.14, 25.66, 26.01]
['2017-12-21', 26.18, 26.27, 25.99, 26.22]
['2017-12-22', 26.25, 26.32, 26.1, 26.19]
['2017-12-26', 26.1, 26.32, 26.04, 26.23]
['2017-12-27', 26.23, 26.3, 26.13, 26.17]
['2017-12-28', 26.23, 26.32, 26.09, 26.32]
['2017-12-29', 26.3, 26.37, 26.18, 26.2]
['2018-01-02', 26.32, 26.32, 25.51, 25.8]
['2018-01-03', 25.83, 26.23, 25.5, 25.96]
['2018-01-04', 26.0, 26.18, 25.66, 26.03]
['2018-01-05', 26.09, 26.09, 25.6, 25.98]
['2018-01-08', 25.94, 25.94, 25.57, 25.77]
['2018-01-09', 25.81, 25.89, 25.46, 25.48]
['2018-01-10', 25.71, 25.77, 25.51, 25.59]
['2018-01-11', 25.66, 25.73, 25.46, 25.7]
['2018-01-12', 25.75, 25.76, 25.48, 25.73]
['2018-01-16', 25.83, 25.89, 25.53, 25.76]
['2018-01-17', 25.84, 25.84, 25.46, 25.75]
['2018-01-18', 25.67, 26.01, 25.49, 25.74]
['2018-01-19', 25.72, 25.85, 25.57, 25.73]
['2018-01-22', 25.64, 25.82, 25.59, 25.82]
['2018-01-23', 25.85, 26.32, 25.81, 26.23]
['2018-01-24', 26.04, 26.04, 25.46, 25.65]
['2018-01-25', 25.83, 26.03, 25.67, 25.72]
['2018-01-26', 25.75, 25.96, 25.58, 25.8]
['2018-01-29', 25.8, 25.93, 25.56, 25.71]
['2018-01-30', 25.67, 25.91, 25.42, 25.88]
['2018-01-31', 25.88, 25.88, 25.62, 25.81]
['2018-02-01', 25.7, 25.7, 25.56, 25.68]
['2018-02-02', 25.59, 25.86, 25.59, 25.73]
['2018-02-05', 25.63, 25.71, 25.2, 25.21]
['2018-02-06', 24.88, 24.96, 24.21, 24.83]
['2018-02-07', 24.96, 25.22, 24.96, 24.96]
['2018-02-08', 24.7, 24.94, 24.47, 24.87]
['2018-02-09', 25.07, 25.07, 23.98, 24.57]
['2018-02-12', 24.7, 24.97, 24.39, 24.96]
['2018-02-13', 24.78, 24.96, 24.72, 24.95]
['2018-02-14', 24.78, 25.49, 24.61, 25.46]
['2018-02-15', 25.5, 25.64, 25.11, 25.37]
['2018-02-16', 25.29, 25.59, 24.99, 25.2]
['2018-02-20', 25.14, 25.35, 25.1, 25.29]
['2018-02-21', 25.08, 25.42, 24.84, 24.89]
['2018-02-22', 24.92, 25.57, 24.92, 25.25]
['2018-02-23', 25.39, 25.39, 24.63, 24.87]
['2018-02-26', 24.93, 25.07, 24.51, 25.01]
['2018-02-27', 24.99, 25.09, 24.63, 24.8]
['2018-02-28', 24.8, 25.04, 24.47, 24.54]
['2018-03-01', 24.51, 24.86, 24.24, 24.52]
['2018-03-02', 24.42, 24.96, 24.3, 24.92]
['2018-03-05', 24.76, 25.44, 24.56, 25.4]
['2018-03-06', 25.4, 25.58, 24.85, 25.35]
['2018-03-07', 25.21, 25.49, 25.16, 25.35]
['2018-03-08', 25.44, 25.44, 25.1, 25.37]
['2018-03-09', 25.4, 25.43, 24.95, 25.37]
['2018-03-12', 25.34, 25.44, 23.94, 24.85]
['2018-03-13', 24.91, 25.37, 24.44, 25.06]
['2018-03-14', 25.12, 25.41, 24.67, 24.92]
['2018-03-15', 25.07, 25.85, 24.92, 25.27]
['2018-03-16', 25.44, 25.92, 25.43, 25.89]
['2018-03-19', 25.59, 25.91, 25.44, 25.52]
['2018-03-20', 25.54, 25.73, 25.41, 25.49]
['2018-03-21', 25.47, 26.4, 25.44, 26.32]
['2018-03-22', 26.05, 26.36, 25.91, 26.18]
['2018-03-23', 26.18, 26.27, 25.39, 25.42]
['2018-03-26', 25.74, 25.81, 25.2, 25.63]
['2018-03-27', 25.66, 26.21, 25.11, 25.14]
['2018-03-28', 25.2, 26.26, 24.96, 25.91]
['2018-03-29', 26.06, 26.06, 25.22, 25.32]
['2018-04-02', 25.3, 26.2, 25.24, 25.99]
['2018-04-03', 26.12, 26.62, 25.92, 26.5]
['2018-04-04', 26.43, 26.84, 26.27, 26.49]
['2018-04-05', 26.65, 26.8, 26.56, 26.7]
['2018-04-06', 26.61, 26.88, 26.44, 26.81]
['2018-04-09', 26.88, 26.88, 26.6, 26.69]
['2018-04-10', 26.88, 27.57, 26.63, 27.08]
['2018-04-11', 27.01, 27.22, 26.64, 26.74]
['2018-04-12', 26.87, 27.34, 26.72, 26.74]
['2018-04-13', 26.87, 27.33, 26.64, 26.69]
['2018-04-16', 26.83, 27.2, 26.64, 26.65]
['2018-04-17', 26.74, 27.08, 26.19, 26.36]
['2018-04-18', 26.31, 26.88, 25.51, 25.92]
['2018-04-19', 25.89, 27.04, 25.89, 26.33]
['2018-04-20', 26.33, 26.96, 26.16, 26.38]
['2018-04-23', 26.69, 26.88, 26.25, 26.44]
['2018-04-24', 26.85, 26.85, 26.17, 26.54]
['2018-04-25', 26.59, 27.08, 26.38, 26.85]
['2018-04-26', 26.79, 27.01, 26.69, 26.82]
['2018-04-27', 26.91, 27.11, 26.68, 26.71]
['2018-04-30', 26.87, 27.5, 26.32, 26.32]
['2018-05-01', 26.3, 26.36, 25.76, 26.23]
['2018-05-02', 26.17, 26.49, 26.03, 26.32]
['2018-05-03', 26.33, 26.65, 26.04, 26.4]
['2018-05-04', 26.32, 26.85, 26.24, 26.38]
['2018-05-07', 26.49, 26.61, 26.12, 26.32]
['2018-05-08', 26.32, 26.51, 26.2, 26.37]
['2018-05-09', 26.24, 26.58, 26.22, 26.28]
['2018-05-10', 26.36, 27.11, 26.09, 26.99]
['2018-05-11', 27.04, 27.22, 26.87, 27.1]
['2018-05-14', 27.11, 27.14, 26.87, 26.96]
['2018-05-15', 26.97, 27.16, 26.89, 27.08]
['2018-05-16', 27.11, 27.36, 26.97, 27.34]
['2018-05-17', 27.32, 27.32, 27.1, 27.19]
['2018-05-18', 27.33, 27.33, 26.83, 27.23]
['2018-05-21', 27.28, 27.75, 27.26, 27.63]
['2018-05-22', 27.66, 28.29, 27.64, 27.79]
['2018-05-23', 27.78, 27.88, 27.69, 27.77]
['2018-05-24', 27.79, 28.42, 27.74, 28.33]
['2018-05-25', 28.16, 28.27, 28.07, 28.25]
['2018-05-29', 28.1, 28.55, 27.9, 28.51]
['2018-05-30', 28.56, 29.36, 28.48, 29.25]
['2018-05-31', 29.23, 29.33, 28.94, 29.27]
['2018-06-01', 29.38, 29.76, 29.27, 29.66]
['2018-06-04', 29.77, 30.34, 29.67, 29.91]
['2018-06-05', 29.96, 30.16, 29.73, 29.8]
['2018-06-06', 29.89, 30.12, 29.88, 29.98]
['2018-06-07', 30.0, 30.23, 29.94, 30.09]
['2018-06-08', 30.17, 30.78, 30.07, 30.54]
['2018-06-11', 30.58, 30.82, 29.92, 30.77]
['2018-06-12', 30.67, 31.54, 30.38, 31.45]
['2018-06-13', 31.41, 31.64, 30.88, 31.25]
['2018-06-14', 31.26, 31.68, 31.04, 31.43]
['2018-06-15', 31.33, 31.82, 31.24, 31.79]
['2018-06-18', 31.72, 31.85, 31.57, 31.79]
['2018-06-19', 31.92, 32.38, 31.6, 31.77]
['2018-06-20', 31.87, 32.25, 31.08, 31.82]
['2018-06-21', 31.39, 32.12, 31.3, 31.71]
['2018-06-22', 31.81, 32.15, 31.27, 31.86]
['2018-06-25', 31.76, 32.21, 31.6, 31.93]
['2018-06-26', 31.93, 32.21, 31.49, 31.69]
['2018-06-27', 31.85, 32.16, 31.22, 31.27]
['2018-06-28', 31.3, 31.56, 31.02, 31.3]
['2018-06-29', 31.49, 31.68, 30.82, 30.94]
['2018-07-02', 30.93, 31.54, 29.96, 31.54]
['2018-07-03', 31.65, 31.76, 30.82, 31.42]
['2018-07-05', 31.52, 31.82, 30.82, 31.67]
['2018-07-06', 31.7, 31.82, 31.43, 31.48]
['2018-07-09', 31.59, 31.87, 31.49, 31.79]
['2018-07-10', 31.79, 31.79, 31.27, 31.3]
['2018-07-11', 31.27, 31.56, 31.01, 31.04]
['2018-07-12', 31.1, 31.35, 30.16, 30.85]
['2018-07-13', 30.77, 31.13, 30.49, 30.72]
['2018-07-16', 30.77, 31.0, 30.62, 30.95]
['2018-07-17', 31.06, 31.29, 30.87, 30.99]
['2018-07-18', 30.97, 31.64, 30.88, 31.25]
['2018-07-19', 31.35, 31.51, 31.06, 31.23]
['2018-07-20', 31.18, 31.51, 31.06, 31.25]
['2018-07-23', 31.28, 31.5, 30.83, 31.33]
['2018-07-24', 31.27, 31.27, 29.73, 30.07]
['2018-07-25', 30.13, 30.27, 29.45, 29.71]
['2018-07-26', 29.79, 30.35, 29.73, 30.31]
['2018-07-27', 30.28, 30.28, 29.28, 29.9]
['2018-07-30', 29.98, 30.37, 29.48, 29.84]
['2018-07-31', 30.0, 30.2, 29.03, 29.14]
['2018-08-01', 28.88, 29.39, 28.52, 29.16]
['2018-08-02', 29.15, 29.7, 29.15, 29.56]
['2018-08-03', 29.15, 29.44, 28.57, 28.89]
['2018-08-06', 28.84, 29.04, 28.57, 28.87]
['2018-08-07', 28.85, 29.22, 28.72, 28.89]
['2018-08-08', 28.87, 29.21, 28.62, 29.05]
['2018-08-09', 29.13, 29.22, 28.94, 29.11]
['2018-08-10', 29.12, 29.22, 28.46, 28.57]
['2018-08-13', 28.64, 28.81, 28.03, 28.61]
['2018-08-14', 28.7, 28.96, 28.11, 28.61]
['2018-08-15', 28.57, 29.1, 28.2, 28.38]
['2018-08-16', 28.48, 28.94, 28.02, 28.5]
['2018-08-17', 28.49, 28.81, 27.39, 28.37]
['2018-08-20', 28.45, 28.45, 27.17, 27.99]
['2018-08-21', 27.24, 28.51, 27.24, 27.87]
['2018-08-22', 27.77, 28.37, 27.7, 27.92]
['2018-08-23', 27.92, 27.92, 27.6, 27.71]
['2018-08-24', 27.74, 27.93, 27.4, 27.73]
['2018-08-27', 27.61, 27.78, 27.47, 27.6]
['2018-08-28', 27.58, 27.58, 27.29, 27.33]
['2018-08-29', 27.39, 27.82, 27.33, 27.7]
['2018-08-30', 27.77, 27.82, 27.44, 27.51]
['2018-08-31', 27.5, 27.82, 27.45, 27.68]
['2018-09-04', 27.72, 27.72, 27.44, 27.63]
['2018-09-05', 27.63, 27.69, 27.49, 27.55]
['2018-09-06', 27.44, 27.72, 27.44, 27.6]
['2018-09-07', 27.6, 27.68, 27.24, 27.33]
['2018-09-10', 27.4, 27.97, 27.35, 27.55]
['2018-09-11', 27.52, 28.3, 27.51, 28.21]
['2018-09-12', 27.97, 27.97, 27.11, 27.24]
['2018-09-13', 27.24, 27.59, 27.17, 27.37]
['2018-09-14', 27.41, 27.96, 27.31, 27.68]
['2018-09-17', 27.68, 29.12, 27.48, 28.75]
['2018-09-18', 28.88, 29.25, 27.46, 27.52]
['2018-09-19', 27.51, 27.72, 27.48, 27.69]
['2018-09-20', 27.72, 28.21, 27.46, 27.72]
['2018-09-21', 27.72, 27.97, 26.61, 26.61]
['2018-09-24', 26.85, 27.0, 25.39, 25.74]
['2018-09-25', 25.67, 25.73, 25.19, 25.21]
['2018-09-26', 25.2, 25.38, 24.76, 24.82]
['2018-09-27', 24.92, 25.11, 24.25, 24.32]
['2018-09-28', 24.25, 24.57, 23.7, 23.75]
['2018-10-01', 24.06, 24.16, 23.55, 23.88]
['2018-10-02', 23.93, 24.24, 23.15, 23.38]
['2018-10-03', 23.47, 23.88, 23.41, 23.79]
['2018-10-04', 23.79, 24.29, 23.71, 24.28]
['2018-10-05', 24.32, 24.36, 23.65, 23.7]
['2018-10-08', 23.7, 23.93, 23.28, 23.78]
['2018-10-09', 23.72, 24.05, 23.62, 23.92]
['2018-10-10', 23.91, 24.19, 23.58, 23.86]
['2018-10-11', 23.81, 24.31, 23.2, 23.29]
['2018-10-12', 23.43, 23.69, 22.38, 22.59]
['2018-10-15', 22.56, 22.8, 22.06, 22.4]
['2018-10-16', 22.5, 22.83, 22.13, 22.64]
['2018-10-17', 22.56, 22.8, 22.31, 22.56]
['2018-10-18', 22.54, 22.6, 21.82, 22.32]
['2018-10-19', 22.18, 22.44, 21.81, 22.3]
['2018-10-22', 22.3, 22.3, 21.17, 21.79]
['2018-10-23', 20.75, 21.33, 20.22, 20.55]
['2018-10-24', 20.44, 20.44, 18.84, 19.1]
['2018-10-25', 19.18, 19.9, 19.18, 19.64]
['2018-10-26', 19.44, 20.22, 19.39, 19.99]
['2018-10-29', 20.18, 20.83, 19.87, 20.42]
['2018-10-30', 20.42, 20.73, 20.18, 20.65]
['2018-10-31', 20.84, 20.96, 20.5, 20.92]
['2018-11-01', 20.96, 21.5, 20.54, 20.76]
['2018-11-02', 20.85, 21.48, 20.61, 20.78]
['2018-11-05', 20.75, 21.16, 20.55, 20.94]
['2018-11-06', 20.93, 21.24, 20.64, 20.95]
['2018-11-07', 21.11, 21.3, 20.77, 21.19]
['2018-11-08', 21.08, 21.89, 20.96, 21.24]
['2018-11-09', 21.21, 21.77, 21.2, 21.2]
['2018-11-12', 21.15, 21.61, 21.15, 21.26]
['2018-11-13', 21.24, 21.68, 20.98, 21.23]
['2018-11-14', 21.13, 21.47, 20.8, 20.98]
['2018-11-15', 20.85, 21.38, 20.85, 21.3]
['2018-11-16', 21.17, 21.4, 20.95, 21.16]
['2018-11-19', 21.07, 21.52, 20.96, 21.08]
['2018-11-20', 20.9, 21.15, 20.6, 20.92]
['2018-11-21', 21.04, 21.29, 20.44, 21.01]
['2018-11-23', 20.9, 20.98, 20.76, 20.91]
['2018-11-26', 21.03, 21.22, 20.68, 21.0]
['2018-11-27', 20.95, 21.2, 20.95, 21.09]
['2018-11-28', 20.99, 21.66, 20.83, 21.45]
['2018-11-29', 21.38, 21.86, 21.34, 21.66]
['2018-11-30', 21.55, 21.81, 20.71, 21.07]
['2018-12-03', 21.28, 21.38, 20.64, 21.26]
['2018-12-04', 21.01, 21.12, 19.87, 19.9]
['2018-12-06', 19.94, 20.86, 19.82, 20.86]
['2018-12-07', 20.68, 21.22, 20.42, 20.9]
['2018-12-10', 20.79, 21.03, 19.95, 20.15]
['2018-12-11', 20.22, 20.22, 19.54, 19.85]
['2018-12-12', 19.93, 20.46, 19.39, 20.35]
['2018-12-13', 20.23, 20.36, 19.42, 19.69]
['2018-12-14', 19.58, 19.95, 19.25, 19.26]
['2018-12-17', 19.24, 20.13, 18.75, 18.86]
['2018-12-18', 18.93, 19.0, 18.53, 18.54]
['2018-12-19', 18.56, 18.56, 17.57, 17.67]
['2018-12-20', 17.74, 17.79, 17.26, 17.48]
['2018-12-21', 17.49, 17.49, 16.74, 16.88]
['2018-12-24', 16.8, 17.07, 16.51, 16.6]
['2018-12-26', 16.88, 17.11, 16.7, 16.87]
['2018-12-27', 16.69, 17.06, 16.56, 16.72]
['2018-12-28', 16.86, 17.4, 16.86, 17.17]
['2018-12-31', 17.37, 17.37, 16.91, 17.03]
['2019-01-02', 16.85, 18.03, 16.85, 17.53]
['2019-01-03', 17.4, 17.85, 16.96, 17.48]
['2019-01-04', 17.66, 18.37, 17.45, 17.89]
['2019-01-07', 17.68, 18.21, 17.66, 17.89]
['2019-01-08', 17.91, 18.14, 17.9, 17.98]
['2019-01-09', 17.95, 18.24, 17.71, 17.84]
['2019-01-10', 17.93, 18.17, 17.44, 17.46]
['2019-01-11', 17.25, 17.82, 17.25, 17.56]
['2019-01-14', 17.67, 18.18, 17.44, 17.72]
['2019-01-15', 17.73, 17.92, 17.47, 17.53]
['2019-01-16', 17.54, 18.02, 17.52, 17.85]
['2019-01-17', 17.92, 18.13, 17.52, 17.65]
['2019-01-18', 17.65, 18.01, 17.52, 17.66]
['2019-01-22', 17.54, 18.36, 17.38, 17.39]
['2019-01-23', 17.58, 17.91, 17.45, 17.82]
['2019-01-24', 17.8, 17.95, 17.45, 17.63]
['2019-01-25', 17.89, 18.22, 17.61, 18.15]
['2019-01-28', 18.04, 18.37, 17.94, 18.23]
['2019-01-29', 18.09, 18.65, 18.02, 18.27]
['2019-01-30', 18.19, 18.5, 17.92, 18.23]
['2019-01-31', 18.26, 18.32, 17.71, 18.08]
['2019-02-01', 18.21, 18.75, 18.21, 18.69]
['2019-02-04', 18.8, 19.06, 18.77, 18.8]
['2019-02-05', 19.0, 19.0, 18.32, 18.75]
['2019-02-06', 18.69, 18.96, 18.49, 18.56]
['2019-02-07', 18.71, 19.08, 18.52, 18.99]
['2019-02-08', 18.87, 19.05, 18.64, 18.95]
['2019-02-11', 19.01, 19.36, 18.72, 19.24]
['2019-02-12', 19.28, 19.49, 19.28, 19.41]
['2019-02-13', 19.41, 19.49, 19.38, 19.46]
['2019-02-14', 19.4, 19.9, 19.26, 19.39]
['2019-02-15', 19.55, 20.07, 19.55, 19.94]
['2019-02-19', 19.95, 21.23, 19.95, 21.23]
['2019-02-20', 21.23, 21.43, 21.18, 21.34]
['2019-02-21', 21.34, 21.44, 20.98, 21.39]
['2019-02-22', 21.21, 21.54, 21.01, 21.45]
['2019-02-25', 21.53, 22.0, 21.53, 21.93]
['2019-02-26', 21.93, 22.37, 21.82, 21.93]
['2019-02-27', 21.93, 22.1, 21.59, 21.64]
['2019-02-28', 21.64, 21.69, 21.03, 21.1]
['2019-03-01', 21.3, 21.62, 21.08, 21.62]
['2019-03-04', 21.55, 21.62, 21.2, 21.59]
['2019-03-05', 21.66, 21.66, 21.1, 21.49]
['2019-03-06', 21.62, 21.62, 20.95, 20.95]
['2019-03-07', 21.3, 21.3, 20.15, 20.18]
['2019-03-08', 20.09, 20.47, 20.0, 20.09]
['2019-03-11', 20.38, 20.48, 19.87, 20.24]
['2019-03-12', 20.25, 20.54, 20.15, 20.41]
['2019-03-13', 20.95, 20.95, 20.22, 20.45]
['2019-03-14', 20.12, 20.38, 20.12, 20.38]
['2019-03-15', 20.33, 20.52, 20.32, 20.52]
['2019-03-18', 20.59, 20.9, 20.51, 20.88]
['2019-03-19', 20.64, 20.77, 19.32, 19.36]
['2019-03-20', 19.17, 19.59, 18.64, 18.74]
['2019-03-21', 18.7, 19.08, 18.42, 18.65]
['2019-03-22', 18.5, 18.5, 17.54, 17.6]
['2019-03-25', 17.7, 18.0, 17.54, 17.88]
['2019-03-26', 17.97, 18.51, 17.93, 18.51]
['2019-03-27', 18.39, 18.67, 18.11, 18.39]
['2019-03-28', 18.38, 18.51, 18.16, 18.5]
['2019-03-29', 18.62, 18.75, 18.21, 18.32]
['2019-04-01', 18.5, 18.85, 18.47, 18.77]
['2019-04-02', 18.77, 18.84, 18.42, 18.51]
['2019-04-03', 18.71, 18.88, 18.51, 18.52]
['2019-04-04', 18.56, 18.92, 18.48, 18.73]
['2019-04-05', 18.52, 18.74, 18.44, 18.6]
['2019-04-08', 18.59, 18.84, 18.35, 18.6]
['2019-04-09', 18.34, 18.72, 18.05, 18.1]
['2019-04-10', 18.19, 18.42, 17.9, 18.02]
['2019-04-11', 18.74, 19.2, 17.93, 18.9]
['2019-04-12', 19.05, 19.33, 18.82, 19.01]
['2019-04-15', 18.66, 19.36, 18.38, 18.63]
['2019-04-16', 18.81, 19.59, 18.81, 19.24]
['2019-04-17', 19.16, 19.34, 18.84, 19.11]
['2019-04-18', 19.09, 19.39, 18.76, 19.04]
['2019-04-22', 19.03, 19.03, 18.52, 18.69]
['2019-04-23', 18.07, 19.09, 18.03, 18.42]
['2019-04-24', 17.93, 18.31, 17.66, 18.14]
['2019-04-25', 17.91, 18.23, 17.75, 17.89]
['2019-04-26', 17.89, 18.37, 17.88, 18.27]
['2019-04-29', 18.29, 18.69, 18.29, 18.59]
['2019-04-30', 18.58, 18.97, 18.43, 18.87]
['2019-05-01', 18.96, 19.59, 18.77, 19.35]
['2019-05-02', 19.33, 19.72, 19.33, 19.48]
['2019-05-03', 19.52, 20.21, 19.52, 20.21]
['2019-05-06', 19.11, 19.92, 19.11, 19.46]
['2019-05-07', 19.29, 19.29, 18.94, 19.18]
['2019-05-08', 19.44, 19.88, 19.13, 19.27]
['2019-05-09', 19.14, 19.39, 19.04, 19.26]
['2019-05-10', 19.25, 19.79, 19.05, 19.77]
['2019-05-13', 19.35, 19.91, 18.57, 18.66]
['2019-05-14', 18.73, 19.1, 18.57, 19.0]
['2019-05-15', 18.77, 19.38, 18.7, 19.2]
['2019-05-16', 19.24, 19.53, 18.99, 19.23]
['2019-05-17', 19.03, 19.56, 18.59, 18.9]
['2019-05-20', 18.73, 19.55, 18.62, 19.22]
['2019-05-21', 19.28, 19.57, 19.2, 19.44]
['2019-05-22', 19.37, 19.46, 19.01, 19.2]
['2019-05-23', 18.94, 19.14, 18.6, 18.67]
['2019-05-24', 18.82, 19.35, 18.78, 19.06]
['2019-05-28', 19.01, 19.58, 18.44, 18.56]
['2019-05-29', 18.33, 18.93, 18.26, 18.71]
['2019-05-30', 19.0, 19.03, 18.17, 18.68]
['2019-05-31', 18.39, 18.5, 18.12, 18.13]
['2019-06-03', 18.21, 18.85, 18.12, 18.78]
['2019-06-04', 19.02, 19.35, 18.8, 19.35]
['2019-06-05', 19.27, 19.34, 18.46, 18.83]
['2019-06-06', 18.83, 18.83, 18.24, 18.29]
['2019-06-07', 18.33, 18.77, 18.33, 18.69]
['2019-06-10', 18.83, 19.31, 18.79, 18.92]
['2019-06-11', 19.03, 19.16, 18.81, 19.14]
['2019-06-12', 19.11, 19.13, 18.8, 19.01]
['2019-06-13', 19.06, 19.35, 18.74, 18.8]
['2019-06-14', 18.8, 19.29, 18.57, 19.18]
['2019-06-17', 19.08, 19.28, 18.56, 18.68]
['2019-06-18', 18.71, 19.2, 18.71, 19.03]
['2019-06-19', 19.06, 19.35, 19.0, 19.23]
['2019-06-20', 19.25, 19.3, 19.0, 19.19]
['2019-06-21', 19.06, 19.3, 18.63, 18.83]
['2019-06-24', 18.94, 19.08, 18.67, 18.81]
['2019-06-25', 18.95, 19.31, 18.83, 19.31]
['2019-06-26', 19.14, 19.55, 19.07, 19.07]
['2019-06-27', 19.16, 19.59, 19.16, 19.48]
['2019-06-28', 19.35, 19.48, 18.1, 18.95]
['2019-07-01', 19.14, 19.17, 18.44, 18.57]
['2019-07-02', 18.56, 19.03, 18.55, 18.79]
['2019-07-03', 18.86, 18.99, 18.7, 18.96]
['2019-07-05', 18.93, 19.2, 18.93, 19.1]
['2019-07-08', 18.99, 19.18, 18.99, 19.12]
['2019-07-09', 19.45, 19.45, 18.76, 19.08]
['2019-07-10', 19.07, 19.19, 18.9, 18.9]
['2019-07-11', 18.91, 18.91, 18.72, 18.76]
['2019-07-12', 18.75, 18.95, 18.75, 18.84]
['2019-07-15', 18.8, 18.9, 18.63, 18.9]
['2019-07-16', 18.91, 19.19, 18.91, 19.02]
['2019-07-17', 18.93, 18.93, 18.71, 18.77]
['2019-07-18', 18.69, 19.07, 18.69, 19.01]
['2019-07-19', 18.83, 19.17, 18.83, 19.0]
['2019-07-22', 19.05, 19.07, 18.73, 18.85]
['2019-07-23', 18.82, 18.82, 18.44, 18.52]
['2019-07-24', 18.37, 18.75, 18.27, 18.69]
['2019-07-25', 18.62, 18.8, 18.57, 18.61]
['2019-07-26', 18.57, 19.45, 18.57, 19.39]
['2019-07-29', 19.29, 19.78, 19.29, 19.45]
['2019-07-30', 19.38, 20.04, 19.34, 19.73]
['2019-07-31', 19.67, 20.06, 19.67, 19.79]
['2019-08-01', 19.83, 19.9, 18.55, 18.55]
['2019-08-02', 18.49, 18.61, 18.02, 18.33]
['2019-08-05', 18.24, 18.24, 17.41, 17.88]
['2019-08-06', 17.86, 18.06, 17.52, 17.99]
['2019-08-07', 17.72, 17.97, 17.55, 17.66]
['2019-08-08', 17.77, 18.61, 17.77, 18.21]
['2019-08-09', 18.24, 18.3, 17.89, 17.89]
['2019-08-12', 17.78, 18.07, 17.78, 18.03]
['2019-08-13', 18.55, 18.64, 18.3, 18.34]
['2019-08-14', 18.0, 18.06, 17.75, 17.75]
['2019-08-15', 17.87, 17.93, 17.72, 17.8]
['2019-08-16', 17.92, 18.56, 17.92, 18.2]
['2019-08-19', 18.53, 18.55, 18.39, 18.44]
['2019-08-20', 18.38, 18.38, 18.15, 18.22]
['2019-08-21', 18.17, 18.25, 18.09, 18.1]
['2019-08-22', 18.22, 18.35, 18.01, 18.11]
['2019-08-23', 18.03, 18.03, 17.55, 17.56]
['2019-08-26', 17.71, 18.22, 17.7, 18.11]
['2019-08-27', 18.29, 18.29, 17.58, 17.71]
['2019-08-28', 17.73, 18.23, 17.73, 18.1]
['2019-08-29', 18.26, 18.47, 18.14, 18.2]
['2019-08-30', 18.29, 18.31, 18.01, 18.15]
['2019-09-03', 18.0, 18.3, 17.86, 17.93]
['2019-09-04', 18.11, 18.22, 17.8, 18.1]
['2019-09-05', 18.38, 18.97, 18.11, 18.61]
['2019-09-06', 18.7, 18.74, 18.18, 18.22]
['2019-09-09', 18.39, 19.19, 18.25, 19.18]
['2019-09-10', 19.18, 19.78, 19.18, 19.6]
['2019-09-11', 19.78, 19.84, 19.61, 19.77]
['2019-09-12', 19.88, 19.89, 19.63, 19.71]
['2019-09-13', 19.83, 20.02, 19.8, 19.83]
['2019-09-16', 19.59, 20.12, 19.59, 19.98]
['2019-09-17', 19.89, 20.05, 19.67, 19.95]
['2019-09-18', 20.0, 20.02, 19.76, 19.97]
['2019-09-19', 19.99, 20.06, 19.65, 19.68]
['2019-09-20', 19.6, 19.94, 19.27, 19.31]
['2019-09-23', 19.5, 19.75, 19.25, 19.69]
['2019-09-24', 19.69, 19.75, 19.22, 19.48]
['2019-09-25', 19.7, 19.8, 19.3, 19.71]
['2019-09-26', 19.65, 19.65, 19.39, 19.41]
['2019-09-27', 19.56, 19.64, 19.33, 19.51]
['2019-09-30', 19.67, 19.74, 19.38, 19.39]
['2019-10-01', 19.48, 19.61, 18.88, 18.96]
['2019-10-02', 18.88, 19.23, 18.88, 19.19]
['2019-10-03', 19.13, 19.13, 18.54, 19.04]
['2019-10-04', 19.08, 19.25, 19.06, 19.15]
['2019-10-07', 19.01, 19.31, 19.01, 19.16]
['2019-10-08', 18.97, 19.14, 18.64, 19.02]
['2019-10-09', 19.16, 19.41, 19.01, 19.06]
['2019-10-10', 19.0, 19.2, 18.96, 19.02]
['2019-10-11', 19.2, 19.5, 19.2, 19.28]
['2019-10-14', 19.14, 19.42, 19.09, 19.17]
['2019-10-15', 19.17, 19.52, 19.17, 19.43]
['2019-10-16', 19.4, 19.63, 19.34, 19.35]
['2019-10-17', 19.53, 19.59, 19.25, 19.48]
['2019-10-18', 19.36, 19.69, 19.36, 19.57]
['2019-10-21', 19.69, 19.82, 19.59, 19.68]
['2019-10-22', 19.68, 19.99, 19.54, 19.88]
['2019-10-23', 19.99, 20.9, 19.93, 20.78]
['2019-10-24', 20.74, 20.83, 20.19, 20.3]
['2019-10-25', 20.26, 20.65, 20.23, 20.28]
['2019-10-28', 20.29, 20.55, 20.29, 20.4]
['2019-10-29', 20.41, 20.53, 20.2, 20.29]
['2019-10-30', 20.28, 20.31, 20.03, 20.19]
['2019-10-31', 20.14, 20.21, 19.68, 19.93]
['2019-11-01', 20.04, 20.24, 19.96, 20.11]
['2019-11-04', 20.33, 20.63, 20.24, 20.42]
['2019-11-05', 20.33, 20.6, 20.24, 20.32]
['2019-11-06', 20.3, 20.38, 20.09, 20.27]
['2019-11-07', 20.38, 20.68, 20.38, 20.43]
['2019-11-08', 20.43, 20.71, 20.4, 20.53]
['2019-11-11', 20.42, 20.55, 20.27, 20.37]
['2019-11-12', 20.4, 20.43, 20.13, 20.14]
['2019-11-13', 19.99, 20.2, 19.9, 20.04]
['2019-11-14', 19.96, 20.12, 19.85, 19.87]
['2019-11-15', 19.98, 20.15, 19.64, 19.81]
['2019-11-18', 19.75, 19.78, 19.42, 19.75]
['2019-11-19', 19.78, 20.1, 19.74, 19.99]
['2019-11-20', 19.93, 20.08, 19.68, 19.75]
['2019-11-21', 19.79, 19.86, 19.52, 19.68]
['2019-11-22', 19.74, 19.77, 19.51, 19.73]
['2019-11-25', 19.77, 20.14, 19.71, 19.98]
['2019-11-26', 20.05, 20.13, 19.8, 19.9]
['2019-11-27', 19.95, 20.19, 19.91, 20.1]
['2019-11-29', 20.05, 20.05, 19.76, 19.81]
['2019-12-02', 20.05, 20.05, 19.74, 19.88]
['2019-12-03', 19.75, 19.89, 19.58, 19.8]
['2019-12-04', 19.9, 20.09, 19.75, 19.89]
['2019-12-05', 20.11, 20.11, 19.87, 20.07]
['2019-12-06', 20.14, 20.35, 20.06, 20.21]
['2019-12-09', 20.21, 20.29, 20.02, 20.12]
['2019-12-10', 20.09, 20.2, 19.98, 20.2]
['2019-12-11', 20.18, 20.28, 19.96, 20.21]
['2019-12-12', 20.19, 20.68, 20.19, 20.61]
['2019-12-13', 20.54, 20.78, 20.45, 20.74]
['2019-12-16', 20.78, 21.03, 20.53, 20.8]
['2019-12-17', 20.93, 21.25, 20.81, 20.92]
['2019-12-18', 21.09, 21.19, 20.95, 21.06]
['2019-12-19', 21.05, 21.2, 20.99, 21.15]
['2019-12-20', 21.27, 21.67, 20.97, 21.56]
['2019-12-23', 21.51, 21.51, 20.85, 21.27]
['2019-12-24', 21.31, 21.33, 21.08, 21.22]
['2019-12-26', 21.13, 21.38, 20.57, 20.85]
['2019-12-27', 20.86, 20.96, 20.62, 20.96]
['2019-12-30', 20.86, 21.06, 20.78, 21.04]
['2019-12-31', 21.04, 21.04, 20.89, 20.95]
['2020-01-02', 21.02, 21.12, 20.57, 20.76]
['2020-01-03', 20.53, 20.68, 20.32, 20.44]
['2020-01-06', 20.28, 20.59, 20.17, 20.41]
['2020-01-07', 20.26, 20.43, 20.02, 20.41]
['2020-01-08', 20.36, 20.6, 20.25, 20.39]
['2020-01-09', 20.44, 20.45, 20.13, 20.2]
['2020-01-10', 20.15, 20.64, 20.1, 20.29]
['2020-01-13', 20.23, 21.04, 20.23, 20.64]
['2020-01-14', 20.6, 20.65, 20.45, 20.48]
['2020-01-15', 20.37, 20.51, 20.2, 20.44]
['2020-01-16', 20.38, 20.76, 20.38, 20.62]
['2020-01-17', 20.79, 20.79, 20.45, 20.49]
['2020-01-21', 20.3, 20.43, 20.18, 20.25]
['2020-01-22', 20.32, 20.38, 20.17, 20.33]
['2020-01-23', 20.23, 20.38, 19.8, 20.09]
['2020-01-24', 19.83, 20.07, 19.73, 19.89]
['2020-01-27', 19.7, 20.0, 19.68, 19.77]
['2020-01-28', 20.24, 20.24, 19.49, 20.04]
['2020-01-29', 19.94, 19.94, 19.52, 19.56]
['2020-01-30', 19.51, 20.02, 19.49, 19.9]
['2020-01-31', 19.78, 19.94, 19.3, 19.47]
['2020-02-03', 19.58, 19.75, 19.4, 19.4]
['2020-02-04', 19.37, 19.68, 19.25, 19.6]
['2020-02-05', 19.78, 20.2, 19.78, 20.11]
['2020-02-06', 20.15, 20.15, 19.91, 20.03]
['2020-02-07', 19.87, 20.01, 19.68, 19.82]
['2020-02-10', 19.88, 20.01, 19.88, 19.89]
['2020-02-11', 20.07, 20.22, 19.87, 19.93]
['2020-02-12', 20.09, 20.1, 19.93, 19.98]
['2020-02-13', 19.92, 20.28, 19.92, 20.2]
['2020-02-14', 20.26, 20.26, 19.89, 19.89]
['2020-02-18', 19.76, 19.84, 19.54, 19.55]
['2020-02-19', 19.4, 19.98, 19.4, 19.62]
['2020-02-20', 19.49, 19.84, 19.49, 19.75]
['2020-02-21', 19.86, 19.87, 19.63, 19.66]
['2020-02-24', 19.41, 19.52, 19.08, 19.3]
['2020-02-25', 19.22, 19.22, 18.32, 18.39]
['2020-02-26', 18.59, 18.61, 18.05, 18.25]
['2020-02-27', 18.04, 18.42, 16.93, 17.14]
['2020-02-28', 16.63, 17.42, 16.46, 16.79]
['2020-03-02', 16.86, 17.42, 16.64, 17.31]
['2020-03-03', 17.3, 17.68, 16.6, 16.7]
['2020-03-04', 16.96, 17.63, 16.65, 17.49]
['2020-03-05', 17.15, 17.15, 16.43, 16.82]
['2020-03-06', 16.9, 17.03, 15.44, 15.62]
['2020-03-09', 14.58, 15.1, 13.1, 13.63]
['2020-03-10', 14.5, 14.5, 13.16, 14.03]
['2020-03-11', 13.55, 14.4, 13.14, 13.39]
['2020-03-12', 12.69, 13.43, 12.32, 12.57]
['2020-03-13', 13.14, 13.93, 12.73, 13.93]
['2020-03-16', 12.94, 13.67, 12.27, 12.33]
['2020-03-17', 12.78, 14.42, 12.46, 13.9]
['2020-03-18', 13.38, 13.82, 12.24, 12.36]
['2020-03-19', 12.39, 13.43, 12.19, 13.19]
['2020-03-20', 13.15, 13.33, 11.96, 12.37]
['2020-03-23', 12.47, 12.79, 11.79, 12.12]
['2020-03-24', 12.64, 12.9, 12.28, 12.85]
['2020-03-25', 12.81, 13.78, 12.28, 13.41]
['2020-03-26', 13.42, 14.98, 13.38, 14.94]
['2020-03-27', 14.46, 14.88, 13.63, 13.77]
['2020-03-30', 13.88, 14.43, 13.34, 14.12]
['2020-03-31', 14.01, 14.13, 12.9, 13.66]
['2020-04-01', 12.99, 13.23, 12.69, 12.69]
['2020-04-02', 12.67, 13.32, 12.36, 12.86]
['2020-04-03', 12.72, 13.46, 12.22, 12.57]
['2020-04-06', 13.14, 13.43, 12.84, 13.39]
['2020-04-07', 13.67, 14.04, 12.94, 13.16]
['2020-04-08', 13.41, 13.77, 13.1, 13.5]
['2020-04-09', 13.96, 14.79, 13.67, 14.68]
['2020-04-13', 14.55, 14.55, 13.63, 13.79]
['2020-04-14', 14.44, 14.45, 13.31, 13.52]
['2020-04-15', 12.83, 13.48, 12.31, 12.44]
['2020-04-16', 12.41, 12.58, 12.06, 12.43]
['2020-04-17', 12.78, 13.65, 12.73, 13.38]
['2020-04-20', 12.9, 13.52, 12.82, 13.12]
['2020-04-21', 12.79, 12.79, 11.63, 12.12]
['2020-04-22', 12.32, 12.32, 11.83, 11.88]
['2020-04-23', 11.48, 12.12, 11.12, 11.63]
['2020-04-24', 11.63, 11.84, 11.39, 11.62]
['2020-04-27', 11.81, 12.44, 11.81, 12.23]
['2020-04-28', 12.75, 13.01, 12.26, 12.83]
['2020-04-29', 13.34, 14.25, 13.12, 14.0]
['2020-04-30', 13.69, 13.82, 12.79, 12.92]
['2020-05-01', 12.48, 12.96, 12.01, 12.9]
['2020-05-04', 12.77, 12.87, 12.14, 12.51]
['2020-05-05', 12.88, 13.01, 12.2, 12.2]
['2020-05-06', 12.35, 12.37, 11.95, 12.02]
['2020-05-07', 12.32, 12.56, 12.08, 12.31]
['2020-05-08', 12.68, 13.07, 12.55, 12.97]
['2020-05-11', 12.67, 12.67, 12.06, 12.15]
['2020-05-12', 12.19, 12.19, 11.5, 11.53]
['2020-05-13', 11.46, 11.54, 11.0, 11.25]
['2020-05-14', 11.04, 11.44, 10.61, 11.3]
['2020-05-15', 11.33, 11.51, 11.05, 11.46]
['2020-05-18', 12.06, 12.49, 11.95, 12.45]
['2020-05-19', 12.27, 12.58, 11.68, 11.69]
['2020-05-20', 12.02, 12.55, 12.0, 12.5]
['2020-05-21', 12.48, 12.59, 12.2, 12.32]
['2020-05-22', 12.4, 12.55, 12.11, 12.5]
