['2019-10-04', 14.66, 14.82, 13.61, 13.81]
['2019-10-07', 13.71, 13.94, 13.54, 13.88]
['2019-10-08', 13.64, 13.75, 13.4, 13.55]
['2019-10-09', 13.49, 13.63, 13.31, 13.44]
['2019-10-10', 13.44, 13.62, 13.4, 13.47]
['2019-10-11', 13.65, 13.83, 13.62, 13.63]
['2019-10-14', 13.56, 13.66, 13.36, 13.45]
['2019-10-15', 13.49, 13.63, 13.47, 13.52]
['2019-10-16', 13.55, 13.65, 13.41, 13.47]
['2019-10-17', 13.54, 13.71, 13.43, 13.67]
['2019-10-18', 13.61, 14.13, 13.51, 14.05]
['2019-10-21', 14.16, 14.29, 14.1, 14.18]
['2019-10-22', 14.22, 14.26, 13.97, 14.09]
['2019-10-23', 14.13, 14.27, 14.13, 14.22]
['2019-10-24', 14.27, 14.31, 14.05, 14.28]
['2019-10-25', 14.27, 14.35, 14.13, 14.2]
['2019-10-28', 14.28, 14.48, 14.28, 14.29]
['2019-10-29', 14.3, 14.47, 14.29, 14.44]
['2019-10-30', 14.43, 14.52, 14.27, 14.47]
['2019-10-31', 14.46, 14.51, 14.19, 14.32]
['2019-11-01', 14.35, 14.56, 14.27, 14.51]
['2019-11-04', 14.61, 14.69, 14.41, 14.61]
['2019-11-05', 14.56, 14.84, 14.49, 14.67]
['2019-11-06', 14.56, 14.63, 14.45, 14.54]
['2019-11-07', 14.47, 14.7, 14.47, 14.55]
['2019-11-08', 14.54, 14.81, 14.44, 14.65]
['2019-11-11', 14.49, 14.7, 14.49, 14.67]
['2019-11-12', 14.69, 14.92, 14.68, 14.8]
['2019-11-13', 14.73, 14.88, 14.62, 14.83]
['2019-11-14', 14.88, 14.95, 14.72, 14.78]
['2019-11-15', 14.85, 14.94, 14.73, 14.91]
['2019-11-18', 14.9, 14.93, 14.71, 14.82]
['2019-11-19', 14.86, 15.12, 14.78, 14.78]
['2019-11-20', 14.69, 14.94, 14.69, 14.81]
['2019-11-21', 14.86, 14.86, 14.68, 14.73]
['2019-11-22', 14.84, 14.97, 14.68, 14.8]
['2019-11-25', 14.79, 15.19, 14.72, 15.15]
['2019-11-26', 15.13, 15.3, 15.03, 15.23]
['2019-11-27', 15.24, 15.34, 15.11, 15.23]
['2019-11-29', 15.18, 15.32, 15.18, 15.24]
['2020-02-27', 12.4, 12.62, 12.18, 12.25]
['2020-04-02', 9.1, 11.46, 9.09, 10.06]
['2020-04-03', 10.57, 10.57, 9.51, 9.61]
['2020-04-06', 9.97, 10.03, 9.15, 9.45]
['2020-04-07', 10.12, 10.93, 10.07, 10.16]
['2020-04-08', 10.45, 10.45, 10.05, 10.16]
['2020-04-09', 10.4, 10.8, 10.14, 10.71]
['2020-04-13', 10.6, 11.3, 10.21, 10.34]
['2020-04-14', 10.7, 10.82, 10.06, 10.16]
['2020-04-15', 10.08, 10.18, 9.49, 9.91]
['2020-04-16', 10.04, 10.44, 9.44, 9.67]
['2020-04-17', 9.96, 10.36, 9.73, 10.08]
['2020-04-20', 9.8, 10.42, 9.76, 10.32]
['2020-04-21', 10.09, 10.27, 9.82, 10.02]
['2020-04-22', 10.22, 10.3, 9.64, 10.11]
['2020-04-23', 10.09, 10.47, 10.09, 10.26]
['2020-04-24', 10.25, 10.57, 9.85, 9.94]
['2020-04-27', 10.16, 10.34, 10.14, 10.26]
['2020-04-28', 10.49, 10.78, 10.45, 10.55]
['2020-04-29', 10.7, 11.14, 10.62, 10.86]
['2020-04-30', 10.59, 10.91, 10.44, 10.74]
['2020-05-01', 10.54, 10.69, 10.24, 10.65]
['2020-05-04', 10.56, 10.6, 10.13, 10.28]
['2020-05-05', 10.26, 10.77, 10.26, 10.37]
['2020-05-06', 10.45, 10.56, 9.94, 10.0]
['2020-05-07', 10.18, 10.41, 10.11, 10.23]
['2020-05-08', 10.51, 10.79, 10.4, 10.74]
['2020-05-11', 10.83, 10.83, 10.32, 10.4]
['2020-05-12', 10.4, 10.54, 9.84, 9.91]
['2020-05-13', 9.88, 9.9, 9.6, 9.64]
['2020-05-14', 9.5, 10.02, 9.46, 9.93]
['2020-05-15', 9.96, 10.49, 9.91, 10.11]
['2020-05-18', 10.5, 11.07, 10.49, 10.87]
['2020-05-19', 10.77, 10.8, 10.32, 10.33]
['2020-05-20', 10.48, 10.91, 10.47, 10.82]
['2020-05-21', 10.77, 10.85, 10.47, 10.58]
['2020-05-22', 10.63, 10.81, 10.36, 10.52]
['2020-05-26', 10.92, 11.34, 10.9, 11.26]
['2020-05-27', 11.47, 11.78, 11.31, 11.7]
['2020-05-28', 11.86, 11.86, 11.33, 11.44]
['2020-05-29', 11.26, 11.26, 10.81, 10.99]
