['2016-03-31', 9.95, 9.95, 9.95, 9.95]
['2016-04-01', 9.95, 9.95, 9.95, 9.95]
['2016-04-05', 9.95, 9.95, 9.95, 9.95]
['2016-04-06', 9.95, 9.95, 9.95, 9.95]
['2016-04-07', 9.95, 9.95, 9.95, 9.95]
['2016-04-08', 9.95, 9.95, 9.95, 9.95]
['2016-04-11', 9.95, 9.95, 9.95, 9.95]
['2016-04-12', 9.95, 9.95, 9.95, 9.95]
['2016-04-13', 9.95, 9.95, 9.95, 9.95]
['2016-04-14', 9.95, 9.95, 9.95, 9.95]
['2016-04-15', 9.95, 9.95, 9.95, 9.95]
['2016-04-18', 9.95, 9.95, 9.95, 9.95]
['2016-04-19', 9.95, 9.95, 9.95, 9.95]
['2016-04-20', 9.95, 9.95, 9.95, 9.95]
['2016-04-21', 9.95, 9.95, 9.95, 9.95]
['2016-04-22', 9.95, 9.95, 9.95, 9.95]
['2016-04-25', 9.95, 9.95, 9.95, 9.95]
['2016-04-26', 9.95, 9.95, 9.95, 9.95]
['2016-04-27', 9.95, 9.95, 9.95, 9.95]
['2016-04-28', 9.95, 9.95, 9.95, 9.95]
['2016-04-29', 10.15, 10.15, 9.93, 9.93]
['2016-05-02', 9.95, 9.95, 9.95, 9.95]
['2016-05-03', 9.93, 9.93, 9.92, 9.92]
['2016-05-04', 9.92, 9.92, 9.92, 9.92]
['2016-05-05', 9.92, 9.92, 9.92, 9.92]
['2016-05-06', 9.95, 9.97, 9.93, 9.93]
['2016-05-09', 9.95, 9.95, 9.95, 9.95]
['2016-05-10', 9.95, 9.95, 9.95, 9.95]
['2016-05-11', 9.95, 9.95, 9.95, 9.95]
['2016-05-12', 9.95, 9.95, 9.95, 9.95]
['2016-05-13', 9.98, 9.98, 9.98, 9.98]
['2016-05-16', 9.98, 9.98, 9.98, 9.98]
['2016-05-17', 9.9, 9.9, 9.9, 9.9]
['2016-05-18', 9.9, 9.9, 9.9, 9.9]
['2016-05-19', 9.9, 9.9, 9.9, 9.9]
['2016-05-20', 9.9, 9.9, 9.9, 9.9]
['2016-05-23', 9.9, 9.9, 9.9, 9.9]
['2016-05-24', 9.9, 9.9, 9.9, 9.9]
['2016-05-25', 9.9, 9.9, 9.9, 9.9]
['2016-05-26', 9.9, 9.9, 9.9, 9.9]
['2016-05-27', 9.9, 9.9, 9.9, 9.9]
['2016-05-31', 9.9, 9.9, 9.9, 9.9]
['2016-06-01', 9.9, 9.9, 9.9, 9.9]
['2016-06-02', 9.9, 9.9, 9.9, 9.9]
['2016-06-03', 9.9, 9.9, 9.9, 9.9]
['2016-06-06', 9.9, 9.9, 9.9, 9.9]
['2016-06-07', 9.9, 9.9, 9.9, 9.9]
['2016-06-08', 9.9, 9.9, 9.9, 9.9]
['2016-06-09', 9.9, 9.9, 9.9, 9.9]
['2016-06-10', 9.9, 9.9, 9.9, 9.9]
['2016-06-13', 9.9, 9.9, 9.9, 9.9]
['2016-06-14', 9.9, 9.9, 9.9, 9.9]
['2016-06-15', 9.9, 9.9, 9.9, 9.9]
['2016-06-16', 9.9, 9.9, 9.9, 9.9]
['2016-06-17', 9.9, 9.9, 9.9, 9.9]
['2016-06-20', 9.9, 9.9, 9.9, 9.9]
['2016-06-21', 9.9, 9.9, 9.9, 9.9]
['2016-06-22', 9.92, 9.94, 9.92, 9.94]
['2016-06-23', 9.94, 9.94, 9.94, 9.94]
['2016-06-24', 9.94, 9.94, 9.94, 9.94]
['2016-06-27', 9.94, 9.94, 9.94, 9.94]
['2016-06-28', 9.98, 9.98, 9.98, 9.98]
['2016-06-29', 9.98, 10.05, 9.95, 10.05]
['2016-06-30', 9.98, 10.01, 9.98, 10.0]
['2016-07-01', 10.0, 10.0, 10.0, 10.0]
['2016-07-05', 10.0, 10.0, 10.0, 10.0]
['2016-07-06', 10.0, 10.0, 10.0, 10.0]
['2016-07-07', 10.0, 10.0, 10.0, 10.0]
['2016-07-08', 10.0, 10.0, 10.0, 10.0]
['2016-07-11', 10.0, 10.0, 10.0, 10.0]
['2016-07-12', 10.0, 10.0, 10.0, 10.0]
['2016-07-13', 10.055, 10.055, 10.0, 10.05]
['2016-07-14', 10.1, 10.1, 10.05, 10.05]
['2016-07-15', 9.964, 9.964, 9.964, 9.964]
['2016-07-18', 9.96, 9.96, 9.96, 9.96]
['2016-07-19', 9.957, 9.957, 9.957, 9.957]
['2016-07-20', 9.957, 9.957, 9.957, 9.957]
['2016-07-21', 9.95, 9.95, 9.91, 9.91]
['2016-07-22', 9.91, 9.91, 9.91, 9.91]
['2016-07-25', 9.91, 9.91, 9.91, 9.91]
['2016-07-26', 9.91, 9.91, 9.91, 9.91]
['2016-07-27', 9.91, 9.91, 9.91, 9.91]
['2016-07-28', 9.91, 9.91, 9.91, 9.91]
['2016-07-29', 10.1, 10.1, 10.1, 10.1]
['2016-08-01', 10.1, 10.1, 10.1, 10.1]
['2016-08-02', 10.1, 10.1, 10.1, 10.1]
['2016-08-03', 10.1, 10.1, 10.1, 10.1]
['2016-08-04', 10.1, 10.1, 10.1, 10.1]
['2016-08-05', 10.1, 10.1, 10.1, 10.1]
['2016-08-08', 10.1, 10.1, 10.1, 10.1]
['2016-08-09', 10.1, 10.1, 10.1, 10.1]
['2016-08-10', 10.1, 10.1, 10.1, 10.1]
['2016-08-11', 10.1, 10.1, 10.1, 10.1]
['2016-08-12', 10.1, 10.1, 10.1, 10.1]
['2016-08-15', 10.09, 10.1, 10.05, 10.09]
['2016-08-16', 10.029, 10.13, 10.029, 10.1]
['2016-08-17', 10.1, 10.1, 10.1, 10.1]
['2016-08-18', 10.1, 10.1, 10.079, 10.1]
['2016-08-19', 10.1, 10.1, 10.1, 10.1]
['2016-08-22', 10.12, 10.12, 10.05, 10.12]
['2016-08-23', 10.05, 10.06, 10.05, 10.05]
['2016-08-24', 10.05, 10.05, 10.05, 10.05]
['2016-08-25', 10.12, 10.15, 10.12, 10.12]
['2016-08-26', 10.05, 10.09, 10.05, 10.09]
['2016-08-29', 10.05, 10.05, 10.03, 10.03]
['2016-08-30', 10.05, 10.05, 10.05, 10.05]
['2016-08-31', 10.05, 10.05, 10.05, 10.05]
['2016-09-01', 10.0, 10.0, 10.0, 10.0]
['2016-09-02', 10.0, 10.0, 10.0, 10.0]
['2016-09-06', 10.02, 10.02, 10.02, 10.02]
['2016-09-07', 10.04, 10.04, 10.04, 10.04]
['2016-09-08', 10.04, 10.04, 10.04, 10.04]
['2016-09-09', 10.08, 10.08, 10.08, 10.08]
['2016-09-12', 10.08, 10.08, 10.08, 10.08]
['2016-09-13', 10.08, 10.08, 10.08, 10.08]
['2016-09-14', 10.08, 10.08, 10.08, 10.08]
['2016-09-15', 10.08, 10.08, 10.08, 10.08]
['2016-09-16', 10.03, 10.09, 10.03, 10.09]
['2016-09-19', 10.09, 10.09, 10.09, 10.09]
['2016-09-20', 10.09, 10.09, 10.09, 10.09]
['2016-09-21', 10.04, 10.04, 10.04, 10.04]
['2016-09-22', 10.08, 10.08, 10.08, 10.08]
['2016-09-23', 10.086, 10.09, 10.086, 10.09]
['2016-09-26', 10.09, 10.09, 10.09, 10.09]
['2016-09-27', 10.1, 10.1, 10.1, 10.1]
['2016-09-28', 10.112, 10.12, 10.11, 10.11]
['2016-09-29', 10.1, 10.123, 10.1, 10.121]
['2016-09-30', 10.12, 10.12, 10.12, 10.12]
['2016-10-03', 10.11, 10.11, 10.1, 10.1]
['2016-10-04', 10.1, 10.134, 10.1, 10.121]
['2016-10-05', 10.11, 10.11, 10.1, 10.11]
['2016-10-06', 10.11, 10.11, 10.11, 10.11]
['2016-10-07', 10.11, 10.12, 10.11, 10.12]
['2016-10-10', 10.11, 10.11, 10.11, 10.11]
['2016-10-11', 10.11, 10.11, 10.11, 10.11]
['2016-10-12', 10.11, 10.11, 10.11, 10.11]
['2016-10-13', 10.11, 10.11, 10.11, 10.11]
['2016-10-14', 10.11, 10.11, 10.11, 10.11]
['2016-10-17', 10.11, 10.11, 10.1, 10.1]
['2016-10-18', 10.1, 10.1, 10.1, 10.1]
['2016-10-19', 10.1, 10.1, 10.1, 10.1]
['2016-10-20', 10.1, 10.1, 10.1, 10.1]
['2016-10-21', 10.1, 10.1, 10.1, 10.1]
['2016-10-24', 10.1, 10.1, 10.1, 10.1]
['2016-10-25', 10.1, 10.1, 10.1, 10.1]
['2016-10-26', 10.11, 10.11, 10.11, 10.11]
['2016-10-27', 10.11, 10.11, 10.11, 10.11]
['2016-10-28', 10.11, 10.11, 10.11, 10.11]
['2016-10-31', 10.1, 10.13, 10.1, 10.13]
['2016-11-01', 10.13, 10.13, 10.13, 10.13]
['2016-11-02', 10.13, 10.13, 10.13, 10.13]
['2016-11-03', 10.15, 10.15, 10.15, 10.15]
['2016-11-04', 10.15, 10.15, 10.15, 10.15]
['2016-11-07', 10.15, 10.15, 10.15, 10.15]
['2016-11-08', 10.15, 10.15, 10.143, 10.15]
['2016-11-09', 10.15, 10.15, 10.15, 10.15]
['2016-11-10', 10.15, 10.15, 10.15, 10.15]
['2016-11-11', 10.15, 10.15, 10.15, 10.15]
['2016-11-14', 10.15, 10.15, 10.15, 10.15]
['2016-11-15', 10.15, 10.15, 10.15, 10.15]
['2016-11-16', 10.1, 10.12, 10.1, 10.12]
['2016-11-17', 10.12, 10.12, 10.12, 10.12]
['2016-11-18', 10.12, 10.12, 10.12, 10.12]
['2016-11-21', 10.138, 10.15, 10.124, 10.15]
['2016-11-22', 10.15, 10.15, 10.15, 10.15]
['2016-11-23', 10.15, 10.15, 10.15, 10.15]
['2016-11-25', 10.14, 10.14, 10.14, 10.14]
['2016-11-28', 10.1, 10.15, 10.1, 10.15]
['2016-11-29', 10.15, 10.15, 10.15, 10.15]
['2016-11-30', 10.16, 10.16, 10.15, 10.15]
['2016-12-01', 10.15, 10.15, 10.15, 10.15]
['2016-12-02', 10.1, 10.1, 10.1, 10.1]
['2016-12-05', 10.1, 10.1, 10.1, 10.1]
['2016-12-06', 10.15, 10.155, 10.15, 10.15]
['2016-12-07', 10.175, 10.175, 10.175, 10.175]
['2016-12-08', 10.175, 10.175, 10.175, 10.175]
['2016-12-09', 10.175, 10.175, 10.175, 10.175]
['2016-12-12', 10.175, 10.175, 10.175, 10.175]
['2016-12-13', 10.175, 10.175, 10.175, 10.175]
['2016-12-14', 10.175, 10.175, 10.175, 10.175]
['2016-12-15', 10.16, 10.16, 10.16, 10.16]
['2016-12-16', 10.15, 10.15, 10.15, 10.15]
['2016-12-19', 10.15, 10.15, 10.15, 10.15]
['2016-12-20', 10.22, 10.5, 10.1, 10.37]
['2016-12-21', 10.4, 10.4, 10.3, 10.38]
['2016-12-22', 10.35, 10.38, 10.35, 10.37]
['2016-12-23', 10.35, 10.38, 10.35, 10.365]
['2016-12-27', 10.344, 10.38, 10.34, 10.38]
['2016-12-28', 10.368, 10.38, 10.35, 10.38]
['2016-12-29', 10.365, 10.38, 10.363, 10.38]
['2016-12-30', 10.38, 10.38, 10.35, 10.38]
['2017-01-03', 10.38, 10.38, 10.25, 10.35]
['2017-01-04', 10.35, 10.39, 10.199, 10.39]
['2017-01-05', 10.32, 10.39, 10.32, 10.39]
['2017-01-06', 10.37, 10.39, 10.37, 10.38]
['2017-01-09', 10.39, 10.4, 10.375, 10.39]
['2017-01-10', 10.39, 10.39, 10.38, 10.38]
['2017-01-11', 10.39, 10.4, 10.385, 10.4]
['2017-01-12', 10.384, 10.4, 10.384, 10.4]
['2017-01-13', 10.38, 10.39, 10.38, 10.39]
['2017-01-17', 10.39, 10.44, 10.39, 10.42]
['2017-01-18', 10.4, 10.41, 10.4, 10.41]
['2017-01-19', 10.4, 10.4, 10.37, 10.4]
['2017-01-20', 10.4, 10.4, 10.4, 10.4]
['2017-01-23', 10.318, 10.4, 10.318, 10.4]
['2017-01-24', 10.39, 10.41, 10.39, 10.41]
['2017-01-25', 10.41, 10.41, 10.39, 10.4]
['2017-01-26', 10.4, 10.43, 10.383, 10.43]
['2017-01-27', 10.426, 10.46, 10.42, 10.45]
['2017-01-30', 10.45, 10.45, 10.45, 10.45]
['2017-01-31', 10.45, 10.45, 10.41, 10.45]
['2017-02-01', 10.45, 10.65, 10.45, 10.5]
['2017-02-02', 10.5, 10.5, 10.5, 10.5]
['2017-02-03', 10.401, 10.49, 10.4, 10.41]
['2017-02-06', 10.41, 10.45, 10.31, 10.44]
['2017-02-07', 10.36, 10.41, 10.305, 10.35]
['2017-02-08', 10.35, 10.4, 10.35, 10.4]
['2017-02-09', 10.39, 10.39, 10.327, 10.39]
['2017-02-10', 10.4, 10.4, 10.32, 10.38]
['2017-02-13', 10.38, 10.4, 10.38, 10.4]
['2017-02-14', 10.4, 10.4, 10.383, 10.39]
['2017-02-15', 10.4, 10.4, 10.4, 10.4]
['2017-02-16', 10.4, 10.41, 10.4, 10.4]
['2017-02-17', 10.4, 10.41, 10.375, 10.4]
['2017-02-21', 10.4, 10.4, 10.4, 10.4]
['2017-02-22', 10.4, 10.4, 10.4, 10.4]
['2017-02-23', 10.4, 10.4, 10.4, 10.4]
['2017-02-24', 10.3, 10.4, 10.3, 10.4]
['2017-02-27', 10.31, 10.4, 10.31, 10.4]
['2017-02-28', 10.39, 10.44, 10.35, 10.44]
['2017-03-01', 10.44, 10.44, 10.44, 10.44]
['2017-03-02', 10.276, 10.4, 10.185, 10.331]
['2017-03-03', 10.331, 10.331, 10.331, 10.331]
['2017-03-06', 10.252, 10.369, 10.252, 10.369]
['2017-03-07', 10.37, 10.4, 10.35, 10.4]
['2017-03-08', 10.4, 10.4, 10.35, 10.35]
['2017-03-09', 10.35, 10.37, 10.32, 10.32]
['2017-03-10', 10.38, 10.38, 10.38, 10.38]
['2017-03-13', 10.38, 10.38, 10.38, 10.38]
['2017-03-14', 10.36, 10.36, 10.29, 10.34]
['2017-03-15', 10.25, 10.38, 10.25, 10.38]
['2017-03-16', 10.296, 10.39, 10.296, 10.39]
['2017-03-17', 10.38, 10.38, 10.38, 10.38]
['2017-03-20', 10.28, 10.37, 10.28, 10.37]
['2017-03-21', 10.26, 10.3, 10.25, 10.27]
['2017-03-22', 10.27, 10.27, 10.27, 10.27]
['2017-03-23', 10.36, 10.38, 10.36, 10.38]
['2017-03-24', 10.35, 10.35, 10.32, 10.32]
['2017-03-27', 10.3, 10.3, 10.3, 10.3]
['2017-03-28', 10.3, 10.379, 10.26, 10.26]
['2017-03-29', 10.26, 10.26, 10.26, 10.26]
['2017-03-30', 10.32, 10.32, 10.25, 10.27]
['2017-03-31', 10.35, 10.35, 10.328, 10.328]
['2017-04-03', 10.27, 10.27, 10.27, 10.27]
['2017-04-04', 10.29, 10.34, 10.29, 10.34]
['2017-04-05', 10.34, 10.35, 10.27, 10.27]
['2017-04-06', 10.27, 10.4, 10.27, 10.39]
['2017-04-07', 10.391, 10.41, 10.35, 10.39]
['2017-04-10', 10.4, 10.4, 10.28, 10.32]
['2017-04-11', 10.257, 10.39, 10.257, 10.31]
['2017-04-12', 10.359, 10.368, 10.359, 10.368]
['2017-04-13', 10.3, 10.3, 10.3, 10.3]
['2017-04-17', 10.25, 10.28, 10.25, 10.25]
['2017-04-18', 10.24, 10.3, 10.18, 10.19]
['2017-04-19', 10.23, 10.42, 10.19, 10.42]
['2017-04-20', 10.135, 10.42, 10.135, 10.42]
['2017-04-21', 10.41, 10.41, 10.39, 10.4]
['2017-04-24', 10.4, 10.5, 10.38, 10.411]
['2017-04-25', 10.5, 11.69, 10.42, 10.549]
['2017-04-26', 10.55, 10.6, 10.54, 10.6]
['2017-04-27', 10.464, 10.464, 10.464, 10.464]
['2017-04-28', 10.45, 10.5, 9.98, 10.35]
['2017-05-01', 10.39, 10.39, 10.355, 10.36]
['2017-05-02', 10.32, 10.32, 10.034, 10.04]
['2017-05-03', 9.81, 10.06, 9.81, 10.06]
['2017-05-04', 9.8, 9.8, 9.22, 9.69]
['2017-05-05', 9.27, 9.68, 8.25, 8.25]
['2017-05-08', 9.46, 9.49, 8.99, 8.99]
['2017-05-09', 9.28, 9.28, 9.0, 9.02]
['2017-05-10', 9.01, 9.29, 9.01, 9.19]
['2017-05-11', 9.2, 9.2, 8.86, 8.94]
['2017-05-12', 9.24, 9.24, 8.65, 9.13]
['2017-05-15', 8.912, 9.2, 8.78, 8.88]
['2017-05-16', 9.196, 9.41, 9.05, 9.12]
['2017-05-17', 9.12, 9.12, 9.1, 9.1]
['2017-05-18', 9.08, 9.08, 8.82, 9.08]
['2017-05-19', 9.0, 9.08, 8.515, 9.07]
['2017-05-22', 9.16, 9.4, 9.15, 9.3]
['2017-05-23', 9.38, 9.41, 9.105, 9.18]
['2017-05-24', 9.3, 9.3, 9.15, 9.15]
['2017-05-25', 9.181, 9.41, 9.1, 9.25]
['2017-05-26', 9.26, 9.875, 9.25, 9.29]
['2017-05-30', 9.15, 9.15, 9.11, 9.12]
['2017-05-31', 9.07, 9.08, 9.07, 9.08]
['2017-06-01', 9.0, 9.0, 8.51, 8.51]
['2017-06-02', 9.19, 9.19, 8.5, 8.9]
['2017-06-05', 9.2, 9.2, 8.85, 8.9]
['2017-06-06', 9.19, 9.19, 8.9, 8.95]
['2017-06-07', 9.04, 9.04, 7.802, 8.04]
['2017-06-08', 7.95, 8.73, 7.92, 7.97]
['2017-06-09', 8.039, 8.19, 7.85, 8.19]
['2017-06-12', 8.05, 8.92, 7.94, 8.03]
['2017-06-13', 8.1, 8.799, 8.1, 8.47]
['2017-06-14', 8.31, 8.69, 8.31, 8.59]
['2017-06-15', 8.5, 8.8, 8.3, 8.7]
['2017-06-16', 8.5, 8.75, 8.35, 8.58]
['2017-06-19', 8.41, 8.6, 8.29, 8.6]
['2017-06-20', 8.5, 8.65, 8.36, 8.65]
['2017-06-21', 8.58, 8.84, 8.35, 8.57]
['2017-06-22', 8.79, 8.8, 8.426, 8.49]
['2017-06-23', 8.8, 8.8, 8.01, 8.4]
['2017-06-26', 8.5, 8.5, 8.17, 8.395]
['2017-06-27', 8.47, 8.5, 8.055, 8.46]
['2017-06-28', 8.25, 8.49, 8.25, 8.42]
['2017-06-29', 8.407, 8.46, 8.33, 8.39]
['2017-06-30', 8.36, 8.4, 8.3, 8.34]
['2017-07-03', 8.45, 8.48, 8.09, 8.48]
['2017-07-05', 8.31, 8.5, 8.302, 8.45]
['2017-07-06', 8.17, 8.45, 8.11, 8.2]
['2017-07-07', 8.38, 8.4, 8.23, 8.33]
['2017-07-10', 8.18, 8.48, 8.11, 8.34]
['2017-07-11', 8.31, 8.391, 8.07, 8.23]
['2017-07-12', 8.3, 8.3, 8.13, 8.13]
['2017-07-13', 8.399, 8.4, 8.16, 8.25]
['2017-07-14', 8.27, 8.27, 7.99, 8.07]
['2017-07-17', 7.87, 8.18, 7.56, 8.14]
['2017-07-18', 8.31, 8.31, 7.842, 8.0]
['2017-07-19', 8.08, 8.081, 7.94, 7.95]
['2017-07-20', 8.011, 8.011, 7.87, 7.96]
['2017-07-21', 8.0, 8.075, 7.77, 7.91]
['2017-07-24', 7.95, 8.05, 7.82, 7.93]
['2017-07-25', 8.03, 8.03, 7.93, 7.99]
['2017-07-26', 8.065, 8.065, 7.9, 7.9]
['2017-07-27', 7.857, 7.87, 7.82, 7.87]
['2017-07-28', 7.763, 7.763, 7.76, 7.76]
['2017-07-31', 7.5, 7.89, 7.311, 7.72]
['2017-08-01', 8.0, 8.12, 7.3, 7.52]
['2017-08-02', 7.515, 7.515, 7.1, 7.25]
['2017-08-03', 7.3, 7.433, 6.646, 7.02]
['2017-08-04', 6.8, 6.83, 6.66, 6.66]
['2017-08-07', 6.34, 6.65, 5.741, 6.41]
['2017-08-08', 6.5, 7.0, 6.18, 6.49]
['2017-08-09', 6.336, 6.39, 6.25, 6.26]
['2017-08-10', 6.615, 6.615, 6.18, 6.2]
['2017-08-11', 5.78, 6.2, 5.78, 5.94]
['2017-08-14', 5.99, 6.01, 5.91, 5.96]
['2017-08-15', 5.9, 5.9, 5.62, 5.84]
['2017-08-16', 6.3, 6.53, 6.0, 6.25]
['2017-08-17', 6.06, 6.6, 6.02, 6.03]
['2017-08-18', 6.0, 6.35, 6.0, 6.09]
['2017-08-21', 6.27, 6.54, 6.2, 6.48]
['2017-08-22', 6.59, 7.07, 6.59, 6.61]
['2017-08-23', 6.59, 6.865, 6.368, 6.43]
['2017-08-24', 6.75, 6.756, 6.32, 6.69]
['2017-08-25', 6.75, 7.24, 6.451, 7.16]
['2017-08-28', 6.8, 7.24, 6.697, 7.02]
['2017-08-29', 7.06, 7.35, 6.5, 6.57]
['2017-08-30', 7.16, 7.16, 6.52, 6.58]
['2017-08-31', 6.671, 6.78, 6.35, 6.47]
['2017-09-01', 6.52, 6.6, 5.94, 5.98]
['2017-09-05', 5.98, 6.56, 5.62, 5.9]
['2017-09-06', 5.89, 6.04, 5.66, 5.96]
['2017-09-07', 5.98, 6.005, 5.524, 5.95]
['2017-09-08', 6.0, 6.071, 5.69, 5.73]
['2017-09-11', 5.73, 5.82, 5.603, 5.78]
['2017-09-12', 5.55, 5.95, 5.55, 5.85]
['2017-09-13', 5.9, 6.05, 5.75, 5.88]
['2017-09-14', 6.08, 6.08, 5.66, 6.0]
['2017-09-15', 6.04, 6.23, 5.8, 6.01]
['2017-09-18', 5.77, 5.97, 5.77, 5.95]
['2017-09-19', 6.01, 6.04, 5.82, 5.93]
['2017-09-20', 5.82, 6.11, 5.82, 6.05]
['2017-09-21', 6.0, 6.17, 5.92, 5.98]
['2017-09-22', 6.025, 6.09, 6.0, 6.04]
['2017-09-25', 6.03, 6.219, 5.95, 6.0]
['2017-09-26', 6.0, 6.1, 5.95, 6.0]
['2017-09-27', 6.0, 6.2, 6.0, 6.17]
['2017-09-28', 6.64, 7.422, 6.22, 7.25]
['2017-09-29', 8.2, 8.98, 7.51, 8.23]
['2017-10-02', 8.79, 9.48, 8.4, 9.01]
['2017-10-03', 9.04, 9.15, 8.82, 8.94]
['2017-10-04', 8.98, 9.11, 8.93, 9.02]
['2017-10-05', 9.14, 9.68, 9.103, 9.41]
['2017-10-06', 9.45, 9.601, 9.06, 9.31]
['2017-10-09', 9.36, 10.222, 9.36, 10.05]
['2017-10-10', 10.2, 10.2, 9.33, 9.52]
['2017-10-11', 9.6, 10.14, 9.5, 10.03]
['2017-10-12', 10.09, 10.2, 9.71, 10.1]
['2017-10-13', 10.188, 10.6, 10.17, 10.53]
['2017-10-16', 10.762, 10.762, 9.23, 9.68]
['2017-10-17', 9.84, 9.88, 9.231, 9.38]
['2017-10-18', 9.47, 9.47, 9.12, 9.18]
['2017-10-19', 9.14, 9.55, 9.14, 9.55]
['2017-10-20', 9.53, 9.61, 9.3, 9.369]
['2017-10-23', 9.4, 9.5, 8.87, 8.99]
['2017-10-24', 9.035, 9.035, 8.771, 8.81]
['2017-10-25', 8.89, 9.47, 8.479, 8.68]
['2017-10-26', 8.5, 8.83, 8.5, 8.78]
['2017-10-27', 8.99, 9.32, 8.93, 9.16]
['2017-10-30', 9.059, 9.44, 9.036, 9.22]
['2017-10-31', 9.35, 9.8, 9.26, 9.72]
['2017-11-01', 9.93, 10.1, 9.44, 9.71]
['2017-11-02', 9.79, 9.91, 9.67, 9.89]
['2017-11-03', 9.892, 10.2, 9.79, 10.14]
['2017-11-06', 10.3, 10.84, 10.167, 10.54]
['2017-11-07', 10.61, 10.61, 10.18, 10.22]
['2017-11-08', 10.21, 10.32, 9.99, 10.13]
['2017-11-09', 10.2, 10.39, 9.73, 9.88]
['2017-11-10', 10.08, 10.34, 9.73, 10.13]
['2017-11-13', 10.1, 10.1, 9.36, 9.95]
['2017-11-14', 9.97, 10.209, 9.61, 9.69]
['2017-11-15', 9.64, 9.651, 8.72, 8.74]
['2017-11-16', 8.8, 9.07, 8.8, 9.03]
['2017-11-17', 9.0, 9.12, 8.95, 9.07]
['2017-11-20', 8.9, 9.34, 8.9, 9.33]
['2017-11-21', 9.42, 9.42, 9.13, 9.18]
['2017-11-22', 9.13, 9.19, 8.92, 8.94]
['2017-11-24', 9.0, 9.0, 8.9, 8.91]
['2017-11-27', 8.9, 9.07, 8.8, 8.92]
['2017-11-28', 8.99, 8.99, 8.67, 8.89]
['2017-11-29', 8.87, 9.0, 8.73, 8.92]
['2017-11-30', 8.91, 9.11, 8.9, 9.08]
['2017-12-01', 9.17, 9.33, 8.97, 8.98]
['2017-12-04', 9.0, 9.21, 8.91, 9.11]
['2017-12-05', 9.2, 9.3, 8.84, 8.88]
['2017-12-06', 8.8, 9.01, 8.8, 8.8]
['2017-12-07', 8.82, 8.835, 8.25, 8.57]
['2017-12-08', 8.55, 8.94, 8.43, 8.72]
['2017-12-11', 8.88, 9.01, 8.8, 8.96]
['2017-12-12', 9.04, 9.04, 8.77, 8.84]
['2017-12-13', 8.81, 9.0, 8.79, 8.88]
['2017-12-14', 8.81, 9.139, 8.193, 8.36]
['2017-12-15', 8.53, 8.78, 8.16, 8.71]
['2017-12-18', 8.71, 8.835, 8.33, 8.58]
['2017-12-19', 8.7, 8.7, 8.435, 8.46]
['2017-12-20', 8.5, 8.5, 8.2, 8.4]
['2017-12-21', 8.4, 8.43, 8.2, 8.27]
['2017-12-22', 8.22, 8.58, 8.22, 8.29]
['2017-12-26', 8.6, 8.6, 8.0, 8.04]
['2017-12-27', 8.17, 8.43, 8.14, 8.3]
['2017-12-28', 8.35, 8.4, 8.2, 8.26]
['2017-12-29', 8.04, 8.124, 7.624, 7.86]
['2018-01-02', 8.05, 8.19, 7.88, 7.88]
['2018-01-03', 7.9, 8.242, 7.86, 7.93]
['2018-01-04', 7.95, 7.95, 7.71, 7.94]
['2018-01-05', 7.99, 8.035, 7.39, 7.55]
['2018-01-08', 7.6, 7.97, 7.47, 7.95]
['2018-01-09', 7.97, 7.97, 7.58, 7.67]
['2018-01-10', 7.6, 7.68, 7.26, 7.57]
['2018-01-11', 7.6, 8.056, 7.6, 7.94]
['2018-01-12', 8.205, 8.205, 7.95, 7.99]
['2018-01-16', 8.11, 8.14, 7.95, 7.95]
['2018-01-17', 8.05, 8.05, 7.93, 7.96]
['2018-01-18', 8.44, 8.48, 8.04, 8.04]
['2018-01-19', 8.04, 8.142, 7.94, 8.0]
['2018-01-22', 8.03, 8.1, 7.785, 7.995]
['2018-01-23', 8.05, 8.38, 7.985, 8.36]
['2018-01-24', 8.36, 8.434, 8.18, 8.25]
['2018-01-25', 8.43, 8.43, 7.97, 8.0]
['2018-01-26', 8.06, 8.333, 7.78, 8.13]
['2018-01-29', 8.18, 8.4, 8.11, 8.15]
['2018-01-30', 8.0, 8.015, 7.76, 7.87]
['2018-01-31', 7.85, 7.9, 7.8, 7.83]
['2018-02-01', 7.8, 8.06, 7.76, 7.76]
['2018-02-02', 7.76, 7.76, 6.996, 7.16]
['2018-02-05', 7.04, 7.18, 6.96, 7.09]
['2018-02-06', 6.81, 7.8, 6.81, 7.11]
['2018-02-07', 7.07, 7.78, 6.92, 6.93]
['2018-02-08', 6.9, 7.68, 6.29, 6.35]
['2018-02-09', 6.38, 6.97, 6.205, 6.85]
['2018-02-12', 6.85, 7.4, 6.79, 7.4]
['2018-02-13', 7.39, 7.59, 7.205, 7.59]
['2018-02-14', 7.16, 7.99, 7.16, 7.95]
['2018-02-15', 7.96, 7.96, 7.25, 7.4]
['2018-02-16', 7.25, 7.3, 7.09, 7.15]
['2018-02-20', 8.13, 8.13, 7.17, 7.18]
['2018-02-21', 7.11, 7.11, 6.81, 6.9]
['2018-02-22', 6.87, 6.92, 6.71, 6.92]
['2018-02-23', 6.9, 7.168, 6.861, 7.13]
['2018-02-26', 7.2, 7.2, 6.298, 6.94]
['2018-02-27', 6.81, 6.81, 6.7, 6.76]
['2018-02-28', 6.71, 6.77, 6.18, 6.18]
['2018-03-01', 6.15, 6.7, 6.15, 6.37]
['2018-03-02', 6.3, 6.49, 6.25, 6.44]
['2018-03-05', 6.53, 7.12, 6.4, 6.54]
['2018-03-06', 6.78, 6.78, 6.41, 6.49]
['2018-03-07', 6.65, 6.65, 6.24, 6.24]
['2018-03-08', 6.318, 6.4, 6.08, 6.18]
['2018-03-09', 6.32, 6.32, 5.785, 5.99]
['2018-03-12', 6.03, 6.293, 5.83, 6.03]
['2018-03-13', 6.45, 6.48, 6.1, 6.41]
['2018-03-14', 6.4, 6.4, 6.012, 6.36]
['2018-03-15', 6.36, 6.67, 6.29, 6.39]
['2018-03-16', 6.44, 6.901, 6.355, 6.56]
['2018-03-19', 6.49, 6.82, 6.49, 6.69]
['2018-03-20', 6.78, 6.92, 6.21, 6.3]
['2018-03-21', 6.38, 7.04, 6.38, 6.97]
['2018-03-22', 6.82, 6.82, 6.34, 6.44]
['2018-03-23', 6.37, 6.48, 6.24, 6.26]
['2018-03-26', 6.22, 6.858, 6.22, 6.6]
['2018-03-27', 6.54, 6.57, 6.28, 6.36]
['2018-03-28', 6.41, 6.41, 5.75, 6.04]
['2018-03-29', 6.01, 6.16, 5.84, 5.87]
['2018-04-02', 6.16, 6.39, 5.92, 5.94]
['2018-04-03', 5.85, 6.01, 5.79, 5.9]
['2018-04-04', 5.97, 5.99, 5.83, 5.89]
['2018-04-05', 5.9, 6.679, 5.9, 6.27]
['2018-04-06', 6.32, 6.4, 6.3, 6.35]
['2018-04-09', 6.28, 6.88, 6.221, 6.49]
['2018-04-10', 6.48, 6.99, 6.48, 6.8]
['2018-04-11', 6.83, 6.965, 6.37, 6.56]
['2018-04-12', 6.6, 6.71, 6.6, 6.71]
['2018-04-13', 6.76, 6.97, 6.76, 6.89]
['2018-04-16', 6.93, 6.93, 6.38, 6.84]
['2018-04-17', 6.84, 6.874, 6.6, 6.76]
['2018-04-18', 6.67, 7.0, 6.66, 6.94]
['2018-04-19', 7.02, 7.75, 7.02, 7.38]
['2018-04-20', 7.34, 8.2, 7.34, 7.94]
['2018-04-23', 7.96, 8.265, 7.565, 8.0]
['2018-04-24', 8.0, 8.117, 7.9, 8.03]
['2018-04-25', 7.91, 8.2, 7.91, 8.15]
['2018-04-26', 8.0, 8.07, 7.87, 7.95]
['2018-04-27', 7.92, 7.92, 7.79, 7.89]
['2018-04-30', 7.75, 8.0, 7.75, 7.92]
['2018-05-01', 7.9, 7.93, 7.85, 7.93]
['2018-05-02', 7.85, 7.98, 7.85, 7.95]
['2018-05-03', 7.94, 7.946, 7.4, 7.43]
['2018-05-04', 7.38, 7.735, 7.173, 7.63]
['2018-05-07', 7.8, 8.1, 7.7, 7.76]
['2018-05-08', 7.438, 7.75, 7.438, 7.73]
['2018-05-09', 7.9, 7.99, 7.59, 7.86]
['2018-05-10', 7.9, 7.91, 7.75, 7.87]
['2018-05-11', 7.79, 7.79, 7.084, 7.25]
['2018-05-14', 7.34, 7.5, 7.19, 7.29]
['2018-05-15', 7.9, 8.059, 7.641, 7.75]
['2018-05-16', 8.225, 8.225, 7.9, 8.15]
['2018-05-17', 8.2, 8.2, 7.94, 8.1]
['2018-05-18', 8.18, 8.18, 7.92, 7.99]
['2018-05-21', 7.94, 8.19, 7.81, 8.05]
['2018-05-22', 8.06, 8.39, 7.984, 8.14]
['2018-05-23', 8.22, 8.22, 7.93, 7.97]
['2018-05-24', 7.87, 8.07, 7.87, 7.92]
['2018-05-25', 7.87, 7.87, 7.51, 7.87]
['2018-05-29', 7.61, 7.85, 7.57, 7.71]
['2018-05-30', 7.81, 7.852, 7.5, 7.62]
['2018-05-31', 7.64, 7.735, 7.54, 7.62]
['2018-06-01', 7.57, 7.83, 7.44, 7.61]
['2018-06-04', 7.62, 7.71, 7.42, 7.45]
['2018-06-05', 7.41, 7.42, 7.07, 7.18]
['2018-06-06', 7.08, 7.15, 6.86, 7.07]
['2018-06-07', 7.04, 7.45, 6.96, 7.33]
['2018-06-08', 7.35, 7.74, 7.24, 7.604]
['2018-06-11', 7.46, 7.52, 7.245, 7.5]
['2018-06-12', 7.36, 7.5, 7.3, 7.35]
['2018-06-13', 8.25, 8.25, 7.49, 7.66]
['2018-06-14', 7.62, 7.76, 7.54, 7.64]
['2018-06-15', 7.56, 7.77, 7.28, 7.47]
['2018-06-18', 7.26, 7.43, 7.24, 7.38]
['2018-06-19', 7.35, 7.94, 7.24, 7.83]
['2018-06-20', 8.2, 8.68, 7.72, 8.56]
['2018-06-21', 8.56, 8.73, 8.2, 8.58]
['2018-06-22', 8.75, 8.75, 8.35, 8.57]
['2018-06-25', 8.62, 8.62, 8.06, 8.1]
['2018-06-26', 8.14, 8.432, 8.14, 8.31]
['2018-06-27', 8.31, 8.5, 8.24, 8.27]
['2018-06-28', 8.25, 8.46, 8.04, 8.06]
['2018-06-29', 8.091, 8.19, 7.93, 8.12]
['2018-07-02', 8.11, 8.5, 8.11, 8.49]
['2018-07-03', 8.54, 8.654, 8.36, 8.59]
['2018-07-05', 8.67, 8.86, 8.44, 8.59]
['2018-07-06', 8.58, 8.785, 8.51, 8.59]
['2018-07-09', 8.75, 8.96, 8.685, 8.91]
['2018-07-10', 9.0, 9.15, 8.35, 8.39]
['2018-07-11', 9.15, 9.15, 8.55, 8.69]
['2018-07-12', 8.7, 9.29, 8.7, 9.15]
['2018-07-13', 9.2, 9.445, 8.801, 8.99]
['2018-07-16', 8.77, 9.235, 8.77, 9.14]
['2018-07-17', 9.02, 9.22, 8.63, 8.91]
['2018-07-18', 8.91, 9.22, 8.7, 8.95]
['2018-07-19', 9.0, 9.17, 8.86, 9.17]
['2018-07-20', 9.19, 9.214, 9.0, 9.18]
['2018-07-23', 9.22, 9.22, 8.32, 8.97]
['2018-07-24', 8.8, 8.9, 8.75, 8.76]
['2018-07-25', 9.159, 9.159, 8.4, 8.5]
['2018-07-26', 8.55, 8.75, 8.32, 8.73]
['2018-07-27', 8.954, 8.954, 8.27, 8.54]
['2018-07-30', 8.85, 9.04, 8.54, 8.7]
['2018-07-31', 8.5, 8.9, 8.43, 8.78]
['2018-08-01', 8.8, 8.88, 8.33, 8.54]
['2018-08-02', 8.38, 8.7, 8.38, 8.52]
['2018-08-03', 8.47, 8.63, 8.257, 8.36]
['2018-08-06', 8.34, 8.34, 7.812, 8.01]
['2018-08-07', 8.0, 8.257, 7.75, 7.88]
['2018-08-08', 8.22, 8.65, 8.01, 8.64]
['2018-08-09', 8.75, 9.1, 8.5, 8.6]
['2018-08-10', 8.51, 8.6, 8.4, 8.49]
['2018-08-13', 8.38, 8.5, 8.0, 8.5]
['2018-08-14', 8.97, 8.97, 8.07, 8.15]
['2018-08-15', 7.99, 8.14, 7.55, 7.63]
['2018-08-16', 7.72, 8.0, 6.88, 7.09]
['2018-08-17', 7.15, 7.24, 6.56, 6.68]
['2018-08-20', 6.74, 6.99, 6.449, 6.66]
['2018-08-21', 6.67, 7.15, 6.67, 7.14]
['2018-08-22', 7.1, 7.56, 7.1, 7.34]
['2018-08-23', 7.26, 7.54, 7.12, 7.28]
['2018-08-24', 7.6, 8.28, 7.35, 8.2]
['2018-08-27', 8.7, 8.7, 8.28, 8.33]
['2018-08-28', 8.36, 8.5, 7.89, 8.22]
['2018-08-29', 8.13, 8.14, 7.932, 8.09]
['2018-08-30', 8.01, 8.43, 8.01, 8.03]
['2018-08-31', 7.97, 8.027, 7.9, 7.98]
['2018-09-04', 7.93, 8.22, 7.9, 7.98]
['2018-09-05', 7.8, 7.957, 7.5, 7.55]
['2018-09-06', 7.51, 7.51, 6.89, 6.97]
['2018-09-07', 6.96, 7.2, 6.8, 6.81]
['2018-09-10', 6.83, 7.5, 6.83, 7.47]
['2018-09-11', 7.46, 7.97, 7.46, 7.9]
['2018-09-12', 7.98, 8.19, 7.716, 8.16]
['2018-09-13', 8.19, 8.37, 7.98, 8.34]
['2018-09-14', 7.86, 8.439, 7.86, 8.25]
['2018-09-17', 8.31, 8.47, 8.13, 8.13]
['2018-09-18', 8.15, 8.47, 8.13, 8.35]
['2018-09-19', 8.39, 8.5, 8.08, 8.45]
['2018-09-20', 8.62, 8.75, 8.39, 8.56]
['2018-09-21', 8.66, 8.7, 8.05, 8.05]
['2018-09-24', 7.37, 7.45, 6.87, 7.2]
['2018-09-25', 7.0, 7.37, 6.79, 7.25]
['2018-09-26', 7.2, 7.2, 6.85, 7.06]
['2018-09-27', 7.0, 7.05, 6.7, 6.85]
['2018-09-28', 6.05, 6.25, 6.05, 6.1]
['2018-10-01', 6.15, 6.19, 6.0, 6.0]
['2018-10-02', 6.05, 6.069, 5.95, 5.97]
['2018-10-03', 6.0, 6.25, 5.95, 6.19]
['2018-10-04', 6.21, 6.4, 5.97, 6.12]
['2018-10-05', 6.14, 6.3, 5.98, 6.19]
['2018-10-08', 6.14, 6.35, 6.13, 6.28]
['2018-10-09', 6.32, 6.47, 6.25, 6.44]
['2018-10-10', 6.45, 6.45, 5.75, 6.18]
['2018-10-11', 6.15, 6.23, 5.8, 5.8]
['2018-10-12', 5.85, 5.939, 5.455, 5.57]
['2018-10-15', 5.56, 5.69, 5.3, 5.56]
['2018-10-16', 5.59, 5.85, 5.42, 5.73]
['2018-10-17', 5.72, 5.79, 5.572, 5.65]
['2018-10-18', 5.59, 5.8, 5.53, 5.65]
['2018-10-19', 5.8, 6.04, 5.79, 5.82]
['2018-10-22', 5.84, 5.95, 5.4, 5.51]
['2018-10-23', 5.4, 5.48, 5.07, 5.34]
['2018-10-24', 5.36, 5.5, 4.835, 4.89]
['2018-10-25', 4.89, 5.03, 4.69, 4.91]
['2018-10-26', 4.88, 5.25, 4.88, 5.0]
['2018-10-29', 5.03, 5.13, 4.78, 4.82]
['2018-10-30', 4.81, 4.86, 4.64, 4.75]
['2018-10-31', 4.77, 5.28, 4.77, 5.26]
['2018-11-01', 5.29, 5.45, 5.19, 5.22]
['2018-11-02', 5.2, 5.29, 4.75, 4.94]
['2018-11-05', 4.93, 5.03, 4.86, 4.9]
['2018-11-06', 4.89, 5.0, 4.73, 4.82]
['2018-11-07', 4.85, 4.98, 4.7, 4.8]
['2018-11-08', 4.74, 4.88, 4.39, 4.5]
['2018-11-09', 4.47, 4.7, 4.03, 4.48]
['2018-11-12', 4.51, 4.79, 4.4, 4.45]
['2018-11-13', 4.46, 4.58, 4.11, 4.17]
['2018-11-14', 4.2, 4.84, 4.18, 4.28]
['2018-11-15', 4.19, 4.46, 4.15, 4.26]
['2018-11-16', 4.34, 4.39, 4.18, 4.29]
['2018-11-19', 3.96, 4.54, 3.93, 4.12]
['2018-11-20', 4.1, 4.1, 3.879, 3.98]
['2018-11-21', 3.96, 4.21, 3.88, 4.18]
['2018-11-23', 4.05, 4.12, 3.99, 3.99]
['2018-11-26', 4.05, 4.12, 4.0, 4.05]
['2018-11-27', 3.99, 4.05, 3.815, 3.9]
['2018-11-28', 3.88, 3.96, 3.67, 3.75]
['2018-11-29', 3.79, 3.95, 3.71, 3.93]
['2018-11-30', 3.93, 3.99, 3.64, 3.71]
['2018-12-03', 3.76, 3.805, 3.57, 3.77]
['2018-12-04', 3.78, 3.83, 3.54, 3.6]
['2018-12-06', 3.52, 3.83, 3.24, 3.32]
['2018-12-07', 3.4, 3.56, 3.31, 3.33]
['2018-12-10', 3.28, 3.35, 2.94, 3.0]
['2018-12-11', 3.16, 3.17, 2.91, 2.92]
['2018-12-12', 2.94, 3.31, 2.94, 2.96]
['2018-12-13', 2.731, 3.04, 2.731, 2.93]
['2018-12-14', 2.89, 2.98, 2.64, 2.71]
['2018-12-17', 2.73, 2.86, 2.5, 2.54]
['2018-12-18', 2.55, 2.87, 2.2, 2.25]
['2018-12-19', 2.26, 2.44, 2.1, 2.14]
['2018-12-20', 2.11, 2.47, 1.95, 2.37]
['2018-12-21', 2.41, 2.78, 2.16, 2.19]
['2018-12-24', 2.16, 2.35, 2.14, 2.18]
['2018-12-26', 2.23, 2.617, 2.15, 2.2]
['2018-12-27', 2.16, 2.33, 2.16, 2.22]
['2018-12-28', 2.22, 2.39, 2.16, 2.33]
['2018-12-31', 2.33, 2.45, 2.21, 2.23]
['2019-01-02', 2.25, 3.13, 2.21, 2.84]
['2019-01-03', 2.77, 3.18, 2.71, 3.15]
['2019-01-04', 3.22, 3.31, 3.0, 3.15]
['2019-01-07', 3.18, 3.35, 3.18, 3.22]
['2019-01-08', 3.28, 3.38, 3.12, 3.17]
['2019-01-09', 3.15, 3.3, 3.1, 3.29]
['2019-01-10', 3.28, 3.28, 3.161, 3.27]
['2019-01-11', 3.31, 3.31, 3.02, 3.07]
['2019-01-14', 3.07, 3.18, 3.02, 3.08]
['2019-01-15', 3.076, 3.181, 3.02, 3.04]
['2019-01-16', 3.07, 3.08, 2.6, 2.69]
['2019-01-17', 2.9, 2.91, 2.6, 2.75]
['2019-01-18', 2.79, 3.01, 2.68, 3.0]
['2019-01-22', 3.0, 3.14, 2.89, 2.93]
['2019-01-23', 2.97, 3.07, 2.92, 3.02]
['2019-01-24', 2.951, 3.357, 2.951, 3.3]
['2019-01-25', 3.32, 3.35, 3.14, 3.25]
['2019-01-28', 3.2, 3.339, 3.2, 3.27]
['2019-01-29', 3.177, 3.4, 3.177, 3.39]
['2019-01-30', 3.44, 3.78, 3.423, 3.68]
['2019-01-31', 3.71, 3.74, 3.48, 3.48]
['2019-02-01', 3.48, 3.552, 3.32, 3.43]
['2019-02-04', 3.4, 3.5, 3.35, 3.36]
['2019-02-05', 3.35, 3.37, 3.21, 3.21]
['2019-02-06', 3.28, 3.38, 2.9, 2.93]
['2019-02-07', 2.91, 2.97, 2.61, 2.69]
['2019-02-08', 2.7, 2.84, 2.62, 2.8]
['2019-02-11', 2.78, 2.85, 2.7, 2.76]
['2019-02-12', 2.85, 2.91, 2.75, 2.78]
['2019-02-13', 2.785, 2.91, 2.77, 2.9]
['2019-02-14', 2.89, 3.06, 2.86, 3.02]
['2019-02-15', 3.04, 3.14, 3.03, 3.11]
['2019-02-19', 3.12, 3.15, 3.02, 3.08]
['2019-02-20', 3.07, 3.15, 3.02, 3.1]
['2019-02-21', 3.08, 3.15, 3.04, 3.1]
['2019-02-22', 3.1, 3.13, 3.0, 3.05]
['2019-02-25', 3.09, 3.2, 3.06, 3.17]
['2019-02-26', 3.26, 3.29, 3.09, 3.18]
['2019-02-27', 3.18, 3.18, 3.06, 3.12]
['2019-02-28', 3.07, 3.12, 3.0, 3.03]
['2019-03-01', 3.12, 3.19, 2.9, 2.94]
['2019-03-04', 2.9, 2.97, 2.75, 2.92]
['2019-03-05', 2.91, 2.98, 2.87, 2.9]
['2019-03-06', 2.87, 2.88, 2.74, 2.79]
['2019-03-07', 2.82, 2.93, 2.765, 2.81]
['2019-03-08', 2.78, 3.23, 2.75, 3.19]
['2019-03-11', 3.23, 3.37, 3.09, 3.34]
['2019-03-12', 3.33, 3.47, 3.284, 3.33]
['2019-03-13', 3.39, 3.423, 3.28, 3.39]
['2019-03-14', 3.36, 3.48, 3.36, 3.44]
['2019-03-15', 3.44, 3.48, 3.16, 3.2]
['2019-03-18', 3.26, 3.274, 2.97, 3.22]
['2019-03-19', 3.27, 3.4, 2.96, 3.09]
['2019-03-20', 3.08, 3.35, 2.92, 3.26]
['2019-03-21', 3.25, 3.36, 3.11, 3.12]
['2019-03-22', 3.1, 3.18, 2.9, 2.92]
['2019-03-25', 2.9, 2.94, 2.76, 2.83]
['2019-03-26', 2.86, 3.12, 2.85, 3.07]
['2019-03-27', 3.07, 3.2, 2.94, 3.12]
['2019-03-28', 3.16, 3.25, 3.03, 3.23]
['2019-03-29', 3.2, 3.5, 2.88, 3.4]
['2019-04-01', 3.45, 3.58, 3.349, 3.44]
['2019-04-02', 3.43, 3.49, 3.404, 3.43]
['2019-04-03', 3.48, 3.48, 3.17, 3.18]
['2019-04-04', 3.18, 3.473, 3.17, 3.19]
['2019-04-05', 3.18, 3.24, 3.03, 3.1]
['2019-04-08', 3.11, 3.31, 3.11, 3.25]
['2019-04-09', 3.25, 3.87, 3.25, 3.81]
['2019-04-10', 3.86, 4.02, 3.5, 3.78]
['2019-04-11', 3.706, 3.724, 3.46, 3.58]
['2019-04-12', 3.67, 3.94, 3.65, 3.91]
['2019-04-15', 3.92, 4.2, 3.79, 4.18]
['2019-04-16', 4.2, 4.23, 4.04, 4.17]
['2019-04-17', 4.22, 4.25, 4.1, 4.17]
['2019-04-18', 4.22, 4.24, 4.115, 4.2]
['2019-04-22', 4.28, 4.85, 4.25, 4.81]
['2019-04-23', 4.91, 5.2, 4.81, 5.13]
['2019-04-24', 5.2, 5.26, 4.95, 4.99]
['2019-04-25', 5.01, 5.11, 4.76, 4.88]
['2019-04-26', 4.8, 4.8, 4.32, 4.52]
['2019-04-29', 4.61, 4.727, 4.46, 4.56]
['2019-04-30', 4.6, 4.71, 4.45, 4.71]
['2019-05-01', 4.73, 4.73, 4.19, 4.4]
['2019-05-02', 4.37, 4.37, 4.121, 4.35]
['2019-05-03', 4.36, 4.59, 4.18, 4.57]
['2019-05-06', 4.55, 4.727, 4.432, 4.59]
['2019-05-07', 4.57, 4.6, 4.26, 4.36]
['2019-05-08', 4.39, 4.61, 4.36, 4.53]
['2019-05-09', 4.47, 4.555, 4.24, 4.39]
['2019-05-10', 4.34, 4.4, 4.2, 4.38]
['2019-05-13', 4.26, 4.3, 4.07, 4.17]
['2019-05-14', 4.28, 4.33, 3.86, 3.99]
['2019-05-15', 3.73, 3.95, 3.52, 3.84]
['2019-05-16', 3.86, 4.01, 3.8, 3.99]
['2019-05-17', 3.94, 4.04, 3.82, 3.87]
['2019-05-20', 3.71, 3.95, 3.63, 3.88]
['2019-05-21', 3.803, 3.95, 3.803, 3.9]
['2019-05-22', 3.88, 4.03, 3.73, 3.74]
['2019-05-23', 3.64, 3.65, 3.18, 3.48]
['2019-05-24', 3.5, 3.65, 3.13, 3.17]
['2019-05-28', 3.06, 3.43, 3.06, 3.21]
['2019-05-29', 3.17, 3.21, 3.08, 3.19]
['2019-05-30', 3.23, 3.27, 3.121, 3.18]
['2019-05-31', 3.13, 3.18, 3.05, 3.09]
['2019-06-03', 3.1, 3.17, 2.76, 2.98]
['2019-06-04', 3.04, 3.04, 2.97, 3.0]
['2019-06-05', 2.99, 3.0, 2.84, 2.95]
['2019-06-06', 2.96, 3.14, 2.936, 3.0]
['2019-06-07', 2.99, 3.07, 2.99, 3.0]
['2019-06-10', 3.15, 3.15, 3.055, 3.08]
['2019-06-11', 3.13, 3.14, 3.03, 3.07]
['2019-06-12', 3.06, 3.13, 2.98, 3.03]
['2019-06-13', 3.09, 3.11, 3.0, 3.1]
['2019-06-14', 3.1, 3.1, 2.96, 3.03]
['2019-06-17', 3.01, 3.12, 3.01, 3.07]
['2019-06-18', 3.12, 3.22, 3.03, 3.16]
['2019-06-19', 3.17, 3.38, 3.17, 3.33]
['2019-06-20', 3.38, 3.7, 3.34, 3.69]
['2019-06-21', 3.68, 3.77, 3.54, 3.6]
['2019-06-24', 3.64, 3.707, 3.42, 3.61]
['2019-06-25', 3.63, 3.671, 3.59, 3.59]
['2019-06-26', 3.5, 3.78, 3.475, 3.67]
['2019-06-27', 3.7, 3.79, 3.5, 3.51]
['2019-06-28', 3.61, 3.79, 3.51, 3.7]
['2019-07-01', 3.81, 3.81, 3.62, 3.62]
['2019-07-02', 3.66, 3.66, 3.43, 3.49]
['2019-07-03', 3.48, 3.55, 3.42, 3.46]
['2019-07-05', 3.48, 3.53, 3.43, 3.46]
['2019-07-08', 3.48, 3.49, 3.307, 3.39]
['2019-07-09', 3.35, 3.38, 3.21, 3.3]
['2019-07-10', 3.32, 3.35, 3.286, 3.3]
['2019-07-11', 3.28, 3.34, 3.04, 3.11]
['2019-07-12', 3.11, 3.29, 3.1, 3.25]
['2019-07-15', 3.29, 3.3, 3.13, 3.2]
['2019-07-16', 3.116, 3.249, 3.11, 3.11]
['2019-07-17', 3.16, 3.16, 3.09, 3.09]
['2019-07-18', 3.12, 3.12, 3.0, 3.08]
['2019-07-19', 3.06, 3.08, 3.002, 3.06]
['2019-07-22', 3.07, 3.07, 2.62, 2.99]
['2019-07-23', 2.97, 2.97, 2.85, 2.88]
['2019-07-24', 2.87, 2.94, 2.8, 2.81]
['2019-07-25', 2.81, 2.926, 2.72, 2.74]
['2019-07-26', 2.75, 2.84, 2.75, 2.79]
['2019-07-29', 2.805, 2.84, 2.66, 2.75]
['2019-07-30', 2.76, 2.89, 2.63, 2.88]
['2019-07-31', 2.88, 3.067, 2.82, 2.82]
['2019-08-01', 2.8, 2.8, 2.53, 2.58]
['2019-08-02', 2.6, 2.71, 2.6, 2.64]
['2019-08-05', 2.6, 2.63, 2.542, 2.56]
['2019-08-06', 2.58, 2.583, 2.32, 2.37]
['2019-08-07', 2.31, 2.35, 2.21, 2.22]
['2019-08-08', 2.35, 2.458, 2.15, 2.3]
['2019-08-09', 2.23, 2.36, 1.672, 1.84]
['2019-08-12', 1.91, 1.99, 1.77, 1.82]
['2019-08-13', 1.83, 1.93, 1.61, 1.66]
['2019-08-14', 1.66, 1.67, 1.51, 1.6]
['2019-08-15', 1.61, 1.61, 1.38, 1.41]
['2019-08-16', 1.43, 1.452, 1.29, 1.41]
['2019-08-19', 1.45, 1.88, 1.45, 1.81]
['2019-08-20', 1.82, 1.9, 1.62, 1.71]
['2019-08-21', 1.73, 1.8, 1.68, 1.72]
['2019-08-22', 1.73, 1.73, 1.66, 1.67]
['2019-08-23', 1.65, 1.67, 1.48, 1.53]
['2019-08-26', 1.56, 1.805, 1.56, 1.75]
['2019-08-27', 1.78, 1.78, 1.6, 1.63]
['2019-08-28', 1.63, 1.68, 1.56, 1.61]
['2019-08-29', 1.62, 1.74, 1.61, 1.65]
['2019-08-30', 1.65, 1.696, 1.5, 1.55]
['2019-09-03', 1.52, 1.59, 1.4, 1.42]
['2019-09-04', 1.42, 1.559, 1.42, 1.52]
['2019-09-05', 1.62, 1.75, 1.57, 1.72]
['2019-09-06', 1.72, 1.73, 1.62, 1.71]
['2019-09-09', 1.73, 1.877, 1.668, 1.84]
['2019-09-10', 1.84, 1.96, 1.84, 1.88]
['2019-09-11', 1.9, 1.99, 1.82, 1.9]
['2019-09-12', 1.88, 1.885, 1.64, 1.77]
['2019-09-13', 1.81, 1.81, 1.75, 1.8]
['2019-09-16', 1.97, 2.23, 1.881, 1.93]
['2019-09-17', 1.91, 1.98, 1.75, 1.92]
['2019-09-18', 1.9, 1.9, 1.68, 1.84]
['2019-09-19', 1.85, 1.95, 1.76, 1.95]
['2019-09-20', 1.94, 1.98, 1.91, 1.98]
['2019-09-23', 1.98, 1.98, 1.897, 1.95]
['2019-09-24', 1.95, 1.951, 1.8, 1.82]
['2019-09-25', 1.91, 1.91, 1.74, 1.83]
['2019-09-26', 1.83, 1.83, 1.75, 1.77]
['2019-09-27', 1.76, 1.973, 1.76, 1.9]
['2019-09-30', 1.9, 2.0, 1.81, 1.95]
['2019-10-01', 1.96, 1.96, 1.75, 1.78]
['2019-10-02', 1.8, 1.8, 1.609, 1.71]
['2019-10-03', 1.69, 1.7, 1.64, 1.67]
['2019-10-04', 1.66, 1.69, 1.63, 1.66]
['2019-10-07', 1.72, 1.72, 1.64, 1.7]
['2019-10-08', 1.66, 1.66, 1.565, 1.58]
['2019-10-09', 1.64, 1.645, 1.5, 1.5]
['2019-10-10', 1.51, 1.53, 1.45, 1.48]
['2019-10-11', 1.51, 1.542, 1.435, 1.47]
['2019-10-14', 1.51, 1.51, 1.39, 1.44]
['2019-10-15', 1.48, 1.57, 1.437, 1.48]
['2019-10-16', 1.45, 1.48, 1.42, 1.45]
['2019-10-17', 1.498, 1.498, 1.38, 1.48]
['2019-10-18', 1.47, 1.501, 1.4, 1.43]
['2019-10-21', 1.43, 1.43, 1.38, 1.43]
['2019-10-22', 1.42, 1.5, 1.38, 1.44]
['2019-10-23', 1.45, 1.51, 1.4, 1.47]
['2019-10-24', 1.488, 1.488, 1.44, 1.47]
['2019-10-25', 1.43, 1.52, 1.43, 1.48]
['2019-10-28', 1.51, 1.76, 1.45, 1.64]
['2019-10-29', 1.62, 1.63, 1.59, 1.6]
['2019-10-30', 1.61, 1.61, 1.56, 1.59]
['2019-10-31', 1.59, 1.59, 1.51, 1.54]
['2019-11-01', 1.55, 1.64, 1.55, 1.63]
['2019-11-04', 1.64, 1.73, 1.59, 1.71]
['2019-11-05', 1.74, 1.79, 1.663, 1.79]
['2019-11-06', 1.79, 1.82, 1.59, 1.68]
['2019-11-07', 1.69, 1.69, 1.52, 1.67]
['2019-11-08', 1.7, 1.773, 1.695, 1.77]
['2019-11-11', 1.7, 1.73, 1.66, 1.66]
['2019-11-12', 1.66, 1.685, 1.6, 1.61]
['2019-11-13', 1.64, 1.64, 1.45, 1.49]
['2019-11-14', 1.494, 1.494, 1.38, 1.39]
['2019-11-15', 1.38, 1.51, 1.33, 1.35]
['2019-11-18', 1.33, 1.36, 1.18, 1.21]
['2019-11-19', 1.25, 1.252, 1.12, 1.14]
['2019-11-20', 1.21, 1.21, 1.11, 1.19]
['2019-11-21', 1.25, 1.38, 1.2, 1.24]
['2019-11-22', 1.26, 1.29, 1.14, 1.16]
['2019-11-25', 1.14, 1.17, 1.06, 1.09]
['2019-11-26', 1.11, 1.17, 1.04, 1.06]
['2019-11-27', 1.06, 1.12, 1.06, 1.12]
['2019-11-29', 1.11, 1.17, 1.1, 1.17]
['2019-12-02', 1.2, 1.2, 1.1, 1.12]
['2019-12-03', 1.11, 1.11, 1.0, 1.01]
['2019-12-04', 1.06, 1.094, 1.01, 1.02]
['2019-12-05', 1.02, 1.06, 1.006, 1.01]
['2019-12-06', 1.03, 1.14, 1.03, 1.08]
['2019-12-09', 1.1, 1.15, 1.06, 1.09]
['2019-12-10', 1.09, 1.15, 1.05, 1.14]
['2019-12-11', 1.15, 1.25, 1.14, 1.23]
['2019-12-12', 1.25, 1.44, 1.23, 1.4]
['2019-12-13', 1.38, 1.404, 1.23, 1.23]
['2019-12-16', 1.25, 1.273, 1.19, 1.195]
['2019-12-17', 1.17, 1.28, 1.17, 1.25]
['2019-12-18', 1.26, 1.348, 1.226, 1.3]
['2019-12-19', 1.28, 1.33, 1.24, 1.28]
['2019-12-20', 1.28, 1.28, 1.17, 1.18]
['2019-12-23', 1.2, 1.2, 1.04, 1.18]
['2019-12-24', 1.161, 1.22, 1.16, 1.22]
['2019-12-26', 1.21, 1.223, 1.094, 1.11]
['2019-12-27', 1.154, 1.24, 1.12, 1.21]
['2019-12-30', 1.17, 1.25, 1.17, 1.22]
['2019-12-31', 1.26, 1.29, 1.18, 1.28]
['2020-01-02', 1.26, 1.34, 1.258, 1.34]
['2020-01-03', 1.38, 1.44, 1.3, 1.35]
['2020-01-06', 1.37, 1.57, 1.35, 1.47]
['2020-01-07', 1.49, 1.5, 1.47, 1.48]
['2020-01-08', 1.5, 1.5, 1.29, 1.37]
['2020-01-09', 1.4, 1.4, 1.18, 1.2]
['2020-01-10', 1.24, 1.3, 1.21, 1.26]
['2020-01-13', 1.24, 1.27, 1.22, 1.25]
['2020-01-14', 1.26, 1.29, 1.24, 1.26]
['2020-01-15', 1.27, 1.29, 1.23, 1.24]
['2020-01-16', 1.26, 1.31, 1.25, 1.28]
['2020-01-17', 1.31, 1.31, 1.2, 1.22]
['2020-01-21', 1.22, 1.28, 1.2, 1.2]
['2020-01-22', 1.22, 1.28, 1.2, 1.22]
['2020-01-23', 1.22, 1.31, 1.22, 1.25]
['2020-01-24', 1.23, 1.37, 1.21, 1.29]
['2020-01-27', 1.28, 1.28, 1.2, 1.21]
['2020-01-28', 1.2, 1.21, 1.12, 1.17]
['2020-01-29', 1.18, 1.18, 1.09, 1.1]
['2020-01-30', 1.12, 1.14, 1.08, 1.09]
['2020-01-31', 1.12, 1.12, 1.05, 1.06]
['2020-02-03', 1.11, 1.12, 1.069, 1.12]
['2020-02-04', 1.14, 1.14, 1.06, 1.06]
['2020-02-05', 1.09, 1.149, 1.04, 1.09]
['2020-02-06', 1.11, 1.11, 1.04, 1.05]
['2020-02-07', 1.06, 1.06, 0.888, 0.91]
['2020-02-10', 0.91, 0.948, 0.815, 0.88]
['2020-02-11', 0.9, 0.9, 0.78, 0.819]
['2020-02-12', 0.819, 1.03, 0.81, 0.977]
['2020-02-13', 0.98, 1.03, 0.85, 0.857]
['2020-02-14', 0.88, 0.94, 0.877, 0.884]
['2020-02-18', 0.884, 0.903, 0.8, 0.841]
['2020-02-19', 0.87, 0.91, 0.841, 0.88]
['2020-02-20', 0.89, 0.91, 0.88, 0.901]
['2020-02-21', 0.933, 0.933, 0.88, 0.89]
['2020-02-24', 0.897, 0.897, 0.801, 0.82]
['2020-02-25', 0.85, 0.9, 0.75, 0.771]
['2020-02-26', 0.809, 0.81, 0.75, 0.81]
['2020-02-27', 0.81, 0.82, 0.702, 0.789]
['2020-02-28', 0.8, 0.9, 0.72, 0.772]
['2020-03-02', 0.813, 0.94, 0.785, 0.884]
['2020-03-03', 0.895, 0.94, 0.808, 0.913]
['2020-03-04', 0.94, 0.94, 0.853, 0.92]
['2020-03-05', 0.92, 0.92, 0.85, 0.902]
['2020-03-06', 0.92, 0.92, 0.79, 0.83]
['2020-03-09', 0.7, 0.7, 0.51, 0.63]
['2020-03-10', 0.662, 0.697, 0.562, 0.651]
['2020-03-11', 0.632, 0.73, 0.601, 0.656]
['2020-03-12', 0.588, 0.606, 0.5, 0.524]
['2020-03-13', 0.55, 0.63, 0.45, 0.55]
['2020-03-16', 0.44, 0.49, 0.376, 0.443]
['2020-03-17', 0.442, 0.464, 0.393, 0.44]
['2020-03-18', 0.462, 0.462, 0.32, 0.32]
['2020-03-19', 0.39, 0.49, 0.362, 0.463]
['2020-03-20', 0.402, 0.435, 0.28, 0.29]
['2020-03-23', 0.41, 0.41, 0.25, 0.25]
['2020-03-24', 0.31, 0.33, 0.25, 0.33]
['2020-03-25', 0.346, 0.4, 0.281, 0.33]
['2020-03-26', 0.35, 0.4, 0.28, 0.3]
['2020-03-27', 0.3, 0.32, 0.26, 0.29]
['2020-03-30', 0.31, 0.31, 0.25, 0.27]
['2020-03-31', 0.27, 0.65, 0.26, 0.41]
['2020-04-01', 0.373, 0.47, 0.26, 0.31]
['2020-04-02', 0.35, 0.51, 0.33, 0.36]
['2020-04-03', 0.39, 0.48, 0.36, 0.384]
['2020-04-06', 0.333, 0.357, 0.302, 0.349]
['2020-04-07', 0.359, 0.378, 0.33, 0.343]
['2020-04-08', 0.345, 0.415, 0.335, 0.4]
['2020-04-09', 0.42, 0.46, 0.381, 0.391]
['2020-04-13', 0.409, 0.423, 0.36, 0.379]
['2020-04-14', 0.344, 0.35, 0.309, 0.318]
['2020-04-15', 0.311, 0.326, 0.28, 0.287]
['2020-04-16', 0.264, 0.305, 0.264, 0.305]
['2020-04-17', 0.298, 0.33, 0.285, 0.324]
['2020-04-20', 0.304, 0.304, 0.278, 0.285]
['2020-04-21', 0.285, 0.323, 0.27, 0.309]
['2020-04-22', 0.339, 0.38, 0.301, 0.329]
['2020-04-23', 0.39, 0.4, 0.325, 0.382]
['2020-04-24', 0.43, 0.485, 0.36, 0.362]
['2020-04-27', 0.33, 0.349, 0.3, 0.348]
['2020-04-28', 0.35, 0.38, 0.333, 0.364]
['2020-04-29', 0.393, 0.415, 0.37, 0.405]
['2020-04-30', 0.43, 0.534, 0.42, 0.456]
['2020-05-01', 0.5, 0.5, 0.39, 0.42]
['2020-05-04', 0.389, 0.45, 0.38, 0.439]
['2020-05-05', 0.452, 0.46, 0.41, 0.418]
['2020-05-06', 0.41, 0.415, 0.365, 0.373]
['2020-05-07', 0.38, 0.38, 0.368, 0.37]
['2020-05-08', 0.38, 0.38, 0.35, 0.365]
['2020-05-11', 0.365, 0.39, 0.36, 0.38]
['2020-05-12', 0.391, 0.43, 0.37, 0.42]
['2020-05-13', 0.423, 0.43, 0.38, 0.385]
['2020-05-14', 0.379, 0.38, 0.345, 0.368]
['2020-05-15', 0.379, 0.385, 0.33, 0.353]
