['2018-07-17', 9.65, 9.65, 9.65, 9.65]
['2018-07-18', 9.65, 9.65, 9.65, 9.65]
['2018-07-19', 9.64, 9.64, 9.64, 9.64]
['2018-07-20', 9.64, 9.65, 9.64, 9.64]
['2018-07-23', 9.64, 9.64, 9.64, 9.64]
['2018-07-24', 9.64, 9.64, 9.64, 9.64]
['2018-07-25', 9.64, 9.64, 9.64, 9.64]
['2018-07-26', 9.64, 9.65, 9.62, 9.63]
['2018-07-27', 9.63, 9.63, 9.63, 9.63]
['2018-07-30', 9.65, 9.65, 9.63, 9.64]
['2018-07-31', 9.64, 9.64, 9.64, 9.64]
['2018-08-01', 9.64, 9.64, 9.64, 9.64]
['2018-08-02', 9.63, 9.65, 9.6, 9.65]
['2018-08-03', 9.61, 9.65, 9.6, 9.6]
['2018-08-06', 9.6, 9.6, 9.6, 9.6]
['2018-08-07', 9.65, 9.67, 9.6, 9.61]
['2018-08-08', 9.61, 9.61, 9.61, 9.61]
['2018-08-09', 9.65, 9.65, 9.61, 9.61]
['2018-08-10', 9.65, 9.65, 9.63, 9.63]
['2018-08-13', 9.6, 9.69, 9.6, 9.68]
['2018-08-14', 9.68, 9.68, 9.68, 9.68]
['2018-08-15', 9.68, 9.68, 9.68, 9.68]
['2018-08-16', 9.68, 9.68, 9.68, 9.68]
['2018-08-17', 9.7, 9.7, 9.7, 9.7]
['2018-08-20', 9.69, 9.75, 9.69, 9.75]
['2018-08-21', 9.7, 9.7, 9.7, 9.7]
['2018-08-22', 9.7, 9.7, 9.69, 9.7]
['2018-08-23', 9.69, 9.7, 9.69, 9.7]
['2018-08-24', 9.72, 9.72, 9.72, 9.72]
['2018-08-27', 9.72, 9.72, 9.71, 9.72]
['2018-08-28', 9.75, 9.75, 9.75, 9.75]
['2018-08-29', 9.75, 9.75, 9.75, 9.75]
['2018-08-30', 9.75, 9.75, 9.75, 9.75]
['2018-08-31', 9.77, 9.77, 9.74, 9.75]
['2018-09-04', 9.75, 9.75, 9.75, 9.75]
['2018-09-05', 9.75, 9.75, 9.74, 9.74]
['2018-09-06', 9.74, 9.74, 9.74, 9.74]
['2018-09-07', 9.74, 9.74, 9.71, 9.73]
['2018-09-10', 9.73, 9.73, 9.73, 9.73]
['2018-09-11', 9.73, 9.73, 9.73, 9.73]
['2018-09-12', 9.73, 9.73, 9.73, 9.73]
['2018-09-13', 9.71, 9.71, 9.7, 9.7]
['2018-09-14', 9.69, 9.69, 9.69, 9.69]
['2018-09-17', 9.7, 9.7, 9.6, 9.7]
['2018-09-18', 9.6, 9.71, 9.6, 9.7]
['2018-09-19', 9.7, 9.73, 9.7, 9.7]
['2018-09-20', 9.7, 9.72, 9.7, 9.7]
['2018-09-21', 9.7, 9.7, 9.7, 9.7]
['2018-09-24', 9.7, 9.7, 9.7, 9.7]
['2018-09-25', 9.73, 9.73, 9.73, 9.73]
['2018-09-26', 9.73, 9.73, 9.73, 9.73]
['2018-09-27', 9.73, 9.73, 9.73, 9.73]
['2018-09-28', 9.73, 9.73, 9.71, 9.71]
['2018-10-01', 9.67, 9.73, 9.67, 9.73]
['2018-10-02', 9.73, 9.73, 9.73, 9.73]
['2018-10-03', 9.7, 9.72, 9.7, 9.71]
['2018-10-04', 9.68, 9.73, 9.67, 9.73]
['2018-10-05', 9.73, 9.73, 9.73, 9.73]
['2018-10-08', 9.73, 9.73, 9.73, 9.73]
['2018-10-09', 9.73, 9.73, 9.73, 9.73]
['2018-10-10', 9.68, 9.73, 9.68, 9.73]
['2018-10-11', 9.72, 9.72, 9.7, 9.7]
['2018-10-12', 9.69, 9.71, 9.69, 9.71]
['2018-10-15', 9.71, 9.71, 9.71, 9.71]
['2018-10-16', 9.71, 9.71, 9.71, 9.71]
['2018-10-17', 9.71, 9.71, 9.71, 9.71]
['2018-10-18', 9.69, 9.69, 9.69, 9.69]
['2018-10-19', 9.69, 9.69, 9.69, 9.69]
['2018-10-22', 9.69, 9.69, 9.69, 9.69]
['2018-10-23', 9.69, 9.69, 9.69, 9.69]
['2018-10-24', 9.7, 9.7, 9.7, 9.7]
['2018-10-25', 9.7, 9.7, 9.7, 9.7]
['2018-10-26', 9.7, 9.7, 9.7, 9.7]
['2018-10-29', 9.7, 9.72, 9.69, 9.7]
['2018-10-30', 9.7, 9.7, 9.7, 9.7]
['2018-10-31', 9.72, 9.72, 9.66, 9.72]
['2018-11-01', 9.7, 9.73, 9.7, 9.73]
['2018-11-02', 9.74, 9.74, 9.71, 9.74]
['2018-11-05', 9.74, 9.74, 9.74, 9.74]
['2018-11-06', 9.77, 9.77, 9.69, 9.69]
['2018-11-07', 9.77, 9.77, 9.77, 9.77]
['2018-11-08', 9.61, 9.77, 9.61, 9.72]
['2018-11-09', 9.74, 9.74, 9.74, 9.74]
['2018-11-12', 9.74, 9.74, 9.74, 9.74]
['2018-11-13', 9.8, 9.8, 9.7, 9.7]
['2018-11-14', 9.73, 9.74, 9.73, 9.73]
['2018-11-15', 9.74, 9.74, 9.7, 9.7]
['2018-11-16', 9.7, 9.7, 9.7, 9.7]
['2018-11-19', 9.75, 9.77, 9.75, 9.75]
['2018-11-20', 9.76, 9.82, 9.76, 9.76]
['2018-11-21', 9.76, 9.76, 9.76, 9.76]
['2018-11-23', 9.72, 9.72, 9.72, 9.72]
['2018-11-26', 9.78, 9.8, 9.77, 9.8]
['2018-11-27', 9.8, 9.8, 9.8, 9.8]
['2018-11-28', 9.8, 9.8, 9.8, 9.8]
['2018-11-29', 9.8, 9.85, 9.79, 9.81]
['2018-11-30', 9.82, 9.85, 9.82, 9.85]
['2018-12-03', 9.85, 9.85, 9.85, 9.85]
['2018-12-04', 9.85, 9.85, 9.85, 9.85]
['2018-12-06', 9.85, 9.88, 9.85, 9.85]
['2018-12-07', 9.82, 9.85, 9.82, 9.85]
['2018-12-10', 9.85, 9.85, 9.85, 9.85]
['2018-12-11', 9.83, 9.83, 9.78, 9.83]
['2018-12-12', 9.83, 9.83, 9.83, 9.83]
['2018-12-13', 9.83, 9.83, 9.83, 9.83]
['2018-12-14', 9.83, 9.83, 9.83, 9.83]
['2018-12-17', 9.9, 9.9, 9.9, 9.9]
['2018-12-18', 9.82, 9.82, 9.82, 9.82]
['2018-12-19', 9.82, 9.82, 9.82, 9.82]
['2018-12-20', 9.82, 9.82, 9.82, 9.82]
['2018-12-21', 9.82, 9.82, 9.82, 9.82]
['2018-12-24', 9.82, 9.82, 9.82, 9.82]
['2018-12-26', 9.82, 9.82, 9.82, 9.82]
['2018-12-27', 9.82, 9.82, 9.82, 9.82]
['2018-12-28', 9.84, 9.85, 9.84, 9.85]
['2018-12-31', 9.89, 9.9, 9.89, 9.9]
['2019-01-02', 9.85, 9.85, 9.85, 9.85]
['2019-01-03', 9.84, 9.87, 9.83, 9.85]
['2019-01-04', 9.85, 9.85, 9.85, 9.85]
['2019-01-07', 9.83, 9.83, 9.83, 9.83]
['2019-01-08', 9.83, 9.85, 9.83, 9.85]
['2019-01-09', 9.85, 9.85, 9.85, 9.85]
['2019-01-10', 9.89, 9.89, 9.89, 9.89]
['2019-01-11', 9.9, 9.91, 9.9, 9.91]
['2019-01-14', 9.9, 9.93, 9.9, 9.93]
['2019-01-15', 9.93, 9.93, 9.93, 9.93]
['2019-01-16', 9.95, 9.95, 9.93, 9.93]
['2019-01-17', 9.93, 9.93, 9.93, 9.93]
['2019-01-18', 9.95, 9.95, 9.95, 9.95]
['2019-01-22', 10.04, 10.08, 10.04, 10.07]
['2019-01-23', 10.06, 10.06, 10.04, 10.05]
['2019-01-24', 10.05, 10.05, 10.03, 10.05]
['2019-01-25', 10.05, 10.06, 10.05, 10.06]
['2019-01-28', 10.05, 10.05, 10.05, 10.05]
['2019-01-29', 10.05, 10.05, 10.04, 10.05]
['2019-01-30', 10.05, 10.05, 10.04, 10.05]
['2019-01-31', 10.05, 10.05, 10.02, 10.05]
['2019-02-01', 10.04, 10.04, 10.04, 10.04]
['2019-02-04', 10.05, 10.05, 10.05, 10.05]
['2019-02-05', 10.03, 10.03, 10.03, 10.03]
['2019-02-06', 10.03, 10.04, 10.02, 10.03]
['2019-02-07', 10.04, 10.05, 10.04, 10.05]
['2019-02-08', 10.05, 10.06, 10.03, 10.03]
['2019-02-11', 10.04, 10.04, 10.04, 10.04]
['2019-02-12', 10.05, 10.08, 10.05, 10.08]
['2019-02-13', 10.07, 10.1, 10.07, 10.1]
['2019-02-14', 10.09, 10.15, 10.09, 10.12]
['2019-02-15', 10.15, 10.15, 10.1, 10.11]
['2019-02-19', 10.1, 10.12, 10.1, 10.1]
['2019-02-20', 10.1, 10.12, 10.1, 10.12]
['2019-02-21', 10.1, 10.13, 10.1, 10.13]
['2019-02-22', 10.13, 10.18, 10.13, 10.18]
['2019-02-25', 10.17, 10.18, 10.15, 10.17]
['2019-02-26', 10.16, 10.2, 10.1, 10.2]
['2019-02-27', 10.2, 10.2, 10.2, 10.2]
['2019-02-28', 10.2, 10.2, 10.2, 10.2]
['2019-03-01', 10.15, 10.2, 10.13, 10.15]
['2019-03-04', 10.15, 10.16, 10.15, 10.15]
['2019-03-05', 10.15, 10.16, 10.14, 10.15]
['2019-03-06', 10.11, 10.15, 10.1, 10.15]
['2019-03-07', 10.15, 10.15, 10.15, 10.15]
['2019-03-08', 10.15, 10.16, 10.15, 10.16]
['2019-03-11', 10.15, 10.15, 10.15, 10.15]
['2019-03-12', 10.18, 10.2, 10.18, 10.18]
['2019-03-13', 10.19, 10.19, 10.17, 10.17]
['2019-03-14', 10.17, 10.17, 10.15, 10.17]
['2019-03-15', 10.17, 10.2, 10.16, 10.19]
['2019-03-18', 10.2, 10.2, 10.18, 10.18]
['2019-03-19', 10.18, 10.18, 10.17, 10.18]
['2019-03-20', 10.18, 10.18, 10.17, 10.18]
['2019-03-21', 10.16, 10.18, 10.16, 10.17]
['2019-03-22', 10.16, 10.18, 10.16, 10.18]
['2019-03-25', 10.18, 10.18, 10.16, 10.18]
['2019-03-26', 10.16, 10.18, 10.16, 10.18]
['2019-03-27', 10.15, 10.22, 10.15, 10.21]
['2019-03-28', 10.17, 10.21, 10.17, 10.2]
['2019-03-29', 10.2, 10.2, 10.17, 10.2]
['2019-04-01', 10.18, 10.22, 10.18, 10.22]
['2019-04-02', 10.19, 10.2, 10.15, 10.19]
['2019-04-03', 10.21, 10.21, 10.18, 10.21]
['2019-04-04', 10.21, 10.21, 10.19, 10.2]
['2019-04-05', 10.21, 10.23, 10.2, 10.22]
['2019-04-08', 10.2, 10.25, 10.2, 10.25]
['2019-04-09', 10.22, 10.25, 10.22, 10.25]
['2019-04-10', 10.25, 10.25, 10.23, 10.23]
['2019-04-11', 10.23, 10.25, 10.23, 10.25]
['2019-04-12', 10.25, 10.25, 10.24, 10.24]
['2019-04-15', 10.24, 10.25, 10.23, 10.25]
['2019-04-16', 10.25, 10.25, 10.25, 10.25]
['2019-04-17', 10.25, 10.27, 10.25, 10.25]
['2019-04-18', 10.23, 10.25, 10.21, 10.25]
['2019-04-22', 10.25, 10.25, 10.25, 10.25]
['2019-04-23', 10.24, 10.25, 10.24, 10.25]
['2019-04-24', 10.21, 10.25, 10.21, 10.25]
['2019-04-25', 10.25, 10.25, 10.25, 10.25]
['2019-04-26', 10.24, 10.24, 10.23, 10.24]
['2019-04-29', 10.24, 10.24, 10.22, 10.24]
['2019-04-30', 10.24, 10.24, 10.24, 10.24]
['2019-05-01', 10.25, 10.25, 10.19, 10.2]
['2019-05-02', 10.22, 10.24, 10.22, 10.23]
['2019-05-03', 10.22, 10.24, 10.22, 10.23]
['2019-05-06', 10.23, 10.24, 10.22, 10.23]
['2019-05-07', 10.23, 10.23, 10.23, 10.23]
['2019-05-08', 10.19, 10.23, 10.19, 10.23]
['2019-05-09', 10.23, 10.23, 10.22, 10.22]
['2019-05-10', 10.49, 10.49, 10.31, 10.39]
['2019-05-13', 10.37, 10.39, 10.32, 10.32]
['2019-05-14', 10.35, 10.38, 10.32, 10.35]
['2019-05-15', 10.4, 10.4, 10.33, 10.35]
['2019-05-16', 10.34, 10.35, 10.21, 10.32]
['2019-05-17', 10.34, 10.34, 10.31, 10.32]
['2019-05-20', 10.31, 10.33, 10.31, 10.31]
['2019-05-21', 10.32, 10.35, 10.3, 10.35]
['2019-05-22', 10.35, 10.36, 10.33, 10.36]
['2019-05-23', 10.38, 10.45, 10.38, 10.43]
['2019-05-24', 10.48, 10.5, 10.42, 10.46]
['2019-05-28', 10.49, 10.49, 10.42, 10.45]
['2019-05-29', 10.49, 10.49, 10.4, 10.4]
['2019-05-30', 10.44, 10.55, 10.4, 10.47]
['2019-05-31', 10.5, 10.5, 10.45, 10.5]
['2019-06-03', 10.5, 10.5, 10.44, 10.46]
['2019-06-04', 10.6, 10.6, 10.44, 10.46]
['2019-06-05', 10.5, 10.5, 10.41, 10.48]
['2019-06-06', 10.45, 10.48, 10.41, 10.48]
['2019-06-07', 10.42, 10.48, 10.33, 10.43]
['2019-06-10', 10.4, 10.45, 10.35, 10.43]
['2019-06-11', 10.38, 10.54, 10.38, 10.43]
['2019-06-12', 10.45, 10.48, 10.31, 10.38]
['2019-06-13', 10.43, 10.43, 10.35, 10.37]
['2019-06-14', 10.36, 10.39, 10.35, 10.38]
['2019-06-17', 10.3, 10.43, 10.3, 10.4]
['2019-06-18', 10.38, 10.45, 10.36, 10.38]
['2019-06-19', 10.38, 10.43, 10.35, 10.37]
['2019-06-20', 10.41, 10.42, 10.38, 10.39]
['2019-06-21', 10.5, 10.5, 10.4, 10.5]
['2019-06-24', 10.49, 10.49, 10.44, 10.49]
['2019-06-25', 10.49, 10.49, 10.38, 10.39]
['2019-06-26', 10.44, 10.44, 10.4, 10.42]
['2019-06-27', 10.42, 10.46, 10.41, 10.44]
['2019-06-28', 10.44, 10.45, 10.41, 10.43]
['2019-07-01', 10.5, 10.5, 10.37, 10.39]
['2019-07-02', 10.4, 10.4, 10.32, 10.33]
['2019-07-03', 10.34, 10.36, 10.3, 10.34]
['2019-07-05', 10.37, 10.37, 10.21, 10.3]
['2019-07-08', 10.35, 10.38, 10.29, 10.31]
['2019-07-09', 10.35, 10.46, 10.32, 10.42]
['2019-07-10', 10.86, 11.95, 10.71, 11.54]
['2019-07-11', 11.85, 13.63, 11.72, 13.31]
['2019-07-12', 13.75, 14.0, 12.09, 12.5]
['2019-07-15', 12.49, 12.6, 12.25, 12.42]
['2019-07-16', 12.5, 12.74, 11.8, 12.0]
['2019-07-17', 11.31, 12.1, 11.21, 11.93]
['2019-07-18', 11.81, 11.98, 11.32, 11.85]
['2019-07-19', 11.79, 11.96, 11.66, 11.74]
['2019-07-22', 11.67, 11.76, 11.4, 11.54]
['2019-07-23', 11.66, 11.66, 11.43, 11.55]
['2019-07-24', 11.5, 11.8, 11.44, 11.69]
['2019-07-25', 11.76, 11.8, 11.59, 11.7]
['2019-07-26', 11.61, 12.04, 11.53, 11.9]
['2019-07-29', 11.85, 11.85, 11.48, 11.61]
['2019-07-30', 11.55, 11.66, 11.51, 11.59]
['2019-07-31', 11.61, 11.74, 11.45, 11.62]
['2019-08-01', 11.61, 11.85, 11.51, 11.67]
['2019-08-02', 11.2, 12.37, 11.2, 11.8]
['2019-08-05', 11.68, 11.9, 11.0, 11.51]
['2019-08-06', 11.45, 11.6, 11.35, 11.53]
['2019-08-07', 11.35, 11.53, 11.25, 11.45]
['2019-08-08', 11.49, 11.87, 11.4, 11.62]
['2019-08-09', 11.57, 11.65, 11.31, 11.53]
['2019-08-12', 11.45, 11.57, 11.22, 11.29]
['2019-08-13', 11.29, 12.42, 11.29, 11.74]
['2019-08-14', 11.69, 11.9, 11.3, 11.77]
['2019-08-15', 11.85, 12.03, 11.43, 11.72]
['2019-08-16', 11.71, 12.06, 11.57, 11.86]
['2019-08-19', 12.04, 12.15, 11.74, 11.84]
['2019-08-20', 11.88, 12.02, 11.7, 12.0]
['2019-08-21', 11.97, 12.34, 11.97, 12.24]
['2019-08-22', 12.22, 12.26, 11.97, 11.98]
['2019-08-23', 11.84, 11.99, 11.72, 11.8]
['2019-08-26', 11.82, 12.17, 11.76, 12.03]
['2019-08-27', 12.2, 12.2, 11.85, 12.07]
['2019-08-28', 12.11, 12.23, 11.9, 12.07]
['2019-08-29', 12.19, 12.3, 11.92, 12.27]
['2019-08-30', 12.34, 13.1, 12.13, 12.7]
['2019-09-03', 12.65, 12.95, 12.39, 12.71]
['2019-09-04', 12.66, 13.0, 12.63, 13.0]
['2019-09-05', 13.19, 13.53, 12.91, 13.04]
['2019-09-06', 13.3, 13.49, 12.75, 12.86]
['2019-09-09', 12.86, 13.33, 12.81, 13.2]
['2019-09-10', 13.31, 13.33, 12.75, 13.0]
['2019-09-11', 13.11, 13.32, 12.97, 13.26]
['2019-09-12', 13.17, 13.45, 12.93, 12.94]
['2019-09-13', 12.91, 13.4, 12.91, 13.35]
['2019-09-16', 13.24, 13.4, 12.96, 13.15]
['2019-09-17', 13.07, 13.5, 13.07, 13.4]
['2019-09-18', 13.43, 13.95, 13.37, 13.42]
['2019-09-19', 13.34, 13.82, 13.31, 13.44]
['2019-09-20', 13.56, 13.99, 13.56, 13.66]
['2019-09-23', 13.7, 14.2, 13.7, 14.0]
['2019-09-24', 14.05, 14.15, 13.81, 13.84]
['2019-09-25', 13.73, 13.88, 13.53, 13.55]
['2019-09-26', 13.54, 13.74, 13.5, 13.56]
['2019-09-27', 13.5, 13.66, 13.17, 13.31]
['2019-09-30', 13.24, 13.41, 13.18, 13.33]
['2019-10-01', 13.37, 13.55, 13.31, 13.4]
['2019-10-02', 13.3, 13.41, 13.03, 13.1]
['2019-10-03', 13.06, 13.6, 13.01, 13.57]
['2019-10-04', 13.68, 13.73, 13.43, 13.63]
['2019-10-07', 13.62, 13.84, 13.42, 13.61]
['2019-10-08', 13.44, 13.67, 13.15, 13.3]
['2019-10-09', 13.25, 13.6, 13.25, 13.3]
['2019-10-10', 13.36, 13.5, 13.15, 13.28]
['2019-10-11', 13.42, 13.63, 13.26, 13.34]
['2019-10-14', 13.24, 13.47, 13.03, 13.17]
['2019-10-15', 13.62, 13.73, 13.19, 13.65]
['2019-10-16', 13.78, 13.79, 13.44, 13.79]
['2019-10-17', 13.72, 13.75, 13.52, 13.73]
['2019-10-18', 13.74, 13.85, 13.59, 13.74]
['2019-10-21', 13.68, 13.94, 13.68, 13.82]
['2019-10-22', 13.92, 13.92, 13.7, 13.78]
['2019-10-23', 13.71, 13.9, 13.61, 13.7]
['2019-10-24', 13.7, 13.86, 13.61, 13.8]
['2019-10-25', 13.84, 14.4, 13.75, 14.15]
['2019-10-28', 14.16, 14.31, 13.92, 14.0]
['2019-10-29', 13.99, 14.25, 13.9, 13.98]
['2019-10-30', 13.94, 14.13, 13.78, 14.0]
['2019-10-31', 13.98, 14.09, 13.43, 13.43]
['2019-11-01', 13.52, 13.77, 13.47, 13.68]
['2019-11-04', 13.84, 13.87, 13.13, 13.19]
['2019-11-05', 13.3, 13.43, 13.07, 13.22]
['2019-11-06', 13.25, 13.28, 12.87, 12.98]
['2019-11-07', 12.98, 13.13, 12.17, 12.5]
['2019-11-08', 12.49, 12.63, 12.25, 12.42]
['2019-11-11', 12.32, 12.9, 12.25, 12.67]
['2019-11-12', 12.77, 13.19, 12.66, 12.76]
['2019-11-13', 12.74, 13.44, 12.67, 13.2]
['2019-11-14', 13.28, 13.64, 13.15, 13.6]
['2019-11-15', 13.45, 14.67, 13.25, 14.0]
['2019-11-18', 14.09, 14.12, 13.89, 14.04]
['2019-11-19', 14.17, 14.28, 14.04, 14.2]
['2019-11-20', 14.19, 14.31, 13.94, 14.18]
['2019-11-21', 14.2, 14.25, 13.75, 13.8]
['2019-11-22', 13.86, 14.19, 13.5, 13.78]
['2019-11-25', 13.74, 14.06, 13.48, 13.78]
['2019-11-26', 13.79, 14.01, 13.65, 13.98]
['2019-11-27', 14.02, 14.06, 13.72, 13.8]
['2019-11-29', 13.71, 13.99, 13.7, 13.83]
['2019-12-02', 13.89, 14.06, 13.75, 13.98]
['2019-12-03', 13.81, 14.2, 13.8, 14.12]
['2019-12-04', 14.16, 14.53, 14.0, 14.43]
['2019-12-05', 14.42, 14.57, 14.4, 14.48]
['2019-12-06', 14.75, 14.94, 14.39, 14.78]
['2019-12-09', 14.75, 14.81, 14.57, 14.77]
['2019-12-10', 14.75, 14.98, 14.75, 14.85]
['2019-12-11', 14.83, 14.94, 14.66, 14.85]
['2019-12-12', 14.85, 15.0, 14.73, 14.99]
['2019-12-13', 14.99, 15.54, 14.82, 14.96]
['2019-12-16', 15.09, 15.18, 14.77, 15.01]
['2019-12-17', 15.22, 15.81, 15.02, 15.28]
['2019-12-18', 15.23, 15.4, 15.1, 15.28]
['2019-12-19', 15.31, 15.5, 15.2, 15.43]
['2019-12-20', 15.44, 15.45, 15.06, 15.22]
['2019-12-23', 15.22, 15.22, 14.86, 14.94]
['2019-12-24', 14.9, 14.95, 14.71, 14.79]
['2019-12-26', 14.79, 15.04, 14.66, 14.86]
['2019-12-27', 14.89, 14.97, 14.51, 14.58]
['2019-12-30', 14.57, 14.91, 14.45, 14.66]
['2019-12-31', 14.65, 14.95, 14.58, 14.65]
['2020-01-02', 14.79, 15.19, 14.76, 15.08]
['2020-01-03', 14.96, 15.16, 14.72, 14.99]
['2020-01-06', 15.18, 15.3, 14.57, 15.18]
['2020-01-07', 15.15, 15.54, 15.05, 15.39]
['2020-01-08', 15.34, 15.62, 15.24, 15.32]
['2020-01-09', 15.34, 15.61, 15.34, 15.52]
['2020-01-10', 15.57, 16.18, 15.44, 15.91]
['2020-01-13', 16.06, 16.65, 15.79, 15.9]
['2020-01-14', 15.93, 16.05, 15.47, 15.92]
['2020-01-15', 15.9, 16.19, 15.69, 15.74]
['2020-01-16', 15.84, 15.92, 15.5, 15.78]
['2020-01-17', 15.87, 16.12, 15.63, 15.97]
['2020-01-21', 16.08, 16.29, 15.97, 16.14]
['2020-01-22', 16.28, 16.76, 15.99, 16.16]
['2020-01-23', 16.13, 16.26, 15.87, 15.97]
['2020-01-24', 16.52, 16.73, 15.98, 16.58]
['2020-01-27', 16.29, 17.2, 16.1, 16.91]
['2020-01-28', 17.05, 17.09, 16.65, 16.78]
['2020-01-29', 16.86, 16.89, 16.5, 16.71]
['2020-01-30', 16.57, 17.19, 16.32, 16.92]
['2020-01-31', 17.0, 17.24, 16.77, 16.91]
['2020-02-03', 16.9, 17.24, 16.8, 17.04]
['2020-02-04', 17.18, 18.23, 17.14, 17.8]
['2020-02-05', 17.86, 17.95, 17.18, 17.35]
['2020-02-06', 17.37, 17.73, 17.24, 17.58]
['2020-02-07', 17.57, 17.72, 17.53, 17.69]
['2020-02-10', 17.65, 17.97, 17.64, 17.9]
['2020-02-11', 18.11, 18.37, 17.9, 18.11]
['2020-02-12', 18.28, 18.33, 18.11, 18.26]
['2020-02-13', 18.26, 18.55, 18.25, 18.41]
['2020-02-14', 18.54, 18.87, 18.33, 18.62]
['2020-02-18', 18.9, 19.31, 18.45, 19.01]
['2020-02-19', 19.18, 19.57, 19.01, 19.4]
['2020-02-20', 19.4, 19.58, 19.0, 19.08]
['2020-02-21', 19.25, 19.28, 18.76, 19.09]
['2020-02-24', 18.82, 18.94, 18.36, 18.63]
['2020-02-25', 18.69, 18.82, 17.88, 17.96]
['2020-02-26', 17.93, 18.15, 17.8, 18.0]
['2020-02-27', 17.78, 18.24, 17.35, 17.4]
['2020-02-28', 17.04, 17.78, 17.04, 17.53]
['2020-03-02', 17.92, 18.25, 17.75, 18.11]
['2020-03-03', 18.35, 18.58, 17.83, 17.98]
['2020-03-04', 18.27, 18.68, 18.0, 18.42]
['2020-03-05', 18.18, 18.96, 18.03, 18.15]
['2020-03-06', 18.0, 18.12, 17.34, 17.9]
['2020-03-09', 17.11, 17.54, 16.79, 17.42]
['2020-03-10', 17.9, 18.14, 17.47, 18.08]
['2020-03-11', 17.8, 18.09, 17.2, 17.34]
['2020-03-12', 16.47, 16.79, 14.05, 14.42]
['2020-03-13', 15.04, 16.6, 14.7, 16.35]
['2020-03-16', 14.9, 16.72, 13.46, 13.47]
['2020-03-17', 14.15, 16.48, 13.71, 15.54]
['2020-03-18', 14.96, 15.86, 11.81, 12.14]
['2020-03-19', 12.12, 13.74, 11.9, 12.24]
['2020-03-20', 12.94, 13.02, 11.43, 11.75]
['2020-03-23', 11.84, 12.05, 10.69, 11.35]
['2020-03-24', 11.82, 12.99, 11.73, 12.7]
['2020-03-25', 12.75, 14.42, 12.71, 13.74]
['2020-03-26', 13.86, 15.5, 13.86, 15.26]
['2020-03-27', 14.72, 14.84, 14.01, 14.06]
['2020-03-30', 14.07, 15.22, 13.88, 14.94]
['2020-03-31', 14.81, 15.14, 14.01, 14.35]
['2020-04-01', 13.69, 14.31, 13.21, 13.53]
['2020-04-02', 13.5, 13.97, 13.15, 13.5]
['2020-04-03', 13.34, 13.48, 12.37, 13.06]
['2020-04-06', 13.53, 14.12, 12.82, 14.06]
['2020-04-07', 14.57, 15.76, 14.12, 14.92]
['2020-04-08', 15.05, 15.59, 14.57, 14.67]
['2020-04-09', 14.87, 15.08, 13.52, 14.97]
['2020-04-13', 14.91, 14.93, 14.04, 14.82]
['2020-04-14', 14.93, 15.63, 14.52, 15.15]
['2020-04-15', 15.31, 15.58, 14.41, 15.35]
['2020-04-16', 15.37, 15.92, 15.2, 15.41]
['2020-04-17', 15.74, 16.15, 14.76, 14.83]
['2020-04-20', 14.64, 15.51, 14.3, 15.05]
['2020-04-21', 14.84, 15.4, 14.7, 15.21]
['2020-04-22', 15.6, 16.71, 15.42, 16.57]
['2020-04-23', 16.5, 16.56, 15.53, 15.9]
['2020-04-24', 16.1, 16.85, 15.97, 16.26]
['2020-04-27', 16.56, 17.18, 16.37, 16.92]
['2020-04-28', 17.18, 17.98, 17.12, 17.95]
['2020-04-29', 18.12, 18.95, 17.88, 17.97]
['2020-04-30', 17.91, 18.14, 17.54, 17.87]
['2020-05-01', 17.48, 17.53, 16.94, 17.46]
['2020-05-04', 17.43, 17.89, 16.97, 17.35]
['2020-05-05', 17.47, 18.02, 17.3, 17.7]
['2020-05-06', 17.95, 18.0, 16.97, 17.33]
['2020-05-07', 17.63, 17.74, 17.19, 17.28]
['2020-05-08', 17.41, 17.96, 17.11, 17.94]
['2020-05-11', 17.77, 17.82, 16.73, 16.84]
['2020-05-12', 18.0, 18.76, 17.9, 18.31]
['2020-05-13', 18.7, 18.7, 17.87, 18.66]
['2020-05-14', 18.38, 19.3, 18.19, 19.18]
['2020-05-15', 19.24, 20.32, 18.97, 19.99]
