['2015-08-05', 13.06, 13.31, 10.4, 10.77]
['2015-08-06', 11.0, 11.2, 8.23, 8.77]
['2015-08-07', 9.19, 10.2, 8.77, 10.14]
['2015-08-10', 10.73, 10.73, 10.0, 10.12]
['2015-08-11', 10.0, 10.03, 9.5, 9.79]
['2015-08-12', 9.68, 10.4, 9.65, 10.35]
['2015-08-13', 10.07, 10.34, 10.05, 10.12]
['2015-08-14', 10.01, 10.17, 9.73, 10.04]
['2015-08-17', 10.04, 10.26, 9.96, 10.13]
['2015-08-18', 10.0, 10.34, 10.0, 10.24]
['2015-08-19', 10.3, 11.03, 10.17, 10.73]
['2015-08-20', 10.55, 10.74, 10.0, 10.52]
['2015-08-21', 10.2, 10.56, 9.81, 9.9]
['2015-08-24', 9.39, 9.39, 8.5, 9.16]
['2015-08-25', 9.68, 10.21, 9.65, 9.9]
['2015-08-26', 10.03, 10.8, 9.99, 10.78]
['2015-08-27', 10.91, 11.14, 10.83, 11.0]
['2015-08-28', 11.18, 11.85, 10.95, 11.62]
['2015-08-31', 11.86, 12.24, 11.4, 11.88]
['2015-09-01', 11.49, 12.0, 11.25, 11.86]
['2015-09-02', 12.0, 12.15, 10.5, 11.59]
['2015-09-03', 11.48, 11.9, 11.1, 11.64]
['2015-09-04', 11.56, 11.63, 11.03, 11.56]
['2015-09-08', 12.0, 12.0, 10.91, 11.55]
['2015-09-09', 11.75, 11.9, 11.15, 11.39]
['2015-09-10', 11.44, 11.87, 11.44, 11.69]
['2015-09-11', 11.5, 11.69, 11.25, 11.5]
['2015-09-14', 11.41, 11.51, 10.94, 11.25]
['2015-09-15', 11.18, 11.49, 11.0, 11.49]
['2015-09-16', 11.4, 11.5, 11.0, 11.31]
['2015-09-17', 11.24, 11.64, 11.24, 11.4]
['2015-09-18', 11.3, 11.9, 11.11, 11.58]
['2015-09-21', 11.69, 11.9, 11.33, 11.74]
['2015-09-22', 11.6, 11.9, 11.25, 11.39]
['2015-09-23', 11.75, 11.75, 10.97, 11.01]
['2015-09-24', 10.88, 11.0, 10.74, 10.81]
['2015-09-25', 10.88, 11.32, 10.79, 11.13]
['2015-09-28', 11.04, 11.34, 10.01, 10.06]
['2015-09-29', 10.14, 10.43, 9.53, 9.81]
['2015-09-30', 9.9, 10.74, 9.71, 10.37]
['2015-10-01', 10.38, 11.08, 9.98, 10.3]
['2015-10-02', 10.13, 10.69, 9.94, 10.51]
['2015-10-05', 10.71, 10.97, 10.51, 10.66]
['2015-10-06', 10.65, 11.23, 10.64, 11.05]
['2015-10-07', 11.08, 11.47, 10.57, 11.19]
['2015-10-08', 11.29, 11.41, 11.0, 11.39]
['2015-10-09', 11.42, 11.6, 11.22, 11.26]
['2015-10-12', 11.31, 11.31, 10.75, 10.78]
['2015-10-13', 10.67, 10.93, 10.58, 10.69]
['2015-10-14', 10.65, 10.96, 10.54, 10.74]
['2015-10-15', 10.85, 11.0, 10.36, 10.6]
['2015-10-16', 10.68, 10.7, 10.31, 10.34]
['2015-10-19', 10.28, 10.34, 9.65, 9.81]
['2015-10-20', 9.81, 9.85, 9.48, 9.5]
['2015-10-21', 9.5, 9.57, 8.52, 8.94]
['2015-10-22', 9.03, 9.19, 8.81, 8.9]
['2015-10-23', 8.84, 9.34, 8.83, 9.08]
['2015-10-26', 9.03, 9.23, 8.9, 9.21]
['2015-10-27', 9.13, 9.4, 8.89, 9.04]
['2015-10-28', 9.05, 9.44, 9.05, 9.42]
['2015-10-29', 9.22, 9.39, 8.88, 8.91]
['2015-10-30', 8.81, 8.83, 7.0, 7.41]
['2015-11-02', 7.37, 7.58, 7.11, 7.36]
['2015-11-03', 7.37, 7.7, 7.19, 7.52]
['2015-11-04', 7.68, 7.92, 7.5, 7.71]
['2015-11-05', 7.8, 8.11, 7.72, 8.07]
['2015-11-06', 8.02, 8.1, 7.57, 7.82]
['2015-11-09', 8.29, 8.29, 7.55, 7.73]
['2015-11-10', 7.67, 7.93, 7.25, 7.27]
['2015-11-11', 7.24, 7.45, 6.87, 6.99]
['2015-11-12', 6.99, 6.99, 6.36, 6.58]
['2015-11-13', 6.39, 7.93, 6.39, 7.31]
['2015-11-16', 7.4, 7.4, 6.84, 7.0]
['2015-11-17', 7.04, 7.25, 6.51, 6.72]
['2015-11-18', 6.8, 7.01, 6.36, 6.55]
['2015-11-19', 6.51, 6.78, 6.45, 6.5]
['2015-11-20', 6.59, 6.74, 6.51, 6.67]
['2015-11-23', 6.62, 6.96, 6.56, 6.6]
['2015-11-24', 6.59, 6.82, 6.59, 6.74]
['2015-11-25', 6.7, 6.84, 6.6, 6.75]
['2015-11-27', 6.81, 7.41, 6.81, 7.22]
['2015-11-30', 7.23, 7.28, 6.61, 6.65]
['2015-12-01', 6.7, 7.14, 6.53, 7.05]
['2015-12-02', 7.05, 7.46, 6.91, 7.39]
['2015-12-03', 7.52, 8.35, 7.52, 7.95]
['2015-12-04', 7.95, 8.03, 7.66, 7.85]
['2015-12-07', 7.79, 8.37, 7.74, 7.91]
['2015-12-08', 8.11, 8.11, 7.62, 7.77]
['2015-12-09', 7.79, 8.03, 7.55, 7.71]
['2015-12-10', 7.6, 7.83, 7.56, 7.57]
['2015-12-11', 7.46, 8.02, 7.46, 7.86]
['2015-12-14', 7.95, 9.38, 7.83, 9.1]
['2015-12-15', 9.26, 11.29, 9.16, 9.49]
['2015-12-16', 11.17, 12.17, 10.89, 11.63]
['2015-12-17', 12.85, 13.3, 11.79, 12.71]
['2015-12-18', 12.45, 13.95, 11.95, 13.74]
['2015-12-21', 14.15, 14.95, 13.13, 13.4]
['2015-12-22', 13.45, 13.65, 11.41, 11.6]
['2015-12-23', 11.95, 12.36, 11.55, 11.88]
['2015-12-24', 11.69, 12.47, 11.6, 12.19]
['2015-12-28', 12.11, 12.38, 11.6, 11.67]
['2015-12-29', 11.79, 12.05, 11.07, 11.7]
['2015-12-30', 11.65, 12.07, 11.45, 11.72]
['2015-12-31', 11.76, 11.95, 11.64, 11.77]
['2016-01-04', 11.27, 11.49, 11.08, 11.21]
['2016-01-05', 10.88, 11.0, 9.42, 9.61]
['2016-01-06', 9.27, 10.38, 9.08, 10.2]
['2016-01-07', 9.8, 9.97, 9.16, 9.21]
['2016-01-08', 9.35, 9.95, 9.25, 9.75]
['2016-01-11', 9.65, 9.7, 9.08, 9.31]
['2016-01-12', 9.35, 9.5, 8.4, 8.67]
['2016-01-13', 8.6, 8.76, 8.03, 8.25]
['2016-01-14', 8.08, 8.55, 7.78, 8.0]
['2016-01-15', 7.75, 7.9, 7.26, 7.75]
['2016-01-19', 7.83, 7.89, 7.3, 7.4]
['2016-01-20', 7.25, 9.2, 6.94, 8.54]
['2016-01-21', 8.62, 9.07, 8.45, 8.97]
['2016-01-22', 9.37, 9.7, 8.53, 8.79]
['2016-01-25', 8.78, 8.85, 8.14, 8.41]
['2016-01-26', 8.48, 9.08, 8.2, 8.73]
['2016-01-27', 8.65, 8.73, 8.22, 8.34]
['2016-01-28', 8.43, 10.19, 8.43, 10.05]
['2016-01-29', 10.15, 10.17, 9.4, 9.52]
['2016-02-01', 9.62, 9.62, 8.63, 8.94]
['2016-02-02', 8.83, 8.83, 8.16, 8.34]
['2016-02-03', 8.44, 8.57, 7.83, 8.1]
['2016-02-04', 8.2, 8.3, 7.82, 8.05]
['2016-02-05', 8.05, 8.14, 7.77, 7.96]
['2016-02-08', 7.87, 7.94, 7.37, 7.6]
['2016-02-09', 7.51, 7.58, 6.87, 7.2]
['2016-02-10', 6.38, 6.79, 5.92, 6.07]
['2016-02-11', 5.6, 5.82, 4.99, 5.08]
['2016-02-12', 5.31, 5.52, 5.0, 5.04]
['2016-02-16', 5.06, 5.72, 4.86, 4.96]
['2016-02-17', 5.04, 5.97, 5.02, 5.33]
['2016-02-18', 5.45, 5.93, 5.24, 5.63]
['2016-02-19', 5.57, 5.72, 5.22, 5.41]
['2016-02-22', 5.5, 5.69, 5.03, 5.06]
['2016-02-23', 5.08, 5.27, 4.97, 5.16]
['2016-02-24', 5.09, 5.26, 4.9, 5.06]
['2016-02-25', 5.08, 5.47, 5.08, 5.3]
['2016-02-26', 5.37, 5.65, 5.33, 5.51]
['2016-02-29', 5.59, 5.83, 5.5, 5.62]
['2016-03-01', 5.67, 5.85, 5.13, 5.47]
['2016-03-02', 5.49, 6.6, 5.36, 6.1]
['2016-03-03', 6.04, 6.6, 6.0, 6.4]
['2016-03-04', 6.5, 6.75, 6.12, 6.21]
['2016-03-07', 6.22, 6.84, 6.2, 6.6]
['2016-03-08', 6.66, 6.78, 6.53, 6.68]
['2016-03-09', 6.74, 6.87, 6.25, 6.65]
['2016-03-10', 6.87, 7.24, 6.7, 7.15]
['2016-03-11', 6.16, 6.56, 6.01, 6.36]
['2016-03-14', 6.38, 6.79, 6.15, 6.36]
['2016-03-15', 6.26, 6.47, 6.2, 6.31]
['2016-03-16', 6.23, 6.66, 6.21, 6.63]
['2016-03-17', 6.65, 6.95, 6.62, 6.89]
['2016-03-18', 6.99, 7.08, 6.62, 6.69]
['2016-03-21', 6.89, 6.89, 6.54, 6.72]
['2016-03-22', 6.73, 6.77, 6.5, 6.57]
['2016-03-23', 6.51, 6.59, 6.18, 6.36]
['2016-03-24', 6.13, 6.33, 6.0, 6.24]
['2016-03-28', 6.31, 6.51, 6.21, 6.47]
['2016-03-29', 6.41, 6.55, 6.24, 6.4]
['2016-03-30', 6.42, 6.6, 6.42, 6.47]
['2016-03-31', 6.48, 6.54, 6.25, 6.48]
['2016-04-01', 6.37, 6.53, 6.29, 6.44]
['2016-04-04', 6.47, 6.53, 6.28, 6.3]
['2016-04-05', 6.3, 6.6, 6.19, 6.57]
['2016-04-06', 6.6, 7.0, 6.57, 6.97]
['2016-04-07', 6.97, 7.18, 6.63, 6.78]
['2016-04-08', 6.9, 6.98, 6.66, 6.75]
['2016-04-11', 6.69, 6.89, 6.65, 6.74]
['2016-04-12', 6.72, 6.89, 6.66, 6.74]
['2016-04-13', 6.68, 6.9, 6.68, 6.87]
['2016-04-14', 6.83, 7.37, 6.83, 7.15]
['2016-04-15', 7.1, 7.27, 6.97, 7.04]
['2016-04-18', 6.99, 7.18, 6.87, 7.09]
['2016-04-19', 7.15, 7.23, 6.99, 7.02]
['2016-04-20', 6.99, 7.38, 6.96, 7.27]
['2016-04-21', 7.3, 7.9, 7.26, 7.76]
['2016-04-22', 7.82, 8.04, 7.71, 7.91]
['2016-04-25', 7.9, 8.02, 7.55, 7.6]
['2016-04-26', 7.56, 7.76, 7.4, 7.7]
['2016-04-27', 7.72, 8.41, 7.61, 8.39]
['2016-04-28', 8.25, 8.45, 7.97, 8.02]
['2016-04-29', 8.02, 8.02, 7.69, 7.88]
['2016-05-02', 7.83, 8.08, 7.49, 7.97]
['2016-05-03', 7.93, 8.08, 7.53, 7.59]
['2016-05-04', 7.64, 7.91, 7.44, 7.47]
['2016-05-05', 7.52, 7.77, 7.21, 7.27]
['2016-05-06', 7.25, 7.54, 7.19, 7.5]
['2016-05-09', 7.52, 7.55, 7.16, 7.39]
['2016-05-10', 7.07, 7.2, 6.3, 6.37]
['2016-05-11', 6.36, 6.65, 6.35, 6.37]
['2016-05-12', 6.39, 6.53, 6.09, 6.15]
['2016-05-13', 7.17, 7.17, 6.4, 6.61]
['2016-05-16', 6.34, 6.46, 5.89, 6.35]
['2016-05-17', 6.1, 6.34, 5.8, 6.02]
['2016-05-18', 5.98, 6.18, 5.83, 6.04]
['2016-05-19', 6.0, 6.15, 5.92, 6.08]
['2016-05-20', 6.07, 6.15, 5.98, 6.11]
['2016-05-23', 6.06, 6.45, 6.0, 6.35]
['2016-05-24', 6.39, 6.49, 6.22, 6.34]
['2016-05-25', 6.34, 6.37, 6.23, 6.29]
['2016-05-26', 6.3, 6.44, 6.26, 6.36]
['2016-05-27', 6.41, 6.68, 6.3, 6.41]
['2016-05-31', 6.37, 6.6, 6.22, 6.34]
['2016-06-01', 6.29, 6.29, 6.15, 6.24]
['2016-06-02', 6.23, 6.31, 6.15, 6.31]
['2016-06-03', 6.3, 6.31, 6.02, 6.07]
['2016-06-06', 6.1, 6.53, 6.1, 6.44]
['2016-06-07', 6.38, 6.46, 6.25, 6.43]
['2016-06-08', 6.47, 6.59, 6.44, 6.52]
['2016-06-09', 6.49, 6.59, 6.39, 6.43]
['2016-06-10', 6.4, 6.51, 6.24, 6.3]
['2016-06-13', 6.26, 6.41, 5.91, 6.06]
['2016-06-14', 5.93, 6.19, 5.86, 5.91]
['2016-06-15', 5.88, 6.25, 5.83, 6.01]
['2016-06-16', 5.97, 6.11, 5.9, 6.03]
['2016-06-17', 6.06, 6.34, 5.98, 6.02]
['2016-06-20', 6.0, 6.33, 6.0, 6.18]
['2016-06-21', 6.3, 6.3, 6.02, 6.23]
['2016-06-22', 6.34, 6.38, 5.83, 5.9]
['2016-06-23', 5.88, 6.06, 5.72, 5.89]
['2016-06-24', 5.6, 5.73, 5.27, 5.59]
['2016-06-27', 5.53, 5.59, 5.11, 5.22]
['2016-06-28', 5.28, 5.5, 5.24, 5.49]
['2016-06-29', 5.54, 5.67, 5.43, 5.65]
['2016-06-30', 5.65, 5.95, 5.62, 5.93]
['2016-07-01', 5.88, 5.88, 5.16, 5.44]
['2016-07-05', 5.4, 5.43, 5.07, 5.14]
['2016-07-06', 5.09, 5.17, 4.94, 5.1]
['2016-07-07', 5.13, 5.3, 5.01, 5.14]
['2016-07-08', 5.19, 5.24, 5.06, 5.08]
['2016-07-11', 5.11, 5.2, 4.9, 5.09]
['2016-07-12', 5.17, 5.28, 4.99, 5.25]
['2016-07-13', 5.25, 5.29, 5.05, 5.12]
['2016-07-14', 5.18, 5.2, 5.06, 5.13]
['2016-07-15', 5.17, 5.2, 4.97, 5.07]
['2016-07-18', 5.08, 5.27, 4.99, 5.21]
['2016-07-19', 5.21, 5.3, 5.07, 5.15]
['2016-07-20', 5.16, 5.3, 5.15, 5.27]
['2016-07-21', 5.23, 5.32, 5.08, 5.12]
['2016-07-22', 5.12, 5.15, 5.05, 5.13]
['2016-07-25', 5.14, 5.19, 5.08, 5.08]
['2016-07-26', 5.05, 5.24, 5.05, 5.08]
['2016-07-27', 5.06, 5.28, 5.06, 5.26]
['2016-07-28', 5.21, 5.25, 5.08, 5.11]
['2016-07-29', 5.09, 5.21, 5.0, 5.18]
['2016-08-01', 5.18, 5.18, 5.0, 5.07]
['2016-08-02', 5.1, 5.15, 4.97, 5.0]
['2016-08-03', 4.98, 5.07, 4.92, 4.94]
['2016-08-04', 4.95, 5.03, 4.9, 4.96]
['2016-08-05', 4.92, 5.2, 4.9, 5.19]
['2016-08-08', 5.23, 5.58, 5.23, 5.56]
['2016-08-09', 5.57, 5.69, 5.45, 5.5]
['2016-08-10', 5.46, 5.47, 5.19, 5.22]
['2016-08-11', 5.28, 5.48, 5.15, 5.41]
['2016-08-12', 6.39, 6.9, 5.98, 6.23]
['2016-08-15', 6.21, 6.28, 5.93, 6.21]
['2016-08-16', 6.2, 6.2, 5.91, 6.09]
['2016-08-17', 6.09, 6.09, 5.83, 5.95]
['2016-08-18', 6.03, 6.18, 5.96, 6.03]
['2016-08-19', 6.03, 6.04, 5.95, 5.98]
['2016-08-22', 5.93, 6.02, 5.86, 6.0]
['2016-08-23', 6.01, 6.12, 5.95, 6.1]
['2016-08-24', 6.11, 6.17, 5.99, 5.99]
['2016-08-25', 5.99, 6.08, 5.91, 6.0]
['2016-08-26', 5.99, 6.18, 5.9, 5.95]
['2016-08-29', 5.97, 6.09, 5.94, 6.0]
['2016-08-30', 6.0, 6.15, 5.99, 6.01]
['2016-08-31', 6.03, 6.09, 5.95, 6.08]
['2016-09-01', 6.1, 6.15, 5.91, 6.06]
['2016-09-02', 6.1, 6.18, 6.03, 6.12]
['2016-09-06', 6.11, 6.23, 6.06, 6.22]
['2016-09-07', 6.19, 6.23, 6.07, 6.11]
['2016-09-08', 6.3, 6.3, 6.12, 6.19]
['2016-09-09', 6.13, 6.19, 5.97, 6.06]
['2016-09-12', 6.02, 6.2, 5.95, 6.1]
['2016-09-13', 6.02, 6.02, 5.54, 5.66]
['2016-09-14', 5.62, 5.83, 5.47, 5.54]
['2016-09-15', 5.56, 5.63, 5.41, 5.52]
['2016-09-16', 5.47, 5.57, 5.25, 5.38]
['2016-09-19', 5.38, 5.48, 5.35, 5.42]
['2016-09-20', 5.46, 5.5, 5.28, 5.45]
['2016-09-21', 5.47, 5.69, 5.45, 5.57]
['2016-09-22', 5.6, 5.75, 5.52, 5.75]
['2016-09-23', 5.79, 5.95, 5.78, 5.92]
['2016-09-26', 5.92, 6.1, 5.86, 6.03]
['2016-09-27', 6.01, 6.16, 5.99, 6.16]
['2016-09-28', 6.23, 6.29, 6.08, 6.23]
['2016-09-29', 6.25, 6.35, 6.13, 6.24]
['2016-09-30', 6.29, 6.34, 6.15, 6.3]
['2016-10-03', 6.31, 6.38, 6.05, 6.17]
['2016-10-04', 6.21, 6.24, 5.9, 5.91]
['2016-10-05', 5.92, 6.28, 5.9, 6.26]
['2016-10-06', 6.35, 6.4, 6.06, 6.12]
['2016-10-07', 6.47, 6.75, 6.26, 6.49]
['2016-10-10', 6.55, 7.09, 6.51, 6.91]
['2016-10-11', 7.0, 7.34, 6.84, 7.02]
['2016-10-12', 7.01, 7.23, 6.74, 6.81]
['2016-10-13', 6.75, 6.8, 6.46, 6.54]
['2016-10-14', 6.6, 6.67, 6.36, 6.38]
['2016-10-17', 6.36, 6.55, 6.33, 6.42]
['2016-10-18', 6.5, 6.64, 6.4, 6.53]
['2016-10-19', 6.57, 6.78, 6.51, 6.65]
['2016-10-20', 6.64, 6.74, 6.52, 6.67]
['2016-10-21', 6.62, 6.68, 6.19, 6.27]
['2016-10-24', 6.29, 6.34, 6.01, 6.08]
['2016-10-25', 6.07, 6.15, 5.96, 5.98]
['2016-10-26', 5.95, 6.0, 5.53, 5.53]
['2016-10-27', 5.65, 5.71, 5.35, 5.37]
['2016-10-28', 5.36, 5.53, 5.12, 5.18]
['2016-10-31', 5.18, 5.3, 5.03, 5.21]
['2016-11-01', 5.2, 5.3, 4.85, 4.86]
['2016-11-02', 4.87, 4.91, 4.59, 4.63]
['2016-11-03', 4.84, 4.84, 4.57, 4.65]
['2016-11-04', 4.64, 4.9, 4.61, 4.71]
['2016-11-07', 4.93, 5.04, 4.86, 4.92]
['2016-11-08', 5.02, 5.09, 4.88, 4.99]
['2016-11-09', 4.18, 4.85, 4.15, 4.79]
['2016-11-10', 4.49, 4.78, 4.44, 4.71]
['2016-11-11', 5.21, 5.5, 4.96, 5.11]
['2016-11-14', 5.12, 5.19, 4.93, 4.98]
['2016-11-15', 5.01, 5.08, 4.76, 4.91]
['2016-11-16', 4.84, 4.86, 4.71, 4.85]
['2016-11-17', 4.82, 4.85, 4.71, 4.8]
['2016-11-18', 4.83, 5.02, 4.83, 4.98]
['2016-11-21', 5.06, 5.1, 4.76, 4.82]
['2016-11-22', 5.02, 5.18, 4.89, 5.05]
['2016-11-23', 5.02, 5.3, 4.98, 5.28]
['2016-11-25', 5.33, 5.42, 5.18, 5.34]
['2016-11-28', 5.41, 5.6, 5.3, 5.38]
['2016-11-29', 5.38, 5.45, 4.96, 4.99]
['2016-11-30', 5.09, 5.29, 5.06, 5.1]
['2016-12-01', 5.13, 5.23, 4.89, 5.0]
['2016-12-02', 5.05, 5.12, 4.95, 5.09]
['2016-12-05', 5.1, 5.33, 5.08, 5.32]
['2016-12-06', 5.33, 5.47, 5.24, 5.46]
['2016-12-07', 5.47, 5.7, 5.43, 5.58]
['2016-12-08', 5.62, 5.79, 5.58, 5.65]
['2016-12-09', 5.69, 5.86, 5.65, 5.85]
['2016-12-12', 5.87, 5.95, 5.61, 5.65]
['2016-12-13', 5.69, 5.7, 5.25, 5.37]
['2016-12-14', 5.39, 5.41, 5.17, 5.24]
['2016-12-15', 5.23, 5.39, 5.19, 5.32]
['2016-12-16', 5.35, 5.62, 5.33, 5.59]
['2016-12-19', 5.58, 5.84, 5.52, 5.8]
['2016-12-20', 5.8, 5.89, 5.47, 5.55]
['2016-12-21', 5.56, 5.74, 5.5, 5.53]
['2016-12-22', 5.54, 5.54, 5.35, 5.44]
['2016-12-23', 5.41, 5.42, 5.22, 5.23]
['2016-12-27', 5.23, 5.62, 5.2, 5.61]
['2016-12-28', 5.64, 5.68, 5.38, 5.44]
['2016-12-29', 5.43, 5.58, 5.31, 5.33]
['2016-12-30', 5.31, 5.36, 5.25, 5.31]
['2017-01-03', 5.39, 5.6, 5.36, 5.59]
['2017-01-04', 5.6, 5.85, 5.57, 5.82]
['2017-01-05', 5.82, 5.85, 5.71, 5.81]
['2017-01-06', 5.82, 5.88, 5.64, 5.8]
['2017-01-09', 5.77, 5.85, 5.62, 5.67]
['2017-01-10', 5.86, 6.01, 5.74, 6.0]
['2017-01-11', 6.01, 6.5, 5.93, 6.4]
['2017-01-12', 6.35, 6.35, 6.04, 6.17]
['2017-01-13', 6.18, 6.37, 6.15, 6.25]
['2017-01-17', 6.22, 6.36, 6.14, 6.16]
['2017-01-18', 6.16, 6.25, 6.08, 6.1]
['2017-01-19', 6.12, 6.17, 5.78, 5.81]
['2017-01-20', 5.81, 5.89, 5.75, 5.88]
['2017-01-23', 5.88, 5.88, 5.5, 5.59]
['2017-01-24', 5.6, 5.7, 5.5, 5.65]
['2017-01-25', 5.7, 5.88, 5.7, 5.75]
['2017-01-26', 5.77, 5.88, 5.65, 5.7]
['2017-01-27', 5.72, 5.78, 5.5, 5.55]
['2017-01-30', 5.51, 5.52, 5.21, 5.25]
['2017-01-31', 5.22, 5.3, 5.11, 5.29]
['2017-02-01', 5.26, 5.58, 5.26, 5.57]
['2017-02-02', 5.53, 5.59, 5.45, 5.51]
['2017-02-03', 5.52, 5.66, 5.5, 5.66]
['2017-02-06', 5.61, 5.61, 5.48, 5.57]
['2017-02-07', 5.57, 5.63, 5.5, 5.59]
['2017-02-08', 5.57, 5.79, 5.53, 5.74]
['2017-02-09', 5.76, 5.78, 5.7, 5.73]
['2017-02-10', 5.79, 6.08, 5.75, 5.99]
['2017-02-13', 6.03, 6.15, 6.01, 6.06]
['2017-02-14', 6.04, 6.06, 5.9, 6.04]
['2017-02-15', 6.02, 6.18, 5.96, 6.17]
['2017-02-16', 6.15, 6.15, 5.93, 6.04]
['2017-02-17', 6.05, 6.06, 5.85, 5.96]
['2017-02-21', 6.0, 6.14, 5.93, 6.02]
['2017-02-22', 6.0, 6.0, 5.72, 5.83]
['2017-02-23', 5.84, 5.98, 5.81, 5.91]
['2017-02-24', 5.85, 5.95, 5.81, 5.85]
['2017-02-27', 5.85, 5.95, 5.81, 5.92]
['2017-02-28', 5.9, 5.92, 5.67, 5.69]
['2017-03-01', 5.75, 5.8, 5.51, 5.62]
['2017-03-02', 5.6, 5.7, 5.45, 5.48]
['2017-03-03', 5.5, 5.63, 5.4, 5.41]
['2017-03-06', 5.41, 5.41, 5.21, 5.25]
['2017-03-07', 5.3, 5.35, 5.19, 5.27]
['2017-03-08', 5.4, 5.47, 5.16, 5.24]
['2017-03-09', 5.02, 5.49, 5.0, 5.24]
['2017-03-10', 5.3, 5.3, 5.04, 5.06]
['2017-03-13', 5.06, 5.07, 4.92, 4.96]
['2017-03-14', 4.93, 4.95, 4.79, 4.89]
['2017-03-15', 4.9, 5.01, 4.85, 5.0]
['2017-03-16', 5.01, 5.18, 4.98, 5.1]
['2017-03-17', 5.1, 5.11, 4.92, 4.95]
['2017-03-20', 4.93, 4.95, 4.82, 4.9]
['2017-03-21', 4.92, 4.99, 4.8, 4.8]
['2017-03-22', 5.05, 5.1, 4.85, 4.98]
['2017-03-23', 4.98, 5.04, 4.82, 4.84]
['2017-03-24', 4.85, 4.99, 4.82, 4.91]
['2017-03-27', 4.88, 4.98, 4.86, 4.94]
['2017-03-28', 4.91, 5.09, 4.91, 5.08]
['2017-03-29', 5.06, 5.3, 5.04, 5.26]
['2017-03-30', 5.27, 5.3, 5.15, 5.22]
['2017-03-31', 5.23, 5.43, 5.23, 5.4]
['2017-04-03', 5.37, 5.37, 5.17, 5.28]
['2017-04-04', 5.25, 5.3, 5.18, 5.22]
['2017-04-05', 5.27, 5.34, 5.01, 5.03]
['2017-04-06', 5.02, 5.18, 4.95, 5.18]
['2017-04-07', 5.16, 5.34, 5.04, 5.34]
['2017-04-10', 5.31, 5.62, 5.21, 5.54]
['2017-04-11', 5.6, 5.61, 5.28, 5.46]
['2017-04-12', 5.44, 5.47, 5.3, 5.33]
['2017-04-13', 5.32, 5.39, 5.18, 5.23]
['2017-04-17', 5.24, 5.33, 5.2, 5.3]
['2017-04-18', 5.25, 5.25, 5.07, 5.19]
['2017-04-19', 5.2, 5.39, 5.12, 5.16]
['2017-04-20', 5.18, 5.26, 5.11, 5.12]
['2017-04-21', 5.11, 5.18, 5.08, 5.12]
['2017-04-24', 5.21, 5.31, 5.15, 5.27]
['2017-04-25', 5.33, 5.48, 5.26, 5.42]
['2017-04-26', 5.41, 5.49, 5.31, 5.32]
['2017-04-27', 5.31, 5.39, 5.17, 5.33]
['2017-04-28', 5.34, 5.39, 5.26, 5.29]
['2017-05-01', 5.28, 5.39, 5.22, 5.38]
['2017-05-02', 5.36, 5.43, 5.19, 5.21]
['2017-05-03', 5.15, 5.21, 4.72, 4.75]
['2017-05-04', 5.0, 5.03, 4.59, 4.71]
['2017-05-05', 4.64, 4.88, 4.6, 4.86]
['2017-05-08', 4.81, 4.95, 4.81, 4.92]
['2017-05-09', 4.92, 4.96, 4.84, 4.9]
['2017-05-10', 4.88, 5.15, 4.85, 5.09]
['2017-05-11', 5.12, 5.21, 4.86, 5.0]
['2017-05-12', 4.96, 5.01, 4.81, 4.87]
['2017-05-15', 4.91, 5.08, 4.87, 4.91]
['2017-05-16', 4.9, 4.96, 4.84, 4.9]
['2017-05-17', 4.81, 4.92, 4.76, 4.81]
['2017-05-18', 4.79, 4.91, 4.73, 4.9]
['2017-05-19', 4.91, 5.1, 4.88, 5.05]
['2017-05-22', 4.88, 5.0, 4.83, 4.9]
['2017-05-23', 4.91, 5.01, 4.79, 4.89]
['2017-05-24', 4.89, 5.03, 4.85, 4.92]
['2017-05-25', 4.95, 4.97, 4.8, 4.91]
['2017-05-26', 4.89, 4.99, 4.88, 4.94]
['2017-05-30', 4.97, 5.09, 4.85, 5.02]
['2017-05-31', 5.01, 5.11, 4.87, 5.04]
['2017-06-01', 5.05, 5.17, 4.99, 5.13]
['2017-06-02', 5.15, 5.23, 5.12, 5.12]
['2017-06-05', 5.1, 5.13, 4.96, 5.0]
['2017-06-06', 4.95, 5.1, 4.91, 5.02]
['2017-06-07', 5.02, 5.06, 4.86, 4.93]
['2017-06-08', 4.93, 5.4, 4.89, 5.34]
['2017-06-09', 5.36, 5.5, 5.34, 5.41]
['2017-06-12', 5.4, 5.56, 5.33, 5.44]
['2017-06-13', 5.46, 5.55, 5.43, 5.48]
['2017-06-14', 5.5, 5.52, 5.34, 5.49]
['2017-06-15', 5.38, 5.59, 5.38, 5.52]
['2017-06-16', 5.48, 5.75, 5.47, 5.74]
['2017-06-19', 5.76, 5.91, 5.7, 5.85]
['2017-06-20', 5.99, 6.5, 5.93, 6.36]
['2017-06-21', 6.26, 6.59, 6.19, 6.52]
['2017-06-22', 6.54, 6.71, 6.47, 6.65]
['2017-06-23', 6.61, 6.78, 6.5, 6.75]
['2017-06-26', 6.76, 7.0, 6.74, 6.83]
['2017-06-27', 6.79, 7.0, 6.77, 6.89]
['2017-06-28', 6.96, 7.22, 6.86, 7.1]
['2017-06-29', 7.12, 7.32, 7.09, 7.27]
['2017-06-30', 7.27, 7.35, 7.07, 7.12]
['2017-07-03', 7.12, 7.3, 7.06, 7.24]
['2017-07-05', 7.21, 7.24, 6.5, 6.8]
['2017-07-06', 6.77, 7.0, 6.61, 6.75]
['2017-07-07', 6.73, 6.83, 6.65, 6.79]
['2017-07-10', 6.81, 7.0, 6.81, 6.89]
['2017-07-11', 6.9, 6.99, 6.83, 6.87]
['2017-07-12', 6.91, 7.07, 6.86, 7.06]
['2017-07-13', 7.08, 7.18, 6.95, 6.99]
['2017-07-14', 7.0, 7.16, 6.99, 7.07]
['2017-07-17', 7.05, 7.14, 6.98, 7.01]
['2017-07-18', 7.0, 7.2, 6.89, 7.14]
['2017-07-19', 7.14, 7.3, 7.14, 7.27]
['2017-07-20', 7.31, 7.32, 7.14, 7.25]
['2017-07-21', 7.28, 7.34, 7.14, 7.29]
['2017-07-24', 7.35, 7.59, 7.32, 7.56]
['2017-07-25', 7.59, 7.64, 7.35, 7.35]
['2017-07-26', 7.35, 7.48, 7.25, 7.3]
['2017-07-27', 7.3, 7.54, 7.26, 7.37]
['2017-07-28', 7.42, 7.5, 7.3, 7.48]
['2017-07-31', 7.46, 7.56, 7.29, 7.53]
['2017-08-01', 7.53, 7.55, 7.36, 7.44]
['2017-08-02', 7.4, 7.4, 6.95, 7.19]
['2017-08-03', 7.25, 7.39, 7.2, 7.24]
['2017-08-04', 7.28, 7.37, 7.22, 7.27]
['2017-08-07', 7.25, 7.48, 7.24, 7.42]
['2017-08-08', 6.9, 7.3, 6.5, 7.05]
['2017-08-09', 6.95, 6.96, 6.75, 6.84]
['2017-08-10', 6.8, 6.86, 6.52, 6.69]
['2017-08-11', 6.65, 6.84, 6.6, 6.82]
['2017-08-14', 6.85, 7.1, 6.82, 6.96]
['2017-08-15', 6.97, 7.07, 6.87, 6.94]
['2017-08-16', 6.92, 7.08, 6.79, 6.84]
['2017-08-17', 6.8, 6.94, 6.64, 6.65]
['2017-08-18', 6.6, 6.9, 6.51, 6.85]
['2017-08-21', 6.83, 6.89, 6.7, 6.7]
['2017-08-22', 6.73, 6.86, 6.68, 6.71]
['2017-08-23', 6.68, 6.99, 6.6, 6.94]
['2017-08-24', 7.23, 7.78, 7.1, 7.59]
['2017-08-25', 7.47, 7.55, 6.83, 6.91]
['2017-08-28', 6.94, 7.03, 6.82, 6.93]
['2017-08-29', 6.87, 6.91, 6.68, 6.83]
['2017-08-30', 6.8, 6.91, 6.71, 6.78]
['2017-08-31', 6.81, 6.86, 6.64, 6.7]
['2017-09-01', 6.71, 6.79, 6.52, 6.77]
['2017-09-05', 6.75, 6.94, 6.72, 6.92]
['2017-09-06', 6.92, 7.17, 6.85, 7.07]
['2017-09-07', 7.09, 7.21, 7.04, 7.15]
['2017-09-08', 7.15, 7.2, 6.98, 7.04]
['2017-09-11', 7.0, 7.08, 6.73, 6.92]
['2017-09-12', 6.92, 7.02, 6.85, 6.94]
['2017-09-13', 6.92, 6.95, 6.83, 6.83]
['2017-09-14', 6.82, 6.94, 6.78, 6.86]
['2017-09-15', 6.88, 6.92, 6.62, 6.72]
['2017-09-18', 6.75, 6.8, 6.44, 6.44]
['2017-09-19', 6.42, 6.43, 6.01, 6.05]
['2017-09-20', 6.09, 6.24, 6.0, 6.02]
['2017-09-21', 5.99, 6.04, 4.21, 5.47]
['2017-09-22', 5.46, 5.81, 5.1, 5.59]
['2017-09-25', 5.6, 5.61, 5.13, 5.19]
['2017-09-26', 5.17, 5.54, 5.16, 5.4]
['2017-09-27', 5.4, 5.71, 5.39, 5.63]
['2017-09-28', 5.6, 5.61, 5.4, 5.53]
['2017-09-29', 5.51, 5.69, 5.47, 5.55]
['2017-10-02', 5.49, 5.57, 5.41, 5.53]
['2017-10-03', 5.56, 5.66, 5.52, 5.65]
['2017-10-04', 5.64, 5.72, 5.54, 5.63]
['2017-10-05', 5.62, 5.72, 5.49, 5.54]
['2017-10-06', 5.5, 5.66, 5.5, 5.58]
['2017-10-09', 5.58, 5.68, 5.43, 5.43]
['2017-10-10', 5.48, 5.58, 5.43, 5.45]
['2017-10-11', 5.45, 5.54, 5.42, 5.47]
['2017-10-12', 5.47, 5.52, 5.38, 5.39]
['2017-10-13', 5.39, 5.6, 5.38, 5.52]
['2017-10-16', 5.52, 5.63, 5.49, 5.49]
['2017-10-17', 5.53, 5.7, 5.51, 5.54]
['2017-10-18', 5.59, 5.7, 5.54, 5.54]
['2017-10-19', 5.5, 5.62, 5.37, 5.46]
['2017-10-20', 5.5, 5.59, 5.44, 5.57]
['2017-10-23', 5.55, 5.63, 5.31, 5.37]
['2017-10-24', 5.39, 5.59, 5.38, 5.44]
['2017-10-25', 5.45, 5.53, 5.35, 5.42]
['2017-10-26', 5.42, 5.52, 5.38, 5.44]
['2017-10-27', 5.45, 5.68, 5.45, 5.62]
['2017-10-30', 5.58, 5.81, 5.55, 5.72]
['2017-10-31', 5.75, 5.92, 5.64, 5.74]
['2017-11-01', 5.67, 5.84, 5.66, 5.74]
['2017-11-02', 5.77, 5.8, 5.63, 5.69]
['2017-11-03', 5.67, 5.72, 5.59, 5.65]
['2017-11-06', 5.75, 6.16, 5.7, 6.13]
['2017-11-07', 6.2, 6.24, 5.8, 5.86]
['2017-11-08', 5.82, 6.19, 5.75, 5.89]
['2017-11-09', 6.41, 6.73, 6.03, 6.24]
['2017-11-10', 6.2, 6.24, 5.64, 5.83]
['2017-11-13', 5.9, 6.15, 5.87, 6.07]
['2017-11-14', 6.07, 6.18, 5.89, 6.17]
['2017-11-15', 6.12, 6.25, 6.01, 6.08]
['2017-11-16', 6.07, 6.2, 5.93, 6.04]
['2017-11-17', 6.0, 6.14, 5.94, 6.05]
['2017-11-20', 5.98, 6.08, 5.92, 6.02]
['2017-11-21', 6.05, 6.05, 5.9, 5.92]
['2017-11-22', 5.92, 5.98, 5.75, 5.92]
['2017-11-24', 5.95, 5.99, 5.87, 5.93]
['2017-11-27', 5.97, 6.09, 5.94, 6.08]
['2017-11-28', 6.01, 6.01, 5.7, 5.73]
['2017-11-29', 5.72, 5.78, 5.4, 5.56]
['2017-11-30', 5.56, 5.67, 5.51, 5.6]
['2017-12-01', 5.57, 5.64, 5.32, 5.44]
['2017-12-04', 5.49, 5.74, 5.48, 5.49]
['2017-12-05', 5.49, 5.64, 5.44, 5.56]
['2017-12-06', 5.55, 5.6, 5.48, 5.56]
['2017-12-07', 5.54, 5.69, 5.52, 5.67]
['2017-12-08', 5.71, 5.78, 5.71, 5.73]
['2017-12-11', 5.74, 5.86, 5.7, 5.8]
['2017-12-12', 5.79, 5.95, 5.68, 5.69]
['2017-12-13', 5.71, 5.83, 5.59, 5.69]
['2017-12-14', 5.72, 5.92, 5.6, 5.86]
['2017-12-15', 5.91, 6.1, 5.9, 6.06]
['2017-12-18', 6.08, 6.14, 6.03, 6.07]
['2017-12-19', 6.07, 6.1, 5.97, 5.99]
['2017-12-20', 5.98, 6.12, 5.98, 6.07]
['2017-12-21', 6.08, 6.08, 6.01, 6.05]
['2017-12-22', 6.04, 6.06, 5.98, 6.02]
['2017-12-26', 6.01, 6.01, 5.79, 5.84]
['2017-12-27', 5.84, 5.94, 5.78, 5.87]
['2017-12-28', 5.87, 6.08, 5.87, 6.07]
['2017-12-29', 6.08, 6.09, 5.89, 5.9]
['2018-01-02', 5.88, 5.98, 5.88, 5.92]
['2018-01-03', 5.92, 6.14, 5.92, 6.05]
['2018-01-04', 6.05, 6.09, 5.91, 6.06]
['2018-01-05', 6.07, 6.09, 5.94, 6.01]
['2018-01-08', 6.0, 6.1, 5.92, 6.05]
['2018-01-09', 6.03, 6.08, 5.96, 6.01]
['2018-01-10', 5.98, 6.03, 5.94, 6.02]
['2018-01-11', 5.98, 6.31, 5.94, 6.3]
['2018-01-12', 6.3, 6.43, 6.23, 6.36]
['2018-01-16', 6.37, 6.41, 6.06, 6.06]
['2018-01-17', 6.07, 6.15, 6.02, 6.09]
['2018-01-18', 6.06, 6.13, 5.78, 5.92]
['2018-01-19', 5.91, 6.01, 5.88, 5.94]
['2018-01-22', 5.94, 6.08, 5.87, 6.04]
['2018-01-23', 6.45, 6.57, 6.16, 6.41]
['2018-01-24', 6.45, 6.56, 6.27, 6.39]
['2018-01-25', 6.47, 6.52, 6.28, 6.33]
['2018-01-26', 6.39, 6.41, 6.2, 6.33]
['2018-01-29', 6.35, 6.78, 6.35, 6.66]
['2018-01-30', 6.66, 6.73, 6.61, 6.67]
['2018-01-31', 6.7, 6.73, 6.32, 6.33]
['2018-02-01', 6.32, 6.37, 6.03, 6.07]
['2018-02-02', 6.02, 6.05, 5.78, 5.82]
['2018-02-05', 5.79, 5.89, 5.6, 5.61]
['2018-02-06', 5.52, 5.65, 5.43, 5.55]
['2018-02-07', 5.56, 5.7, 5.48, 5.54]
['2018-02-08', 5.56, 5.69, 5.26, 5.33]
['2018-02-09', 5.43, 5.48, 5.08, 5.37]
['2018-02-12', 5.84, 6.12, 5.64, 6.0]
['2018-02-13', 6.02, 6.11, 5.94, 5.97]
['2018-02-14', 5.9, 6.52, 5.9, 6.42]
['2018-02-15', 6.5, 6.55, 6.24, 6.53]
['2018-02-16', 6.54, 6.88, 6.53, 6.78]
['2018-02-20', 6.8, 6.85, 6.68, 6.73]
['2018-02-21', 6.77, 7.3, 6.77, 7.06]
['2018-02-22', 7.02, 7.05, 6.35, 6.69]
['2018-02-23', 6.7, 6.89, 6.62, 6.86]
['2018-02-26', 6.91, 7.1, 6.88, 7.05]
['2018-02-27', 7.08, 7.15, 6.7, 6.75]
['2018-02-28', 6.8, 6.89, 6.68, 6.69]
['2018-03-01', 6.67, 7.03, 6.51, 6.94]
['2018-03-02', 6.97, 7.09, 6.67, 7.06]
['2018-03-05', 7.03, 7.2, 6.83, 7.2]
['2018-03-06', 7.3, 7.44, 7.16, 7.43]
['2018-03-07', 7.4, 7.4, 6.64, 6.76]
['2018-03-08', 6.74, 7.09, 6.71, 6.91]
['2018-03-09', 6.98, 7.23, 6.96, 7.15]
['2018-03-12', 7.15, 7.37, 7.15, 7.2]
['2018-03-13', 7.24, 7.4, 7.15, 7.27]
['2018-03-14', 7.33, 7.66, 7.25, 7.65]
['2018-03-15', 7.69, 7.7, 7.41, 7.46]
['2018-03-16', 7.57, 7.68, 7.32, 7.66]
['2018-03-19', 7.64, 7.79, 7.49, 7.63]
['2018-03-20', 7.67, 8.08, 7.56, 8.05]
['2018-03-21', 8.07, 8.95, 8.07, 8.64]
['2018-03-22', 8.49, 8.85, 8.18, 8.47]
['2018-03-23', 8.53, 8.87, 8.42, 8.43]
['2018-03-26', 8.55, 8.82, 8.5, 8.73]
['2018-03-27', 8.75, 8.84, 8.51, 8.76]
['2018-03-28', 8.7, 8.75, 8.45, 8.69]
['2018-03-29', 8.72, 9.23, 8.61, 8.93]
['2018-04-02', 8.9, 9.12, 8.73, 9.08]
['2018-04-03', 9.15, 9.24, 8.91, 9.16]
['2018-04-04', 9.11, 9.88, 8.94, 9.82]
['2018-04-05', 9.82, 10.16, 9.76, 9.94]
['2018-04-06', 9.3, 9.51, 8.39, 8.52]
['2018-04-09', 8.51, 8.73, 8.17, 8.19]
['2018-04-10', 8.28, 8.59, 8.2, 8.2]
['2018-04-11', 8.15, 8.45, 8.01, 8.28]
['2018-04-12', 8.41, 8.6, 8.36, 8.47]
['2018-04-13', 8.54, 8.69, 8.42, 8.5]
['2018-04-16', 8.5, 8.75, 8.43, 8.63]
['2018-04-17', 8.69, 8.8, 8.58, 8.75]
['2018-04-18', 8.79, 9.22, 8.73, 9.11]
['2018-04-19', 9.12, 9.15, 8.83, 8.91]
['2018-04-20', 8.87, 9.48, 8.82, 9.27]
['2018-04-23', 9.44, 9.44, 8.69, 8.82]
['2018-04-24', 8.87, 9.04, 8.7, 8.88]
['2018-04-25', 8.9, 9.03, 8.75, 8.99]
['2018-04-26', 9.05, 9.12, 8.95, 9.08]
['2018-04-27', 9.08, 9.45, 9.05, 9.25]
['2018-04-30', 9.27, 9.39, 9.12, 9.22]
['2018-05-01', 9.18, 9.18, 8.8, 9.08]
['2018-05-02', 9.09, 9.25, 8.99, 9.06]
['2018-05-03', 9.03, 9.11, 8.82, 8.89]
['2018-05-04', 8.9, 9.04, 8.86, 8.98]
['2018-05-07', 9.03, 9.4, 8.97, 9.33]
['2018-05-08', 9.31, 9.5, 9.22, 9.43]
['2018-05-09', 9.41, 10.03, 9.35, 9.83]
['2018-05-10', 10.97, 11.77, 10.22, 11.5]
['2018-05-11', 11.19, 11.2, 10.47, 10.69]
['2018-05-14', 10.83, 11.35, 10.76, 10.89]
['2018-05-15', 10.75, 11.19, 10.72, 10.85]
['2018-05-16', 10.76, 10.9, 10.41, 10.64]
['2018-05-17', 10.63, 10.88, 10.54, 10.86]
['2018-05-18', 10.85, 11.07, 10.83, 10.98]
['2018-05-21', 11.0, 11.14, 10.76, 10.91]
['2018-05-22', 10.98, 11.06, 10.84, 10.88]
['2018-05-23', 10.8, 10.94, 10.71, 10.89]
['2018-05-24', 10.87, 11.04, 10.67, 11.01]
['2018-05-25', 10.93, 11.11, 10.7, 10.91]
['2018-05-29', 10.76, 11.07, 10.76, 11.0]
['2018-05-30', 11.01, 11.51, 10.91, 11.5]
['2018-05-31', 11.66, 12.24, 11.49, 12.1]
['2018-06-01', 11.99, 12.4, 11.57, 12.27]
['2018-06-04', 12.3, 12.39, 11.75, 12.32]
['2018-06-05', 12.36, 13.0, 12.33, 12.82]
['2018-06-06', 12.78, 12.81, 12.32, 12.57]
['2018-06-07', 12.63, 12.79, 12.06, 12.28]
['2018-06-08', 12.32, 12.71, 12.25, 12.69]
['2018-06-11', 12.76, 12.81, 12.54, 12.64]
['2018-06-12', 12.78, 13.97, 12.72, 13.49]
['2018-06-13', 13.74, 14.31, 13.6, 13.98]
['2018-06-14', 14.1, 14.35, 13.91, 14.18]
['2018-06-15', 14.19, 14.19, 13.57, 13.63]
['2018-06-18', 13.42, 13.96, 13.32, 13.82]
['2018-06-19', 13.62, 13.8, 13.18, 13.78]
['2018-06-20', 13.8, 14.13, 13.54, 13.86]
['2018-06-21', 13.93, 13.98, 13.57, 13.69]
['2018-06-22', 13.82, 13.97, 13.65, 13.87]
['2018-06-25', 13.81, 13.82, 12.93, 13.45]
['2018-06-26', 13.59, 13.72, 13.35, 13.5]
['2018-06-27', 13.48, 13.5, 13.08, 13.1]
['2018-06-28', 13.05, 13.35, 12.7, 13.05]
['2018-06-29', 13.14, 13.49, 12.89, 13.15]
['2018-07-02', 13.57, 14.23, 13.0, 14.17]
['2018-07-03', 14.28, 14.33, 13.88, 14.18]
['2018-07-05', 14.27, 15.21, 13.86, 14.99]
['2018-07-06', 14.85, 15.51, 14.5, 15.49]
['2018-07-09', 15.62, 16.02, 15.33, 15.95]
['2018-07-10', 15.86, 16.0, 15.17, 15.79]
['2018-07-11', 15.41, 16.1, 15.27, 15.96]
['2018-07-12', 16.0, 16.07, 15.51, 15.96]
['2018-07-13', 15.96, 16.02, 15.65, 15.75]
['2018-07-16', 15.85, 16.44, 15.66, 15.94]
['2018-07-17', 15.95, 16.24, 15.12, 15.17]
['2018-07-18', 15.16, 15.44, 14.69, 15.16]
['2018-07-19', 14.31, 15.51, 14.31, 15.45]
['2018-07-20', 15.38, 15.59, 14.2, 14.38]
['2018-07-23', 14.39, 14.69, 14.3, 14.54]
['2018-07-24', 14.72, 15.15, 14.52, 14.74]
['2018-07-25', 14.74, 15.22, 14.51, 15.11]
['2018-07-26', 15.03, 15.42, 14.92, 15.23]
['2018-07-27', 15.21, 15.5, 14.45, 14.61]
['2018-07-30', 14.53, 14.72, 13.7, 13.85]
['2018-07-31', 13.95, 14.43, 13.93, 14.14]
['2018-08-01', 14.16, 14.33, 13.91, 14.32]
['2018-08-02', 14.28, 14.88, 14.2, 14.77]
['2018-08-03', 14.42, 14.96, 13.42, 13.84]
['2018-08-06', 13.84, 14.17, 13.57, 13.91]
['2018-08-07', 14.0, 14.12, 13.9, 14.02]
['2018-08-08', 14.1, 14.41, 13.94, 14.29]
['2018-08-09', 14.5, 14.84, 14.33, 14.34]
['2018-08-10', 12.69, 13.7, 11.8, 13.29]
['2018-08-13', 13.26, 13.58, 12.5, 13.21]
['2018-08-14', 13.23, 13.41, 12.72, 13.16]
['2018-08-15', 12.98, 13.39, 12.86, 13.26]
['2018-08-16', 13.4, 13.6, 13.0, 13.39]
['2018-08-17', 13.38, 13.56, 12.8, 12.97]
['2018-08-20', 13.03, 13.88, 12.86, 13.88]
['2018-08-21', 13.92, 14.38, 13.9, 13.98]
['2018-08-22', 13.93, 14.42, 13.91, 14.32]
['2018-08-23', 14.19, 14.26, 13.45, 13.57]
['2018-08-24', 13.69, 14.16, 13.6, 14.16]
['2018-08-27', 14.12, 14.34, 13.74, 13.97]
['2018-08-28', 14.02, 14.1, 13.17, 13.39]
['2018-08-29', 13.42, 13.77, 13.27, 13.52]
['2018-08-30', 13.46, 13.5, 13.01, 13.1]
['2018-08-31', 13.05, 13.37, 13.02, 13.12]
['2018-09-04', 13.1, 13.33, 12.72, 12.78]
['2018-09-05', 12.76, 12.79, 12.18, 12.64]
['2018-09-06', 12.71, 12.71, 12.24, 12.33]
['2018-09-07', 12.25, 12.52, 12.18, 12.26]
['2018-09-10', 12.26, 12.27, 11.91, 11.95]
['2018-09-11', 12.88, 13.37, 12.48, 12.7]
['2018-09-12', 12.61, 13.2, 12.61, 13.1]
['2018-09-13', 12.84, 13.38, 12.83, 13.09]
['2018-09-14', 13.05, 13.24, 12.95, 13.13]
['2018-09-17', 13.07, 13.19, 12.48, 12.56]
['2018-09-18', 12.5, 13.06, 12.49, 12.89]
['2018-09-19', 12.9, 13.04, 12.59, 12.75]
['2018-09-20', 12.8, 13.18, 12.75, 12.84]
['2018-09-21', 12.84, 13.04, 12.48, 12.5]
['2018-09-24', 12.5, 12.69, 12.36, 12.51]
['2018-09-25', 12.5, 12.6, 12.25, 12.52]
['2018-09-26', 12.49, 12.57, 12.4, 12.46]
['2018-09-27', 12.4, 12.5, 11.9, 12.07]
['2018-09-28', 12.05, 12.81, 12.0, 12.44]
['2018-10-01', 12.48, 12.57, 11.98, 12.24]
['2018-10-02', 12.38, 13.77, 12.37, 13.54]
['2018-10-03', 13.54, 13.54, 12.6, 12.85]
['2018-10-04', 12.76, 13.04, 12.33, 12.59]
['2018-10-05', 12.58, 12.8, 12.33, 12.48]
['2018-10-08', 12.35, 12.41, 11.69, 11.99]
['2018-10-09', 12.02, 12.28, 11.89, 12.12]
['2018-10-10', 12.03, 12.15, 11.12, 11.19]
['2018-10-11', 11.09, 11.8, 10.95, 11.38]
['2018-10-12', 11.8, 12.22, 11.51, 12.22]
['2018-10-15', 12.11, 12.47, 12.02, 12.41]
['2018-10-16', 12.54, 13.27, 12.5, 13.16]
['2018-10-17', 13.11, 13.15, 12.64, 13.05]
['2018-10-18', 12.92, 13.15, 12.57, 12.72]
['2018-10-19', 12.83, 12.99, 12.33, 12.73]
['2018-10-22', 12.73, 12.98, 12.62, 12.79]
['2018-10-23', 12.51, 12.55, 11.85, 12.38]
['2018-10-24', 12.37, 12.7, 11.72, 11.75]
['2018-10-25', 11.76, 12.05, 11.41, 11.86]
['2018-10-26', 11.62, 11.9, 11.3, 11.44]
['2018-10-29', 11.56, 11.97, 11.26, 11.5]
['2018-10-30', 11.5, 11.97, 11.44, 11.96]
['2018-10-31', 12.19, 12.4, 11.86, 12.26]
['2018-11-01', 12.26, 12.64, 11.68, 12.6]
['2018-11-02', 12.68, 13.2, 12.54, 13.12]
['2018-11-05', 13.0, 13.08, 12.52, 12.66]
['2018-11-06', 12.73, 13.07, 12.58, 12.97]
['2018-11-07', 13.22, 13.33, 12.89, 13.19]
['2018-11-08', 12.47, 13.5, 12.4, 12.59]
['2018-11-09', 12.47, 12.59, 12.21, 12.3]
['2018-11-12', 12.3, 12.75, 12.06, 12.44]
['2018-11-13', 12.48, 12.73, 12.02, 12.13]
['2018-11-14', 12.27, 12.61, 12.11, 12.59]
['2018-11-15', 12.42, 13.18, 12.22, 13.12]
['2018-11-16', 13.04, 13.18, 12.55, 13.07]
['2018-11-19', 12.77, 12.98, 12.39, 12.79]
['2018-11-20', 12.51, 12.51, 11.6, 11.8]
['2018-11-21', 11.87, 12.32, 11.78, 12.29]
['2018-11-23', 12.14, 12.65, 12.01, 12.42]
['2018-11-26', 12.6, 13.03, 12.52, 13.03]
['2018-11-27', 13.09, 14.15, 13.05, 14.11]
['2018-11-28', 14.09, 14.6, 13.9, 14.53]
['2018-11-29', 14.38, 14.7, 14.31, 14.7]
['2018-11-30', 14.55, 14.73, 14.18, 14.65]
['2018-12-03', 15.0, 15.0, 14.53, 14.91]
['2018-12-04', 14.89, 14.95, 14.13, 14.28]
['2018-12-06', 14.08, 14.63, 13.71, 14.61]
['2018-12-07', 14.62, 14.88, 13.82, 13.96]
['2018-12-10', 13.96, 14.32, 13.66, 14.14]
['2018-12-11', 14.43, 14.48, 13.88, 14.12]
['2018-12-12', 14.34, 14.56, 13.91, 14.41]
['2018-12-13', 14.63, 14.87, 14.08, 14.26]
['2018-12-14', 14.13, 14.13, 12.71, 13.02]
['2018-12-17', 12.76, 13.23, 12.53, 13.11]
['2018-12-18', 13.33, 13.52, 12.18, 12.4]
['2018-12-19', 12.33, 12.77, 11.8, 11.94]
['2018-12-20', 11.97, 11.97, 8.81, 10.48]
['2018-12-21', 10.49, 10.97, 10.34, 10.9]
['2018-12-24', 10.43, 10.68, 9.95, 10.52]
['2018-12-26', 10.65, 11.2, 10.4, 11.16]
['2018-12-27', 11.0, 11.12, 10.27, 10.91]
['2018-12-28', 10.91, 11.14, 10.46, 10.6]
['2018-12-31', 10.72, 10.91, 10.47, 10.89]
['2019-01-02', 10.58, 10.99, 10.1, 10.98]
['2019-01-03', 10.83, 11.06, 9.56, 9.78]
['2019-01-04', 9.95, 10.6, 9.95, 10.38]
['2019-01-07', 10.37, 10.8, 10.15, 10.56]
['2019-01-08', 10.61, 10.98, 10.41, 10.71]
['2019-01-09', 10.76, 11.61, 10.73, 11.47]
['2019-01-10', 11.29, 11.54, 11.01, 11.51]
['2019-01-11', 11.49, 11.74, 11.22, 11.65]
['2019-01-14', 11.54, 11.87, 11.4, 11.73]
['2019-01-15', 11.75, 11.89, 11.54, 11.74]
['2019-01-16', 11.79, 12.0, 11.61, 11.69]
['2019-01-17', 11.62, 12.14, 11.52, 12.07]
['2019-01-18', 12.12, 12.23, 11.86, 12.16]
['2019-01-22', 12.07, 12.28, 11.76, 11.78]
['2019-01-23', 11.86, 12.17, 11.69, 11.92]
['2019-01-24', 11.9, 12.23, 11.9, 12.01]
['2019-01-25', 12.16, 12.31, 12.02, 12.19]
['2019-01-28', 11.99, 12.36, 11.93, 12.24]
['2019-01-29', 12.32, 12.35, 12.11, 12.23]
['2019-01-30', 12.37, 12.49, 12.17, 12.4]
['2019-01-31', 12.42, 13.3, 12.41, 13.3]
['2019-02-01', 13.12, 13.64, 13.12, 13.32]
['2019-02-04', 13.32, 13.69, 13.21, 13.66]
['2019-02-05', 13.69, 14.14, 13.62, 13.92]
['2019-02-06', 13.96, 14.45, 13.91, 14.33]
['2019-02-07', 14.26, 14.61, 14.12, 14.6]
['2019-02-08', 14.51, 14.77, 14.34, 14.68]
['2019-02-11', 14.74, 15.18, 14.58, 14.9]
['2019-02-12', 14.9, 15.0, 14.77, 14.93]
['2019-02-13', 15.01, 15.24, 14.88, 15.15]
['2019-02-14', 14.97, 15.44, 14.36, 15.1]
['2019-02-15', 15.17, 15.28, 15.05, 15.26]
['2019-02-19', 15.5, 15.55, 15.3, 15.47]
['2019-02-20', 15.44, 15.74, 15.22, 15.46]
['2019-02-21', 15.5, 15.59, 15.26, 15.5]
['2019-02-22', 15.58, 15.94, 15.41, 15.82]
['2019-02-25', 16.0, 16.03, 15.54, 15.71]
['2019-02-26', 15.66, 15.78, 15.44, 15.64]
['2019-02-27', 15.52, 15.71, 15.21, 15.59]
['2019-02-28', 15.53, 15.85, 15.45, 15.51]
['2019-03-01', 16.05, 16.25, 15.61, 15.96]
['2019-03-04', 16.1, 17.09, 15.97, 16.3]
['2019-03-05', 16.31, 16.62, 15.54, 15.57]
['2019-03-06', 15.65, 16.0, 15.15, 15.21]
['2019-03-07', 15.12, 15.19, 14.76, 14.83]
['2019-03-08', 14.37, 14.81, 14.26, 14.73]
['2019-03-11', 14.77, 15.13, 14.73, 14.86]
['2019-03-12', 14.94, 15.05, 14.71, 14.73]
['2019-03-13', 14.78, 14.94, 14.54, 14.73]
['2019-03-14', 14.78, 14.79, 14.35, 14.57]
['2019-03-15', 14.57, 14.9, 14.4, 14.77]
['2019-03-18', 14.8, 15.06, 14.65, 14.83]
['2019-03-19', 14.88, 14.97, 14.61, 14.68]
['2019-03-20', 14.58, 15.04, 14.56, 14.85]
['2019-03-21', 14.81, 15.13, 14.69, 15.1]
['2019-03-22', 15.0, 15.08, 14.23, 14.25]
['2019-03-25', 14.2, 14.41, 14.01, 14.08]
['2019-03-26', 14.22, 14.32, 14.04, 14.23]
['2019-03-27', 14.23, 14.33, 13.73, 14.23]
['2019-03-28', 14.25, 14.33, 13.96, 14.27]
['2019-03-29', 14.37, 14.48, 13.99, 14.06]
['2019-04-01', 14.24, 14.38, 13.95, 14.18]
['2019-04-02', 14.15, 14.36, 14.05, 14.22]
['2019-04-03', 14.32, 14.94, 14.27, 14.87]
['2019-04-04', 14.84, 14.97, 14.7, 14.82]
['2019-04-05', 14.9, 15.4, 14.83, 15.24]
['2019-04-08', 15.2, 15.41, 14.99, 15.39]
['2019-04-09', 15.33, 15.54, 14.92, 14.96]
['2019-04-10', 15.05, 16.06, 15.05, 15.84]
['2019-04-11', 15.81, 16.17, 15.69, 15.86]
['2019-04-12', 15.99, 16.1, 15.57, 15.68]
['2019-04-15', 15.63, 15.89, 15.49, 15.62]
['2019-04-16', 15.75, 16.15, 15.61, 16.08]
['2019-04-17', 16.15, 16.53, 16.03, 16.51]
['2019-04-18', 16.49, 16.74, 16.17, 16.27]
['2019-04-22', 16.2, 16.3, 15.9, 16.27]
['2019-04-23', 16.26, 16.9, 16.11, 16.69]
['2019-04-24', 16.72, 17.02, 16.69, 16.91]
['2019-04-25', 17.01, 17.44, 16.79, 16.93]
['2019-04-26', 16.96, 17.12, 16.74, 17.1]
['2019-04-29', 17.18, 17.31, 17.06, 17.13]
['2019-04-30', 16.34, 16.5, 14.79, 15.21]
['2019-05-01', 15.41, 15.57, 14.9, 15.34]
['2019-05-02', 15.32, 15.46, 14.9, 15.44]
['2019-05-03', 15.5, 16.08, 15.5, 16.0]
['2019-05-06', 15.6, 16.52, 15.51, 16.46]
['2019-05-07', 16.69, 16.96, 16.5, 16.75]
['2019-05-08', 16.83, 16.91, 16.43, 16.6]
['2019-05-09', 15.12, 15.93, 14.1, 15.53]
['2019-05-10', 15.44, 15.53, 14.75, 15.07]
['2019-05-13', 14.83, 14.91, 14.16, 14.3]
['2019-05-14', 14.34, 14.98, 14.34, 14.77]
['2019-05-15', 14.55, 14.87, 14.51, 14.78]
['2019-05-16', 15.22, 16.2, 15.11, 16.07]
['2019-05-17', 15.71, 15.9, 15.52, 15.8]
['2019-05-20', 15.5, 15.92, 15.29, 15.71]
['2019-05-21', 15.95, 16.89, 15.95, 16.62]
['2019-05-22', 16.5, 16.86, 16.5, 16.7]
['2019-05-23', 15.9, 16.27, 15.22, 15.45]
['2019-05-24', 15.61, 15.96, 15.35, 15.64]
['2019-05-28', 14.95, 15.63, 14.92, 15.49]
['2019-05-29', 15.39, 15.79, 15.19, 15.58]
['2019-05-30', 15.57, 16.13, 15.57, 15.95]
['2019-05-31', 15.59, 15.71, 15.23, 15.66]
['2019-06-03', 15.66, 16.18, 15.57, 15.89]
['2019-06-04', 16.12, 16.31, 15.69, 16.0]
['2019-06-05', 16.07, 16.24, 15.68, 16.18]
['2019-06-06', 16.18, 16.24, 15.81, 16.19]
['2019-06-07', 16.34, 16.76, 16.29, 16.34]
['2019-06-10', 16.47, 17.0, 16.46, 16.6]
['2019-06-11', 16.8, 17.0, 16.18, 16.51]
['2019-06-12', 16.17, 16.7, 16.1, 16.3]
['2019-06-13', 16.36, 17.0, 16.36, 16.9]
['2019-06-14', 16.96, 16.96, 16.29, 16.46]
['2019-06-17', 16.43, 17.13, 16.27, 17.09]
['2019-06-18', 18.0, 18.75, 17.47, 18.27]
['2019-06-19', 18.3, 18.5, 17.11, 18.26]
['2019-06-20', 18.32, 19.28, 18.31, 18.75]
['2019-06-21', 18.56, 18.84, 18.0, 18.52]
['2019-06-24', 18.7, 18.94, 18.47, 18.68]
['2019-06-25', 18.78, 18.8, 18.01, 18.3]
['2019-06-26', 18.48, 18.84, 18.3, 18.38]
['2019-06-27', 18.25, 18.69, 18.08, 18.6]
['2019-06-28', 18.8, 18.84, 18.42, 18.76]
['2019-07-01', 19.11, 20.0, 18.74, 19.83]
['2019-07-02', 19.89, 20.47, 19.48, 20.33]
['2019-07-03', 20.48, 20.67, 20.0, 20.22]
['2019-07-05', 20.1, 20.3, 19.31, 20.21]
['2019-07-08', 20.1, 20.22, 19.67, 19.82]
['2019-07-09', 19.78, 20.17, 19.51, 19.87]
['2019-07-10', 20.03, 20.25, 19.3, 19.89]
['2019-07-11', 19.98, 20.05, 19.55, 19.64]
['2019-07-12', 19.73, 20.08, 19.58, 19.91]
['2019-07-15', 19.92, 20.25, 19.5, 19.72]
['2019-07-16', 19.72, 20.43, 19.68, 20.22]
['2019-07-17', 20.62, 21.42, 20.35, 20.39]
['2019-07-18', 20.32, 20.43, 19.63, 19.98]
['2019-07-19', 20.09, 20.46, 19.71, 19.77]
['2019-07-22', 19.8, 20.28, 19.61, 19.89]
['2019-07-23', 19.87, 19.89, 17.58, 18.79]
['2019-07-24', 18.76, 18.99, 18.34, 18.7]
['2019-07-25', 18.77, 19.12, 18.57, 18.74]
['2019-07-26', 18.72, 18.94, 18.47, 18.77]
['2019-07-29', 18.69, 18.73, 17.6, 18.64]
['2019-07-30', 18.59, 19.13, 18.45, 19.12]
['2019-07-31', 19.24, 19.49, 18.72, 19.05]
['2019-08-01', 19.42, 20.81, 19.08, 19.63]
['2019-08-02', 19.5, 19.83, 19.02, 19.49]
['2019-08-05', 18.61, 18.9, 18.08, 18.38]
['2019-08-06', 18.59, 19.08, 18.38, 18.72]
['2019-08-07', 19.4, 20.2, 18.95, 19.98]
['2019-08-08', 18.41, 19.19, 17.76, 18.74]
['2019-08-09', 18.22, 18.5, 16.03, 16.36]
['2019-08-12', 16.23, 16.47, 15.64, 16.01]
['2019-08-13', 15.95, 16.53, 15.56, 16.14]
['2019-08-14', 15.79, 15.89, 14.74, 15.13]
['2019-08-15', 15.23, 15.23, 14.59, 14.69]
['2019-08-16', 14.9, 15.59, 14.88, 15.39]
['2019-08-19', 15.69, 15.93, 15.42, 15.77]
['2019-08-20', 16.3, 16.3, 15.52, 15.89]
['2019-08-21', 16.19, 16.2, 15.42, 15.65]
['2019-08-22', 15.78, 15.85, 15.17, 15.47]
['2019-08-23', 15.29, 15.44, 14.55, 14.66]
['2019-08-26', 14.9, 15.24, 14.69, 15.18]
['2019-08-27', 15.32, 15.45, 14.73, 14.84]
['2019-08-28', 14.71, 15.1, 14.6, 14.82]
['2019-08-29', 14.97, 15.25, 14.88, 15.17]
['2019-08-30', 15.27, 15.39, 15.04, 15.33]
['2019-09-03', 15.31, 15.56, 14.68, 14.79]
['2019-09-04', 15.08, 15.41, 14.9, 15.33]
['2019-09-05', 15.51, 15.8, 15.23, 15.3]
['2019-09-06', 15.3, 15.45, 14.98, 15.03]
['2019-09-09', 15.05, 15.36, 14.8, 14.95]
['2019-09-10', 14.96, 15.14, 14.62, 14.93]
['2019-09-11', 14.93, 15.68, 14.92, 15.64]
['2019-09-12', 15.79, 15.93, 15.41, 15.83]
['2019-09-13', 15.9, 16.15, 15.75, 15.96]
['2019-09-16', 15.96, 16.64, 15.92, 16.46]
['2019-09-17', 16.53, 17.53, 16.4, 17.48]
['2019-09-18', 17.48, 17.57, 17.1, 17.37]
['2019-09-19', 17.33, 17.69, 17.33, 17.46]
['2019-09-20', 17.43, 17.62, 17.16, 17.3]
['2019-09-23', 17.22, 17.67, 17.0, 17.54]
['2019-09-24', 17.51, 17.63, 16.5, 16.68]
['2019-09-25', 16.8, 17.01, 16.33, 16.93]
['2019-09-26', 16.91, 17.7, 16.42, 16.64]
['2019-09-27', 16.6, 16.73, 15.86, 16.14]
['2019-09-30', 16.21, 16.86, 15.93, 16.7]
['2019-10-01', 16.72, 17.12, 16.18, 16.26]
['2019-10-02', 15.99, 16.0, 15.44, 15.5]
['2019-10-03', 15.52, 15.78, 15.02, 15.77]
['2019-10-04', 15.98, 16.24, 15.63, 16.22]
['2019-10-07', 16.16, 16.67, 15.91, 16.52]
['2019-10-08', 16.27, 16.74, 16.18, 16.55]
['2019-10-09', 16.78, 16.89, 16.49, 16.68]
['2019-10-10', 16.69, 17.18, 16.67, 16.94]
['2019-10-11', 17.36, 17.95, 17.31, 17.51]
['2019-10-14', 17.47, 17.55, 17.08, 17.21]
['2019-10-15', 17.16, 17.37, 17.0, 17.22]
['2019-10-16', 17.0, 17.35, 16.83, 16.93]
['2019-10-17', 17.06, 17.26, 16.64, 16.77]
['2019-10-18', 16.7, 17.29, 16.57, 17.0]
['2019-10-21', 17.16, 17.34, 16.75, 17.05]
['2019-10-22', 17.0, 17.0, 15.25, 15.26]
['2019-10-23', 15.31, 16.0, 15.25, 15.93]
['2019-10-24', 16.06, 16.06, 15.34, 15.67]
['2019-10-25', 15.58, 15.76, 15.1, 15.24]
['2019-10-28', 15.43, 16.07, 15.4, 15.86]
['2019-10-29', 15.78, 16.15, 15.54, 15.97]
['2019-10-30', 15.95, 15.98, 15.45, 15.86]
['2019-10-31', 15.87, 16.1, 15.3, 15.54]
['2019-11-01', 15.63, 15.83, 15.5, 15.59]
['2019-11-04', 15.8, 15.94, 14.88, 14.91]
['2019-11-05', 14.97, 15.14, 14.46, 14.95]
['2019-11-06', 14.93, 15.35, 14.73, 14.85]
['2019-11-07', 14.96, 15.26, 14.73, 14.77]
['2019-11-08', 14.76, 15.08, 14.7, 14.74]
['2019-11-11', 14.85, 15.26, 14.3, 14.43]
['2019-11-12', 14.44, 14.7, 14.13, 14.48]
['2019-11-13', 14.88, 14.88, 12.9, 13.77]
['2019-11-14', 13.88, 14.48, 13.88, 14.4]
['2019-11-15', 14.54, 14.84, 14.31, 14.71]
['2019-11-18', 14.64, 14.71, 14.25, 14.44]
['2019-11-19', 14.46, 14.52, 14.02, 14.09]
['2019-11-20', 14.05, 14.05, 13.47, 13.54]
['2019-11-21', 13.49, 13.73, 13.26, 13.42]
['2019-11-22', 13.47, 13.63, 13.41, 13.49]
['2019-11-25', 13.5, 13.87, 13.47, 13.75]
['2019-11-26', 13.74, 13.9, 13.64, 13.79]
['2019-11-27', 14.0, 14.25, 13.91, 13.99]
['2019-11-29', 13.81, 14.09, 13.8, 13.88]
['2019-12-02', 13.89, 13.95, 13.5, 13.55]
['2019-12-03', 13.4, 13.55, 13.1, 13.51]
['2019-12-04', 13.67, 13.81, 13.32, 13.35]
['2019-12-05', 13.43, 13.58, 13.2, 13.21]
['2019-12-06', 13.32, 13.62, 13.26, 13.62]
['2019-12-09', 13.52, 13.74, 13.26, 13.31]
['2019-12-10', 13.33, 13.39, 13.12, 13.26]
['2019-12-11', 13.28, 13.57, 13.15, 13.19]
['2019-12-12', 13.22, 14.19, 13.2, 14.17]
['2019-12-13', 14.03, 14.34, 13.8, 13.94]
['2019-12-16', 13.96, 14.79, 13.94, 14.26]
['2019-12-17', 14.35, 14.63, 14.19, 14.29]
['2019-12-18', 14.36, 14.72, 14.26, 14.67]
['2019-12-19', 14.55, 14.87, 14.46, 14.79]
['2019-12-20', 14.84, 14.9, 14.26, 14.37]
['2019-12-23', 14.5, 14.52, 14.18, 14.4]
['2019-12-24', 14.45, 14.66, 14.41, 14.59]
['2019-12-26', 14.66, 14.71, 14.4, 14.55]
['2019-12-27', 14.53, 14.62, 14.09, 14.16]
['2019-12-30', 14.16, 14.39, 13.69, 13.74]
['2019-12-31', 13.73, 13.89, 13.59, 13.81]
['2020-01-02', 13.99, 14.19, 13.77, 14.19]
['2020-01-03', 14.0, 14.52, 13.77, 14.37]
['2020-01-06', 14.24, 14.42, 13.66, 14.38]
['2020-01-07', 14.37, 14.71, 14.27, 14.7]
['2020-01-08', 14.67, 14.78, 14.46, 14.64]
['2020-01-09', 14.71, 15.19, 14.58, 15.0]
['2020-01-10', 15.15, 15.18, 14.8, 14.91]
['2020-01-13', 14.9, 15.27, 14.76, 15.24]
['2020-01-14', 15.1, 15.55, 15.06, 15.27]
['2020-01-15', 15.19, 15.32, 15.05, 15.19]
['2020-01-16', 15.71, 16.62, 15.65, 16.6]
['2020-01-17', 16.83, 17.47, 16.76, 17.18]
['2020-01-21', 17.21, 17.52, 16.83, 17.37]
['2020-01-22', 17.51, 17.54, 16.76, 16.85]
['2020-01-23', 16.67, 17.07, 16.39, 16.95]
['2020-01-24', 17.07, 17.07, 16.61, 16.79]
['2020-01-27', 16.4, 16.64, 16.2, 16.33]
['2020-01-28', 16.48, 16.98, 16.31, 16.96]
['2020-01-29', 17.08, 17.1, 16.81, 16.95]
['2020-01-30', 17.9, 17.93, 17.33, 17.48]
['2020-01-31', 17.24, 17.46, 16.88, 17.03]
['2020-02-03', 17.06, 17.69, 16.95, 17.54]
['2020-02-04', 17.86, 18.32, 17.68, 18.25]
['2020-02-05', 18.5, 19.03, 18.36, 18.99]
['2020-02-06', 19.11, 19.43, 18.85, 19.13]
['2020-02-07', 19.0, 19.11, 18.82, 18.95]
['2020-02-10', 18.89, 20.0, 18.89, 19.96]
['2020-02-11', 20.0, 20.62, 19.72, 20.13]
['2020-02-12', 20.41, 21.5, 20.25, 21.3]
['2020-02-13', 20.99, 21.5, 20.73, 21.3]
['2020-02-14', 21.21, 21.57, 20.91, 21.42]
['2020-02-18', 21.36, 22.38, 21.34, 21.77]
['2020-02-19', 21.42, 22.71, 21.06, 22.48]
['2020-02-20', 23.0, 23.66, 22.63, 23.4]
['2020-02-21', 22.25, 22.62, 21.51, 21.95]
['2020-02-24', 20.75, 22.32, 19.25, 22.13]
['2020-02-25', 22.76, 22.87, 20.71, 20.8]
['2020-02-26', 21.09, 21.62, 20.27, 20.91]
['2020-02-27', 20.17, 21.06, 19.15, 20.27]
['2020-02-28', 17.24, 19.54, 16.25, 19.34]
['2020-03-02', 19.46, 19.56, 18.34, 19.36]
['2020-03-03', 19.65, 20.51, 19.21, 19.51]
['2020-03-04', 19.93, 20.89, 19.81, 20.8]
['2020-03-05', 20.32, 21.63, 20.11, 21.3]
['2020-03-06', 20.68, 21.03, 19.69, 20.22]
['2020-03-09', 17.75, 18.62, 16.38, 16.79]
['2020-03-10', 17.81, 17.81, 15.95, 16.72]
['2020-03-11', 16.13, 16.31, 14.21, 15.05]
['2020-03-12', 13.71, 13.75, 11.61, 11.68]
['2020-03-13', 12.94, 13.38, 10.25, 11.2]
['2020-03-16', 9.84, 10.72, 8.35, 9.49]
['2020-03-17', 9.87, 10.03, 7.84, 9.92]
['2020-03-18', 9.03, 9.32, 8.03, 8.9]
['2020-03-19', 8.8, 9.56, 8.5, 9.11]
['2020-03-20', 9.34, 10.02, 8.22, 8.36]
['2020-03-23', 8.43, 9.25, 7.84, 9.02]
['2020-03-24', 9.77, 11.37, 9.63, 11.16]
['2020-03-25', 11.9, 13.57, 10.8, 12.16]
['2020-03-26', 12.27, 12.94, 11.78, 12.38]
['2020-03-27', 11.72, 11.79, 10.12, 10.22]
['2020-03-30', 10.32, 10.48, 9.54, 9.81]
['2020-03-31', 9.81, 10.55, 9.51, 10.1]
['2020-04-01', 9.55, 9.69, 9.0, 9.32]
['2020-04-02', 9.4, 10.05, 8.93, 9.8]
['2020-04-03', 9.69, 9.93, 8.75, 8.85]
['2020-04-06', 9.47, 10.07, 9.39, 9.98]
['2020-04-07', 11.4, 11.79, 10.5, 10.57]
['2020-04-08', 10.83, 11.58, 10.53, 11.47]
['2020-04-09', 12.0, 12.64, 11.27, 11.73]
['2020-04-13', 11.62, 11.82, 11.0, 11.1]
['2020-04-14', 11.43, 12.13, 11.38, 12.06]
['2020-04-15', 11.49, 11.87, 11.08, 11.46]
['2020-04-16', 11.4, 11.65, 10.84, 11.11]
['2020-04-17', 11.72, 11.92, 11.34, 11.87]
['2020-04-20', 11.52, 12.99, 11.42, 12.35]
['2020-04-21', 11.91, 12.31, 11.76, 12.01]
['2020-04-22', 12.44, 12.81, 12.16, 12.64]
['2020-04-23', 12.75, 13.5, 12.75, 13.11]
['2020-04-24', 13.2, 13.44, 12.67, 12.94]
['2020-04-27', 13.13, 13.63, 13.1, 13.52]
['2020-04-28', 14.0, 14.24, 13.11, 13.69]
['2020-04-29', 14.15, 14.87, 14.03, 14.8]
['2020-04-30', 14.4, 14.76, 14.02, 14.03]
['2020-05-01', 13.39, 13.71, 12.6, 12.96]
['2020-05-04', 12.61, 13.54, 12.43, 13.43]
['2020-05-05', 13.82, 13.99, 12.93, 13.25]
['2020-05-06', 13.42, 14.0, 13.12, 13.87]
['2020-05-07', 13.97, 14.29, 13.48, 13.81]
['2020-05-08', 14.43, 15.35, 14.31, 14.77]
['2020-05-11', 14.57, 15.06, 14.35, 14.56]
['2020-05-12', 14.62, 14.8, 13.95, 13.97]
['2020-05-13', 13.79, 14.0, 13.01, 13.54]
['2020-05-14', 13.15, 13.97, 12.65, 13.97]
['2020-05-15', 13.89, 14.21, 13.59, 14.07]
['2020-05-18', 14.74, 15.29, 14.63, 15.14]
['2020-05-19', 15.0, 15.97, 14.99, 15.51]
['2020-05-20', 15.84, 16.48, 15.72, 15.91]
['2020-05-21', 15.91, 16.26, 15.59, 16.07]
['2020-05-22', 16.18, 16.24, 15.76, 15.86]
['2020-05-26', 16.5, 16.81, 16.19, 16.33]
['2020-05-27', 16.77, 16.92, 15.36, 16.85]
['2020-05-28', 17.0, 17.14, 16.32, 16.43]
['2020-05-29', 16.19, 16.8, 15.99, 16.7]
