['2016-04-21', 14.0, 14.0, 14.0, 14.0]
['2016-04-22', 13.89, 14.6, 13.4, 14.0]
['2016-04-25', 14.1, 14.1, 13.5, 13.5]
['2016-04-26', 13.55, 13.74, 13.25, 13.73]
['2016-04-27', 13.99, 14.05, 13.55, 13.68]
['2016-04-28', 13.55, 13.7, 13.34, 13.44]
['2016-04-29', 13.4, 13.49, 13.1, 13.33]
['2016-05-02', 13.11, 13.48, 13.02, 13.34]
['2016-05-03', 13.38, 13.75, 13.15, 13.66]
['2016-05-04', 13.7, 13.7, 13.3, 13.53]
['2016-05-05', 13.67, 13.68, 13.35, 13.5]
['2016-05-06', 13.32, 13.59, 13.09, 13.27]
['2016-05-09', 13.11, 13.32, 12.17, 13.0]
['2016-05-10', 12.8, 13.22, 12.55, 13.1]
['2016-05-11', 13.2, 13.2, 12.65, 12.72]
['2016-05-12', 12.61, 13.01, 11.96, 12.21]
['2016-05-13', 12.59, 12.88, 12.17, 12.45]
['2016-05-16', 12.21, 13.9, 12.21, 13.81]
['2016-05-17', 13.97, 14.33, 12.92, 13.16]
['2016-05-18', 13.08, 13.84, 13.08, 13.53]
['2016-05-19', 13.58, 13.7, 13.18, 13.61]
['2016-05-20', 13.57, 13.99, 13.53, 13.86]
['2016-05-23', 13.92, 13.98, 13.11, 13.26]
['2016-05-24', 13.23, 13.82, 13.15, 13.65]
['2016-05-25', 13.67, 13.89, 13.61, 13.76]
['2016-05-26', 13.82, 13.93, 13.36, 13.63]
['2016-05-27', 13.46, 13.91, 13.23, 13.73]
['2016-05-31', 13.98, 13.98, 13.5, 13.81]
['2016-06-01', 14.13, 14.38, 13.11, 13.69]
['2016-06-02', 13.66, 13.79, 13.12, 13.28]
['2016-06-03', 13.25, 13.55, 13.25, 13.45]
['2016-06-06', 13.31, 14.08, 13.25, 13.53]
['2016-06-07', 13.42, 13.5, 13.19, 13.28]
['2016-06-08', 13.18, 13.6, 13.11, 13.49]
['2016-06-09', 13.33, 13.6, 13.1, 13.11]
['2016-06-10', 13.11, 13.39, 12.67, 13.34]
['2016-06-13', 13.29, 13.6, 13.05, 13.18]
['2016-06-14', 13.44, 15.14, 12.77, 14.92]
['2016-06-15', 15.27, 16.23, 13.87, 14.08]
['2016-06-16', 14.05, 15.5, 13.5, 15.49]
['2016-06-17', 15.28, 15.87, 14.81, 15.09]
['2016-06-20', 15.27, 15.27, 14.09, 14.52]
['2016-06-21', 14.64, 14.64, 13.95, 14.16]
['2016-06-22', 13.9, 14.49, 13.71, 13.99]
['2016-06-23', 14.12, 14.22, 13.82, 14.12]
['2016-06-24', 13.5, 13.93, 13.0, 13.04]
['2016-06-27', 13.01, 13.66, 12.5, 13.09]
['2016-06-28', 13.4, 13.56, 12.78, 12.92]
['2016-06-29', 13.08, 14.24, 13.08, 13.77]
['2016-06-30', 13.91, 14.23, 13.48, 14.1]
['2016-07-01', 14.08, 14.08, 13.85, 14.0]
['2016-07-05', 13.89, 14.07, 13.49, 13.91]
['2016-07-06', 13.71, 14.11, 13.51, 14.04]
['2016-07-07', 14.0, 14.08, 13.67, 13.79]
['2016-07-08', 13.92, 13.98, 13.29, 13.86]
['2016-07-11', 13.78, 14.79, 13.78, 14.54]
['2016-07-12', 14.5, 14.99, 14.5, 14.75]
['2016-07-13', 14.73, 14.96, 14.25, 14.74]
['2016-07-14', 15.0, 15.02, 14.5, 14.83]
['2016-07-15', 14.92, 15.42, 14.73, 15.36]
['2016-07-18', 15.35, 15.46, 14.97, 15.14]
['2016-07-19', 15.19, 15.19, 14.55, 14.75]
['2016-07-20', 14.79, 14.79, 14.29, 14.44]
['2016-07-21', 14.27, 14.48, 14.23, 14.36]
['2016-07-22', 14.38, 14.58, 14.04, 14.51]
['2016-07-25', 14.64, 14.86, 14.37, 14.75]
['2016-07-26', 14.7, 15.02, 14.47, 15.0]
['2016-07-27', 15.07, 15.07, 14.66, 14.9]
['2016-07-28', 15.0, 15.0, 14.6, 14.93]
['2016-07-29', 14.95, 14.96, 14.6, 14.81]
['2016-08-01', 14.75, 14.89, 14.72, 14.83]
['2016-08-02', 14.76, 14.76, 14.22, 14.33]
['2016-08-03', 14.24, 14.59, 14.23, 14.54]
['2016-08-04', 14.54, 14.7, 14.38, 14.44]
['2016-08-05', 14.51, 14.51, 14.24, 14.37]
['2016-08-08', 14.35, 14.35, 14.1, 14.16]
['2016-08-09', 14.19, 14.19, 14.05, 14.11]
['2016-08-10', 14.18, 14.18, 14.05, 14.07]
['2016-08-11', 14.05, 14.16, 13.9, 14.11]
['2016-08-12', 14.13, 14.13, 13.94, 14.0]
['2016-08-15', 13.94, 14.25, 13.94, 14.13]
['2016-08-16', 14.21, 14.23, 13.96, 14.02]
['2016-08-17', 13.98, 14.1, 13.79, 13.95]
['2016-08-18', 14.04, 14.12, 13.86, 14.09]
['2016-08-19', 14.0, 14.67, 14.0, 14.34]
['2016-08-22', 14.42, 14.77, 14.35, 14.43]
['2016-08-23', 14.43, 14.8, 14.42, 14.48]
['2016-08-24', 14.41, 14.73, 14.41, 14.49]
['2016-08-25', 14.52, 14.63, 14.45, 14.57]
['2016-08-26', 14.48, 14.59, 13.87, 14.26]
['2016-08-29', 14.27, 14.47, 14.25, 14.37]
['2016-08-30', 14.47, 14.63, 13.88, 14.09]
['2016-08-31', 14.12, 14.36, 14.12, 14.2]
['2016-09-01', 14.27, 14.27, 14.1, 14.21]
['2016-09-02', 14.36, 14.36, 13.96, 14.18]
['2016-09-06', 14.27, 14.83, 14.13, 14.4]
['2016-09-07', 15.5, 15.8, 13.79, 13.99]
['2016-09-08', 14.03, 14.14, 13.55, 13.95]
['2016-09-09', 13.88, 14.01, 13.13, 13.49]
['2016-09-12', 13.5, 13.65, 13.16, 13.4]
['2016-09-13', 13.39, 13.45, 13.02, 13.07]
['2016-09-14', 13.08, 13.08, 12.67, 12.72]
['2016-09-15', 12.69, 13.06, 12.69, 12.83]
['2016-09-16', 12.83, 13.01, 12.68, 12.72]
['2016-09-19', 12.83, 12.97, 11.85, 12.1]
['2016-09-20', 12.04, 12.44, 12.01, 12.03]
['2016-09-21', 12.0, 12.25, 12.0, 12.12]
['2016-09-22', 12.26, 13.04, 12.26, 12.65]
['2016-09-23', 12.72, 13.1, 12.47, 12.6]
['2016-09-26', 12.56, 12.7, 12.32, 12.48]
['2016-09-27', 12.41, 13.14, 12.25, 12.58]
['2016-09-28', 12.52, 13.02, 12.44, 12.81]
['2016-09-29', 12.81, 12.86, 12.54, 12.56]
['2016-09-30', 12.62, 12.69, 12.2, 12.51]
['2016-10-03', 12.55, 12.58, 12.28, 12.37]
['2016-10-04', 12.39, 12.73, 12.12, 12.63]
['2016-10-05', 12.64, 12.81, 12.59, 12.67]
['2016-10-06', 12.68, 12.83, 12.39, 12.66]
['2016-10-07', 12.61, 12.83, 12.61, 12.63]
['2016-10-10', 12.77, 12.79, 12.65, 12.67]
['2016-10-11', 12.65, 12.69, 12.41, 12.54]
['2016-10-12', 12.5, 12.66, 12.22, 12.38]
['2016-10-13', 12.17, 12.31, 12.06, 12.19]
['2016-10-14', 12.73, 12.8, 12.08, 12.14]
['2016-10-17', 12.41, 12.7, 12.0, 12.09]
['2016-10-18', 12.12, 12.29, 12.05, 12.05]
['2016-10-19', 11.96, 12.19, 11.96, 12.05]
['2016-10-20', 12.05, 12.28, 11.97, 12.1]
['2016-10-21', 12.1, 12.45, 11.24, 11.29]
['2016-10-24', 11.42, 11.54, 11.29, 11.42]
['2016-10-25', 11.53, 11.56, 11.37, 11.43]
['2016-10-26', 11.44, 11.55, 11.36, 11.47]
['2016-10-27', 11.58, 11.58, 11.3, 11.36]
['2016-10-28', 11.3, 11.57, 11.04, 11.22]
['2016-10-31', 11.4, 11.85, 11.32, 11.79]
['2016-11-01', 11.93, 11.94, 11.59, 11.61]
['2016-11-02', 11.62, 11.82, 11.31, 11.81]
['2016-11-03', 11.73, 11.94, 11.56, 11.81]
['2016-11-04', 11.9, 11.9, 11.41, 11.58]
['2016-11-07', 11.63, 12.06, 11.54, 11.98]
['2016-11-08', 12.2, 12.29, 11.72, 12.01]
['2016-11-09', 11.86, 12.62, 11.72, 12.25]
['2016-11-10', 12.3, 12.31, 12.04, 12.12]
['2016-11-11', 12.15, 12.47, 11.5, 12.37]
['2016-11-14', 12.52, 12.73, 12.18, 12.52]
['2016-11-15', 12.57, 12.73, 12.29, 12.49]
['2016-11-16', 12.51, 12.6, 12.39, 12.49]
['2016-11-17', 12.56, 12.73, 12.46, 12.52]
['2016-11-18', 12.57, 12.82, 12.27, 12.42]
['2016-11-21', 12.44, 12.58, 12.26, 12.5]
['2016-11-22', 12.52, 12.59, 12.42, 12.53]
['2016-11-23', 12.58, 12.58, 12.35, 12.51]
['2016-11-25', 12.53, 12.56, 12.34, 12.42]
['2016-11-28', 12.45, 12.56, 12.25, 12.4]
['2016-11-29', 12.35, 12.48, 12.25, 12.3]
['2016-11-30', 12.34, 12.5, 12.3, 12.35]
['2016-12-01', 12.4, 12.53, 12.25, 12.31]
['2016-12-02', 12.31, 12.45, 11.51, 11.74]
['2016-12-05', 11.9, 12.03, 11.7, 11.91]
['2016-12-06', 11.91, 12.5, 11.61, 12.45]
['2016-12-07', 12.45, 12.54, 11.86, 12.01]
['2016-12-08', 11.79, 12.49, 11.32, 12.02]
['2016-12-09', 12.07, 12.31, 11.54, 11.66]
['2016-12-12', 11.66, 11.75, 11.25, 11.25]
['2016-12-13', 11.14, 11.69, 10.5, 10.91]
['2016-12-14', 10.9, 10.98, 10.56, 10.68]
['2016-12-15', 10.69, 10.81, 10.5, 10.71]
['2016-12-16', 10.76, 10.86, 10.5, 10.6]
['2016-12-19', 10.62, 10.62, 10.31, 10.39]
['2016-12-20', 10.55, 11.08, 10.54, 10.81]
['2016-12-21', 10.76, 10.9, 10.6, 10.75]
['2016-12-22', 10.87, 10.9, 10.75, 10.86]
['2016-12-23', 10.86, 11.05, 10.81, 10.85]
['2016-12-27', 10.84, 10.91, 10.69, 10.75]
['2016-12-28', 10.67, 10.73, 10.22, 10.31]
['2016-12-29', 10.29, 10.71, 10.18, 10.57]
['2016-12-30', 10.72, 11.01, 10.37, 10.59]
['2017-01-03', 10.63, 10.75, 10.42, 10.55]
['2017-01-04', 10.65, 10.78, 10.27, 10.77]
['2017-01-05', 10.82, 10.82, 10.59, 10.72]
['2017-01-06', 10.69, 10.72, 10.43, 10.6]
['2017-01-09', 10.78, 10.88, 10.32, 10.47]
['2017-01-10', 10.44, 10.54, 10.2, 10.33]
['2017-01-11', 10.36, 10.49, 10.25, 10.34]
['2017-01-12', 10.27, 10.48, 10.15, 10.42]
['2017-01-13', 10.51, 11.0, 10.51, 10.83]
['2017-01-17', 10.99, 11.0, 10.72, 10.79]
['2017-01-18', 10.87, 10.94, 10.63, 10.78]
['2017-01-19', 10.73, 10.84, 10.65, 10.8]
['2017-01-20', 10.74, 10.94, 10.74, 10.85]
['2017-01-23', 10.89, 10.89, 10.32, 10.42]
['2017-01-24', 10.42, 10.55, 10.31, 10.49]
['2017-01-25', 10.45, 10.78, 10.39, 10.63]
['2017-01-26', 10.57, 10.66, 10.31, 10.43]
['2017-01-27', 10.49, 10.62, 10.39, 10.59]
['2017-01-30', 10.54, 10.67, 10.41, 10.64]
['2017-01-31', 10.67, 10.67, 10.31, 10.34]
['2017-02-01', 10.47, 10.52, 10.44, 10.47]
['2017-02-02', 10.54, 10.61, 10.44, 10.56]
['2017-02-03', 10.47, 10.67, 10.31, 10.59]
['2017-02-06', 10.62, 10.62, 10.38, 10.41]
['2017-02-07', 10.49, 10.49, 10.35, 10.37]
['2017-02-08', 10.42, 10.42, 10.25, 10.38]
['2017-02-09', 10.35, 10.67, 10.35, 10.48]
['2017-02-10', 10.48, 10.56, 10.25, 10.33]
['2017-02-13', 10.43, 10.61, 10.31, 10.49]
['2017-02-14', 10.5, 10.55, 10.4, 10.5]
['2017-02-15', 10.52, 10.65, 10.41, 10.62]
['2017-02-16', 10.53, 10.54, 10.37, 10.52]
['2017-02-17', 10.55, 10.76, 10.34, 10.71]
['2017-02-21', 10.8, 10.8, 10.5, 10.62]
['2017-02-22', 10.55, 10.62, 10.42, 10.5]
['2017-02-23', 10.54, 10.64, 10.5, 10.62]
['2017-02-24', 10.57, 10.58, 10.3, 10.32]
['2017-02-27', 10.35, 10.58, 10.29, 10.54]
['2017-02-28', 10.57, 10.57, 10.35, 10.44]
['2017-03-01', 10.54, 10.54, 10.3, 10.39]
['2017-03-02', 10.4, 10.49, 10.26, 10.46]
['2017-03-03', 10.52, 10.53, 10.3, 10.4]
['2017-03-06', 10.36, 10.47, 10.25, 10.32]
['2017-03-07', 10.29, 11.5, 10.29, 10.74]
['2017-03-08', 10.86, 11.37, 10.65, 10.94]
['2017-03-09', 11.26, 11.26, 10.46, 10.62]
['2017-03-10', 10.61, 10.96, 10.43, 10.85]
['2017-03-13', 11.11, 11.74, 11.11, 11.59]
['2017-03-14', 11.67, 11.67, 11.23, 11.33]
['2017-03-15', 11.4, 11.78, 11.23, 11.72]
['2017-03-16', 11.7, 12.08, 11.37, 12.01]
['2017-03-17', 12.0, 12.06, 11.51, 11.63]
['2017-03-20', 11.65, 12.11, 11.63, 11.88]
['2017-03-21', 11.99, 12.11, 11.58, 11.61]
['2017-03-22', 11.66, 11.93, 11.24, 11.44]
['2017-03-23', 11.54, 11.56, 11.34, 11.48]
['2017-03-24', 11.45, 11.73, 11.45, 11.56]
['2017-03-27', 11.58, 11.58, 11.15, 11.42]
['2017-03-28', 11.4, 11.57, 11.11, 11.38]
['2017-03-29', 10.6, 11.13, 10.2, 10.33]
['2017-03-30', 9.77, 10.04, 9.47, 9.68]
['2017-03-31', 9.75, 9.85, 9.31, 9.5]
['2017-04-03', 9.58, 9.81, 9.22, 9.27]
['2017-04-04', 9.4, 9.4, 8.95, 9.27]
['2017-04-05', 9.13, 9.29, 9.03, 9.2]
['2017-04-06', 9.21, 9.27, 8.8, 8.98]
['2017-04-07', 8.98, 9.18, 8.8, 8.9]
['2017-04-10', 9.01, 9.02, 8.66, 8.75]
['2017-04-11', 8.8, 8.89, 8.65, 8.76]
['2017-04-12', 8.85, 8.85, 8.64, 8.66]
['2017-04-13', 8.67, 8.7, 8.5, 8.5]
['2017-04-17', 8.6, 8.64, 8.25, 8.41]
['2017-04-18', 8.32, 8.72, 8.31, 8.68]
['2017-04-19', 8.62, 9.0, 8.62, 8.85]
['2017-04-20', 8.87, 9.07, 8.86, 9.0]
['2017-04-21', 9.0, 9.15, 8.87, 8.94]
['2017-04-24', 9.1, 9.2, 8.85, 9.12]
['2017-04-25', 9.11, 9.21, 8.99, 9.03]
['2017-04-26', 9.05, 9.05, 8.86, 8.87]
['2017-04-27', 8.88, 8.92, 8.68, 8.82]
['2017-04-28', 8.8, 9.02, 8.61, 8.65]
['2017-05-01', 8.71, 8.73, 8.55, 8.67]
['2017-05-02', 8.7, 8.75, 8.58, 8.65]
['2017-05-03', 8.66, 8.73, 8.6, 8.71]
['2017-05-04', 8.77, 8.99, 8.7, 8.87]
['2017-05-05', 8.88, 9.09, 8.88, 8.99]
['2017-05-08', 8.91, 9.12, 8.76, 9.09]
['2017-05-09', 9.16, 9.23, 8.76, 9.11]
['2017-05-10', 9.14, 9.5, 9.14, 9.42]
['2017-05-11', 9.42, 9.68, 9.26, 9.55]
['2017-05-12', 9.55, 9.88, 9.38, 9.48]
['2017-05-15', 9.53, 11.0, 9.53, 10.14]
['2017-05-16', 10.12, 10.81, 10.12, 10.27]
['2017-05-17', 10.14, 10.34, 10.0, 10.22]
['2017-05-18', 10.26, 10.5, 10.23, 10.43]
['2017-05-19', 10.45, 10.95, 10.43, 10.81]
['2017-05-22', 10.88, 11.15, 10.72, 10.96]
['2017-05-23', 10.95, 10.95, 10.65, 10.66]
['2017-05-24', 10.71, 10.95, 10.51, 10.83]
['2017-05-25', 10.84, 10.9, 10.68, 10.72]
['2017-05-26', 10.54, 11.0, 10.54, 10.83]
['2017-05-30', 10.71, 11.43, 10.71, 11.33]
['2017-05-31', 11.31, 11.7, 10.84, 10.88]
['2017-06-01', 11.09, 11.74, 10.91, 11.67]
['2017-06-02', 11.49, 11.75, 11.49, 11.57]
['2017-06-05', 11.62, 11.68, 11.1, 11.47]
['2017-06-06', 10.49, 10.53, 9.65, 10.29]
['2017-06-07', 10.35, 10.59, 9.9, 10.45]
['2017-06-08', 10.47, 10.47, 9.31, 9.65]
['2017-06-09', 9.54, 9.8, 9.29, 9.53]
['2017-06-12', 9.5, 9.6, 8.79, 9.21]
['2017-06-13', 9.37, 9.37, 8.87, 9.22]
['2017-06-14', 9.2, 9.46, 8.99, 9.31]
['2017-06-15', 9.25, 9.34, 9.01, 9.15]
['2017-06-16', 9.12, 9.29, 8.92, 9.24]
['2017-06-19', 9.27, 9.5, 9.08, 9.46]
['2017-06-20', 9.44, 9.5, 8.97, 9.02]
['2017-06-21', 9.02, 9.18, 8.97, 8.98]
['2017-06-22', 9.0, 9.4, 8.98, 9.33]
['2017-06-23', 9.35, 9.4, 9.1, 9.23]
['2017-06-26', 9.25, 9.47, 9.22, 9.37]
['2017-06-27', 9.32, 9.34, 9.07, 9.27]
['2017-06-28', 9.26, 9.36, 9.15, 9.33]
['2017-06-29', 9.33, 9.35, 9.15, 9.27]
['2017-06-30', 9.29, 9.35, 9.14, 9.29]
['2017-07-03', 9.31, 9.7, 9.3, 9.68]
['2017-07-05', 9.68, 9.68, 9.38, 9.48]
['2017-07-06', 9.44, 9.53, 9.4, 9.46]
['2017-07-07', 9.55, 10.61, 9.55, 10.25]
['2017-07-10', 10.09, 10.58, 10.03, 10.51]
['2017-07-11', 10.5, 10.61, 10.02, 10.49]
['2017-07-12', 10.5, 10.98, 9.76, 10.59]
['2017-07-13', 10.59, 10.73, 10.28, 10.52]
['2017-07-14', 10.5, 10.63, 10.21, 10.41]
['2017-07-17', 10.39, 10.55, 10.3, 10.35]
['2017-07-18', 10.37, 10.87, 10.37, 10.78]
['2017-07-19', 10.78, 10.95, 10.72, 10.9]
['2017-07-20', 10.9, 10.95, 10.75, 10.8]
['2017-07-21', 10.83, 10.85, 10.51, 10.67]
['2017-07-24', 10.67, 10.91, 10.54, 10.9]
['2017-07-25', 10.88, 11.29, 10.77, 11.19]
['2017-07-26', 11.2, 11.35, 10.96, 11.25]
['2017-07-27', 11.27, 11.3, 10.93, 11.02]
['2017-07-28', 10.99, 11.1, 10.88, 10.94]
['2017-07-31', 10.98, 10.98, 10.77, 10.94]
['2017-08-01', 10.95, 11.15, 10.47, 11.11]
['2017-08-02', 11.12, 11.23, 10.75, 10.79]
['2017-08-03', 10.85, 10.85, 10.53, 10.68]
['2017-08-04', 10.67, 10.91, 10.64, 10.7]
['2017-08-07', 10.75, 10.8, 10.62, 10.73]
['2017-08-08', 10.88, 11.14, 10.65, 10.84]
['2017-08-09', 10.65, 10.87, 10.58, 10.65]
['2017-08-10', 10.52, 10.7, 10.52, 10.62]
['2017-08-11', 10.65, 10.7, 10.55, 10.58]
['2017-08-14', 10.58, 10.78, 10.53, 10.69]
['2017-08-15', 10.74, 10.75, 10.4, 10.4]
['2017-08-16', 10.47, 10.5, 10.17, 10.24]
['2017-08-17', 10.25, 10.47, 10.23, 10.28]
['2017-08-18', 10.28, 10.41, 10.25, 10.36]
['2017-08-21', 10.12, 10.67, 10.12, 10.34]
['2017-08-22', 10.35, 10.5, 10.19, 10.24]
['2017-08-23', 10.24, 10.41, 9.97, 10.04]
['2017-08-24', 10.01, 10.6, 10.0, 10.53]
['2017-08-25', 10.57, 10.79, 10.17, 10.48]
['2017-08-28', 10.46, 10.49, 10.24, 10.45]
['2017-08-29', 10.42, 10.57, 10.25, 10.35]
['2017-08-30', 10.42, 10.68, 10.26, 10.27]
['2017-08-31', 10.25, 10.5, 10.2, 10.23]
['2017-09-01', 10.3, 10.99, 10.26, 10.84]
['2017-09-05', 10.84, 10.92, 10.06, 10.07]
['2017-09-06', 10.38, 11.17, 10.38, 10.8]
['2017-09-07', 10.9, 11.34, 10.87, 11.03]
['2017-09-08', 10.86, 11.27, 10.86, 11.1]
['2017-09-11', 11.08, 11.37, 10.97, 11.16]
['2017-09-12', 11.15, 11.38, 11.15, 11.36]
['2017-09-13', 11.26, 11.48, 11.26, 11.34]
['2017-09-14', 11.28, 11.49, 11.24, 11.36]
['2017-09-15', 11.31, 12.55, 11.29, 12.55]
['2017-09-18', 12.31, 12.69, 12.31, 12.45]
['2017-09-19', 12.49, 12.61, 12.33, 12.4]
['2017-09-20', 12.36, 12.61, 11.32, 12.37]
['2017-09-21', 12.39, 12.54, 12.16, 12.42]
['2017-09-22', 12.3, 12.59, 12.1, 12.57]
['2017-09-25', 12.45, 12.69, 12.39, 12.4]
['2017-09-26', 12.47, 12.65, 12.39, 12.39]
['2017-09-27', 12.5, 12.99, 12.31, 12.7]
['2017-09-28', 12.62, 12.7, 12.46, 12.54]
['2017-09-29', 12.55, 12.69, 12.33, 12.35]
['2017-10-02', 12.4, 12.5, 12.19, 12.29]
['2017-10-03', 12.43, 12.55, 12.23, 12.24]
['2017-10-04', 12.55, 12.55, 12.24, 12.24]
['2017-10-05', 12.33, 12.58, 12.29, 12.34]
['2017-10-06', 12.28, 12.59, 12.26, 12.49]
['2017-10-09', 12.48, 12.53, 12.23, 12.34]
['2017-10-10', 12.37, 12.51, 12.05, 12.38]
['2017-10-11', 12.44, 12.57, 12.35, 12.39]
['2017-10-12', 12.39, 12.52, 11.85, 11.9]
['2017-10-13', 11.5, 11.74, 10.1, 11.31]
['2017-10-16', 10.76, 11.3, 10.75, 11.04]
['2017-10-17', 11.0, 11.35, 10.88, 11.24]
['2017-10-18', 11.34, 11.44, 11.16, 11.22]
['2017-10-19', 11.19, 11.23, 11.0, 11.12]
['2017-10-20', 11.23, 11.23, 10.73, 10.78]
['2017-10-23', 10.78, 10.98, 10.72, 10.83]
['2017-10-24', 10.84, 11.02, 10.74, 10.8]
['2017-10-25', 10.77, 10.92, 10.41, 10.45]
['2017-10-26', 10.46, 10.55, 10.11, 10.15]
['2017-10-27', 10.17, 10.48, 10.06, 10.43]
['2017-10-30', 10.47, 10.62, 9.93, 10.04]
['2017-10-31', 10.04, 10.31, 9.71, 10.02]
['2017-11-01', 10.05, 10.07, 9.76, 10.02]
['2017-11-02', 10.09, 10.09, 9.82, 9.93]
['2017-11-03', 9.93, 10.15, 9.53, 9.71]
['2017-11-06', 9.64, 10.0, 9.46, 9.63]
['2017-11-07', 9.6, 9.85, 9.3, 9.36]
['2017-11-08', 9.37, 9.78, 9.35, 9.71]
['2017-11-09', 9.7, 9.88, 9.55, 9.67]
['2017-11-10', 9.65, 9.85, 9.54, 9.68]
['2017-11-13', 9.65, 9.72, 9.54, 9.6]
['2017-11-14', 9.6, 9.67, 9.53, 9.58]
['2017-11-15', 9.52, 9.71, 9.44, 9.58]
['2017-11-16', 9.57, 9.89, 9.41, 9.68]
['2017-11-17', 9.66, 10.0, 9.3, 9.85]
['2017-11-20', 9.88, 10.26, 9.78, 10.13]
['2017-11-21', 10.16, 10.46, 10.16, 10.38]
['2017-11-22', 10.38, 10.47, 10.19, 10.28]
['2017-11-24', 10.35, 10.39, 9.97, 10.08]
['2017-11-27', 10.15, 10.42, 9.95, 10.07]
['2017-11-28', 10.09, 10.26, 9.82, 10.2]
['2017-11-29', 10.22, 10.28, 9.79, 9.82]
['2017-11-30', 9.88, 9.89, 9.6, 9.82]
['2017-12-01', 9.8, 9.96, 9.58, 9.84]
['2017-12-04', 10.0, 10.0, 9.43, 9.52]
['2017-12-05', 9.52, 9.81, 8.91, 8.95]
['2017-12-06', 9.06, 9.62, 8.71, 9.04]
['2017-12-07', 8.68, 8.94, 8.1, 8.27]
['2017-12-08', 8.34, 8.56, 8.29, 8.52]
['2017-12-11', 8.57, 8.92, 8.45, 8.78]
['2017-12-12', 8.79, 9.16, 8.77, 9.11]
['2017-12-13', 9.13, 9.7, 9.13, 9.52]
['2017-12-14', 9.57, 9.82, 9.43, 9.75]
['2017-12-15', 9.92, 10.22, 9.78, 10.08]
['2017-12-18', 10.14, 10.45, 10.04, 10.13]
['2017-12-19', 10.14, 10.14, 9.75, 9.8]
['2017-12-20', 9.85, 9.88, 9.54, 9.59]
['2017-12-21', 9.66, 9.75, 9.52, 9.53]
['2017-12-22', 9.55, 9.55, 9.37, 9.43]
['2017-12-26', 9.45, 9.55, 9.32, 9.33]
['2017-12-27', 9.39, 9.58, 9.03, 9.34]
['2017-12-28', 9.3, 9.33, 9.0, 9.26]
['2017-12-29', 9.3, 9.3, 8.75, 8.87]
['2018-01-02', 9.0, 9.05, 8.92, 9.0]
['2018-01-03', 9.05, 9.41, 8.99, 9.27]
['2018-01-04', 9.28, 9.48, 9.24, 9.29]
['2018-01-05', 9.36, 9.39, 9.07, 9.14]
['2018-01-08', 9.09, 9.15, 9.0, 9.09]
['2018-01-09', 9.1, 9.18, 8.98, 9.0]
['2018-01-10', 8.95, 9.09, 8.85, 8.96]
['2018-01-11', 8.99, 9.26, 8.94, 9.1]
['2018-01-12', 9.18, 9.38, 9.1, 9.34]
['2018-01-16', 9.38, 10.0, 9.16, 9.19]
['2018-01-17', 9.27, 9.53, 9.21, 9.51]
['2018-01-18', 9.41, 9.52, 9.28, 9.35]
['2018-01-19', 9.34, 9.61, 9.24, 9.61]
['2018-01-22', 9.61, 9.61, 9.3, 9.46]
['2018-01-23', 9.46, 9.58, 9.24, 9.53]
['2018-01-24', 9.54, 9.72, 9.5, 9.6]
['2018-01-25', 9.68, 9.88, 9.55, 9.64]
['2018-01-26', 9.72, 9.85, 9.67, 9.7]
['2018-01-29', 9.85, 10.11, 9.79, 10.08]
['2018-01-30', 10.11, 10.11, 9.68, 9.71]
['2018-01-31', 9.7, 9.95, 9.47, 9.68]
['2018-02-01', 9.65, 9.78, 9.41, 9.51]
['2018-02-02', 9.4, 9.75, 9.3, 9.44]
['2018-02-05', 9.4, 9.64, 9.05, 9.07]
['2018-02-06', 9.0, 9.59, 9.0, 9.25]
['2018-02-07', 9.23, 9.3, 9.1, 9.3]
['2018-02-08', 9.34, 9.37, 9.1, 9.1]
['2018-02-09', 9.22, 9.72, 9.0, 9.69]
['2018-02-12', 9.74, 10.01, 9.64, 9.97]
['2018-02-13', 9.86, 9.94, 9.68, 9.8]
['2018-02-14', 9.72, 10.0, 9.72, 9.87]
['2018-02-15', 9.97, 10.05, 9.73, 9.99]
['2018-02-16', 9.95, 10.05, 9.88, 9.93]
['2018-02-20', 9.9, 10.0, 9.68, 9.75]
['2018-02-21', 9.91, 10.09, 9.65, 9.74]
['2018-02-22', 9.9, 10.0, 9.76, 9.76]
['2018-02-23', 9.84, 9.95, 9.74, 9.93]
['2018-02-26', 10.05, 10.23, 10.0, 10.1]
['2018-02-27', 10.14, 10.5, 9.95, 10.25]
['2018-02-28', 10.27, 10.43, 9.75, 9.87]
['2018-03-01', 9.85, 9.9, 9.28, 9.35]
['2018-03-02', 9.31, 9.84, 9.14, 9.81]
['2018-03-05', 9.75, 10.0, 9.55, 9.8]
['2018-03-06', 9.87, 9.87, 9.7, 9.73]
['2018-03-07', 9.77, 9.98, 9.77, 9.85]
['2018-03-08', 9.9, 10.08, 9.8, 9.88]
['2018-03-09', 9.96, 10.1, 9.77, 9.82]
['2018-03-12', 9.87, 10.2, 9.84, 9.94]
['2018-03-13', 10.06, 10.13, 9.85, 9.89]
['2018-03-14', 10.18, 10.22, 9.83, 9.85]
['2018-03-15', 9.86, 10.21, 9.68, 9.72]
['2018-03-16', 9.71, 9.94, 7.86, 8.33]
['2018-03-19', 8.3, 9.5, 8.3, 9.33]
['2018-03-20', 8.3, 9.43, 8.3, 9.31]
['2018-03-21', 9.35, 9.48, 9.16, 9.4]
['2018-03-22', 9.36, 9.48, 8.56, 9.04]
['2018-03-23', 9.05, 9.05, 8.5, 8.52]
['2018-03-26', 8.67, 9.2, 8.56, 9.01]
['2018-03-27', 9.02, 9.12, 8.76, 8.82]
['2018-03-28', 8.56, 8.82, 8.15, 8.5]
['2018-03-29', 8.05, 8.24, 8.01, 8.08]
['2018-04-02', 8.14, 8.35, 7.98, 8.02]
['2018-04-03', 8.11, 8.14, 7.83, 7.99]
['2018-04-04', 7.96, 8.35, 7.9, 8.27]
['2018-04-05', 8.3, 8.36, 8.09, 8.12]
['2018-04-06', 8.02, 8.12, 7.94, 8.0]
['2018-04-09', 8.07, 8.17, 7.99, 8.0]
['2018-04-10', 8.13, 8.35, 7.99, 8.33]
['2018-04-11', 8.32, 9.17, 8.32, 9.01]
['2018-04-12', 9.06, 9.62, 9.06, 9.49]
['2018-04-13', 9.9, 10.15, 9.85, 9.96]
['2018-04-16', 9.99, 10.28, 9.87, 10.08]
['2018-04-17', 10.09, 10.89, 10.09, 10.77]
['2018-04-18', 10.77, 10.97, 10.5, 10.51]
['2018-04-19', 10.45, 10.59, 10.26, 10.41]
['2018-04-20', 10.36, 10.56, 10.25, 10.51]
['2018-04-23', 10.56, 10.97, 10.49, 10.63]
['2018-04-24', 10.62, 10.95, 10.12, 10.53]
['2018-04-25', 10.58, 10.72, 10.2, 10.6]
['2018-04-26', 10.6, 11.0, 10.58, 10.78]
['2018-04-27', 10.8, 10.95, 10.52, 10.83]
['2018-04-30', 10.94, 11.24, 10.7, 10.92]
['2018-05-01', 10.86, 11.13, 10.65, 11.03]
['2018-05-02', 11.0, 11.44, 10.86, 10.87]
['2018-05-03', 10.86, 11.04, 10.35, 10.82]
['2018-05-04', 10.76, 11.2, 10.76, 10.86]
['2018-05-07', 10.88, 11.39, 10.88, 11.33]
['2018-05-08', 11.31, 11.66, 10.86, 10.97]
['2018-05-09', 11.03, 11.12, 10.88, 11.04]
['2018-05-10', 11.09, 11.19, 10.94, 11.1]
['2018-05-11', 11.09, 11.19, 10.88, 11.03]
['2018-05-14', 11.01, 11.16, 10.58, 10.73]
['2018-05-15', 10.69, 10.82, 10.2, 10.72]
['2018-05-16', 10.72, 10.96, 10.62, 10.78]
['2018-05-17', 10.77, 10.86, 10.6, 10.74]
['2018-05-18', 10.79, 10.89, 10.72, 10.79]
['2018-05-21', 10.77, 10.97, 10.74, 10.84]
['2018-05-22', 10.9, 11.0, 10.62, 10.65]
['2018-05-23', 10.65, 10.7, 10.52, 10.57]
['2018-05-24', 10.56, 10.56, 10.3, 10.48]
['2018-05-25', 10.45, 10.72, 10.37, 10.5]
['2018-05-29', 10.44, 10.56, 10.21, 10.24]
['2018-05-30', 10.25, 10.64, 10.25, 10.37]
['2018-05-31', 10.37, 10.67, 10.33, 10.39]
['2018-06-01', 10.47, 10.79, 10.35, 10.48]
['2018-06-04', 10.63, 10.9, 10.31, 10.8]
['2018-06-05', 10.8, 10.97, 10.61, 10.72]
['2018-06-06', 10.72, 11.0, 10.72, 10.81]
['2018-06-07', 10.95, 11.85, 10.88, 11.51]
['2018-06-08', 11.41, 11.92, 11.41, 11.84]
['2018-06-11', 11.85, 12.92, 11.85, 12.72]
['2018-06-12', 12.74, 12.93, 12.28, 12.32]
['2018-06-13', 12.39, 12.64, 11.37, 12.27]
['2018-06-14', 12.35, 12.6, 12.1, 12.58]
['2018-06-15', 12.61, 13.3, 12.3, 13.22]
['2018-06-18', 13.15, 13.38, 12.67, 13.09]
['2018-06-19', 12.98, 12.98, 12.15, 12.61]
['2018-06-20', 12.68, 12.99, 12.63, 12.72]
['2018-06-21', 12.75, 12.75, 12.03, 12.12]
['2018-06-22', 12.23, 12.23, 11.84, 12.06]
['2018-06-25', 12.03, 12.03, 11.54, 11.92]
['2018-06-26', 11.93, 12.46, 11.44, 12.3]
['2018-06-27', 12.37, 12.41, 11.45, 11.54]
['2018-06-28', 11.53, 12.25, 11.4, 12.13]
['2018-06-29', 12.17, 12.9, 12.05, 12.45]
['2018-07-02', 12.38, 12.46, 11.23, 11.94]
['2018-07-03', 11.98, 12.02, 11.77, 11.89]
['2018-07-05', 12.05, 12.14, 11.79, 11.81]
['2018-07-06', 11.8, 12.05, 11.8, 11.98]
['2018-07-09', 12.05, 12.39, 11.93, 12.13]
['2018-07-10', 12.16, 12.45, 11.97, 12.01]
['2018-07-11', 11.99, 12.13, 11.98, 12.06]
['2018-07-12', 12.13, 12.5, 12.11, 12.46]
['2018-07-13', 12.49, 12.62, 12.42, 12.59]
['2018-07-16', 12.68, 13.87, 12.68, 13.65]
['2018-07-17', 13.75, 13.87, 13.47, 13.86]
['2018-07-18', 13.86, 14.95, 13.86, 14.7]
['2018-07-19', 14.65, 15.4, 14.02, 14.71]
['2018-07-20', 14.7, 15.88, 14.59, 14.9]
['2018-07-23', 14.84, 14.84, 13.53, 13.83]
['2018-07-24', 13.88, 13.95, 13.17, 13.84]
['2018-07-25', 13.87, 13.95, 13.62, 13.9]
['2018-07-26', 13.87, 14.52, 13.68, 13.9]
['2018-07-27', 13.92, 13.99, 12.48, 13.04]
['2018-07-30', 13.03, 13.3, 12.38, 12.58]
['2018-07-31', 12.65, 13.19, 12.51, 12.82]
['2018-08-01', 12.75, 13.0, 12.42, 12.42]
['2018-08-02', 12.35, 13.02, 12.35, 12.87]
['2018-08-03', 12.85, 12.93, 12.3, 12.49]
['2018-08-06', 12.47, 12.9, 12.35, 12.81]
['2018-08-07', 12.47, 13.44, 12.47, 12.83]
['2018-08-08', 12.82, 12.87, 12.58, 12.79]
['2018-08-09', 12.7, 13.36, 12.69, 13.13]
['2018-08-10', 13.16, 13.95, 12.59, 13.09]
['2018-08-13', 13.11, 13.25, 12.45, 12.83]
['2018-08-14', 12.88, 13.16, 12.64, 13.01]
['2018-08-15', 12.91, 12.93, 12.04, 12.63]
['2018-08-16', 12.71, 13.57, 12.71, 13.16]
['2018-08-17', 13.09, 13.2, 12.64, 12.96]
['2018-08-20', 13.05, 13.33, 12.64, 12.94]
['2018-08-21', 12.88, 13.26, 12.66, 12.93]
['2018-08-22', 12.89, 13.47, 12.89, 13.3]
['2018-08-23', 13.3, 13.75, 13.23, 13.55]
['2018-08-24', 12.43, 13.28, 12.15, 13.14]
['2018-08-27', 13.17, 13.47, 12.65, 12.68]
['2018-08-28', 12.72, 13.33, 12.53, 12.64]
['2018-08-29', 12.64, 13.18, 12.63, 13.16]
['2018-08-30', 13.18, 13.23, 12.76, 13.05]
['2018-08-31', 13.17, 13.59, 13.05, 13.31]
['2018-09-04', 13.21, 13.21, 12.01, 12.15]
['2018-09-05', 13.55, 13.55, 10.58, 12.64]
['2018-09-06', 12.69, 13.19, 12.58, 13.0]
['2018-09-07', 12.92, 13.6, 12.73, 13.39]
['2018-09-10', 13.49, 13.7, 13.03, 13.25]
['2018-09-11', 13.12, 13.91, 12.68, 13.9]
['2018-09-12', 13.9, 13.9, 12.76, 12.82]
['2018-09-13', 12.94, 13.21, 12.72, 12.89]
['2018-09-14', 12.96, 13.02, 12.72, 12.82]
['2018-09-17', 12.82, 13.05, 12.52, 12.85]
['2018-09-18', 12.86, 13.53, 12.81, 13.07]
['2018-09-19', 13.15, 13.35, 13.01, 13.2]
['2018-09-20', 13.28, 13.39, 12.95, 13.13]
['2018-09-21', 13.14, 13.32, 12.5, 12.95]
['2018-09-24', 12.86, 13.92, 12.86, 13.76]
['2018-09-25', 13.81, 14.15, 13.65, 14.13]
['2018-09-26', 14.16, 14.39, 13.53, 13.95]
['2018-09-27', 14.16, 14.53, 13.58, 14.49]
['2018-09-28', 14.46, 14.74, 14.06, 14.65]
['2018-10-01', 14.68, 14.69, 13.77, 13.92]
['2018-10-02', 13.93, 14.06, 13.44, 13.55]
['2018-10-03', 13.6, 14.24, 13.01, 14.23]
['2018-10-04', 14.22, 14.3, 13.39, 13.86]
['2018-10-05', 13.82, 13.85, 12.76, 13.15]
['2018-10-08', 13.09, 13.61, 12.47, 13.21]
['2018-10-09', 13.19, 13.44, 12.6, 13.19]
['2018-10-10', 13.16, 13.16, 11.88, 12.15]
['2018-10-11', 12.1, 12.79, 11.81, 12.13]
['2018-10-12', 12.31, 13.35, 12.26, 12.56]
['2018-10-15', 12.58, 14.5, 12.58, 14.22]
['2018-10-16', 14.39, 15.45, 14.39, 15.3]
['2018-10-17', 15.23, 15.55, 14.58, 15.42]
['2018-10-18', 15.45, 15.45, 14.74, 15.23]
['2018-10-19', 15.27, 15.88, 14.05, 14.66]
['2018-10-22', 14.77, 15.46, 14.48, 15.37]
['2018-10-23', 15.03, 15.56, 14.34, 15.4]
['2018-10-24', 15.12, 15.5, 14.4, 14.49]
['2018-10-25', 14.79, 15.83, 14.45, 15.63]
['2018-10-26', 15.19, 15.84, 14.47, 15.09]
['2018-10-29', 15.5, 15.5, 13.99, 14.31]
['2018-10-30', 14.24, 15.48, 14.15, 15.38]
['2018-10-31', 15.4, 17.0, 15.21, 16.49]
['2018-11-01', 16.45, 16.79, 15.88, 16.58]
['2018-11-02', 16.63, 16.64, 15.85, 16.37]
['2018-11-05', 16.36, 16.49, 15.84, 16.24]
['2018-11-06', 16.2, 16.69, 16.03, 16.27]
['2018-11-07', 16.42, 18.97, 16.42, 18.37]
['2018-11-08', 18.3, 18.55, 17.79, 18.07]
['2018-11-09', 17.91, 17.91, 16.19, 16.63]
['2018-11-12', 16.56, 16.9, 16.39, 16.59]
['2018-11-13', 16.49, 17.0, 15.96, 16.3]
['2018-11-14', 16.18, 16.57, 15.52, 16.02]
['2018-11-15', 15.93, 17.16, 15.64, 16.59]
['2018-11-16', 16.2, 16.5, 15.77, 16.24]
['2018-11-19', 16.24, 16.28, 15.07, 15.26]
['2018-11-20', 15.0, 16.05, 14.12, 14.57]
['2018-11-21', 14.74, 16.36, 14.74, 16.03]
['2018-11-23', 15.84, 16.66, 15.35, 16.42]
['2018-11-26', 16.67, 18.03, 16.48, 17.98]
['2018-11-27', 17.55, 17.69, 16.48, 16.57]
['2018-11-28', 16.75, 18.15, 16.32, 18.09]
['2018-11-29', 17.96, 18.77, 17.66, 18.16]
['2018-11-30', 18.66, 18.91, 17.89, 18.01]
['2018-12-03', 18.35, 18.65, 16.2, 18.0]
['2018-12-04', 17.97, 18.19, 17.02, 17.58]
['2018-12-06', 16.98, 18.88, 16.48, 17.1]
['2018-12-07', 16.63, 16.95, 15.31, 15.64]
['2018-12-10', 15.54, 15.76, 14.92, 15.09]
['2018-12-11', 15.5, 15.99, 15.05, 15.21]
['2018-12-12', 15.68, 17.25, 15.68, 17.07]
['2018-12-13', 17.25, 18.28, 17.2, 17.41]
['2018-12-14', 17.01, 17.57, 16.26, 16.38]
['2018-12-17', 16.23, 16.37, 15.14, 15.31]
['2018-12-18', 15.55, 16.46, 15.55, 16.28]
['2018-12-19', 16.42, 17.17, 15.17, 15.33]
['2018-12-20', 15.3, 16.19, 14.25, 15.09]
['2018-12-21', 15.23, 16.57, 14.4, 16.45]
['2018-12-24', 16.29, 16.55, 15.41, 15.52]
['2018-12-26', 15.71, 16.27, 14.98, 15.55]
['2018-12-27', 15.22, 15.86, 14.64, 15.55]
['2018-12-28', 15.6, 16.8, 15.57, 16.27]
['2018-12-31', 16.65, 17.24, 16.56, 16.89]
['2019-01-02', 16.42, 16.81, 15.82, 16.12]
['2019-01-03', 16.19, 16.74, 15.81, 16.28]
['2019-01-04', 16.84, 17.55, 15.86, 16.07]
['2019-01-07', 16.13, 17.31, 16.13, 16.89]
['2019-01-08', 17.12, 17.32, 16.25, 16.89]
['2019-01-09', 16.92, 17.5, 16.54, 16.99]
['2019-01-10', 16.83, 17.06, 16.31, 16.59]
['2019-01-11', 16.5, 17.08, 16.4, 16.92]
['2019-01-14', 16.7, 16.7, 16.12, 16.31]
['2019-01-15', 16.36, 17.0, 16.27, 16.38]
['2019-01-16', 16.39, 16.95, 16.3, 16.4]
['2019-01-17', 16.31, 16.67, 15.99, 16.09]
['2019-01-18', 16.23, 17.12, 15.9, 16.51]
['2019-01-22', 16.5, 16.63, 15.95, 16.45]
['2019-01-23', 16.54, 17.0, 15.95, 16.93]
['2019-01-24', 17.0, 17.65, 16.88, 17.38]
['2019-01-25', 17.39, 18.58, 17.32, 18.08]
['2019-01-28', 17.85, 21.1, 17.54, 20.11]
['2019-01-29', 20.15, 20.43, 19.64, 20.07]
['2019-01-30', 20.44, 21.97, 20.2, 21.85]
['2019-01-31', 21.59, 23.95, 21.59, 22.92]
['2019-02-01', 23.0, 24.91, 22.23, 23.11]
['2019-02-04', 23.85, 24.25, 23.28, 23.82]
['2019-02-05', 23.83, 24.75, 23.2, 24.56]
['2019-02-06', 24.51, 24.58, 23.0, 23.68]
['2019-02-07', 23.22, 24.6, 22.03, 23.72]
['2019-02-08', 23.45, 23.49, 21.24, 21.68]
['2019-02-11', 21.03, 21.56, 20.42, 21.44]
['2019-02-12', 21.64, 22.42, 21.22, 22.12]
['2019-02-13', 22.19, 22.44, 21.0, 21.13]
['2019-02-14', 20.99, 21.75, 20.75, 21.64]
['2019-02-15', 21.72, 21.99, 21.07, 21.31]
['2019-02-19', 21.31, 21.37, 19.28, 20.5]
['2019-02-20', 20.62, 21.15, 19.51, 20.47]
['2019-02-21', 20.39, 20.77, 19.71, 20.51]
['2019-02-22', 20.56, 21.15, 20.07, 20.43]
['2019-02-25', 20.62, 21.1, 20.46, 20.88]
['2019-02-26', 21.0, 21.81, 20.78, 21.09]
['2019-02-27', 21.05, 21.68, 20.26, 21.66]
['2019-02-28', 21.61, 22.54, 21.33, 22.19]
['2019-03-01', 22.46, 23.0, 21.7, 21.93]
['2019-03-04', 21.97, 21.99, 19.51, 20.48]
['2019-03-05', 20.47, 20.53, 19.06, 19.5]
['2019-03-06', 19.47, 19.7, 18.57, 19.1]
['2019-03-07', 19.02, 19.39, 18.62, 18.64]
['2019-03-08', 18.49, 18.93, 18.37, 18.56]
['2019-03-11', 18.68, 19.63, 18.68, 19.45]
['2019-03-12', 19.51, 19.97, 19.17, 19.48]
['2019-03-13', 19.57, 20.01, 19.07, 19.37]
['2019-03-14', 19.38, 19.58, 18.47, 18.8]
['2019-03-15', 18.85, 19.63, 18.52, 19.25]
['2019-03-18', 19.35, 19.84, 19.16, 19.26]
['2019-03-19', 19.4, 19.93, 19.17, 19.74]
['2019-03-20', 19.73, 19.82, 18.71, 19.35]
['2019-03-21', 19.26, 20.17, 19.16, 19.9]
['2019-03-22', 19.79, 19.83, 18.75, 19.06]
['2019-03-25', 19.06, 19.74, 18.18, 19.69]
['2019-03-26', 19.83, 20.62, 19.51, 19.83]
['2019-03-27', 18.02, 18.88, 16.65, 18.21]
['2019-03-28', 18.06, 18.56, 17.46, 17.63]
['2019-03-29', 17.84, 18.71, 17.44, 18.4]
['2019-04-01', 18.63, 18.96, 17.82, 18.74]
['2019-04-02', 18.71, 19.78, 18.26, 19.55]
['2019-04-03', 19.74, 20.01, 18.95, 19.1]
['2019-04-04', 19.51, 19.51, 17.6, 18.09]
['2019-04-05', 18.09, 18.38, 17.83, 17.95]
['2019-04-08', 17.91, 18.07, 17.33, 17.84]
['2019-04-09', 17.77, 18.53, 17.56, 18.19]
['2019-04-10', 18.18, 18.34, 17.83, 17.98]
['2019-04-11', 17.99, 18.07, 17.46, 17.92]
['2019-04-12', 18.05, 18.13, 17.7, 17.89]
['2019-04-15', 17.91, 19.25, 17.91, 19.14]
['2019-04-16', 19.27, 19.51, 19.0, 19.1]
['2019-04-17', 19.3, 19.78, 18.66, 19.39]
['2019-04-18', 19.27, 19.58, 18.34, 18.44]
['2019-04-22', 18.55, 19.0, 18.34, 18.91]
['2019-04-23', 18.97, 19.16, 18.59, 18.8]
['2019-04-24', 18.71, 18.8, 17.67, 17.85]
['2019-04-25', 17.84, 18.79, 17.66, 18.63]
['2019-04-26', 18.58, 18.87, 18.13, 18.33]
['2019-04-29', 18.4, 19.13, 18.4, 19.0]
['2019-04-30', 19.01, 19.5, 18.9, 19.42]
['2019-05-01', 19.52, 19.52, 18.86, 19.25]
['2019-05-02', 19.15, 19.25, 18.13, 18.29]
['2019-05-03', 18.49, 18.88, 18.22, 18.61]
['2019-05-06', 18.07, 18.9, 17.51, 18.47]
['2019-05-07', 18.18, 18.37, 17.75, 18.35]
['2019-05-08', 18.3, 18.73, 17.95, 18.38]
['2019-05-09', 18.12, 19.07, 17.37, 18.98]
['2019-05-10', 18.82, 19.33, 17.78, 18.16]
['2019-05-13', 17.64, 17.99, 17.28, 17.59]
['2019-05-14', 17.66, 18.56, 17.66, 18.45]
['2019-05-15', 18.09, 18.68, 17.51, 17.86]
['2019-05-16', 17.93, 18.4, 17.93, 18.02]
['2019-05-17', 17.81, 18.28, 17.53, 18.11]
['2019-05-20', 17.83, 17.83, 15.76, 16.99]
['2019-05-21', 17.17, 18.15, 17.08, 17.46]
['2019-05-22', 17.33, 17.61, 16.88, 16.94]
['2019-05-23', 16.67, 16.87, 16.15, 16.35]
['2019-05-24', 16.45, 16.62, 15.7, 15.94]
['2019-05-28', 15.94, 16.45, 15.6, 15.78]
['2019-05-29', 15.53, 15.77, 15.1, 15.35]
['2019-05-30', 15.35, 16.04, 15.23, 15.61]
['2019-05-31', 15.29, 15.35, 14.02, 14.61]
['2019-06-03', 15.01, 15.36, 13.66, 14.4]
['2019-06-04', 14.61, 14.78, 13.94, 14.62]
['2019-06-05', 13.93, 14.65, 13.15, 13.26]
['2019-06-06', 13.15, 13.68, 12.99, 13.6]
['2019-06-07', 13.62, 13.9, 13.1, 13.24]
['2019-06-10', 12.96, 15.0, 12.96, 14.25]
['2019-06-11', 14.5, 14.77, 13.58, 13.77]
['2019-06-12', 13.65, 14.1, 13.55, 13.74]
['2019-06-13', 13.85, 14.4, 13.49, 14.21]
['2019-06-14', 14.2, 14.2, 13.41, 13.49]
['2019-06-17', 13.49, 13.98, 13.49, 13.68]
['2019-06-18', 13.75, 14.24, 13.61, 13.96]
['2019-06-19', 13.95, 13.97, 13.44, 13.81]
['2019-06-20', 14.28, 14.31, 13.53, 13.77]
['2019-06-21', 13.67, 14.44, 13.5, 14.24]
['2019-06-24', 14.25, 14.45, 12.74, 12.91]
['2019-06-25', 12.88, 13.36, 12.75, 12.87]
['2019-06-26', 12.98, 13.4, 12.87, 12.9]
['2019-06-27', 12.96, 13.47, 12.94, 13.35]
['2019-06-28', 13.42, 13.97, 13.13, 13.29]
['2019-07-01', 13.36, 13.56, 12.42, 12.53]
['2019-07-02', 12.52, 12.52, 12.17, 12.33]
['2019-07-03', 12.37, 12.73, 12.32, 12.35]
['2019-07-05', 12.28, 12.57, 12.04, 12.56]
['2019-07-08', 12.53, 12.57, 12.1, 12.12]
['2019-07-09', 12.03, 12.83, 11.95, 12.54]
['2019-07-10', 12.64, 13.13, 12.64, 12.94]
['2019-07-11', 13.05, 13.22, 12.8, 12.93]
['2019-07-12', 12.9, 13.07, 12.66, 13.02]
['2019-07-15', 13.02, 13.19, 12.81, 13.13]
['2019-07-16', 13.12, 13.5, 13.05, 13.23]
['2019-07-17', 13.21, 13.21, 12.83, 13.15]
['2019-07-18', 13.1, 13.61, 13.06, 13.21]
['2019-07-19', 13.26, 13.46, 12.86, 12.99]
['2019-07-22', 13.07, 13.07, 12.38, 12.43]
['2019-07-23', 12.39, 12.51, 11.67, 11.96]
['2019-07-24', 11.92, 12.6, 11.84, 12.51]
['2019-07-25', 12.68, 12.78, 11.83, 11.86]
['2019-07-26', 11.91, 12.26, 11.91, 12.15]
['2019-07-29', 12.19, 12.27, 11.36, 12.09]
['2019-07-30', 11.99, 12.17, 11.82, 11.88]
['2019-07-31', 11.89, 12.28, 11.62, 11.94]
['2019-08-01', 12.0, 12.11, 11.45, 11.59]
['2019-08-02', 11.51, 11.67, 11.27, 11.51]
['2019-08-05', 11.34, 11.51, 10.64, 11.18]
['2019-08-06', 11.31, 11.68, 10.97, 11.09]
['2019-08-07', 10.87, 11.47, 10.72, 11.16]
['2019-08-08', 11.31, 11.71, 11.21, 11.49]
['2019-08-09', 11.45, 11.45, 10.69, 11.23]
['2019-08-12', 11.15, 11.17, 10.76, 11.07]
['2019-08-13', 11.04, 11.61, 11.04, 11.18]
['2019-08-14', 10.95, 10.95, 10.37, 10.85]
['2019-08-15', 10.79, 11.15, 10.64, 11.01]
['2019-08-16', 11.1, 11.69, 11.1, 11.2]
['2019-08-19', 11.47, 11.47, 10.98, 11.09]
['2019-08-20', 11.08, 11.32, 10.9, 11.2]
['2019-08-21', 11.39, 11.48, 11.17, 11.37]
['2019-08-22', 11.45, 11.65, 11.04, 11.36]
['2019-08-23', 11.3, 12.02, 11.28, 11.57]
['2019-08-26', 11.7, 11.7, 11.14, 11.37]
['2019-08-27', 11.47, 11.47, 10.98, 11.18]
['2019-08-28', 11.16, 11.61, 11.03, 11.56]
['2019-08-29', 11.66, 12.21, 11.59, 12.0]
['2019-08-30', 12.11, 12.37, 11.94, 12.07]
['2019-09-03', 12.14, 12.22, 11.81, 12.01]
['2019-09-04', 12.16, 12.29, 11.93, 12.24]
['2019-09-05', 13.89, 14.47, 13.03, 14.04]
['2019-09-06', 14.14, 15.11, 14.0, 14.81]
['2019-09-09', 14.84, 15.08, 13.9, 14.11]
['2019-09-10', 14.14, 14.23, 13.63, 14.15]
['2019-09-11', 14.17, 14.76, 14.17, 14.66]
['2019-09-12', 14.78, 14.97, 13.9, 14.38]
['2019-09-13', 14.3, 14.39, 13.95, 14.01]
['2019-09-16', 14.04, 14.24, 13.11, 13.21]
['2019-09-17', 13.14, 13.22, 12.19, 12.69]
['2019-09-18', 12.79, 12.88, 12.11, 12.62]
['2019-09-19', 12.71, 13.08, 12.18, 12.34]
['2019-09-20', 12.34, 12.58, 12.11, 12.34]
['2019-09-23', 12.36, 13.1, 12.17, 12.85]
['2019-09-24', 12.88, 13.0, 12.02, 12.3]
['2019-09-25', 12.32, 12.97, 12.06, 12.85]
['2019-09-26', 12.86, 13.1, 12.43, 13.02]
['2019-09-27', 13.04, 13.11, 12.31, 12.59]
['2019-09-30', 12.53, 13.36, 12.43, 12.93]
['2019-10-01', 12.98, 13.0, 12.4, 12.74]
['2019-10-02', 12.63, 12.66, 12.05, 12.64]
['2019-10-03', 12.62, 13.31, 12.31, 13.26]
['2019-10-04', 13.24, 13.74, 12.73, 12.81]
['2019-10-07', 12.79, 12.9, 12.4, 12.56]
['2019-10-08', 12.37, 12.57, 12.0, 12.29]
['2019-10-09', 12.38, 12.49, 12.17, 12.27]
['2019-10-10', 12.25, 12.55, 12.12, 12.32]
['2019-10-11', 12.27, 13.15, 12.27, 12.62]
['2019-10-14', 12.54, 12.56, 11.95, 11.97]
['2019-10-15', 11.96, 12.14, 11.92, 11.97]
['2019-10-16', 11.92, 12.1, 11.32, 12.03]
['2019-10-17', 12.08, 12.19, 11.92, 12.05]
['2019-10-18', 11.99, 12.24, 11.5, 12.18]
['2019-10-21', 12.23, 13.07, 12.15, 12.89]
['2019-10-22', 12.87, 13.47, 12.87, 13.27]
['2019-10-23', 13.33, 13.83, 12.83, 13.15]
['2019-10-24', 13.21, 14.13, 13.21, 13.92]
['2019-10-25', 13.77, 13.8, 12.98, 13.17]
['2019-10-28', 13.26, 13.46, 12.65, 12.81]
['2019-10-29', 12.8, 12.8, 12.19, 12.27]
['2019-10-30', 12.3, 12.34, 11.9, 12.25]
['2019-10-31', 12.18, 12.22, 11.7, 12.16]
['2019-11-01', 12.27, 12.6, 11.94, 12.4]
['2019-11-04', 12.37, 12.65, 12.14, 12.15]
['2019-11-05', 12.2, 12.31, 11.79, 12.09]
['2019-11-06', 12.08, 12.24, 11.71, 12.07]
['2019-11-07', 12.14, 12.29, 11.79, 11.85]
['2019-11-08', 11.79, 12.17, 11.6, 12.15]
['2019-11-11', 12.06, 12.06, 11.68, 11.72]
['2019-11-12', 11.39, 11.57, 11.15, 11.33]
['2019-11-13', 11.24, 11.41, 10.88, 10.88]
['2019-11-14', 10.73, 11.04, 10.72, 10.85]
['2019-11-15', 10.99, 11.37, 10.92, 11.17]
['2019-11-18', 11.18, 11.41, 11.04, 11.14]
['2019-11-19', 11.19, 11.56, 11.14, 11.31]
['2019-11-20', 11.23, 11.62, 10.92, 11.28]
['2019-11-21', 11.22, 11.41, 11.21, 11.26]
['2019-11-22', 11.28, 11.4, 11.11, 11.23]
['2019-11-25', 11.32, 11.48, 10.9, 11.18]
['2019-11-26', 11.14, 11.32, 11.0, 11.29]
['2019-11-27', 11.29, 11.31, 10.74, 11.1]
['2019-11-29', 11.05, 11.49, 10.96, 11.34]
['2019-12-02', 11.37, 11.37, 10.5, 11.07]
['2019-12-03', 10.89, 11.33, 10.8, 11.27]
['2019-12-04', 11.38, 11.56, 11.13, 11.24]
['2019-12-05', 13.05, 14.55, 12.2, 14.55]
['2019-12-06', 14.67, 15.45, 14.65, 15.11]
['2019-12-09', 15.22, 15.27, 14.32, 14.54]
['2019-12-10', 14.5, 14.6, 13.79, 13.87]
['2019-12-11', 14.02, 14.02, 12.97, 13.0]
['2019-12-12', 13.0, 13.05, 12.38, 12.78]
['2019-12-13', 12.74, 14.07, 12.47, 13.97]
['2019-12-16', 14.06, 14.15, 13.68, 14.0]
['2019-12-17', 13.95, 14.19, 13.7, 14.13]
['2019-12-18', 14.17, 15.03, 13.96, 14.9]
['2019-12-19', 14.82, 15.16, 14.54, 15.13]
['2019-12-20', 15.11, 15.24, 14.66, 15.18]
['2019-12-23', 15.09, 18.01, 14.24, 17.72]
['2019-12-24', 17.19, 17.38, 16.0, 16.63]
['2019-12-26', 16.73, 17.2, 16.59, 17.16]
['2019-12-27', 17.24, 17.29, 16.66, 17.0]
['2019-12-30', 16.86, 17.21, 16.85, 17.04]
['2019-12-31', 16.92, 17.34, 16.66, 16.66]
['2020-01-02', 16.89, 18.23, 16.7, 17.82]
['2020-01-03', 17.5, 17.99, 16.5, 17.27]
['2020-01-06', 17.01, 17.2, 16.13, 16.99]
['2020-01-07', 17.03, 17.31, 16.72, 16.79]
['2020-01-08', 16.83, 17.1, 16.45, 16.56]
['2020-01-09', 16.65, 16.68, 15.7, 15.86]
['2020-01-10', 15.88, 16.21, 15.77, 16.0]
['2020-01-13', 16.12, 16.15, 15.46, 15.86]
['2020-01-14', 15.9, 16.01, 15.63, 15.87]
['2020-01-15', 15.92, 16.96, 15.88, 16.52]
['2020-01-16', 16.7, 16.95, 16.43, 16.49]
['2020-01-17', 16.66, 16.66, 15.88, 16.39]
['2020-01-21', 16.38, 16.74, 16.14, 16.19]
['2020-01-22', 16.32, 16.54, 16.05, 16.33]
['2020-01-23', 16.33, 16.43, 15.49, 16.43]
['2020-01-24', 16.44, 16.44, 15.93, 16.09]
['2020-01-27', 15.8, 15.8, 14.58, 15.17]
['2020-01-28', 15.31, 15.7, 14.95, 15.64]
['2020-01-29', 15.77, 15.9, 15.42, 15.82]
['2020-01-30', 15.74, 16.29, 15.56, 16.27]
['2020-01-31', 16.21, 16.21, 15.39, 15.73]
['2020-02-03', 15.65, 16.02, 15.65, 15.9]
['2020-02-04', 16.1, 16.77, 15.91, 16.35]
['2020-02-05', 16.58, 16.93, 15.82, 16.35]
['2020-02-06', 16.45, 16.49, 15.87, 16.0]
['2020-02-07', 15.89, 15.9, 15.2, 15.61]
['2020-02-10', 15.59, 15.78, 15.28, 15.68]
['2020-02-11', 15.8, 16.3, 15.58, 15.96]
['2020-02-12', 16.1, 16.2, 15.7, 16.01]
['2020-02-13', 15.87, 16.27, 15.65, 15.97]
['2020-02-14', 15.99, 16.22, 15.42, 15.55]
['2020-02-18', 15.62, 15.85, 15.2, 15.51]
['2020-02-19', 15.57, 15.84, 15.5, 15.55]
['2020-02-20', 15.54, 15.7, 15.09, 15.5]
['2020-02-21', 15.51, 15.51, 14.35, 14.96]
['2020-02-24', 14.25, 14.65, 13.84, 14.23]
['2020-02-25', 14.4, 15.42, 13.84, 14.29]
['2020-02-26', 14.33, 15.3, 14.0, 14.26]
['2020-02-27', 14.17, 14.59, 13.34, 13.47]
['2020-02-28', 12.88, 13.92, 12.67, 13.89]
['2020-03-02', 13.88, 13.88, 12.92, 13.62]
['2020-03-03', 13.56, 13.89, 12.72, 13.34]
['2020-03-04', 13.56, 13.75, 12.86, 13.56]
['2020-03-05', 13.18, 13.86, 13.16, 13.4]
['2020-03-06', 12.97, 14.01, 12.61, 13.03]
['2020-03-09', 12.29, 12.77, 11.67, 11.73]
['2020-03-10', 12.35, 13.08, 11.4, 12.65]
['2020-03-11', 12.27, 12.42, 10.73, 11.08]
['2020-03-12', 10.42, 10.62, 9.06, 9.12]
['2020-03-13', 9.47, 10.2, 8.72, 10.01]
['2020-03-16', 8.83, 9.68, 5.29, 8.79]
['2020-03-17', 9.05, 10.4, 8.18, 9.64]
['2020-03-18', 8.82, 11.14, 8.05, 9.02]
['2020-03-19', 8.91, 10.63, 8.68, 10.28]
['2020-03-20', 10.72, 11.47, 9.35, 10.0]
['2020-03-23', 10.05, 11.29, 9.56, 10.66]
['2020-03-24', 11.51, 12.48, 11.13, 11.56]
['2020-03-25', 11.63, 13.4, 11.01, 11.09]
['2020-03-26', 11.21, 13.29, 11.21, 11.92]
['2020-03-27', 11.58, 12.93, 10.7, 11.84]
['2020-03-30', 11.84, 13.18, 11.81, 12.14]
['2020-03-31', 12.05, 13.28, 11.22, 11.51]
['2020-04-01', 11.04, 11.38, 10.06, 10.65]
['2020-04-02', 10.66, 11.43, 10.43, 11.01]
['2020-04-03', 11.02, 11.02, 10.03, 10.31]
['2020-04-06', 10.78, 12.3, 10.78, 11.69]
['2020-04-07', 12.07, 12.84, 10.67, 11.12]
['2020-04-08', 11.31, 12.24, 11.24, 11.71]
['2020-04-09', 12.01, 12.81, 11.51, 12.06]
['2020-04-13', 11.79, 12.28, 11.44, 11.7]
['2020-04-14', 11.99, 12.5, 11.71, 12.19]
['2020-04-15', 12.1, 12.15, 11.14, 11.21]
['2020-04-16', 11.38, 11.61, 10.84, 11.18]
['2020-04-17', 11.49, 13.28, 11.49, 12.9]
['2020-04-20', 12.54, 13.13, 11.77, 12.53]
['2020-04-21', 12.33, 12.39, 11.11, 11.6]
['2020-04-22', 11.85, 12.16, 11.06, 11.13]
['2020-04-23', 11.18, 11.66, 10.3, 10.59]
['2020-04-24', 10.7, 11.66, 10.53, 11.28]
['2020-04-27', 11.34, 12.1, 11.34, 11.73]
['2020-04-28', 11.98, 12.4, 10.91, 11.23]
['2020-04-29', 11.64, 12.44, 11.4, 12.22]
['2020-04-30', 12.07, 12.15, 11.17, 11.38]
['2020-05-01', 11.09, 11.36, 10.67, 11.05]
['2020-05-04', 10.91, 11.34, 10.81, 11.27]
['2020-05-05', 11.4, 11.88, 11.07, 11.5]
['2020-05-06', 11.54, 11.88, 11.06, 11.21]
['2020-05-07', 11.51, 12.16, 11.45, 12.01]
['2020-05-08', 12.24, 12.24, 11.45, 12.1]
['2020-05-11', 11.86, 12.84, 11.86, 12.48]
['2020-05-12', 12.6, 12.76, 11.57, 11.63]
['2020-05-13', 11.46, 11.71, 10.77, 11.27]
['2020-05-14', 11.05, 11.39, 10.32, 11.34]
['2020-05-15', 11.18, 11.69, 10.81, 11.43]
['2020-05-18', 11.89, 12.17, 11.56, 11.61]
['2020-05-19', 11.61, 12.49, 11.61, 11.72]
['2020-05-20', 12.15, 12.65, 11.7, 12.07]
['2020-05-21', 12.29, 12.7, 12.0, 12.04]
['2020-05-22', 12.3, 12.73, 12.09, 12.47]
['2020-05-26', 12.8, 14.87, 12.44, 13.35]
['2020-05-27', 13.48, 13.99, 12.1, 13.3]
['2020-05-28', 13.43, 14.05, 13.09, 13.14]
['2020-05-29', 12.89, 13.56, 12.36, 13.46]
['2020-06-01', 13.48, 14.05, 13.23, 13.78]
['2020-06-02', 13.51, 14.04, 13.11, 13.59]
['2020-06-03', 13.77, 13.91, 13.35, 13.91]
['2020-06-04', 16.31, 16.31, 12.79, 13.03]
['2020-06-05', 13.35, 14.28, 11.96, 12.31]
