['2016-06-22', 15.0, 16.32, 13.9, 14.0]
['2016-06-23', 14.44, 14.84, 13.97, 14.03]
['2016-06-24', 13.38, 14.05, 11.16, 14.0]
['2016-06-27', 14.25, 14.389, 13.74, 13.99]
['2016-06-28', 14.0, 14.25, 14.0, 14.0]
['2016-06-29', 14.0, 14.09, 13.99, 13.99]
['2016-06-30', 14.32, 14.32, 13.99, 13.99]
['2016-07-01', 14.08, 14.08, 13.99, 14.02]
['2016-07-05', 13.99, 14.1, 13.99, 14.02]
['2016-07-06', 13.99, 14.01, 12.54, 14.01]
['2016-07-07', 14.04, 14.13, 13.975, 14.0]
['2016-07-08', 14.0, 14.47, 14.0, 14.05]
['2016-07-11', 14.45, 14.45, 14.0, 14.0]
['2016-07-12', 14.0, 14.24, 14.0, 14.0]
['2016-07-13', 14.0, 14.19, 14.0, 14.16]
['2016-07-14', 14.16, 14.16, 14.0, 14.0]
['2016-07-15', 14.1, 14.1, 12.53, 14.0]
['2016-07-18', 14.28, 14.46, 13.52, 14.0]
['2016-07-19', 14.0, 14.276, 14.0, 14.0]
['2016-07-20', 14.18, 14.19, 14.0, 14.06]
['2016-07-21', 14.01, 14.19, 13.99, 14.01]
['2016-07-22', 13.86, 14.23, 13.07, 13.77]
['2016-07-25', 13.71, 13.97, 13.37, 13.45]
['2016-07-26', 13.28, 13.59, 12.58, 12.63]
['2016-07-27', 12.52, 13.0, 11.57, 11.57]
['2016-07-28', 12.44, 12.44, 10.53, 10.87]
['2016-07-29', 10.88, 11.54, 10.78, 10.991]
['2016-08-01', 11.0, 11.52, 11.0, 11.43]
['2016-08-02', 11.66, 12.21, 10.935, 11.115]
['2016-08-03', 10.65, 11.65, 10.65, 11.1]
['2016-08-04', 11.01, 11.97, 10.925, 10.96]
['2016-08-05', 12.19, 12.19, 11.09, 11.82]
['2016-08-08', 11.41, 11.9, 10.9, 11.165]
['2016-08-09', 11.2, 11.31, 11.01, 11.01]
['2016-08-10', 11.04, 11.04, 10.5, 10.65]
['2016-08-11', 10.62, 11.94, 10.26, 10.85]
['2016-08-12', 10.77, 11.94, 10.65, 10.98]
['2016-08-15', 10.95, 11.99, 10.95, 11.1]
['2016-08-16', 11.6, 12.42, 11.48, 12.42]
['2016-08-17', 12.4, 12.86, 12.4, 12.84]
['2016-08-18', 12.65, 12.68, 12.078, 12.63]
['2016-08-19', 12.49, 12.87, 12.151, 12.87]
['2016-08-22', 12.79, 13.0, 12.556, 12.99]
['2016-08-23', 12.48, 12.94, 12.48, 12.9]
['2016-08-24', 12.88, 12.88, 12.88, 12.88]
['2016-08-25', 12.97, 12.99, 12.52, 12.93]
['2016-08-26', 12.99, 12.99, 12.16, 12.82]
['2016-08-29', 12.45, 12.99, 12.39, 12.39]
['2016-08-30', 12.92, 12.92, 12.78, 12.78]
['2016-08-31', 12.98, 12.98, 12.01, 12.01]
['2016-09-01', 12.42, 12.42, 12.049, 12.049]
['2016-09-02', 12.05, 12.05, 11.78, 11.85]
['2016-09-06', 12.342, 12.86, 11.61, 12.55]
['2016-09-07', 12.19, 12.98, 12.16, 12.97]
['2016-09-08', 12.95, 14.0, 12.11, 14.0]
['2016-09-09', 13.01, 14.12, 12.2, 14.0]
['2016-09-12', 13.92, 13.92, 13.02, 13.51]
['2016-09-13', 13.38, 13.42, 12.57, 13.09]
['2016-09-14', 11.93, 13.1, 11.82, 13.1]
['2016-09-15', 12.66, 13.2, 12.66, 13.18]
['2016-09-16', 13.24, 15.0, 13.03, 13.03]
['2016-09-19', 13.38, 13.735, 12.96, 13.08]
['2016-09-20', 13.22, 13.76, 12.76, 13.25]
['2016-09-21', 13.09, 14.47, 13.09, 14.43]
['2016-09-22', 14.52, 14.52, 13.404, 14.07]
['2016-09-23', 14.08, 15.99, 13.728, 15.01]
['2016-09-26', 15.03, 18.88, 15.01, 16.97]
['2016-09-27', 17.0, 18.74, 15.01, 15.48]
['2016-09-28', 15.35, 17.06, 14.215, 15.0]
['2016-09-29', 15.0, 15.08, 14.238, 14.62]
['2016-09-30', 15.02, 15.66, 14.03, 14.25]
['2016-10-03', 14.37, 15.0, 14.11, 14.88]
['2016-10-04', 14.79, 14.965, 14.55, 14.95]
['2016-10-05', 14.82, 15.25, 13.69, 14.38]
['2016-10-06', 14.34, 14.66, 14.09, 14.21]
['2016-10-07', 14.52, 15.0, 14.41, 14.98]
['2016-10-10', 15.01, 15.49, 14.66, 14.88]
['2016-10-11', 14.75, 16.0, 14.433, 16.0]
['2016-10-12', 15.95, 16.224, 15.84, 15.95]
['2016-10-13', 15.81, 16.4, 15.78, 16.21]
['2016-10-14', 16.21, 16.7, 16.21, 16.53]
['2016-10-17', 16.56, 17.75, 16.09, 16.6]
['2016-10-18', 16.76, 17.45, 16.76, 17.33]
['2016-10-19', 17.29, 17.4, 17.14, 17.36]
['2016-10-20', 17.311, 17.33, 16.4, 16.9]
['2016-10-21', 16.84, 17.26, 16.525, 16.69]
['2016-10-24', 16.66, 16.66, 16.37, 16.41]
['2016-10-25', 16.758, 16.8, 16.346, 16.53]
['2016-10-26', 17.42, 17.421, 16.02, 16.93]
['2016-10-27', 17.11, 17.11, 16.61, 16.92]
['2016-10-28', 16.73, 16.73, 16.27, 16.59]
['2016-10-31', 16.46, 17.64, 16.25, 17.64]
['2016-11-01', 17.74, 18.91, 17.74, 18.38]
['2016-11-02', 18.54, 18.64, 18.24, 18.42]
['2016-11-03', 18.941, 19.6, 18.17, 18.56]
['2016-11-04', 16.47, 18.64, 16.0, 18.31]
['2016-11-07', 18.47, 19.11, 17.5, 18.96]
['2016-11-08', 18.925, 19.63, 18.8, 19.63]
['2016-11-09', 20.0, 20.0, 17.66, 19.09]
['2016-11-10', 19.87, 21.3, 19.31, 20.68]
['2016-11-11', 21.06, 24.495, 20.9, 24.28]
['2016-11-14', 24.54, 24.54, 22.56, 23.57]
['2016-11-15', 22.505, 22.85, 22.11, 22.5]
['2016-11-16', 22.5, 23.08, 22.5, 23.02]
['2016-11-17', 23.28, 23.51, 22.79, 22.93]
['2016-11-18', 22.89, 23.68, 22.57, 23.29]
['2016-11-21', 22.7, 23.96, 22.7, 23.6]
['2016-11-22', 23.8, 25.56, 22.99, 25.13]
['2016-11-23', 24.96, 26.39, 22.7, 25.79]
['2016-11-25', 25.77, 26.33, 25.445, 26.33]
['2016-11-28', 26.755, 28.0, 26.2, 26.32]
['2016-11-29', 26.21, 26.76, 22.5, 22.62]
['2016-11-30', 23.45, 24.065, 19.44, 20.5]
['2016-12-01', 21.53, 21.53, 20.16, 20.41]
['2016-12-02', 20.29, 21.01, 19.306, 19.61]
['2016-12-05', 22.49, 24.0, 21.425, 23.44]
['2016-12-06', 25.0, 25.0, 23.14, 23.95]
['2016-12-07', 23.8, 24.99, 22.935, 23.2]
['2016-12-08', 23.62, 23.67, 22.75, 23.15]
['2016-12-09', 23.32, 23.32, 22.62, 22.97]
['2016-12-12', 22.79, 23.59, 21.365, 22.46]
['2016-12-13', 21.51, 22.98, 21.51, 22.4]
['2016-12-14', 22.6, 23.09, 21.54, 21.92]
['2016-12-15', 22.17, 23.0, 21.46, 21.91]
['2016-12-16', 21.94, 22.51, 20.43, 21.45]
['2016-12-19', 21.0, 21.0, 16.85, 17.15]
['2016-12-20', 17.45, 18.28, 17.15, 17.9]
['2016-12-21', 17.98, 18.88, 17.37, 18.19]
['2016-12-22', 18.33, 18.99, 17.81, 18.25]
['2016-12-23', 18.5, 18.75, 18.38, 18.65]
['2016-12-27', 18.576, 18.576, 17.279, 17.77]
['2016-12-28', 17.42, 17.57, 17.11, 17.18]
['2016-12-29', 17.555, 17.95, 17.17, 17.26]
['2016-12-30', 17.22, 17.4, 16.9, 17.15]
['2017-01-03', 17.25, 18.5, 16.55, 17.28]
['2017-01-04', 16.95, 17.3, 16.95, 17.25]
['2017-01-05', 17.25, 17.25, 16.93, 17.08]
['2017-01-06', 17.04, 17.25, 16.25, 16.39]
['2017-01-09', 16.146, 16.87, 16.1, 16.55]
['2017-01-10', 16.55, 16.55, 16.0, 16.07]
['2017-01-11', 16.37, 16.98, 15.0, 15.04]
['2017-01-12', 15.1, 15.83, 14.81, 15.23]
['2017-01-13', 15.976, 15.976, 14.98, 15.17]
['2017-01-17', 14.55, 15.95, 14.55, 14.87]
['2017-01-18', 14.87, 15.49, 14.76, 15.07]
['2017-01-19', 15.051, 15.24, 15.0, 15.0]
['2017-01-20', 15.0, 15.15, 14.28, 14.93]
['2017-01-23', 14.7, 15.01, 13.77, 14.38]
['2017-01-24', 14.53, 15.13, 14.4, 14.46]
['2017-01-25', 14.05, 14.67, 14.05, 14.48]
['2017-01-26', 14.5, 14.8, 14.295, 14.5]
['2017-01-27', 14.4, 14.67, 14.16, 14.49]
['2017-01-30', 14.41, 14.448, 14.1, 14.27]
['2017-01-31', 14.17, 14.485, 13.92, 14.0]
['2017-02-01', 14.09, 14.24, 14.0, 14.18]
['2017-02-02', 14.156, 14.215, 14.027, 14.11]
['2017-02-03', 14.15, 14.32, 14.15, 14.28]
['2017-02-06', 14.44, 15.28, 13.89, 14.14]
['2017-02-07', 14.12, 14.375, 13.7, 13.83]
['2017-02-08', 13.83, 14.098, 13.51, 13.81]
['2017-02-09', 13.8, 14.005, 13.8, 13.84]
['2017-02-10', 13.85, 14.19, 13.8, 13.91]
['2017-02-13', 13.93, 14.2, 13.79, 14.05]
['2017-02-14', 14.1, 14.16, 13.82, 14.03]
['2017-02-15', 13.98, 13.98, 13.79, 13.96]
['2017-02-16', 13.95, 14.394, 13.78, 13.87]
['2017-02-17', 14.02, 14.02, 13.77, 13.89]
['2017-02-21', 14.13, 14.641, 13.67, 14.22]
['2017-02-22', 14.3, 14.3, 13.54, 13.74]
['2017-02-23', 13.8, 14.0, 12.57, 12.67]
['2017-02-24', 12.67, 12.7, 11.95, 12.39]
['2017-02-27', 12.19, 13.39, 12.19, 13.2]
['2017-02-28', 14.204, 14.22, 12.61, 13.08]
['2017-03-01', 13.19, 13.7, 12.01, 13.04]
['2017-03-02', 13.24, 13.717, 13.11, 13.41]
['2017-03-03', 13.12, 13.51, 13.01, 13.3]
['2017-03-06', 14.01, 14.12, 13.13, 13.68]
['2017-03-07', 13.78, 14.1, 13.31, 13.43]
['2017-03-08', 13.71, 14.17, 13.63, 13.94]
['2017-03-09', 13.89, 14.35, 13.82, 14.18]
['2017-03-10', 14.1, 14.355, 13.9, 13.98]
['2017-03-13', 14.04, 14.155, 13.52, 13.98]
['2017-03-14', 13.9, 14.07, 13.51, 13.71]
['2017-03-15', 13.84, 14.0, 13.74, 13.91]
['2017-03-16', 13.57, 13.94, 12.48, 12.88]
['2017-03-17', 12.7, 13.37, 12.29, 12.3]
['2017-03-20', 12.34, 12.72, 12.12, 12.32]
['2017-03-21', 12.37, 12.97, 10.89, 10.95]
['2017-03-22', 11.0, 11.34, 10.27, 11.1]
['2017-03-23', 11.0, 11.282, 10.77, 10.89]
['2017-03-24', 11.0, 12.37, 11.0, 12.04]
['2017-03-27', 12.11, 12.39, 11.5, 11.92]
['2017-03-28', 12.8, 14.1, 12.8, 13.98]
['2017-03-29', 14.36, 14.36, 13.805, 14.05]
['2017-03-30', 14.57, 14.98, 14.18, 14.57]
['2017-03-31', 14.99, 14.99, 14.11, 14.32]
['2017-04-03', 14.32, 14.61, 14.07, 14.12]
['2017-04-04', 14.2, 14.45, 13.987, 14.04]
['2017-04-05', 14.02, 14.3, 13.85, 13.85]
['2017-04-06', 13.93, 13.93, 13.18, 13.74]
['2017-04-07', 14.29, 14.29, 13.585, 13.94]
['2017-04-10', 14.06, 15.07, 13.7, 14.57]
['2017-04-11', 14.92, 15.739, 13.5, 15.09]
['2017-04-12', 15.51, 15.561, 14.69, 15.23]
['2017-04-13', 14.93, 15.265, 13.9, 13.95]
['2017-04-17', 13.95, 14.87, 13.77, 14.81]
['2017-04-18', 14.68, 14.9, 13.7, 14.24]
['2017-04-19', 15.44, 15.44, 13.97, 14.2]
['2017-04-20', 14.34, 14.35, 13.9, 14.25]
['2017-04-21', 14.29, 14.34, 13.72, 13.88]
['2017-04-24', 14.21, 14.21, 13.31, 13.42]
['2017-04-25', 13.51, 13.54, 12.85, 12.97]
['2017-04-26', 13.0, 13.0, 12.5, 12.73]
['2017-04-27', 12.72, 13.19, 12.66, 13.1]
['2017-04-28', 12.56, 12.6, 11.62, 12.06]
['2017-05-01', 12.27, 12.753, 11.17, 12.2]
['2017-05-02', 12.37, 14.1, 12.37, 13.05]
['2017-05-03', 13.31, 13.473, 12.53, 12.72]
['2017-05-04', 12.76, 13.1, 12.16, 12.62]
['2017-05-05', 12.69, 13.25, 12.62, 13.02]
['2017-05-08', 13.02, 13.46, 13.02, 13.2]
['2017-05-09', 13.28, 13.655, 13.14, 13.37]
['2017-05-10', 13.4, 13.91, 13.15, 13.8]
['2017-05-11', 13.77, 14.4, 13.18, 13.51]
['2017-05-12', 13.0, 14.251, 13.0, 13.51]
['2017-05-15', 13.56, 13.7, 13.225, 13.41]
['2017-05-16', 13.6, 14.39, 13.36, 14.24]
['2017-05-17', 14.0, 14.37, 13.5, 13.9]
['2017-05-18', 14.04, 14.3, 14.0, 14.04]
['2017-05-19', 13.97, 14.33, 13.97, 14.04]
['2017-05-22', 14.32, 14.39, 13.83, 13.93]
['2017-05-23', 13.99, 14.35, 13.595, 13.74]
['2017-05-24', 13.75, 14.11, 13.25, 13.94]
['2017-05-25', 13.7, 13.85, 13.18, 13.52]
['2017-05-26', 13.52, 14.08, 13.45, 14.05]
['2017-05-30', 14.0, 14.205, 13.31, 13.69]
['2017-05-31', 13.7, 13.89, 13.273, 13.68]
['2017-06-01', 13.68, 14.34, 13.53, 13.86]
['2017-06-02', 13.6, 14.07, 13.6, 13.76]
['2017-06-05', 13.99, 14.1, 13.5, 13.82]
['2017-06-06', 13.67, 14.259, 13.181, 13.94]
['2017-06-07', 14.22, 14.22, 13.7, 13.99]
['2017-06-08', 14.0, 15.49, 13.89, 14.59]
['2017-06-09', 14.59, 15.43, 14.49, 15.09]
['2017-06-12', 15.23, 16.22, 14.48, 15.92]
['2017-06-13', 16.17, 16.92, 15.47, 16.24]
['2017-06-14', 16.33, 16.683, 15.83, 16.52]
['2017-06-15', 16.2, 18.45, 14.076, 18.09]
['2017-06-16', 18.25, 18.5, 16.31, 17.47]
['2017-06-19', 18.09, 18.09, 16.37, 16.99]
['2017-06-20', 16.93, 17.32, 16.505, 16.63]
['2017-06-21', 16.5, 17.3, 16.405, 16.77]
['2017-06-22', 17.21, 17.73, 16.33, 16.57]
['2017-06-23', 16.5, 17.71, 16.5, 17.71]
['2017-06-26', 17.84, 20.39, 17.78, 19.87]
['2017-06-27', 19.85, 19.85, 18.69, 18.87]
['2017-06-28', 18.82, 19.75, 18.08, 19.62]
['2017-06-29', 19.85, 20.01, 19.41, 20.0]
['2017-06-30', 20.0, 20.09, 19.3, 19.86]
['2017-07-03', 19.91, 19.91, 18.58, 18.93]
['2017-07-05', 18.87, 20.0, 18.319, 19.58]
['2017-07-06', 19.43, 19.72, 19.2, 19.55]
['2017-07-07', 19.51, 19.675, 18.85, 19.33]
['2017-07-10', 19.22, 19.47, 18.76, 18.94]
['2017-07-11', 18.86, 19.94, 18.54, 18.96]
['2017-07-12', 19.0, 19.5, 18.85, 19.05]
['2017-07-13', 18.78, 19.34, 18.51, 18.88]
['2017-07-14', 18.97, 19.06, 18.755, 18.89]
['2017-07-17', 18.88, 19.13, 18.88, 18.92]
['2017-07-18', 18.9, 19.06, 18.56, 18.81]
['2017-07-19', 19.19, 19.328, 17.11, 17.31]
['2017-07-20', 17.3, 17.505, 16.93, 17.28]
['2017-07-21', 17.53, 17.74, 17.27, 17.28]
['2017-07-24', 17.23, 18.11, 17.23, 18.05]
['2017-07-25', 18.01, 18.435, 17.37, 17.88]
['2017-07-26', 17.9, 18.531, 17.9, 18.24]
['2017-07-27', 18.15, 18.18, 17.14, 17.38]
['2017-07-28', 17.72, 18.1, 16.53, 16.98]
['2017-07-31', 17.37, 17.37, 16.53, 17.04]
['2017-08-01', 17.21, 17.59, 16.87, 17.45]
['2017-08-02', 17.66, 18.2, 17.08, 18.09]
['2017-08-03', 18.05, 18.4, 17.47, 17.85]
['2017-08-04', 17.88, 18.074, 17.48, 17.72]
['2017-08-07', 17.75, 18.15, 17.72, 17.98]
['2017-08-08', 18.14, 18.599, 17.67, 17.89]
['2017-08-09', 17.78, 17.92, 17.23, 17.47]
['2017-08-10', 17.45, 17.61, 16.41, 16.97]
['2017-08-11', 17.07, 17.43, 15.54, 15.67]
['2017-08-14', 15.32, 16.74, 15.32, 16.74]
['2017-08-15', 16.85, 17.0, 15.48, 15.71]
['2017-08-16', 15.85, 16.112, 15.66, 15.76]
['2017-08-17', 15.87, 16.81, 15.65, 16.0]
['2017-08-18', 16.1, 16.38, 14.72, 15.22]
['2017-08-21', 15.12, 15.71, 14.97, 15.45]
['2017-08-22', 15.7, 16.32, 15.4, 15.61]
['2017-08-23', 15.5, 16.59, 15.5, 15.94]
['2017-08-24', 15.95, 16.22, 15.65, 16.06]
['2017-08-25', 16.0, 16.0, 15.35, 15.73]
['2017-08-28', 15.9, 16.79, 15.68, 16.49]
['2017-08-29', 16.56, 17.0, 15.97, 16.53]
['2017-08-30', 16.15, 16.8, 15.81, 16.64]
['2017-08-31', 16.8, 17.96, 16.77, 17.85]
['2017-09-01', 17.52, 18.03, 17.14, 18.02]
['2017-09-05', 17.75, 18.41, 17.2, 18.01]
['2017-09-06', 18.2, 18.2, 16.935, 17.38]
['2017-09-07', 17.18, 18.215, 17.17, 17.5]
['2017-09-08', 17.55, 18.12, 17.19, 17.61]
['2017-09-11', 17.85, 18.175, 17.48, 17.68]
['2017-09-12', 17.92, 17.92, 17.0, 17.4]
['2017-09-13', 17.57, 17.59, 17.3, 17.33]
['2017-09-14', 17.5, 17.633, 17.3, 17.49]
['2017-09-15', 17.55, 17.79, 17.32, 17.5]
['2017-09-18', 17.54, 18.9, 17.54, 18.62]
['2017-09-19', 18.86, 18.96, 18.55, 18.61]
['2017-09-20', 18.46, 21.42, 18.38, 20.03]
['2017-09-21', 20.01, 20.2, 19.2, 19.74]
['2017-09-22', 19.68, 19.725, 18.76, 19.17]
['2017-09-25', 18.96, 19.2, 18.62, 18.84]
['2017-09-26', 18.88, 19.39, 18.56, 18.66]
['2017-09-27', 18.62, 20.59, 18.58, 19.38]
['2017-09-28', 19.42, 20.29, 19.2, 19.53]
['2017-09-29', 19.4, 19.85, 17.77, 18.25]
['2017-10-02', 18.41, 19.02, 18.25, 18.93]
['2017-10-03', 19.16, 19.99, 18.93, 19.72]
['2017-10-04', 19.86, 20.355, 19.4, 19.75]
['2017-10-05', 19.94, 20.532, 19.62, 19.77]
['2017-10-06', 19.52, 19.89, 19.27, 19.75]
['2017-10-09', 19.75, 20.14, 19.62, 19.96]
['2017-10-10', 20.22, 22.17, 19.99, 21.59]
['2017-10-11', 21.5, 22.58, 20.95, 22.28]
['2017-10-12', 22.5, 23.72, 21.89, 23.38]
['2017-10-13', 23.26, 24.02, 23.24, 23.32]
['2017-10-16', 23.45, 23.45, 22.536, 23.31]
['2017-10-17', 23.38, 23.71, 23.15, 23.25]
['2017-10-18', 23.43, 23.456, 22.83, 22.86]
['2017-10-19', 22.72, 22.72, 21.9, 22.0]
['2017-10-20', 22.28, 22.28, 21.13, 21.31]
['2017-10-23', 21.29, 21.589, 20.18, 20.34]
['2017-10-24', 20.31, 20.63, 19.29, 20.4]
['2017-10-25', 20.94, 22.0, 20.11, 20.69]
['2017-10-26', 20.65, 20.66, 20.295, 20.65]
['2017-10-27', 20.76, 21.205, 20.445, 20.98]
['2017-10-30', 21.38, 21.38, 20.23, 21.01]
['2017-10-31', 20.95, 21.65, 20.95, 21.22]
['2017-11-01', 21.4, 22.01, 20.68, 21.04]
['2017-11-02', 20.96, 21.22, 20.6, 20.87]
['2017-11-03', 20.95, 21.52, 20.66, 21.43]
['2017-11-06', 21.64, 22.68, 21.63, 22.53]
['2017-11-07', 21.5, 21.5, 10.05, 10.36]
['2017-11-08', 10.7, 10.7, 9.32, 9.43]
['2017-11-09', 9.15, 9.87, 8.7, 9.06]
['2017-11-10', 9.12, 9.44, 8.8, 9.03]
['2017-11-13', 9.5, 9.75, 8.7, 8.97]
['2017-11-14', 9.35, 9.64, 9.11, 9.24]
['2017-11-15', 9.44, 9.467, 9.15, 9.18]
['2017-11-16', 9.25, 9.41, 9.05, 9.34]
['2017-11-17', 9.5, 10.56, 9.43, 10.23]
['2017-11-20', 10.2, 10.448, 9.62, 10.13]
['2017-11-21', 10.1, 10.1, 9.64, 9.8]
['2017-11-22', 9.96, 10.49, 9.785, 10.18]
['2017-11-24', 10.32, 10.66, 10.21, 10.39]
['2017-11-27', 10.46, 10.9, 10.21, 10.37]
['2017-11-28', 10.37, 10.38, 9.71, 10.18]
['2017-11-29', 10.16, 10.27, 9.83, 10.05]
['2017-11-30', 9.95, 10.925, 9.95, 10.66]
['2017-12-01', 10.44, 10.74, 9.75, 10.23]
['2017-12-04', 10.29, 10.37, 9.81, 10.09]
['2017-12-05', 10.1, 10.3, 9.65, 9.73]
['2017-12-06', 9.68, 9.93, 9.44, 9.68]
['2017-12-07', 9.68, 10.14, 9.58, 9.92]
['2017-12-08', 10.0, 10.45, 9.97, 10.06]
['2017-12-11', 10.09, 10.179, 9.66, 9.72]
['2017-12-12', 9.7, 10.08, 9.47, 9.5]
['2017-12-13', 9.48, 10.219, 9.48, 10.04]
['2017-12-14', 9.99, 10.18, 9.69, 9.89]
['2017-12-15', 9.81, 10.24, 9.805, 10.01]
['2017-12-18', 10.1, 10.23, 9.87, 10.0]
['2017-12-19', 9.99, 10.35, 9.82, 9.85]
['2017-12-20', 9.8, 10.15, 9.8, 9.9]
['2017-12-21', 9.92, 10.33, 9.91, 10.07]
['2017-12-22', 10.09, 10.14, 9.86, 9.9]
['2017-12-26', 9.95, 10.08, 9.8, 9.95]
['2017-12-27', 9.98, 10.38, 9.96, 10.04]
['2017-12-28', 10.09, 10.4, 9.96, 10.25]
['2017-12-29', 10.34, 10.34, 9.8, 9.81]
['2018-01-02', 9.94, 10.27, 9.82, 10.24]
['2018-01-03', 10.37, 11.05, 10.37, 10.88]
['2018-01-04', 10.89, 11.06, 10.5, 10.93]
['2018-01-05', 10.95, 11.505, 10.82, 11.03]
['2018-01-08', 11.0, 11.0, 9.56, 9.72]
['2018-01-09', 9.64, 9.88, 8.4, 8.695]
['2018-01-10', 8.75, 9.13, 8.58, 8.98]
['2018-01-11', 9.02, 9.02, 8.45, 8.62]
['2018-01-12', 8.68, 8.97, 8.56, 8.79]
['2018-01-16', 8.88, 9.17, 8.57, 8.67]
['2018-01-17', 8.73, 8.976, 8.5, 8.94]
['2018-01-18', 9.0, 9.577, 8.84, 9.33]
['2018-01-19', 9.36, 9.54, 9.11, 9.27]
['2018-01-22', 9.29, 9.89, 9.2, 9.38]
['2018-01-23', 9.4, 9.66, 9.1, 9.59]
['2018-01-24', 9.65, 9.79, 9.224, 9.45]
['2018-01-25', 9.5, 9.63, 9.3, 9.44]
['2018-01-26', 9.49, 9.99, 9.41, 9.84]
['2018-01-29', 10.0, 10.26, 9.705, 9.82]
['2018-01-30', 9.7, 9.75, 9.15, 9.46]
['2018-01-31', 9.42, 9.55, 9.07, 9.14]
['2018-02-01', 9.1, 9.24, 8.9, 9.01]
['2018-02-02', 8.95, 9.035, 8.681, 8.76]
['2018-02-05', 8.8, 8.97, 8.51, 8.65]
['2018-02-06', 8.51, 9.21, 8.51, 9.11]
['2018-02-07', 9.14, 9.44, 8.85, 9.17]
['2018-02-08', 9.2, 9.32, 8.77, 8.81]
['2018-02-09', 8.91, 9.01, 7.95, 8.49]
['2018-02-12', 8.46, 8.691, 8.21, 8.49]
['2018-02-13', 8.45, 8.65, 8.25, 8.63]
['2018-02-14', 8.57, 8.86, 8.375, 8.69]
['2018-02-15', 8.73, 8.88, 8.34, 8.51]
['2018-02-16', 8.47, 8.734, 8.41, 8.5]
['2018-02-20', 8.46, 9.08, 8.4, 8.81]
['2018-02-21', 8.85, 9.158, 8.47, 8.51]
['2018-02-22', 8.56, 8.975, 8.52, 8.65]
['2018-02-23', 8.75, 8.95, 8.55, 8.94]
['2018-02-26', 8.91, 9.2, 8.75, 9.05]
['2018-02-27', 9.39, 10.2, 9.18, 9.24]
['2018-02-28', 9.25, 9.539, 9.13, 9.16]
['2018-03-01', 9.21, 9.45, 8.92, 9.35]
['2018-03-02', 9.27, 9.9, 9.22, 9.61]
['2018-03-05', 9.61, 10.592, 9.61, 10.41]
['2018-03-06', 10.41, 10.7, 9.935, 10.13]
['2018-03-07', 10.0, 10.89, 9.98, 10.85]
['2018-03-08', 10.9, 11.58, 10.55, 11.37]
['2018-03-09', 11.52, 11.58, 10.65, 11.07]
['2018-03-12', 11.12, 11.61, 10.65, 11.45]
['2018-03-13', 11.56, 11.837, 11.4, 11.55]
['2018-03-14', 11.61, 12.25, 11.55, 11.82]
['2018-03-15', 11.8, 11.8, 9.1, 9.13]
['2018-03-16', 9.36, 10.42, 9.35, 9.855]
['2018-03-19', 9.86, 9.919, 8.83, 9.23]
['2018-03-20', 9.2, 9.46, 9.038, 9.13]
['2018-03-21', 9.04, 9.67, 9.0, 9.42]
['2018-03-22', 9.38, 9.65, 9.243, 9.515]
['2018-03-23', 9.51, 9.66, 9.32, 9.39]
['2018-03-26', 9.52, 9.648, 8.95, 9.32]
['2018-03-27', 9.3, 9.8, 9.13, 9.44]
['2018-03-28', 9.44, 9.59, 9.01, 9.52]
['2018-03-29', 9.56, 10.4, 9.54, 10.19]
['2018-04-02', 10.16, 10.16, 9.57, 9.79]
['2018-04-03', 9.87, 10.03, 9.34, 9.91]
['2018-04-04', 9.81, 10.69, 9.62, 10.63]
['2018-04-05', 10.72, 11.0, 10.42, 10.52]
['2018-04-06', 10.44, 10.65, 10.13, 10.2]
['2018-04-09', 10.33, 11.31, 10.23, 11.04]
['2018-04-10', 8.51, 10.684, 8.44, 9.36]
['2018-04-11', 9.48, 10.2, 9.436, 10.06]
['2018-04-12', 10.18, 12.45, 10.18, 12.04]
['2018-04-13', 12.09, 12.9, 11.29, 12.7]
['2018-04-16', 12.62, 13.57, 12.16, 13.03]
['2018-04-17', 12.97, 13.3, 12.84, 12.9]
['2018-04-18', 12.85, 13.25, 12.66, 12.97]
['2018-04-19', 12.8, 12.92, 12.38, 12.41]
['2018-04-20', 12.35, 12.68, 12.191, 12.36]
['2018-04-23', 12.36, 12.56, 12.06, 12.15]
['2018-04-24', 12.23, 12.27, 11.81, 12.11]
['2018-04-25', 12.08, 12.08, 11.53, 11.88]
['2018-04-26', 11.94, 12.05, 11.71, 11.92]
['2018-04-27', 11.98, 12.1, 11.8, 11.98]
['2018-04-30', 12.02, 12.08, 11.61, 11.72]
['2018-05-01', 11.7, 11.82, 11.51, 11.66]
['2018-05-02', 11.63, 12.25, 11.63, 11.69]
['2018-05-03', 11.65, 11.79, 11.08, 11.13]
['2018-05-04', 11.04, 11.04, 10.51, 10.81]
['2018-05-07', 10.85, 10.93, 10.69, 10.83]
['2018-05-08', 10.83, 10.84, 10.3, 10.59]
['2018-05-09', 10.01, 10.81, 9.5, 10.67]
['2018-05-10', 10.67, 10.79, 10.42, 10.73]
['2018-05-11', 10.78, 11.38, 10.72, 11.29]
['2018-05-14', 11.31, 12.1, 11.3, 11.69]
['2018-05-15', 11.62, 11.65, 11.48, 11.51]
['2018-05-16', 11.5, 11.87, 11.5, 11.71]
['2018-05-17', 11.74, 12.1, 11.34, 11.96]
['2018-05-18', 12.1, 12.38, 11.98, 12.19]
['2018-05-21', 12.12, 12.17, 11.33, 11.42]
['2018-05-22', 11.45, 11.86, 11.29, 11.8]
['2018-05-23', 11.99, 12.89, 11.72, 11.98]
['2018-05-24', 12.0, 12.46, 11.91, 12.28]
['2018-05-25', 12.27, 12.73, 12.16, 12.4]
['2018-05-29', 12.36, 12.72, 11.69, 11.84]
['2018-05-30', 11.85, 12.2, 11.83, 12.02]
['2018-05-31', 12.05, 12.25, 11.86, 11.97]
['2018-06-01', 12.0, 12.23, 11.8, 12.0]
['2018-06-04', 12.04, 12.365, 11.76, 12.08]
['2018-06-05', 12.1, 12.26, 12.059, 12.18]
['2018-06-06', 12.23, 12.71, 12.05, 12.39]
['2018-06-07', 12.42, 12.86, 12.13, 12.6]
['2018-06-08', 12.57, 12.87, 12.27, 12.3]
['2018-06-11', 12.31, 12.42, 12.16, 12.31]
['2018-06-12', 12.4, 12.83, 12.32, 12.46]
['2018-06-13', 12.43, 12.43, 11.75, 12.23]
['2018-06-14', 12.27, 12.54, 11.77, 11.98]
['2018-06-15', 11.97, 12.94, 11.78, 12.75]
['2018-06-18', 12.74, 13.2, 12.65, 12.67]
['2018-06-19', 12.57, 13.08, 12.55, 12.86]
['2018-06-20', 12.87, 12.999, 12.715, 12.79]
['2018-06-21', 12.86, 13.23, 11.96, 12.21]
['2018-06-22', 12.27, 12.27, 11.85, 12.11]
['2018-06-25', 12.0, 12.27, 11.81, 12.25]
['2018-06-26', 12.3, 12.36, 11.94, 12.31]
['2018-06-27', 12.84, 13.19, 12.4, 12.44]
['2018-06-28', 12.5, 13.0, 12.22, 12.84]
['2018-06-29', 12.88, 13.35, 12.51, 13.25]
['2018-07-02', 13.25, 13.52, 12.51, 12.85]
['2018-07-03', 12.85, 12.85, 10.92, 12.33]
['2018-07-05', 12.33, 12.62, 12.305, 12.47]
['2018-07-06', 12.48, 12.85, 12.48, 12.68]
['2018-07-09', 12.72, 13.779, 12.66, 13.35]
['2018-07-10', 13.49, 13.685, 13.28, 13.59]
['2018-07-11', 13.6, 13.95, 13.37, 13.5]
['2018-07-12', 13.53, 13.53, 12.5, 12.63]
['2018-07-13', 12.59, 13.52, 12.3, 13.33]
['2018-07-16', 13.39, 13.61, 13.026, 13.19]
['2018-07-17', 13.17, 13.36, 12.99, 13.02]
['2018-07-18', 12.98, 12.98, 12.62, 12.71]
['2018-07-19', 12.69, 13.36, 12.68, 13.12]
['2018-07-20', 13.1, 13.25, 12.655, 12.76]
['2018-07-23', 12.75, 12.94, 12.52, 12.68]
['2018-07-24', 12.71, 12.84, 12.26, 12.3]
['2018-07-25', 12.49, 12.49, 12.06, 12.31]
['2018-07-26', 12.26, 12.27, 11.98, 12.07]
['2018-07-27', 12.1, 12.52, 11.953, 12.33]
['2018-07-30', 12.3, 12.59, 12.006, 12.12]
['2018-07-31', 12.19, 12.37, 12.01, 12.11]
['2018-08-01', 12.1, 12.75, 12.038, 12.73]
['2018-08-02', 12.66, 13.0, 12.583, 12.87]
['2018-08-03', 12.88, 13.01, 12.43, 12.54]
['2018-08-06', 12.6, 13.24, 12.393, 13.05]
['2018-08-07', 12.96, 13.41, 12.96, 13.37]
['2018-08-08', 12.71, 13.98, 12.71, 13.02]
['2018-08-09', 12.93, 13.67, 12.77, 13.49]
['2018-08-10', 13.53, 13.84, 13.29, 13.76]
['2018-08-13', 13.8, 13.8, 13.023, 13.17]
['2018-08-14', 13.16, 13.18, 12.74, 13.01]
['2018-08-15', 13.01, 13.15, 12.64, 12.89]
['2018-08-16', 12.97, 13.47, 12.82, 12.91]
['2018-08-17', 12.88, 13.0, 12.64, 12.7]
['2018-08-20', 12.65, 12.835, 12.32, 12.36]
['2018-08-21', 12.37, 12.805, 12.37, 12.52]
['2018-08-22', 12.52, 12.75, 12.51, 12.7]
['2018-08-23', 12.76, 12.98, 12.51, 12.74]
['2018-08-24', 12.75, 12.9, 12.56, 12.84]
['2018-08-27', 12.89, 13.3, 12.84, 13.0]
['2018-08-28', 13.07, 13.199, 12.85, 13.09]
['2018-08-29', 13.16, 13.25, 12.82, 12.98]
['2018-08-30', 12.92, 13.33, 12.92, 13.24]
['2018-08-31', 13.24, 13.75, 13.24, 13.56]
['2018-09-04', 13.51, 13.66, 13.385, 13.53]
['2018-09-05', 13.58, 14.1, 13.39, 14.04]
['2018-09-06', 14.07, 14.25, 13.48, 13.59]
['2018-09-07', 13.52, 13.95, 13.433, 13.88]
['2018-09-10', 13.99, 14.85, 13.97, 14.1]
['2018-09-11', 14.1, 14.4, 13.8, 14.0]
['2018-09-12', 13.99, 14.14, 13.22, 14.05]
['2018-09-13', 14.08, 14.37, 13.85, 13.97]
['2018-09-14', 14.67, 14.67, 14.075, 14.19]
['2018-09-17', 14.23, 14.5, 13.79, 14.14]
['2018-09-18', 14.15, 14.34, 13.76, 14.05]
['2018-09-19', 13.99, 14.54, 13.99, 14.34]
['2018-09-20', 14.38, 16.545, 14.3, 16.0]
['2018-09-21', 16.0, 16.03, 15.4, 15.65]
['2018-09-24', 15.55, 16.255, 15.55, 16.0]
['2018-09-25', 16.0, 16.22, 15.52, 15.54]
['2018-09-26', 15.76, 15.76, 14.755, 15.59]
['2018-09-27', 15.63, 15.715, 14.918, 15.51]
['2018-09-28', 15.53, 15.75, 14.95, 15.55]
['2018-10-01', 15.56, 15.99, 15.5, 15.93]
['2018-10-02', 15.9, 15.975, 15.11, 15.5]
['2018-10-03', 15.53, 15.68, 14.91, 15.09]
['2018-10-04', 15.04, 15.04, 13.95, 14.25]
['2018-10-05', 14.2, 14.85, 13.43, 13.86]
['2018-10-08', 13.93, 14.16, 13.17, 13.31]
['2018-10-09', 13.25, 13.755, 13.11, 13.34]
['2018-10-10', 13.44, 13.538, 12.5, 12.6]
['2018-10-11', 12.44, 13.622, 12.27, 13.18]
['2018-10-12', 13.7, 14.27, 13.44, 14.23]
['2018-10-15', 14.27, 15.23, 14.0, 14.77]
['2018-10-16', 14.81, 14.919, 14.0, 14.7]
['2018-10-17', 14.82, 15.88, 14.47, 15.3]
['2018-10-18', 14.98, 16.0, 14.53, 15.12]
['2018-10-19', 15.12, 15.684, 13.5, 13.81]
['2018-10-22', 13.8, 15.16, 11.96, 13.31]
['2018-10-23', 12.66, 12.66, 8.55, 8.87]
['2018-10-24', 9.2, 9.5, 6.57, 7.36]
['2018-10-25', 7.46, 7.74, 6.32, 6.33]
['2018-10-26', 6.43, 6.78, 6.02, 6.53]
['2018-10-29', 6.53, 6.53, 5.66, 5.81]
['2018-10-30', 5.8, 5.8, 4.74, 5.24]
['2018-10-31', 5.32, 5.32, 5.0, 5.14]
['2018-11-01', 5.11, 5.94, 5.053, 5.5]
['2018-11-02', 5.5, 5.93, 5.33, 5.65]
['2018-11-05', 5.57, 5.73, 5.13, 5.39]
['2018-11-06', 5.39, 5.69, 5.24, 5.38]
['2018-11-07', 5.16, 5.85, 5.16, 5.8]
['2018-11-08', 5.7, 5.83, 5.2, 5.795]
['2018-11-09', 5.64, 5.74, 5.314, 5.51]
['2018-11-12', 5.51, 5.6, 5.23, 5.4]
['2018-11-13', 5.41, 5.67, 5.36, 5.64]
['2018-11-14', 5.72, 5.91, 5.565, 5.64]
['2018-11-15', 5.61, 6.1, 5.575, 6.04]
['2018-11-16', 5.99, 6.33, 5.85, 5.99]
['2018-11-19', 5.98, 5.98, 5.5, 5.67]
['2018-11-20', 5.63, 6.09, 5.49, 5.91]
['2018-11-21', 5.97, 6.17, 5.81, 6.11]
['2018-11-23', 6.08, 6.18, 5.785, 5.87]
['2018-11-26', 5.95, 6.1, 5.8, 5.98]
['2018-11-27', 5.92, 5.92, 5.75, 5.8]
['2018-11-28', 5.8, 6.08, 5.49, 5.98]
['2018-11-29', 5.99, 6.19, 5.78, 6.06]
['2018-11-30', 6.1, 6.231, 5.98, 6.03]
['2018-12-03', 6.12, 6.25, 5.8, 6.13]
['2018-12-04', 6.15, 6.18, 5.56, 5.72]
['2018-12-06', 5.75, 5.92, 5.38, 5.52]
['2018-12-07', 5.48, 5.72, 5.226, 5.37]
['2018-12-10', 5.38, 5.52, 5.17, 5.49]
['2018-12-11', 5.57, 5.69, 5.371, 5.46]
['2018-12-12', 5.53, 5.66, 5.47, 5.5]
['2018-12-13', 5.55, 5.61, 4.95, 5.1]
['2018-12-14', 5.03, 5.44, 4.6, 4.72]
['2018-12-17', 4.7, 4.7, 4.31, 4.43]
['2018-12-18', 4.26, 4.55, 4.26, 4.31]
['2018-12-19', 4.3, 4.3, 4.02, 4.06]
['2018-12-20', 4.1, 4.1, 3.69, 3.71]
['2018-12-21', 3.73, 3.772, 3.44, 3.52]
['2018-12-24', 3.38, 3.8, 3.38, 3.56]
['2018-12-26', 3.61, 3.86, 3.21, 3.31]
['2018-12-27', 3.31, 3.424, 2.83, 3.07]
['2018-12-28', 3.07, 3.24, 2.89, 2.9]
['2018-12-31', 3.0, 3.07, 2.61, 2.66]
['2019-01-02', 2.62, 3.0, 2.56, 2.9]
['2019-01-03', 2.89, 2.979, 2.28, 2.29]
['2019-01-04', 2.36, 2.83, 2.36, 2.42]
['2019-01-07', 2.4, 2.93, 2.4, 2.6]
['2019-01-08', 2.78, 2.83, 2.44, 2.45]
['2019-01-09', 2.45, 2.85, 2.45, 2.65]
['2019-01-10', 2.58, 2.757, 2.42, 2.44]
['2019-01-11', 2.41, 2.44, 2.31, 2.39]
['2019-01-14', 2.4, 2.56, 2.28, 2.3]
['2019-01-15', 2.29, 2.37, 1.97, 2.275]
['2019-01-16', 2.3, 2.314, 2.01, 2.04]
['2019-01-17', 2.06, 2.14, 2.03, 2.12]
['2019-01-18', 2.13, 2.17, 2.03, 2.04]
['2019-01-22', 2.02, 2.04, 1.82, 1.9]
['2019-01-23', 1.48, 1.53, 1.41, 1.47]
['2019-01-24', 1.48, 1.62, 1.45, 1.55]
['2019-01-25', 1.53, 1.65, 1.53, 1.64]
['2019-01-28', 1.6, 1.68, 1.56, 1.68]
['2019-01-29', 1.67, 1.69, 1.565, 1.62]
['2019-01-30', 1.66, 1.75, 1.6, 1.74]
['2019-01-31', 1.74, 1.88, 1.56, 1.57]
['2019-02-01', 1.61, 1.76, 1.55, 1.7]
['2019-02-04', 1.68, 1.78, 1.67, 1.7]
['2019-02-05', 1.68, 1.84, 1.671, 1.81]
['2019-02-06', 1.82, 1.85, 1.74, 1.74]
['2019-02-07', 1.74, 1.82, 1.695, 1.76]
['2019-02-08', 1.75, 2.1, 1.72, 2.09]
['2019-02-11', 2.1, 2.15, 1.88, 1.88]
['2019-02-12', 1.88, 2.02, 1.88, 1.93]
['2019-02-13', 1.93, 1.95, 1.84, 1.89]
['2019-02-14', 1.89, 1.95, 1.82, 1.92]
['2019-02-15', 1.93, 2.0, 1.88, 1.96]
['2019-02-19', 1.97, 2.06, 1.92, 1.94]
['2019-02-20', 1.94, 2.07, 1.92, 2.01]
['2019-02-21', 2.02, 2.1, 1.96, 2.04]
['2019-02-22', 2.06, 2.305, 2.0, 2.24]
['2019-02-25', 2.25, 2.42, 2.18, 2.2]
['2019-02-26', 2.22, 2.24, 2.11, 2.12]
['2019-02-27', 2.12, 2.22, 2.09, 2.1]
['2019-02-28', 2.11, 2.22, 1.96, 1.99]
['2019-03-01', 2.0, 2.16, 2.0, 2.13]
['2019-03-04', 2.16, 2.19, 1.98, 2.01]
['2019-03-05', 2.03, 2.14, 1.99, 2.09]
['2019-03-06', 2.09, 2.09, 1.82, 1.89]
['2019-03-07', 1.87, 2.04, 1.82, 2.03]
['2019-03-08', 2.4, 2.84, 2.035, 2.3]
['2019-03-11', 2.16, 2.249, 2.05, 2.2]
['2019-03-12', 2.22, 2.25, 2.1, 2.19]
['2019-03-13', 2.19, 2.19, 2.06, 2.12]
['2019-03-14', 2.16, 2.22, 2.04, 2.22]
['2019-03-15', 2.22, 2.22, 2.0, 2.17]
['2019-03-18', 2.14, 3.34, 2.12, 3.06]
['2019-03-19', 2.83, 2.93, 2.35, 2.52]
['2019-03-20', 2.62, 2.95, 2.61, 2.7]
['2019-03-21', 2.7, 2.7, 2.43, 2.58]
['2019-03-22', 2.56, 2.57, 2.35, 2.35]
['2019-03-25', 2.36, 2.57, 2.25, 2.29]
['2019-03-26', 2.37, 2.437, 2.21, 2.27]
['2019-03-27', 2.28, 2.28, 2.04, 2.13]
['2019-03-28', 2.13, 2.2, 2.13, 2.14]
['2019-03-29', 2.21, 2.44, 2.12, 2.37]
['2019-04-01', 2.63, 2.68, 2.44, 2.53]
['2019-04-02', 2.54, 2.56, 2.3, 2.53]
['2019-04-03', 2.53, 2.88, 2.412, 2.77]
['2019-04-04', 2.77, 2.85, 2.56, 2.69]
['2019-04-05', 2.69, 2.98, 2.6, 2.81]
['2019-04-08', 2.81, 3.14, 2.76, 3.05]
['2019-04-09', 3.09, 3.16, 2.72, 2.74]
['2019-04-10', 2.74, 2.84, 2.65, 2.83]
['2019-04-11', 2.83, 2.88, 2.66, 2.74]
['2019-04-12', 2.77, 2.81, 2.67, 2.71]
['2019-04-15', 2.7, 2.7, 2.43, 2.56]
['2019-04-16', 2.56, 2.62, 2.43, 2.51]
['2019-04-17', 2.57, 2.57, 2.22, 2.31]
['2019-04-18', 2.31, 2.39, 2.24, 2.3]
['2019-04-22', 2.3, 2.32, 2.15, 2.16]
['2019-04-23', 2.21, 2.3, 2.125, 2.25]
['2019-04-24', 2.26, 2.26, 1.73, 2.07]
['2019-04-25', 2.06, 2.15, 1.901, 2.11]
['2019-04-26', 2.11, 2.17, 2.04, 2.16]
['2019-04-29', 2.18, 2.28, 2.18, 2.24]
['2019-04-30', 2.24, 2.25, 2.06, 2.15]
['2019-05-01', 2.14, 2.24, 2.1, 2.19]
['2019-05-02', 2.19, 2.2, 2.1, 2.12]
['2019-05-03', 2.16, 2.387, 2.135, 2.35]
['2019-05-06', 2.26, 2.39, 2.22, 2.3]
['2019-05-07', 2.28, 2.32, 2.15, 2.23]
['2019-05-08', 2.23, 2.53, 2.18, 2.49]
['2019-05-09', 2.47, 2.48, 2.32, 2.4]
['2019-05-10', 2.4, 2.42, 2.26, 2.37]
['2019-05-13', 2.32, 2.35, 2.23, 2.3]
['2019-05-14', 2.31, 2.32, 2.18, 2.28]
['2019-05-15', 2.26, 2.28, 2.16, 2.21]
['2019-05-16', 2.21, 2.21, 2.11, 2.19]
['2019-05-17', 2.18, 2.32, 2.12, 2.24]
['2019-05-20', 2.21, 2.39, 2.18, 2.23]
['2019-05-21', 2.21, 2.41, 2.19, 2.37]
['2019-05-22', 2.4, 2.62, 2.36, 2.46]
['2019-05-23', 2.5, 2.57, 2.21, 2.24]
['2019-05-24', 2.26, 2.41, 2.26, 2.35]
['2019-05-28', 2.34, 2.48, 2.19, 2.3]
['2019-05-29', 2.27, 2.27, 2.02, 2.04]
['2019-05-30', 2.06, 2.12, 1.92, 1.95]
['2019-05-31', 1.91, 2.06, 1.86, 1.99]
['2019-06-03', 2.0, 2.12, 1.96, 2.09]
['2019-06-04', 2.12, 2.13, 2.01, 2.1]
['2019-06-05', 2.1, 2.18, 1.99, 2.09]
['2019-06-06', 2.08, 2.18, 2.0, 2.16]
['2019-06-07', 2.18, 2.3, 2.15, 2.25]
['2019-06-10', 2.26, 2.3, 2.17, 2.25]
['2019-06-11', 2.27, 2.273, 2.0, 2.07]
['2019-06-12', 2.08, 2.13, 2.02, 2.1]
['2019-06-13', 2.1, 2.19, 2.01, 2.15]
['2019-06-14', 2.14, 2.17, 2.02, 2.1]
['2019-06-17', 2.12, 2.25, 2.07, 2.21]
['2019-06-18', 2.21, 2.37, 2.155, 2.18]
['2019-06-19', 2.16, 2.16, 2.045, 2.05]
['2019-06-20', 2.1, 2.1, 2.01, 2.09]
['2019-06-21', 2.07, 2.08, 2.02, 2.05]
['2019-06-24', 2.05, 2.056, 1.85, 1.87]
['2019-06-25', 1.87, 2.04, 1.863, 1.92]
['2019-06-26', 1.93, 1.99, 1.88, 1.895]
['2019-06-27', 1.89, 2.03, 1.86, 1.88]
['2019-06-28', 1.88, 1.9, 1.65, 1.79]
['2019-07-01', 1.79, 1.85, 1.75, 1.76]
['2019-07-02', 1.76, 1.8, 1.66, 1.69]
['2019-07-03', 1.7, 1.7, 1.62, 1.67]
['2019-07-05', 1.64, 1.74, 1.61, 1.74]
['2019-07-08', 1.74, 1.75, 1.58, 1.66]
['2019-07-09', 1.66, 1.74, 1.63, 1.71]
['2019-07-10', 1.72, 1.73, 1.65, 1.71]
['2019-07-11', 1.72, 1.77, 1.65, 1.66]
['2019-07-12', 1.68, 1.71, 1.64, 1.66]
['2019-07-15', 1.66, 1.74, 1.63, 1.71]
['2019-07-16', 1.72, 1.74, 1.66, 1.67]
['2019-07-17', 1.67, 1.85, 1.67, 1.75]
['2019-07-18', 1.76, 1.828, 1.68, 1.72]
['2019-07-19', 1.72, 1.77, 1.6, 1.69]
['2019-07-22', 1.69, 1.7, 1.64, 1.64]
['2019-07-23', 1.65, 1.67, 1.6, 1.63]
['2019-07-24', 1.63, 1.66, 1.57, 1.66]
['2019-07-25', 1.65, 1.67, 1.59, 1.6]
['2019-07-26', 1.64, 1.73, 1.57, 1.7]
['2019-07-29', 1.72, 1.77, 1.66, 1.68]
['2019-07-30', 1.68, 1.817, 1.67, 1.71]
['2019-07-31', 1.69, 1.85, 1.69, 1.8]
['2019-08-01', 1.86, 2.18, 1.812, 2.08]
['2019-08-02', 2.1, 2.1, 1.84, 1.98]
['2019-08-05', 1.93, 1.95, 1.8, 1.8]
['2019-08-06', 1.81, 1.95, 1.62, 1.65]
['2019-08-07', 1.71, 2.07, 1.68, 1.92]
['2019-08-08', 1.77, 1.92, 1.65, 1.78]
['2019-08-09', 1.85, 1.95, 1.8, 1.8]
['2019-08-12', 1.83, 1.87, 1.7, 1.74]
['2019-08-13', 1.71, 1.74, 1.68, 1.7]
['2019-08-14', 1.65, 1.75, 1.65, 1.7]
['2019-08-15', 1.7, 1.75, 1.66, 1.66]
['2019-08-16', 1.7, 1.9, 1.7, 1.82]
['2019-08-19', 1.82, 1.9, 1.75, 1.82]
['2019-08-20', 1.8, 1.9, 1.72, 1.81]
['2019-08-21', 1.82, 1.82, 1.76, 1.81]
['2019-08-22', 1.82, 1.86, 1.801, 1.82]
['2019-08-23', 1.79, 1.86, 1.79, 1.81]
['2019-08-26', 1.82, 1.82, 1.8, 1.8]
['2019-08-27', 1.78, 1.783, 1.69, 1.7]
['2019-08-28', 1.7, 1.76, 1.7, 1.7]
['2019-08-29', 1.74, 1.775, 1.74, 1.75]
['2019-08-30', 1.78, 1.83, 1.741, 1.78]
['2019-09-03', 1.75, 1.79, 1.69, 1.7]
['2019-09-04', 1.73, 1.77, 1.7, 1.76]
['2019-09-05', 1.79, 1.79, 1.76, 1.79]
['2019-09-06', 1.78, 2.05, 1.722, 1.98]
['2019-09-09', 1.9, 1.952, 1.81, 1.85]
['2019-09-10', 1.914, 1.96, 1.81, 1.93]
['2019-09-11', 1.96, 2.0, 1.9, 1.93]
['2019-09-12', 1.93, 1.97, 1.81, 1.83]
['2019-09-13', 1.82, 1.95, 1.82, 1.93]
['2019-09-16', 1.92, 1.95, 1.84, 1.85]
['2019-09-17', 1.85, 1.88, 1.81, 1.83]
['2019-09-18', 1.82, 1.94, 1.76, 1.79]
['2019-09-19', 1.79, 1.92, 1.77, 1.82]
['2019-09-20', 1.81, 1.85, 1.76, 1.81]
['2019-09-23', 1.8, 1.88, 1.75, 1.87]
['2019-09-24', 1.88, 1.88, 1.82, 1.86]
['2019-09-25', 1.82, 1.86, 1.802, 1.83]
['2019-09-26', 1.82, 1.88, 1.8, 1.83]
['2019-09-27', 1.82, 1.82, 1.75, 1.78]
['2019-09-30', 1.78, 1.81, 1.72, 1.75]
['2019-10-01', 1.76, 1.81, 1.72, 1.74]
['2019-10-02', 1.73, 1.81, 1.7, 1.76]
['2019-10-03', 1.78, 1.81, 1.75, 1.77]
['2019-10-04', 1.74, 1.78, 1.72, 1.78]
['2019-10-07', 1.76, 1.925, 1.74, 1.75]
['2019-10-08', 1.74, 1.81, 1.61, 1.77]
['2019-10-09', 1.79, 1.8, 1.634, 1.645]
['2019-10-10', 1.646, 1.646, 1.48, 1.49]
['2019-10-11', 1.49, 1.49, 1.42, 1.46]
['2019-10-14', 1.46, 1.46, 1.35, 1.4]
['2019-10-15', 1.41, 1.45, 1.36, 1.37]
['2019-10-16', 1.37, 1.46, 1.35, 1.43]
['2019-10-17', 1.44, 1.47, 1.39, 1.4]
['2019-10-18', 1.42, 1.44, 1.4, 1.42]
['2019-10-21', 1.43, 1.45, 1.37, 1.42]
['2019-10-22', 1.43, 1.45, 1.36, 1.36]
['2019-10-23', 1.36, 1.39, 1.28, 1.34]
['2019-10-24', 1.34, 1.38, 1.33, 1.34]
['2019-10-25', 1.355, 1.45, 1.34, 1.45]
['2019-10-28', 1.44, 1.52, 1.431, 1.48]
['2019-10-29', 1.49, 1.61, 1.473, 1.5]
['2019-10-30', 1.51, 1.52, 1.46, 1.47]
['2019-10-31', 1.48, 1.504, 1.43, 1.47]
['2019-11-01', 1.49, 1.59, 1.49, 1.56]
['2019-11-04', 1.59, 1.61, 1.5, 1.57]
['2019-11-05', 1.58, 1.6, 1.51, 1.58]
['2019-11-06', 1.52, 1.6, 1.5, 1.5]
['2019-11-07', 1.52, 1.55, 1.44, 1.54]
['2019-11-08', 1.6, 1.6, 1.29, 1.39]
['2019-11-11', 1.49, 1.49, 1.41, 1.41]
['2019-11-12', 1.42, 1.45, 1.32, 1.38]
['2019-11-13', 1.38, 1.42, 1.37, 1.39]
['2019-11-14', 1.4, 1.45, 1.36, 1.38]
['2019-11-15', 1.37, 1.4, 1.35, 1.4]
['2019-11-18', 1.39, 1.42, 1.39, 1.41]
['2019-11-19', 1.42, 1.45, 1.4, 1.42]
['2019-11-20', 1.44, 1.45, 1.31, 1.32]
['2019-11-21', 1.4, 1.4, 1.3, 1.36]
['2019-11-22', 1.35, 1.4, 1.31, 1.39]
['2019-11-25', 1.38, 1.65, 1.32, 1.57]
['2019-11-26', 1.58, 1.64, 1.57, 1.58]
['2019-11-27', 1.57, 1.61, 1.57, 1.59]
['2019-11-29', 1.55, 1.64, 1.55, 1.64]
['2019-12-02', 1.65, 1.65, 1.5, 1.5]
['2019-12-03', 1.47, 1.57, 1.45, 1.54]
['2019-12-04', 1.55, 1.6, 1.54, 1.54]
['2019-12-05', 1.56, 1.68, 1.49, 1.49]
['2019-12-06', 1.53, 1.583, 1.51, 1.52]
['2019-12-09', 1.55, 1.57, 1.516, 1.56]
['2019-12-10', 1.56, 1.693, 1.526, 1.65]
['2019-12-11', 1.62, 1.63, 1.56, 1.61]
['2019-12-12', 1.6, 1.62, 1.59, 1.6]
['2019-12-13', 1.6, 1.6, 1.52, 1.54]
['2019-12-16', 1.54, 1.558, 1.47, 1.52]
['2019-12-17', 1.54, 1.55, 1.49, 1.51]
['2019-12-18', 1.5, 1.5, 1.45, 1.46]
['2019-12-19', 1.5, 2.18, 1.5, 2.12]
['2019-12-20', 2.11, 2.48, 1.92, 2.3]
['2019-12-23', 2.25, 2.45, 2.17, 2.34]
['2019-12-24', 2.33, 2.48, 2.285, 2.47]
['2019-12-26', 2.47, 2.47, 2.19, 2.29]
['2019-12-27', 2.29, 2.39, 2.237, 2.29]
['2019-12-30', 2.28, 2.33, 2.15, 2.26]
['2019-12-31', 2.26, 2.55, 2.25, 2.38]
['2020-01-02', 2.41, 2.44, 2.23, 2.3]
['2020-01-03', 2.27, 2.387, 2.2, 2.35]
['2020-01-06', 2.35, 2.44, 2.28, 2.35]
['2020-01-07', 2.38, 3.05, 2.38, 2.82]
['2020-01-08', 2.75, 2.91, 2.69, 2.78]
['2020-01-09', 2.81, 3.12, 2.77, 2.77]
['2020-01-10', 2.76, 3.0, 2.75, 2.94]
['2020-01-13', 2.98, 2.98, 2.77, 2.91]
['2020-01-14', 2.92, 2.95, 2.82, 2.9]
['2020-01-15', 2.94, 3.5, 2.91, 2.94]
['2020-01-16', 2.95, 3.21, 2.89, 3.14]
['2020-01-17', 3.16, 3.34, 3.1, 3.32]
['2020-01-21', 3.48, 3.64, 3.4, 3.48]
['2020-01-22', 3.56, 3.66, 3.46, 3.5]
['2020-01-23', 3.5, 3.52, 2.94, 3.19]
['2020-01-24', 3.19, 3.35, 2.8, 3.08]
['2020-01-27', 3.0, 3.06, 2.74, 2.91]
['2020-01-28', 2.91, 2.98, 2.81, 2.86]
['2020-01-29', 3.11, 3.14, 2.95, 2.96]
['2020-01-30', 2.8, 3.02, 2.7, 3.01]
['2020-01-31', 3.03, 3.94, 3.025, 3.6]
['2020-02-03', 3.55, 3.92, 3.454, 3.59]
['2020-02-04', 3.58, 3.81, 3.55, 3.65]
['2020-02-05', 3.66, 4.8, 3.65, 4.41]
['2020-02-06', 4.5, 4.77, 4.2, 4.39]
['2020-02-07', 4.4, 4.663, 4.183, 4.52]
['2020-02-10', 4.59, 4.83, 4.45, 4.5]
['2020-02-11', 4.48, 4.56, 4.2, 4.46]
['2020-02-12', 4.51, 4.51, 3.92, 4.05]
['2020-02-13', 4.01, 4.18, 3.93, 4.05]
['2020-02-14', 4.04, 4.43, 3.94, 4.16]
['2020-02-18', 4.29, 4.38, 4.04, 4.32]
['2020-02-19', 4.4, 4.55, 4.25, 4.5]
['2020-02-20', 4.32, 4.39, 4.16, 4.27]
['2020-02-21', 4.33, 4.36, 4.16, 4.22]
['2020-02-24', 4.13, 4.26, 4.0, 4.22]
['2020-02-25', 4.26, 4.3, 3.81, 4.005]
['2020-02-26', 4.0, 4.24, 3.99, 4.22]
['2020-02-27', 4.16, 4.762, 3.96, 4.07]
['2020-02-28', 4.0, 4.12, 3.82, 4.0]
['2020-03-02', 4.03, 4.04, 3.84, 3.89]
['2020-03-03', 3.92, 3.99, 3.46, 3.7]
['2020-03-04', 4.05, 4.116, 3.87, 3.9]
['2020-03-05', 4.0, 4.071, 3.86, 3.94]
['2020-03-06', 3.89, 4.013, 3.85, 3.86]
['2020-03-09', 3.69, 3.8, 3.28, 3.5]
['2020-03-10', 3.56, 3.68, 2.94, 3.19]
['2020-03-11', 3.15, 3.44, 3.03, 3.09]
['2020-03-12', 2.75, 2.85, 1.96, 2.08]
['2020-03-13', 2.17, 2.72, 2.14, 2.71]
['2020-03-16', 2.19, 2.2, 1.9, 1.96]
['2020-03-17', 2.03, 2.09, 1.93, 1.99]
['2020-03-18', 1.92, 2.08, 1.44, 1.5]
['2020-03-19', 1.51, 1.73, 1.42, 1.69]
['2020-03-20', 1.76, 2.139, 1.72, 1.73]
['2020-03-23', 1.78, 2.02, 1.67, 1.95]
['2020-03-24', 2.03, 2.18, 1.83, 1.95]
['2020-03-25', 2.0, 2.17, 1.85, 2.14]
['2020-03-26', 2.19, 2.203, 2.06, 2.14]
['2020-03-27', 2.14, 2.2, 1.98, 2.12]
['2020-03-30', 2.11, 2.59, 2.08, 2.37]
['2020-03-31', 2.31, 2.97, 2.21, 2.41]
['2020-04-01', 2.29, 2.29, 1.935, 2.01]
['2020-04-02', 2.02, 2.085, 1.85, 1.9]
['2020-04-03', 1.93, 1.97, 1.7, 1.83]
['2020-04-06', 1.98, 2.05, 1.83, 1.95]
['2020-04-07', 2.05, 2.08, 1.84, 1.85]
['2020-04-08', 1.87, 2.01, 1.815, 1.95]
['2020-04-09', 2.04, 2.28, 1.98, 2.21]
['2020-04-13', 2.33, 2.81, 2.1, 2.615]
['2020-04-14', 2.77, 2.97, 2.68, 2.8]
['2020-04-15', 2.81, 2.92, 2.5, 2.78]
['2020-04-16', 2.74, 2.91, 2.56, 2.56]
['2020-04-17', 2.73, 2.79, 2.54, 2.72]
['2020-04-20', 2.72, 2.85, 2.63, 2.73]
['2020-04-21', 2.76, 2.81, 2.51, 2.75]
['2020-04-22', 2.85, 2.85, 2.63, 2.77]
['2020-04-23', 2.8, 3.1, 2.72, 2.78]
['2020-04-24', 2.78, 2.89, 2.59, 2.67]
['2020-04-27', 2.78, 2.9, 2.64, 2.64]
['2020-04-28', 2.8, 2.8, 2.42, 2.51]
['2020-04-29', 2.63, 2.79, 2.55, 2.73]
['2020-04-30', 2.73, 2.75, 2.61, 2.7]
['2020-05-01', 2.65, 2.67, 2.38, 2.6]
['2020-05-04', 2.64, 2.76, 2.606, 2.71]
['2020-05-05', 2.75, 3.19, 2.72, 3.01]
['2020-05-06', 3.06, 3.15, 2.9, 3.09]
['2020-05-07', 3.1, 3.14, 2.78, 3.0]
['2020-05-08', 3.02, 3.35, 3.0, 3.13]
['2020-05-11', 3.33, 3.53, 3.13, 3.29]
['2020-05-12', 3.41, 3.44, 3.21, 3.22]
['2020-05-13', 3.22, 3.42, 3.06, 3.38]
['2020-05-14', 3.35, 3.35, 3.11, 3.32]
['2020-05-15', 3.3, 3.4, 3.2, 3.24]
['2020-05-18', 3.36, 3.48, 3.28, 3.38]
['2020-05-19', 3.38, 3.81, 3.36, 3.63]
['2020-05-20', 3.74, 3.74, 3.42, 3.5]
['2020-05-21', 3.57, 3.93, 3.39, 3.89]
['2020-05-22', 3.99, 4.15, 3.67, 3.92]
['2020-05-26', 4.06, 4.291, 3.905, 3.92]
['2020-05-27', 3.97, 4.0, 3.69, 3.86]
['2020-05-28', 3.8, 3.925, 3.67, 3.68]
['2020-05-29', 3.7, 3.855, 3.67, 3.67]
