['2017-11-17', 16.95, 18.53, 14.8, 15.15]
['2017-11-20', 15.55, 15.65, 14.48, 14.85]
['2017-11-21', 14.84, 16.1, 14.5, 15.8]
['2017-11-22', 16.49, 17.75, 15.8, 17.35]
['2017-11-24', 18.26, 19.49, 17.76, 18.62]
['2017-11-27', 19.25, 23.91, 19.01, 23.08]
['2017-11-28', 24.83, 24.89, 19.97, 23.05]
['2017-11-29', 22.55, 22.9, 20.59, 22.26]
['2017-11-30', 22.05, 22.25, 20.01, 20.04]
['2017-12-01', 20.0, 24.01, 19.07, 23.6]
['2017-12-04', 22.75, 24.75, 21.18, 24.04]
['2017-12-05', 23.9, 23.98, 22.7, 22.97]
['2017-12-06', 22.89, 24.05, 22.07, 24.04]
['2017-12-07', 23.78, 25.38, 22.95, 24.34]
['2017-12-08', 24.24, 24.74, 23.3, 23.6]
['2017-12-11', 23.35, 24.39, 23.12, 23.98]
['2017-12-12', 23.69, 24.73, 23.5, 23.54]
['2017-12-13', 23.52, 24.23, 23.52, 23.92]
['2017-12-14', 23.88, 24.19, 23.53, 23.93]
['2017-12-15', 23.98, 24.0, 23.03, 23.34]
['2017-12-18', 23.2, 25.3, 23.17, 23.85]
['2017-12-19', 24.0, 25.98, 22.51, 24.76]
['2017-12-20', 21.5, 23.25, 20.5, 22.34]
['2017-12-21', 22.6, 23.9, 22.59, 23.19]
['2017-12-22', 23.4, 24.7, 23.21, 24.62]
['2017-12-26', 24.29, 30.0, 24.05, 29.14]
['2017-12-27', 28.9, 30.07, 28.05, 28.7]
['2017-12-28', 28.75, 29.7, 26.24, 26.93]
['2017-12-29', 26.8, 27.35, 25.26, 25.83]
['2018-01-02', 25.85, 25.95, 23.75, 24.77]
['2018-01-03', 24.68, 24.93, 23.64, 24.63]
['2018-01-04', 24.45, 26.15, 24.0, 25.36]
['2018-01-05', 25.48, 25.95, 24.82, 25.77]
['2018-01-08', 25.79, 26.88, 25.77, 26.47]
['2018-01-09', 26.54, 26.73, 25.01, 25.21]
['2018-01-10', 25.21, 25.52, 24.32, 25.39]
['2018-01-11', 25.31, 26.46, 24.91, 25.15]
['2018-01-12', 24.99, 25.44, 24.98, 25.14]
['2018-01-16', 25.37, 25.37, 22.52, 22.8]
['2018-01-17', 22.97, 23.2, 21.44, 21.5]
['2018-01-18', 21.54, 21.6, 20.51, 20.7]
['2018-01-19', 21.06, 21.25, 20.1, 20.7]
['2018-01-22', 20.8, 22.0, 20.21, 21.26]
['2018-01-23', 21.25, 22.19, 20.6, 21.15]
['2018-01-24', 21.09, 21.49, 20.64, 20.86]
['2018-01-25', 20.95, 21.27, 20.81, 21.0]
['2018-01-26', 21.07, 21.79, 20.82, 21.7]
['2018-01-29', 22.21, 22.21, 20.87, 21.01]
['2018-01-30', 20.95, 21.0, 19.28, 19.99]
['2018-01-31', 20.13, 21.2, 20.0, 20.67]
['2018-02-01', 20.45, 20.97, 20.0, 20.21]
['2018-02-02', 20.21, 20.53, 19.73, 20.07]
['2018-02-05', 19.83, 19.94, 19.0, 19.38]
['2018-02-06', 19.03, 20.6, 18.0, 20.44]
['2018-02-07', 20.52, 21.38, 20.11, 20.94]
['2018-02-08', 21.18, 21.5, 19.95, 20.05]
['2018-02-09', 20.27, 20.95, 19.0, 19.56]
['2018-02-12', 19.86, 20.18, 19.57, 20.13]
['2018-02-13', 20.05, 20.31, 19.7, 20.0]
['2018-02-14', 19.94, 21.5, 19.86, 21.05]
['2018-02-15', 21.42, 21.98, 20.75, 20.82]
['2018-02-16', 20.63, 20.75, 20.2, 20.3]
['2018-02-20', 20.3, 20.42, 19.55, 19.93]
['2018-02-21', 20.02, 20.12, 19.11, 19.18]
['2018-02-22', 19.26, 19.61, 18.62, 19.24]
['2018-02-23', 19.48, 19.69, 19.18, 19.49]
['2018-02-26', 19.6, 20.37, 19.5, 19.65]
['2018-02-27', 19.59, 20.05, 19.51, 20.0]
['2018-02-28', 20.0, 20.8, 19.91, 20.7]
['2018-03-01', 20.54, 21.2, 19.8, 20.25]
['2018-03-02', 20.0, 21.89, 20.0, 21.76]
['2018-03-05', 22.0, 25.22, 21.54, 24.7]
['2018-03-06', 24.5, 26.0, 24.5, 25.56]
['2018-03-07', 25.13, 25.75, 22.53, 23.2]
['2018-03-08', 23.2, 24.05, 22.63, 23.03]
['2018-03-09', 23.24, 23.33, 21.78, 22.57]
['2018-03-12', 22.86, 24.91, 22.61, 24.12]
['2018-03-13', 22.75, 24.8, 22.52, 23.25]
['2018-03-14', 22.15, 23.22, 21.5, 21.75]
['2018-03-15', 21.75, 22.26, 20.63, 20.89]
['2018-03-16', 20.5, 20.89, 19.85, 20.4]
['2018-03-19', 20.49, 20.49, 18.76, 19.93]
['2018-03-20', 19.89, 20.38, 19.54, 20.26]
['2018-03-21', 20.15, 20.65, 19.79, 20.36]
['2018-03-22', 20.19, 20.91, 20.15, 20.8]
['2018-03-23', 20.74, 22.45, 20.54, 22.22]
['2018-03-26', 22.22, 22.35, 21.05, 21.28]
['2018-03-27', 21.34, 21.49, 20.61, 20.99]
['2018-03-28', 20.81, 21.02, 20.26, 20.78]
['2018-03-29', 19.91, 20.83, 19.69, 20.28]
['2018-04-02', 19.91, 20.63, 19.91, 20.09]
['2018-04-03', 20.04, 21.2, 19.9, 20.68]
['2018-04-04', 20.34, 21.2, 20.09, 21.15]
['2018-04-05', 21.38, 21.98, 21.11, 21.32]
['2018-04-06', 21.14, 21.92, 21.04, 21.91]
['2018-04-09', 22.0, 22.85, 21.17, 21.56]
['2018-04-10', 21.74, 22.46, 21.48, 22.42]
['2018-04-11', 22.12, 23.2, 22.12, 23.18]
['2018-04-12', 23.21, 23.99, 22.92, 23.86]
['2018-04-13', 23.99, 23.99, 22.88, 23.2]
['2018-04-16', 23.24, 23.32, 20.86, 21.75]
['2018-04-17', 21.85, 22.46, 21.01, 21.53]
['2018-04-18', 21.5, 22.08, 21.03, 21.17]
['2018-04-19', 21.1, 22.1, 20.04, 20.5]
['2018-04-20', 20.51, 21.0, 20.11, 20.22]
['2018-04-23', 20.36, 20.81, 20.06, 20.1]
['2018-04-24', 20.15, 20.57, 19.94, 20.33]
['2018-04-25', 20.4, 21.01, 20.2, 20.99]
['2018-04-26', 21.0, 21.0, 20.38, 20.73]
['2018-04-27', 20.75, 21.96, 20.55, 21.82]
['2018-04-30', 22.0, 23.43, 21.86, 22.95]
['2018-05-01', 22.75, 22.89, 22.0, 22.12]
['2018-05-02', 22.26, 22.26, 20.98, 21.68]
['2018-05-03', 21.97, 22.93, 21.72, 22.41]
['2018-05-04', 22.5, 23.48, 22.5, 22.95]
['2018-05-07', 23.0, 23.1, 21.78, 22.2]
['2018-05-08', 22.84, 22.97, 22.0, 22.56]
['2018-05-09', 22.72, 24.17, 22.47, 24.04]
['2018-05-10', 23.56, 24.79, 23.2, 23.8]
['2018-05-11', 23.56, 23.87, 22.41, 23.11]
['2018-05-14', 23.16, 23.42, 20.84, 22.03]
['2018-05-15', 21.99, 22.4, 21.18, 21.19]
['2018-05-16', 20.51, 21.0, 19.96, 20.92]
['2018-05-17', 20.91, 21.24, 20.41, 20.97]
['2018-05-18', 20.99, 21.28, 20.25, 21.14]
['2018-05-21', 21.07, 21.35, 20.11, 21.24]
['2018-05-22', 20.52, 20.98, 20.15, 20.47]
['2018-05-23', 20.32, 20.45, 19.99, 20.17]
['2018-05-24', 20.12, 20.25, 19.94, 20.01]
['2018-05-25', 20.0, 20.08, 19.0, 20.01]
['2018-05-29', 20.0, 20.47, 19.65, 19.98]
['2018-05-30', 19.6, 19.94, 19.01, 19.28]
['2018-05-31', 19.28, 19.37, 18.6, 18.98]
['2018-06-01', 18.89, 19.43, 18.64, 18.98]
['2018-06-04', 19.2, 19.2, 18.02, 18.35]
['2018-06-05', 18.22, 19.32, 18.16, 19.26]
['2018-06-06', 19.36, 20.79, 19.06, 20.63]
['2018-06-07', 20.8, 20.8, 19.56, 19.67]
['2018-06-08', 21.38, 25.38, 20.16, 24.88]
['2018-06-11', 24.74, 25.75, 23.71, 23.85]
['2018-06-12', 24.0, 25.0, 23.61, 24.08]
['2018-06-13', 24.27, 25.54, 24.25, 25.46]
['2018-06-14', 25.69, 27.95, 25.52, 27.12]
['2018-06-15', 26.19, 26.89, 25.24, 25.85]
['2018-06-18', 25.65, 28.18, 24.8, 27.5]
['2018-06-19', 26.5, 26.66, 25.16, 26.27]
['2018-06-20', 26.16, 29.93, 25.02, 27.08]
['2018-06-21', 27.46, 29.62, 27.36, 28.87]
['2018-06-22', 29.54, 30.82, 28.25, 30.15]
['2018-06-25', 29.47, 30.08, 26.03, 26.84]
['2018-06-26', 27.01, 28.72, 26.5, 28.48]
['2018-06-27', 28.13, 29.49, 27.05, 27.62]
['2018-06-28', 27.47, 29.0, 27.07, 28.46]
['2018-06-29', 28.26, 29.36, 27.32, 27.44]
['2018-07-02', 26.57, 28.15, 26.5, 27.7]
['2018-07-03', 27.6, 27.98, 26.33, 26.43]
['2018-07-05', 26.55, 29.13, 26.53, 28.83]
['2018-07-06', 29.11, 32.42, 28.18, 32.41]
['2018-07-09', 33.48, 33.66, 30.66, 31.12]
['2018-07-10', 32.56, 34.71, 32.4, 32.99]
['2018-07-11', 32.8, 34.11, 32.46, 33.87]
['2018-07-12', 33.53, 33.61, 31.61, 31.99]
['2018-07-13', 32.16, 33.65, 31.75, 32.99]
['2018-07-16', 33.23, 34.13, 31.88, 33.03]
['2018-07-17', 32.51, 34.6, 32.02, 34.43]
['2018-07-18', 34.43, 35.45, 33.16, 34.24]
['2018-07-19', 33.76, 35.35, 33.61, 34.25]
['2018-07-20', 34.5, 35.4, 34.17, 34.38]
['2018-07-23', 34.58, 34.67, 33.18, 33.92]
['2018-07-24', 34.07, 34.25, 31.16, 31.23]
['2018-07-25', 31.3, 32.07, 30.15, 31.49]
['2018-07-26', 31.45, 31.74, 30.51, 31.15]
['2018-07-27', 31.34, 32.1, 28.55, 29.51]
['2018-07-30', 29.66, 30.15, 28.15, 28.63]
['2018-07-31', 28.72, 29.48, 27.73, 28.66]
['2018-08-01', 28.29, 30.59, 28.15, 28.87]
['2018-08-02', 28.36, 29.61, 28.3, 29.15]
['2018-08-03', 29.11, 29.95, 28.8, 28.91]
['2018-08-06', 29.01, 29.85, 28.82, 29.78]
['2018-08-07', 30.0, 31.35, 29.8, 30.66]
['2018-08-08', 30.79, 30.98, 29.65, 29.93]
['2018-08-09', 30.0, 31.89, 30.0, 31.75]
['2018-08-10', 32.29, 33.73, 31.8, 33.31]
['2018-08-13', 33.75, 33.97, 32.15, 33.09]
['2018-08-14', 33.16, 34.45, 32.91, 33.75]
['2018-08-15', 33.12, 33.82, 31.89, 32.83]
['2018-08-16', 33.34, 34.54, 33.07, 34.16]
['2018-08-17', 34.0, 34.69, 32.8, 32.92]
['2018-08-20', 33.11, 33.41, 32.28, 32.86]
['2018-08-21', 33.0, 35.0, 32.53, 34.71]
['2018-08-22', 34.98, 37.33, 34.82, 35.38]
['2018-08-23', 35.38, 37.74, 35.38, 36.57]
['2018-08-24', 37.01, 38.39, 37.0, 37.98]
['2018-08-27', 38.5, 38.6, 36.15, 37.01]
['2018-08-28', 37.05, 37.77, 36.32, 37.52]
['2018-08-29', 37.75, 38.44, 36.8, 37.73]
['2018-08-30', 37.61, 39.35, 37.5, 38.58]
['2018-08-31', 38.5, 41.58, 38.5, 40.58]
['2018-09-04', 40.58, 44.18, 40.12, 43.27]
['2018-09-05', 43.02, 45.42, 40.8, 44.54]
['2018-09-06', 44.63, 45.95, 43.16, 45.19]
['2018-09-07', 45.07, 45.3, 43.51, 44.74]
['2018-09-10', 45.0, 46.71, 44.2, 45.99]
['2018-09-11', 46.26, 46.6, 45.16, 45.96]
['2018-09-12', 45.96, 46.68, 43.04, 44.45]
['2018-09-13', 45.5, 49.21, 45.06, 48.84]
['2018-09-14', 49.39, 49.85, 47.75, 49.33]
['2018-09-17', 49.48, 51.77, 47.67, 51.19]
['2018-09-18', 51.52, 52.44, 49.53, 50.5]
['2018-09-19', 50.1, 50.5, 43.8, 47.11]
['2018-09-20', 44.4, 44.6, 40.25, 41.66]
['2018-09-21', 42.16, 43.36, 40.14, 40.44]
['2018-09-24', 39.75, 42.28, 38.68, 41.33]
['2018-09-25', 41.83, 42.23, 40.59, 42.15]
['2018-09-26', 42.3, 42.8, 41.3, 42.09]
['2018-09-27', 42.11, 42.94, 41.75, 42.21]
['2018-09-28', 42.17, 44.18, 41.86, 43.77]
['2018-10-01', 45.0, 46.67, 43.84, 44.63]
['2018-10-02', 34.78, 35.0, 28.55, 28.94]
['2018-10-03', 29.48, 29.75, 27.16, 27.91]
['2018-10-04', 27.65, 28.99, 27.42, 28.68]
['2018-10-05', 28.5, 28.79, 25.8, 26.3]
['2018-10-08', 26.13, 26.82, 25.68, 25.9]
['2018-10-09', 25.8, 26.58, 25.13, 25.19]
['2018-10-10', 25.1, 25.55, 23.52, 23.71]
['2018-10-11', 23.35, 24.75, 22.34, 24.6]
['2018-10-12', 25.45, 26.19, 24.88, 26.08]
['2018-10-15', 25.71, 26.2, 24.91, 25.86]
['2018-10-16', 25.8, 26.89, 25.71, 26.74]
['2018-10-17', 26.75, 26.9, 24.8, 25.33]
['2018-10-18', 25.1, 25.94, 25.01, 25.66]
['2018-10-19', 25.8, 25.97, 24.05, 24.16]
['2018-10-22', 24.34, 24.93, 24.11, 24.52]
['2018-10-23', 23.4, 24.44, 23.2, 24.32]
['2018-10-24', 24.41, 25.0, 23.99, 24.0]
['2018-10-25', 24.0, 24.87, 23.63, 24.8]
['2018-10-26', 23.88, 24.25, 22.83, 23.67]
['2018-10-29', 23.76, 24.75, 23.68, 24.15]
['2018-10-30', 23.81, 26.05, 23.6, 25.97]
['2018-10-31', 26.31, 26.97, 25.77, 26.36]
['2018-11-01', 26.17, 28.12, 26.15, 27.82]
['2018-11-02', 28.37, 28.37, 26.72, 27.57]
['2018-11-05', 27.25, 27.83, 26.77, 27.76]
['2018-11-06', 27.79, 28.54, 26.92, 27.45]
['2018-11-07', 27.86, 28.76, 27.64, 28.17]
['2018-11-08', 28.16, 28.3, 26.4, 27.01]
['2018-11-09', 26.67, 26.94, 25.51, 26.26]
['2018-11-12', 26.34, 26.64, 24.5, 25.41]
['2018-11-13', 25.5, 26.48, 25.45, 25.95]
['2018-11-14', 26.26, 26.84, 25.81, 26.45]
['2018-11-15', 26.49, 27.21, 26.23, 26.88]
['2018-11-16', 26.57, 27.38, 26.28, 26.79]
['2018-11-19', 26.64, 26.84, 24.68, 24.8]
['2018-11-20', 22.98, 24.8, 22.51, 24.4]
['2018-11-21', 24.86, 25.7, 24.6, 25.29]
['2018-11-23', 25.27, 25.84, 25.2, 25.33]
['2018-11-26', 25.75, 26.3, 25.14, 25.39]
['2018-11-27', 25.07, 25.66, 24.67, 25.51]
['2018-11-28', 25.83, 26.52, 25.13, 26.37]
['2018-11-29', 26.12, 26.98, 26.08, 26.65]
['2018-11-30', 26.75, 27.33, 26.75, 27.33]
['2018-12-03', 28.01, 28.3, 26.22, 27.36]
['2018-12-04', 27.13, 27.94, 25.96, 26.69]
['2018-12-06', 25.23, 28.73, 25.23, 28.64]
['2018-12-07', 28.64, 28.9, 25.7, 26.36]
['2018-12-10', 26.46, 28.14, 25.75, 25.97]
['2018-12-11', 20.93, 20.94, 18.4, 20.54]
['2018-12-12', 20.26, 22.99, 20.15, 22.32]
['2018-12-13', 22.26, 22.53, 20.46, 20.47]
['2018-12-14', 20.34, 20.61, 19.78, 20.35]
['2018-12-17', 20.0, 20.0, 18.16, 18.22]
['2018-12-18', 18.53, 19.79, 18.53, 19.64]
['2018-12-19', 19.76, 20.0, 18.34, 18.51]
['2018-12-20', 18.48, 19.11, 17.58, 18.35]
['2018-12-21', 18.43, 18.85, 16.45, 16.87]
['2018-12-24', 16.25, 17.22, 16.05, 16.72]
['2018-12-26', 16.8, 17.93, 16.1, 17.88]
['2018-12-27', 17.53, 17.87, 16.85, 17.68]
['2018-12-28', 17.82, 17.99, 17.08, 17.33]
['2018-12-31', 17.46, 17.67, 16.76, 17.09]
['2019-01-02', 16.61, 17.96, 16.55, 17.41]
['2019-01-03', 17.17, 17.9, 17.05, 17.1]
['2019-01-04', 17.3, 18.41, 17.3, 17.98]
['2019-01-07', 18.24, 19.73, 18.15, 19.59]
['2019-01-08', 20.0, 20.09, 18.72, 19.43]
['2019-01-09', 19.72, 20.34, 19.43, 20.16]
['2019-01-10', 19.98, 20.51, 19.45, 20.39]
['2019-01-11', 20.39, 20.88, 20.18, 20.59]
['2019-01-14', 20.58, 20.58, 20.05, 20.4]
['2019-01-15', 20.49, 21.6, 20.31, 20.65]
['2019-01-16', 20.65, 21.22, 20.58, 20.81]
['2019-01-17', 20.69, 21.52, 20.52, 21.36]
['2019-01-18', 21.54, 23.05, 21.37, 22.92]
['2019-01-22', 22.66, 22.66, 21.15, 21.36]
['2019-01-23', 21.58, 21.91, 21.05, 21.81]
['2019-01-24', 21.82, 22.2, 21.52, 22.18]
['2019-01-25', 22.29, 23.2, 22.18, 23.08]
['2019-01-28', 22.95, 23.42, 22.08, 23.27]
['2019-01-29', 23.36, 23.43, 22.7, 23.25]
['2019-01-30', 23.47, 23.88, 22.81, 23.23]
['2019-01-31', 23.3, 23.48, 22.11, 22.45]
['2019-02-01', 22.39, 22.91, 22.12, 22.38]
['2019-02-04', 22.38, 22.51, 21.85, 22.11]
['2019-02-05', 22.23, 23.15, 22.16, 22.29]
['2019-02-06', 22.31, 22.57, 21.55, 21.95]
['2019-02-07', 21.75, 21.96, 21.3, 21.79]
['2019-02-08', 21.96, 22.54, 21.62, 22.47]
['2019-02-11', 22.62, 23.07, 22.15, 22.68]
['2019-02-12', 22.79, 23.95, 22.74, 23.8]
['2019-02-13', 23.96, 24.4, 23.42, 23.7]
['2019-02-14', 23.39, 24.33, 23.08, 24.2]
['2019-02-15', 24.4, 25.49, 24.37, 25.2]
['2019-02-19', 25.29, 26.16, 24.76, 26.15]
['2019-02-20', 26.15, 26.97, 25.9, 26.96]
['2019-02-21', 27.0, 27.0, 26.12, 26.31]
['2019-02-22', 26.47, 26.85, 25.41, 26.67]
['2019-02-25', 27.07, 27.41, 26.71, 27.27]
['2019-02-26', 27.28, 27.33, 26.27, 26.99]
['2019-02-27', 26.85, 27.71, 26.65, 27.53]
['2019-02-28', 27.53, 28.1, 27.42, 27.82]
['2019-03-01', 28.08, 29.44, 28.05, 29.0]
['2019-03-04', 29.35, 29.74, 26.35, 27.32]
['2019-03-05', 27.45, 28.62, 27.34, 28.28]
['2019-03-06', 28.34, 28.46, 27.7, 28.36]
['2019-03-07', 28.37, 28.37, 26.5, 26.55]
['2019-03-08', 25.75, 26.03, 24.35, 25.7]
['2019-03-11', 25.88, 27.3, 24.82, 26.98]
['2019-03-12', 34.11, 37.72, 33.17, 33.78]
['2019-03-13', 33.41, 33.5, 31.31, 31.49]
['2019-03-14', 31.22, 32.05, 30.76, 31.63]
['2019-03-15', 31.63, 32.1, 31.34, 32.0]
['2019-03-18', 31.84, 32.49, 30.11, 31.04]
['2019-03-19', 31.13, 31.46, 30.11, 30.31]
['2019-03-20', 30.02, 30.38, 28.83, 29.3]
['2019-03-21', 29.0, 29.75, 28.7, 28.91]
['2019-03-22', 28.74, 28.74, 27.33, 27.46]
['2019-03-25', 27.33, 28.49, 27.14, 27.89]
['2019-03-26', 28.25, 28.67, 27.48, 27.58]
['2019-03-27', 27.53, 28.19, 26.83, 27.5]
['2019-03-28', 27.66, 28.18, 27.41, 27.88]
['2019-03-29', 28.05, 28.5, 27.72, 28.23]
['2019-04-01', 28.48, 28.73, 27.72, 28.09]
['2019-04-02', 28.0, 29.0, 27.69, 28.75]
['2019-04-03', 29.01, 29.59, 28.5, 28.7]
['2019-04-04', 29.0, 29.09, 27.58, 28.05]
['2019-04-05', 28.21, 28.49, 27.35, 27.47]
['2019-04-08', 27.3, 27.65, 26.72, 26.93]
['2019-04-09', 26.73, 27.06, 26.21, 26.3]
['2019-04-10', 26.47, 26.77, 26.21, 26.73]
['2019-04-11', 26.65, 26.98, 26.24, 26.54]
['2019-04-12', 26.93, 27.3, 26.41, 27.17]
['2019-04-15', 26.56, 26.97, 25.8, 26.33]
['2019-04-16', 26.16, 26.68, 25.61, 26.34]
['2019-04-17', 26.49, 26.67, 25.17, 25.18]
['2019-04-18', 25.24, 25.52, 24.35, 24.4]
['2019-04-22', 24.21, 25.21, 24.21, 24.86]
['2019-04-23', 25.07, 25.84, 24.76, 25.67]
['2019-04-24', 25.86, 26.18, 25.48, 25.81]
['2019-04-25', 25.91, 26.29, 25.27, 25.35]
['2019-04-26', 25.58, 26.88, 25.51, 26.85]
['2019-04-29', 26.82, 27.25, 26.55, 26.88]
['2019-04-30', 26.87, 27.42, 26.37, 26.65]
['2019-05-01', 26.66, 27.38, 26.26, 26.81]
['2019-05-02', 26.83, 27.16, 26.47, 27.14]
['2019-05-03', 27.34, 27.83, 27.03, 27.69]
['2019-05-06', 27.42, 27.54, 26.71, 27.37]
['2019-05-07', 27.08, 27.75, 26.35, 26.54]
['2019-05-08', 26.53, 27.14, 26.15, 26.67]
['2019-05-09', 26.3, 26.48, 25.63, 26.29]
['2019-05-10', 26.19, 26.57, 25.0, 25.31]
['2019-05-13', 24.83, 24.86, 24.12, 24.46]
['2019-05-14', 24.56, 25.94, 24.21, 25.75]
['2019-05-15', 25.34, 25.39, 24.45, 24.47]
['2019-05-16', 24.51, 24.83, 23.16, 23.29]
['2019-05-17', 23.06, 23.2, 22.03, 22.13]
['2019-05-20', 22.0, 23.76, 21.71, 23.34]
['2019-05-21', 23.42, 24.63, 23.06, 24.57]
['2019-05-22', 24.41, 25.3, 24.03, 24.08]
['2019-05-23', 23.91, 24.78, 23.65, 24.62]
['2019-05-24', 24.97, 25.29, 23.73, 23.94]
['2019-05-28', 24.01, 25.0, 23.84, 24.38]
['2019-05-29', 24.05, 24.38, 23.66, 24.1]
['2019-05-30', 24.08, 24.35, 23.35, 23.51]
['2019-05-31', 23.2, 23.34, 22.5, 23.16]
['2019-06-03', 23.02, 23.67, 22.41, 22.56]
['2019-06-04', 22.99, 24.16, 22.99, 24.12]
['2019-06-05', 24.3, 24.72, 22.88, 23.57]
['2019-06-06', 29.23, 29.92, 26.5, 27.04]
['2019-06-07', 26.75, 28.83, 26.03, 27.97]
['2019-06-10', 28.4, 29.11, 28.02, 28.11]
['2019-06-11', 28.48, 30.54, 28.4, 29.58]
['2019-06-12', 29.1, 29.28, 27.54, 29.26]
['2019-06-13', 29.35, 29.48, 28.05, 28.95]
['2019-06-14', 28.9, 29.93, 28.77, 29.93]
['2019-06-17', 29.89, 30.6, 29.62, 30.12]
['2019-06-18', 30.32, 31.04, 30.24, 31.0]
['2019-06-19', 31.0, 31.55, 30.35, 31.42]
['2019-06-20', 31.71, 32.0, 30.47, 31.38]
['2019-06-21', 31.31, 31.78, 30.93, 31.53]
['2019-06-24', 31.32, 31.58, 30.71, 31.31]
['2019-06-25', 31.37, 31.62, 30.63, 30.75]
['2019-06-26', 30.88, 31.89, 30.49, 30.51]
['2019-06-27', 30.7, 31.03, 30.35, 30.42]
['2019-06-28', 30.49, 32.29, 30.48, 31.99]
['2019-07-01', 31.83, 32.34, 30.78, 31.26]
['2019-07-02', 30.91, 31.52, 30.02, 31.4]
['2019-07-03', 31.41, 31.65, 30.71, 30.9]
['2019-07-05', 30.52, 31.3, 30.39, 31.01]
['2019-07-08', 30.98, 31.0, 30.31, 30.58]
['2019-07-09', 30.33, 30.59, 29.3, 29.35]
['2019-07-10', 29.91, 29.98, 28.48, 28.97]
['2019-07-11', 29.09, 29.17, 27.78, 28.12]
['2019-07-12', 30.28, 31.0, 27.56, 27.65]
['2019-07-15', 27.56, 28.8, 27.25, 28.57]
['2019-07-16', 28.56, 29.34, 27.91, 29.02]
['2019-07-17', 29.0, 29.48, 28.52, 28.64]
['2019-07-18', 28.5, 28.69, 26.9, 27.23]
['2019-07-19', 27.35, 27.73, 26.88, 26.9]
['2019-07-22', 27.76, 28.23, 26.91, 27.18]
['2019-07-23', 27.23, 27.44, 26.26, 26.63]
['2019-07-24', 26.54, 27.62, 26.53, 27.39]
['2019-07-25', 27.45, 28.1, 27.01, 27.07]
['2019-07-26', 27.2, 27.76, 26.51, 27.52]
['2019-07-29', 27.5, 27.71, 26.87, 27.63]
['2019-07-30', 26.98, 27.32, 25.46, 27.09]
['2019-07-31', 27.04, 27.04, 25.43, 26.08]
['2019-08-01', 26.12, 26.6, 24.55, 25.27]
['2019-08-02', 24.76, 25.23, 24.41, 24.83]
['2019-08-05', 24.0, 24.1, 22.87, 23.25]
['2019-08-06', 23.61, 24.0, 22.88, 23.41]
['2019-08-07', 23.09, 23.39, 22.79, 23.07]
['2019-08-08', 23.23, 23.62, 22.82, 23.53]
['2019-08-09', 23.19, 23.49, 22.02, 22.25]
['2019-08-12', 22.16, 22.32, 21.63, 22.01]
['2019-08-13', 21.88, 23.45, 21.8, 22.53]
['2019-08-14', 21.81, 21.81, 20.68, 20.79]
['2019-08-15', 21.23, 21.43, 20.02, 20.25]
['2019-08-16', 20.56, 20.96, 20.05, 20.68]
['2019-08-19', 21.01, 21.42, 20.54, 20.57]
['2019-08-20', 20.43, 20.89, 19.91, 20.56]
['2019-08-21', 20.82, 20.83, 19.8, 20.13]
['2019-08-22', 20.18, 20.33, 19.21, 19.47]
['2019-08-23', 19.27, 19.67, 18.68, 18.97]
['2019-08-26', 19.49, 19.5, 18.72, 19.09]
['2019-08-27', 19.23, 19.43, 18.5, 18.6]
['2019-08-28', 18.58, 19.38, 18.27, 19.27]
['2019-08-29', 19.49, 19.94, 18.82, 19.02]
['2019-08-30', 19.23, 19.48, 18.99, 19.06]
['2019-09-03', 19.0, 19.14, 17.98, 18.13]
['2019-09-04', 18.32, 18.76, 18.01, 18.57]
['2019-09-05', 18.92, 19.53, 18.76, 19.0]
['2019-09-06', 19.22, 19.4, 18.1, 18.15]
['2019-09-09', 18.51, 19.87, 18.48, 19.42]
['2019-09-10', 19.59, 21.3, 19.55, 21.18]
['2019-09-11', 21.28, 22.19, 20.93, 21.8]
['2019-09-12', 21.96, 22.01, 20.51, 21.01]
['2019-09-13', 21.38, 21.82, 20.6, 20.67]
['2019-09-16', 20.63, 21.68, 20.53, 21.59]
['2019-09-17', 21.56, 21.68, 20.8, 21.49]
['2019-09-18', 21.4, 21.44, 20.12, 20.39]
['2019-09-19', 20.4, 20.78, 19.33, 19.45]
['2019-09-20', 19.45, 20.06, 19.4, 19.64]
['2019-09-23', 19.59, 19.92, 19.41, 19.78]
['2019-09-24', 19.78, 19.98, 17.7, 18.2]
['2019-09-25', 18.22, 18.9, 18.22, 18.73]
['2019-09-26', 18.62, 18.89, 18.21, 18.67]
['2019-09-27', 18.7, 18.8, 17.78, 18.34]
['2019-09-30', 18.61, 19.62, 18.48, 19.25]
['2019-10-01', 20.25, 20.69, 19.5, 20.06]
['2019-10-02', 17.0, 18.46, 16.99, 17.89]
['2019-10-03', 17.68, 18.66, 17.25, 18.66]
['2019-10-04', 18.7, 20.46, 18.51, 19.61]
['2019-10-07', 19.53, 20.73, 19.2, 20.14]
['2019-10-08', 19.88, 20.52, 19.41, 20.34]
['2019-10-09', 20.29, 20.88, 20.02, 20.86]
['2019-10-10', 20.85, 21.2, 20.42, 20.78]
['2019-10-11', 21.14, 22.2, 21.14, 21.79]
['2019-10-14', 21.63, 21.63, 20.71, 21.17]
['2019-10-15', 21.71, 21.74, 20.69, 20.85]
['2019-10-16', 21.45, 22.6, 21.23, 21.82]
['2019-10-17', 21.89, 23.43, 21.61, 23.41]
['2019-10-18', 23.5, 23.67, 22.37, 23.22]
['2019-10-21', 23.28, 23.54, 22.86, 22.99]
['2019-10-22', 22.99, 23.39, 22.19, 23.33]
['2019-10-23', 23.09, 23.71, 22.75, 23.03]
['2019-10-24', 23.02, 23.3, 22.43, 22.96]
['2019-10-25', 22.85, 24.27, 22.82, 23.81]
['2019-10-28', 24.45, 24.45, 23.41, 23.77]
['2019-10-29', 23.47, 23.89, 23.22, 23.48]
['2019-10-30', 23.51, 23.86, 23.16, 23.72]
['2019-10-31', 23.56, 23.75, 22.83, 22.86]
['2019-11-01', 23.08, 23.99, 22.85, 23.5]
['2019-11-04', 23.65, 24.15, 23.03, 23.21]
['2019-11-05', 23.25, 23.83, 22.99, 23.14]
['2019-11-06', 22.95, 23.3, 22.52, 22.75]
['2019-11-07', 23.07, 23.69, 22.8, 23.17]
['2019-11-08', 23.01, 23.55, 21.77, 21.85]
['2019-11-11', 21.58, 21.77, 20.52, 20.9]
['2019-11-12', 21.41, 21.85, 20.98, 21.35]
['2019-11-13', 21.19, 22.48, 20.81, 22.03]
['2019-11-14', 22.08, 22.72, 22.08, 22.67]
['2019-11-15', 22.84, 22.85, 22.15, 22.22]
['2019-11-18', 22.25, 22.71, 21.72, 22.3]
['2019-11-19', 22.15, 22.69, 21.87, 22.64]
['2019-11-20', 22.18, 22.26, 20.97, 21.02]
['2019-11-21', 21.27, 21.6, 21.01, 21.18]
['2019-11-22', 21.35, 22.72, 21.31, 22.58]
['2019-11-25', 22.55, 22.97, 22.39, 22.81]
['2019-11-26', 22.83, 23.99, 22.83, 23.88]
['2019-11-27', 24.0, 24.15, 23.55, 23.97]
['2019-11-29', 24.09, 24.09, 23.34, 23.58]
['2019-12-02', 23.73, 23.84, 22.66, 23.75]
['2019-12-03', 23.0, 24.18, 22.81, 24.15]
['2019-12-04', 24.07, 24.27, 23.3, 23.35]
['2019-12-05', 23.37, 23.78, 23.23, 23.23]
['2019-12-06', 23.47, 24.17, 23.34, 24.09]
['2019-12-09', 24.06, 25.77, 24.0, 25.02]
['2019-12-10', 27.15, 28.45, 26.1, 26.23]
['2019-12-11', 26.03, 28.09, 25.47, 27.55]
['2019-12-12', 27.17, 28.07, 26.73, 27.13]
['2019-12-13', 27.15, 27.38, 25.78, 25.87]
['2019-12-16', 26.1, 26.27, 25.63, 25.69]
['2019-12-17', 25.6, 25.73, 25.01, 25.63]
['2019-12-18', 25.7, 26.15, 25.14, 25.72]
['2019-12-19', 25.97, 26.9, 25.75, 26.61]
['2019-12-20', 26.74, 27.02, 26.33, 26.48]
['2019-12-23', 26.36, 26.74, 26.13, 26.45]
['2019-12-24', 26.45, 26.74, 26.05, 26.27]
['2019-12-26', 26.31, 26.31, 24.95, 25.56]
['2019-12-27', 25.63, 25.76, 25.03, 25.42]
['2019-12-30', 25.37, 26.14, 25.25, 25.6]
['2019-12-31', 25.54, 25.75, 25.05, 25.66]
['2020-01-02', 25.85, 26.0, 24.88, 25.06]
['2020-01-03', 24.82, 25.23, 24.65, 25.13]
['2020-01-06', 24.8, 25.0, 24.12, 24.76]
['2020-01-07', 24.81, 24.89, 23.35, 23.6]
['2020-01-08', 23.55, 23.97, 23.25, 23.62]
['2020-01-09', 23.7, 24.13, 23.1, 23.98]
['2020-01-10', 23.93, 24.15, 23.17, 23.18]
['2020-01-13', 23.18, 24.65, 23.18, 24.65]
['2020-01-14', 24.23, 25.4, 23.66, 24.92]
['2020-01-15', 24.48, 25.03, 24.37, 24.65]
['2020-01-16', 24.69, 25.26, 24.09, 25.22]
['2020-01-17', 25.21, 25.55, 24.8, 25.22]
['2020-01-21', 25.08, 25.1, 24.05, 24.35]
['2020-01-22', 24.5, 24.5, 22.9, 23.0]
['2020-01-23', 22.85, 23.49, 22.6, 23.17]
['2020-01-24', 23.25, 23.35, 22.41, 22.64]
['2020-01-27', 21.95, 22.67, 21.38, 22.26]
['2020-01-28', 22.32, 22.97, 22.31, 22.54]
['2020-01-29', 22.68, 22.96, 21.85, 21.86]
['2020-01-30', 22.34, 23.09, 22.06, 22.81]
['2020-01-31', 22.69, 23.13, 22.45, 22.9]
['2020-02-03', 23.0, 24.44, 22.99, 24.27]
['2020-02-04', 24.63, 25.09, 24.06, 24.15]
['2020-02-05', 24.35, 24.94, 24.0, 24.05]
['2020-02-06', 24.16, 24.43, 23.59, 24.05]
['2020-02-07', 23.77, 24.03, 23.16, 23.43]
['2020-02-10', 23.6, 24.83, 23.39, 24.32]
['2020-02-11', 24.56, 25.59, 24.44, 24.85]
['2020-02-12', 25.09, 26.21, 25.09, 26.2]
['2020-02-13', 25.87, 26.47, 25.67, 26.24]
['2020-02-14', 26.23, 26.72, 25.77, 26.63]
['2020-02-18', 26.51, 27.69, 26.45, 27.67]
['2020-02-19', 27.75, 28.6, 27.31, 28.53]
['2020-02-20', 28.45, 29.24, 28.09, 29.08]
['2020-02-21', 28.89, 29.38, 27.69, 29.37]
['2020-02-24', 27.73, 28.29, 27.18, 27.47]
['2020-02-25', 27.65, 28.08, 25.79, 25.98]
['2020-02-26', 25.85, 26.65, 24.58, 24.76]
['2020-02-27', 24.0, 25.18, 22.82, 23.79]
['2020-02-28', 22.78, 24.03, 22.52, 24.03]
['2020-03-02', 24.45, 24.73, 22.67, 23.7]
['2020-03-03', 23.73, 24.17, 22.17, 22.62]
['2020-03-04', 23.1, 23.89, 22.72, 23.72]
['2020-03-05', 23.2, 23.63, 22.75, 23.29]
['2020-03-06', 22.48, 23.33, 21.57, 22.78]
['2020-03-09', 21.03, 21.43, 19.7, 21.21]
['2020-03-10', 15.0, 16.2, 14.28, 15.86]
['2020-03-11', 15.25, 15.7, 13.06, 14.01]
['2020-03-12', 12.6, 13.37, 12.2, 12.36]
['2020-03-13', 13.08, 13.28, 12.12, 13.26]
['2020-03-16', 12.55, 12.69, 10.9, 12.22]
['2020-03-17', 12.6, 14.35, 11.62, 13.58]
['2020-03-18', 13.11, 15.14, 12.75, 14.28]
['2020-03-19', 14.33, 16.9, 13.93, 15.31]
['2020-03-20', 15.76, 16.14, 14.48, 14.58]
['2020-03-23', 14.73, 14.9, 12.7, 13.37]
['2020-03-24', 14.31, 14.57, 13.34, 14.48]
['2020-03-25', 14.85, 15.19, 13.62, 13.74]
['2020-03-26', 13.93, 14.73, 13.52, 14.1]
['2020-03-27', 13.84, 13.99, 12.65, 12.7]
['2020-03-30', 12.83, 13.34, 12.5, 12.72]
['2020-03-31', 12.73, 13.41, 12.45, 12.7]
['2020-04-01', 12.11, 12.52, 11.62, 11.71]
['2020-04-02', 11.62, 12.15, 11.29, 11.46]
['2020-04-03', 11.5, 11.87, 11.13, 11.76]
['2020-04-06', 12.4, 12.91, 12.3, 12.75]
['2020-04-07', 13.66, 13.79, 13.1, 13.34]
['2020-04-08', 13.59, 14.16, 13.2, 13.57]
['2020-04-09', 13.91, 16.93, 13.86, 15.05]
['2020-04-13', 15.37, 15.58, 14.53, 15.15]
['2020-04-14', 16.2, 16.68, 15.2, 16.41]
['2020-04-15', 15.77, 16.53, 15.6, 15.84]
['2020-04-16', 15.98, 16.11, 14.67, 14.87]
['2020-04-17', 15.68, 15.92, 15.09, 15.7]
['2020-04-20', 15.5, 16.44, 15.15, 15.69]
['2020-04-21', 15.58, 16.03, 15.0, 15.21]
['2020-04-22', 15.65, 16.2, 15.36, 15.87]
['2020-04-23', 15.84, 16.42, 15.42, 15.54]
['2020-04-24', 15.72, 16.66, 15.62, 16.37]
['2020-04-27', 16.74, 17.06, 16.13, 16.72]
['2020-04-28', 17.05, 17.3, 15.72, 16.5]
['2020-04-29', 17.01, 17.68, 16.4, 17.07]
['2020-04-30', 16.82, 16.84, 15.81, 16.05]
['2020-05-01', 15.54, 15.96, 15.13, 15.49]
['2020-05-04', 15.15, 15.53, 15.01, 15.29]
['2020-05-05', 15.68, 16.62, 15.68, 16.56]
['2020-05-06', 16.78, 17.14, 16.09, 16.17]
['2020-05-07', 16.44, 16.76, 16.17, 16.61]
['2020-05-08', 16.8, 17.83, 16.62, 17.61]
['2020-05-11', 17.59, 18.35, 17.05, 17.75]
['2020-05-12', 17.91, 19.89, 17.86, 18.72]
['2020-05-13', 18.53, 19.98, 17.83, 18.55]
['2020-05-14', 18.06, 19.92, 18.06, 19.44]
['2020-05-15', 19.18, 24.1, 18.84, 21.41]
['2020-05-18', 22.05, 22.71, 19.95, 21.09]
['2020-05-19', 20.89, 22.72, 20.52, 21.58]
['2020-05-20', 22.1, 22.8, 21.58, 22.41]
['2020-05-21', 22.19, 22.94, 21.7, 22.13]
['2020-05-22', 22.18, 23.97, 21.88, 23.51]
['2020-05-26', 24.36, 25.71, 23.63, 24.51]
['2020-05-27', 24.64, 24.98, 22.25, 23.61]
['2020-05-28', 23.63, 24.2, 23.07, 23.16]
['2020-05-29', 22.99, 24.0, 22.84, 23.12]
['2020-06-01', 23.02, 24.29, 22.72, 23.62]
['2020-06-02', 23.65, 24.29, 23.3, 24.21]
['2020-06-03', 24.89, 25.4, 24.08, 24.71]
['2020-06-04', 24.57, 26.11, 24.45, 25.13]
['2020-06-05', 25.31, 26.17, 24.82, 24.96]
