['2011-05-02', 0.9, 28.47, 0.9, 28.47]
['2011-05-03', 25.22, 28.83, 7.21, 9.91]
['2011-05-04', 9.91, 10.81, 9.91, 10.27]
['2011-05-05', 9.91, 9.91, 9.91, 9.91]
['2011-05-06', 9.91, 9.91, 9.91, 9.91]
['2011-05-09', 9.01, 9.01, 4.5, 4.5]
['2011-05-10', 5.4, 7.21, 5.4, 7.21]
['2011-05-11', 7.21, 7.21, 7.21, 7.21]
['2011-05-12', 8.76, 9.01, 6.13, 7.24]
['2011-05-13', 7.21, 7.21, 7.21, 7.21]
['2011-05-16', 7.21, 7.21, 7.17, 7.17]
['2011-05-17', 7.21, 7.21, 4.9, 4.9]
['2011-05-18', 5.4, 7.03, 5.4, 7.03]
['2011-05-19', 7.21, 7.21, 7.21, 7.21]
['2011-05-20', 7.21, 7.21, 7.21, 7.21]
['2011-05-23', 5.95, 6.67, 5.95, 6.67]
['2011-05-24', 6.67, 7.03, 6.67, 7.03]
['2011-05-25', 7.03, 7.03, 7.03, 7.03]
['2011-05-26', 7.03, 7.03, 7.03, 7.03]
['2011-05-27', 7.03, 7.03, 7.03, 7.03]
['2011-05-31', 5.95, 7.21, 5.95, 7.21]
['2011-06-01', 6.85, 6.85, 6.85, 6.85]
['2011-06-02', 5.95, 5.95, 5.95, 5.95]
['2011-06-03', 5.95, 5.95, 5.95, 5.95]
['2011-06-06', 5.95, 5.95, 5.95, 5.95]
['2011-06-07', 5.48, 6.49, 5.48, 6.13]
['2011-06-08', 6.67, 7.21, 6.67, 6.85]
['2011-06-09', 6.85, 6.85, 6.85, 6.85]
['2011-06-10', 6.85, 6.85, 6.85, 6.85]
['2011-06-13', 6.85, 6.85, 6.85, 6.85]
['2011-06-14', 6.85, 6.85, 6.85, 6.85]
['2011-06-15', 6.85, 6.85, 6.85, 6.85]
['2011-06-16', 6.85, 6.85, 6.85, 6.85]
['2011-06-17', 6.31, 6.31, 5.4, 5.4]
['2011-06-20', 4.86, 4.86, 4.86, 4.86]
['2011-06-21', 5.04, 5.04, 4.86, 4.86]
['2011-06-22', 5.95, 5.95, 5.95, 5.95]
['2011-06-23', 4.86, 4.86, 4.86, 4.86]
['2011-06-24', 4.86, 4.86, 4.86, 4.86]
['2011-06-27', 4.86, 4.86, 4.86, 4.86]
['2011-06-28', 4.86, 4.86, 4.86, 4.86]
['2011-06-29', 4.86, 4.86, 4.86, 4.86]
['2011-06-30', 4.86, 4.86, 4.86, 4.86]
['2011-07-01', 4.86, 4.86, 4.86, 4.86]
['2011-07-05', 4.32, 4.32, 4.32, 4.32]
['2011-07-06', 4.32, 4.32, 4.32, 4.32]
['2011-07-07', 4.32, 4.32, 4.32, 4.32]
['2011-07-08', 4.32, 4.32, 4.32, 4.32]
['2011-07-11', 4.86, 4.86, 4.86, 4.86]
['2011-07-12', 4.83, 4.86, 4.83, 4.86]
['2011-07-13', 4.86, 5.44, 4.86, 5.44]
['2011-07-14', 5.44, 5.44, 5.44, 5.44]
['2011-07-15', 5.77, 5.77, 5.77, 5.77]
['2011-07-18', 5.59, 5.59, 5.59, 5.59]
['2011-07-19', 5.59, 5.59, 5.59, 5.59]
['2011-07-20', 5.59, 5.59, 5.59, 5.59]
['2011-07-21', 5.95, 5.95, 5.95, 5.95]
['2011-07-22', 5.95, 5.95, 5.95, 5.95]
['2011-07-25', 5.95, 5.95, 5.95, 5.95]
['2011-07-26', 5.95, 5.95, 5.95, 5.95]
['2011-07-27', 5.95, 5.95, 5.95, 5.95]
['2011-07-28', 4.86, 4.86, 4.86, 4.86]
['2011-07-29', 4.86, 4.86, 4.86, 4.86]
['2011-08-01', 4.86, 4.86, 4.86, 4.86]
['2011-08-02', 6.85, 6.85, 6.85, 6.85]
['2011-08-03', 6.85, 7.03, 6.85, 7.03]
['2011-08-04', 7.03, 7.03, 7.03, 7.03]
['2011-08-05', 7.03, 7.03, 7.03, 7.03]
['2011-08-08', 7.03, 7.03, 6.85, 6.85]
['2011-08-09', 6.31, 6.31, 3.64, 3.64]
['2011-08-10', 6.49, 6.49, 3.96, 6.49]
['2011-08-11', 6.49, 6.49, 6.49, 6.49]
['2011-08-12', 6.49, 6.49, 6.49, 6.49]
['2011-08-15', 5.77, 5.77, 5.77, 5.77]
['2011-08-16', 5.77, 5.77, 5.77, 5.77]
['2011-08-17', 5.77, 5.77, 5.77, 5.77]
['2011-08-18', 5.77, 5.77, 5.77, 5.77]
['2011-08-19', 5.77, 5.77, 5.77, 5.77]
['2011-08-22', 5.77, 5.77, 5.77, 5.77]
['2011-08-23', 5.77, 5.77, 5.77, 5.77]
['2011-08-24', 5.77, 5.77, 5.77, 5.77]
['2011-08-25', 5.77, 5.77, 5.77, 5.77]
['2011-08-26', 4.36, 4.36, 4.32, 4.32]
['2011-08-29', 4.32, 4.32, 4.32, 4.32]
['2011-08-30', 3.64, 3.64, 3.64, 3.64]
['2011-08-31', 3.64, 3.64, 3.64, 3.64]
['2011-09-01', 3.64, 5.77, 3.64, 5.77]
['2011-09-02', 3.64, 5.77, 3.64, 5.77]
['2011-09-06', 5.77, 5.77, 5.77, 5.77]
['2011-09-07', 5.77, 5.77, 5.77, 5.77]
['2011-09-08', 5.77, 5.77, 5.77, 5.77]
['2011-09-09', 5.77, 5.77, 5.77, 5.77]
['2011-09-12', 5.77, 5.77, 5.77, 5.77]
['2011-09-13', 5.77, 5.77, 5.77, 5.77]
['2011-09-14', 5.77, 5.77, 5.77, 5.77]
['2011-09-15', 5.77, 5.77, 5.77, 5.77]
['2011-09-16', 5.77, 5.77, 5.77, 5.77]
['2011-09-19', 5.77, 5.77, 5.77, 5.77]
['2011-09-20', 5.77, 5.77, 5.77, 5.77]
['2011-09-21', 3.71, 5.4, 3.71, 5.4]
['2011-09-22', 3.78, 5.4, 3.78, 5.4]
['2011-09-23', 3.78, 5.4, 3.78, 5.4]
['2011-09-26', 5.4, 5.4, 3.78, 3.78]
['2011-09-27', 5.4, 5.4, 5.4, 5.4]
['2011-09-28', 5.33, 5.77, 5.33, 5.77]
['2011-09-29', 5.77, 5.77, 5.77, 5.77]
['2011-09-30', 4.68, 4.68, 3.71, 3.71]
['2011-10-03', 3.71, 3.71, 3.71, 3.71]
['2011-10-04', 5.77, 5.77, 5.77, 5.77]
['2011-10-05', 4.68, 4.68, 4.68, 4.68]
['2011-10-06', 4.68, 4.68, 4.68, 4.68]
['2011-10-07', 4.68, 4.68, 4.68, 4.68]
['2011-10-10', 4.68, 4.68, 4.68, 4.68]
['2011-10-11', 4.68, 4.68, 4.68, 4.68]
['2011-10-12', 4.68, 4.68, 4.68, 4.68]
['2011-10-13', 4.68, 4.68, 4.68, 4.68]
['2011-10-14', 4.68, 4.68, 4.68, 4.68]
['2011-10-17', 4.68, 4.68, 4.68, 4.68]
['2011-10-18', 4.68, 4.68, 4.68, 4.68]
['2011-10-19', 4.68, 4.68, 4.68, 4.68]
['2011-10-20', 4.68, 4.68, 4.68, 4.68]
['2011-10-21', 4.68, 4.68, 4.68, 4.68]
['2011-10-24', 4.68, 4.68, 4.68, 4.68]
['2011-10-25', 3.96, 3.96, 3.96, 3.96]
['2011-10-26', 3.78, 4.5, 3.78, 4.5]
['2011-10-27', 6.49, 6.49, 5.4, 5.95]
['2011-10-28', 5.95, 5.95, 5.95, 5.95]
['2011-10-31', 5.77, 6.31, 5.77, 6.31]
['2011-11-01', 6.31, 6.31, 6.31, 6.31]
['2011-11-02', 6.31, 6.31, 6.31, 6.31]
['2011-11-03', 6.31, 6.31, 6.31, 6.31]
['2011-11-04', 6.34, 6.34, 6.34, 6.34]
['2011-11-07', 6.34, 6.34, 6.34, 6.34]
['2011-11-08', 6.34, 6.34, 6.34, 6.34]
['2011-11-09', 6.34, 6.34, 6.34, 6.34]
['2011-11-10', 6.09, 6.09, 6.09, 6.09]
['2011-11-11', 4.94, 4.94, 4.94, 4.94]
['2011-11-14', 6.38, 6.38, 6.38, 6.38]
['2011-11-15', 6.38, 6.38, 6.38, 6.38]
['2011-11-16', 6.38, 6.38, 6.38, 6.38]
['2011-11-17', 6.38, 6.38, 6.38, 6.38]
['2011-11-18', 6.38, 6.38, 6.38, 6.38]
['2011-11-21', 6.38, 6.38, 6.38, 6.38]
['2011-11-22', 6.38, 6.38, 6.38, 6.38]
['2011-11-23', 6.38, 6.38, 6.38, 6.38]
['2011-11-25', 6.38, 6.38, 6.38, 6.38]
['2011-11-28', 6.38, 6.38, 6.38, 6.38]
['2011-11-29', 6.38, 6.38, 6.38, 6.38]
['2011-11-30', 6.38, 6.38, 6.38, 6.38]
['2011-12-01', 4.79, 4.79, 4.79, 4.79]
['2011-12-02', 5.4, 5.4, 5.4, 5.4]
['2011-12-05', 5.4, 5.4, 5.4, 5.4]
['2011-12-06', 5.22, 5.4, 5.22, 5.4]
['2011-12-07', 5.22, 5.4, 5.22, 5.4]
['2011-12-08', 5.4, 5.4, 5.4, 5.4]
['2011-12-09', 5.4, 5.4, 5.4, 5.4]
['2011-12-12', 5.4, 5.4, 5.4, 5.4]
['2011-12-13', 5.04, 5.04, 5.04, 5.04]
['2011-12-14', 5.04, 5.04, 5.04, 5.04]
['2011-12-15', 5.04, 5.04, 5.04, 5.04]
['2011-12-16', 5.04, 5.04, 5.04, 5.04]
['2011-12-19', 5.04, 5.04, 5.04, 5.04]
['2011-12-20', 5.04, 5.04, 5.04, 5.04]
['2011-12-21', 5.04, 5.04, 5.04, 5.04]
['2011-12-22', 4.68, 4.68, 4.5, 4.5]
['2011-12-23', 5.4, 5.4, 5.4, 5.4]
['2011-12-27', 5.4, 5.4, 5.4, 5.4]
['2011-12-28', 5.4, 5.4, 5.4, 5.4]
['2011-12-29', 5.4, 5.4, 5.4, 5.4]
['2011-12-30', 5.4, 5.4, 3.96, 3.96]
['2012-01-03', 5.77, 5.77, 4.68, 5.77]
['2012-01-04', 5.77, 5.77, 5.77, 5.77]
['2012-01-05', 5.77, 5.77, 5.77, 5.77]
['2012-01-06', 5.77, 5.77, 5.77, 5.77]
['2012-01-09', 5.77, 5.77, 5.77, 5.77]
['2012-01-10', 5.77, 5.77, 5.77, 5.77]
['2012-01-11', 5.77, 5.77, 5.4, 5.4]
['2012-01-12', 5.04, 5.04, 5.04, 5.04]
['2012-01-13', 5.04, 5.04, 5.04, 5.04]
['2012-01-17', 4.86, 4.86, 4.86, 4.86]
['2012-01-18', 4.86, 6.13, 4.86, 6.13]
['2012-01-19', 6.13, 6.13, 6.13, 6.13]
['2012-01-20', 5.55, 5.73, 5.55, 5.73]
['2012-01-23', 5.73, 5.73, 5.73, 5.73]
['2012-01-24', 5.73, 5.95, 4.72, 5.95]
['2012-01-25', 6.31, 6.31, 6.31, 6.31]
['2012-01-26', 7.03, 7.03, 6.23, 6.23]
['2012-01-27', 6.23, 6.23, 6.23, 6.23]
['2012-01-30', 6.23, 6.23, 6.23, 6.23]
['2012-01-31', 7.03, 7.03, 6.23, 7.03]
['2012-02-01', 7.03, 7.03, 7.03, 7.03]
['2012-02-02', 7.03, 7.03, 7.03, 7.03]
['2012-02-03', 7.03, 7.03, 7.03, 7.03]
['2012-02-06', 7.03, 7.03, 7.03, 7.03]
['2012-02-07', 7.03, 7.03, 7.03, 7.03]
['2012-02-08', 7.03, 7.03, 7.03, 7.03]
['2012-02-09', 6.16, 7.03, 6.16, 7.03]
['2012-02-10', 6.81, 7.03, 6.49, 6.77]
['2012-02-13', 6.77, 6.77, 6.77, 6.77]
['2012-02-14', 6.77, 6.77, 6.77, 6.77]
['2012-02-15', 6.85, 6.85, 6.16, 6.85]
['2012-02-16', 6.67, 6.67, 6.67, 6.67]
['2012-02-17', 6.67, 6.67, 6.67, 6.67]
['2012-02-21', 5.77, 5.77, 5.77, 5.77]
['2012-02-22', 5.77, 5.77, 5.77, 5.77]
['2012-02-23', 6.67, 6.67, 6.67, 6.67]
['2012-02-24', 6.67, 6.67, 6.67, 6.67]
['2012-02-27', 6.67, 6.67, 6.67, 6.67]
['2012-02-28', 6.67, 6.67, 6.67, 6.67]
['2012-02-29', 6.67, 6.67, 6.63, 6.63]
['2012-03-01', 6.13, 6.67, 5.77, 6.67]
['2012-03-02', 6.67, 6.67, 6.67, 6.67]
['2012-03-05', 6.67, 6.67, 6.67, 6.67]
['2012-03-06', 6.67, 6.67, 6.67, 6.67]
['2012-03-07', 6.63, 6.63, 6.63, 6.63]
['2012-03-08', 6.63, 6.63, 6.63, 6.63]
['2012-03-09', 6.63, 6.63, 6.63, 6.63]
['2012-03-12', 5.4, 5.4, 5.4, 5.4]
['2012-03-13', 5.4, 6.67, 5.4, 6.67]
['2012-03-14', 6.67, 6.67, 6.67, 6.67]
['2012-03-15', 6.67, 6.67, 6.67, 6.67]
['2012-03-16', 6.67, 6.67, 6.67, 6.67]
['2012-03-19', 6.67, 6.67, 6.67, 6.67]
['2012-03-20', 6.49, 6.49, 6.49, 6.49]
['2012-03-21', 6.49, 6.49, 6.49, 6.49]
['2012-03-22', 6.49, 6.49, 6.49, 6.49]
['2012-03-23', 6.49, 6.49, 6.49, 6.49]
['2012-03-26', 6.49, 6.49, 6.49, 6.49]
['2012-03-27', 6.49, 6.49, 6.49, 6.49]
['2012-03-28', 6.49, 6.49, 6.49, 6.49]
['2012-03-29', 6.49, 6.49, 6.49, 6.49]
['2012-03-30', 5.95, 5.95, 5.95, 5.95]
['2012-04-02', 5.59, 5.59, 5.4, 5.4]
['2012-04-03', 5.4, 5.4, 4.5, 4.5]
['2012-04-04', 4.36, 4.36, 4.32, 4.32]
['2012-04-05', 4.32, 4.32, 4.32, 4.32]
['2012-04-09', 4.32, 4.32, 4.32, 4.32]
['2012-04-10', 4.68, 4.68, 4.68, 4.68]
['2012-04-11', 4.32, 5.01, 4.32, 5.01]
['2012-04-12', 5.01, 5.01, 5.01, 5.01]
['2012-04-13', 3.96, 3.96, 3.96, 3.96]
['2012-04-16', 3.96, 3.96, 3.96, 3.96]
['2012-04-17', 3.96, 3.96, 3.96, 3.96]
['2012-04-18', 3.96, 3.96, 3.96, 3.96]
['2012-04-19', 5.01, 5.01, 5.01, 5.01]
['2012-04-20', 5.01, 5.01, 5.01, 5.01]
['2012-04-23', 4.97, 4.97, 4.97, 4.97]
['2012-04-24', 4.97, 4.97, 4.97, 4.97]
['2012-04-25', 4.97, 4.97, 4.97, 4.97]
['2012-04-26', 5.4, 5.77, 5.4, 5.4]
['2012-04-27', 5.4, 5.4, 5.4, 5.4]
['2012-04-30', 5.4, 5.4, 5.4, 5.4]
['2012-05-01', 5.4, 5.4, 5.4, 5.4]
['2012-05-02', 4.18, 5.73, 3.96, 5.73]
['2012-05-03', 5.73, 5.73, 5.73, 5.73]
['2012-05-04', 5.55, 5.55, 5.55, 5.55]
['2012-05-07', 5.59, 5.59, 5.59, 5.59]
['2012-05-08', 5.4, 5.59, 5.4, 5.59]
['2012-05-09', 5.4, 5.4, 5.4, 5.4]
['2012-05-10', 5.4, 5.4, 5.4, 5.4]
['2012-05-11', 5.22, 5.22, 3.64, 3.64]
['2012-05-14', 4.5, 4.5, 4.47, 4.47]
['2012-05-15', 4.47, 4.47, 3.71, 3.71]
['2012-05-16', 3.75, 4.5, 3.75, 4.5]
['2012-05-17', 3.87, 3.87, 3.87, 3.87]
['2012-05-18', 3.87, 3.87, 3.87, 3.87]
['2012-05-21', 3.87, 3.87, 3.87, 3.87]
['2012-05-22', 3.87, 3.87, 3.87, 3.87]
['2012-05-23', 3.87, 3.87, 3.87, 3.87]
['2012-05-24', 3.87, 3.87, 3.87, 3.87]
['2012-05-25', 3.87, 3.87, 3.87, 3.87]
['2012-05-29', 3.87, 3.87, 3.87, 3.87]
['2012-05-30', 3.87, 3.87, 3.87, 3.87]
['2012-05-31', 3.87, 3.87, 3.87, 3.87]
['2012-06-01', 3.87, 3.87, 3.87, 3.87]
['2012-06-04', 3.87, 3.87, 3.87, 3.87]
['2012-06-05', 3.87, 3.87, 3.87, 3.87]
['2012-06-06', 3.87, 3.87, 3.87, 3.87]
['2012-06-07', 3.87, 3.87, 3.87, 3.87]
['2012-06-08', 3.87, 3.87, 3.87, 3.87]
['2012-06-11', 3.87, 3.87, 3.87, 3.87]
['2012-06-12', 5.09, 6.1, 2.24, 6.1]
['2012-06-13', 6.1, 6.1, 6.1, 6.1]
['2012-06-14', 2.48, 6.02, 2.48, 2.64]
['2012-06-15', 5.05, 5.9, 3.46, 4.07]
['2012-06-18', 5.9, 5.9, 5.09, 5.09]
['2012-06-19', 5.9, 5.9, 2.89, 5.9]
['2012-06-20', 5.9, 5.9, 5.9, 5.9]
['2012-06-21', 3.3, 3.3, 3.3, 3.3]
['2012-06-22', 3.01, 3.01, 3.01, 3.01]
['2012-06-25', 3.05, 3.05, 2.97, 2.97]
['2012-06-26', 2.85, 2.85, 2.85, 2.85]
['2012-06-27', 3.05, 3.05, 2.85, 2.85]
['2012-06-28', 2.85, 3.05, 2.85, 3.05]
['2012-06-29', 3.05, 3.05, 2.69, 2.69]
['2012-07-02', 5.09, 5.09, 5.09, 5.09]
['2012-07-03', 5.09, 5.09, 5.09, 5.09]
['2012-07-05', 5.09, 5.09, 5.09, 5.09]
['2012-07-06', 5.09, 5.09, 5.09, 5.09]
['2012-07-09', 5.09, 5.09, 5.09, 5.09]
['2012-07-10', 2.69, 5.05, 2.69, 5.05]
['2012-07-11', 5.05, 5.05, 5.05, 5.05]
['2012-07-12', 5.05, 5.05, 5.05, 5.05]
['2012-07-13', 5.05, 5.05, 5.05, 5.05]
['2012-07-16', 5.05, 5.05, 5.05, 5.05]
['2012-07-17', 5.05, 5.05, 5.05, 5.05]
['2012-07-18', 2.69, 2.69, 2.69, 2.69]
['2012-07-19', 2.69, 2.69, 2.69, 2.69]
['2012-07-20', 2.69, 2.69, 2.69, 2.69]
['2012-07-23', 2.69, 2.69, 2.69, 2.69]
['2012-07-24', 2.69, 2.69, 2.69, 2.69]
['2012-07-25', 2.69, 2.69, 2.69, 2.69]
['2012-07-26', 2.69, 2.69, 2.69, 2.69]
['2012-07-27', 2.69, 2.69, 2.69, 2.69]
['2012-07-30', 2.69, 2.69, 2.69, 2.69]
['2012-07-31', 2.69, 2.69, 2.69, 2.69]
['2012-08-01', 2.69, 2.69, 2.69, 2.69]
['2012-08-02', 2.69, 2.69, 2.69, 2.69]
['2012-08-03', 3.34, 4.48, 3.34, 4.48]
['2012-08-06', 4.48, 4.68, 4.48, 4.68]
['2012-08-07', 4.07, 4.07, 4.07, 4.07]
['2012-08-08', 4.07, 4.48, 4.07, 4.48]
['2012-08-09', 3.34, 4.27, 3.34, 4.27]
['2012-08-10', 4.27, 4.27, 4.27, 4.27]
['2012-08-13', 3.66, 3.66, 3.66, 3.66]
['2012-08-14', 3.66, 3.66, 3.66, 3.66]
['2012-08-15', 3.66, 3.66, 3.66, 3.66]
['2012-08-16', 4.07, 4.15, 4.07, 4.15]
['2012-08-17', 4.46, 4.46, 4.46, 4.46]
['2012-08-20', 4.46, 4.46, 4.46, 4.46]
['2012-08-21', 4.46, 4.46, 4.46, 4.46]
['2012-08-22', 4.46, 4.46, 4.46, 4.46]
['2012-08-23', 4.29, 4.46, 4.29, 4.46]
['2012-08-24', 3.72, 3.88, 3.63, 3.63]
['2012-08-27', 3.63, 3.63, 3.63, 3.63]
['2012-08-28', 3.63, 3.63, 3.63, 3.63]
['2012-08-29', 3.63, 3.63, 3.63, 3.63]
['2012-08-30', 3.63, 3.63, 3.63, 3.63]
['2012-08-31', 3.63, 3.63, 3.63, 3.63]
['2012-09-04', 3.63, 3.63, 3.63, 3.63]
['2012-09-05', 3.63, 3.63, 3.63, 3.63]
['2012-09-06', 3.72, 3.72, 3.72, 3.72]
['2012-09-07', 3.72, 3.72, 3.72, 3.72]
['2012-09-10', 3.72, 4.34, 3.72, 3.72]
['2012-09-11', 3.72, 4.34, 3.72, 4.29]
['2012-09-12', 3.92, 3.92, 3.92, 3.92]
['2012-09-13', 3.92, 3.92, 3.92, 3.92]
['2012-09-14', 3.92, 3.92, 3.92, 3.92]
['2012-09-17', 3.92, 3.92, 3.92, 3.92]
['2012-09-18', 3.92, 3.92, 3.92, 3.92]
['2012-09-19', 4.21, 4.21, 3.34, 3.34]
['2012-09-20', 3.34, 3.34, 3.34, 3.34]
['2012-09-21', 3.43, 4.21, 3.43, 4.21]
['2012-09-24', 3.51, 3.51, 3.51, 3.51]
['2012-09-25', 4.13, 4.13, 3.34, 4.05]
['2012-09-26', 3.43, 4.13, 3.34, 4.13]
['2012-09-27', 4.13, 4.13, 4.13, 4.13]
['2012-09-28', 3.43, 4.29, 3.43, 4.29]
['2012-10-01', 3.55, 3.55, 3.55, 3.55]
['2012-10-02', 3.55, 3.55, 3.55, 3.55]
['2012-10-03', 3.55, 3.55, 3.55, 3.55]
['2012-10-04', 4.29, 4.29, 4.29, 4.29]
['2012-10-05', 4.09, 4.09, 4.09, 4.09]
['2012-10-08', 4.34, 4.34, 4.34, 4.34]
['2012-10-09', 4.21, 4.25, 4.21, 4.21]
['2012-10-10', 4.17, 4.17, 4.17, 4.17]
['2012-10-11', 4.17, 4.17, 4.17, 4.17]
['2012-10-12', 4.17, 4.17, 4.17, 4.17]
['2012-10-15', 4.17, 4.17, 4.17, 4.17]
['2012-10-16', 4.17, 4.25, 4.17, 4.25]
['2012-10-17', 4.34, 4.38, 4.34, 4.34]
['2012-10-18', 4.38, 4.38, 3.72, 3.76]
['2012-10-19', 3.76, 3.84, 3.76, 3.84]
['2012-10-22', 3.88, 3.88, 3.84, 3.84]
['2012-10-23', 3.84, 3.84, 3.84, 3.84]
['2012-10-24', 4.05, 4.13, 4.05, 4.13]
['2012-10-25', 4.29, 4.29, 4.29, 4.29]
['2012-10-26', 4.21, 4.21, 4.21, 4.21]
['2012-10-31', 4.29, 4.34, 4.29, 4.34]
['2012-11-01', 4.34, 4.75, 4.34, 4.75]
['2012-11-02', 4.71, 4.75, 4.71, 4.75]
['2012-11-05', 4.54, 4.54, 4.54, 4.54]
['2012-11-06', 4.54, 4.54, 4.54, 4.54]
['2012-11-07', 4.54, 4.54, 4.54, 4.54]
['2012-11-08', 4.54, 4.54, 4.54, 4.54]
['2012-11-09', 4.13, 4.13, 4.13, 4.13]
['2012-11-12', 4.13, 4.13, 4.13, 4.13]
['2012-11-13', 4.13, 4.13, 4.13, 4.13]
['2012-11-14', 4.13, 4.13, 4.13, 4.13]
['2012-11-15', 4.13, 4.13, 4.13, 4.13]
['2012-11-16', 4.21, 4.21, 4.21, 4.21]
['2012-11-19', 4.21, 4.21, 4.21, 4.21]
['2012-11-20', 4.21, 4.21, 3.7, 3.7]
['2012-11-21', 3.7, 3.7, 3.7, 3.7]
['2012-11-23', 3.7, 3.7, 3.7, 3.7]
['2012-11-26', 3.83, 3.83, 3.83, 3.83]
['2012-11-27', 4.12, 4.71, 4.12, 4.63]
['2012-11-28', 4.63, 4.71, 4.63, 4.71]
['2012-11-29', 4.71, 4.71, 4.71, 4.71]
['2012-11-30', 4.67, 4.67, 4.67, 4.67]
['2012-12-03', 4.71, 4.96, 4.71, 4.96]
['2012-12-04', 4.84, 4.84, 4.84, 4.84]
['2012-12-05', 4.84, 4.84, 4.84, 4.84]
['2012-12-06', 4.84, 4.96, 4.75, 4.75]
['2012-12-07', 4.75, 4.75, 4.75, 4.75]
['2012-12-10', 4.79, 4.79, 4.79, 4.79]
['2012-12-11', 5.17, 5.26, 5.17, 5.26]
['2012-12-12', 5.17, 5.26, 4.79, 5.26]
['2012-12-13', 5.05, 5.26, 4.79, 5.05]
['2012-12-14', 5.05, 5.05, 5.05, 5.05]
['2012-12-17', 5.3, 5.3, 5.3, 5.3]
['2012-12-18', 5.3, 5.3, 5.3, 5.3]
['2012-12-19', 5.05, 5.47, 5.05, 5.47]
['2012-12-20', 5.47, 5.68, 4.88, 5.68]
['2012-12-21', 5.05, 5.68, 5.05, 5.68]
['2012-12-24', 5.63, 5.63, 5.63, 5.63]
['2012-12-26', 5.47, 5.47, 5.47, 5.47]
['2012-12-27', 5.55, 5.63, 5.55, 5.63]
['2012-12-28', 5.59, 6.1, 4.79, 6.1]
['2012-12-31', 6.31, 6.31, 5.89, 5.89]
['2013-01-02', 5.89, 5.89, 5.89, 5.89]
['2013-01-03', 5.68, 5.68, 5.51, 5.51]
['2013-01-04', 5.47, 5.47, 5.47, 5.47]
['2013-01-07', 5.47, 5.47, 5.47, 5.47]
['2013-01-08', 5.47, 5.47, 5.47, 5.47]
['2013-01-09', 5.26, 5.47, 5.26, 5.47]
['2013-01-10', 5.47, 5.47, 5.47, 5.47]
['2013-01-11', 5.47, 5.47, 5.47, 5.47]
['2013-01-14', 5.47, 5.47, 5.47, 5.47]
['2013-01-15', 5.47, 5.47, 5.47, 5.47]
['2013-01-16', 5.68, 5.68, 5.68, 5.68]
['2013-01-17', 5.89, 5.89, 5.89, 5.89]
['2013-01-18', 5.89, 6.1, 5.89, 6.1]
['2013-01-22', 5.89, 6.1, 5.89, 6.1]
['2013-01-23', 5.89, 5.89, 5.68, 5.68]
['2013-01-24', 5.89, 5.89, 5.72, 5.72]
['2013-01-25', 5.76, 5.76, 5.76, 5.76]
['2013-01-28', 5.76, 5.76, 5.76, 5.76]
['2013-01-29', 5.76, 5.76, 5.76, 5.76]
['2013-01-30', 5.76, 5.76, 5.76, 5.76]
['2013-01-31', 5.72, 5.72, 5.68, 5.68]
['2013-02-01', 5.72, 6.1, 4.84, 5.72]
['2013-02-04', 5.68, 5.68, 5.68, 5.68]
['2013-02-05', 5.72, 5.72, 5.72, 5.72]
['2013-02-06', 5.72, 5.72, 5.72, 5.72]
['2013-02-07', 5.72, 5.72, 5.72, 5.72]
['2013-02-08', 5.72, 5.72, 5.72, 5.72]
['2013-02-11', 5.68, 5.68, 5.63, 5.63]
['2013-02-12', 5.63, 5.89, 5.63, 5.63]
['2013-02-13', 5.85, 5.85, 5.85, 5.85]
['2013-02-14', 5.8, 5.8, 5.8, 5.8]
['2013-02-15', 5.76, 6.06, 4.92, 6.06]
['2013-02-19', 5.89, 5.89, 5.89, 5.89]
['2013-02-20', 6.06, 6.56, 4.63, 6.35]
['2013-02-21', 6.31, 6.31, 4.92, 5.05]
['2013-02-22', 5.38, 5.68, 5.05, 5.63]
['2013-02-25', 5.26, 5.26, 4.92, 4.96]
['2013-02-26', 5.12, 5.12, 5.0, 5.04]
['2013-02-27', 5.04, 5.04, 5.04, 5.04]
['2013-02-28', 5.04, 5.04, 5.04, 5.04]
['2013-03-01', 5.04, 5.04, 5.04, 5.04]
['2013-03-04', 4.91, 5.34, 4.91, 5.34]
['2013-03-05', 5.3, 5.3, 5.3, 5.3]
['2013-03-06', 5.3, 5.3, 5.3, 5.3]
['2013-03-07', 5.3, 5.3, 5.3, 5.3]
['2013-03-08', 5.3, 5.3, 5.3, 5.3]
['2013-03-11', 5.25, 5.25, 5.25, 5.25]
['2013-03-12', 5.12, 5.12, 5.12, 5.12]
['2013-03-13', 4.91, 4.91, 4.78, 4.78]
['2013-03-14', 5.12, 5.12, 4.78, 4.78]
['2013-03-15', 4.78, 4.78, 4.78, 4.78]
['2013-03-18', 5.0, 5.12, 4.91, 4.95]
['2013-03-19', 4.83, 4.83, 4.78, 4.78]
['2013-03-20', 4.83, 4.83, 4.78, 4.78]
['2013-03-21', 4.78, 4.78, 4.78, 4.78]
['2013-03-22', 4.78, 4.78, 4.78, 4.78]
['2013-03-25', 4.61, 4.78, 4.61, 4.78]
['2013-03-26', 4.7, 4.91, 4.7, 4.91]
['2013-03-27', 4.91, 4.91, 4.91, 4.91]
['2013-03-28', 4.7, 4.7, 4.7, 4.7]
['2013-04-01', 4.65, 5.34, 4.61, 5.34]
['2013-04-02', 4.78, 4.78, 4.7, 4.74]
['2013-04-03', 4.91, 4.91, 4.18, 4.18]
['2013-04-04', 4.23, 4.23, 4.23, 4.23]
['2013-04-05', 4.23, 4.23, 4.23, 4.23]
['2013-04-08', 4.7, 4.74, 4.7, 4.74]
['2013-04-09', 4.91, 5.25, 4.7, 4.7]
['2013-04-10', 5.12, 5.12, 5.12, 5.12]
['2013-04-11', 5.04, 5.04, 5.04, 5.04]
['2013-04-12', 5.04, 5.04, 5.04, 5.04]
['2013-04-15', 5.12, 5.12, 5.12, 5.12]
['2013-04-16', 4.48, 4.48, 4.48, 4.48]
['2013-04-17', 4.48, 4.48, 4.48, 4.48]
['2013-04-18', 4.48, 4.48, 4.48, 4.48]
['2013-04-19', 4.27, 4.27, 4.27, 4.27]
['2013-04-22', 4.27, 4.27, 4.27, 4.27]
['2013-04-23', 4.48, 4.48, 4.48, 4.48]
['2013-04-24', 4.48, 4.48, 4.48, 4.48]
['2013-04-25', 4.44, 5.3, 4.44, 5.3]
['2013-04-26', 5.3, 5.3, 5.3, 5.3]
['2013-04-29', 4.74, 4.74, 4.48, 4.48]
['2013-04-30', 4.48, 4.7, 4.48, 4.7]
['2013-05-01', 4.7, 4.7, 4.48, 4.7]
['2013-05-02', 4.65, 4.65, 4.48, 4.48]
['2013-05-03', 4.48, 4.48, 4.48, 4.48]
['2013-05-06', 4.48, 4.7, 4.48, 4.7]
['2013-05-07', 4.44, 4.48, 4.27, 4.31]
['2013-05-08', 4.31, 4.31, 4.31, 4.31]
['2013-05-09', 4.27, 4.27, 4.27, 4.27]
['2013-05-10', 4.01, 4.31, 4.01, 4.23]
['2013-05-13', 4.4, 4.61, 4.4, 4.61]
['2013-05-14', 4.4, 4.4, 4.27, 4.27]
['2013-05-15', 4.27, 4.31, 4.23, 4.27]
['2013-05-16', 4.35, 4.35, 4.35, 4.35]
['2013-05-17', 4.52, 4.52, 4.48, 4.48]
['2013-05-20', 4.48, 4.74, 4.48, 4.74]
['2013-05-21', 4.04, 4.35, 4.04, 4.35]
['2013-05-22', 4.35, 4.35, 4.04, 4.04]
['2013-05-23', 4.17, 4.17, 4.09, 4.09]
['2013-05-24', 4.04, 4.35, 4.04, 4.35]
['2013-05-28', 4.35, 4.57, 4.35, 4.57]
['2013-05-29', 4.48, 4.48, 4.48, 4.48]
['2013-05-30', 4.48, 4.48, 4.48, 4.48]
['2013-05-31', 4.13, 4.13, 4.13, 4.13]
['2013-06-03', 4.44, 4.74, 4.39, 4.74]
['2013-06-04', 4.35, 4.35, 4.35, 4.35]
['2013-06-05', 4.31, 4.31, 4.31, 4.31]
['2013-06-06', 4.52, 4.52, 4.52, 4.52]
['2013-06-07', 4.52, 4.57, 4.52, 4.57]
['2013-06-10', 4.57, 4.57, 4.57, 4.57]
['2013-06-11', 4.57, 4.57, 4.57, 4.57]
['2013-06-12', 4.57, 4.57, 4.57, 4.57]
['2013-06-13', 4.57, 4.57, 4.57, 4.57]
['2013-06-14', 4.48, 4.48, 4.48, 4.48]
['2013-06-17', 4.48, 4.48, 4.48, 4.48]
['2013-06-18', 4.48, 4.48, 4.48, 4.48]
['2013-06-19', 4.48, 4.48, 4.48, 4.48]
['2013-06-20', 4.48, 4.48, 4.48, 4.48]
['2013-06-21', 4.48, 4.48, 4.22, 4.22]
['2013-06-24', 4.04, 4.57, 4.04, 4.57]
['2013-06-25', 4.09, 4.31, 4.09, 4.31]
['2013-06-26', 4.22, 4.31, 4.22, 4.31]
['2013-06-27', 4.31, 4.31, 4.31, 4.31]
['2013-06-28', 4.31, 4.31, 4.31, 4.31]
['2013-07-01', 4.31, 4.31, 4.31, 4.31]
['2013-07-02', 4.09, 4.09, 4.09, 4.09]
['2013-07-03', 4.04, 4.04, 4.04, 4.04]
['2013-07-05', 4.04, 4.04, 4.04, 4.04]
['2013-07-08', 4.22, 4.22, 4.22, 4.22]
['2013-07-09', 4.22, 4.22, 4.22, 4.22]
['2013-07-10', 4.17, 4.17, 4.17, 4.17]
['2013-07-11', 4.13, 4.13, 4.09, 4.13]
['2013-07-12', 4.48, 4.57, 4.04, 4.13]
['2013-07-15', 4.13, 4.13, 4.13, 4.13]
['2013-07-16', 4.13, 4.13, 4.13, 4.13]
['2013-07-17', 4.13, 4.13, 4.13, 4.13]
['2013-07-18', 4.13, 4.13, 4.13, 4.13]
['2013-07-19', 4.13, 4.13, 4.13, 4.13]
['2013-07-22', 4.35, 4.35, 4.04, 4.04]
['2013-07-23', 4.04, 4.04, 4.04, 4.04]
['2013-07-24', 4.04, 4.04, 4.04, 4.04]
['2013-07-25', 4.09, 4.09, 4.04, 4.04]
['2013-07-26', 4.13, 4.48, 4.04, 4.48]
['2013-07-29', 4.48, 5.61, 4.35, 5.61]
['2013-07-30', 5.61, 5.61, 5.61, 5.61]
['2013-07-31', 5.22, 5.44, 5.22, 5.44]
['2013-08-01', 5.22, 5.31, 5.22, 5.22]
['2013-08-02', 5.22, 5.22, 4.78, 5.0]
['2013-08-05', 5.0, 5.0, 5.0, 5.0]
['2013-08-06', 5.17, 5.22, 5.17, 5.22]
['2013-08-07', 5.22, 5.22, 4.78, 4.78]
['2013-08-08', 4.78, 4.78, 4.57, 4.57]
['2013-08-09', 4.65, 4.7, 4.61, 4.61]
['2013-08-12', 4.61, 4.78, 4.61, 4.61]
['2013-08-13', 4.7, 5.17, 4.48, 4.48]
['2013-08-14', 4.96, 4.96, 4.78, 4.78]
['2013-08-15', 5.17, 5.17, 4.35, 4.35]
['2013-08-16', 4.32, 4.32, 4.09, 4.14]
['2013-08-19', 4.18, 4.32, 4.18, 4.27]
['2013-08-20', 4.32, 4.45, 4.18, 4.23]
['2013-08-21', 4.32, 4.45, 4.32, 4.45]
['2013-08-22', 4.41, 4.41, 4.23, 4.41]
['2013-08-23', 4.41, 4.41, 4.36, 4.36]
['2013-08-26', 4.41, 4.41, 4.41, 4.41]
['2013-08-27', 4.5, 4.76, 4.45, 4.45]
['2013-08-28', 4.63, 4.63, 4.54, 4.54]
['2013-08-29', 4.54, 4.72, 4.45, 4.72]
['2013-08-30', 4.72, 4.72, 4.63, 4.72]
['2013-09-03', 4.99, 4.99, 3.92, 4.23]
['2013-09-04', 4.67, 4.67, 4.63, 4.63]
['2013-09-05', 4.63, 5.07, 4.36, 4.36]
['2013-09-06', 4.9, 4.9, 4.09, 4.09]
['2013-09-09', 4.41, 4.67, 4.41, 4.67]
['2013-09-10', 4.67, 4.81, 4.67, 4.81]
['2013-09-11', 4.72, 4.72, 4.72, 4.72]
['2013-09-12', 4.9, 4.9, 4.81, 4.81]
['2013-09-13', 4.76, 4.76, 4.76, 4.76]
['2013-09-16', 4.81, 4.81, 4.72, 4.72]
['2013-09-17', 4.72, 4.72, 4.63, 4.67]
['2013-09-18', 4.72, 4.81, 4.41, 4.58]
['2013-09-19', 4.58, 5.3, 4.54, 5.3]
['2013-09-20', 5.3, 5.34, 5.12, 5.12]
['2013-09-23', 5.03, 5.03, 5.03, 5.03]
['2013-09-24', 5.03, 5.34, 4.27, 4.9]
['2013-09-25', 4.94, 4.94, 4.94, 4.94]
['2013-09-26', 4.63, 5.16, 4.63, 4.99]
['2013-09-27', 5.12, 5.34, 5.12, 5.12]
['2013-09-30', 5.25, 5.25, 4.9, 5.12]
['2013-10-01', 4.9, 4.9, 4.67, 4.67]
['2013-10-02', 4.67, 4.67, 4.63, 4.67]
['2013-10-03', 4.67, 4.67, 4.67, 4.67]
['2013-10-04', 4.85, 4.85, 4.85, 4.85]
['2013-10-07', 4.85, 4.85, 4.85, 4.85]
['2013-10-08', 4.85, 4.85, 4.85, 4.85]
['2013-10-09', 4.81, 4.81, 4.81, 4.81]
['2013-10-10', 4.85, 4.85, 4.81, 4.81]
['2013-10-11', 4.81, 4.81, 4.45, 4.72]
['2013-10-14', 4.45, 4.67, 4.45, 4.67]
['2013-10-15', 4.63, 4.72, 4.5, 4.72]
['2013-10-16', 4.67, 4.72, 4.67, 4.72]
['2013-10-17', 4.72, 4.72, 4.72, 4.72]
['2013-10-18', 4.72, 4.72, 4.72, 4.72]
['2013-10-21', 4.81, 4.81, 4.72, 4.72]
['2013-10-22', 4.72, 4.81, 4.67, 4.72]
['2013-10-23', 4.67, 4.81, 4.54, 4.81]
['2013-10-24', 4.9, 4.9, 4.5, 4.5]
['2013-10-25', 4.54, 4.85, 4.5, 4.85]
['2013-10-28', 4.76, 4.85, 4.67, 4.72]
['2013-10-29', 4.67, 4.72, 4.67, 4.72]
['2013-10-30', 4.81, 4.81, 4.81, 4.81]
['2013-10-31', 4.81, 4.81, 4.81, 4.81]
['2013-11-01', 4.81, 4.81, 4.58, 4.72]
['2013-11-04', 4.72, 4.85, 4.5, 4.85]
['2013-11-05', 4.81, 4.9, 4.72, 4.72]
['2013-11-06', 4.94, 4.94, 4.72, 4.72]
['2013-11-07', 4.67, 4.72, 4.67, 4.72]
['2013-11-08', 4.67, 5.34, 4.63, 4.63]
['2013-11-11', 4.76, 4.99, 4.72, 4.99]
['2013-11-12', 5.07, 5.3, 4.94, 5.3]
['2013-11-13', 5.3, 5.3, 5.07, 5.21]
['2013-11-14', 5.07, 5.07, 5.03, 5.07]
['2013-11-15', 5.25, 5.3, 5.12, 5.12]
['2013-11-18', 4.68, 5.36, 4.36, 5.36]
['2013-11-19', 4.91, 5.27, 4.91, 5.0]
['2013-11-20', 5.0, 5.0, 4.91, 4.91]
['2013-11-21', 5.18, 5.5, 5.18, 5.45]
['2013-11-22', 5.41, 5.41, 4.77, 5.18]
['2013-11-25', 5.18, 5.5, 5.18, 5.41]
['2013-11-26', 5.73, 5.73, 5.32, 5.32]
['2013-11-27', 5.45, 5.59, 5.23, 5.59]
['2013-11-29', 5.95, 5.95, 5.36, 5.68]
['2013-12-02', 5.86, 5.86, 5.73, 5.86]
['2013-12-03', 5.86, 6.41, 5.86, 6.36]
['2013-12-04', 6.14, 6.36, 6.09, 6.36]
['2013-12-05', 6.5, 6.5, 6.36, 6.36]
['2013-12-06', 6.5, 7.05, 6.23, 6.23]
['2013-12-09', 6.5, 7.05, 5.91, 7.05]
['2013-12-10', 6.82, 6.82, 6.36, 6.36]
['2013-12-11', 6.82, 6.82, 6.18, 6.82]
['2013-12-12', 6.82, 6.86, 6.82, 6.82]
['2013-12-13', 6.41, 6.82, 6.41, 6.82]
['2013-12-16', 6.82, 7.05, 6.73, 6.77]
['2013-12-17', 6.77, 6.77, 6.14, 6.36]
['2013-12-18', 6.36, 6.41, 6.36, 6.41]
['2013-12-19', 6.36, 7.05, 6.18, 6.18]
['2013-12-20', 6.18, 7.96, 6.18, 7.0]
['2013-12-23', 7.0, 7.05, 6.59, 6.59]
['2013-12-24', 6.82, 8.41, 6.59, 6.64]
['2013-12-26', 6.86, 6.86, 6.5, 6.5]
['2013-12-27', 6.5, 6.5, 6.5, 6.5]
['2013-12-30', 6.5, 6.5, 6.5, 6.5]
['2013-12-31', 6.5, 6.5, 6.5, 6.5]
['2014-01-02', 7.27, 7.27, 5.45, 6.37]
['2014-01-03', 6.38, 8.18, 6.38, 7.72]
['2014-01-06', 7.72, 7.73, 7.72, 7.73]
['2014-01-07', 6.45, 6.59, 6.45, 6.59]
['2014-01-08', 6.59, 6.59, 6.59, 6.59]
['2014-01-09', 7.5, 7.5, 7.5, 7.5]
['2014-01-10', 7.5, 7.5, 7.5, 7.5]
['2014-01-13', 6.6, 6.82, 6.6, 6.82]
['2014-01-14', 6.86, 7.05, 6.55, 7.05]
['2014-01-15', 6.86, 6.86, 6.86, 6.86]
['2014-01-16', 6.86, 6.86, 5.47, 6.59]
['2014-01-17', 6.59, 6.82, 6.59, 6.82]
['2014-01-21', 6.73, 6.96, 6.73, 6.96]
['2014-01-22', 6.96, 6.96, 6.96, 6.96]
['2014-01-23', 7.59, 7.59, 7.5, 7.5]
['2014-01-24', 7.59, 7.59, 7.46, 7.46]
['2014-01-27', 7.55, 7.64, 7.55, 7.55]
['2014-01-28', 7.55, 8.14, 7.55, 8.09]
['2014-01-29', 8.14, 8.18, 8.05, 8.05]
['2014-01-30', 8.18, 9.09, 7.27, 9.08]
['2014-01-31', 5.68, 5.77, 5.59, 5.68]
['2014-02-03', 5.77, 5.91, 5.5, 5.68]
['2014-02-04', 5.68, 5.75, 5.5, 5.65]
['2014-02-05', 5.6, 5.68, 5.45, 5.68]
['2014-02-06', 5.6, 5.73, 5.59, 5.68]
['2014-02-07', 5.51, 5.82, 5.51, 5.71]
['2014-02-10', 5.68, 5.68, 5.55, 5.68]
['2014-02-11', 5.73, 5.73, 5.62, 5.68]
['2014-02-12', 5.59, 5.88, 5.59, 5.72]
['2014-02-13', 6.08, 6.08, 5.54, 5.81]
['2014-02-14', 5.69, 6.34, 5.69, 5.87]
['2014-02-18', 5.87, 6.13, 5.87, 6.04]
['2014-02-19', 6.09, 6.09, 5.84, 5.95]
['2014-02-20', 5.95, 6.06, 5.83, 5.93]
['2014-02-21', 6.16, 6.16, 5.71, 5.87]
['2014-02-24', 5.94, 5.94, 5.74, 5.74]
['2014-02-25', 5.7, 6.07, 5.7, 5.72]
['2014-02-26', 5.71, 5.84, 5.66, 5.77]
['2014-02-27', 5.7, 5.89, 5.7, 5.82]
['2014-02-28', 5.67, 5.81, 5.67, 5.81]
['2014-03-03', 5.83, 5.87, 5.7, 5.87]
['2014-03-04', 5.83, 5.88, 5.7, 5.81]
['2014-03-05', 5.7, 5.72, 5.32, 5.65]
['2014-03-06', 5.51, 5.74, 5.51, 5.7]
['2014-03-07', 5.73, 5.74, 5.56, 5.65]
['2014-03-10', 5.55, 5.72, 5.45, 5.63]
['2014-03-11', 5.6, 5.73, 5.58, 5.68]
['2014-03-12', 5.7, 5.88, 5.62, 5.88]
['2014-03-13', 6.01, 6.22, 5.71, 5.72]
['2014-03-14', 5.91, 5.91, 5.66, 5.71]
['2014-03-17', 5.68, 5.88, 5.46, 5.7]
['2014-03-18', 5.66, 5.79, 5.58, 5.72]
['2014-03-19', 5.69, 5.79, 5.57, 5.79]
['2014-03-20', 5.79, 5.79, 5.65, 5.79]
['2014-03-21', 5.74, 5.79, 5.63, 5.63]
['2014-03-24', 5.77, 5.83, 5.73, 5.83]
['2014-03-25', 5.76, 5.83, 5.59, 5.79]
['2014-03-26', 5.78, 5.78, 5.6, 5.65]
['2014-03-27', 5.7, 5.7, 5.56, 5.7]
['2014-03-28', 5.7, 5.7, 5.57, 5.58]
['2014-03-31', 5.7, 5.83, 5.57, 5.83]
['2014-04-01', 5.83, 5.83, 5.65, 5.8]
['2014-04-02', 5.75, 5.79, 5.7, 5.79]
['2014-04-03', 5.83, 6.11, 5.61, 6.02]
['2014-04-04', 6.02, 6.09, 5.61, 5.71]
['2014-04-07', 5.77, 5.88, 5.74, 5.88]
['2014-04-08', 5.89, 5.89, 5.65, 5.84]
['2014-04-09', 5.83, 5.89, 5.69, 5.88]
['2014-04-10', 5.89, 5.99, 5.79, 5.84]
['2014-04-11', 5.84, 5.95, 5.83, 5.83]
['2014-04-14', 5.7, 5.99, 5.7, 5.83]
['2014-04-15', 5.83, 5.84, 5.74, 5.76]
['2014-04-16', 5.83, 5.83, 5.74, 5.82]
['2014-04-17', 5.83, 5.83, 5.79, 5.83]
['2014-04-21', 5.78, 5.83, 5.75, 5.75]
['2014-04-22', 5.67, 5.99, 5.67, 5.85]
['2014-04-23', 6.02, 6.02, 5.7, 5.83]
['2014-04-24', 6.02, 6.02, 5.7, 5.7]
['2014-04-25', 5.79, 5.8, 5.7, 5.8]
['2014-04-28', 5.79, 5.8, 5.69, 5.7]
['2014-04-29', 5.75, 5.76, 5.69, 5.76]
['2014-04-30', 5.77, 5.77, 5.7, 5.7]
['2014-05-01', 5.77, 5.77, 5.76, 5.76]
['2014-05-02', 5.77, 5.77, 5.7, 5.71]
['2014-05-05', 5.77, 5.77, 5.77, 5.77]
['2014-05-06', 5.77, 5.77, 5.72, 5.74]
['2014-05-07', 5.73, 5.73, 5.61, 5.69]
['2014-05-08', 5.67, 5.73, 5.65, 5.73]
['2014-05-09', 5.73, 5.79, 5.66, 5.76]
['2014-05-12', 5.73, 5.95, 5.65, 5.83]
['2014-05-13', 5.82, 5.92, 5.65, 5.92]
['2014-05-14', 5.96, 5.96, 5.68, 5.78]
['2014-05-15', 5.7, 5.79, 5.7, 5.75]
['2014-05-16', 5.63, 5.8, 5.63, 5.74]
['2014-05-19', 5.75, 5.9, 5.74, 5.9]
['2014-05-20', 5.9, 5.9, 5.89, 5.89]
['2014-05-21', 5.89, 5.92, 5.72, 5.73]
['2014-05-22', 5.95, 5.98, 5.86, 5.86]
['2014-05-23', 5.7, 5.92, 5.7, 5.88]
['2014-05-27', 5.92, 5.92, 5.45, 5.8]
['2014-05-28', 5.84, 5.86, 5.81, 5.81]
['2014-05-29', 5.76, 5.85, 5.52, 5.76]
['2014-05-30', 5.72, 5.72, 5.58, 5.7]
['2014-06-02', 5.92, 5.92, 5.6, 5.76]
['2014-06-03', 5.81, 5.82, 5.7, 5.82]
['2014-06-04', 5.76, 5.81, 5.76, 5.76]
['2014-06-05', 5.73, 5.73, 5.69, 5.71]
['2014-06-06', 5.73, 5.73, 5.71, 5.71]
['2014-06-09', 5.72, 5.73, 5.57, 5.7]
['2014-06-10', 5.67, 5.67, 5.57, 5.67]
['2014-06-11', 5.67, 5.67, 5.62, 5.65]
['2014-06-12', 5.63, 5.63, 5.54, 5.55]
['2014-06-13', 5.53, 5.61, 5.53, 5.61]
['2014-06-16', 5.57, 5.64, 5.57, 5.59]
['2014-06-17', 5.6, 5.64, 5.6, 5.62]
['2014-06-18', 5.65, 5.67, 5.58, 5.65]
['2014-06-19', 5.63, 5.69, 5.57, 5.69]
['2014-06-20', 5.57, 5.9, 5.57, 5.65]
['2014-06-23', 5.95, 5.95, 5.67, 5.86]
['2014-06-24', 5.86, 5.92, 5.85, 5.85]
['2014-06-25', 5.98, 5.98, 5.86, 5.86]
['2014-06-26', 6.04, 6.04, 5.85, 5.86]
['2014-06-27', 5.89, 5.89, 5.69, 5.76]
['2014-06-30', 5.67, 5.88, 5.67, 5.76]
['2014-07-01', 5.67, 5.83, 5.67, 5.82]
['2014-07-02', 5.81, 5.83, 5.68, 5.8]
['2014-07-03', 5.76, 5.76, 5.76, 5.76]
['2014-07-07', 5.76, 5.8, 5.76, 5.76]
['2014-07-08', 5.76, 5.78, 5.58, 5.66]
['2014-07-09', 5.58, 5.7, 5.57, 5.67]
['2014-07-10', 5.57, 5.67, 5.57, 5.62]
['2014-07-11', 5.62, 5.63, 5.58, 5.62]
['2014-07-14', 5.68, 5.85, 5.65, 5.85]
['2014-07-15', 5.85, 5.88, 5.66, 5.86]
['2014-07-16', 5.9, 5.9, 5.69, 5.83]
['2014-07-17', 5.81, 5.86, 5.69, 5.74]
['2014-07-18', 5.75, 5.75, 5.7, 5.75]
['2014-07-21', 5.81, 5.86, 5.67, 5.71]
['2014-07-22', 5.75, 5.84, 5.68, 5.72]
['2014-07-23', 5.73, 5.89, 5.69, 5.69]
['2014-07-24', 5.81, 5.9, 5.79, 5.82]
['2014-07-25', 5.89, 5.89, 5.86, 5.86]
['2014-07-28', 5.89, 5.89, 5.84, 5.85]
['2014-07-29', 5.87, 5.92, 5.87, 5.9]
['2014-07-30', 5.92, 5.94, 5.86, 5.9]
['2014-07-31', 5.94, 6.0, 5.93, 5.95]
['2014-08-01', 6.03, 6.05, 5.86, 5.96]
['2014-08-04', 6.11, 6.12, 5.85, 5.91]
['2014-08-05', 6.03, 6.03, 5.88, 5.9]
['2014-08-06', 5.84, 5.94, 5.84, 5.94]
['2014-08-07', 6.01, 6.01, 5.84, 5.9]
['2014-08-08', 5.9, 5.9, 5.84, 5.9]
['2014-08-11', 5.99, 6.61, 5.86, 5.9]
['2014-08-12', 6.08, 6.08, 5.86, 5.9]
['2014-08-13', 6.01, 6.01, 5.88, 5.94]
['2014-08-14', 6.05, 6.05, 5.96, 6.01]
['2014-08-15', 6.16, 6.26, 6.11, 6.16]
['2014-08-18', 6.3, 6.77, 6.29, 6.53]
['2014-08-19', 6.61, 6.71, 6.3, 6.38]
['2014-08-20', 6.43, 6.43, 6.33, 6.33]
['2014-08-21', 6.28, 6.62, 6.18, 6.42]
['2014-08-22', 6.41, 6.41, 6.19, 6.27]
['2014-08-25', 6.37, 6.39, 6.3, 6.3]
['2014-08-26', 6.28, 6.62, 6.22, 6.33]
['2014-08-27', 6.35, 6.48, 6.28, 6.28]
['2014-08-28', 6.29, 6.33, 6.28, 6.29]
['2014-08-29', 6.29, 6.32, 6.28, 6.32]
['2014-09-02', 6.56, 6.56, 6.32, 6.33]
['2014-09-03', 6.33, 6.49, 6.28, 6.28]
['2014-09-04', 6.28, 6.28, 6.21, 6.21]
['2014-09-05', 6.32, 6.33, 6.28, 6.31]
['2014-09-08', 6.28, 6.28, 6.21, 6.28]
['2014-09-09', 6.28, 6.28, 6.27, 6.27]
['2014-09-10', 6.24, 6.55, 6.19, 6.28]
['2014-09-11', 6.25, 6.53, 6.25, 6.37]
['2014-09-12', 6.33, 6.38, 6.25, 6.29]
['2014-09-15', 6.53, 6.53, 6.28, 6.31]
['2014-09-16', 6.31, 6.54, 6.14, 6.14]
['2014-09-17', 6.18, 6.5, 6.18, 6.22]
['2014-09-18', 6.29, 6.36, 6.23, 6.28]
['2014-09-19', 6.3, 6.3, 6.15, 6.15]
['2014-09-22', 6.18, 6.28, 5.97, 5.97]
['2014-09-23', 5.98, 6.08, 5.89, 5.93]
['2014-09-24', 5.89, 6.08, 5.89, 5.99]
['2014-09-25', 5.99, 6.1, 5.89, 6.08]
['2014-09-26', 6.09, 6.17, 6.09, 6.17]
['2014-09-29', 6.09, 6.18, 6.09, 6.09]
['2014-09-30', 6.21, 6.28, 6.21, 6.28]
['2014-10-01', 6.19, 6.28, 6.08, 6.16]
['2014-10-02', 6.18, 6.26, 6.11, 6.26]
['2014-10-03', 6.52, 6.52, 6.32, 6.32]
['2014-10-06', 6.44, 6.49, 6.15, 6.29]
['2014-10-07', 6.27, 6.45, 6.22, 6.29]
['2014-10-08', 6.26, 6.36, 6.08, 6.36]
['2014-10-09', 6.22, 6.46, 6.22, 6.37]
['2014-10-10', 6.24, 6.3, 6.06, 6.06]
['2014-10-13', 6.06, 6.09, 5.23, 5.39]
['2014-10-14', 5.78, 6.0, 5.46, 5.7]
['2014-10-15', 5.74, 6.06, 5.07, 5.78]
['2014-10-16', 5.84, 6.18, 5.84, 6.18]
['2014-10-17', 6.18, 6.33, 6.13, 6.18]
['2014-10-20', 6.18, 6.43, 6.02, 6.43]
['2014-10-21', 6.48, 6.52, 6.03, 6.38]
['2014-10-22', 6.39, 6.51, 5.98, 6.26]
['2014-10-23', 6.28, 6.28, 6.05, 6.19]
['2014-10-24', 6.16, 6.27, 6.01, 6.05]
['2014-10-27', 6.2, 6.27, 6.03, 6.03]
['2014-10-28', 5.99, 6.27, 5.99, 6.06]
['2014-10-29', 6.16, 6.23, 6.16, 6.21]
['2014-10-30', 6.35, 6.39, 6.26, 6.26]
['2014-10-31', 6.25, 6.25, 6.05, 6.17]
['2014-11-03', 6.24, 6.24, 6.11, 6.24]
['2014-11-04', 6.24, 6.24, 5.9, 6.01]
['2014-11-05', 6.15, 6.51, 6.15, 6.17]
['2014-11-06', 6.38, 6.38, 6.1, 6.28]
['2014-11-07', 6.2, 6.28, 6.2, 6.22]
['2014-11-10', 6.36, 6.42, 6.28, 6.28]
['2014-11-11', 6.33, 6.33, 6.09, 6.23]
['2014-11-12', 6.2, 6.21, 6.18, 6.18]
['2014-11-13', 5.98, 6.13, 5.94, 5.97]
['2014-11-14', 6.07, 6.21, 6.0, 6.12]
['2014-11-17', 6.18, 6.28, 6.16, 6.24]
['2014-11-18', 6.45, 6.46, 6.36, 6.4]
['2014-11-19', 6.43, 6.43, 6.15, 6.27]
['2014-11-20', 6.27, 6.3, 6.27, 6.3]
['2014-11-21', 6.13, 6.4, 6.1, 6.31]
['2014-11-24', 6.49, 6.58, 6.34, 6.45]
['2014-11-25', 6.54, 6.58, 6.27, 6.58]
['2014-11-26', 6.5, 6.64, 6.49, 6.64]
['2014-11-28', 6.64, 6.64, 6.51, 6.51]
['2014-12-01', 6.53, 6.65, 6.53, 6.64]
['2014-12-02', 6.5, 6.64, 6.26, 6.31]
['2014-12-03', 6.59, 6.59, 6.22, 6.28]
['2014-12-04', 6.2, 6.65, 6.2, 6.33]
['2014-12-05', 6.25, 6.33, 6.21, 6.32]
['2014-12-08', 6.2, 6.58, 6.2, 6.36]
['2014-12-09', 6.37, 6.58, 6.27, 6.51]
['2014-12-10', 6.56, 6.56, 6.43, 6.43]
['2014-12-11', 6.41, 6.5, 6.41, 6.46]
['2014-12-12', 6.49, 6.59, 6.21, 6.49]
['2014-12-15', 6.43, 6.56, 6.31, 6.45]
['2014-12-16', 6.21, 6.37, 6.21, 6.37]
['2014-12-17', 6.44, 6.44, 6.19, 6.33]
['2014-12-18', 6.31, 6.31, 6.07, 6.29]
['2014-12-19', 6.15, 6.15, 6.01, 6.01]
['2014-12-22', 6.0, 6.01, 5.87, 5.98]
['2014-12-23', 6.06, 6.13, 6.05, 6.13]
['2014-12-24', 6.05, 6.15, 6.05, 6.13]
['2014-12-26', 6.19, 6.21, 5.96, 6.05]
['2014-12-29', 6.11, 6.14, 6.03, 6.04]
['2014-12-30', 6.06, 6.14, 6.04, 6.04]
['2014-12-31', 6.15, 6.15, 6.05, 6.08]
['2015-01-02', 6.12, 6.14, 6.0, 6.07]
['2015-01-05', 5.95, 6.15, 5.8, 6.0]
['2015-01-06', 5.91, 5.91, 5.77, 5.77]
['2015-01-07', 5.96, 5.96, 5.73, 5.81]
['2015-01-08', 5.97, 6.0, 5.75, 5.75]
['2015-01-09', 5.93, 5.95, 5.77, 5.8]
['2015-01-12', 5.9, 5.9, 5.74, 5.83]
['2015-01-13', 5.94, 5.94, 5.2, 5.66]
['2015-01-14', 5.59, 5.64, 5.38, 5.41]
['2015-01-15', 5.35, 5.5, 5.1, 5.41]
['2015-01-16', 5.47, 5.48, 5.21, 5.23]
['2015-01-20', 5.11, 5.19, 5.05, 5.16]
['2015-01-21', 5.1, 5.24, 5.1, 5.24]
['2015-01-22', 5.36, 5.44, 5.27, 5.38]
['2015-01-23', 5.42, 5.42, 5.34, 5.34]
['2015-01-26', 5.36, 5.53, 5.34, 5.52]
['2015-01-27', 5.46, 5.53, 5.42, 5.53]
['2015-01-28', 5.53, 5.53, 5.45, 5.45]
['2015-01-29', 5.45, 5.45, 5.45, 5.45]
['2015-01-30', 5.48, 5.54, 5.46, 5.5]
['2015-02-02', 5.54, 5.79, 5.54, 5.75]
['2015-02-03', 5.7, 5.75, 5.69, 5.75]
['2015-02-04', 5.75, 5.95, 5.74, 5.79]
['2015-02-05', 5.75, 5.81, 5.75, 5.81]
['2015-02-06', 5.61, 5.76, 5.6, 5.68]
['2015-02-09', 5.6, 5.81, 5.6, 5.81]
['2015-02-10', 5.8, 5.81, 5.75, 5.79]
['2015-02-11', 6.2, 6.2, 5.85, 5.86]
['2015-02-12', 5.94, 5.99, 5.88, 5.88]
['2015-02-13', 5.85, 6.0, 5.85, 6.0]
['2015-02-17', 5.9, 5.91, 5.71, 5.89]
['2015-02-18', 5.86, 5.86, 5.86, 5.86]
['2015-02-19', 5.55, 5.76, 4.71, 4.91]
['2015-02-20', 5.26, 5.83, 5.0, 5.06]
['2015-02-23', 5.24, 5.37, 5.24, 5.24]
['2015-02-24', 5.28, 5.28, 5.17, 5.23]
['2015-02-25', 5.22, 5.22, 4.85, 5.19]
['2015-02-26', 5.03, 5.18, 5.0, 5.18]
['2015-02-27', 5.01, 5.14, 4.97, 5.06]
['2015-03-02', 4.96, 5.07, 4.8, 4.81]
['2015-03-03', 4.81, 4.88, 4.4, 4.72]
['2015-03-04', 4.7, 4.88, 4.7, 4.8]
['2015-03-05', 4.83, 4.83, 4.41, 4.52]
['2015-03-06', 4.5, 4.55, 4.26, 4.53]
['2015-03-09', 4.5, 4.87, 4.5, 4.87]
['2015-03-10', 4.83, 4.87, 4.8, 4.82]
['2015-03-11', 4.85, 4.99, 4.82, 4.91]
['2015-03-12', 4.99, 5.2, 4.8, 5.08]
['2015-03-13', 5.07, 5.17, 5.01, 5.1]
['2015-03-16', 5.1, 5.33, 5.1, 5.15]
['2015-03-17', 5.1, 5.24, 5.1, 5.2]
['2015-03-18', 5.22, 5.34, 5.22, 5.26]
['2015-03-19', 5.3, 5.3, 4.92, 5.22]
['2015-03-20', 5.15, 5.29, 5.15, 5.29]
['2015-03-23', 5.27, 5.33, 5.11, 5.33]
['2015-03-24', 5.47, 5.47, 5.16, 5.32]
['2015-03-25', 5.25, 5.47, 5.17, 5.47]
['2015-03-26', 5.23, 5.4, 5.08, 5.09]
['2015-03-27', 5.24, 5.24, 5.15, 5.16]
['2015-03-30', 5.23, 5.35, 5.23, 5.27]
['2015-03-31', 5.3, 5.3, 5.21, 5.25]
['2015-04-01', 5.2, 5.22, 5.01, 5.05]
['2015-04-02', 5.08, 5.08, 4.9, 5.07]
['2015-04-06', 4.99, 5.02, 4.57, 4.66]
['2015-04-07', 4.73, 5.0, 4.65, 4.76]
['2015-04-08', 4.75, 5.0, 4.71, 4.73]
['2015-04-09', 4.67, 4.93, 4.67, 4.93]
['2015-04-10', 4.95, 5.23, 4.83, 4.98]
['2015-04-13', 4.9, 5.14, 4.8, 5.14]
['2015-04-14', 5.17, 5.17, 5.17, 5.17]
['2015-04-15', 4.99, 5.1, 4.97, 5.04]
['2015-04-16', 4.96, 5.07, 4.94, 4.94]
['2015-04-17', 4.85, 5.01, 4.85, 4.98]
['2015-04-20', 4.9, 5.02, 4.9, 4.91]
['2015-04-21', 4.9, 5.0, 4.9, 4.98]
['2015-04-22', 4.94, 5.43, 4.94, 5.3]
['2015-04-23', 5.38, 5.41, 5.2, 5.4]
['2015-04-24', 5.49, 5.49, 5.21, 5.33]
['2015-04-27', 5.47, 5.6, 5.38, 5.55]
['2015-04-28', 5.62, 5.65, 5.56, 5.65]
['2015-04-29', 5.61, 5.65, 5.51, 5.62]
['2015-04-30', 5.64, 5.69, 5.5, 5.53]
['2015-05-01', 5.53, 5.7, 5.46, 5.67]
['2015-05-04', 5.7, 5.7, 5.52, 5.7]
['2015-05-05', 5.73, 5.73, 5.41, 5.69]
['2015-05-06', 5.69, 5.74, 5.67, 5.7]
['2015-05-07', 5.62, 5.9, 5.62, 5.81]
['2015-05-08', 5.87, 5.89, 5.64, 5.89]
['2015-05-11', 5.8, 5.81, 5.4, 5.65]
['2015-05-12', 5.73, 5.76, 5.45, 5.74]
['2015-05-13', 5.66, 5.69, 5.63, 5.63]
['2015-05-14', 5.66, 5.9, 5.59, 5.6]
['2015-05-15', 5.89, 5.89, 5.38, 5.8]
['2015-05-18', 5.77, 6.14, 5.77, 6.13]
['2015-05-19', 6.15, 6.41, 6.0, 6.19]
['2015-05-20', 6.18, 6.27, 6.18, 6.23]
['2015-05-21', 6.29, 6.35, 6.21, 6.22]
['2015-05-22', 6.21, 6.3, 6.21, 6.29]
['2015-05-26', 6.27, 6.29, 6.22, 6.23]
['2015-05-27', 6.1, 6.49, 6.1, 6.35]
['2015-05-28', 6.5, 6.5, 6.28, 6.44]
['2015-05-29', 6.4, 6.4, 6.35, 6.35]
['2015-06-01', 6.27, 6.27, 6.2, 6.21]
['2015-06-02', 6.11, 6.22, 6.1, 6.2]
['2015-06-03', 6.2, 6.27, 6.18, 6.18]
['2015-06-04', 5.83, 6.11, 5.62, 5.9]
['2015-06-05', 5.87, 5.93, 5.85, 5.9]
['2015-06-08', 5.99, 6.0, 5.92, 5.98]
['2015-06-09', 6.2, 6.2, 5.75, 5.77]
['2015-06-10', 6.12, 6.18, 5.77, 5.91]
['2015-06-11', 5.93, 5.93, 5.62, 5.62]
['2015-06-12', 5.75, 5.89, 5.66, 5.66]
['2015-06-15', 5.65, 5.65, 5.37, 5.37]
['2015-06-16', 5.47, 5.63, 5.4, 5.41]
['2015-06-17', 5.61, 5.61, 5.4, 5.4]
['2015-06-18', 5.45, 5.65, 5.45, 5.47]
['2015-06-19', 5.5, 5.67, 5.45, 5.67]
['2015-06-22', 5.71, 5.78, 5.5, 5.78]
['2015-06-23', 5.75, 5.75, 5.65, 5.73]
['2015-06-24', 5.64, 5.71, 5.57, 5.68]
['2015-06-25', 5.68, 5.73, 5.65, 5.73]
['2015-06-26', 5.7, 5.95, 5.5, 5.95]
['2015-06-29', 5.96, 6.24, 5.95, 5.95]
['2015-06-30', 5.95, 6.1, 5.83, 5.83]
['2015-07-01', 5.85, 6.19, 5.85, 5.9]
['2015-07-02', 5.81, 5.92, 5.81, 5.9]
['2015-07-06', 5.94, 5.97, 5.76, 5.96]
['2015-07-07', 5.87, 5.94, 5.87, 5.94]
['2015-07-08', 5.88, 5.97, 5.86, 5.95]
['2015-07-09', 5.93, 6.06, 5.86, 6.01]
['2015-07-10', 5.87, 6.0, 5.86, 5.94]
['2015-07-13', 5.94, 6.09, 5.94, 6.0]
['2015-07-14', 5.99, 6.01, 5.99, 6.0]
['2015-07-15', 5.95, 6.17, 5.85, 6.14]
['2015-07-16', 6.1, 6.35, 5.96, 6.33]
['2015-07-17', 6.28, 6.35, 6.25, 6.25]
['2015-07-20', 6.25, 6.38, 6.15, 6.38]
['2015-07-21', 6.31, 6.5, 6.1, 6.5]
['2015-07-22', 6.49, 6.5, 6.32, 6.41]
['2015-07-23', 6.4, 6.52, 6.37, 6.46]
['2015-07-24', 6.38, 6.38, 6.09, 6.2]
['2015-07-27', 6.0, 6.11, 6.0, 6.03]
['2015-07-28', 6.11, 6.11, 5.93, 5.93]
['2015-07-29', 6.15, 6.15, 6.0, 6.08]
['2015-07-30', 6.0, 6.05, 5.95, 5.95]
['2015-07-31', 5.95, 6.75, 5.95, 6.56]
['2015-08-03', 5.7, 6.1, 5.7, 5.7]
['2015-08-04', 5.8, 5.86, 5.66, 5.66]
['2015-08-05', 5.62, 5.66, 5.5, 5.51]
['2015-08-06', 5.5, 5.71, 5.11, 5.45]
['2015-08-07', 5.11, 5.66, 5.1, 5.48]
['2015-08-10', 5.45, 5.58, 5.4, 5.46]
['2015-08-11', 5.43, 5.5, 5.38, 5.45]
['2015-08-12', 5.43, 5.45, 5.4, 5.41]
['2015-08-13', 5.46, 5.49, 5.45, 5.48]
['2015-08-14', 5.46, 5.55, 5.4, 5.4]
['2015-08-17', 5.35, 5.44, 5.32, 5.38]
['2015-08-18', 5.31, 5.43, 5.29, 5.41]
['2015-08-19', 5.33, 5.36, 5.18, 5.22]
['2015-08-20', 5.15, 5.26, 5.06, 5.19]
['2015-08-21', 5.08, 5.11, 4.93, 5.0]
['2015-08-24', 4.5, 4.68, 4.31, 4.68]
['2015-08-25', 4.83, 4.91, 4.16, 4.6]
['2015-08-26', 4.65, 4.98, 4.5, 4.88]
['2015-08-27', 4.85, 5.1, 4.76, 5.03]
['2015-08-28', 5.01, 5.24, 5.0, 5.01]
['2015-08-31', 5.01, 5.01, 4.68, 4.68]
['2015-09-01', 4.67, 4.85, 4.67, 4.85]
['2015-09-02', 4.9, 4.99, 4.58, 4.72]
['2015-09-03', 4.84, 4.87, 4.75, 4.76]
['2015-09-04', 4.69, 4.72, 4.39, 4.7]
['2015-09-08', 4.84, 4.87, 4.64, 4.83]
['2015-09-09', 4.83, 4.83, 4.83, 4.83]
['2015-09-10', 4.99, 4.99, 4.76, 4.8]
['2015-09-11', 4.76, 4.82, 4.6, 4.82]
['2015-09-14', 4.61, 4.74, 4.61, 4.74]
['2015-09-15', 4.64, 4.74, 4.61, 4.69]
['2015-09-16', 4.62, 4.83, 4.62, 4.74]
['2015-09-17', 4.74, 4.8, 4.73, 4.79]
['2015-09-18', 4.77, 4.82, 4.77, 4.82]
['2015-09-21', 4.83, 5.01, 4.77, 4.99]
['2015-09-22', 4.85, 4.91, 4.85, 4.88]
['2015-09-23', 4.9, 4.9, 4.8, 4.8]
['2015-09-24', 4.78, 4.79, 4.76, 4.77]
['2015-09-25', 4.73, 4.88, 4.73, 4.81]
['2015-09-28', 4.66, 4.85, 4.62, 4.7]
['2015-09-29', 4.68, 4.76, 4.62, 4.62]
['2015-09-30', 4.67, 4.74, 4.67, 4.68]
['2015-10-01', 4.61, 4.8, 4.61, 4.8]
['2015-10-02', 4.7, 4.84, 4.7, 4.8]
['2015-10-05', 4.77, 4.9, 4.77, 4.9]
['2015-10-06', 4.92, 5.0, 4.7, 4.89]
['2015-10-07', 4.88, 4.93, 4.81, 4.93]
['2015-10-08', 4.9, 4.98, 4.85, 4.9]
['2015-10-09', 4.9, 5.02, 4.9, 5.0]
['2015-10-12', 4.98, 5.1, 4.96, 5.1]
['2015-10-13', 5.1, 5.3, 5.05, 5.2]
['2015-10-14', 5.17, 5.17, 5.05, 5.05]
['2015-10-15', 5.21, 5.22, 5.08, 5.22]
['2015-10-16', 5.18, 5.25, 5.17, 5.25]
['2015-10-19', 5.15, 5.25, 5.15, 5.2]
['2015-10-20', 5.24, 5.24, 5.1, 5.2]
['2015-10-21', 5.11, 5.18, 5.11, 5.18]
['2015-10-22', 5.08, 5.14, 5.06, 5.14]
['2015-10-23', 5.08, 5.08, 5.07, 5.07]
['2015-10-26', 5.03, 5.17, 5.03, 5.14]
['2015-10-27', 5.06, 5.1, 5.03, 5.03]
['2015-10-28', 5.01, 5.2, 4.98, 4.98]
['2015-10-29', 4.97, 5.14, 3.94, 4.73]
['2015-10-30', 4.79, 4.84, 4.67, 4.75]
['2015-11-02', 4.75, 4.89, 4.75, 4.85]
['2015-11-03', 4.8, 4.8, 4.71, 4.73]
['2015-11-04', 4.72, 4.87, 4.6, 4.8]
['2015-11-05', 4.79, 4.85, 4.79, 4.84]
['2015-11-06', 4.84, 4.95, 4.76, 4.85]
['2015-11-09', 4.85, 4.98, 4.83, 4.83]
['2015-11-10', 4.83, 4.83, 4.77, 4.77]
['2015-11-11', 4.79, 4.88, 4.79, 4.87]
['2015-11-12', 4.82, 4.82, 4.81, 4.81]
['2015-11-13', 4.77, 4.77, 4.04, 4.52]
['2015-11-16', 4.66, 4.69, 4.5, 4.67]
['2015-11-17', 4.51, 4.56, 4.51, 4.55]
['2015-11-18', 4.52, 4.67, 4.49, 4.67]
['2015-11-19', 4.63, 4.74, 4.63, 4.65]
['2015-11-20', 4.63, 4.63, 4.58, 4.58]
['2015-11-23', 4.55, 4.55, 4.36, 4.5]
['2015-11-24', 4.37, 4.54, 4.34, 4.35]
['2015-11-25', 4.43, 4.43, 4.0, 4.3]
['2015-11-27', 4.3, 4.3, 4.3, 4.3]
['2015-11-30', 4.27, 4.35, 4.08, 4.25]
['2015-12-01', 4.25, 4.25, 4.25, 4.25]
['2015-12-02', 4.25, 4.25, 4.06, 4.09]
['2015-12-03', 4.04, 4.23, 4.04, 4.04]
['2015-12-04', 4.15, 4.15, 4.04, 4.06]
['2015-12-07', 4.04, 4.24, 3.8, 4.0]
['2015-12-08', 3.75, 3.8, 3.61, 3.7]
['2015-12-09', 4.25, 4.25, 3.65, 3.84]
['2015-12-10', 3.8, 3.8, 3.6, 3.77]
['2015-12-11', 3.64, 3.95, 3.6, 3.95]
['2015-12-14', 3.76, 3.77, 3.3, 3.45]
['2015-12-15', 3.52, 3.63, 3.39, 3.53]
['2015-12-16', 3.69, 4.22, 3.65, 3.66]
['2015-12-17', 3.52, 3.78, 3.35, 3.45]
['2015-12-18', 3.42, 3.7, 3.35, 3.39]
['2015-12-21', 3.3, 3.39, 3.3, 3.31]
['2015-12-22', 3.35, 3.49, 3.35, 3.41]
['2015-12-23', 3.42, 3.47, 3.3, 3.3]
['2015-12-24', 3.32, 3.32, 3.3, 3.3]
['2015-12-28', 3.3, 3.36, 3.26, 3.26]
['2015-12-29', 3.3, 3.34, 3.15, 3.22]
['2015-12-30', 3.18, 3.2, 3.18, 3.18]
['2015-12-31', 3.21, 3.29, 3.16, 3.16]
['2016-01-04', 3.08, 3.08, 2.95, 3.0]
['2016-01-05', 3.08, 3.2, 2.99, 3.12]
['2016-01-06', 3.25, 3.25, 3.25, 3.25]
['2016-01-07', 3.19, 3.28, 2.9, 3.0]
['2016-01-08', 3.05, 3.05, 3.01, 3.02]
['2016-01-11', 3.05, 3.05, 3.05, 3.05]
['2016-01-12', 3.2, 3.24, 3.06, 3.16]
['2016-01-13', 3.05, 3.15, 3.05, 3.15]
['2016-01-14', 3.05, 3.24, 3.05, 3.24]
['2016-01-15', 3.06, 3.06, 3.01, 3.01]
['2016-01-19', 3.25, 3.35, 3.2, 3.31]
['2016-01-20', 3.37, 3.37, 3.1, 3.31]
['2016-01-21', 3.37, 3.56, 3.14, 3.2]
['2016-01-22', 3.44, 3.45, 3.21, 3.45]
['2016-01-25', 3.47, 3.65, 3.47, 3.65]
['2016-01-26', 3.65, 3.7, 3.51, 3.68]
['2016-01-27', 3.7, 4.16, 3.7, 4.01]
['2016-01-28', 4.0, 4.0, 3.8, 3.88]
['2016-01-29', 3.7, 3.98, 3.68, 3.77]
['2016-02-01', 3.89, 3.95, 3.75, 3.95]
['2016-02-02', 3.72, 3.95, 3.72, 3.85]
['2016-02-03', 3.78, 3.88, 3.78, 3.83]
['2016-02-04', 3.77, 3.88, 3.73, 3.8]
['2016-02-05', 3.8, 3.8, 3.64, 3.66]
['2016-02-08', 3.51, 3.75, 3.51, 3.63]
['2016-02-09', 3.51, 3.69, 3.45, 3.61]
['2016-02-10', 3.7, 3.7, 3.5, 3.58]
['2016-02-11', 3.5, 3.52, 3.47, 3.47]
['2016-02-12', 3.5, 3.5, 3.32, 3.4]
['2016-02-16', 3.4, 3.41, 3.34, 3.34]
['2016-02-17', 3.32, 3.5, 3.12, 3.34]
['2016-02-18', 3.15, 3.3, 3.02, 3.3]
['2016-02-19', 3.25, 3.25, 3.17, 3.22]
['2016-02-22', 3.21, 3.21, 2.9, 3.03]
['2016-02-23', 3.1, 3.15, 3.09, 3.13]
['2016-02-24', 3.1, 3.34, 3.1, 3.31]
['2016-02-25', 3.3, 3.34, 3.09, 3.3]
['2016-02-26', 3.18, 3.8, 3.15, 3.76]
['2016-02-29', 3.8, 3.8, 3.35, 3.35]
['2016-03-01', 3.54, 3.66, 3.32, 3.43]
['2016-03-02', 3.66, 3.8, 3.45, 3.72]
['2016-03-03', 3.83, 3.87, 3.5, 3.7]
['2016-03-04', 3.73, 3.77, 3.56, 3.56]
['2016-03-07', 3.67, 4.11, 3.55, 4.05]
['2016-03-08', 4.05, 4.05, 3.95, 4.03]
['2016-03-09', 3.96, 4.1, 3.84, 4.08]
['2016-03-10', 4.04, 4.04, 3.74, 3.99]
['2016-03-11', 3.9, 4.04, 3.78, 3.8]
['2016-03-14', 3.75, 4.22, 3.75, 4.2]
['2016-03-15', 4.09, 4.25, 3.84, 4.1]
['2016-03-16', 4.04, 4.23, 3.97, 4.0]
['2016-03-17', 4.09, 4.1, 4.08, 4.1]
['2016-03-18', 4.24, 4.31, 4.07, 4.18]
['2016-03-21', 4.24, 4.24, 4.02, 4.08]
['2016-03-22', 4.01, 4.07, 4.0, 4.0]
['2016-03-23', 3.87, 4.0, 3.75, 3.86]
['2016-03-24', 3.92, 3.93, 3.79, 3.79]
['2016-03-28', 3.78, 3.92, 3.7, 3.83]
['2016-03-29', 3.79, 4.0, 3.76, 3.76]
['2016-03-30', 3.78, 3.78, 3.56, 3.61]
['2016-03-31', 3.58, 3.7, 3.45, 3.5]
['2016-04-01', 3.7, 3.7, 3.43, 3.43]
['2016-04-04', 3.39, 3.48, 3.28, 3.3]
['2016-04-05', 3.32, 3.41, 3.06, 3.31]
['2016-04-06', 3.31, 3.4, 3.2, 3.25]
['2016-04-07', 3.2, 3.35, 3.14, 3.16]
['2016-04-08', 3.15, 3.39, 3.15, 3.33]
['2016-04-11', 3.31, 3.34, 3.3, 3.33]
['2016-04-12', 3.36, 3.36, 3.35, 3.35]
['2016-04-13', 3.38, 3.79, 3.38, 3.6]
['2016-04-14', 3.85, 3.85, 3.51, 3.51]
['2016-04-15', 3.6, 3.85, 3.48, 3.75]
['2016-04-18', 3.77, 3.78, 3.62, 3.62]
['2016-04-19', 3.76, 3.88, 3.74, 3.88]
['2016-04-20', 3.87, 3.89, 3.78, 3.81]
['2016-04-21', 3.79, 3.79, 3.75, 3.75]
['2016-04-22', 3.75, 3.85, 3.75, 3.84]
['2016-04-25', 3.75, 3.79, 3.75, 3.76]
['2016-04-26', 3.71, 3.78, 3.64, 3.75]
['2016-04-27', 3.7, 3.7, 3.7, 3.7]
['2016-04-28', 3.74, 3.78, 3.72, 3.78]
['2016-04-29', 3.8, 4.5, 3.8, 4.45]
['2016-05-02', 4.59, 5.05, 4.59, 4.78]
['2016-05-03', 4.93, 5.04, 4.5, 4.59]
['2016-05-04', 4.75, 4.89, 4.5, 4.55]
['2016-05-05', 4.55, 4.64, 4.55, 4.58]
['2016-05-06', 4.55, 4.63, 4.1, 4.28]
['2016-05-09', 4.35, 4.69, 4.35, 4.36]
['2016-05-10', 4.25, 4.56, 4.25, 4.5]
['2016-05-11', 4.5, 4.5, 4.25, 4.35]
['2016-05-12', 4.45, 4.45, 4.35, 4.36]
['2016-05-13', 4.41, 4.49, 4.14, 4.14]
['2016-05-16', 4.14, 4.31, 4.01, 4.26]
['2016-05-17', 4.21, 4.32, 4.03, 4.32]
['2016-05-18', 4.18, 4.22, 4.18, 4.22]
['2016-05-19', 4.17, 4.33, 4.1, 4.18]
['2016-05-20', 4.15, 4.2, 4.11, 4.13]
['2016-05-23', 4.04, 4.04, 3.85, 3.86]
['2016-05-24', 3.85, 3.96, 3.8, 3.84]
['2016-05-25', 3.79, 3.83, 3.77, 3.83]
['2016-05-26', 3.87, 3.87, 3.75, 3.75]
['2016-05-27', 3.87, 3.96, 3.75, 3.96]
['2016-05-31', 3.86, 3.86, 3.75, 3.86]
['2016-06-01', 3.86, 3.94, 3.76, 3.79]
['2016-06-02', 3.9, 3.92, 3.8, 3.8]
['2016-06-03', 3.81, 4.07, 3.81, 3.95]
['2016-06-06', 4.0, 4.28, 4.0, 4.11]
['2016-06-07', 4.12, 4.13, 4.05, 4.13]
['2016-06-08', 4.08, 4.2, 4.06, 4.2]
['2016-06-09', 4.49, 4.7, 4.2, 4.5]
['2016-06-10', 4.5, 4.65, 4.5, 4.5]
['2016-06-13', 4.5, 4.7, 4.42, 4.5]
['2016-06-14', 4.5, 4.62, 4.5, 4.6]
['2016-06-15', 4.6, 4.6, 4.6, 4.6]
['2016-06-16', 4.75, 4.75, 4.61, 4.69]
['2016-06-17', 4.62, 4.62, 4.35, 4.51]
['2016-06-20', 4.24, 4.56, 4.18, 4.36]
['2016-06-21', 4.44, 4.55, 4.4, 4.54]
['2016-06-22', 4.54, 4.54, 4.54, 4.54]
['2016-06-23', 4.45, 4.75, 4.45, 4.47]
['2016-06-24', 4.32, 4.7, 4.31, 4.7]
['2016-06-27', 4.68, 4.74, 4.5, 4.72]
['2016-06-28', 4.8, 5.61, 4.8, 5.34]
['2016-06-29', 5.4, 5.68, 5.15, 5.16]
['2016-06-30', 5.15, 5.39, 5.15, 5.23]
['2016-07-01', 5.17, 5.35, 5.16, 5.16]
['2016-07-05', 5.16, 5.25, 5.15, 5.2]
['2016-07-06', 5.16, 5.38, 5.16, 5.28]
['2016-07-07', 5.2, 5.21, 5.16, 5.16]
['2016-07-08', 5.38, 5.38, 5.18, 5.18]
['2016-07-11', 5.31, 5.39, 5.15, 5.29]
['2016-07-12', 5.22, 5.22, 5.15, 5.15]
['2016-07-13', 5.15, 5.17, 5.15, 5.15]
['2016-07-14', 5.18, 5.31, 5.13, 5.24]
['2016-07-15', 5.22, 5.32, 5.22, 5.22]
['2016-07-18', 5.3, 5.59, 5.21, 5.54]
['2016-07-19', 5.52, 5.52, 5.52, 5.52]
['2016-07-20', 5.5, 5.6, 5.48, 5.6]
['2016-07-21', 5.37, 5.37, 5.37, 5.37]
['2016-07-22', 5.47, 5.59, 5.3, 5.53]
['2016-07-25', 5.53, 5.73, 5.49, 5.73]
['2016-07-26', 5.71, 5.75, 5.64, 5.66]
['2016-07-27', 5.48, 5.69, 5.45, 5.64]
['2016-07-28', 5.56, 5.56, 5.5, 5.55]
['2016-07-29', 5.59, 5.59, 5.4, 5.51]
['2016-08-01', 5.5, 5.55, 5.5, 5.55]
['2016-08-02', 5.55, 5.56, 5.31, 5.34]
['2016-08-03', 5.35, 5.59, 5.35, 5.55]
['2016-08-04', 5.5, 5.5, 5.42, 5.42]
['2016-08-05', 5.31, 6.3, 5.05, 5.27]
['2016-08-08', 5.48, 5.48, 5.23, 5.28]
['2016-08-09', 5.32, 5.69, 5.31, 5.6]
['2016-08-10', 5.77, 5.77, 5.24, 5.5]
['2016-08-11', 5.42, 5.5, 5.1, 5.1]
['2016-08-12', 5.15, 5.29, 5.06, 5.09]
['2016-08-15', 5.08, 5.25, 5.04, 5.06]
['2016-08-16', 5.13, 5.13, 5.06, 5.12]
['2016-08-17', 5.15, 5.38, 5.1, 5.24]
['2016-08-18', 5.3, 5.33, 5.15, 5.2]
['2016-08-19', 5.1, 5.24, 5.1, 5.11]
['2016-08-22', 5.13, 5.31, 5.13, 5.17]
['2016-08-23', 5.24, 5.24, 5.09, 5.19]
['2016-08-24', 5.1, 5.22, 5.1, 5.18]
['2016-08-25', 5.08, 5.19, 5.08, 5.18]
['2016-08-26', 5.19, 5.19, 5.08, 5.08]
['2016-08-29', 5.06, 5.19, 5.05, 5.18]
['2016-08-30', 5.06, 5.07, 4.48, 4.71]
['2016-08-31', 4.66, 4.83, 4.59, 4.83]
['2016-09-01', 4.71, 4.77, 4.53, 4.67]
['2016-09-02', 4.71, 4.99, 4.7, 4.88]
['2016-09-06', 4.81, 5.18, 4.81, 5.05]
['2016-09-07', 4.85, 5.01, 4.52, 4.6]
['2016-09-08', 4.57, 4.94, 4.56, 4.94]
['2016-09-09', 4.9, 4.92, 4.79, 4.84]
['2016-09-12', 4.72, 4.83, 4.61, 4.75]
['2016-09-13', 4.64, 4.71, 4.64, 4.7]
['2016-09-14', 4.76, 5.15, 4.7, 4.86]
['2016-09-15', 4.93, 5.0, 4.77, 5.0]
['2016-09-16', 5.03, 5.09, 4.81, 5.02]
['2016-09-19', 5.11, 5.2, 4.86, 5.18]
['2016-09-20', 5.1, 5.1, 4.92, 4.92]
['2016-09-21', 5.05, 5.16, 4.94, 4.94]
['2016-09-22', 4.83, 5.01, 4.82, 4.89]
['2016-09-23', 5.14, 5.19, 4.79, 5.09]
['2016-09-26', 4.92, 5.1, 4.83, 4.98]
['2016-09-27', 5.05, 5.06, 4.81, 5.0]
['2016-09-28', 5.02, 5.13, 4.8, 5.05]
['2016-09-29', 5.13, 5.13, 4.91, 5.07]
['2016-09-30', 5.07, 5.15, 5.05, 5.15]
['2016-10-03', 5.15, 5.37, 5.13, 5.35]
['2016-10-04', 5.41, 5.73, 5.2, 5.32]
['2016-10-05', 5.46, 5.75, 5.38, 5.75]
['2016-10-06', 5.67, 5.74, 5.3, 5.33]
['2016-10-07', 5.27, 5.32, 5.14, 5.19]
['2016-10-10', 5.3, 5.41, 5.16, 5.32]
['2016-10-11', 5.19, 5.4, 5.19, 5.2]
['2016-10-12', 5.28, 5.31, 5.28, 5.31]
['2016-10-13', 5.27, 5.33, 5.21, 5.22]
['2016-10-14', 5.19, 5.24, 5.19, 5.24]
['2016-10-17', 5.28, 5.42, 5.14, 5.24]
['2016-10-18', 5.23, 5.39, 5.2, 5.26]
['2016-10-19', 5.22, 5.39, 5.22, 5.29]
['2016-10-20', 5.32, 5.48, 5.21, 5.21]
['2016-10-21', 5.24, 5.25, 5.24, 5.25]
['2016-10-24', 5.29, 5.39, 5.29, 5.32]
['2016-10-25', 5.35, 5.44, 5.18, 5.38]
['2016-10-26', 5.5, 5.55, 5.2, 5.21]
['2016-10-27', 5.27, 5.38, 5.22, 5.38]
['2016-10-28', 5.4, 5.56, 5.18, 5.54]
['2016-10-31', 5.4, 5.4, 5.1, 5.34]
['2016-11-01', 5.35, 5.42, 5.06, 5.33]
['2016-11-02', 5.01, 5.32, 5.01, 5.27]
['2016-11-03', 5.23, 5.55, 5.23, 5.34]
['2016-11-04', 5.23, 5.34, 5.09, 5.26]
['2016-11-07', 5.25, 5.56, 5.25, 5.46]
['2016-11-08', 5.72, 5.72, 5.26, 5.61]
['2016-11-09', 5.54, 5.57, 5.24, 5.24]
['2016-11-10', 5.23, 5.33, 5.07, 5.26]
['2016-11-11', 5.22, 5.72, 5.22, 5.22]
['2016-11-14', 5.3, 5.3, 5.18, 5.3]
['2016-11-15', 5.18, 5.24, 5.18, 5.21]
['2016-11-16', 5.18, 5.2, 5.05, 5.06]
['2016-11-17', 5.05, 5.15, 5.05, 5.08]
['2016-11-18', 5.05, 5.13, 5.05, 5.13]
['2016-11-21', 5.16, 5.39, 5.13, 5.16]
['2016-11-22', 5.15, 5.29, 5.15, 5.25]
['2016-11-23', 5.29, 5.29, 5.22, 5.25]
['2016-11-25', 5.14, 5.2, 5.05, 5.2]
['2016-11-28', 5.18, 5.29, 5.13, 5.24]
['2016-11-29', 5.29, 5.39, 5.12, 5.25]
['2016-11-30', 5.2, 5.39, 5.17, 5.32]
['2016-12-01', 5.35, 5.38, 5.12, 5.2]
['2016-12-02', 5.26, 5.26, 5.26, 5.26]
['2016-12-05', 5.22, 5.4, 5.21, 5.21]
['2016-12-06', 5.28, 5.38, 5.21, 5.21]
['2016-12-07', 5.29, 5.29, 5.21, 5.23]
['2016-12-08', 5.34, 5.34, 5.25, 5.28]
['2016-12-09', 5.3, 5.3, 5.25, 5.26]
['2016-12-12', 5.28, 5.29, 5.24, 5.28]
['2016-12-13', 5.26, 5.31, 5.26, 5.3]
['2016-12-14', 5.3, 5.33, 5.3, 5.3]
['2016-12-15', 5.35, 5.46, 5.3, 5.31]
['2016-12-16', 5.3, 5.43, 5.25, 5.43]
['2016-12-19', 5.27, 5.31, 5.25, 5.26]
['2016-12-20', 5.31, 5.31, 5.25, 5.26]
['2016-12-21', 5.32, 5.32, 5.26, 5.26]
['2016-12-22', 5.28, 5.29, 5.25, 5.29]
['2016-12-23', 5.26, 5.31, 5.25, 5.3]
['2016-12-27', 5.26, 5.31, 5.23, 5.23]
['2016-12-28', 5.26, 5.28, 5.26, 5.26]
['2016-12-29', 5.27, 5.3, 5.25, 5.29]
['2016-12-30', 5.31, 5.31, 5.21, 5.27]
['2017-01-03', 5.22, 5.3, 5.21, 5.3]
['2017-01-04', 5.3, 5.5, 5.3, 5.4]
['2017-01-05', 5.44, 5.5, 5.4, 5.44]
['2017-01-06', 5.45, 5.46, 5.26, 5.39]
['2017-01-09', 5.35, 5.5, 5.35, 5.42]
['2017-01-10', 5.37, 5.52, 5.34, 5.46]
['2017-01-11', 5.5, 5.8, 5.5, 5.64]
['2017-01-12', 5.71, 5.73, 5.53, 5.57]
['2017-01-13', 5.5, 5.5, 5.5, 5.5]
['2017-01-17', 5.45, 5.75, 5.2, 5.34]
['2017-01-18', 5.55, 5.61, 5.42, 5.49]
['2017-01-19', 5.49, 5.49, 5.49, 5.49]
['2017-01-20', 5.51, 5.51, 5.2, 5.3]
['2017-01-23', 5.25, 5.43, 5.25, 5.27]
['2017-01-24', 5.25, 5.4, 5.0, 5.26]
['2017-01-25', 5.23, 5.34, 5.23, 5.29]
['2017-01-26', 5.38, 5.38, 4.98, 5.1]
['2017-01-27', 5.12, 5.2, 5.01, 5.12]
['2017-01-30', 5.19, 5.19, 5.11, 5.11]
['2017-01-31', 5.15, 5.21, 5.05, 5.18]
['2017-02-01', 5.15, 5.15, 5.02, 5.03]
['2017-02-02', 5.08, 5.15, 5.08, 5.13]
['2017-02-03', 5.14, 5.14, 5.01, 5.07]
['2017-02-06', 5.07, 5.07, 4.91, 4.92]
['2017-02-07', 4.91, 4.97, 4.42, 4.81]
['2017-02-08', 4.79, 4.9, 4.79, 4.9]
['2017-02-09', 4.91, 5.02, 4.79, 4.93]
['2017-02-10', 4.96, 5.06, 4.87, 5.05]
['2017-02-13', 4.96, 5.37, 4.96, 5.07]
['2017-02-14', 5.22, 5.35, 5.18, 5.25]
['2017-02-15', 5.24, 5.28, 5.23, 5.23]
['2017-02-16', 5.0, 5.0, 5.0, 5.0]
['2017-02-17', 4.97, 5.17, 4.97, 5.08]
['2017-02-21', 5.0, 5.12, 4.97, 5.12]
['2017-02-22', 4.97, 5.24, 4.97, 5.24]
['2017-02-23', 5.1, 5.12, 5.1, 5.1]
['2017-02-24', 5.03, 5.44, 5.03, 5.44]
['2017-02-27', 5.29, 5.35, 5.14, 5.33]
['2017-02-28', 5.26, 5.46, 5.09, 5.17]
['2017-03-01', 5.26, 5.32, 5.11, 5.27]
['2017-03-02', 5.21, 5.21, 5.1, 5.14]
['2017-03-03', 5.24, 5.35, 5.1, 5.35]
['2017-03-06', 5.17, 5.43, 5.09, 5.2]
['2017-03-07', 5.39, 5.43, 5.13, 5.19]
['2017-03-08', 5.18, 5.33, 5.02, 5.23]
['2017-03-09', 5.16, 5.16, 5.1, 5.12]
['2017-03-10', 5.02, 5.5, 4.99, 5.25]
['2017-03-13', 5.5, 5.5, 5.23, 5.31]
['2017-03-14', 5.26, 5.5, 5.26, 5.29]
['2017-03-15', 5.3, 5.5, 5.29, 5.41]
['2017-03-16', 5.4, 5.4, 4.87, 4.9]
['2017-03-17', 4.95, 4.95, 4.45, 4.74]
['2017-03-20', 4.65, 4.65, 4.07, 4.47]
['2017-03-21', 4.52, 4.56, 4.37, 4.49]
['2017-03-22', 4.53, 4.63, 4.36, 4.46]
['2017-03-23', 4.49, 4.72, 4.26, 4.54]
['2017-03-24', 4.45, 4.5, 4.4, 4.45]
['2017-03-27', 4.47, 4.48, 4.37, 4.45]
['2017-03-28', 4.42, 4.53, 4.42, 4.45]
['2017-03-29', 4.51, 4.61, 4.5, 4.51]
['2017-03-30', 4.53, 4.63, 4.53, 4.55]
['2017-03-31', 4.68, 4.68, 4.55, 4.61]
['2017-04-03', 4.64, 4.64, 4.44, 4.44]
['2017-04-04', 4.48, 4.75, 4.28, 4.34]
['2017-04-05', 4.39, 4.65, 4.35, 4.41]
['2017-04-06', 4.45, 4.45, 4.45, 4.45]
['2017-04-07', 4.45, 4.45, 4.45, 4.45]
['2017-04-10', 4.44, 4.56, 4.27, 4.39]
['2017-04-11', 4.45, 4.66, 4.27, 4.41]
['2017-04-12', 4.45, 4.68, 4.41, 4.41]
['2017-04-13', 4.45, 4.5, 4.26, 4.4]
['2017-04-17', 4.4, 4.48, 4.31, 4.34]
['2017-04-18', 4.34, 4.36, 4.34, 4.36]
['2017-04-19', 4.4, 4.43, 4.4, 4.42]
['2017-04-20', 4.43, 4.46, 4.42, 4.44]
['2017-04-21', 4.42, 4.42, 4.3, 4.4]
['2017-04-24', 4.44, 4.49, 4.4, 4.45]
['2017-04-25', 4.45, 4.68, 4.45, 4.47]
['2017-04-26', 4.49, 4.5, 4.34, 4.44]
['2017-04-27', 4.44, 4.45, 4.32, 4.33]
['2017-04-28', 4.39, 4.4, 4.39, 4.4]
['2017-05-01', 4.39, 4.4, 4.32, 4.32]
['2017-05-02', 4.33, 4.45, 4.33, 4.36]
['2017-05-03', 4.36, 4.36, 4.36, 4.36]
['2017-05-04', 4.42, 4.42, 4.32, 4.36]
['2017-05-05', 4.31, 4.33, 4.25, 4.25]
['2017-05-08', 4.25, 4.25, 3.63, 3.82]
['2017-05-09', 3.85, 4.01, 3.65, 3.9]
['2017-05-10', 3.89, 3.93, 3.84, 3.84]
['2017-05-11', 3.88, 4.07, 3.83, 3.84]
['2017-05-12', 3.94, 3.94, 3.52, 3.88]
['2017-05-15', 3.86, 3.87, 3.84, 3.84]
['2017-05-16', 3.8, 3.84, 3.75, 3.84]
['2017-05-17', 3.83, 3.87, 3.57, 3.87]
['2017-05-18', 3.62, 3.81, 3.62, 3.81]
['2017-05-19', 3.78, 3.91, 3.63, 3.91]
['2017-05-22', 3.97, 4.5, 3.67, 4.5]
['2017-05-23', 4.43, 4.99, 3.82, 4.89]
['2017-05-24', 4.75, 4.83, 4.32, 4.62]
['2017-05-25', 4.25, 4.25, 4.25, 4.25]
['2017-05-26', 4.21, 4.24, 4.1, 4.24]
['2017-05-30', 4.6, 4.65, 4.19, 4.51]
['2017-05-31', 4.5, 4.51, 4.19, 4.35]
['2017-06-01', 4.65, 4.65, 4.22, 4.22]
['2017-06-02', 4.2, 4.56, 4.2, 4.5]
['2017-06-05', 4.46, 4.55, 4.34, 4.46]
['2017-06-06', 4.26, 4.64, 4.26, 4.58]
['2017-06-07', 4.3, 4.64, 4.28, 4.59]
['2017-06-08', 4.47, 4.59, 4.47, 4.57]
['2017-06-09', 4.45, 4.68, 4.41, 4.46]
['2017-06-12', 4.44, 4.44, 4.35, 4.35]
['2017-06-13', 4.31, 4.47, 4.1, 4.45]
['2017-06-14', 4.43, 4.45, 4.43, 4.45]
['2017-06-15', 4.47, 4.55, 4.45, 4.53]
['2017-06-16', 4.6, 4.6, 4.38, 4.49]
['2017-06-19', 4.47, 4.5, 4.32, 4.39]
['2017-06-20', 4.25, 4.42, 4.25, 4.35]
['2017-06-21', 4.4, 4.5, 4.35, 4.36]
['2017-06-22', 4.5, 4.6, 4.5, 4.55]
['2017-06-23', 4.63, 4.68, 4.44, 4.6]
['2017-06-26', 4.65, 4.8, 4.51, 4.7]
['2017-06-27', 4.62, 4.71, 4.38, 4.45]
['2017-06-28', 4.62, 4.67, 4.4, 4.47]
['2017-06-29', 4.48, 4.75, 4.47, 4.47]
['2017-06-30', 4.61, 4.61, 4.53, 4.53]
['2017-07-03', 4.69, 4.75, 4.47, 4.75]
['2017-07-05', 4.71, 4.75, 4.7, 4.75]
['2017-07-06', 4.65, 4.75, 4.59, 4.74]
['2017-07-07', 4.69, 4.7, 4.69, 4.7]
['2017-07-10', 4.6, 4.6, 4.32, 4.47]
['2017-07-11', 4.45, 4.58, 4.45, 4.45]
['2017-07-12', 4.53, 4.58, 4.53, 4.58]
['2017-07-13', 4.38, 4.56, 4.35, 4.53]
['2017-07-14', 4.36, 4.4, 4.28, 4.38]
['2017-07-17', 4.4, 4.49, 4.26, 4.4]
['2017-07-18', 4.3, 4.35, 4.11, 4.22]
['2017-07-19', 4.25, 4.25, 3.93, 4.17]
['2017-07-20', 4.12, 4.24, 4.02, 4.23]
['2017-07-21', 4.28, 4.34, 4.12, 4.12]
['2017-07-24', 4.23, 4.29, 4.22, 4.28]
['2017-07-25', 4.3, 4.3, 4.17, 4.17]
['2017-07-26', 4.26, 4.3, 4.2, 4.2]
['2017-07-27', 4.23, 4.23, 4.23, 4.23]
['2017-07-28', 4.23, 4.5, 4.12, 4.28]
['2017-07-31', 4.25, 4.28, 4.02, 4.2]
['2017-08-01', 4.05, 4.05, 3.96, 3.99]
['2017-08-02', 4.01, 4.01, 3.9, 3.91]
['2017-08-03', 3.87, 3.9, 3.74, 3.82]
['2017-08-04', 3.82, 3.82, 3.64, 3.64]
['2017-08-07', 3.72, 3.89, 3.34, 3.56]
['2017-08-08', 3.54, 3.64, 3.45, 3.45]
['2017-08-09', 3.41, 3.6, 3.31, 3.35]
['2017-08-10', 3.07, 3.5, 3.07, 3.41]
['2017-08-11', 3.42, 3.45, 3.42, 3.44]
['2017-08-14', 3.47, 3.55, 3.16, 3.49]
['2017-08-15', 3.6, 3.61, 3.48, 3.52]
['2017-08-16', 3.46, 3.75, 3.46, 3.71]
['2017-08-17', 3.75, 3.75, 3.66, 3.66]
['2017-08-18', 3.66, 3.66, 3.44, 3.65]
['2017-08-21', 3.6, 3.71, 3.6, 3.61]
['2017-08-22', 3.61, 3.61, 3.61, 3.61]
['2017-08-23', 3.65, 3.69, 3.47, 3.69]
['2017-08-24', 3.69, 3.7, 3.69, 3.7]
['2017-08-25', 3.74, 3.75, 3.6, 3.7]
['2017-08-28', 3.76, 3.8, 3.61, 3.61]
['2017-08-29', 3.72, 3.8, 3.62, 3.7]
['2017-08-30', 3.67, 3.78, 3.67, 3.69]
['2017-08-31', 3.81, 3.82, 3.65, 3.65]
['2017-09-01', 3.66, 3.75, 3.66, 3.71]
['2017-09-05', 3.71, 3.75, 3.68, 3.75]
['2017-09-06', 3.75, 3.75, 3.45, 3.54]
['2017-09-07', 3.4, 3.51, 3.15, 3.35]
['2017-09-08', 3.46, 3.47, 3.32, 3.45]
['2017-09-11', 3.49, 3.56, 3.49, 3.56]
['2017-09-12', 3.56, 3.56, 3.5, 3.5]
['2017-09-13', 3.53, 3.75, 3.53, 3.71]
['2017-09-14', 3.75, 3.75, 3.47, 3.65]
['2017-09-15', 3.5, 3.63, 3.5, 3.51]
['2017-09-18', 3.63, 3.63, 3.5, 3.55]
['2017-09-19', 3.53, 3.53, 3.45, 3.45]
['2017-09-20', 3.43, 3.52, 3.41, 3.48]
['2017-09-21', 3.49, 3.49, 3.42, 3.42]
['2017-09-22', 3.48, 3.5, 3.42, 3.5]
['2017-09-25', 3.4, 3.47, 3.36, 3.39]
['2017-09-26', 3.42, 3.43, 3.34, 3.41]
['2017-09-27', 3.39, 3.48, 3.39, 3.43]
['2017-09-28', 3.45, 3.47, 3.41, 3.44]
['2017-09-29', 3.41, 3.45, 3.25, 3.25]
['2017-10-02', 3.27, 3.38, 3.27, 3.33]
['2017-10-03', 3.38, 3.4, 3.34, 3.34]
['2017-10-04', 3.36, 3.49, 3.36, 3.49]
['2017-10-05', 3.42, 4.09, 3.42, 3.81]
['2017-10-06', 3.62, 4.25, 3.62, 4.2]
['2017-10-09', 4.2, 4.42, 4.02, 4.39]
['2017-10-10', 4.18, 4.43, 4.09, 4.25]
['2017-10-11', 4.14, 4.25, 4.14, 4.24]
['2017-10-12', 4.16, 4.32, 4.12, 4.25]
['2017-10-13', 4.23, 4.36, 4.1, 4.25]
['2017-10-16', 4.22, 4.29, 4.17, 4.25]
['2017-10-17', 4.27, 4.27, 4.23, 4.26]
['2017-10-18', 4.29, 4.31, 4.23, 4.29]
['2017-10-19', 4.25, 4.47, 4.25, 4.39]
['2017-10-20', 4.43, 4.55, 4.43, 4.5]
['2017-10-23', 4.51, 4.55, 4.48, 4.5]
['2017-10-24', 4.48, 4.6, 4.47, 4.56]
['2017-10-25', 4.51, 4.51, 4.48, 4.48]
['2017-10-26', 4.45, 4.53, 4.45, 4.5]
['2017-10-27', 4.48, 4.63, 4.44, 4.5]
['2017-10-30', 4.48, 4.6, 4.48, 4.5]
['2017-10-31', 4.48, 4.54, 4.48, 4.5]
['2017-11-01', 4.48, 4.5, 4.37, 4.5]
['2017-11-02', 4.54, 4.54, 4.5, 4.5]
['2017-11-03', 4.48, 4.64, 4.43, 4.64]
['2017-11-06', 4.53, 4.66, 4.48, 4.56]
['2017-11-07', 4.62, 4.86, 4.6, 4.6]
['2017-11-08', 4.61, 4.63, 4.21, 4.34]
['2017-11-09', 4.3, 4.6, 3.93, 4.6]
['2017-11-10', 4.55, 4.57, 4.46, 4.46]
['2017-11-13', 4.42, 4.42, 4.26, 4.33]
['2017-11-14', 4.27, 4.27, 3.9, 4.0]
['2017-11-15', 3.95, 4.2, 3.94, 3.97]
['2017-11-16', 4.1, 4.17, 3.96, 4.09]
['2017-11-17', 4.24, 4.24, 3.99, 4.0]
['2017-11-20', 3.97, 4.1, 3.67, 3.97]
['2017-11-21', 3.95, 4.25, 3.9, 4.19]
['2017-11-22', 4.2, 4.35, 4.17, 4.2]
['2017-11-24', 4.18, 4.38, 4.18, 4.38]
['2017-11-27', 4.35, 4.35, 4.15, 4.25]
['2017-11-28', 4.21, 4.33, 4.2, 4.3]
['2017-11-29', 4.3, 4.49, 4.14, 4.36]
['2017-11-30', 4.17, 4.46, 4.13, 4.36]
['2017-12-01', 4.4, 4.44, 4.07, 4.14]
['2017-12-04', 4.12, 4.18, 4.07, 4.15]
['2017-12-05', 4.12, 4.22, 4.12, 4.21]
['2017-12-06', 4.15, 4.2, 4.09, 4.15]
['2017-12-07', 4.19, 4.22, 4.15, 4.2]
['2017-12-08', 4.01, 4.26, 4.01, 4.17]
['2017-12-11', 4.15, 4.15, 4.05, 4.09]
['2017-12-12', 4.04, 4.07, 3.94, 3.96]
['2017-12-13', 3.95, 4.15, 3.95, 4.02]
['2017-12-14', 4.1, 4.15, 4.02, 4.02]
['2017-12-15', 4.02, 4.13, 4.0, 4.11]
['2017-12-18', 4.12, 4.17, 4.0, 4.0]
['2017-12-19', 4.02, 4.25, 4.0, 4.06]
['2017-12-20', 4.1, 4.18, 4.1, 4.12]
['2017-12-21', 4.1, 4.11, 4.0, 4.0]
['2017-12-22', 4.01, 4.29, 4.01, 4.29]
['2017-12-26', 4.3, 4.35, 4.2, 4.3]
['2017-12-27', 4.25, 4.32, 4.09, 4.3]
['2017-12-28', 4.29, 4.29, 4.29, 4.29]
['2017-12-29', 4.35, 4.45, 4.34, 4.4]
['2018-01-02', 4.4, 4.4, 4.21, 4.25]
['2018-01-03', 4.25, 4.4, 4.18, 4.38]
['2018-01-04', 4.29, 4.29, 4.24, 4.29]
['2018-01-05', 4.25, 4.39, 4.24, 4.28]
['2018-01-08', 4.24, 4.4, 4.16, 4.24]
['2018-01-09', 4.13, 4.25, 4.1, 4.25]
['2018-01-10', 4.23, 4.5, 4.23, 4.36]
['2018-01-11', 4.39, 5.0, 4.35, 4.83]
['2018-01-12', 4.85, 4.95, 4.7, 4.94]
['2018-01-16', 4.95, 5.0, 4.75, 4.94]
['2018-01-17', 4.11, 4.96, 4.11, 4.89]
['2018-01-18', 4.69, 4.8, 4.44, 4.79]
['2018-01-19', 4.8, 4.9, 4.74, 4.9]
['2018-01-22', 4.75, 4.89, 4.71, 4.84]
['2018-01-23', 4.84, 4.85, 4.76, 4.84]
['2018-01-24', 4.76, 4.95, 4.76, 4.88]
['2018-01-25', 4.93, 4.93, 4.87, 4.88]
['2018-01-26', 4.88, 4.88, 4.66, 4.78]
['2018-01-29', 4.81, 4.82, 4.58, 4.82]
['2018-01-30', 4.73, 4.73, 4.5, 4.65]
['2018-01-31', 4.75, 4.76, 4.58, 4.7]
['2018-02-01', 4.75, 4.81, 4.69, 4.78]
['2018-02-02', 4.65, 4.85, 4.65, 4.8]
['2018-02-05', 4.72, 4.72, 4.6, 4.63]
['2018-02-06', 4.63, 5.0, 4.61, 4.71]
['2018-02-07', 4.69, 4.75, 4.54, 4.7]
['2018-02-08', 4.72, 4.74, 4.65, 4.65]
['2018-02-09', 4.64, 4.8, 4.55, 4.7]
['2018-02-12', 4.68, 4.85, 4.68, 4.84]
['2018-02-13', 4.8, 5.0, 4.8, 5.0]
['2018-02-14', 4.99, 5.15, 4.9, 4.97]
['2018-02-15', 5.01, 5.1, 5.0, 5.0]
['2018-02-16', 5.01, 5.01, 4.97, 4.97]
['2018-02-20', 4.95, 5.15, 4.92, 5.09]
['2018-02-21', 5.09, 5.14, 4.98, 5.0]
['2018-02-22', 5.08, 5.12, 4.92, 5.08]
['2018-02-23', 5.11, 5.22, 4.97, 5.14]
['2018-02-26', 5.19, 5.2, 5.01, 5.01]
['2018-02-27', 5.0, 5.0, 4.89, 4.9]
['2018-02-28', 4.94, 4.96, 4.94, 4.96]
['2018-03-01', 4.9, 4.9, 4.9, 4.9]
['2018-03-02', 4.95, 5.11, 4.92, 5.02]
['2018-03-05', 5.13, 5.35, 5.08, 5.17]
['2018-03-06', 5.31, 5.31, 5.05, 5.13]
['2018-03-07', 5.21, 5.21, 4.37, 4.96]
['2018-03-08', 4.98, 5.18, 4.98, 5.05]
['2018-03-09', 5.06, 5.07, 4.77, 4.87]
['2018-03-12', 4.97, 5.09, 4.85, 4.93]
['2018-03-13', 5.0, 5.28, 4.74, 5.1]
['2018-03-14', 5.04, 5.19, 4.94, 5.18]
['2018-03-15', 5.16, 5.63, 5.02, 5.39]
['2018-03-16', 5.45, 5.45, 5.14, 5.14]
['2018-03-19', 5.13, 5.4, 5.13, 5.39]
['2018-03-20', 5.37, 5.37, 5.21, 5.29]
['2018-03-21', 5.3, 5.37, 5.27, 5.3]
['2018-03-22', 5.29, 5.34, 5.27, 5.31]
['2018-03-23', 5.31, 5.43, 5.29, 5.34]
['2018-03-26', 5.34, 5.53, 5.32, 5.35]
['2018-03-27', 5.37, 5.52, 5.24, 5.24]
['2018-03-28', 5.25, 5.52, 5.17, 5.52]
['2018-03-29', 5.44, 6.95, 5.44, 6.37]
['2018-04-02', 6.3, 7.64, 6.05, 6.49]
['2018-04-03', 6.4, 6.9, 6.39, 6.81]
['2018-04-04', 6.75, 6.81, 6.48, 6.6]
['2018-04-05', 6.6, 6.6, 6.04, 6.29]
['2018-04-06', 6.22, 6.51, 6.16, 6.45]
['2018-04-09', 6.34, 6.34, 6.02, 6.18]
['2018-04-10', 6.18, 6.29, 6.15, 6.17]
['2018-04-11', 6.15, 6.34, 6.15, 6.3]
['2018-04-12', 6.31, 6.63, 6.3, 6.62]
['2018-04-13', 6.74, 6.95, 6.65, 6.73]
['2018-04-16', 6.73, 6.87, 6.35, 6.35]
['2018-04-17', 6.63, 7.0, 6.37, 6.37]
['2018-04-18', 6.43, 6.78, 6.43, 6.78]
['2018-04-19', 6.66, 6.7, 6.35, 6.36]
['2018-04-20', 6.33, 6.59, 6.18, 6.25]
['2018-04-23', 6.2, 6.43, 6.2, 6.22]
['2018-04-24', 6.24, 6.25, 5.98, 6.07]
['2018-04-25', 6.13, 6.23, 6.13, 6.17]
['2018-04-26', 6.14, 6.33, 6.02, 6.3]
['2018-04-27', 6.26, 6.48, 6.25, 6.38]
['2018-04-30', 6.42, 6.55, 6.4, 6.47]
['2018-05-01', 6.46, 6.59, 6.38, 6.59]
['2018-05-02', 6.59, 6.75, 6.54, 6.74]
['2018-05-03', 6.74, 6.75, 6.64, 6.66]
['2018-05-04', 6.89, 6.98, 6.82, 6.98]
['2018-05-07', 7.0, 7.0, 6.6, 6.83]
['2018-05-08', 6.82, 6.99, 6.75, 6.75]
['2018-05-09', 6.6, 7.6, 6.6, 7.23]
['2018-05-10', 7.23, 8.0, 7.15, 7.97]
['2018-05-11', 7.85, 8.71, 7.23, 8.22]
['2018-05-14', 8.22, 8.25, 8.0, 8.18]
['2018-05-15', 8.2, 8.25, 8.14, 8.16]
['2018-05-16', 8.15, 8.15, 7.93, 8.1]
['2018-05-17', 8.09, 8.15, 8.02, 8.02]
['2018-05-18', 8.09, 8.15, 8.09, 8.13]
['2018-05-21', 8.15, 8.2, 8.07, 8.13]
['2018-05-22', 8.17, 8.35, 7.89, 8.01]
['2018-05-23', 8.02, 8.18, 7.92, 8.18]
['2018-05-24', 8.13, 8.15, 8.01, 8.14]
['2018-05-25', 8.0, 8.05, 7.77, 8.04]
['2018-05-29', 8.18, 8.18, 7.94, 7.95]
['2018-05-30', 8.02, 8.1, 7.95, 8.05]
['2018-05-31', 8.05, 8.05, 8.05, 8.05]
['2018-06-01', 8.03, 8.1, 7.96, 8.1]
['2018-06-04', 8.1, 8.1, 8.02, 8.1]
['2018-06-05', 8.07, 8.1, 7.94, 8.1]
['2018-06-06', 8.04, 8.08, 8.0, 8.01]
['2018-06-07', 8.02, 8.07, 8.01, 8.01]
['2018-06-08', 8.0, 8.05, 8.0, 8.01]
['2018-06-11', 8.01, 8.01, 7.85, 7.95]
['2018-06-12', 7.9, 7.9, 7.9, 7.9]
['2018-06-13', 7.88, 7.88, 7.84, 7.85]
['2018-06-14', 7.85, 8.05, 7.69, 8.0]
['2018-06-15', 7.99, 8.05, 7.75, 8.05]
['2018-06-18', 8.1, 8.45, 8.09, 8.12]
['2018-06-19', 8.12, 8.33, 8.1, 8.1]
['2018-06-20', 8.15, 8.58, 8.1, 8.46]
['2018-06-21', 8.45, 9.46, 8.34, 9.2]
['2018-06-22', 9.29, 9.5, 8.39, 8.99]
['2018-06-25', 8.99, 8.99, 8.48, 8.77]
['2018-06-26', 8.91, 9.0, 8.41, 8.87]
['2018-06-27', 8.87, 8.94, 8.79, 8.9]
['2018-06-28', 8.87, 9.0, 8.66, 8.7]
['2018-06-29', 8.76, 9.0, 8.65, 8.74]
['2018-07-02', 8.92, 8.93, 8.76, 8.76]
['2018-07-03', 8.79, 8.84, 8.63, 8.83]
['2018-07-05', 8.89, 8.9, 8.8, 8.8]
['2018-07-06', 8.81, 8.95, 8.78, 8.84]
['2018-07-09', 8.8, 9.9, 8.8, 9.56]
['2018-07-10', 9.63, 10.35, 9.52, 9.71]
['2018-07-11', 9.76, 11.0, 9.75, 10.67]
['2018-07-12', 10.77, 11.34, 10.72, 11.05]
['2018-07-13', 11.23, 11.83, 11.19, 11.78]
['2018-07-16', 11.84, 12.5, 11.11, 11.59]
['2018-07-17', 11.71, 11.75, 11.02, 11.6]
['2018-07-18', 11.63, 11.63, 11.12, 11.12]
['2018-07-19', 11.21, 11.7, 11.0, 11.36]
['2018-07-20', 11.48, 11.52, 11.06, 11.09]
['2018-07-23', 11.1, 11.17, 10.55, 10.94]
['2018-07-24', 10.94, 11.15, 10.87, 10.96]
['2018-07-25', 11.01, 11.02, 10.85, 10.88]
['2018-07-26', 10.85, 11.04, 10.76, 10.95]
['2018-07-27', 10.91, 11.04, 10.5, 10.74]
['2018-07-30', 10.74, 10.74, 10.03, 10.23]
['2018-07-31', 10.13, 10.68, 10.12, 10.45]
['2018-08-01', 10.24, 10.49, 10.19, 10.45]
['2018-08-02', 10.45, 10.65, 10.01, 10.01]
['2018-08-03', 10.25, 10.85, 10.1, 10.34]
['2018-08-06', 10.33, 11.96, 10.33, 11.49]
['2018-08-07', 11.59, 11.91, 10.21, 10.95]
['2018-08-08', 11.08, 11.73, 11.0, 11.62]
['2018-08-09', 11.69, 13.4, 11.32, 12.33]
['2018-08-10', 12.23, 12.38, 11.49, 12.14]
['2018-08-13', 12.12, 12.25, 11.88, 12.05]
['2018-08-14', 12.13, 12.8, 12.1, 12.61]
['2018-08-15', 12.6, 12.65, 12.1, 12.47]
['2018-08-16', 12.55, 12.9, 12.55, 12.79]
['2018-08-17', 12.82, 12.84, 12.45, 12.73]
['2018-08-20', 12.85, 13.5, 12.41, 13.46]
['2018-08-21', 13.54, 13.66, 13.2, 13.42]
['2018-08-22', 13.42, 13.57, 13.07, 13.21]
['2018-08-23', 13.29, 13.7, 13.29, 13.7]
['2018-08-24', 13.75, 14.33, 13.72, 14.32]
['2018-08-27', 14.3, 14.41, 13.78, 13.79]
['2018-08-28', 13.78, 14.14, 13.57, 14.1]
['2018-08-29', 14.17, 14.24, 13.62, 14.14]
['2018-08-30', 14.08, 14.42, 13.7, 14.02]
['2018-08-31', 13.71, 14.19, 13.71, 14.19]
['2018-09-04', 14.17, 14.87, 13.94, 14.49]
['2018-09-05', 14.52, 14.52, 13.1, 13.73]
['2018-09-06', 13.75, 13.75, 13.07, 13.45]
['2018-09-07', 13.45, 13.45, 12.58, 13.16]
['2018-09-10', 13.11, 14.13, 12.97, 13.4]
['2018-09-11', 13.49, 13.56, 13.02, 13.51]
['2018-09-12', 13.51, 13.62, 13.05, 13.37]
['2018-09-13', 13.34, 13.53, 13.12, 13.24]
['2018-09-14', 13.3, 13.3, 12.5, 12.67]
['2018-09-17', 12.76, 12.76, 11.82, 12.0]
['2018-09-18', 12.1, 13.11, 12.1, 13.1]
['2018-09-19', 13.12, 13.36, 12.84, 13.19]
['2018-09-20', 13.14, 13.41, 12.84, 13.29]
['2018-09-21', 13.36, 13.48, 13.04, 13.11]
['2018-09-24', 13.09, 13.46, 12.51, 13.46]
['2018-09-25', 13.5, 13.74, 13.31, 13.6]
['2018-09-26', 13.71, 13.75, 13.32, 13.54]
['2018-09-27', 13.6, 14.24, 13.22, 14.24]
['2018-09-28', 14.24, 14.34, 13.81, 14.02]
['2018-10-01', 14.02, 14.02, 13.51, 13.84]
['2018-10-02', 13.86, 14.06, 13.34, 13.65]
['2018-10-03', 13.71, 13.88, 13.1, 13.7]
['2018-10-04', 13.47, 13.7, 13.25, 13.31]
['2018-10-05', 13.16, 13.54, 12.04, 12.47]
['2018-10-08', 12.36, 12.93, 12.27, 12.3]
['2018-10-09', 12.24, 13.54, 12.0, 12.1]
['2018-10-10', 12.1, 12.14, 11.66, 12.05]
['2018-10-11', 11.62, 12.2, 11.02, 11.6]
['2018-10-12', 11.83, 12.04, 11.6, 11.68]
['2018-10-15', 11.62, 12.03, 11.08, 11.34]
['2018-10-16', 11.05, 11.5, 11.05, 11.37]
['2018-10-17', 11.33, 12.44, 11.33, 12.11]
['2018-10-18', 12.12, 12.12, 11.76, 12.03]
['2018-10-19', 12.05, 12.06, 10.93, 11.0]
['2018-10-22', 11.04, 11.31, 11.01, 11.02]
['2018-10-23', 11.0, 11.49, 10.98, 11.39]
['2018-10-24', 11.16, 11.5, 11.09, 11.42]
['2018-10-25', 11.5, 11.5, 10.69, 11.06]
['2018-10-26', 11.0, 11.18, 9.79, 11.0]
['2018-10-29', 11.07, 11.13, 10.65, 11.04]
['2018-10-30', 11.04, 11.5, 11.03, 11.13]
['2018-10-31', 11.37, 12.0, 11.17, 11.99]
['2018-11-01', 11.87, 12.39, 11.57, 12.34]
['2018-11-02', 12.4, 12.4, 12.12, 12.18]
['2018-11-05', 12.17, 12.64, 12.17, 12.39]
['2018-11-06', 12.36, 12.54, 12.18, 12.3]
['2018-11-07', 12.69, 12.84, 12.35, 12.83]
['2018-11-08', 13.49, 13.91, 13.12, 13.23]
['2018-11-09', 13.73, 13.73, 13.14, 13.24]
['2018-11-12', 13.23, 13.39, 12.85, 13.04]
['2018-11-13', 13.07, 13.5, 12.88, 13.27]
['2018-11-14', 13.34, 13.39, 13.01, 13.25]
['2018-11-15', 13.26, 14.24, 12.85, 13.9]
['2018-11-16', 13.95, 14.25, 13.7, 13.76]
['2018-11-19', 13.85, 14.04, 12.96, 13.29]
['2018-11-20', 13.11, 13.26, 12.38, 12.75]
['2018-11-21', 12.94, 12.94, 12.15, 12.3]
['2018-11-23', 12.31, 12.6, 12.31, 12.48]
['2018-11-26', 12.55, 12.69, 12.05, 12.58]
['2018-11-27', 12.5, 12.5, 12.0, 12.23]
['2018-11-28', 12.22, 12.5, 12.0, 12.3]
['2018-11-29', 12.21, 12.95, 12.21, 12.5]
['2018-11-30', 12.48, 12.89, 12.48, 12.56]
['2018-12-03', 12.77, 13.32, 12.61, 13.28]
['2018-12-04', 13.21, 13.47, 12.84, 12.84]
['2018-12-06', 12.78, 13.28, 12.32, 12.84]
['2018-12-07', 12.78, 13.0, 12.42, 12.55]
['2018-12-10', 12.47, 12.73, 12.35, 12.4]
['2018-12-11', 12.35, 12.73, 12.35, 12.41]
['2018-12-12', 12.49, 13.19, 12.45, 13.07]
['2018-12-13', 13.21, 13.21, 12.73, 13.05]
['2018-12-14', 12.63, 12.9, 12.55, 12.79]
['2018-12-17', 12.81, 12.89, 12.05, 12.4]
['2018-12-18', 12.27, 12.91, 12.2, 12.46]
['2018-12-19', 12.61, 13.37, 12.3, 12.49]
['2018-12-20', 12.45, 12.6, 11.55, 12.07]
['2018-12-21', 12.19, 12.19, 11.55, 11.79]
['2018-12-24', 11.83, 11.99, 11.75, 11.88]
['2018-12-26', 11.94, 13.3, 11.75, 13.3]
['2018-12-27', 13.1, 13.24, 12.11, 12.85]
['2018-12-28', 12.96, 13.17, 12.95, 12.95]
['2018-12-31', 13.24, 13.24, 12.58, 12.63]
['2019-01-02', 12.51, 13.1, 12.51, 13.1]
['2019-01-03', 12.83, 13.15, 12.74, 12.81]
['2019-01-04', 12.93, 14.22, 12.93, 14.1]
['2019-01-07', 14.31, 14.8, 13.7, 14.0]
['2019-01-08', 14.0, 14.11, 12.78, 13.9]
['2019-01-09', 13.74, 14.41, 13.3, 13.95]
['2019-01-10', 14.0, 14.13, 13.78, 14.0]
['2019-01-11', 14.03, 14.35, 13.37, 13.7]
['2019-01-14', 13.38, 13.67, 13.07, 13.41]
['2019-01-15', 13.69, 14.49, 13.36, 14.48]
['2019-01-16', 14.4, 14.46, 13.9, 14.03]
['2019-01-17', 13.82, 13.93, 13.52, 13.6]
['2019-01-18', 13.69, 14.49, 13.69, 14.34]
['2019-01-22', 14.21, 14.48, 13.71, 13.71]
['2019-01-23', 13.87, 14.07, 13.11, 13.19]
['2019-01-24', 13.11, 13.6, 13.11, 13.47]
['2019-01-25', 13.5, 14.06, 13.49, 13.91]
['2019-01-28', 13.71, 13.75, 13.46, 13.53]
['2019-01-29', 13.43, 13.63, 13.33, 13.52]
['2019-01-30', 13.48, 14.06, 13.32, 13.94]
['2019-01-31', 14.07, 14.39, 13.86, 14.26]
['2019-02-01', 14.26, 14.28, 13.84, 13.86]
['2019-02-04', 13.8, 14.34, 13.67, 14.28]
['2019-02-05', 14.28, 15.98, 14.16, 15.25]
['2019-02-06', 14.91, 15.45, 14.71, 15.05]
['2019-02-07', 15.05, 15.05, 12.84, 13.51]
['2019-02-08', 13.5, 14.16, 13.5, 13.67]
['2019-02-11', 13.68, 14.1, 13.68, 14.02]
['2019-02-12', 14.61, 14.61, 14.26, 14.58]
['2019-02-13', 14.51, 14.68, 14.0, 14.51]
['2019-02-14', 14.5, 14.7, 13.01, 13.85]
['2019-02-15', 13.9, 14.22, 13.85, 13.9]
['2019-02-19', 13.87, 13.97, 13.7, 13.81]
['2019-02-20', 13.73, 13.92, 13.72, 13.82]
['2019-02-21', 13.83, 13.98, 13.72, 13.88]
['2019-02-22', 13.8, 14.64, 13.8, 14.2]
['2019-02-25', 14.44, 15.09, 14.12, 15.04]
['2019-02-26', 15.12, 16.52, 15.05, 16.06]
['2019-02-27', 16.13, 16.25, 15.6, 15.95]
['2019-02-28', 16.11, 16.11, 13.8, 15.05]
['2019-03-01', 15.05, 15.37, 14.75, 15.17]
['2019-03-04', 15.15, 15.15, 14.25, 14.72]
['2019-03-05', 14.55, 14.85, 14.05, 14.25]
['2019-03-06', 14.36, 14.48, 13.83, 14.01]
['2019-03-07', 13.0, 14.21, 13.0, 14.03]
['2019-03-08', 14.04, 14.99, 13.81, 14.96]
['2019-03-11', 14.97, 14.97, 13.7, 14.7]
['2019-03-12', 14.68, 15.05, 14.39, 14.94]
['2019-03-13', 15.0, 15.59, 14.8, 15.07]
['2019-03-14', 15.0, 15.03, 14.88, 14.99]
['2019-03-15', 15.0, 15.47, 14.71, 15.03]
['2019-03-18', 14.68, 15.32, 14.1, 15.2]
['2019-03-19', 15.24, 16.0, 14.9, 15.4]
['2019-03-20', 15.16, 15.42, 15.0, 15.2]
['2019-03-21', 15.21, 15.57, 15.0, 15.11]
['2019-03-22', 15.11, 15.96, 14.51, 15.75]
['2019-03-25', 15.58, 15.95, 14.84, 15.16]
['2019-03-26', 15.37, 15.7, 14.87, 15.17]
['2019-03-27', 15.13, 15.3, 14.65, 15.21]
['2019-03-28', 15.32, 15.5, 15.17, 15.5]
['2019-03-29', 15.48, 16.02, 15.29, 16.02]
['2019-04-01', 15.97, 16.7, 15.97, 16.51]
['2019-04-02', 16.66, 17.16, 16.29, 17.07]
['2019-04-03', 17.06, 17.38, 16.6, 17.29]
['2019-04-04', 17.39, 17.39, 16.55, 16.8]
['2019-04-05', 16.8, 17.34, 16.7, 17.28]
['2019-04-08', 17.35, 18.01, 17.28, 17.89]
['2019-04-09', 17.76, 18.36, 17.68, 18.01]
['2019-04-10', 18.3, 18.59, 17.73, 17.88]
['2019-04-11', 18.06, 18.5, 17.3, 17.96]
['2019-04-12', 18.0, 18.84, 17.57, 18.55]
['2019-04-15', 18.56, 18.56, 18.01, 18.1]
['2019-04-16', 18.55, 18.87, 18.12, 18.87]
['2019-04-17', 18.85, 19.75, 18.5, 19.56]
['2019-04-18', 19.99, 19.99, 19.18, 19.49]
['2019-04-22', 19.61, 19.9, 19.1, 19.69]
['2019-04-23', 19.72, 19.87, 19.09, 19.17]
['2019-04-24', 19.13, 19.3, 18.08, 19.17]
['2019-04-25', 19.16, 19.75, 18.48, 19.4]
['2019-04-26', 19.55, 20.45, 18.49, 19.91]
['2019-04-29', 20.0, 20.65, 19.74, 20.54]
['2019-04-30', 20.47, 21.08, 20.24, 20.8]
['2019-05-01', 21.1, 21.1, 20.27, 20.35]
['2019-05-02', 20.35, 20.38, 20.08, 20.16]
['2019-05-03', 20.14, 20.46, 20.1, 20.16]
['2019-05-06', 19.61, 19.95, 19.31, 19.62]
['2019-05-07', 19.38, 19.5, 19.03, 19.22]
['2019-05-08', 19.07, 19.5, 18.59, 19.46]
['2019-05-09', 19.3, 20.04, 19.25, 19.9]
['2019-05-10', 18.8, 19.1, 16.75, 18.35]
['2019-05-13', 17.65, 18.27, 17.0, 17.42]
['2019-05-14', 17.2, 18.73, 16.6, 18.06]
['2019-05-15', 17.9, 18.25, 17.53, 17.92]
['2019-05-16', 17.91, 18.2, 17.81, 18.03]
['2019-05-17', 17.86, 18.6, 17.86, 18.43]
['2019-05-20', 18.19, 19.27, 17.62, 18.94]
['2019-05-21', 19.09, 19.45, 18.56, 18.82]
['2019-05-22', 18.75, 19.02, 17.5, 17.55]
['2019-05-23', 17.57, 17.57, 16.5, 16.65]
['2019-05-24', 16.82, 17.04, 16.02, 16.3]
['2019-05-28', 16.0, 16.63, 15.26, 15.61]
['2019-05-29', 15.52, 15.52, 14.58, 14.81]
['2019-05-30', 15.0, 15.07, 14.02, 14.64]
['2019-05-31', 14.6, 14.68, 14.11, 14.58]
['2019-06-03', 14.47, 14.79, 13.7, 13.92]
['2019-06-04', 14.14, 14.41, 13.59, 13.64]
['2019-06-05', 13.51, 14.91, 13.51, 14.75]
['2019-06-06', 14.73, 14.96, 14.47, 14.57]
['2019-06-07', 14.68, 14.94, 14.28, 14.57]
['2019-06-10', 14.63, 14.87, 13.97, 14.5]
['2019-06-11', 14.53, 14.63, 13.68, 14.04]
['2019-06-12', 13.91, 15.61, 13.82, 15.17]
['2019-06-13', 13.5, 13.6, 12.7, 12.7]
['2019-06-14', 12.68, 13.23, 12.65, 12.87]
['2019-06-17', 12.87, 13.6, 12.48, 12.67]
['2019-06-18', 12.95, 13.31, 12.67, 12.71]
['2019-06-19', 12.8, 13.1, 12.75, 13.05]
['2019-06-20', 13.21, 13.5, 12.71, 13.23]
['2019-06-21', 13.23, 13.23, 12.42, 12.88]
['2019-06-24', 13.49, 13.6, 12.57, 12.88]
['2019-06-25', 13.08, 13.12, 12.68, 12.85]
['2019-06-26', 12.9, 13.02, 12.14, 12.2]
['2019-06-27', 12.24, 13.04, 12.21, 12.95]
['2019-06-28', 13.03, 13.15, 12.77, 12.99]
['2019-07-01', 12.94, 14.27, 12.94, 13.93]
['2019-07-02', 13.93, 13.93, 12.81, 13.1]
['2019-07-03', 13.21, 13.4, 12.95, 13.38]
['2019-07-05', 13.24, 13.81, 13.05, 13.53]
['2019-07-08', 13.4, 13.52, 12.72, 12.76]
['2019-07-09', 12.75, 12.78, 12.2, 12.3]
['2019-07-10', 12.4, 12.55, 12.19, 12.31]
['2019-07-11', 12.3, 12.53, 11.87, 12.05]
['2019-07-12', 12.1, 12.2, 11.79, 12.0]
['2019-07-15', 11.92, 12.0, 11.65, 11.8]
['2019-07-16', 11.81, 12.13, 11.67, 11.91]
['2019-07-17', 11.68, 11.68, 9.44, 10.24]
['2019-07-18', 10.16, 10.74, 10.14, 10.62]
['2019-07-19', 10.55, 10.7, 10.21, 10.25]
['2019-07-22', 10.36, 10.49, 9.65, 10.15]
['2019-07-23', 10.21, 10.43, 9.91, 10.37]
['2019-07-24', 10.32, 10.46, 10.0, 10.26]
['2019-07-25', 10.23, 10.24, 9.84, 9.92]
['2019-07-26', 9.89, 10.25, 9.4, 9.96]
['2019-07-29', 9.93, 10.15, 9.43, 9.92]
['2019-07-30', 9.77, 9.98, 9.57, 9.67]
['2019-07-31', 9.7, 9.99, 9.51, 9.52]
['2019-08-01', 9.45, 9.6, 9.11, 9.18]
['2019-08-02', 9.16, 9.27, 8.89, 9.22]
['2019-08-05', 9.04, 9.04, 8.48, 8.74]
['2019-08-06', 8.89, 9.4, 8.63, 9.09]
['2019-08-07', 9.25, 10.53, 9.18, 9.92]
['2019-08-08', 10.66, 11.25, 10.5, 10.97]
['2019-08-09', 10.95, 11.04, 10.31, 10.6]
['2019-08-12', 10.46, 10.61, 10.18, 10.5]
['2019-08-13', 10.43, 11.1, 10.3, 10.5]
['2019-08-14', 10.26, 10.28, 9.63, 9.73]
['2019-08-15', 9.77, 9.86, 9.24, 9.5]
['2019-08-16', 9.65, 10.48, 9.56, 10.42]
['2019-08-19', 10.62, 10.82, 10.35, 10.77]
['2019-08-20', 10.71, 11.6, 10.65, 11.28]
['2019-08-21', 11.49, 12.21, 11.35, 11.6]
['2019-08-22', 11.62, 11.98, 11.29, 11.59]
['2019-08-23', 11.45, 11.94, 11.45, 11.9]
['2019-08-26', 12.0, 12.19, 11.5, 11.72]
['2019-08-27', 11.42, 11.71, 11.04, 11.13]
['2019-08-28', 11.11, 11.28, 10.99, 11.11]
['2019-08-29', 11.26, 11.99, 11.21, 11.61]
['2019-08-30', 11.36, 11.8, 11.14, 11.6]
['2019-09-03', 11.6, 12.17, 11.6, 12.09]
['2019-09-04', 12.23, 12.29, 11.78, 11.86]
['2019-09-05', 12.04, 12.68, 11.73, 12.52]
['2019-09-06', 12.61, 12.62, 11.91, 12.33]
['2019-09-09', 12.2, 12.41, 11.87, 11.98]
['2019-09-10', 11.95, 12.09, 11.57, 11.89]
['2019-09-11', 11.92, 12.24, 11.71, 11.85]
['2019-09-12', 11.85, 12.05, 11.73, 11.94]
['2019-09-13', 12.03, 12.03, 11.67, 11.87]
['2019-09-16', 11.79, 11.96, 11.33, 11.43]
['2019-09-17', 11.43, 11.66, 10.81, 11.15]
['2019-09-18', 11.15, 11.24, 10.73, 10.91]
['2019-09-19', 11.06, 11.27, 10.82, 10.9]
['2019-09-20', 10.95, 11.09, 10.03, 10.47]
['2019-09-23', 10.32, 11.06, 10.08, 10.83]
['2019-09-24', 10.96, 10.96, 9.95, 9.99]
['2019-09-25', 10.01, 10.43, 9.83, 10.33]
['2019-09-26', 10.33, 10.4, 9.98, 10.16]
['2019-09-27', 10.3, 10.45, 10.01, 10.13]
['2019-09-30', 10.2, 10.41, 9.63, 9.7]
['2019-10-01', 9.75, 10.08, 9.53, 9.74]
['2019-10-02', 9.74, 9.74, 9.08, 9.56]
['2019-10-03', 9.46, 10.02, 9.38, 9.73]
['2019-10-04', 9.9, 10.03, 9.64, 9.76]
['2019-10-07', 9.41, 9.74, 9.21, 9.37]
['2019-10-08', 9.19, 9.47, 9.06, 9.24]
['2019-10-09', 9.7, 9.9, 9.24, 9.34]
['2019-10-10', 9.18, 9.76, 9.18, 9.24]
['2019-10-11', 9.3, 9.45, 9.15, 9.19]
['2019-10-14', 9.06, 9.19, 8.75, 9.02]
['2019-10-15', 9.08, 9.25, 8.84, 8.95]
['2019-10-16', 8.73, 9.01, 8.7, 8.75]
['2019-10-17', 8.61, 9.01, 8.61, 8.87]
['2019-10-18', 8.81, 8.81, 8.33, 8.65]
['2019-10-21', 8.8, 9.01, 8.62, 8.91]
['2019-10-22', 8.94, 8.96, 8.26, 8.4]
['2019-10-23', 8.4, 8.62, 8.3, 8.34]
['2019-10-24', 8.23, 8.63, 8.1, 8.44]
['2019-10-25', 8.48, 9.24, 8.4, 9.13]
['2019-10-28', 9.2, 10.04, 9.2, 9.91]
['2019-10-29', 9.9, 10.48, 9.89, 10.09]
['2019-10-30', 10.08, 10.43, 10.01, 10.26]
['2019-10-31', 10.26, 10.29, 9.88, 10.19]
['2019-11-01', 10.29, 10.47, 10.19, 10.3]
['2019-11-04', 10.47, 10.47, 9.88, 9.95]
['2019-11-05', 9.97, 10.04, 9.75, 9.9]
['2019-11-06', 9.89, 9.91, 8.82, 8.94]
['2019-11-07', 9.02, 10.05, 9.02, 9.49]
['2019-11-08', 8.91, 9.5, 8.35, 8.63]
['2019-11-11', 8.8, 9.48, 8.76, 9.14]
['2019-11-12', 9.15, 10.28, 9.15, 10.01]
['2019-11-13', 9.97, 10.01, 9.53, 9.91]
['2019-11-14', 9.88, 10.38, 9.52, 10.29]
['2019-11-15', 10.37, 10.56, 10.0, 10.49]
['2019-11-18', 10.5, 10.86, 10.5, 10.63]
['2019-11-19', 10.73, 10.93, 10.43, 10.65]
['2019-11-20', 10.62, 11.0, 10.29, 10.49]
['2019-11-21', 10.45, 10.48, 10.02, 10.43]
['2019-11-22', 10.5, 11.69, 10.5, 11.65]
['2019-11-25', 11.58, 12.16, 11.49, 11.9]
['2019-11-26', 11.92, 13.0, 11.79, 12.23]
['2019-11-27', 12.22, 12.91, 11.87, 12.28]
['2019-11-29', 12.28, 13.16, 12.15, 12.58]
['2019-12-02', 12.6, 12.95, 11.7, 11.82]
['2019-12-03', 11.63, 11.75, 11.1, 11.19]
['2019-12-04', 11.12, 11.82, 10.9, 10.95]
['2019-12-05', 10.66, 11.19, 10.57, 10.71]
['2019-12-06', 10.83, 11.05, 10.52, 10.71]
['2019-12-09', 10.68, 10.88, 10.4, 10.54]
['2019-12-10', 10.63, 10.73, 10.02, 10.18]
['2019-12-11', 10.3, 10.94, 10.03, 10.15]
['2019-12-12', 10.15, 10.32, 10.02, 10.14]
['2019-12-13', 10.11, 10.35, 9.88, 10.15]
['2019-12-16', 9.96, 10.4, 9.96, 10.16]
['2019-12-17', 10.16, 10.29, 10.0, 10.09]
['2019-12-18', 10.15, 10.15, 9.97, 10.02]
['2019-12-19', 9.91, 10.5, 9.9, 10.49]
['2019-12-20', 10.58, 12.4, 10.51, 11.4]
['2019-12-23', 11.47, 12.09, 11.19, 12.01]
['2019-12-24', 12.04, 12.22, 11.8, 11.99]
['2019-12-26', 12.0, 12.6, 11.73, 11.77]
['2019-12-27', 11.8, 11.83, 10.92, 11.4]
['2019-12-30', 11.42, 11.68, 11.1, 11.39]
['2019-12-31', 11.38, 11.85, 11.35, 11.47]
['2020-01-02', 11.56, 11.87, 10.94, 11.09]
['2020-01-03', 10.9, 11.05, 10.37, 10.61]
['2020-01-06', 10.6, 11.1, 10.27, 10.82]
['2020-01-07', 10.8, 11.47, 10.39, 11.44]
['2020-01-08', 11.48, 11.74, 11.14, 11.29]
['2020-01-09', 11.37, 11.65, 10.51, 10.73]
['2020-01-10', 10.75, 11.09, 10.29, 10.44]
['2020-01-13', 10.48, 10.84, 10.13, 10.28]
['2020-01-14', 10.28, 11.43, 10.12, 11.23]
['2020-01-15', 11.26, 11.61, 10.75, 10.96]
['2020-01-16', 11.02, 11.6, 11.02, 11.41]
['2020-01-17', 11.56, 11.97, 11.43, 11.78]
['2020-01-21', 11.9, 11.98, 11.51, 11.67]
['2020-01-22', 11.75, 11.99, 11.48, 11.94]
['2020-01-23', 11.99, 12.29, 10.82, 12.16]
['2020-01-24', 12.31, 12.75, 11.83, 12.27]
['2020-01-27', 12.07, 12.57, 11.89, 12.12]
['2020-01-28', 11.56, 12.5, 11.56, 12.31]
['2020-01-29', 12.65, 12.65, 12.35, 12.39]
['2020-01-30', 12.3, 12.59, 12.09, 12.52]
['2020-01-31', 12.5, 12.59, 12.04, 12.36]
['2020-02-03', 12.13, 13.0, 12.13, 12.77]
['2020-02-04', 13.0, 13.25, 12.46, 12.73]
['2020-02-05', 12.38, 12.75, 11.81, 12.53]
['2020-02-06', 12.49, 13.66, 12.46, 12.9]
['2020-02-07', 13.19, 13.47, 12.27, 12.93]
['2020-02-10', 12.93, 13.01, 12.47, 12.64]
['2020-02-11', 12.6, 12.67, 12.0, 12.3]
['2020-02-12', 12.29, 12.75, 12.11, 12.69]
['2020-02-13', 12.63, 13.1, 12.31, 12.81]
['2020-02-14', 12.82, 13.1, 12.7, 12.98]
['2020-02-18', 12.9, 13.33, 12.78, 13.15]
['2020-02-19', 13.19, 13.5, 12.96, 13.43]
['2020-02-20', 13.63, 13.95, 13.1, 13.5]
['2020-02-21', 13.6, 13.74, 13.14, 13.66]
['2020-02-24', 13.47, 13.86, 13.09, 13.8]
['2020-02-25', 13.92, 13.92, 12.16, 12.25]
['2020-02-26', 12.09, 12.69, 11.33, 12.4]
['2020-02-27', 12.15, 12.59, 11.53, 11.75]
['2020-02-28', 11.38, 12.31, 11.04, 11.4]
['2020-03-02', 11.54, 11.75, 11.21, 11.4]
['2020-03-03', 11.51, 12.16, 11.4, 11.65]
['2020-03-04', 11.87, 12.23, 11.75, 11.95]
['2020-03-05', 11.68, 12.08, 11.45, 11.69]
['2020-03-06', 11.35, 11.5, 10.79, 11.34]
['2020-03-09', 10.75, 11.0, 10.15, 10.33]
['2020-03-10', 10.52, 10.89, 10.0, 10.31]
['2020-03-11', 10.06, 10.06, 9.43, 9.64]
['2020-03-12', 8.74, 8.9, 7.83, 7.91]
['2020-03-13', 8.31, 8.88, 7.5, 8.0]
['2020-03-16', 7.5, 8.06, 7.01, 7.66]
['2020-03-17', 7.89, 8.72, 7.69, 7.9]
['2020-03-18', 7.43, 7.45, 6.16, 6.22]
['2020-03-19', 6.0, 7.81, 5.85, 6.95]
['2020-03-20', 6.82, 7.37, 5.83, 6.25]
['2020-03-23', 5.95, 6.58, 5.72, 5.9]
['2020-03-24', 6.24, 6.65, 5.88, 6.27]
['2020-03-25', 6.07, 6.76, 5.74, 6.1]
['2020-03-26', 6.22, 6.7, 5.81, 6.52]
['2020-03-27', 6.51, 6.8, 5.28, 5.71]
['2020-03-30', 5.77, 6.29, 5.57, 6.24]
['2020-03-31', 6.25, 6.54, 5.84, 6.06]
['2020-04-01', 5.91, 6.21, 5.53, 5.67]
['2020-04-02', 5.51, 6.07, 5.02, 5.4]
['2020-04-03', 5.42, 5.42, 4.5, 4.77]
['2020-04-06', 5.11, 5.79, 5.07, 5.75]
['2020-04-07', 5.95, 6.39, 5.51, 5.86]
['2020-04-08', 5.86, 6.03, 5.47, 5.53]
['2020-04-09', 5.59, 6.14, 5.52, 5.85]
['2020-04-13', 5.81, 5.91, 5.51, 5.65]
['2020-04-14', 5.82, 6.3, 5.57, 6.18]
['2020-04-15', 6.39, 6.94, 6.25, 6.83]
['2020-04-16', 6.9, 7.19, 6.3, 6.79]
['2020-04-17', 7.11, 7.11, 6.49, 6.56]
['2020-04-20', 6.53, 6.79, 5.92, 6.05]
['2020-04-21', 5.91, 6.14, 5.76, 5.95]
['2020-04-22', 6.49, 7.15, 6.25, 6.92]
['2020-04-23', 7.16, 7.38, 6.55, 6.71]
['2020-04-24', 6.71, 6.81, 6.46, 6.54]
['2020-04-27', 6.6, 7.25, 6.5, 7.15]
['2020-04-28', 7.18, 7.35, 6.81, 6.96]
['2020-04-29', 7.36, 7.65, 6.99, 7.43]
['2020-04-30', 7.31, 7.31, 6.61, 6.89]
['2020-05-01', 6.85, 7.28, 6.61, 6.85]
['2020-05-04', 6.73, 6.91, 6.32, 6.84]
['2020-05-05', 6.82, 6.99, 6.52, 6.67]
['2020-05-06', 6.7, 7.1, 6.58, 6.96]
['2020-05-07', 7.11, 7.34, 7.01, 7.2]
['2020-05-08', 7.39, 7.66, 7.22, 7.3]
['2020-05-11', 7.49, 8.65, 7.31, 8.6]
['2020-05-12', 9.15, 9.15, 7.74, 7.9]
['2020-05-13', 7.97, 7.97, 7.06, 7.85]
['2020-05-14', 7.85, 8.05, 6.74, 8.0]
['2020-05-15', 8.5, 9.3, 8.15, 8.29]
['2020-05-18', 8.29, 9.38, 8.29, 9.33]
['2020-05-19', 9.33, 9.96, 9.33, 9.68]
['2020-05-20', 9.85, 10.53, 9.77, 10.18]
['2020-05-21', 10.12, 10.34, 9.54, 9.57]
['2020-05-22', 9.6, 9.88, 9.4, 9.83]
['2020-05-26', 10.23, 10.23, 9.6, 9.75]
['2020-05-27', 9.99, 10.16, 8.73, 10.07]
['2020-05-28', 9.99, 10.68, 9.98, 10.22]
['2020-05-29', 10.18, 10.31, 9.72, 9.9]
['2020-06-01', 9.95, 9.95, 9.18, 9.5]
['2020-06-02', 9.51, 9.51, 8.9, 8.95]
['2020-06-03', 9.13, 9.61, 8.82, 9.12]
['2020-06-04', 9.01, 9.43, 8.57, 8.66]
['2020-06-05', 8.97, 9.49, 8.68, 9.43]
