['2018-10-17', 21.0, 21.33, 19.45, 20.06]
['2018-10-18', 20.0, 21.96, 19.47, 21.0]
['2018-10-19', 21.44, 21.44, 20.09, 20.35]
['2018-10-22', 20.35, 20.44, 19.45, 20.2]
['2018-10-23', 19.9, 20.33, 19.46, 19.5]
['2018-10-24', 19.5, 19.62, 18.26, 18.54]
['2018-10-25', 18.44, 18.5, 17.22, 18.36]
['2018-10-26', 18.5, 19.0, 17.31, 18.58]
['2018-10-29', 17.92, 18.95, 17.92, 18.51]
['2018-10-30', 19.13, 19.24, 18.0, 18.72]
['2018-10-31', 18.69, 19.0, 18.3, 18.75]
['2018-11-01', 18.64, 19.25, 18.07, 18.85]
['2018-11-02', 18.88, 19.25, 17.75, 18.34]
['2018-11-05', 18.44, 19.08, 17.96, 18.04]
['2018-11-06', 18.05, 18.65, 17.75, 18.48]
['2018-11-07', 18.45, 18.98, 17.94, 18.59]
['2018-11-08', 18.36, 18.99, 18.0, 18.54]
['2018-11-09', 18.37, 18.75, 18.09, 18.4]
['2018-11-12', 18.3, 18.95, 18.16, 18.34]
['2018-11-13', 18.54, 18.63, 18.01, 18.17]
['2018-11-14', 18.12, 18.3, 17.46, 17.81]
['2018-11-15', 17.81, 18.38, 17.46, 17.57]
['2018-11-16', 17.46, 18.25, 16.31, 17.68]
['2018-11-19', 17.98, 18.05, 16.59, 16.79]
['2018-11-20', 16.27, 17.95, 16.27, 16.9]
['2018-11-21', 17.18, 18.21, 16.74, 18.14]
['2018-11-23', 18.07, 18.1, 17.4, 18.1]
['2018-11-26', 18.11, 19.0, 18.0, 18.41]
['2018-11-27', 18.4, 18.79, 18.09, 18.56]
['2018-11-28', 18.45, 18.96, 18.02, 18.52]
['2018-11-29', 18.56, 18.88, 18.0, 18.47]
['2018-11-30', 18.27, 18.5, 17.07, 17.96]
['2018-12-03', 18.11, 20.75, 17.27, 20.44]
['2018-12-04', 20.12, 21.5, 18.52, 19.4]
['2018-12-06', 19.1, 20.16, 17.09, 17.44]
['2018-12-07', 17.53, 20.33, 17.53, 20.29]
['2018-12-10', 20.35, 20.88, 18.47, 19.98]
['2018-12-11', 20.09, 20.09, 17.99, 18.86]
['2018-12-12', 19.02, 20.25, 18.28, 18.75]
['2018-12-13', 19.03, 19.98, 18.0, 19.98]
['2018-12-14', 19.9, 20.38, 18.75, 20.17]
['2018-12-17', 20.01, 21.25, 19.68, 20.0]
['2018-12-18', 19.95, 21.06, 19.3, 20.25]
['2018-12-19', 20.09, 21.82, 20.09, 20.55]
['2018-12-20', 20.87, 21.0, 18.1, 18.71]
['2018-12-21', 18.66, 19.82, 18.05, 18.41]
['2018-12-24', 18.23, 18.53, 18.15, 18.32]
['2018-12-26', 18.42, 19.89, 18.42, 19.35]
['2018-12-27', 19.12, 19.54, 18.18, 19.46]
['2018-12-28', 19.5, 20.48, 19.23, 20.46]
['2018-12-31', 20.78, 21.16, 19.61, 20.89]
['2019-01-02', 20.69, 21.26, 19.86, 20.85]
['2019-01-03', 20.76, 21.04, 18.23, 18.8]
['2019-01-04', 19.13, 19.93, 19.07, 19.92]
['2019-01-07', 19.95, 20.53, 19.68, 19.99]
['2019-01-08', 20.05, 20.15, 19.84, 20.13]
['2019-01-09', 20.26, 21.5, 20.06, 21.08]
['2019-01-10', 21.0, 21.62, 20.57, 21.59]
['2019-01-11', 21.59, 21.8, 20.53, 21.38]
['2019-01-14', 21.17, 21.55, 20.91, 21.36]
['2019-01-15', 21.4, 22.53, 21.36, 22.0]
['2019-01-16', 22.11, 23.03, 21.57, 22.11]
['2019-01-17', 22.0, 22.97, 21.82, 22.35]
['2019-01-18', 22.6, 22.6, 20.56, 20.77]
['2019-01-22', 20.5, 20.91, 18.95, 19.99]
['2019-01-23', 20.2, 21.0, 19.23, 19.74]
['2019-01-24', 19.88, 20.04, 18.98, 19.53]
['2019-01-25', 19.67, 20.68, 19.4, 19.57]
['2019-01-28', 19.3, 19.61, 19.06, 19.17]
['2019-01-29', 19.06, 20.04, 18.05, 18.16]
['2019-01-30', 18.28, 18.72, 17.23, 17.29]
['2019-01-31', 17.35, 18.82, 17.35, 17.98]
['2019-02-01', 18.05, 19.06, 17.94, 18.45]
['2019-02-04', 18.47, 19.58, 18.47, 19.38]
['2019-02-05', 19.22, 19.95, 18.35, 18.59]
['2019-02-06', 18.57, 19.09, 17.98, 18.44]
['2019-02-07', 18.35, 18.4, 17.5, 17.58]
['2019-02-08', 17.56, 18.39, 17.09, 17.55]
['2019-02-11', 17.56, 17.85, 17.14, 17.4]
['2019-02-12', 17.64, 17.74, 17.34, 17.55]
['2019-02-13', 17.6, 18.02, 17.31, 17.6]
['2019-02-14', 17.54, 18.82, 17.33, 18.12]
['2019-02-15', 18.23, 18.45, 17.64, 18.0]
['2019-02-19', 18.17, 19.68, 18.17, 18.92]
['2019-02-20', 18.95, 19.35, 18.67, 19.14]
['2019-02-21', 19.29, 19.5, 18.88, 19.06]
['2019-02-22', 19.19, 20.63, 19.19, 20.48]
['2019-02-25', 20.65, 21.16, 20.04, 20.72]
['2019-02-26', 20.91, 21.11, 20.21, 20.64]
['2019-02-27', 20.75, 21.11, 20.31, 20.68]
['2019-02-28', 20.7, 21.14, 20.56, 20.72]
['2019-03-01', 20.94, 21.16, 20.57, 20.84]
['2019-03-04', 20.82, 21.08, 20.25, 20.33]
['2019-03-05', 20.46, 20.56, 19.36, 20.0]
['2019-03-06', 20.01, 20.01, 19.26, 19.7]
['2019-03-07', 19.78, 19.82, 19.0, 19.18]
['2019-03-08', 18.99, 20.09, 18.48, 18.8]
['2019-03-11', 18.89, 19.24, 18.58, 19.02]
['2019-03-12', 19.08, 19.45, 18.75, 18.99]
['2019-03-13', 19.05, 19.06, 17.9, 18.0]
['2019-03-14', 18.01, 18.46, 17.79, 18.11]
['2019-03-15', 18.16, 18.99, 17.9, 18.59]
['2019-03-18', 18.6, 19.1, 18.48, 18.87]
['2019-03-19', 18.99, 19.21, 18.93, 18.95]
['2019-03-20', 18.91, 19.05, 18.56, 19.01]
['2019-03-21', 18.9, 19.04, 18.55, 18.67]
['2019-03-22', 18.62, 18.88, 17.75, 18.08]
['2019-03-25', 18.23, 18.97, 18.1, 18.72]
['2019-03-26', 18.7, 18.95, 18.25, 18.54]
['2019-03-27', 18.64, 18.64, 17.95, 18.19]
['2019-03-28', 18.25, 18.75, 18.08, 18.34]
['2019-03-29', 18.39, 19.0, 18.0, 18.84]
['2019-04-01', 18.81, 19.06, 18.25, 18.91]
['2019-04-02', 18.9, 19.19, 18.65, 18.86]
['2019-04-03', 18.96, 19.59, 18.3, 18.81]
['2019-04-04', 18.79, 19.0, 18.05, 18.18]
['2019-04-05', 18.21, 18.55, 17.75, 17.85]
['2019-04-08', 17.83, 18.05, 17.6, 17.62]
['2019-04-09', 17.62, 18.46, 17.5, 17.6]
['2019-04-10', 17.65, 18.23, 17.51, 17.63]
['2019-04-11', 17.8, 17.8, 17.25, 17.5]
['2019-04-12', 17.46, 17.54, 17.02, 17.04]
['2019-04-15', 17.26, 17.57, 16.55, 16.84]
['2019-04-16', 16.59, 16.78, 16.4, 16.6]
['2019-04-17', 16.48, 16.77, 15.6, 15.91]
['2019-04-18', 15.81, 15.97, 14.08, 15.13]
['2019-04-22', 14.72, 16.33, 14.72, 16.14]
['2019-04-23', 16.4, 16.8, 16.0, 16.51]
['2019-04-24', 16.59, 16.95, 16.21, 16.31]
['2019-04-25', 16.37, 16.44, 16.01, 16.4]
['2019-04-26', 16.26, 16.97, 16.18, 16.96]
['2019-04-29', 16.89, 17.49, 16.38, 17.18]
['2019-04-30', 17.02, 17.7, 16.51, 17.0]
['2019-05-01', 17.11, 17.19, 16.37, 16.75]
['2019-05-02', 16.57, 17.35, 16.35, 16.95]
['2019-05-03', 16.98, 17.63, 16.91, 17.38]
['2019-05-06', 16.93, 17.52, 16.81, 17.06]
['2019-05-07', 16.73, 17.76, 16.73, 17.61]
['2019-05-08', 17.53, 18.14, 17.16, 17.86]
['2019-05-09', 17.34, 17.63, 16.59, 16.92]
['2019-05-10', 16.88, 17.01, 15.6, 16.45]
['2019-05-13', 16.21, 16.31, 15.25, 16.18]
['2019-05-14', 16.06, 16.7, 16.06, 16.4]
['2019-05-15', 16.13, 16.48, 15.6, 16.08]
['2019-05-16', 15.95, 16.44, 15.46, 15.94]
['2019-05-17', 15.68, 16.09, 15.63, 15.93]
['2019-05-20', 15.85, 16.56, 15.65, 16.18]
['2019-05-21', 16.3, 16.5, 16.13, 16.29]
['2019-05-22', 16.33, 16.7, 16.11, 16.36]
['2019-05-23', 16.28, 16.61, 15.77, 16.46]
['2019-05-24', 16.5, 16.76, 15.73, 15.93]
['2019-05-28', 15.94, 16.22, 15.64, 16.06]
['2019-05-29', 15.94, 16.43, 15.8, 16.25]
['2019-05-30', 16.25, 16.35, 15.82, 16.2]
['2019-05-31', 16.0, 16.94, 15.75, 16.79]
['2019-06-03', 16.62, 17.5, 16.38, 17.34]
['2019-06-04', 17.47, 17.66, 17.14, 17.34]
['2019-06-05', 17.43, 17.71, 16.68, 17.33]
['2019-06-06', 17.19, 17.65, 16.46, 17.11]
['2019-06-07', 17.15, 17.59, 17.15, 17.35]
['2019-06-10', 17.45, 18.22, 17.45, 17.69]
['2019-06-11', 17.86, 18.0, 16.97, 17.43]
['2019-06-12', 17.35, 17.69, 17.03, 17.5]
['2019-06-13', 17.43, 18.0, 17.43, 17.72]
['2019-06-14', 17.72, 17.79, 17.06, 17.46]
['2019-06-17', 17.49, 17.64, 17.18, 17.58]
['2019-06-18', 17.69, 17.91, 17.55, 17.63]
['2019-06-19', 17.67, 18.0, 17.57, 18.0]
['2019-06-20', 18.0, 18.39, 17.73, 18.17]
['2019-06-21', 18.05, 18.15, 17.47, 17.73]
['2019-06-24', 17.73, 17.82, 17.45, 17.71]
['2019-06-25', 17.77, 18.31, 17.42, 17.98]
['2019-06-26', 18.04, 18.18, 17.77, 18.0]
['2019-06-27', 18.0, 19.06, 17.98, 18.94]
['2019-06-28', 18.88, 20.65, 18.88, 20.34]
['2019-07-01', 20.24, 21.0, 19.74, 20.26]
['2019-07-02', 20.14, 20.41, 19.52, 19.73]
['2019-07-03', 19.82, 19.99, 19.01, 19.2]
['2019-07-05', 19.31, 19.31, 18.82, 19.12]
['2019-07-08', 19.01, 19.35, 18.83, 19.15]
['2019-07-09', 19.15, 19.7, 19.07, 19.47]
['2019-07-10', 19.58, 20.17, 19.47, 19.93]
['2019-07-11', 19.99, 20.32, 19.48, 19.65]
['2019-07-12', 19.65, 20.04, 19.25, 19.8]
['2019-07-15', 19.67, 20.08, 19.36, 19.68]
['2019-07-16', 19.69, 20.0, 19.56, 19.87]
['2019-07-17', 19.86, 20.12, 19.86, 20.08]
['2019-07-18', 20.1, 20.67, 19.93, 20.18]
['2019-07-19', 20.01, 20.95, 19.69, 19.73]
['2019-07-22', 19.57, 19.98, 18.77, 18.95]
['2019-07-23', 18.86, 19.08, 18.7, 18.78]
['2019-07-24', 18.69, 19.58, 18.69, 19.52]
['2019-07-25', 19.64, 19.64, 19.15, 19.38]
['2019-07-26', 19.54, 19.89, 19.16, 19.4]
['2019-07-29', 19.25, 19.35, 18.41, 18.65]
['2019-07-30', 18.58, 18.86, 18.1, 18.44]
['2019-07-31', 18.45, 19.14, 17.82, 17.98]
['2019-08-01', 17.99, 18.46, 17.75, 17.92]
['2019-08-02', 17.81, 17.88, 17.36, 17.7]
['2019-08-05', 17.49, 17.54, 16.55, 17.15]
['2019-08-06', 17.07, 17.38, 16.27, 17.15]
['2019-08-07', 16.76, 18.67, 16.76, 18.31]
['2019-08-08', 18.29, 19.64, 18.29, 19.32]
['2019-08-09', 18.77, 19.89, 18.68, 18.99]
['2019-08-12', 18.65, 19.09, 18.64, 18.87]
['2019-08-13', 18.87, 18.87, 18.52, 18.65]
['2019-08-14', 18.36, 18.64, 18.15, 18.44]
['2019-08-15', 18.52, 18.7, 18.11, 18.62]
['2019-08-16', 18.68, 20.0, 18.68, 19.56]
['2019-08-19', 19.46, 19.88, 19.35, 19.85]
['2019-08-20', 19.88, 20.18, 19.75, 19.76]
['2019-08-21', 19.71, 20.28, 19.38, 20.03]
['2019-08-22', 20.11, 20.19, 19.64, 19.76]
['2019-08-23', 19.73, 20.12, 18.45, 18.85]
['2019-08-26', 18.87, 19.67, 18.4, 19.2]
['2019-08-27', 19.38, 19.41, 18.74, 19.2]
['2019-08-28', 19.11, 19.86, 19.11, 19.22]
['2019-08-29', 19.2, 19.68, 19.2, 19.43]
['2019-08-30', 19.54, 19.78, 19.24, 19.44]
['2019-09-03', 19.15, 19.22, 18.77, 19.04]
['2019-09-04', 19.16, 19.16, 18.63, 18.96]
['2019-09-05', 19.02, 19.34, 18.79, 19.09]
['2019-09-06', 19.17, 19.28, 18.91, 19.03]
['2019-09-09', 18.89, 19.16, 18.7, 18.84]
['2019-09-10', 18.64, 19.73, 18.48, 19.23]
['2019-09-11', 19.3, 19.74, 19.21, 19.31]
['2019-09-12', 19.33, 19.78, 18.83, 19.55]
['2019-09-13', 19.42, 19.5, 18.76, 18.9]
['2019-09-16', 18.83, 19.45, 18.65, 19.23]
['2019-09-17', 19.18, 20.0, 19.18, 19.54]
['2019-09-18', 19.63, 19.99, 19.31, 19.8]
['2019-09-19', 19.85, 20.47, 19.64, 19.88]
['2019-09-20', 19.85, 20.62, 19.75, 20.08]
['2019-09-23', 19.84, 20.64, 19.84, 19.96]
['2019-09-24', 19.98, 20.06, 19.16, 19.29]
['2019-09-25', 19.33, 19.7, 19.18, 19.64]
['2019-09-26', 19.26, 19.68, 18.47, 18.64]
['2019-09-27', 18.71, 19.41, 17.64, 17.87]
['2019-09-30', 17.8, 18.08, 17.4, 17.67]
['2019-10-01', 17.62, 17.96, 17.23, 17.41]
['2019-10-02', 17.25, 17.29, 16.76, 17.08]
['2019-10-03', 17.14, 17.24, 16.79, 16.99]
['2019-10-04', 17.04, 17.34, 16.66, 17.1]
['2019-10-07', 17.04, 17.25, 16.64, 17.11]
['2019-10-08', 16.96, 17.11, 16.51, 16.62]
['2019-10-09', 16.71, 16.8, 16.28, 16.55]
['2019-10-10', 16.59, 16.73, 16.07, 16.48]
['2019-10-11', 16.72, 17.47, 16.72, 16.92]
['2019-10-14', 16.92, 17.49, 16.1, 16.16]
['2019-10-15', 16.25, 16.7, 16.1, 16.19]
['2019-10-16', 16.12, 16.12, 15.32, 15.75]
['2019-10-17', 15.57, 16.27, 15.57, 15.78]
['2019-10-18', 15.63, 15.77, 15.45, 15.73]
['2019-10-21', 15.78, 16.35, 15.57, 16.03]
['2019-10-22', 16.04, 16.39, 15.93, 16.26]
['2019-10-23', 16.2, 16.35, 16.13, 16.29]
['2019-10-24', 16.3, 16.35, 15.98, 16.3]
['2019-10-25', 16.27, 16.72, 16.0, 16.49]
['2019-10-28', 16.58, 16.85, 16.49, 16.79]
['2019-10-29', 16.77, 16.9, 16.35, 16.5]
['2019-10-30', 16.49, 16.55, 16.11, 16.52]
['2019-10-31', 16.51, 16.67, 16.32, 16.65]
['2019-11-01', 16.51, 16.78, 16.51, 16.58]
['2019-11-04', 17.0, 19.05, 17.0, 18.7]
['2019-11-05', 18.72, 19.51, 18.42, 19.45]
['2019-11-06', 19.47, 19.66, 18.6, 18.65]
['2019-11-07', 18.9, 18.94, 17.94, 18.44]
['2019-11-08', 18.4, 18.7, 18.23, 18.51]
['2019-11-11', 18.44, 18.65, 18.12, 18.43]
['2019-11-12', 18.06, 18.42, 17.34, 17.69]
['2019-11-13', 17.64, 18.21, 17.64, 17.92]
['2019-11-14', 17.56, 18.03, 17.55, 17.57]
['2019-11-15', 17.78, 17.8, 17.35, 17.67]
['2019-11-18', 17.71, 17.83, 17.24, 17.54]
['2019-11-19', 17.63, 17.91, 17.44, 17.46]
['2019-11-20', 17.41, 17.71, 17.14, 17.32]
['2019-11-21', 17.22, 17.48, 17.14, 17.42]
['2019-11-22', 17.47, 17.53, 17.25, 17.36]
['2019-11-25', 17.34, 17.91, 17.34, 17.75]
['2019-11-26', 17.74, 17.88, 17.45, 17.6]
['2019-11-27', 17.64, 17.88, 17.59, 17.73]
['2019-11-29', 17.68, 17.97, 17.66, 17.79]
['2019-12-02', 17.74, 17.76, 17.22, 17.68]
['2019-12-03', 17.48, 17.72, 17.12, 17.31]
['2019-12-04', 17.49, 17.85, 17.25, 17.78]
['2019-12-05', 17.66, 18.21, 17.44, 18.2]
['2019-12-06', 18.27, 18.53, 18.13, 18.33]
['2019-12-09', 18.18, 18.41, 17.97, 18.29]
['2019-12-10', 18.27, 18.86, 18.2, 18.37]
['2019-12-11', 18.38, 18.65, 18.29, 18.4]
['2019-12-12', 18.33, 19.22, 18.33, 19.06]
['2019-12-13', 19.3, 20.66, 19.3, 19.7]
['2019-12-16', 19.83, 20.47, 19.55, 20.01]
['2019-12-17', 19.98, 20.22, 19.49, 19.81]
['2019-12-18', 20.19, 20.23, 19.75, 19.91]
['2019-12-19', 19.75, 20.35, 19.64, 20.24]
['2019-12-20', 20.31, 20.49, 19.86, 20.25]
['2019-12-23', 20.17, 21.09, 20.17, 20.84]
['2019-12-24', 20.98, 21.36, 20.77, 21.13]
['2019-12-26', 21.1, 21.84, 20.89, 21.81]
['2019-12-27', 21.87, 21.92, 21.05, 21.13]
['2019-12-30', 21.25, 21.44, 20.95, 21.21]
['2019-12-31', 21.24, 21.67, 21.23, 21.5]
['2020-01-02', 21.63, 21.75, 20.68, 21.42]
['2020-01-03', 21.09, 21.59, 20.79, 21.2]
['2020-01-06', 21.09, 21.24, 20.7, 21.19]
['2020-01-07', 21.23, 21.74, 21.1, 21.49]
['2020-01-08', 21.74, 22.17, 21.25, 21.43]
['2020-01-09', 22.0, 22.45, 21.79, 21.94]
['2020-01-10', 21.75, 22.05, 21.23, 21.48]
['2020-01-13', 21.56, 22.17, 21.44, 21.99]
['2020-01-14', 22.03, 22.15, 21.23, 21.46]
['2020-01-15', 21.39, 21.71, 21.0, 21.25]
['2020-01-16', 21.22, 21.97, 21.15, 21.84]
['2020-01-17', 22.02, 22.02, 20.9, 21.76]
['2020-01-21', 21.66, 22.19, 21.66, 21.91]
['2020-01-22', 20.95, 22.74, 20.49, 22.04]
['2020-01-23', 21.9, 22.39, 21.0, 21.52]
['2020-01-24', 21.62, 21.94, 21.3, 21.87]
['2020-01-27', 21.39, 22.99, 21.06, 22.48]
['2020-01-28', 22.73, 23.1, 22.36, 22.67]
['2020-01-29', 22.5, 22.96, 22.37, 22.5]
['2020-01-30', 22.25, 22.87, 21.9, 22.53]
['2020-01-31', 22.39, 22.49, 21.01, 21.11]
['2020-02-03', 21.11, 21.42, 20.57, 21.03]
['2020-02-04', 21.27, 21.8, 20.84, 21.68]
['2020-02-05', 21.83, 22.05, 21.61, 21.81]
['2020-02-06', 21.82, 21.82, 20.9, 21.0]
['2020-02-07', 20.93, 21.24, 20.23, 21.13]
['2020-02-10', 21.0, 21.31, 20.6, 21.16]
['2020-02-11', 21.21, 21.5, 20.3, 21.08]
['2020-02-12', 21.26, 21.45, 20.93, 21.0]
['2020-02-13', 20.82, 20.89, 20.37, 20.59]
['2020-02-14', 20.58, 20.83, 20.29, 20.61]
['2020-02-18', 20.37, 20.73, 20.14, 20.59]
['2020-02-19', 20.85, 21.31, 20.74, 20.88]
['2020-02-20', 20.84, 21.04, 20.01, 20.2]
['2020-02-21', 20.11, 20.38, 19.72, 19.96]
['2020-02-24', 19.31, 19.62, 18.9, 19.11]
['2020-02-25', 19.18, 19.62, 18.85, 19.52]
['2020-02-26', 19.5, 19.8, 18.93, 19.03]
['2020-02-27', 18.69, 20.26, 18.48, 19.32]
['2020-02-28', 18.87, 20.42, 18.32, 19.31]
['2020-03-02', 19.34, 19.72, 18.75, 19.58]
['2020-03-03', 19.57, 19.87, 18.54, 18.89]
['2020-03-04', 19.23, 19.42, 18.85, 19.22]
['2020-03-05', 18.91, 19.31, 18.55, 18.94]
['2020-03-06', 18.58, 19.15, 17.28, 17.92]
['2020-03-09', 17.04, 17.37, 15.17, 15.48]
['2020-03-10', 16.25, 17.2, 15.35, 15.79]
['2020-03-11', 15.45, 15.79, 15.02, 15.33]
['2020-03-12', 13.92, 14.41, 12.7, 13.93]
['2020-03-13', 14.34, 14.84, 12.54, 14.04]
['2020-03-16', 13.1, 13.97, 10.25, 11.95]
['2020-03-17', 12.1, 13.31, 9.75, 10.65]
['2020-03-18', 10.19, 10.45, 7.2, 8.36]
['2020-03-19', 8.14, 9.56, 7.63, 8.62]
['2020-03-20', 8.8, 9.29, 7.2, 8.53]
['2020-03-23', 8.74, 10.49, 7.56, 9.77]
['2020-03-24', 10.26, 11.2, 9.38, 9.6]
['2020-03-25', 9.72, 9.91, 8.79, 9.58]
['2020-03-26', 9.75, 11.72, 9.75, 11.0]
['2020-03-27', 10.6, 11.45, 10.29, 11.35]
['2020-03-30', 11.44, 12.42, 10.56, 12.35]
['2020-03-31', 12.33, 12.65, 11.81, 11.95]
['2020-04-01', 11.67, 11.73, 10.89, 11.05]
['2020-04-02', 11.01, 11.97, 10.51, 10.97]
['2020-04-03', 11.03, 11.22, 10.2, 10.56]
['2020-04-06', 10.98, 12.0, 10.59, 11.08]
['2020-04-07', 12.03, 12.08, 10.81, 11.36]
['2020-04-08', 11.53, 12.95, 11.36, 12.75]
['2020-04-09', 12.95, 13.7, 12.8, 13.62]
['2020-04-13', 13.59, 13.65, 12.05, 12.6]
['2020-04-14', 12.78, 13.58, 12.78, 13.5]
['2020-04-15', 13.05, 13.5, 12.68, 13.19]
['2020-04-16', 13.32, 13.51, 12.18, 12.62]
['2020-04-17', 12.79, 14.1, 12.69, 13.95]
['2020-04-20', 13.6, 14.09, 13.05, 13.53]
['2020-04-21', 13.09, 14.03, 13.05, 13.73]
['2020-04-22', 13.79, 14.41, 13.75, 13.87]
['2020-04-23', 13.91, 15.16, 13.77, 15.0]
['2020-04-24', 15.01, 15.49, 14.55, 15.18]
['2020-04-27', 14.69, 16.09, 14.39, 15.6]
['2020-04-28', 16.07, 16.24, 14.52, 15.5]
['2020-04-29', 16.1, 17.24, 15.89, 16.75]
['2020-04-30', 16.41, 16.92, 15.82, 16.17]
['2020-05-01', 15.73, 16.01, 15.16, 15.62]
['2020-05-04', 15.57, 16.04, 15.14, 15.67]
['2020-05-05', 14.37, 17.87, 14.37, 17.03]
['2020-05-06', 17.15, 17.15, 16.15, 16.3]
['2020-05-07', 16.57, 17.48, 16.18, 17.26]
['2020-05-08', 17.4, 17.86, 17.17, 17.48]
['2020-05-11', 17.17, 17.26, 16.52, 16.89]
['2020-05-12', 16.89, 16.89, 15.6, 15.66]
['2020-05-13', 15.58, 15.78, 14.67, 15.37]
['2020-05-14', 14.98, 15.46, 14.4, 15.42]
['2020-05-15', 15.16, 15.67, 15.01, 15.61]
['2020-05-18', 15.92, 17.48, 15.71, 17.34]
['2020-05-19', 17.07, 17.58, 16.6, 16.65]
['2020-05-20', 17.09, 17.65, 16.8, 17.58]
['2020-05-21', 17.45, 17.51, 16.6, 17.06]
['2020-05-22', 17.12, 17.28, 16.87, 17.16]
['2020-05-26', 17.5, 18.65, 17.47, 17.86]
['2020-05-27', 18.07, 18.48, 17.02, 18.02]
['2020-05-28', 17.8, 18.34, 16.96, 17.25]
['2020-05-29', 17.4, 17.81, 16.98, 17.49]
['2020-06-01', 17.45, 18.97, 17.31, 18.46]
['2020-06-02', 18.5, 18.7, 17.89, 18.38]
['2020-06-03', 18.5, 18.74, 17.89, 18.17]
['2020-06-04', 18.06, 18.81, 17.73, 17.81]
['2020-06-05', 18.48, 18.96, 18.29, 18.46]
