['2014-11-13', 25.5, 25.8, 15.75, 19.4]
['2014-11-14', 19.2, 20.05, 17.0, 20.05]
['2014-11-17', 19.45, 20.2, 18.65, 20.2]
['2014-11-18', 20.15, 20.15, 19.5, 20.0]
['2014-11-19', 19.425, 19.95, 18.0, 19.5]
['2014-11-20', 19.09, 19.45, 18.355, 19.0]
['2014-11-21', 18.0, 19.6, 18.0, 19.55]
['2014-11-24', 19.55, 19.55, 18.0, 18.0]
['2014-11-25', 18.0, 19.55, 17.55, 18.55]
['2014-11-26', 19.5, 19.5, 16.55, 16.55]
['2014-11-28', 15.8, 17.0, 15.8, 16.65]
['2014-12-01', 15.85, 17.25, 15.85, 16.9]
['2014-12-02', 16.0, 16.35, 13.75, 14.5]
['2014-12-03', 14.0, 14.0, 12.05, 12.6]
['2014-12-04', 13.85, 14.95, 13.0, 13.0]
['2014-12-05', 15.7, 15.7, 12.5, 13.545]
['2014-12-08', 15.2, 15.2, 13.325, 13.325]
['2014-12-09', 13.5, 13.5, 13.5, 13.5]
['2014-12-10', 13.5, 13.5, 13.5, 13.5]
['2014-12-11', 9.25, 14.3, 9.25, 13.5]
['2014-12-12', 12.95, 14.08, 12.1, 12.5]
['2014-12-15', 12.5, 12.56, 11.55, 11.55]
['2014-12-16', 11.5, 11.5, 10.49, 10.5]
['2014-12-17', 10.23, 10.23, 8.0, 8.3]
['2014-12-18', 7.85, 10.9, 7.75, 8.3]
['2014-12-19', 8.35, 9.4, 8.35, 8.35]
['2014-12-22', 8.4, 8.55, 8.0, 8.25]
['2014-12-23', 6.95, 8.0, 6.9, 7.9]
['2014-12-24', 8.275, 8.5, 7.65, 8.4]
['2014-12-26', 8.4, 8.4, 8.4, 8.4]
['2014-12-29', 6.65, 8.6, 6.65, 8.6]
['2014-12-30', 6.6, 8.2, 6.6, 7.5]
['2014-12-31', 8.25, 8.25, 7.1, 7.46]
['2015-01-02', 7.2, 8.12, 7.2, 7.5]
['2015-01-05', 7.8, 8.75, 7.8, 7.99]
['2015-01-06', 8.05, 8.45, 7.5, 8.45]
['2015-01-07', 7.5, 8.255, 7.5, 8.2]
['2015-01-08', 8.45, 8.55, 8.4, 8.5]
['2015-01-09', 8.4, 9.2, 8.4, 9.2]
['2015-01-12', 8.95, 9.0, 8.95, 9.0]
['2015-01-13', 9.0, 9.93, 9.0, 9.455]
['2015-01-14', 9.2, 9.75, 8.45, 9.25]
['2015-01-15', 8.85, 8.9, 8.15, 8.3]
['2015-01-16', 8.05, 9.0, 8.05, 8.8]
['2015-01-20', 8.25, 8.965, 8.0, 8.05]
['2015-01-21', 8.5, 8.5, 8.5, 8.5]
['2015-01-22', 7.75, 9.3, 6.85, 7.3]
['2015-01-23', 7.65, 7.65, 6.6, 6.6]
['2015-01-26', 6.6, 6.6, 5.9, 6.0]
['2015-01-27', 5.8, 5.9, 5.1, 5.9]
['2015-01-28', 5.8, 6.25, 5.8, 6.1]
['2015-01-29', 6.7, 7.05, 6.7, 7.05]
['2015-01-30', 7.45, 7.45, 6.3, 6.65]
['2015-02-02', 6.75, 11.25, 6.6, 8.45]
['2015-02-03', 8.75, 9.15, 7.75, 8.1]
['2015-02-04', 7.95, 10.0, 7.6, 7.85]
['2015-02-05', 9.1, 9.1, 8.3, 8.35]
['2015-02-06', 8.6, 8.65, 8.55, 8.55]
['2015-02-09', 8.33, 8.45, 8.3, 8.35]
['2015-02-10', 8.35, 8.4, 8.35, 8.4]
['2015-02-11', 8.895, 8.895, 8.38, 8.38]
['2015-02-12', 8.6, 8.6, 8.2, 8.3]
['2015-02-13', 8.3, 9.2, 7.9, 8.85]
['2015-02-17', 8.25, 12.15, 8.25, 12.15]
['2015-02-18', 15.45, 34.0, 15.0, 29.8]
['2015-02-19', 29.5, 34.5, 26.45, 29.4]
['2015-02-20', 27.9, 30.7, 26.05, 27.25]
['2015-02-23', 26.0, 32.655, 25.6, 32.5]
['2015-02-24', 37.5, 40.95, 31.65, 34.75]
['2015-02-25', 32.05, 33.7, 30.0, 31.85]
['2015-02-26', 31.85, 36.6, 28.75, 34.9]
['2015-02-27', 33.5, 36.25, 30.5, 31.5]
['2015-03-02', 31.55, 33.45, 30.5, 32.05]
['2015-03-03', 32.65, 39.15, 31.55, 37.5]
['2015-03-04', 37.5, 49.5, 34.95, 43.75]
['2015-03-05', 41.25, 41.25, 33.65, 36.85]
['2015-03-06', 38.35, 40.0, 35.55, 35.55]
['2015-03-09', 37.1, 37.1, 29.55, 30.55]
['2015-03-10', 31.85, 31.85, 27.2, 27.7]
['2015-03-11', 27.5, 36.65, 25.75, 35.2]
['2015-03-12', 35.0, 36.4, 28.855, 30.55]
['2015-03-13', 30.95, 32.35, 29.5, 31.8]
['2015-03-16', 30.7, 33.65, 28.45, 31.4]
['2015-03-17', 31.9, 32.0, 30.25, 31.05]
['2015-03-18', 31.25, 31.255, 30.25, 30.3]
['2015-03-19', 30.3, 30.65, 28.25, 28.5]
['2015-03-20', 28.5, 28.5, 26.5, 26.85]
['2015-03-23', 30.4, 35.95, 29.95, 31.55]
['2015-03-24', 31.35, 32.05, 29.0, 30.7]
['2015-03-25', 30.6, 30.6, 29.0, 29.5]
['2015-03-26', 29.3, 29.95, 28.25, 28.85]
['2015-03-27', 29.54, 32.5, 28.5, 30.05]
['2015-03-30', 29.5, 31.765, 29.5, 30.3]
['2015-03-31', 30.7, 34.75, 30.64, 32.0]
['2015-04-01', 31.85, 35.8, 31.85, 34.95]
['2015-04-02', 36.9, 41.2, 36.25, 37.25]
['2015-04-06', 39.0, 40.65, 35.45, 36.25]
['2015-04-07', 35.5, 37.25, 35.3, 36.75]
['2015-04-08', 36.4, 37.45, 30.75, 33.75]
['2015-04-09', 33.0, 34.25, 32.0, 32.775]
['2015-04-10', 32.6, 33.7, 31.8, 33.4]
['2015-04-13', 33.15, 37.25, 33.15, 35.4]
['2015-04-14', 35.25, 37.1, 35.25, 35.9]
['2015-04-15', 35.7, 37.0, 33.8, 35.0]
['2015-04-16', 35.0, 35.0, 33.0, 33.95]
['2015-04-17', 34.1, 35.75, 33.09, 34.65]
['2015-04-20', 35.2, 35.2, 33.25, 33.45]
['2015-04-21', 33.05, 40.0, 33.05, 36.4]
['2015-04-22', 37.25, 38.6, 34.5, 34.95]
['2015-04-23', 35.2, 35.5, 34.15, 34.3]
['2015-04-24', 34.15, 36.45, 33.5, 34.35]
['2015-04-27', 34.4, 34.45, 31.25, 32.45]
['2015-04-28', 32.75, 34.9, 32.4, 33.9]
['2015-04-29', 33.9, 33.9, 32.25, 32.85]
['2015-04-30', 33.1, 33.1, 30.0, 31.55]
['2015-05-01', 31.05, 31.395, 28.8, 30.05]
['2015-05-04', 29.255, 30.25, 27.55, 28.4]
['2015-05-05', 28.5, 28.5, 25.0, 25.74]
['2015-05-06', 25.4, 27.2, 21.7, 23.5]
['2015-05-07', 23.05, 23.45, 19.25, 21.3]
['2015-05-08', 21.0, 25.15, 20.25, 24.7]
['2015-05-11', 24.9, 25.0, 22.25, 23.375]
['2015-05-12', 23.8, 25.8, 22.5, 25.0]
['2015-05-13', 25.0, 25.25, 23.0, 23.75]
['2015-05-14', 23.85, 24.2, 23.0, 23.55]
['2015-05-15', 23.9, 23.9, 22.65, 23.3]
['2015-05-18', 22.75, 24.0, 22.65, 24.0]
['2015-05-19', 23.7, 24.65, 22.275, 23.7]
['2015-05-20', 23.55, 24.5, 23.0, 24.005]
['2015-05-21', 24.05, 24.1, 21.45, 23.0]
['2015-05-22', 22.75, 22.75, 21.25, 21.85]
['2015-05-26', 21.55, 21.7, 20.05, 21.4]
['2015-05-27', 21.56, 21.56, 20.4, 21.15]
['2015-05-28', 20.9, 21.15, 20.5, 20.95]
['2015-05-29', 21.1, 24.56, 19.1, 21.75]
['2015-06-01', 21.6, 23.05, 20.25, 21.25]
['2015-06-02', 21.05, 21.85, 20.1, 20.305]
['2015-06-03', 20.3, 24.4, 19.1, 23.75]
['2015-06-04', 23.3, 23.945, 21.6, 21.75]
['2015-06-05', 21.35, 22.1, 20.75, 21.7]
['2015-06-08', 21.8, 22.25, 20.75, 20.85]
['2015-06-09', 20.75, 21.45, 19.75, 20.6]
['2015-06-10', 20.75, 20.835, 19.25, 20.25]
['2015-06-11', 20.3, 20.625, 18.6, 19.8]
['2015-06-12', 19.55, 19.95, 19.0, 19.45]
['2015-06-15', 19.35, 19.89, 17.6, 17.9]
['2015-06-16', 18.0, 20.75, 16.6, 19.7]
['2015-06-17', 19.6, 19.7, 17.85, 18.6]
['2015-06-18', 18.75, 19.925, 17.1, 19.0]
['2015-06-19', 19.25, 19.44, 17.7, 18.4]
['2015-06-22', 18.7, 18.7, 16.75, 16.75]
['2015-06-23', 17.05, 18.3, 16.82, 17.75]
['2015-06-24', 17.85, 17.95, 17.0, 17.1]
['2015-06-25', 17.0, 17.3, 15.65, 16.75]
['2015-06-26', 18.0, 18.0, 13.2, 14.3]
['2015-06-29', 14.1, 15.2, 13.9, 14.95]
['2015-06-30', 14.7, 15.0, 13.95, 14.05]
['2015-07-01', 14.5, 15.2, 13.15, 13.7]
['2015-07-02', 13.75, 14.68, 12.95, 13.25]
['2015-07-06', 13.0, 14.45, 12.55, 13.2]
['2015-07-07', 12.75, 13.85, 12.75, 13.65]
['2015-07-08', 14.35, 14.35, 13.45, 14.1]
['2015-07-09', 14.25, 14.25, 13.25, 14.2]
['2015-07-10', 14.1, 14.25, 13.4, 13.895]
['2015-07-13', 14.1, 15.4, 14.1, 14.75]
['2015-07-14', 14.75, 15.6, 13.65, 15.25]
['2015-07-15', 15.5, 15.59, 14.9, 15.05]
['2015-07-16', 15.25, 15.25, 14.3, 14.7]
['2015-07-17', 13.85, 14.95, 13.85, 14.25]
['2015-07-20', 14.25, 14.6, 13.6, 13.85]
['2015-07-21', 13.8, 14.7, 13.55, 14.25]
['2015-07-22', 13.3, 14.85, 13.3, 14.05]
['2015-07-23', 14.95, 15.0, 12.95, 13.15]
['2015-07-24', 13.45, 13.85, 12.75, 12.75]
['2015-07-27', 13.25, 13.975, 12.6, 13.55]
['2015-07-28', 13.7, 13.7, 12.635, 12.75]
['2015-07-29', 12.85, 13.1, 11.95, 12.2]
['2015-07-30', 12.2, 12.2, 10.25, 10.7]
['2015-07-31', 10.85, 11.34, 10.2, 10.95]
['2015-08-03', 11.2, 11.2, 9.05, 9.5]
['2015-08-04', 9.75, 10.325, 8.55, 8.55]
['2015-08-05', 10.0, 10.0, 5.35, 5.75]
['2015-08-06', 6.3, 14.9, 6.3, 10.785]
['2015-08-07', 10.75, 11.55, 9.15, 10.25]
['2015-08-10', 10.45, 10.9, 8.5, 9.25]
['2015-08-11', 10.05, 10.05, 8.65, 8.8]
['2015-08-12', 8.55, 9.18, 8.05, 8.15]
['2015-08-13', 8.215, 20.2, 8.215, 15.76]
['2015-08-14', 14.25, 16.0, 12.5, 12.75]
['2015-08-17', 12.5, 13.25, 11.25, 12.0]
['2015-08-18', 12.5, 13.8, 11.7, 13.15]
['2015-08-19', 12.4, 13.0, 11.7, 11.95]
['2015-08-20', 11.85, 12.1, 11.25, 11.35]
['2015-08-21', 11.0, 11.5, 9.2, 9.95]
['2015-08-24', 9.65, 9.65, 9.0, 9.25]
['2015-08-25', 9.6, 9.6, 8.75, 9.1]
['2015-08-26', 9.15, 9.525, 8.0, 9.4]
['2015-08-27', 9.25, 12.3, 8.475, 11.2]
['2015-08-28', 11.0, 12.25, 9.9, 11.35]
['2015-08-31', 11.5, 12.2, 10.5, 11.55]
['2015-09-01', 11.95, 11.95, 10.62, 11.05]
['2015-09-02', 11.65, 11.7, 10.35, 11.05]
['2015-09-03', 11.2, 12.0, 10.15, 10.6]
['2015-09-04', 10.45, 11.46, 9.75, 10.1]
['2015-09-08', 12.0, 17.25, 11.6, 12.65]
['2015-09-09', 11.75, 12.3, 10.8, 11.3]
['2015-09-10', 11.4, 12.75, 11.155, 12.25]
['2015-09-11', 12.2, 12.5, 11.35, 12.25]
['2015-09-14', 11.85, 12.35, 11.25, 11.5]
['2015-09-15', 11.5, 15.65, 11.5, 14.0]
['2015-09-16', 14.0, 15.5, 13.175, 13.75]
['2015-09-17', 14.05, 14.6, 13.05, 13.4]
['2015-09-18', 13.6, 14.35, 13.36, 13.85]
['2015-09-21', 14.25, 14.25, 13.25, 13.45]
['2015-09-22', 13.15, 13.45, 11.55, 12.55]
['2015-09-23', 12.55, 12.85, 11.9, 12.0]
['2015-09-24', 14.25, 15.9, 12.85, 13.2]
['2015-09-25', 13.35, 13.35, 12.05, 12.1]
['2015-09-28', 12.15, 12.3, 10.75, 11.7]
['2015-09-29', 12.0, 12.51, 11.0, 11.05]
['2015-09-30', 11.65, 11.65, 10.3, 10.55]
['2015-10-01', 10.75, 11.25, 10.15, 10.75]
['2015-10-02', 10.6, 10.75, 10.15, 10.5]
['2015-10-05', 10.7, 11.25, 10.5, 11.25]
['2015-10-06', 11.05, 11.55, 10.7, 11.45]
['2015-10-07', 11.4, 11.7, 11.2, 11.4]
['2015-10-08', 11.1, 12.35, 11.05, 12.1]
['2015-10-09', 12.0, 12.74, 11.8, 12.3]
['2015-10-12', 11.25, 11.3, 10.05, 10.75]
['2015-10-13', 10.8, 11.205, 10.25, 10.65]
['2015-10-14', 10.95, 10.95, 10.3, 10.3]
['2015-10-15', 10.3, 11.2, 10.25, 11.0]
['2015-10-16', 10.9, 11.15, 10.6, 11.05]
['2015-10-19', 11.05, 11.34, 10.85, 11.2]
['2015-10-20', 11.05, 11.285, 10.75, 10.95]
['2015-10-21', 10.75, 11.1, 10.3, 10.55]
['2015-10-22', 10.45, 10.7, 10.3, 10.325]
['2015-10-23', 10.4, 10.5, 9.2, 9.5]
['2015-10-26', 9.45, 10.45, 9.45, 9.6]
['2015-10-27', 9.25, 10.18, 9.1, 9.5]
['2015-10-28', 9.65, 9.7, 9.1, 9.7]
['2015-10-29', 9.8, 9.8, 9.175, 9.55]
['2015-10-30', 9.615, 9.615, 9.15, 9.2]
['2015-11-02', 9.3, 9.35, 8.85, 8.92]
['2015-11-03', 8.85, 9.25, 8.75, 9.2]
['2015-11-04', 9.4, 9.4, 8.75, 8.825]
['2015-11-05', 8.95, 9.13, 8.5, 8.6]
['2015-11-06', 8.95, 9.05, 8.55, 8.9]
['2015-11-09', 9.13, 9.25, 8.85, 9.15]
['2015-11-10', 9.0, 9.7, 9.0, 9.6]
['2015-11-11', 9.8, 9.8, 8.8, 9.35]
['2015-11-12', 9.35, 9.55, 8.9, 9.45]
['2015-11-13', 9.5, 9.6, 9.0, 9.0]
['2015-11-16', 9.05, 9.15, 8.8, 8.95]
['2015-11-17', 8.805, 8.95, 8.75, 8.8]
['2015-11-18', 8.7, 9.205, 8.6, 8.9]
['2015-11-19', 9.75, 12.95, 9.35, 9.5]
['2015-11-20', 9.45, 10.05, 9.0, 9.05]
['2015-11-23', 9.15, 9.35, 8.7, 9.3]
['2015-11-24', 9.4, 11.5, 9.4, 10.4]
['2015-11-25', 9.7, 10.565, 9.5, 9.85]
['2015-11-27', 9.8, 10.575, 9.5, 9.9]
['2015-11-30', 10.75, 10.75, 9.8, 10.0]
['2015-12-01', 9.85, 10.3, 9.8, 9.8]
['2015-12-02', 10.0, 10.1, 9.8, 9.9]
['2015-12-03', 9.85, 10.09, 9.75, 10.09]
['2015-12-04', 10.05, 10.05, 9.75, 9.935]
['2015-12-07', 9.8, 9.93, 9.0, 9.0]
['2015-12-08', 9.25, 9.85, 9.0, 9.095]
['2015-12-09', 9.23, 9.25, 8.75, 8.85]
['2015-12-10', 8.75, 8.865, 8.5, 8.85]
['2015-12-11', 8.75, 9.2, 8.6, 8.75]
['2015-12-14', 9.6, 9.6, 8.6, 8.65]
['2015-12-15', 8.7, 8.75, 7.8, 8.6]
['2015-12-16', 8.3, 8.6, 8.25, 8.3]
['2015-12-17', 7.8, 8.25, 7.35, 7.55]
['2015-12-18', 7.72, 8.66, 7.5, 8.0]
['2015-12-21', 9.25, 11.0, 9.25, 9.5]
['2015-12-22', 9.35, 10.75, 9.175, 10.4]
['2015-12-23', 10.0, 10.6, 10.0, 10.45]
['2015-12-24', 10.25, 10.75, 10.15, 10.75]
['2015-12-28', 10.2, 10.5, 9.75, 10.2]
['2015-12-29', 10.1, 10.2, 9.82, 10.2]
['2015-12-30', 9.9, 10.135, 8.9, 9.35]
['2015-12-31', 9.45, 9.935, 8.55, 9.25]
['2016-01-04', 9.335, 9.8, 8.75, 9.25]
['2016-01-05', 9.5, 9.745, 8.75, 9.05]
['2016-01-06', 9.25, 9.5, 8.55, 8.55]
['2016-01-07', 8.5, 9.1, 8.0, 8.45]
['2016-01-08', 8.3, 8.65, 8.05, 8.05]
['2016-01-11', 8.0, 8.25, 7.55, 7.6]
['2016-01-12', 7.6, 7.7, 5.1, 6.75]
['2016-01-13', 6.9, 7.25, 6.27, 6.3]
['2016-01-14', 6.5, 7.065, 6.25, 6.55]
['2016-01-15', 6.7, 6.95, 6.45, 6.65]
['2016-01-19', 6.75, 7.075, 5.5, 5.9]
['2016-01-20', 5.75, 5.9, 5.525, 5.705]
['2016-01-21', 5.75, 6.95, 5.65, 6.95]
['2016-01-22', 7.05, 7.05, 6.25, 6.7]
['2016-01-25', 6.825, 6.825, 6.4, 6.69]
['2016-01-26', 6.465, 6.75, 6.4, 6.45]
['2016-01-27', 9.5, 9.5, 7.1, 7.55]
['2016-01-28', 7.35, 7.35, 6.45, 6.9]
['2016-01-29', 6.6, 6.825, 6.25, 6.7]
['2016-02-01', 6.45, 7.1, 6.45, 6.8]
['2016-02-02', 6.5, 6.9, 6.35, 6.7]
['2016-02-03', 6.45, 6.6, 6.35, 6.6]
['2016-02-04', 6.35, 6.6, 6.35, 6.45]
['2016-02-05', 6.25, 6.375, 5.75, 6.15]
['2016-02-08', 5.9, 6.3, 5.9, 6.05]
['2016-02-09', 6.35, 6.65, 6.095, 6.15]
['2016-02-10', 6.1, 6.3, 6.0, 6.05]
['2016-02-11', 6.25, 6.25, 5.9, 6.25]
['2016-02-12', 5.9, 6.17, 5.75, 6.17]
['2016-02-16', 6.05, 6.5, 6.05, 6.2]
['2016-02-17', 6.05, 6.35, 5.9, 6.33]
['2016-02-18', 6.18, 6.18, 5.95, 6.15]
['2016-02-19', 6.1, 6.15, 6.0, 6.05]
['2016-02-22', 6.05, 6.125, 6.0, 6.05]
['2016-02-23', 6.445, 6.445, 6.0, 6.0]
['2016-02-24', 6.0, 6.05, 5.55, 6.0]
['2016-02-25', 6.5, 6.5, 5.85, 6.05]
['2016-02-26', 6.25, 6.255, 6.0, 6.1]
['2016-02-29', 6.0, 6.15, 5.75, 5.75]
['2016-03-01', 6.0, 6.15, 5.85, 6.0]
['2016-03-02', 6.05, 6.05, 5.75, 5.75]
['2016-03-03', 6.0, 6.25, 5.6, 5.9]
['2016-03-04', 5.8, 6.15, 5.8, 6.0]
['2016-03-07', 6.075, 6.2, 6.05, 6.15]
['2016-03-08', 6.2, 6.2, 5.75, 5.95]
['2016-03-09', 5.8, 6.1, 5.6, 5.9]
['2016-03-10', 6.055, 6.055, 5.85, 5.9]
['2016-03-11', 6.05, 6.055, 5.75, 5.75]
['2016-03-14', 6.0, 6.6, 5.9, 6.15]
['2016-03-15', 6.25, 6.75, 5.985, 6.75]
['2016-03-16', 8.35, 8.75, 6.7, 7.05]
['2016-03-17', 7.05, 7.05, 6.0, 6.75]
['2016-03-18', 7.05, 7.25, 6.3, 6.9]
['2016-03-21', 6.85, 7.1, 6.6, 6.9]
['2016-03-22', 6.85, 7.0, 6.0, 6.6]
['2016-03-23', 6.55, 6.7, 6.05, 6.6]
['2016-03-24', 6.55, 6.55, 6.0, 6.45]
['2016-03-28', 6.4, 6.695, 6.0, 6.0]
['2016-03-29', 6.0, 6.15, 5.95, 6.0]
['2016-03-30', 5.95, 5.985, 5.85, 5.95]
['2016-03-31', 6.23, 6.23, 5.9, 5.945]
['2016-04-01', 5.9, 6.5, 4.215, 6.25]
['2016-04-04', 6.355, 6.7, 6.1, 6.4]
['2016-04-05', 6.4, 6.5, 5.75, 6.25]
['2016-04-06', 5.85, 6.25, 5.75, 5.95]
['2016-04-07', 5.85, 6.5, 5.85, 6.0]
['2016-04-08', 5.9, 6.1, 5.9, 5.95]
['2016-04-11', 5.9, 6.05, 5.75, 5.85]
['2016-04-12', 6.01, 6.01, 5.75, 5.75]
['2016-04-13', 6.05, 6.05, 5.85, 5.85]
['2016-04-14', 6.05, 6.1, 6.0, 6.0]
['2016-04-15', 5.95, 6.05, 5.8, 5.9]
['2016-04-18', 6.0, 6.59, 6.0, 6.3]
['2016-04-19', 6.45, 6.45, 6.0, 6.15]
['2016-04-20', 6.15, 6.35, 6.15, 6.345]
['2016-04-21', 6.325, 6.4, 6.29, 6.4]
['2016-04-22', 6.4, 6.45, 6.15, 6.35]
['2016-04-25', 6.35, 6.45, 6.15, 6.15]
['2016-04-26', 6.4, 6.45, 6.15, 6.25]
['2016-04-27', 6.395, 6.45, 6.205, 6.3]
['2016-04-28', 6.45, 6.45, 6.15, 6.25]
['2016-04-29', 6.2, 6.235, 5.95, 6.1]
['2016-05-02', 6.1, 6.23, 6.0, 6.0]
['2016-05-03', 6.15, 6.15, 5.75, 5.75]
['2016-05-04', 5.965, 6.05, 5.75, 5.75]
['2016-05-05', 5.8, 5.95, 5.5, 5.75]
['2016-05-06', 5.805, 5.83, 5.8, 5.8]
['2016-05-09', 5.895, 5.905, 5.8, 5.8]
['2016-05-10', 5.93, 6.0, 5.9, 5.9]
['2016-05-11', 5.83, 5.99, 5.55, 5.55]
['2016-05-12', 5.8, 5.95, 5.55, 5.85]
['2016-05-13', 5.7, 5.9, 5.6, 5.9]
['2016-05-16', 5.7, 5.97, 5.7, 5.9]
['2016-05-17', 5.9, 5.95, 5.5, 5.55]
['2016-05-18', 5.5, 5.75, 5.45, 5.45]
['2016-05-19', 5.65, 6.7, 5.55, 6.5]
['2016-05-20', 6.45, 6.7, 6.0, 6.4]
['2016-05-23', 6.6, 7.1, 6.2, 6.6]
['2016-05-24', 6.6, 6.8, 6.3, 6.4]
['2016-05-25', 6.75, 6.8, 6.1, 6.4]
['2016-05-26', 6.75, 7.0, 6.55, 6.8]
['2016-05-27', 6.9, 6.9, 6.4, 6.4]
['2016-05-31', 6.55, 6.945, 6.5, 6.65]
['2016-06-01', 6.8, 6.8, 6.4, 6.45]
['2016-06-02', 6.45, 6.6, 6.2, 6.2]
['2016-06-03', 6.2, 6.34, 6.0, 6.05]
['2016-06-06', 6.22, 6.4, 6.2, 6.3]
['2016-06-07', 6.25, 6.4, 6.25, 6.35]
['2016-06-08', 7.0, 7.85, 5.95, 6.0]
['2016-06-09', 6.05, 6.2, 5.75, 6.1]
['2016-06-10', 6.25, 6.25, 5.9, 6.05]
['2016-06-13', 6.05, 6.18, 5.9, 5.95]
['2016-06-14', 5.9, 6.05, 5.85, 6.05]
['2016-06-15', 6.1, 6.965, 6.1, 6.3]
['2016-06-16', 6.45, 6.45, 5.85, 6.2]
['2016-06-17', 6.15, 6.45, 6.0, 6.05]
['2016-06-20', 6.4, 6.4, 4.4, 5.8]
['2016-06-21', 5.9, 6.3, 5.6, 5.9]
['2016-06-22', 5.9, 5.9, 5.75, 5.8]
['2016-06-23', 5.9, 6.1, 5.65, 5.85]
['2016-06-24', 5.75, 6.25, 5.55, 6.2]
['2016-06-27', 6.15, 6.2, 5.7, 5.85]
['2016-06-28', 5.75, 6.05, 5.75, 6.05]
['2016-06-29', 5.95, 6.45, 5.95, 6.05]
['2016-06-30', 5.9, 6.05, 5.65, 5.8]
['2016-07-01', 5.95, 6.05, 5.85, 5.93]
['2016-07-05', 5.75, 6.0, 5.75, 5.9]
['2016-07-06', 5.8, 5.8, 5.7, 5.7]
['2016-07-07', 5.65, 6.0, 5.65, 5.65]
['2016-07-08', 5.75, 5.9, 5.65, 5.9]
['2016-07-11', 5.8, 5.85, 5.7, 5.7]
['2016-07-12', 5.7, 5.95, 5.65, 5.8]
['2016-07-13', 5.7, 5.755, 5.7, 5.75]
['2016-07-14', 5.7, 5.845, 5.7, 5.7]
['2016-07-15', 5.6, 5.7, 5.5, 5.555]
['2016-07-18', 5.55, 5.7, 5.55, 5.6]
['2016-07-19', 5.6, 5.75, 5.25, 5.35]
['2016-07-20', 5.35, 5.35, 5.05, 5.35]
['2016-07-21', 5.2, 5.49, 5.0, 5.05]
['2016-07-22', 5.05, 5.25, 4.66, 5.05]
['2016-07-25', 5.05, 5.05, 4.76, 4.8]
['2016-07-26', 4.5, 5.0, 4.5, 4.55]
['2016-07-27', 4.45, 4.95, 4.45, 4.655]
['2016-07-28', 4.8, 4.85, 4.6, 4.64]
['2016-07-29', 4.75, 4.95, 4.01, 4.7]
['2016-08-01', 4.7, 5.0, 4.55, 4.6]
['2016-08-02', 4.8, 5.0, 4.55, 4.8]
['2016-08-03', 4.945, 5.0, 4.5, 4.75]
['2016-08-04', 4.9, 4.9, 4.595, 4.84]
['2016-08-05', 4.8, 4.95, 4.69, 4.69]
['2016-08-08', 4.55, 4.9, 4.5, 4.8]
['2016-08-09', 5.0, 5.0, 4.605, 4.84]
['2016-08-10', 4.8, 4.8, 4.41, 4.665]
['2016-08-11', 4.775, 4.79, 4.63, 4.74]
['2016-08-12', 4.605, 4.775, 4.605, 4.775]
['2016-08-15', 4.7, 4.825, 4.5, 4.5]
['2016-08-16', 4.6, 4.65, 4.45, 4.5]
['2016-08-17', 4.7, 4.75, 4.4, 4.63]
['2016-08-18', 4.65, 5.1, 4.65, 5.0]
['2016-08-19', 5.1, 5.25, 5.1, 5.2]
['2016-08-22', 5.25, 5.3, 5.2, 5.3]
['2016-08-23', 5.3, 5.645, 5.15, 5.35]
['2016-08-24', 5.32, 5.335, 5.15, 5.25]
['2016-08-25', 5.1, 5.3, 4.95, 5.3]
['2016-08-26', 5.25, 5.25, 5.0, 5.25]
['2016-08-29', 5.15, 5.25, 4.85, 5.1]
['2016-08-30', 5.005, 5.15, 4.935, 5.15]
['2016-08-31', 5.05, 5.15, 5.05, 5.15]
['2016-09-01', 5.05, 5.145, 5.0, 5.05]
['2016-09-02', 5.035, 5.1, 4.95, 5.05]
['2016-09-06', 5.05, 5.05, 4.85, 5.0]
['2016-09-07', 4.895, 5.05, 4.85, 4.85]
['2016-09-08', 4.995, 5.05, 4.85, 5.025]
['2016-09-09', 5.05, 5.25, 4.95, 5.15]
['2016-09-12', 5.15, 5.2, 4.55, 5.0]
['2016-09-13', 5.0, 5.1, 4.835, 5.0]
['2016-09-14', 4.89, 5.1, 4.85, 5.0]
['2016-09-15', 5.0, 5.05, 4.7, 5.0]
['2016-09-16', 5.0, 5.1, 4.695, 4.73]
['2016-09-19', 4.955, 5.05, 4.9, 4.95]
['2016-09-20', 4.9, 5.0, 4.715, 5.0]
['2016-09-21', 5.05, 5.1, 4.8, 5.0]
['2016-09-22', 4.9, 5.0, 4.8, 4.8]
['2016-09-23', 4.8, 4.875, 4.725, 4.725]
['2016-09-26', 4.5, 4.85, 4.4, 4.8]
['2016-09-27', 4.95, 4.95, 4.4, 4.85]
['2016-09-28', 4.9, 4.9, 4.75, 4.8]
['2016-09-29', 4.75, 4.9, 4.75, 4.865]
['2016-09-30', 5.0, 5.0, 4.5, 4.5]
['2016-10-03', 4.655, 4.9, 4.455, 4.78]
['2016-10-04', 4.85, 4.85, 4.65, 4.8]
['2016-10-05', 4.85, 4.9, 4.65, 4.85]
['2016-10-06', 4.65, 4.85, 4.45, 4.61]
['2016-10-07', 4.75, 4.85, 4.55, 4.78]
['2016-10-10', 4.85, 4.85, 4.54, 4.6]
['2016-10-11', 4.4, 4.85, 4.4, 4.5]
['2016-10-12', 4.5, 4.95, 4.5, 4.7]
['2016-10-13', 4.65, 4.75, 4.6, 4.75]
['2016-10-14', 4.75, 4.9, 4.75, 4.85]
['2016-10-17', 4.875, 5.0, 4.84, 4.85]
['2016-10-18', 4.85, 4.9, 4.75, 4.8]
['2016-10-19', 4.88, 4.88, 4.705, 4.84]
['2016-10-20', 4.7, 5.0, 4.7, 4.85]
['2016-10-21', 4.85, 4.93, 4.85, 4.85]
['2016-10-24', 4.93, 5.0, 4.75, 4.85]
['2016-10-25', 4.85, 5.0, 4.6, 4.9]
['2016-10-26', 4.7, 5.05, 4.7, 4.9]
['2016-10-27', 4.9, 5.25, 4.7, 5.0]
['2016-10-28', 4.995, 5.2, 4.95, 5.15]
['2016-10-31', 5.1, 5.2, 5.06, 5.15]
['2016-11-01', 5.15, 5.25, 5.0, 5.0]
['2016-11-02', 5.2, 5.2, 4.65, 4.85]
['2016-11-03', 4.6, 5.0, 4.6, 4.65]
['2016-11-04', 4.9, 5.25, 4.65, 4.9]
['2016-11-07', 4.95, 5.15, 4.95, 5.15]
['2016-11-08', 5.1, 5.1, 4.95, 4.95]
['2016-11-09', 4.9, 5.0, 4.75, 5.0]
['2016-11-10', 5.0, 5.2, 4.6, 4.85]
['2016-11-11', 4.95, 4.95, 4.75, 4.85]
['2016-11-14', 4.85, 4.9, 4.815, 4.9]
['2016-11-15', 4.76, 4.855, 4.75, 4.81]
['2016-11-16', 4.765, 4.825, 4.715, 4.81]
['2016-11-17', 4.995, 5.0, 4.8, 4.85]
['2016-11-18', 4.85, 4.85, 4.65, 4.85]
['2016-11-21', 4.85, 4.85, 4.65, 4.75]
['2016-11-22', 4.71, 5.0, 4.65, 4.85]
['2016-11-23', 4.765, 5.0, 4.65, 4.9]
['2016-11-25', 4.9, 4.9, 4.715, 4.85]
['2016-11-28', 4.85, 4.85, 4.65, 4.65]
['2016-11-29', 4.65, 4.725, 4.65, 4.7]
['2016-11-30', 4.7, 4.7, 4.65, 4.7]
['2016-12-01', 4.775, 4.8, 4.75, 4.75]
['2016-12-02', 4.65, 4.8, 4.65, 4.7]
['2016-12-05', 4.75, 4.75, 4.6, 4.605]
['2016-12-06', 4.745, 4.745, 4.6, 4.6]
['2016-12-07', 4.6, 4.7, 4.6, 4.6]
['2016-12-08', 4.6, 4.65, 4.51, 4.51]
['2016-12-09', 4.5, 4.57, 4.5, 4.57]
['2016-12-12', 4.5, 4.65, 4.0, 4.45]
['2016-12-13', 4.55, 4.55, 4.07, 4.3]
['2016-12-14', 4.3, 4.4, 3.705, 4.0]
['2016-12-15', 4.215, 4.215, 3.85, 3.855]
['2016-12-16', 3.9, 4.0, 3.55, 3.99]
['2016-12-19', 3.9, 4.1, 3.66, 3.9]
['2016-12-20', 3.935, 3.99, 3.8, 3.8]
['2016-12-21', 3.95, 3.99, 3.7, 3.99]
['2016-12-22', 4.0, 4.15, 3.65, 3.65]
['2016-12-23', 3.7, 4.09, 3.5, 4.05]
['2016-12-27', 6.0, 6.6, 3.65, 3.785]
['2016-12-28', 4.0, 4.0, 3.6, 3.7]
['2016-12-29', 4.0, 4.25, 3.75, 3.95]
['2016-12-30', 4.1, 4.25, 3.75, 4.05]
['2017-01-03', 4.055, 4.115, 4.05, 4.05]
['2017-01-04', 4.05, 4.2, 4.05, 4.1]
['2017-01-05', 4.05, 4.3, 4.05, 4.25]
['2017-01-06', 4.2, 4.3, 4.05, 4.25]
['2017-01-09', 4.25, 4.45, 4.25, 4.35]
['2017-01-10', 4.25, 4.5, 4.25, 4.32]
['2017-01-11', 4.4, 4.485, 4.3, 4.3]
['2017-01-12', 4.4, 4.5, 4.35, 4.42]
['2017-01-13', 4.45, 4.5, 4.45, 4.45]
['2017-01-17', 4.12, 4.5, 4.12, 4.45]
['2017-01-18', 4.5, 4.5, 4.2, 4.45]
['2017-01-19', 4.42, 4.5, 4.1, 4.4]
['2017-01-20', 4.25, 4.5, 4.25, 4.47]
['2017-01-23', 4.55, 4.55, 4.255, 4.5]
['2017-01-24', 4.5, 4.5, 4.205, 4.4]
['2017-01-25', 4.005, 4.4, 4.005, 4.1]
['2017-01-26', 4.5, 4.5, 4.25, 4.25]
['2017-01-27', 4.3, 4.425, 4.25, 4.25]
['2017-01-30', 4.25, 4.345, 4.1, 4.225]
['2017-01-31', 4.1, 4.25, 4.05, 4.25]
['2017-02-01', 4.15, 4.25, 4.15, 4.155]
['2017-02-02', 4.15, 4.25, 4.15, 4.25]
['2017-02-03', 4.15, 4.2, 4.1, 4.1]
['2017-02-06', 4.1, 4.2, 4.1, 4.185]
['2017-02-07', 4.25, 4.25, 4.175, 4.235]
['2017-02-08', 4.25, 4.25, 4.1, 4.195]
['2017-02-09', 4.1, 4.185, 4.0, 4.15]
['2017-02-10', 4.25, 4.25, 4.05, 4.15]
['2017-02-13', 4.075, 4.15, 4.0, 4.15]
['2017-02-14', 4.145, 4.15, 4.0, 4.1]
['2017-02-15', 4.2, 4.2, 4.085, 4.125]
['2017-02-16', 4.05, 4.15, 4.05, 4.1]
['2017-02-17', 4.1, 4.15, 4.005, 4.005]
['2017-02-21', 4.05, 4.2, 4.0, 4.1]
['2017-02-22', 4.0, 4.135, 3.995, 4.1]
['2017-02-23', 3.95, 4.1, 3.9, 3.9]
['2017-02-24', 3.88, 4.0, 3.55, 3.55]
['2017-02-27', 3.725, 3.725, 3.5, 3.65]
['2017-02-28', 3.65, 3.65, 2.75, 3.25]
['2017-03-01', 3.4, 3.595, 3.25, 3.5]
['2017-03-02', 3.475, 3.55, 3.35, 3.365]
['2017-03-03', 3.32, 3.35, 3.3, 3.35]
['2017-03-06', 3.3, 3.365, 2.955, 3.2]
['2017-03-07', 3.2, 3.4, 3.2, 3.25]
['2017-03-08', 3.45, 4.1, 3.45, 3.85]
['2017-03-09', 3.85, 3.86, 3.09, 3.585]
['2017-03-10', 3.7, 3.795, 3.4, 3.55]
['2017-03-13', 3.7, 3.75, 3.62, 3.62]
['2017-03-14', 4.0, 4.0, 3.6, 3.635]
['2017-03-15', 3.8, 3.8, 3.595, 3.75]
['2017-03-16', 3.8, 3.9, 3.75, 3.865]
['2017-03-17', 3.7, 3.795, 3.46, 3.46]
['2017-03-20', 3.55, 3.7, 3.55, 3.64]
['2017-03-21', 3.64, 3.885, 3.6, 3.7]
['2017-03-22', 3.745, 3.745, 3.4, 3.535]
['2017-03-23', 3.455, 3.6, 3.425, 3.445]
['2017-03-24', 3.4, 3.555, 3.4, 3.525]
['2017-03-27', 3.5, 3.5, 3.4, 3.4]
['2017-03-28', 3.55, 3.55, 3.4, 3.4]
['2017-03-29', 3.4, 3.5, 3.4, 3.445]
['2017-03-30', 3.405, 3.5, 3.4, 3.5]
['2017-03-31', 3.51, 3.55, 3.5, 3.55]
['2017-04-03', 3.5, 3.56, 3.4, 3.4]
['2017-04-04', 3.4, 3.495, 3.3, 3.3]
['2017-04-05', 3.3, 3.32, 3.205, 3.205]
['2017-04-06', 3.2, 3.25, 3.0, 3.16]
['2017-04-07', 3.0, 3.05, 2.76, 2.85]
['2017-04-10', 2.85, 3.42, 2.85, 3.05]
['2017-04-11', 3.05, 3.35, 3.05, 3.05]
['2017-04-12', 3.15, 3.22, 2.8, 3.0]
['2017-04-13', 3.1, 3.2, 3.1, 3.1]
['2017-04-17', 3.15, 3.25, 2.85, 3.1]
['2017-04-18', 3.0, 3.19, 2.85, 2.95]
['2017-04-19', 3.1, 3.1, 2.84, 2.95]
['2017-04-20', 2.92, 3.0, 2.8, 2.8]
['2017-04-21', 3.05, 3.05, 2.8, 2.9]
['2017-04-24', 2.95, 2.95, 2.8, 2.8]
['2017-04-25', 2.8, 2.9, 2.75, 2.8]
['2017-04-26', 2.8, 3.0, 2.8, 2.92]
['2017-04-27', 3.0, 3.0, 2.8, 2.91]
['2017-04-28', 2.915, 3.0, 2.755, 3.0]
['2017-05-01', 2.905, 3.0, 2.8, 2.95]
['2017-05-02', 2.8, 3.05, 2.75, 3.0]
['2017-05-03', 3.05, 3.2, 2.8, 3.175]
['2017-05-04', 3.15, 3.2, 3.15, 3.15]
['2017-05-05', 3.2, 3.35, 3.15, 3.3]
['2017-05-08', 3.45, 3.6, 3.205, 3.6]
['2017-05-09', 3.55, 3.55, 3.5, 3.51]
['2017-05-10', 3.55, 3.55, 3.15, 3.45]
['2017-05-11', 3.4, 3.55, 3.4, 3.5]
['2017-05-12', 2.7, 3.75, 2.7, 3.7]
['2017-05-15', 3.7, 3.7, 3.1, 3.5]
['2017-05-16', 3.5, 3.5, 3.35, 3.5]
['2017-05-17', 3.25, 3.5, 2.7, 3.05]
['2017-05-18', 3.05, 3.4, 2.755, 3.25]
['2017-05-19', 3.45, 3.5, 3.1, 3.5]
['2017-05-22', 3.45, 3.5, 3.35, 3.5]
['2017-05-23', 3.5, 3.5, 3.3, 3.5]
['2017-05-24', 3.3, 3.495, 3.3, 3.45]
['2017-05-25', 3.3, 3.495, 3.3, 3.495]
['2017-05-26', 3.3, 3.45, 3.0, 3.345]
['2017-05-30', 3.33, 3.35, 3.03, 3.3]
['2017-05-31', 3.05, 3.27, 2.81, 3.2]
['2017-06-01', 2.805, 3.2, 2.805, 2.985]
['2017-06-02', 3.235, 3.25, 2.9, 3.1]
['2017-06-05', 3.2, 3.2, 2.9, 3.15]
['2017-06-06', 2.9, 3.1, 2.9, 3.0]
['2017-06-07', 2.9, 2.95, 2.775, 2.8]
['2017-06-08', 2.9, 3.1, 2.78, 3.095]
['2017-06-09', 3.1, 3.1, 2.905, 2.95]
['2017-06-12', 3.2, 3.2, 2.915, 3.1]
['2017-06-13', 3.195, 3.2, 3.0, 3.15]
['2017-06-14', 3.08, 3.2, 2.88, 3.05]
['2017-06-15', 3.2, 3.2, 3.1, 3.2]
['2017-06-16', 3.0, 3.2, 2.9, 2.9]
['2017-06-19', 3.0, 3.2, 2.95, 3.11]
['2017-06-20', 2.915, 2.985, 2.8, 2.875]
['2017-06-21', 2.985, 2.985, 2.7, 2.875]
['2017-06-22', 2.625, 3.085, 2.625, 2.75]
['2017-06-23', 2.65, 2.955, 2.355, 2.71]
['2017-06-26', 2.84, 2.85, 2.5, 2.6]
['2017-06-27', 2.6, 2.855, 2.52, 2.52]
['2017-06-28', 2.845, 2.845, 2.55, 2.555]
['2017-06-29', 2.645, 2.8, 2.55, 2.55]
['2017-06-30', 2.75, 2.75, 2.46, 2.505]
['2017-07-03', 2.5, 2.65, 2.5, 2.65]
['2017-07-05', 2.7, 3.2, 2.63, 3.05]
['2017-07-06', 3.18, 3.2, 2.51, 2.8]
['2017-07-07', 2.795, 3.75, 2.745, 3.1]
['2017-07-10', 3.2, 3.2, 2.76, 2.925]
['2017-07-11', 3.07, 3.2, 2.76, 3.05]
['2017-07-12', 2.85, 3.075, 2.85, 3.05]
['2017-07-13', 3.0, 3.1, 3.0, 3.0]
['2017-07-14', 3.25, 3.25, 2.8, 3.0]
['2017-07-17', 3.0, 3.025, 2.86, 3.0]
['2017-07-18', 3.05, 3.05, 2.8, 2.945]
['2017-07-19', 2.75, 3.03, 2.505, 2.7]
['2017-07-20', 2.7, 3.1, 2.7, 3.0]
['2017-07-21', 3.1, 3.1, 2.6, 2.65]
['2017-07-24', 2.785, 2.99, 2.75, 2.935]
['2017-07-25', 2.95, 3.5, 2.85, 2.935]
['2017-07-26', 3.0, 3.1, 2.75, 3.0]
['2017-07-27', 3.2, 3.2, 2.75, 2.75]
['2017-07-28', 2.75, 2.84, 2.065, 2.65]
['2017-07-31', 2.6, 2.6, 2.49, 2.49]
['2017-08-01', 2.5, 2.5, 2.27, 2.315]
['2017-08-02', 2.15, 2.455, 2.15, 2.25]
['2017-08-03', 2.25, 2.335, 2.15, 2.23]
['2017-08-04', 2.155, 2.46, 1.91, 2.15]
['2017-08-07', 1.955, 2.355, 1.955, 2.195]
['2017-08-08', 2.5, 2.5, 2.015, 2.105]
['2017-08-09', 2.05, 2.075, 2.05, 2.065]
['2017-08-10', 2.05, 2.2, 1.95, 2.025]
['2017-08-11', 2.055, 2.25, 1.965, 2.0]
['2017-08-14', 1.95, 2.24, 1.95, 2.2]
['2017-08-15', 1.95, 2.24, 1.95, 2.01]
['2017-08-16', 2.02, 2.05, 1.475, 1.9]
['2017-08-17', 1.9, 2.34, 1.7, 2.175]
['2017-08-18', 2.2, 2.2, 1.76, 1.9]
['2017-08-21', 1.9, 1.9, 1.505, 1.8]
['2017-08-22', 1.9, 1.9, 1.55, 1.575]
['2017-08-23', 1.575, 1.95, 1.575, 1.75]
['2017-08-24', 1.75, 2.0, 1.75, 1.975]
['2017-08-25', 2.0, 2.5, 1.975, 2.445]
['2017-08-28', 2.45, 3.2, 2.44, 2.85]
['2017-08-29', 2.95, 3.35, 2.75, 3.15]
['2017-08-30', 3.2, 3.2, 2.65, 2.725]
['2017-08-31', 2.725, 3.25, 2.7, 3.075]
['2017-09-01', 3.0, 3.15, 2.9, 3.0]
['2017-09-05', 2.925, 3.13, 2.9, 2.95]
['2017-09-06', 3.0, 3.1, 2.75, 2.91]
['2017-09-07', 3.1, 3.1, 2.765, 2.85]
['2017-09-08', 2.75, 2.945, 2.0, 2.6]
['2017-09-11', 2.455, 2.7, 2.455, 2.6]
['2017-09-12', 2.53, 2.925, 2.5, 2.7]
['2017-09-13', 3.1, 3.1, 2.665, 2.93]
['2017-09-14', 2.95, 3.05, 2.775, 2.85]
['2017-09-15', 3.05, 3.7, 2.95, 3.21]
['2017-09-18', 3.4, 3.625, 3.25, 3.355]
['2017-09-19', 3.45, 3.5, 3.0, 3.1]
['2017-09-20', 3.0, 3.1, 2.75, 2.9]
['2017-09-21', 2.9, 2.995, 2.75, 2.8]
['2017-09-22', 2.75, 2.91, 2.75, 2.9]
['2017-09-25', 2.9, 3.19, 2.75, 2.85]
['2017-09-26', 2.8, 2.9, 2.69, 2.8]
['2017-09-27', 2.7, 2.825, 2.7, 2.7]
['2017-09-28', 2.7, 2.71, 2.5, 2.5]
['2017-09-29', 2.5, 2.8, 2.35, 2.6]
['2017-10-02', 2.67, 2.75, 2.6, 2.7]
['2017-10-03', 2.7, 2.9, 2.65, 2.655]
['2017-10-04', 2.675, 2.8, 2.55, 2.73]
['2017-10-05', 2.75, 2.8, 2.45, 2.5]
['2017-10-06', 2.33, 3.0, 2.061, 2.44]
['2017-10-09', 2.37, 2.6, 2.225, 2.5]
['2017-10-10', 2.5, 2.5, 2.25, 2.38]
['2017-10-11', 2.65, 2.7, 2.42, 2.57]
['2017-10-12', 2.68, 2.68, 2.5, 2.56]
['2017-10-13', 2.5, 2.68, 2.238, 2.43]
['2017-10-16', 2.51, 2.52, 2.3, 2.43]
['2017-10-17', 2.45, 2.46, 2.241, 2.35]
['2017-10-18', 2.343, 2.42, 2.27, 2.3]
['2017-10-19', 2.28, 2.28, 2.2, 2.21]
['2017-10-20', 2.205, 2.25, 1.83, 2.12]
['2017-10-23', 1.97, 2.23, 1.97, 2.188]
['2017-10-24', 2.2, 2.212, 2.1, 2.14]
['2017-10-25', 2.12, 2.12, 1.9, 1.97]
['2017-10-26', 1.88, 1.98, 1.841, 1.877]
['2017-10-27', 1.88, 1.976, 1.8, 1.91]
['2017-10-30', 1.76, 1.9, 1.75, 1.814]
['2017-10-31', 1.84, 1.95, 1.84, 1.93]
['2017-11-01', 1.92, 1.92, 1.888, 1.909]
['2017-11-02', 1.872, 1.9, 1.87, 1.88]
['2017-11-03', 1.9, 1.95, 1.9, 1.95]
['2017-11-06', 1.95, 2.23, 1.88, 2.03]
['2017-11-07', 2.23, 2.49, 1.96, 2.16]
['2017-11-08', 2.161, 2.322, 1.954, 2.13]
['2017-11-09', 1.913, 2.32, 1.913, 2.06]
['2017-11-10', 2.01, 2.24, 1.881, 2.09]
['2017-11-13', 2.04, 2.132, 1.99, 2.07]
['2017-11-14', 2.0, 2.06, 1.82, 1.82]
['2017-11-15', 1.951, 1.951, 1.75, 1.789]
['2017-11-16', 1.79, 1.862, 1.759, 1.83]
['2017-11-17', 1.797, 1.839, 1.569, 1.6]
['2017-11-20', 1.65, 1.69, 1.48, 1.589]
['2017-11-21', 1.54, 1.6, 1.51, 1.51]
['2017-11-22', 1.5, 1.6, 1.49, 1.52]
['2017-11-24', 1.513, 1.513, 1.45, 1.49]
['2017-11-27', 1.5, 1.5, 1.46, 1.47]
['2017-11-28', 1.456, 1.496, 1.317, 1.39]
['2017-11-29', 1.39, 1.48, 1.38, 1.41]
['2017-11-30', 1.4, 1.47, 1.4, 1.46]
['2017-12-01', 1.43, 1.48, 1.4, 1.4]
['2017-12-04', 1.39, 1.5, 1.39, 1.43]
['2017-12-05', 1.4, 1.42, 1.385, 1.39]
['2017-12-06', 1.42, 1.922, 1.42, 1.6]
['2017-12-07', 1.6, 1.62, 1.451, 1.55]
['2017-12-08', 2.15, 3.06, 1.71, 1.72]
['2017-12-11', 1.77, 1.9, 1.6, 1.76]
['2017-12-12', 1.86, 1.89, 1.686, 1.82]
['2017-12-13', 1.81, 1.886, 1.61, 1.8]
['2017-12-14', 1.79, 1.79, 1.651, 1.7]
['2017-12-15', 1.69, 1.74, 1.597, 1.61]
['2017-12-18', 1.69, 1.69, 1.558, 1.64]
['2017-12-19', 1.581, 1.689, 1.581, 1.62]
['2017-12-20', 1.64, 1.71, 1.561, 1.59]
['2017-12-21', 1.6, 1.65, 1.59, 1.626]
['2017-12-22', 1.62, 1.65, 1.601, 1.63]
['2017-12-26', 1.64, 1.796, 1.629, 1.71]
['2017-12-27', 1.8, 2.26, 1.8, 1.875]
['2017-12-28', 1.85, 1.931, 1.761, 1.87]
['2017-12-29', 1.871, 1.9, 1.8, 1.8]
['2018-01-02', 1.78, 1.84, 1.75, 1.83]
['2018-01-03', 1.8, 1.92, 1.78, 1.83]
['2018-01-04', 1.85, 1.96, 1.85, 1.91]
['2018-01-05', 1.89, 1.92, 1.801, 1.87]
['2018-01-08', 1.82, 1.88, 1.81, 1.81]
['2018-01-09', 1.8, 1.849, 1.75, 1.82]
['2018-01-10', 1.826, 1.83, 1.82, 1.83]
['2018-01-11', 1.84, 1.88, 1.78, 1.86]
['2018-01-12', 1.861, 1.91, 1.86, 1.87]
['2018-01-16', 1.87, 1.902, 1.835, 1.89]
['2018-01-17', 1.897, 1.979, 1.891, 1.911]
['2018-01-18', 1.92, 1.996, 1.91, 1.97]
['2018-01-19', 1.99, 2.29, 1.951, 2.12]
['2018-01-22', 2.13, 2.15, 1.9, 2.05]
['2018-01-23', 2.04, 2.05, 1.96, 2.03]
['2018-01-24', 1.95, 2.04, 1.95, 1.96]
['2018-01-25', 1.95, 1.97, 1.82, 1.866]
['2018-01-26', 1.865, 1.865, 1.85, 1.855]
['2018-01-29', 1.85, 1.855, 1.76, 1.8]
['2018-01-30', 1.77, 1.77, 1.71, 1.74]
['2018-01-31', 1.76, 2.0, 1.75, 1.77]
['2018-02-01', 1.8, 1.91, 1.77, 1.78]
['2018-02-02', 1.79, 1.8, 1.701, 1.726]
['2018-02-05', 1.72, 1.82, 1.66, 1.75]
['2018-02-06', 1.73, 1.753, 1.58, 1.641]
['2018-02-07', 1.63, 1.67, 1.6, 1.6]
['2018-02-08', 1.615, 1.623, 1.53, 1.56]
['2018-02-09', 1.6, 1.69, 1.56, 1.68]
['2018-02-12', 1.64, 1.766, 1.6, 1.64]
['2018-02-13', 1.629, 1.79, 1.629, 1.75]
['2018-02-14', 1.7, 1.799, 1.667, 1.667]
['2018-02-15', 1.73, 1.76, 1.701, 1.73]
['2018-02-16', 1.795, 1.8, 1.62, 1.62]
['2018-02-20', 1.76, 1.79, 1.62, 1.65]
['2018-02-21', 1.66, 1.76, 1.66, 1.72]
['2018-02-22', 1.662, 1.73, 1.662, 1.73]
['2018-02-23', 1.7, 1.71, 1.671, 1.69]
['2018-02-26', 1.681, 1.69, 1.66, 1.69]
['2018-02-27', 1.69, 1.761, 1.68, 1.73]
['2018-02-28', 1.71, 1.75, 1.68, 1.68]
['2018-03-01', 1.679, 1.74, 1.671, 1.71]
['2018-03-02', 1.7, 1.74, 1.68, 1.74]
['2018-03-05', 1.725, 1.919, 1.725, 1.88]
['2018-03-06', 1.864, 1.95, 1.864, 1.9]
['2018-03-07', 1.92, 1.93, 1.86, 1.86]
['2018-03-08', 1.88, 1.989, 1.88, 1.92]
['2018-03-09', 1.92, 1.92, 1.87, 1.92]
['2018-03-12', 1.875, 1.915, 1.81, 1.89]
['2018-03-13', 1.875, 1.91, 1.825, 1.91]
['2018-03-14', 1.91, 1.94, 1.81, 1.81]
['2018-03-15', 1.89, 1.95, 1.82, 1.82]
['2018-03-16', 1.82, 1.864, 1.82, 1.85]
['2018-03-19', 1.85, 2.02, 1.811, 1.85]
['2018-03-20', 1.84, 2.0, 1.84, 1.9]
['2018-03-21', 1.9, 1.95, 1.828, 1.86]
['2018-03-22', 1.829, 1.97, 1.829, 1.892]
['2018-03-23', 1.93, 1.97, 1.9, 1.96]
['2018-03-26', 1.95, 1.95, 1.854, 1.92]
['2018-03-27', 1.93, 1.93, 1.92, 1.93]
['2018-03-28', 1.93, 1.93, 1.85, 1.86]
['2018-03-29', 1.84, 1.849, 1.81, 1.813]
['2018-04-02', 1.8, 1.82, 1.55, 1.75]
['2018-04-03', 1.85, 1.85, 1.779, 1.8]
['2018-04-04', 1.709, 1.84, 1.709, 1.84]
['2018-04-05', 1.85, 1.85, 1.707, 1.79]
['2018-04-06', 1.738, 1.84, 1.738, 1.84]
['2018-04-09', 1.82, 1.82, 1.799, 1.799]
['2018-04-10', 1.8, 2.0, 1.76, 1.8]
['2018-04-11', 1.8, 1.819, 1.79, 1.8]
['2018-04-12', 1.827, 1.827, 1.8, 1.809]
['2018-04-13', 1.81, 1.81, 1.8, 1.8]
['2018-04-16', 1.81, 1.81, 1.8, 1.81]
['2018-04-17', 1.8, 1.871, 1.8, 1.81]
['2018-04-18', 1.84, 1.84, 1.819, 1.82]
['2018-04-19', 1.801, 1.81, 1.74, 1.8]
['2018-04-20', 1.834, 1.88, 1.8, 1.83]
['2018-04-23', 1.8, 1.8, 1.72, 1.78]
['2018-04-24', 1.86, 1.86, 1.756, 1.756]
['2018-04-25', 1.82, 1.85, 1.665, 1.71]
['2018-04-26', 1.813, 1.813, 1.813, 1.813]
['2018-04-27', 1.784, 1.79, 1.66, 1.78]
['2018-04-30', 1.66, 1.75, 1.6, 1.66]
['2018-05-01', 1.69, 1.69, 1.608, 1.69]
['2018-05-02', 1.63, 1.687, 1.6, 1.65]
['2018-05-03', 1.61, 1.63, 1.53, 1.61]
['2018-05-04', 1.601, 1.618, 1.5, 1.582]
['2018-05-07', 1.55, 1.58, 1.55, 1.559]
['2018-05-08', 1.56, 1.59, 1.56, 1.561]
['2018-05-09', 1.58, 1.585, 1.58, 1.585]
['2018-05-10', 1.58, 1.6, 1.58, 1.58]
['2018-05-11', 1.584, 1.6, 1.58, 1.58]
['2018-05-14', 1.69, 1.9, 1.645, 1.9]
['2018-05-15', 1.9, 1.95, 1.795, 1.795]
['2018-05-16', 1.79, 1.85, 1.75, 1.75]
['2018-05-17', 1.83, 1.95, 1.751, 1.85]
['2018-05-18', 1.84, 1.921, 1.81, 1.81]
['2018-05-21', 1.85, 2.0, 1.85, 1.95]
['2018-05-22', 1.91, 2.034, 1.91, 1.97]
['2018-05-23', 1.99, 2.15, 1.99, 2.1]
['2018-05-24', 2.11, 2.17, 2.047, 2.09]
['2018-05-25', 2.1, 2.1, 2.04, 2.05]
['2018-05-29', 1.98, 2.2, 1.98, 2.09]
['2018-05-30', 2.08, 2.19, 2.075, 2.1]
['2018-05-31', 2.1, 2.169, 2.05, 2.085]
['2018-06-01', 2.07, 2.1, 2.03, 2.08]
['2018-06-04', 2.08, 2.13, 2.06, 2.06]
['2018-06-05', 2.05, 2.1, 2.05, 2.064]
['2018-06-06', 2.07, 2.129, 2.01, 2.01]
['2018-06-07', 1.98, 2.04, 1.97, 2.015]
['2018-06-08', 2.02, 2.07, 2.02, 2.05]
['2018-06-11', 2.05, 2.05, 2.0, 2.04]
['2018-06-12', 2.04, 2.08, 2.04, 2.07]
['2018-06-13', 2.08, 2.17, 2.01, 2.15]
['2018-06-14', 2.131, 2.17, 2.081, 2.09]
['2018-06-15', 2.13, 2.388, 2.13, 2.33]
['2018-06-18', 2.3, 2.399, 2.2, 2.26]
['2018-06-19', 2.26, 2.26, 2.16, 2.16]
['2018-06-20', 2.172, 2.414, 2.172, 2.37]
['2018-06-21', 2.4, 2.41, 2.31, 2.316]
['2018-06-22', 3.44, 3.6, 2.72, 3.1]
['2018-06-25', 2.93, 2.99, 2.52, 2.77]
['2018-06-26', 2.75, 2.762, 2.373, 2.47]
['2018-06-27', 2.51, 2.62, 2.4, 2.45]
['2018-06-28', 2.43, 2.45, 2.27, 2.35]
['2018-06-29', 2.33, 2.38, 2.282, 2.34]
['2018-07-02', 2.33, 2.65, 2.323, 2.54]
['2018-07-03', 2.56, 2.749, 2.56, 2.7]
['2018-07-05', 2.68, 2.94, 2.68, 2.82]
['2018-07-06', 2.81, 2.94, 2.77, 2.895]
['2018-07-09', 2.91, 2.94, 2.79, 2.9]
['2018-07-10', 2.88, 3.1, 2.84, 3.07]
['2018-07-11', 3.04, 3.04, 2.77, 2.87]
['2018-07-12', 2.9, 2.9, 2.66, 2.79]
['2018-07-13', 2.77, 2.8, 2.68, 2.71]
['2018-07-16', 2.63, 2.84, 2.622, 2.84]
['2018-07-17', 2.86, 2.95, 2.809, 2.91]
['2018-07-18', 2.91, 2.924, 2.71, 2.76]
['2018-07-19', 2.72, 2.83, 2.711, 2.74]
['2018-07-20', 2.772, 2.88, 2.756, 2.8]
['2018-07-23', 2.8, 2.8, 2.66, 2.674]
['2018-07-24', 2.65, 2.748, 2.55, 2.56]
['2018-07-25', 2.62, 2.62, 2.42, 2.44]
['2018-07-26', 2.41, 2.617, 2.38, 2.38]
['2018-07-27', 2.42, 2.6, 2.4, 2.54]
['2018-07-30', 2.73, 2.87, 2.65, 2.76]
['2018-07-31', 2.82, 2.82, 2.71, 2.71]
['2018-08-01', 2.73, 2.78, 2.68, 2.73]
['2018-08-02', 2.78, 2.78, 2.55, 2.55]
['2018-08-03', 2.56, 2.736, 2.56, 2.7]
['2018-08-06', 2.68, 2.73, 2.581, 2.63]
['2018-08-07', 2.587, 2.72, 2.58, 2.656]
['2018-08-08', 2.71, 2.727, 2.58, 2.612]
['2018-08-09', 2.68, 2.68, 2.511, 2.54]
['2018-08-10', 2.58, 2.71, 2.501, 2.7]
['2018-08-13', 2.67, 2.7, 2.531, 2.55]
['2018-08-14', 2.56, 2.657, 2.47, 2.657]
['2018-08-15', 2.63, 2.63, 2.4, 2.44]
['2018-08-16', 2.45, 2.49, 2.42, 2.46]
['2018-08-17', 2.425, 2.46, 2.4, 2.42]
['2018-08-20', 2.461, 2.461, 2.33, 2.38]
['2018-08-21', 2.31, 2.45, 2.28, 2.28]
['2018-08-22', 2.3, 2.345, 2.3, 2.33]
['2018-08-23', 2.37, 2.37, 2.25, 2.25]
['2018-08-24', 2.25, 2.35, 2.105, 2.15]
['2018-08-27', 2.1, 2.24, 2.05, 2.15]
['2018-08-28', 2.1, 2.23, 2.05, 2.15]
['2018-08-29', 2.13, 2.23, 2.13, 2.188]
['2018-08-30', 2.19, 2.23, 2.11, 2.16]
['2018-08-31', 2.11, 2.2, 2.05, 2.1]
['2018-09-04', 2.1, 2.22, 2.05, 2.09]
['2018-09-05', 2.07, 2.1, 2.06, 2.06]
['2018-09-06', 2.2, 2.2, 2.07, 2.1]
['2018-09-07', 2.13, 2.4, 2.07, 2.25]
['2018-09-10', 2.23, 2.27, 2.1, 2.17]
['2018-09-11', 2.12, 2.34, 1.92, 1.97]
['2018-09-12', 1.95, 2.06, 1.95, 1.98]
['2018-09-13', 1.83, 2.05, 1.822, 2.03]
['2018-09-14', 1.94, 2.05, 1.87, 1.95]
['2018-09-17', 1.87, 2.097, 1.87, 2.0]
['2018-09-18', 1.93, 2.1, 1.85, 2.03]
['2018-09-19', 2.0, 2.08, 2.0, 2.05]
['2018-09-20', 2.06, 2.08, 2.02, 2.03]
['2018-09-21', 2.04, 2.2, 2.0, 2.13]
['2018-09-24', 2.15, 2.19, 2.06, 2.15]
['2018-09-25', 2.11, 2.17, 1.9, 2.1]
['2018-09-26', 2.15, 2.15, 2.067, 2.127]
['2018-09-27', 2.136, 2.17, 2.034, 2.034]
['2018-09-28', 2.12, 2.17, 2.043, 2.16]
['2018-10-01', 2.17, 2.29, 2.1, 2.27]
['2018-10-02', 2.27, 2.3, 2.2, 2.3]
['2018-10-03', 2.28, 2.29, 2.01, 2.24]
['2018-10-04', 2.28, 2.3, 2.203, 2.28]
['2018-10-05', 2.26, 2.26, 2.09, 2.21]
['2018-10-08', 2.21, 2.21, 1.96, 1.96]
['2018-10-09', 1.99, 2.09, 1.99, 2.089]
['2018-10-10', 2.03, 2.06, 1.96, 1.96]
['2018-10-11', 1.97, 1.995, 1.76, 1.84]
['2018-10-12', 1.83, 1.903, 1.759, 1.85]
['2018-10-15', 1.9, 1.98, 1.8, 1.98]
['2018-10-16', 1.94, 1.97, 1.85, 1.9]
['2018-10-17', 1.981, 2.0, 1.9, 2.0]
['2018-10-18', 1.95, 2.0, 1.869, 1.96]
['2018-10-19', 1.914, 2.0, 1.88, 1.88]
['2018-10-22', 1.9, 2.26, 1.85, 2.26]
['2018-10-23', 2.05, 2.05, 1.89, 2.04]
['2018-10-24', 2.04, 2.04, 1.96, 2.02]
['2018-10-25', 1.987, 2.0, 1.96, 1.98]
['2018-10-26', 1.98, 2.26, 1.76, 2.0]
['2018-10-29', 1.99, 2.0, 1.86, 2.0]
['2018-10-30', 1.99, 2.0, 1.874, 2.0]
['2018-10-31', 1.99, 2.09, 1.924, 2.09]
['2018-11-01', 2.019, 2.1, 1.95, 2.01]
['2018-11-02', 2.07, 2.09, 1.993, 2.02]
['2018-11-05', 2.01, 2.15, 2.01, 2.1]
['2018-11-06', 2.124, 2.15, 2.056, 2.07]
['2018-11-07', 2.1, 2.14, 2.076, 2.08]
['2018-11-08', 2.09, 2.2, 2.06, 2.19]
['2018-11-09', 2.19, 2.19, 2.05, 2.18]
['2018-11-12', 2.11, 2.18, 2.05, 2.16]
['2018-11-13', 2.06, 2.094, 2.04, 2.05]
['2018-11-14', 2.062, 2.08, 2.04, 2.08]
['2018-11-15', 2.22, 2.22, 1.88, 2.04]
['2018-11-16', 2.0, 2.19, 1.961, 2.1]
['2018-11-19', 2.13, 2.181, 1.87, 2.18]
['2018-11-20', 2.16, 2.16, 1.88, 1.99]
['2018-11-21', 2.07, 2.15, 2.07, 2.09]
['2018-11-23', 2.05, 2.05, 1.91, 1.91]
['2018-11-26', 2.01, 2.15, 1.81, 2.14]
['2018-11-27', 2.0, 2.1, 1.99, 2.1]
['2018-11-28', 2.08, 2.08, 1.911, 1.97]
['2018-11-29', 1.98, 2.05, 1.88, 1.98]
['2018-11-30', 1.97, 2.02, 1.82, 1.93]
['2018-12-03', 1.99, 1.99, 1.831, 1.88]
['2018-12-04', 1.9, 1.93, 1.66, 1.89]
['2018-12-06', 1.81, 1.9, 1.75, 1.75]
['2018-12-07', 1.76, 1.9, 1.76, 1.76]
['2018-12-10', 1.822, 1.87, 1.51, 1.82]
['2018-12-11', 1.7, 1.89, 1.5, 1.72]
['2018-12-12', 1.75, 1.75, 1.51, 1.58]
['2018-12-13', 1.612, 1.782, 1.61, 1.782]
['2018-12-14', 1.75, 1.769, 1.61, 1.61]
['2018-12-17', 1.55, 1.7, 1.45, 1.57]
['2018-12-18', 1.592, 1.6, 1.541, 1.6]
['2018-12-19', 1.525, 1.694, 1.525, 1.68]
['2018-12-20', 1.67, 1.705, 1.61, 1.64]
['2018-12-21', 1.604, 1.9, 1.57, 1.57]
['2018-12-24', 1.55, 1.732, 1.55, 1.64]
['2018-12-26', 1.66, 1.76, 1.55, 1.55]
['2018-12-27', 1.56, 1.69, 1.56, 1.63]
['2018-12-28', 1.63, 1.8, 1.55, 1.75]
['2018-12-31', 1.78, 1.81, 1.7, 1.71]
['2019-01-02', 1.71, 2.0, 1.7, 1.91]
['2019-01-03', 1.8, 2.05, 1.56, 1.63]
['2019-01-04', 1.65, 1.7, 1.56, 1.62]
['2019-01-07', 1.8, 1.8, 1.71, 1.775]
['2019-01-08', 1.81, 1.923, 1.72, 1.88]
['2019-01-09', 1.85, 1.85, 1.77, 1.82]
['2019-01-10', 1.8, 1.84, 1.8, 1.82]
['2019-01-11', 1.82, 1.84, 1.76, 1.806]
['2019-01-14', 1.85, 1.9, 1.79, 1.83]
['2019-01-15', 1.82, 1.867, 1.71, 1.74]
['2019-01-16', 1.73, 1.87, 1.73, 1.79]
['2019-01-17', 1.8, 1.8, 1.75, 1.75]
['2019-01-18', 1.76, 1.8, 1.69, 1.69]
['2019-01-22', 1.71, 1.74, 1.62, 1.66]
['2019-01-23', 1.65, 1.72, 1.6, 1.693]
['2019-01-24', 1.65, 1.71, 1.65, 1.67]
['2019-01-25', 1.67, 1.71, 1.63, 1.65]
['2019-01-28', 1.66, 1.75, 1.65, 1.7]
['2019-01-29', 1.67, 1.74, 1.67, 1.67]
['2019-01-30', 1.68, 1.73, 1.64, 1.72]
['2019-01-31', 1.69, 1.77, 1.69, 1.77]
['2019-02-01', 1.73, 1.77, 1.63, 1.64]
['2019-02-04', 1.64, 1.8, 1.64, 1.8]
['2019-02-05', 1.78, 1.8, 1.65, 1.7]
['2019-02-06', 1.71, 1.74, 1.658, 1.68]
['2019-02-07', 1.65, 1.75, 1.65, 1.65]
['2019-02-08', 1.66, 1.75, 1.65, 1.65]
['2019-02-11', 1.66, 1.66, 1.64, 1.65]
['2019-02-12', 1.66, 1.755, 1.64, 1.65]
['2019-02-13', 1.66, 1.781, 1.66, 1.69]
['2019-02-14', 1.68, 1.8, 1.68, 1.69]
['2019-02-15', 1.72, 1.8, 1.67, 1.67]
['2019-02-19', 1.67, 1.79, 1.67, 1.7]
['2019-02-20', 1.69, 1.76, 1.68, 1.69]
['2019-02-21', 1.67, 1.75, 1.66, 1.682]
['2019-02-22', 1.68, 1.77, 1.68, 1.69]
['2019-02-25', 1.74, 1.75, 1.65, 1.67]
['2019-02-26', 1.65, 1.71, 1.52, 1.56]
['2019-02-27', 1.55, 1.64, 1.465, 1.54]
['2019-02-28', 1.53, 1.652, 1.47, 1.48]
['2019-03-01', 1.51, 1.59, 1.51, 1.59]
['2019-03-04', 1.54, 1.56, 1.46, 1.5]
['2019-03-05', 1.51, 1.53, 1.46, 1.53]
['2019-03-06', 1.53, 1.6, 1.504, 1.504]
['2019-03-07', 1.51, 1.66, 1.504, 1.55]
['2019-03-08', 1.602, 1.63, 1.5, 1.5]
['2019-03-11', 1.56, 1.62, 1.47, 1.47]
['2019-03-12', 1.48, 1.53, 1.48, 1.53]
['2019-03-13', 1.52, 1.53, 1.3, 1.4]
['2019-03-14', 1.38, 1.38, 1.11, 1.35]
['2019-03-15', 2.91, 5.07, 2.5, 2.68]
['2019-03-18', 2.25, 3.19, 2.15, 2.58]
['2019-03-19', 2.49, 2.63, 2.0, 2.28]
['2019-03-20', 2.15, 2.2, 2.03, 2.05]
['2019-03-21', 2.19, 2.55, 2.1, 2.35]
['2019-03-22', 2.17, 2.62, 2.16, 2.405]
['2019-03-25', 2.42, 2.42, 2.242, 2.34]
['2019-03-26', 2.34, 2.47, 2.16, 2.18]
['2019-03-27', 2.18, 2.25, 1.95, 2.04]
['2019-03-28', 2.03, 2.15, 1.92, 2.1]
['2019-03-29', 2.1, 2.14, 2.03, 2.06]
['2019-04-01', 2.03, 2.09, 1.92, 1.93]
['2019-04-02', 1.91, 2.03, 1.861, 1.98]
['2019-04-03', 1.96, 2.2, 1.942, 2.09]
['2019-04-04', 2.1, 2.18, 2.07, 2.1]
['2019-04-05', 2.12, 2.17, 2.014, 2.07]
['2019-04-08', 2.07, 2.21, 2.015, 2.21]
['2019-04-09', 2.24, 2.24, 2.136, 2.22]
['2019-04-10', 2.2, 2.26, 2.15, 2.26]
['2019-04-11', 2.24, 2.25, 2.16, 2.18]
['2019-04-12', 2.21, 2.21, 2.031, 2.06]
['2019-04-15', 2.05, 2.15, 1.93, 1.95]
['2019-04-16', 2.0, 2.0, 1.94, 2.0]
['2019-04-17', 2.0, 2.04, 1.9, 1.97]
['2019-04-18', 1.95, 2.07, 1.94, 2.02]
['2019-04-22', 2.03, 2.076, 1.939, 2.0]
['2019-04-23', 1.97, 2.15, 1.95, 2.0]
['2019-04-24', 1.99, 2.064, 1.96, 2.03]
['2019-04-25', 2.01, 2.01, 1.99, 2.01]
['2019-04-26', 1.991, 2.01, 1.95, 1.98]
['2019-04-29', 1.99, 2.09, 1.95, 2.06]
['2019-04-30', 2.04, 2.12, 1.972, 2.01]
['2019-05-01', 2.05, 2.06, 1.96, 2.01]
['2019-05-02', 2.02, 2.02, 1.93, 2.0]
['2019-05-03', 2.0, 2.1, 2.0, 2.06]
['2019-05-06', 2.06, 2.07, 2.02, 2.02]
['2019-05-07', 2.05, 2.08, 1.984, 2.0]
['2019-05-08', 2.02, 2.1, 2.02, 2.07]
['2019-05-09', 2.04, 2.07, 2.0, 2.0]
['2019-05-10', 2.0, 2.09, 2.0, 2.033]
['2019-05-13', 1.95, 2.019, 1.95, 2.0]
['2019-05-14', 1.98, 2.03, 1.85, 1.95]
['2019-05-15', 1.98, 2.03, 1.964, 2.02]
['2019-05-16', 2.04, 2.1, 2.01, 2.03]
['2019-05-17', 2.07, 2.074, 1.9, 1.95]
['2019-05-20', 1.95, 2.07, 1.89, 2.01]
['2019-05-21', 2.01, 2.05, 1.85, 1.95]
['2019-05-22', 1.92, 2.08, 1.91, 2.03]
['2019-05-23', 2.04, 2.14, 2.02, 2.14]
['2019-05-24', 2.18, 2.287, 2.18, 2.23]
['2019-05-28', 2.27, 2.37, 2.23, 2.37]
['2019-05-29', 2.4, 2.65, 2.291, 2.55]
['2019-05-30', 2.57, 2.8, 2.553, 2.785]
['2019-05-31', 2.9, 2.98, 2.8, 2.95]
['2019-06-03', 2.99, 2.99, 2.633, 2.81]
['2019-06-04', 2.86, 2.98, 2.744, 2.87]
['2019-06-05', 2.96, 2.96, 2.75, 2.85]
['2019-06-06', 2.82, 2.831, 2.56, 2.58]
['2019-06-07', 2.58, 2.717, 2.51, 2.51]
['2019-06-10', 2.5, 2.704, 2.5, 2.63]
['2019-06-11', 2.69, 2.885, 2.611, 2.87]
['2019-06-12', 2.8, 2.9, 2.66, 2.87]
['2019-06-13', 2.87, 2.87, 2.79, 2.84]
['2019-06-14', 2.84, 2.84, 2.57, 2.73]
['2019-06-17', 2.75, 2.776, 2.5, 2.76]
['2019-06-18', 2.71, 2.84, 2.546, 2.84]
['2019-06-19', 2.84, 2.84, 2.65, 2.75]
['2019-06-20', 2.78, 2.9, 2.75, 2.85]
['2019-06-21', 2.87, 2.9, 2.722, 2.76]
['2019-06-24', 2.76, 2.89, 2.5, 2.5]
['2019-06-25', 2.58, 2.77, 2.55, 2.6]
['2019-06-26', 2.62, 2.74, 2.6, 2.71]
['2019-06-27', 2.69, 2.81, 2.5, 2.72]
['2019-06-28', 2.74, 2.8, 2.6, 2.8]
['2019-07-01', 2.77, 2.84, 2.7, 2.7]
['2019-07-02', 2.75, 2.785, 2.63, 2.77]
['2019-07-03', 2.75, 2.87, 2.67, 2.67]
['2019-07-05', 2.64, 2.73, 2.51, 2.54]
['2019-07-08', 2.71, 2.9, 2.6, 2.75]
['2019-07-09', 2.71, 2.887, 2.71, 2.72]
['2019-07-10', 2.77, 3.03, 2.72, 2.96]
['2019-07-11', 3.06, 3.09, 2.9, 2.98]
['2019-07-12', 2.98, 2.989, 2.85, 2.85]
['2019-07-15', 2.89, 2.99, 2.84, 2.99]
['2019-07-16', 3.04, 3.04, 2.67, 2.83]
['2019-07-17', 2.83, 2.92, 2.83, 2.88]
['2019-07-18', 2.87, 2.94, 2.8, 2.86]
['2019-07-19', 2.87, 2.875, 2.714, 2.78]
['2019-07-22', 2.76, 2.8, 2.6, 2.63]
['2019-07-23', 2.62, 2.71, 2.521, 2.64]
['2019-07-24', 2.64, 2.64, 2.54, 2.61]
['2019-07-25', 2.64, 2.67, 2.53, 2.55]
['2019-07-26', 2.53, 2.57, 2.05, 2.28]
['2019-07-29', 2.28, 2.53, 2.1, 2.45]
['2019-07-30', 2.448, 2.51, 2.2, 2.34]
['2019-07-31', 2.37, 2.44, 2.18, 2.2]
['2019-08-01', 2.29, 2.35, 2.05, 2.08]
['2019-08-02', 2.15, 2.21, 1.94, 2.09]
['2019-08-05', 2.09, 2.09, 1.9, 1.97]
['2019-08-06', 2.0, 2.0, 1.9, 1.94]
['2019-08-07', 1.99, 2.0, 1.872, 1.99]
['2019-08-08', 2.0, 2.0, 1.9, 1.93]
['2019-08-09', 1.91, 2.0, 1.88, 2.0]
['2019-08-12', 1.945, 2.07, 1.94, 2.0]
['2019-08-13', 1.96, 2.03, 1.86, 1.95]
['2019-08-14', 1.9, 1.92, 1.7, 1.75]
['2019-08-15', 1.79, 1.86, 1.79, 1.8]
['2019-08-16', 1.81, 2.02, 1.77, 2.02]
['2019-08-19', 2.01, 2.01, 1.9, 1.91]
['2019-08-20', 1.921, 1.939, 1.85, 1.88]
['2019-08-21', 2.06, 2.06, 1.91, 1.98]
['2019-08-22', 1.96, 1.99, 1.8, 1.883]
['2019-08-23', 1.811, 1.929, 1.8, 1.815]
['2019-08-26', 1.89, 1.89, 1.82, 1.89]
['2019-08-27', 1.89, 1.92, 1.74, 1.74]
['2019-08-28', 1.74, 1.82, 1.7, 1.82]
['2019-08-29', 1.83, 1.83, 1.77, 1.78]
['2019-08-30', 1.83, 1.83, 1.745, 1.79]
['2019-09-03', 1.82, 1.82, 1.75, 1.79]
['2019-09-04', 1.81, 1.83, 1.78, 1.79]
['2019-09-05', 1.78, 1.8, 1.7, 1.8]
['2019-09-06', 1.82, 1.85, 1.71, 1.85]
['2019-09-09', 1.84, 1.84, 1.65, 1.68]
['2019-09-10', 1.75, 1.75, 1.719, 1.72]
['2019-09-11', 1.76, 1.85, 1.72, 1.85]
['2019-09-12', 1.84, 1.85, 1.754, 1.76]
['2019-09-13', 1.81, 1.9, 1.782, 1.9]
['2019-09-16', 1.86, 1.882, 1.76, 1.78]
['2019-09-17', 1.76, 1.9, 1.76, 1.81]
['2019-09-18', 1.82, 1.88, 1.81, 1.82]
['2019-09-19', 1.81, 1.86, 1.72, 1.72]
['2019-09-20', 1.8, 1.87, 1.719, 1.85]
['2019-09-23', 1.83, 1.85, 1.75, 1.75]
['2019-09-24', 1.77, 1.82, 1.69, 1.76]
['2019-09-25', 1.85, 1.86, 1.75, 1.76]
['2019-09-26', 1.7, 1.8, 1.62, 1.62]
['2019-09-27', 1.64, 1.69, 1.595, 1.61]
['2019-09-30', 1.62, 1.62, 1.43, 1.5]
['2019-10-01', 1.5, 1.61, 1.46, 1.48]
['2019-10-02', 1.5, 1.89, 1.41, 1.71]
['2019-10-03', 1.73, 1.89, 1.72, 1.79]
['2019-10-04', 1.775, 1.835, 1.77, 1.78]
['2019-10-07', 1.71, 1.79, 1.71, 1.71]
['2019-10-08', 1.71, 1.762, 1.633, 1.761]
['2019-10-09', 1.79, 1.8, 1.706, 1.75]
['2019-10-10', 1.72, 1.72, 1.66, 1.66]
['2019-10-11', 1.71, 1.71, 1.59, 1.615]
['2019-10-14', 1.6, 1.6, 1.565, 1.57]
['2019-10-15', 1.58, 1.6, 1.545, 1.575]
['2019-10-16', 1.55, 1.57, 1.45, 1.48]
['2019-10-17', 1.48, 1.55, 1.48, 1.53]
['2019-10-18', 1.57, 1.57, 1.46, 1.48]
['2019-10-21', 1.45, 1.49, 1.45, 1.46]
['2019-10-22', 1.46, 1.56, 1.4, 1.5]
['2019-10-23', 1.23, 1.55, 1.18, 1.55]
['2019-10-24', 1.54, 1.61, 1.41, 1.41]
['2019-10-25', 1.45, 1.45, 1.35, 1.35]
['2019-10-28', 1.36, 1.593, 1.36, 1.4]
['2019-10-29', 1.499, 1.53, 1.36, 1.53]
['2019-10-30', 1.54, 1.54, 1.482, 1.52]
['2019-10-31', 1.51, 1.57, 1.51, 1.53]
['2019-11-01', 1.55, 1.565, 1.52, 1.55]
['2019-11-04', 1.55, 1.64, 1.55, 1.55]
['2019-11-05', 1.55, 1.56, 1.5, 1.5]
['2019-11-06', 1.51, 1.54, 1.41, 1.5]
['2019-11-07', 1.51, 1.523, 1.42, 1.42]
['2019-11-08', 1.45, 1.47, 1.41, 1.41]
['2019-11-11', 1.42, 1.53, 1.41, 1.42]
['2019-11-12', 1.47, 1.47, 1.4, 1.4]
['2019-11-13', 1.46, 1.57, 1.4, 1.54]
['2019-11-14', 1.513, 1.58, 1.513, 1.55]
['2019-11-15', 1.544, 1.569, 1.54, 1.55]
['2019-11-18', 1.53, 1.55, 1.46, 1.49]
['2019-11-19', 1.498, 1.55, 1.463, 1.52]
['2019-11-20', 1.5, 1.57, 1.5, 1.54]
['2019-11-21', 1.53, 1.57, 1.47, 1.47]
['2019-11-22', 1.51, 1.56, 1.45, 1.55]
['2019-11-25', 1.51, 1.6, 1.51, 1.54]
['2019-11-26', 1.51, 1.56, 1.51, 1.53]
['2019-11-27', 1.544, 1.555, 1.5, 1.53]
['2019-11-29', 1.56, 1.73, 1.56, 1.73]
['2019-12-02', 1.63, 1.697, 1.571, 1.578]
['2019-12-03', 1.59, 1.63, 1.58, 1.58]
['2019-12-04', 1.58, 1.616, 1.53, 1.53]
['2019-12-05', 1.528, 1.58, 1.528, 1.54]
['2019-12-06', 1.6, 1.6, 1.5, 1.57]
['2019-12-09', 1.6, 1.8, 1.6, 1.77]
['2019-12-10', 1.8, 2.099, 1.77, 1.96]
['2019-12-11', 2.06, 2.15, 1.8, 1.88]
['2019-12-12', 1.89, 1.96, 1.8, 1.905]
['2019-12-13', 1.97, 1.97, 1.8, 1.88]
['2019-12-16', 1.91, 2.019, 1.86, 1.95]
['2019-12-17', 1.95, 1.995, 1.86, 1.96]
['2019-12-18', 1.98, 1.98, 1.57, 1.76]
['2019-12-19', 1.7, 1.73, 1.66, 1.71]
['2019-12-20', 1.7, 1.76, 1.68, 1.73]
['2019-12-23', 2.38, 2.47, 1.93, 2.17]
['2019-12-24', 2.35, 2.9, 2.35, 2.79]
['2019-12-26', 2.94, 4.11, 2.82, 2.95]
['2019-12-27', 2.9, 3.11, 2.62, 2.68]
['2019-12-30', 2.62, 2.87, 2.41, 2.87]
['2019-12-31', 2.87, 2.94, 2.73, 2.94]
['2020-01-02', 2.85, 2.97, 2.65, 2.8]
['2020-01-03', 2.75, 2.89, 2.585, 2.73]
['2020-01-06', 2.8, 3.09, 2.8, 2.92]
['2020-01-07', 2.87, 2.945, 2.75, 2.85]
['2020-01-08', 2.84, 2.85, 2.66, 2.73]
['2020-01-09', 2.7, 2.95, 2.7, 2.85]
['2020-01-10', 3.11, 3.5, 3.05, 3.05]
['2020-01-13', 3.07, 3.22, 3.0, 3.11]
['2020-01-14', 3.08, 3.13, 2.95, 3.05]
['2020-01-15', 3.05, 3.09, 2.87, 2.9]
['2020-01-16', 2.91, 2.95, 2.87, 2.95]
['2020-01-17', 2.94, 2.95, 2.8, 2.85]
['2020-01-21', 2.9, 3.39, 2.9, 3.35]
['2020-01-22', 3.4, 3.95, 3.4, 3.83]
['2020-01-23', 3.85, 3.95, 3.4, 3.85]
['2020-01-24', 3.95, 4.049, 3.522, 3.64]
['2020-01-27', 3.65, 3.65, 3.26, 3.3]
['2020-01-28', 3.37, 3.402, 3.3, 3.35]
['2020-01-29', 3.4, 3.481, 3.18, 3.25]
['2020-01-30', 3.24, 3.269, 3.11, 3.22]
['2020-01-31', 3.21, 3.46, 3.081, 3.46]
['2020-02-03', 3.54, 3.69, 3.19, 3.22]
['2020-02-04', 3.24, 3.34, 3.2, 3.33]
['2020-02-05', 3.41, 3.43, 3.233, 3.34]
['2020-02-06', 3.36, 3.38, 3.045, 3.105]
['2020-02-07', 3.06, 3.17, 3.02, 3.06]
['2020-02-10', 3.04, 3.15, 3.0, 3.05]
['2020-02-11', 3.06, 3.15, 3.03, 3.08]
['2020-02-12', 3.05, 3.135, 3.026, 3.04]
['2020-02-13', 3.01, 3.055, 2.8, 2.97]
['2020-02-14', 2.95, 2.98, 2.83, 2.895]
['2020-02-18', 2.8, 3.38, 2.8, 3.23]
['2020-02-19', 3.25, 3.4, 3.214, 3.37]
['2020-02-20', 3.4, 3.4, 3.25, 3.32]
['2020-02-21', 3.29, 3.349, 3.131, 3.19]
['2020-02-24', 3.01, 3.11, 2.83, 3.06]
['2020-02-25', 3.06, 3.088, 2.86, 2.89]
['2020-02-26', 2.98, 3.075, 2.84, 2.9]
['2020-02-27', 2.85, 2.85, 2.583, 2.66]
['2020-02-28', 2.6, 2.78, 2.46, 2.78]
['2020-03-02', 2.75, 2.81, 2.66, 2.77]
['2020-03-03', 2.78, 2.87, 2.66, 2.84]
['2020-03-04', 2.86, 3.33, 2.8, 3.28]
['2020-03-05', 3.19, 3.4, 3.1, 3.21]
['2020-03-06', 3.16, 3.32, 3.07, 3.21]
['2020-03-09', 2.94, 3.13, 2.64, 2.87]
['2020-03-10', 2.98, 2.98, 2.61, 2.74]
['2020-03-11', 2.71, 2.71, 2.36, 2.5]
['2020-03-12', 2.36, 2.37, 2.03, 2.17]
['2020-03-13', 2.13, 2.453, 2.04, 2.15]
['2020-03-16', 1.9, 1.9, 1.41, 1.77]
['2020-03-17', 1.78, 2.018, 1.67, 1.7]
['2020-03-18', 1.66, 1.75, 1.3, 1.64]
['2020-03-19', 1.55, 1.78, 1.52, 1.73]
['2020-03-20', 1.7, 1.88, 1.69, 1.84]
['2020-03-23', 1.8, 1.83, 1.6, 1.83]
['2020-03-24', 1.85, 2.28, 1.76, 2.03]
['2020-03-25', 2.09, 2.2, 1.83, 1.95]
['2020-03-26', 2.06, 2.23, 2.01, 2.21]
['2020-03-27', 2.14, 2.36, 2.075, 2.28]
['2020-03-30', 2.23, 2.37, 2.11, 2.23]
['2020-03-31', 2.24, 2.38, 2.15, 2.38]
['2020-04-01', 2.4, 2.48, 2.23, 2.47]
['2020-04-02', 2.51, 2.67, 2.39, 2.39]
['2020-04-03', 2.38, 2.55, 2.2, 2.24]
['2020-04-06', 2.2, 2.49, 2.15, 2.19]
['2020-04-07', 2.4, 2.59, 2.4, 2.47]
['2020-04-08', 2.49, 2.845, 2.38, 2.82]
['2020-04-09', 2.83, 3.09, 2.75, 3.09]
['2020-04-13', 3.14, 3.197, 2.91, 3.11]
['2020-04-14', 3.0, 3.2, 3.0, 3.1]
['2020-04-15', 3.1, 3.15, 2.944, 3.09]
['2020-04-16', 3.15, 3.17, 2.91, 3.09]
['2020-04-17', 3.0, 3.05, 2.92, 2.98]
['2020-04-20', 2.99, 3.09, 2.673, 2.725]
['2020-04-21', 2.75, 2.92, 2.7, 2.73]
['2020-04-22', 2.8, 2.95, 2.71, 2.76]
['2020-04-23', 2.83, 3.09, 2.753, 3.0]
['2020-04-24', 3.03, 3.09, 2.92, 2.95]
['2020-04-27', 2.95, 3.003, 2.79, 2.88]
['2020-04-28', 2.96, 2.99, 2.86, 2.86]
['2020-04-29', 2.89, 3.15, 2.86, 3.08]
['2020-04-30', 3.02, 3.14, 2.91, 3.05]
['2020-05-01', 3.05, 3.18, 2.74, 3.0]
['2020-05-04', 3.0, 3.35, 2.94, 3.26]
['2020-05-05', 3.37, 3.96, 3.314, 3.65]
['2020-05-06', 3.64, 3.74, 3.35, 3.46]
['2020-05-07', 3.53, 3.64, 3.4, 3.44]
['2020-05-08', 3.46, 3.63, 3.35, 3.35]
['2020-05-11', 3.4, 3.59, 3.4, 3.42]
['2020-05-12', 3.46, 3.57, 3.27, 3.3]
['2020-05-13', 3.46, 3.46, 3.1, 3.25]
['2020-05-14', 3.26, 3.38, 3.25, 3.3]
['2020-05-15', 3.29, 3.49, 3.25, 3.31]
['2020-05-18', 3.29, 3.52, 3.2, 3.41]
['2020-05-19', 3.43, 3.85, 3.31, 3.81]
['2020-05-20', 3.85, 4.36, 3.83, 4.12]
['2020-05-21', 4.21, 4.39, 4.1, 4.23]
['2020-05-22', 4.27, 4.36, 3.88, 4.0]
['2020-05-26', 3.98, 4.3, 3.91, 4.05]
['2020-05-27', 4.02, 4.2, 3.6, 3.86]
['2020-05-28', 3.93, 3.938, 3.5, 3.56]
['2020-05-29', 3.55, 3.79, 3.19, 3.36]
