['2014-07-29', 6.04, 6.17, 5.93, 6.0]
['2014-07-30', 5.95, 5.97, 5.8, 5.81]
['2014-07-31', 5.75, 5.87, 5.64, 5.75]
['2014-08-01', 5.85, 5.85, 5.67, 5.77]
['2014-08-04', 5.96, 5.97, 5.75, 5.87]
['2014-08-05', 5.82, 5.84, 5.72, 5.78]
['2014-08-06', 5.87, 5.94, 5.81, 5.94]
['2014-08-07', 5.96, 5.96, 5.87, 5.91]
['2014-08-08', 5.82, 5.94, 5.82, 5.92]
['2014-08-11', 6.01, 6.01, 5.87, 5.95]
['2014-08-12', 5.9, 5.92, 5.84, 5.89]
['2014-08-13', 5.84, 5.94, 5.75, 5.77]
['2014-08-14', 5.86, 5.96, 5.86, 5.93]
['2014-08-15', 5.9, 5.96, 5.87, 5.87]
['2014-08-18', 5.95, 5.96, 5.87, 5.95]
['2014-08-19', 5.85, 5.99, 5.85, 5.92]
['2014-08-20', 5.99, 6.01, 5.87, 5.87]
['2014-08-21', 5.91, 6.01, 5.89, 5.93]
['2014-08-22', 5.93, 6.03, 5.77, 6.0]
['2014-08-25', 6.0, 6.01, 5.79, 5.85]
['2014-08-26', 5.88, 5.97, 5.87, 5.96]
['2014-08-27', 5.87, 5.97, 5.87, 5.94]
['2014-08-28', 5.85, 5.96, 5.85, 5.93]
['2014-08-29', 5.87, 5.95, 5.84, 5.88]
['2014-09-02', 5.96, 5.96, 5.88, 5.92]
['2014-09-03', 5.85, 5.95, 5.79, 5.86]
['2014-09-04', 5.8, 5.87, 5.79, 5.86]
['2014-09-05', 5.82, 5.87, 5.79, 5.84]
['2014-09-08', 5.77, 5.85, 5.73, 5.83]
['2014-09-09', 5.86, 5.86, 5.8, 5.84]
['2014-09-10', 5.77, 5.81, 5.7, 5.77]
['2014-09-11', 5.75, 5.86, 5.7, 5.74]
['2014-09-12', 5.85, 5.85, 5.63, 5.7]
['2014-09-15', 5.66, 5.7, 5.54, 5.59]
['2014-09-16', 5.6, 5.6, 5.54, 5.58]
['2014-09-17', 5.59, 5.74, 5.54, 5.56]
['2014-09-18', 5.58, 5.62, 5.54, 5.58]
['2014-09-19', 5.55, 5.6, 5.54, 5.6]
['2014-09-22', 5.57, 5.65, 5.37, 5.47]
['2014-09-23', 5.57, 5.74, 5.29, 5.74]
['2014-09-24', 5.65, 5.95, 5.65, 5.83]
['2014-09-25', 5.8, 5.95, 5.74, 5.8]
['2014-09-26', 5.73, 5.94, 5.73, 5.83]
['2014-09-29', 5.89, 6.01, 5.87, 5.95]
['2014-09-30', 5.92, 5.96, 5.79, 5.83]
['2014-10-01', 5.84, 5.94, 5.66, 5.73]
['2014-10-02', 5.56, 5.87, 5.56, 5.74]
['2014-10-03', 5.81, 5.94, 5.67, 5.83]
['2014-10-06', 5.83, 5.93, 5.55, 5.64]
['2014-10-07', 5.64, 5.83, 5.57, 5.59]
['2014-10-08', 5.55, 5.78, 5.35, 5.78]
['2014-10-09', 5.78, 5.78, 5.64, 5.78]
['2014-10-10', 5.73, 5.77, 5.57, 5.77]
['2014-10-13', 5.76, 5.78, 5.54, 5.73]
['2014-10-14', 5.7, 5.77, 5.55, 5.75]
['2014-10-15', 5.7, 5.78, 5.61, 5.72]
['2014-10-16', 5.73, 5.73, 5.51, 5.54]
['2014-10-17', 5.62, 5.68, 5.54, 5.57]
['2014-10-20', 5.54, 5.64, 5.54, 5.6]
['2014-10-21', 5.6, 5.69, 5.47, 5.6]
['2014-10-22', 5.6, 5.62, 5.43, 5.54]
['2014-10-23', 5.56, 5.78, 5.48, 5.78]
['2014-10-24', 5.74, 5.74, 5.47, 5.5]
['2014-10-27', 5.47, 5.47, 5.35, 5.42]
['2014-10-28', 5.45, 5.45, 5.33, 5.42]
['2014-10-29', 5.4, 5.43, 5.31, 5.42]
['2014-10-30', 5.41, 5.45, 5.2, 5.36]
['2014-10-31', 5.44, 5.59, 5.42, 5.44]
['2014-11-03', 5.44, 5.44, 5.25, 5.32]
['2014-11-04', 5.32, 5.37, 5.18, 5.24]
['2014-11-05', 5.25, 5.36, 5.24, 5.32]
['2014-11-06', 5.37, 5.62, 5.2, 5.55]
['2014-11-07', 5.56, 5.62, 5.45, 5.59]
['2014-11-10', 5.57, 5.57, 5.34, 5.48]
['2014-11-11', 5.43, 5.5, 5.34, 5.41]
['2014-11-12', 5.41, 5.62, 5.41, 5.6]
['2014-11-13', 5.51, 5.58, 5.35, 5.49]
['2014-11-14', 5.53, 5.59, 5.33, 5.45]
['2014-11-17', 5.48, 5.91, 5.48, 5.88]
['2014-11-18', 5.86, 5.95, 5.67, 5.76]
['2014-11-19', 5.71, 5.71, 5.35, 5.61]
['2014-11-20', 5.55, 5.71, 5.3, 5.4]
['2014-11-21', 5.46, 5.46, 5.23, 5.29]
['2014-11-24', 5.32, 5.4, 4.99, 5.02]
['2014-11-25', 5.04, 5.14, 4.77, 4.81]
['2014-11-26', 4.85, 5.17, 4.75, 4.81]
['2014-11-28', 4.81, 5.05, 4.78, 4.78]
['2014-12-01', 4.83, 5.05, 4.45, 4.58]
['2014-12-02', 4.49, 4.77, 4.49, 4.58]
['2014-12-03', 4.61, 4.72, 4.5, 4.61]
['2014-12-04', 4.69, 4.77, 4.64, 4.68]
['2014-12-05', 4.66, 4.77, 4.61, 4.76]
['2014-12-08', 4.72, 4.77, 4.6, 4.71]
['2014-12-09', 4.74, 4.86, 4.64, 4.74]
['2014-12-10', 4.64, 4.76, 4.64, 4.72]
['2014-12-11', 4.72, 4.86, 4.71, 4.79]
['2014-12-12', 4.75, 5.07, 4.75, 5.02]
['2014-12-15', 5.07, 5.07, 4.94, 5.0]
['2014-12-16', 4.98, 5.19, 4.98, 5.08]
['2014-12-17', 5.03, 5.12, 4.93, 5.12]
['2014-12-18', 5.11, 5.11, 5.0, 5.11]
['2014-12-19', 5.09, 5.2, 4.71, 4.87]
['2014-12-22', 4.87, 5.02, 4.79, 4.86]
['2014-12-23', 4.9, 4.94, 4.66, 4.72]
['2014-12-24', 4.68, 4.79, 4.59, 4.73]
['2014-12-26', 4.74, 4.79, 4.65, 4.69]
['2014-12-29', 4.74, 4.78, 4.62, 4.74]
['2014-12-30', 4.76, 4.82, 4.67, 4.74]
['2014-12-31', 4.77, 4.89, 4.7, 4.8]
['2015-01-02', 4.75, 4.79, 4.68, 4.79]
['2015-01-05', 4.75, 4.82, 4.67, 4.77]
['2015-01-06', 4.82, 4.97, 4.7, 4.83]
['2015-01-07', 4.82, 5.03, 4.82, 4.91]
['2015-01-08', 4.91, 5.11, 4.82, 5.07]
['2015-01-09', 5.05, 5.08, 4.95, 5.01]
['2015-01-12', 5.04, 5.04, 4.64, 4.73]
['2015-01-13', 4.71, 4.96, 4.71, 4.96]
['2015-01-14', 4.88, 5.11, 4.88, 5.05]
['2015-01-15', 5.0, 5.0, 4.82, 4.88]
['2015-01-16', 4.87, 5.08, 4.81, 5.08]
['2015-01-20', 5.06, 5.11, 5.01, 5.11]
['2015-01-21', 5.07, 5.11, 4.98, 5.1]
['2015-01-22', 5.11, 5.11, 5.06, 5.11]
['2015-01-23', 5.11, 5.15, 5.0, 5.15]
['2015-01-26', 5.11, 5.15, 5.08, 5.1]
['2015-01-27', 5.1, 5.12, 5.09, 5.12]
['2015-01-28', 5.11, 5.15, 5.08, 5.11]
['2015-01-29', 5.12, 5.15, 5.08, 5.15]
['2015-01-30', 5.15, 5.25, 5.13, 5.24]
['2015-02-02', 5.24, 5.29, 5.19, 5.29]
['2015-02-03', 5.32, 5.44, 5.2, 5.22]
['2015-02-04', 5.12, 5.21, 5.06, 5.06]
['2015-02-05', 5.07, 5.11, 4.99, 5.08]
['2015-02-06', 5.14, 5.14, 4.94, 4.94]
['2015-02-09', 4.99, 5.02, 4.89, 4.91]
['2015-02-10', 4.93, 4.94, 4.74, 4.8]
['2015-02-11', 4.84, 4.87, 4.76, 4.78]
['2015-02-12', 4.81, 4.81, 4.56, 4.63]
['2015-02-13', 4.58, 4.64, 4.5, 4.58]
['2015-02-17', 4.58, 4.87, 4.44, 4.79]
['2015-02-18', 4.79, 5.11, 4.79, 5.04]
['2015-02-19', 5.27, 5.27, 4.96, 5.07]
['2015-02-20', 5.09, 5.2, 5.05, 5.18]
['2015-02-23', 5.11, 5.25, 5.11, 5.15]
['2015-02-24', 5.19, 5.22, 5.12, 5.13]
['2015-02-25', 5.25, 5.25, 4.96, 4.97]
['2015-02-26', 5.05, 5.05, 4.86, 4.9]
['2015-02-27', 4.94, 4.94, 4.86, 4.88]
['2015-03-02', 4.91, 5.08, 4.86, 5.0]
['2015-03-03', 4.88, 5.0, 4.88, 4.98]
['2015-03-04', 4.95, 4.95, 4.86, 4.92]
['2015-03-05', 5.03, 5.03, 4.86, 4.89]
['2015-03-06', 4.87, 4.9, 4.86, 4.87]
['2015-03-09', 4.88, 4.96, 4.84, 4.86]
['2015-03-10', 4.89, 4.93, 4.86, 4.88]
['2015-03-11', 4.91, 4.99, 4.88, 4.96]
['2015-03-12', 4.98, 5.11, 4.9, 5.1]
['2015-03-13', 5.06, 5.09, 4.92, 4.98]
['2015-03-16', 5.11, 5.15, 4.95, 5.01]
['2015-03-17', 4.95, 5.06, 4.93, 5.05]
['2015-03-18', 5.05, 5.25, 5.02, 5.22]
['2015-03-19', 5.16, 5.27, 5.01, 5.27]
['2015-03-20', 5.26, 5.38, 5.12, 5.22]
['2015-03-23', 5.14, 5.23, 5.07, 5.16]
['2015-03-24', 5.11, 5.37, 4.99, 5.05]
['2015-03-25', 5.06, 5.07, 4.92, 4.95]
['2015-03-26', 5.01, 5.14, 4.94, 5.08]
['2015-03-27', 5.07, 5.39, 5.0, 5.39]
['2015-03-30', 5.42, 5.48, 4.55, 5.26]
['2015-03-31', 5.11, 5.16, 4.91, 5.16]
['2015-04-01', 5.12, 5.26, 4.98, 5.19]
['2015-04-02', 5.14, 5.2, 4.92, 4.99]
['2015-04-06', 4.98, 5.18, 4.94, 5.18]
['2015-04-07', 5.1, 5.17, 4.97, 5.02]
['2015-04-08', 5.07, 5.12, 4.82, 4.83]
['2015-04-09', 4.86, 4.93, 4.86, 4.92]
['2015-04-10', 4.94, 4.97, 4.78, 4.91]
['2015-04-13', 4.87, 4.96, 4.8, 4.89]
['2015-04-14', 4.85, 4.85, 4.51, 4.63]
['2015-04-15', 4.63, 5.03, 4.49, 4.89]
['2015-04-16', 4.83, 4.83, 4.65, 4.72]
['2015-04-17', 4.65, 4.8, 4.32, 4.33]
['2015-04-20', 4.34, 4.41, 4.28, 4.29]
['2015-04-21', 4.3, 4.78, 4.29, 4.5]
['2015-04-22', 4.44, 4.82, 4.44, 4.54]
['2015-04-23', 4.53, 4.82, 4.53, 4.56]
['2015-04-24', 4.65, 4.73, 4.55, 4.55]
['2015-04-27', 4.61, 4.61, 4.38, 4.39]
['2015-04-28', 4.42, 4.42, 4.2, 4.25]
['2015-04-29', 4.23, 4.5, 4.23, 4.42]
['2015-04-30', 4.37, 4.53, 4.34, 4.37]
['2015-05-01', 4.44, 4.45, 4.37, 4.45]
['2015-05-04', 4.46, 4.47, 4.37, 4.42]
['2015-05-05', 4.49, 4.53, 4.31, 4.38]
['2015-05-06', 4.28, 4.51, 4.28, 4.4]
['2015-05-07', 4.44, 4.44, 4.34, 4.36]
['2015-05-08', 4.36, 4.36, 4.24, 4.33]
['2015-05-11', 4.28, 4.34, 4.16, 4.22]
['2015-05-12', 4.22, 4.32, 4.14, 4.24]
['2015-05-13', 4.25, 4.63, 4.25, 4.52]
['2015-05-14', 4.44, 4.58, 4.41, 4.49]
['2015-05-15', 4.54, 4.69, 4.54, 4.56]
['2015-05-18', 4.59, 4.89, 4.59, 4.69]
['2015-05-19', 4.67, 4.77, 4.64, 4.66]
['2015-05-20', 4.64, 4.8, 4.64, 4.69]
['2015-05-21', 4.73, 4.87, 4.73, 4.77]
['2015-05-22', 4.8, 4.88, 4.74, 4.81]
['2015-05-26', 4.77, 4.91, 4.77, 4.91]
['2015-05-27', 4.95, 5.14, 4.86, 5.07]
['2015-05-28', 5.06, 5.06, 4.9, 4.92]
['2015-05-29', 4.97, 4.99, 4.9, 4.96]
['2015-06-01', 5.0, 5.11, 4.9, 5.11]
['2015-06-02', 5.08, 5.27, 5.02, 5.06]
['2015-06-03', 5.05, 5.13, 4.91, 4.94]
['2015-06-04', 4.99, 5.1, 4.93, 5.1]
['2015-06-05', 5.04, 5.18, 5.01, 5.18]
['2015-06-08', 5.11, 5.26, 5.09, 5.24]
['2015-06-09', 5.2, 5.33, 5.13, 5.33]
['2015-06-10', 5.3, 5.32, 5.19, 5.24]
['2015-06-11', 5.27, 5.39, 5.27, 5.39]
['2015-06-12', 5.38, 5.49, 5.26, 5.49]
['2015-06-15', 5.56, 5.66, 5.24, 5.33]
['2015-06-16', 5.34, 5.48, 5.27, 5.45]
['2015-06-17', 5.33, 5.38, 5.29, 5.32]
['2015-06-18', 5.37, 5.62, 5.35, 5.47]
['2015-06-19', 5.53, 5.57, 5.34, 5.43]
['2015-06-22', 5.37, 5.42, 5.16, 5.23]
['2015-06-23', 5.33, 5.42, 5.14, 5.21]
['2015-06-24', 5.24, 5.24, 5.02, 5.22]
['2015-06-25', 5.24, 5.24, 5.1, 5.23]
['2015-06-26', 5.22, 5.74, 5.22, 5.69]
['2015-06-29', 5.61, 5.72, 5.46, 5.6]
['2015-06-30', 5.68, 5.77, 5.46, 5.65]
['2015-07-01', 5.6, 5.72, 5.48, 5.62]
['2015-07-02', 5.58, 5.82, 5.49, 5.81]
['2015-07-06', 5.84, 5.99, 5.62, 5.86]
['2015-07-07', 5.92, 5.95, 5.69, 5.94]
['2015-07-08', 5.92, 5.94, 5.78, 5.9]
['2015-07-09', 5.84, 5.94, 5.63, 5.74]
['2015-07-10', 5.73, 5.83, 5.65, 5.74]
['2015-07-13', 5.75, 5.85, 5.69, 5.79]
['2015-07-14', 5.8, 5.92, 5.79, 5.89]
['2015-07-15', 5.9, 6.09, 5.87, 5.95]
['2015-07-16', 6.01, 6.06, 5.84, 6.01]
['2015-07-17', 6.03, 6.21, 5.89, 6.11]
['2015-07-20', 6.11, 6.18, 5.89, 6.05]
['2015-07-21', 6.1, 6.1, 5.82, 5.92]
['2015-07-22', 5.96, 6.04, 5.84, 5.99]
['2015-07-23', 5.96, 5.98, 5.75, 5.8]
['2015-07-24', 5.82, 5.88, 5.77, 5.82]
['2015-07-27', 5.79, 5.95, 5.46, 5.52]
['2015-07-28', 5.56, 5.81, 5.52, 5.81]
['2015-07-29', 5.77, 6.04, 5.77, 6.01]
['2015-07-30', 6.02, 6.02, 5.76, 5.81]
['2015-07-31', 5.78, 5.95, 5.67, 5.69]
['2015-08-03', 5.66, 5.75, 5.52, 5.61]
['2015-08-04', 5.62, 5.66, 5.42, 5.45]
['2015-08-05', 5.68, 5.68, 5.42, 5.63]
['2015-08-06', 5.56, 5.67, 5.45, 5.53]
['2015-08-07', 5.51, 5.66, 5.44, 5.47]
['2015-08-10', 5.49, 5.56, 5.22, 5.27]
['2015-08-11', 5.27, 5.48, 5.27, 5.48]
['2015-08-12', 5.44, 5.56, 5.37, 5.42]
['2015-08-13', 5.51, 5.85, 5.48, 5.72]
['2015-08-14', 5.76, 6.05, 5.68, 5.91]
['2015-08-17', 5.93, 6.08, 5.81, 6.03]
['2015-08-18', 6.05, 6.1, 5.76, 5.81]
['2015-08-19', 5.84, 5.98, 5.81, 5.96]
['2015-08-20', 5.94, 6.03, 5.82, 5.9]
['2015-08-21', 5.85, 5.94, 5.79, 5.87]
['2015-08-24', 5.64, 5.99, 5.64, 5.67]
['2015-08-25', 5.84, 5.9, 5.49, 5.56]
['2015-08-26', 5.64, 5.75, 5.46, 5.66]
['2015-08-27', 5.64, 5.76, 5.47, 5.66]
['2015-08-28', 5.66, 5.7, 5.5, 5.68]
['2015-08-31', 5.7, 5.75, 5.52, 5.69]
['2015-09-01', 5.73, 5.99, 5.56, 5.75]
['2015-09-02', 5.87, 5.96, 5.72, 5.85]
['2015-09-03', 5.9, 5.9, 5.58, 5.58]
['2015-09-04', 5.57, 5.85, 5.54, 5.6]
['2015-09-08', 5.64, 5.77, 5.44, 5.64]
['2015-09-09', 5.71, 5.79, 5.66, 5.74]
['2015-09-10', 5.8, 5.83, 5.53, 5.59]
['2015-09-11', 5.64, 5.87, 5.54, 5.85]
['2015-09-14', 5.87, 6.01, 5.7, 5.98]
['2015-09-15', 6.0, 6.12, 5.95, 5.97]
['2015-09-16', 6.0, 6.04, 5.78, 6.04]
['2015-09-17', 6.05, 6.23, 5.88, 6.12]
['2015-09-18', 6.15, 6.2, 6.0, 6.2]
['2015-09-21', 6.22, 6.48, 5.77, 5.9]
['2015-09-22', 5.87, 5.87, 5.76, 5.76]
['2015-09-23', 5.8, 6.13, 5.78, 6.12]
['2015-09-24', 6.31, 6.34, 5.79, 6.21]
['2015-09-25', 6.17, 6.23, 5.82, 5.9]
['2015-09-28', 5.91, 6.28, 5.91, 6.12]
['2015-09-29', 6.14, 6.22, 6.01, 6.04]
['2015-09-30', 6.07, 6.31, 5.98, 6.08]
['2015-10-01', 6.17, 6.17, 5.88, 6.0]
['2015-10-02', 6.04, 6.17, 5.83, 6.1]
['2015-10-05', 6.05, 6.22, 6.03, 6.11]
['2015-10-06', 6.15, 6.15, 5.72, 5.83]
['2015-10-07', 5.81, 5.95, 5.71, 5.83]
['2015-10-08', 5.82, 6.2, 5.8, 5.9]
['2015-10-09', 5.84, 5.93, 5.82, 5.89]
['2015-10-12', 5.95, 6.13, 5.83, 6.07]
['2015-10-13', 6.11, 6.2, 6.0, 6.06]
['2015-10-14', 6.02, 6.24, 5.89, 6.09]
['2015-10-15', 5.96, 6.22, 5.96, 6.21]
['2015-10-16', 6.24, 6.29, 6.15, 6.27]
['2015-10-19', 6.24, 6.27, 6.13, 6.25]
['2015-10-20', 6.22, 6.26, 6.13, 6.24]
['2015-10-21', 6.28, 6.28, 6.05, 6.07]
['2015-10-22', 6.12, 6.27, 5.84, 6.23]
['2015-10-23', 6.23, 6.26, 5.96, 6.01]
['2015-10-26', 6.02, 6.1, 5.85, 6.06]
['2015-10-27', 5.93, 6.18, 5.93, 6.09]
['2015-10-28', 6.07, 6.28, 6.07, 6.28]
['2015-10-29', 6.1, 6.3, 6.09, 6.21]
['2015-10-30', 6.27, 6.35, 6.11, 6.23]
['2015-11-02', 6.22, 6.39, 6.16, 6.27]
['2015-11-03', 6.35, 6.42, 6.28, 6.29]
['2015-11-04', 6.42, 6.42, 6.27, 6.35]
['2015-11-05', 6.43, 6.46, 6.15, 6.19]
['2015-11-06', 6.14, 6.33, 6.12, 6.31]
['2015-11-09', 6.3, 6.35, 6.26, 6.3]
['2015-11-10', 6.32, 6.46, 6.27, 6.4]
['2015-11-11', 6.43, 6.45, 6.3, 6.3]
['2015-11-12', 6.5, 6.5, 6.24, 6.35]
['2015-11-13', 6.33, 6.52, 6.2, 6.49]
['2015-11-16', 6.39, 6.55, 6.33, 6.53]
['2015-11-17', 6.56, 6.56, 6.46, 6.49]
['2015-11-18', 6.53, 6.61, 6.5, 6.61]
['2015-11-19', 6.63, 6.66, 6.55, 6.66]
['2015-11-20', 6.68, 6.73, 6.66, 6.71]
['2015-11-23', 6.74, 6.97, 6.71, 6.89]
['2015-11-24', 6.93, 7.07, 6.76, 7.0]
['2015-11-25', 7.05, 7.06, 6.76, 6.9]
['2015-11-27', 6.94, 7.07, 6.82, 7.06]
['2015-11-30', 7.19, 7.47, 6.67, 6.76]
['2015-12-01', 6.54, 6.91, 6.38, 6.77]
['2015-12-02', 6.74, 6.92, 6.61, 6.84]
['2015-12-03', 6.82, 6.91, 6.67, 6.8]
['2015-12-04', 6.8, 6.9, 6.76, 6.87]
['2015-12-07', 6.93, 7.02, 6.8, 6.94]
['2015-12-08', 6.92, 6.98, 6.72, 6.86]
['2015-12-09', 6.86, 6.99, 6.82, 6.98]
['2015-12-10', 6.99, 7.04, 6.95, 7.04]
['2015-12-11', 6.99, 7.08, 6.82, 6.85]
['2015-12-14', 6.81, 6.99, 6.81, 6.92]
['2015-12-15', 6.94, 7.28, 6.94, 7.26]
['2015-12-16', 7.28, 7.31, 6.95, 7.04]
['2015-12-17', 7.01, 7.02, 6.81, 6.9]
['2015-12-18', 6.87, 6.9, 6.63, 6.89]
['2015-12-21', 7.04, 7.04, 6.73, 6.89]
['2015-12-22', 6.95, 7.31, 6.87, 7.26]
['2015-12-23', 7.2, 7.4, 7.16, 7.38]
['2015-12-24', 7.2, 7.48, 7.17, 7.47]
['2015-12-28', 7.56, 8.23, 7.56, 7.99]
['2015-12-29', 7.96, 8.43, 7.96, 8.08]
['2015-12-30', 8.13, 8.34, 7.67, 7.72]
['2015-12-31', 7.71, 8.07, 7.67, 7.75]
['2016-01-04', 7.6, 7.76, 7.47, 7.74]
['2016-01-05', 7.79, 7.9, 7.45, 7.86]
['2016-01-06', 7.86, 8.14, 7.85, 7.85]
['2016-01-07', 7.79, 8.11, 7.53, 7.57]
['2016-01-08', 7.56, 7.8, 7.45, 7.49]
['2016-01-11', 7.39, 7.86, 7.39, 7.72]
['2016-01-12', 7.89, 7.89, 7.53, 7.82]
['2016-01-13', 7.78, 7.85, 7.69, 7.81]
['2016-01-14', 7.79, 7.85, 7.57, 7.66]
['2016-01-15', 7.47, 7.82, 6.93, 7.81]
['2016-01-19', 7.79, 7.82, 7.63, 7.7]
['2016-01-20', 7.65, 7.68, 6.96, 7.42]
['2016-01-21', 7.42, 7.47, 7.25, 7.43]
['2016-01-22', 7.49, 8.98, 7.49, 8.97]
['2016-01-25', 8.99, 9.14, 8.71, 8.91]
['2016-01-26', 8.94, 9.57, 8.94, 9.43]
['2016-01-27', 9.36, 9.6, 9.16, 9.28]
['2016-01-28', 9.35, 9.95, 9.31, 9.67]
['2016-01-29', 9.72, 10.15, 9.72, 10.12]
['2016-02-01', 10.22, 10.34, 9.79, 10.06]
['2016-02-02', 10.11, 10.11, 9.73, 9.96]
['2016-02-03', 9.76, 9.76, 9.2, 9.57]
['2016-02-04', 9.69, 9.83, 8.95, 8.99]
['2016-02-05', 8.91, 9.36, 8.79, 9.28]
['2016-02-08', 9.23, 9.36, 8.98, 9.33]
['2016-02-09', 9.36, 9.37, 9.27, 9.37]
['2016-02-10', 9.66, 9.85, 9.63, 9.7]
['2016-02-11', 9.71, 9.81, 9.69, 9.77]
['2016-02-12', 9.77, 9.88, 9.47, 9.82]
['2016-02-16', 9.84, 9.96, 9.27, 9.38]
['2016-02-17', 9.38, 9.54, 9.18, 9.21]
['2016-02-18', 9.26, 9.59, 9.12, 9.55]
['2016-02-19', 9.55, 9.66, 9.4, 9.52]
['2016-02-22', 9.57, 9.88, 9.52, 9.85]
['2016-02-23', 9.84, 9.84, 9.49, 9.58]
['2016-02-24', 9.51, 9.58, 9.46, 9.58]
['2016-02-25', 9.62, 9.74, 9.52, 9.74]
['2016-02-26', 9.75, 9.77, 9.32, 9.34]
['2016-02-29', 9.26, 9.26, 9.1, 9.19]
['2016-03-01', 9.32, 9.6, 9.04, 9.13]
['2016-03-02', 9.16, 9.2, 8.93, 9.05]
['2016-03-03', 8.98, 9.5, 8.94, 9.46]
['2016-03-04', 9.46, 9.61, 9.35, 9.49]
['2016-03-07', 9.33, 9.38, 8.47, 8.56]
['2016-03-08', 8.42, 9.0, 8.42, 8.91]
['2016-03-09', 9.0, 9.4, 9.0, 9.37]
['2016-03-10', 9.45, 9.51, 9.11, 9.22]
['2016-03-11', 9.2, 9.22, 8.96, 9.08]
['2016-03-14', 8.99, 9.13, 8.84, 8.86]
['2016-03-15', 8.76, 8.99, 8.39, 8.56]
['2016-03-16', 8.5, 9.1, 8.5, 9.05]
['2016-03-17', 9.11, 9.21, 8.92, 9.02]
['2016-03-18', 9.05, 9.13, 8.74, 9.05]
['2016-03-21', 8.93, 9.18, 8.76, 9.1]
['2016-03-22', 9.07, 9.19, 9.07, 9.11]
['2016-03-23', 9.05, 9.55, 8.98, 9.27]
['2016-03-24', 8.69, 8.83, 7.4, 7.89]
['2016-03-28', 7.82, 8.04, 7.61, 7.77]
['2016-03-29', 7.73, 7.79, 7.23, 7.27]
['2016-03-30', 6.74, 6.87, 6.72, 6.76]
['2016-03-31', 6.76, 6.95, 6.74, 6.83]
['2016-04-01', 6.79, 7.02, 6.76, 6.89]
['2016-04-04', 6.97, 7.07, 6.9, 7.02]
['2016-04-05', 7.06, 7.24, 6.86, 7.2]
['2016-04-06', 7.1, 7.33, 7.1, 7.32]
['2016-04-07', 7.59, 7.87, 7.34, 7.68]
['2016-04-08', 7.68, 7.87, 7.58, 7.6]
['2016-04-11', 7.6, 7.96, 7.6, 7.9]
['2016-04-12', 7.96, 8.03, 7.85, 7.93]
['2016-04-13', 7.97, 8.09, 7.74, 7.93]
['2016-04-14', 7.92, 8.01, 7.7, 7.99]
['2016-04-15', 7.96, 8.14, 7.9, 8.09]
['2016-04-18', 7.98, 8.3, 7.9, 8.21]
['2016-04-19', 8.24, 8.59, 8.18, 8.53]
['2016-04-20', 8.53, 8.67, 8.31, 8.63]
['2016-04-21', 8.63, 8.63, 8.48, 8.58]
['2016-04-22', 8.66, 8.71, 8.55, 8.68]
['2016-04-25', 8.68, 8.72, 8.42, 8.5]
['2016-04-26', 8.7, 9.19, 8.65, 9.03]
['2016-04-27', 9.15, 9.32, 8.93, 9.16]
['2016-04-28', 9.1, 9.4, 9.0, 9.35]
['2016-04-29', 9.4, 9.81, 9.21, 9.79]
['2016-05-02', 9.87, 9.98, 9.38, 9.47]
['2016-05-03', 9.48, 9.61, 9.1, 9.4]
['2016-05-04', 9.41, 10.1, 9.38, 9.82]
['2016-05-05', 10.27, 11.08, 9.81, 10.76]
['2016-05-06', 10.82, 11.72, 10.62, 11.62]
['2016-05-09', 11.58, 11.81, 11.27, 11.66]
['2016-05-10', 11.66, 12.08, 11.58, 11.79]
['2016-05-11', 11.87, 11.94, 11.53, 11.58]
['2016-05-12', 11.59, 11.85, 11.59, 11.7]
['2016-05-13', 11.61, 11.66, 11.27, 11.46]
['2016-05-16', 11.41, 11.75, 11.41, 11.63]
['2016-05-17', 11.68, 11.88, 11.63, 11.75]
['2016-05-18', 11.65, 11.84, 11.33, 11.36]
['2016-05-19', 11.33, 11.46, 10.77, 11.32]
['2016-05-20', 11.36, 11.47, 11.35, 11.39]
['2016-05-23', 11.39, 11.56, 11.24, 11.39]
['2016-05-24', 11.39, 11.84, 11.39, 11.68]
['2016-05-25', 11.71, 11.71, 11.4, 11.53]
['2016-05-26', 11.66, 11.84, 11.57, 11.59]
['2016-05-27', 11.54, 11.65, 11.46, 11.62]
['2016-05-31', 11.59, 11.66, 11.45, 11.56]
['2016-06-01', 11.58, 11.81, 11.58, 11.79]
['2016-06-02', 11.81, 11.84, 11.63, 11.77]
['2016-06-03', 11.83, 11.92, 11.72, 11.88]
['2016-06-06', 11.85, 12.2, 11.82, 12.14]
['2016-06-07', 12.18, 12.35, 12.11, 12.21]
['2016-06-08', 12.26, 13.07, 12.26, 13.01]
['2016-06-09', 13.03, 13.69, 12.84, 13.2]
['2016-06-10', 12.76, 13.34, 12.38, 13.19]
['2016-06-13', 13.24, 13.5, 12.79, 12.96]
['2016-06-14', 12.95, 13.62, 12.93, 13.38]
['2016-06-15', 13.39, 13.39, 13.06, 13.19]
['2016-06-16', 13.2, 13.42, 13.11, 13.37]
['2016-06-17', 13.34, 13.44, 13.11, 13.29]
['2016-06-20', 13.2, 13.42, 13.17, 13.29]
['2016-06-21', 13.33, 13.36, 13.19, 13.27]
['2016-06-22', 13.23, 13.39, 12.63, 12.77]
['2016-06-23', 12.78, 13.04, 12.59, 12.61]
['2016-06-24', 12.12, 12.66, 11.81, 12.3]
['2016-06-27', 12.19, 12.42, 11.81, 11.91]
['2016-06-28', 11.95, 12.73, 11.81, 12.54]
['2016-06-29', 12.52, 12.84, 12.21, 12.39]
['2016-06-30', 12.41, 12.76, 12.37, 12.7]
['2016-07-01', 12.75, 13.33, 12.54, 12.74]
['2016-07-05', 12.76, 12.79, 12.44, 12.56]
['2016-07-06', 12.59, 12.77, 12.37, 12.57]
['2016-07-07', 12.4, 12.56, 12.13, 12.29]
['2016-07-08', 12.26, 12.59, 12.0, 12.54]
['2016-07-11', 12.42, 12.5, 10.88, 11.0]
['2016-07-12', 11.08, 11.3, 10.59, 10.98]
['2016-07-13', 11.02, 11.05, 10.57, 10.71]
['2016-07-14', 10.75, 10.79, 10.34, 10.46]
['2016-07-15', 10.52, 11.4, 10.52, 10.85]
['2016-07-18', 10.85, 10.9, 10.59, 10.68]
['2016-07-19', 10.65, 10.65, 10.01, 10.4]
['2016-07-20', 10.34, 10.39, 9.7, 9.82]
['2016-07-21', 10.53, 10.57, 9.71, 9.88]
['2016-07-22', 9.86, 9.86, 9.31, 9.43]
['2016-07-25', 9.38, 9.49, 9.17, 9.35]
['2016-07-26', 9.35, 9.5, 9.11, 9.12]
['2016-07-27', 9.03, 9.63, 8.67, 9.26]
['2016-07-28', 9.64, 10.1, 9.4, 9.42]
['2016-07-29', 9.32, 9.7, 9.28, 9.52]
['2016-08-01', 9.47, 9.55, 9.19, 9.43]
['2016-08-02', 9.32, 9.47, 9.29, 9.37]
['2016-08-03', 9.44, 9.74, 9.34, 9.47]
['2016-08-04', 9.46, 9.61, 9.35, 9.56]
['2016-08-05', 9.54, 9.59, 9.37, 9.51]
['2016-08-08', 9.51, 9.74, 9.32, 9.64]
['2016-08-09', 9.63, 9.74, 9.54, 9.7]
['2016-08-10', 9.76, 9.83, 9.61, 9.75]
['2016-08-11', 10.13, 10.85, 10.13, 10.8]
['2016-08-12', 10.85, 11.11, 9.89, 10.0]
['2016-08-15', 10.07, 10.33, 10.02, 10.06]
['2016-08-16', 10.05, 10.15, 9.93, 9.95]
['2016-08-17', 9.99, 10.04, 9.84, 9.88]
['2016-08-18', 9.89, 10.0, 9.82, 10.0]
['2016-08-19', 9.88, 10.02, 9.77, 10.01]
['2016-08-22', 9.99, 10.2, 9.91, 10.17]
['2016-08-23', 10.22, 10.94, 10.07, 10.76]
['2016-08-24', 10.84, 11.31, 10.59, 11.0]
['2016-08-25', 10.99, 11.1, 10.65, 11.05]
['2016-08-26', 11.06, 11.27, 11.01, 11.26]
['2016-08-29', 11.34, 11.41, 10.97, 11.36]
['2016-08-30', 11.41, 11.45, 11.18, 11.33]
['2016-08-31', 11.3, 11.34, 11.09, 11.28]
['2016-09-01', 11.29, 11.34, 11.05, 11.31]
['2016-09-02', 11.29, 11.59, 11.29, 11.57]
['2016-09-06', 11.59, 11.61, 11.38, 11.53]
['2016-09-07', 11.57, 11.86, 11.41, 11.85]
['2016-09-08', 11.85, 11.93, 11.72, 11.87]
['2016-09-09', 11.86, 11.86, 11.46, 11.5]
['2016-09-12', 11.37, 11.58, 11.25, 11.53]
['2016-09-13', 11.52, 11.64, 11.35, 11.41]
['2016-09-14', 11.37, 11.46, 11.21, 11.35]
['2016-09-15', 11.36, 11.38, 10.73, 10.76]
['2016-09-16', 10.73, 10.76, 10.5, 10.58]
['2016-09-19', 10.64, 11.2, 10.64, 11.09]
['2016-09-20', 11.16, 11.31, 11.06, 11.26]
['2016-09-21', 11.35, 11.79, 11.3, 11.74]
['2016-09-22', 11.78, 11.78, 11.36, 11.5]
['2016-09-23', 11.49, 11.56, 11.37, 11.48]
['2016-09-26', 11.52, 11.54, 11.41, 11.43]
['2016-09-27', 11.5, 11.85, 11.46, 11.71]
['2016-09-28', 11.71, 11.75, 11.51, 11.69]
['2016-09-29', 11.65, 11.65, 11.38, 11.59]
['2016-09-30', 11.64, 11.64, 11.31, 11.34]
['2016-10-03', 11.27, 11.27, 10.53, 10.71]
['2016-10-04', 10.79, 10.79, 10.52, 10.55]
['2016-10-05', 10.6, 10.66, 10.3, 10.41]
['2016-10-06', 10.36, 10.55, 10.15, 10.18]
['2016-10-07', 10.2, 10.27, 9.96, 10.0]
['2016-10-10', 10.04, 10.28, 9.99, 10.18]
['2016-10-11', 10.18, 10.18, 9.72, 9.84]
['2016-10-12', 9.87, 10.18, 9.87, 10.1]
['2016-10-13', 10.06, 10.14, 9.93, 9.95]
['2016-10-14', 9.96, 9.99, 9.82, 9.89]
['2016-10-17', 9.92, 10.08, 9.85, 10.02]
['2016-10-18', 10.06, 10.31, 9.94, 10.16]
['2016-10-19', 10.1, 10.37, 10.06, 10.27]
['2016-10-20', 10.22, 10.25, 9.96, 10.04]
['2016-10-21', 9.94, 10.16, 9.94, 10.14]
['2016-10-24', 10.22, 10.23, 10.08, 10.22]
['2016-10-25', 10.22, 10.35, 10.16, 10.2]
['2016-10-26', 10.2, 10.2, 9.86, 9.92]
['2016-10-27', 9.9, 9.94, 9.46, 9.59]
['2016-10-28', 9.53, 9.59, 9.44, 9.5]
['2016-10-31', 9.53, 9.53, 9.38, 9.42]
['2016-11-01', 9.42, 9.57, 9.36, 9.5]
['2016-11-02', 9.46, 9.61, 9.38, 9.55]
['2016-11-03', 9.57, 9.92, 9.46, 9.9]
['2016-11-04', 9.85, 9.96, 9.61, 9.71]
['2016-11-07', 9.71, 9.85, 9.65, 9.81]
['2016-11-08', 9.83, 10.1, 9.83, 9.94]
['2016-11-09', 9.79, 10.0, 9.57, 9.98]
['2016-11-10', 10.02, 10.04, 8.97, 9.55]
['2016-11-11', 9.55, 10.39, 9.55, 10.37]
['2016-11-14', 10.41, 10.52, 9.67, 10.08]
['2016-11-15', 10.49, 10.87, 10.22, 10.51]
['2016-11-16', 10.6, 10.63, 10.25, 10.39]
['2016-11-17', 10.43, 10.68, 10.29, 10.39]
['2016-11-18', 10.39, 10.51, 10.27, 10.39]
['2016-11-21', 10.39, 10.56, 9.83, 9.96]
['2016-11-22', 10.04, 10.35, 10.02, 10.12]
['2016-11-23', 9.96, 10.18, 9.77, 9.85]
['2016-11-25', 9.83, 10.04, 9.83, 9.94]
['2016-11-28', 9.94, 10.41, 9.94, 10.18]
['2016-11-29', 10.18, 10.48, 10.12, 10.32]
['2016-11-30', 10.22, 10.38, 9.98, 10.06]
['2016-12-01', 10.1, 10.1, 9.77, 9.89]
['2016-12-02', 9.89, 10.02, 9.71, 9.75]
['2016-12-05', 9.75, 9.87, 9.61, 9.71]
['2016-12-06', 9.69, 10.06, 9.67, 9.96]
['2016-12-07', 10.06, 10.16, 9.96, 10.04]
['2016-12-08', 10.04, 10.69, 9.97, 10.67]
['2016-12-09', 10.67, 11.33, 10.62, 10.95]
['2016-12-12', 10.85, 11.03, 10.64, 10.99]
['2016-12-13', 11.13, 11.56, 11.01, 11.42]
['2016-12-14', 11.48, 11.58, 11.27, 11.48]
['2016-12-15', 11.52, 11.94, 11.37, 11.7]
['2016-12-16', 11.7, 11.95, 11.57, 11.68]
['2016-12-19', 11.64, 12.33, 11.52, 11.94]
['2016-12-20', 11.8, 12.79, 11.8, 12.37]
['2016-12-21', 12.41, 12.81, 12.41, 12.55]
['2016-12-22', 12.67, 12.67, 11.96, 12.12]
['2016-12-23', 12.1, 12.27, 11.84, 12.04]
['2016-12-27', 11.98, 12.25, 11.84, 12.04]
['2016-12-28', 12.04, 12.15, 11.96, 12.06]
['2016-12-29', 12.06, 12.17, 11.96, 12.06]
['2016-12-30', 12.08, 12.1, 11.86, 11.96]
['2017-01-03', 12.06, 12.15, 11.66, 11.7]
['2017-01-04', 11.72, 12.04, 11.56, 12.0]
['2017-01-05', 12.0, 12.02, 11.4, 11.46]
['2017-01-06', 11.39, 11.55, 11.25, 11.39]
['2017-01-09', 11.37, 11.5, 11.17, 11.39]
['2017-01-10', 11.44, 11.44, 11.29, 11.31]
['2017-01-11', 11.4, 11.84, 11.35, 11.78]
['2017-01-12', 11.78, 12.0, 11.52, 11.82]
['2017-01-13', 11.84, 11.86, 11.62, 11.7]
['2017-01-17', 11.7, 11.76, 11.39, 11.4]
['2017-01-18', 11.4, 11.7, 11.21, 11.48]
['2017-01-19', 11.5, 11.7, 11.4, 11.62]
['2017-01-20', 11.74, 11.74, 11.5, 11.56]
['2017-01-23', 11.62, 11.74, 11.5, 11.6]
['2017-01-24', 11.62, 11.74, 11.5, 11.7]
['2017-01-25', 11.74, 11.88, 11.64, 11.86]
['2017-01-26', 11.88, 11.9, 11.64, 11.8]
['2017-01-27', 11.7, 11.78, 10.77, 10.87]
['2017-01-30', 10.89, 10.91, 10.38, 10.58]
['2017-01-31', 10.71, 10.71, 10.16, 10.2]
['2017-02-01', 10.36, 10.97, 10.28, 10.64]
['2017-02-02', 10.67, 10.69, 10.06, 10.12]
['2017-02-03', 10.08, 10.54, 10.0, 10.48]
['2017-02-06', 10.48, 10.5, 10.28, 10.4]
['2017-02-07', 10.79, 10.99, 10.38, 10.6]
['2017-02-08', 10.56, 10.62, 10.3, 10.34]
['2017-02-09', 10.36, 10.6, 10.31, 10.54]
['2017-02-10', 10.56, 10.56, 10.34, 10.42]
['2017-02-13', 10.36, 10.38, 10.16, 10.22]
['2017-02-14', 10.22, 10.36, 10.1, 10.18]
['2017-02-15', 10.16, 10.18, 9.94, 10.1]
['2017-02-16', 10.04, 10.08, 9.83, 9.87]
['2017-02-17', 9.83, 9.87, 9.67, 9.81]
['2017-02-21', 9.85, 10.06, 9.73, 9.91]
['2017-02-22', 9.87, 9.98, 9.83, 9.94]
['2017-02-23', 9.98, 10.16, 9.94, 10.08]
['2017-02-24', 10.1, 11.01, 9.94, 10.75]
['2017-02-27', 10.86, 11.09, 10.5, 10.82]
['2017-02-28', 10.76, 10.94, 10.7, 10.8]
['2017-03-01', 10.82, 11.44, 10.78, 11.32]
['2017-03-02', 11.34, 11.54, 11.2, 11.4]
['2017-03-03', 11.6, 11.72, 10.44, 11.12]
['2017-03-06', 11.12, 11.27, 10.88, 11.0]
['2017-03-07', 10.98, 11.22, 10.88, 10.9]
['2017-03-08', 10.86, 10.9, 10.44, 10.46]
['2017-03-09', 10.4, 11.34, 10.34, 11.16]
['2017-03-10', 11.14, 11.18, 10.54, 10.98]
['2017-03-13', 10.94, 11.32, 10.86, 10.9]
['2017-03-14', 10.84, 11.22, 10.82, 11.12]
['2017-03-15', 11.14, 11.4, 10.86, 11.34]
['2017-03-16', 11.34, 11.34, 11.0, 11.14]
['2017-03-17', 11.22, 11.62, 11.22, 11.62]
['2017-03-20', 11.74, 11.9, 11.4, 11.5]
['2017-03-21', 11.5, 11.68, 11.34, 11.54]
['2017-03-22', 11.6, 11.82, 11.46, 11.72]
['2017-03-23', 11.76, 12.26, 11.68, 11.92]
['2017-03-24', 11.96, 12.26, 11.8, 11.92]
['2017-03-27', 11.9, 12.72, 11.9, 12.48]
['2017-03-28', 12.42, 13.2, 12.3, 13.14]
['2017-03-29', 13.22, 13.46, 12.84, 12.92]
['2017-03-30', 12.4, 12.72, 11.92, 12.64]
['2017-03-31', 12.68, 12.88, 12.66, 12.78]
['2017-04-03', 12.86, 13.47, 12.64, 13.22]
['2017-04-04', 13.2, 13.44, 12.44, 12.54]
['2017-04-05', 12.64, 12.66, 12.36, 12.42]
['2017-04-06', 12.4, 12.44, 12.22, 12.32]
['2017-04-07', 12.24, 12.42, 12.22, 12.3]
['2017-04-10', 12.38, 13.18, 12.02, 13.14]
['2017-04-11', 13.22, 14.0, 13.18, 13.68]
['2017-04-12', 13.78, 15.07, 13.4, 14.98]
['2017-04-13', 15.48, 15.48, 14.02, 14.16]
['2017-04-17', 14.42, 15.16, 14.42, 14.76]
['2017-04-18', 14.46, 14.8, 14.46, 14.52]
['2017-04-19', 14.6, 14.68, 14.16, 14.3]
['2017-04-20', 14.4, 14.52, 14.22, 14.26]
['2017-04-21', 14.26, 14.78, 14.16, 14.62]
['2017-04-24', 14.72, 14.8, 14.39, 14.48]
['2017-04-25', 14.48, 14.58, 14.4, 14.42]
['2017-04-26', 14.42, 14.48, 14.36, 14.42]
['2017-04-27', 14.44, 14.48, 14.16, 14.26]
['2017-04-28', 14.36, 14.42, 14.22, 14.36]
['2017-05-01', 14.24, 14.24, 14.06, 14.12]
['2017-05-02', 14.08, 14.16, 13.6, 13.72]
['2017-05-03', 13.62, 13.77, 13.16, 13.18]
['2017-05-04', 13.08, 13.2, 12.52, 13.14]
['2017-05-05', 12.64, 13.12, 12.6, 12.6]
['2017-05-08', 12.66, 13.26, 11.34, 13.22]
['2017-05-09', 13.36, 13.4, 12.86, 12.94]
['2017-05-10', 12.94, 13.58, 12.8, 13.56]
['2017-05-11', 13.54, 13.88, 13.36, 13.8]
['2017-05-12', 13.9, 13.9, 13.62, 13.86]
['2017-05-15', 13.92, 14.07, 13.74, 14.0]
['2017-05-16', 14.0, 14.58, 13.98, 14.54]
['2017-05-17', 14.5, 14.8, 14.25, 14.74]
['2017-05-18', 14.78, 15.26, 14.62, 15.22]
['2017-05-19', 15.36, 15.43, 15.2, 15.3]
['2017-05-22', 15.4, 16.4, 15.28, 16.4]
['2017-05-23', 16.54, 16.68, 16.12, 16.2]
['2017-05-24', 16.2, 16.42, 15.96, 16.0]
['2017-05-25', 16.63, 17.74, 16.55, 17.5]
['2017-05-26', 17.6, 18.41, 17.6, 17.68]
['2017-05-30', 17.44, 18.06, 17.38, 17.84]
['2017-05-31', 17.78, 18.06, 17.36, 17.7]
['2017-06-01', 17.48, 18.24, 17.48, 18.06]
['2017-06-02', 17.8, 18.59, 17.8, 17.98]
['2017-06-05', 18.0, 18.1, 17.48, 17.48]
['2017-06-06', 17.27, 17.92, 16.85, 16.97]
['2017-06-07', 16.81, 17.46, 16.79, 17.3]
['2017-06-08', 17.13, 17.32, 16.95, 17.13]
['2017-06-09', 16.97, 17.13, 16.83, 16.97]
['2017-06-12', 16.97, 18.16, 16.97, 17.86]
['2017-06-13', 17.96, 18.0, 17.48, 17.62]
['2017-06-14', 17.62, 17.99, 17.48, 17.84]
['2017-06-15', 17.62, 18.1, 17.62, 17.9]
['2017-06-16', 17.78, 18.99, 17.72, 18.89]
['2017-06-19', 19.09, 19.09, 18.28, 18.57]
['2017-06-20', 18.61, 18.61, 18.2, 18.53]
['2017-06-21', 18.32, 19.05, 18.32, 18.53]
['2017-06-22', 17.76, 18.36, 17.23, 18.12]
['2017-06-23', 18.28, 18.41, 17.72, 18.28]
['2017-06-26', 18.36, 18.45, 17.56, 17.64]
['2017-06-27', 17.76, 17.76, 17.4, 17.6]
['2017-06-28', 17.56, 17.76, 17.27, 17.76]
['2017-06-29', 17.64, 17.68, 15.54, 15.94]
['2017-06-30', 15.82, 15.98, 15.14, 15.18]
['2017-07-03', 15.01, 15.18, 14.45, 14.89]
['2017-07-05', 14.53, 15.01, 14.05, 14.89]
['2017-07-06', 14.97, 14.97, 13.4, 14.05]
['2017-07-07', 14.33, 16.39, 14.29, 15.98]
['2017-07-10', 16.02, 16.28, 15.58, 15.94]
['2017-07-11', 15.9, 16.63, 15.66, 16.1]
['2017-07-12', 16.1, 16.47, 15.86, 16.35]
['2017-07-13', 16.47, 16.47, 15.94, 16.14]
['2017-07-14', 16.14, 16.27, 15.9, 16.1]
['2017-07-17', 16.1, 16.35, 15.98, 16.27]
['2017-07-18', 16.31, 17.03, 16.1, 16.55]
['2017-07-19', 16.67, 17.23, 16.63, 17.15]
['2017-07-20', 17.27, 17.27, 16.47, 16.59]
['2017-07-21', 16.75, 16.91, 16.14, 16.51]
['2017-07-24', 16.51, 17.03, 16.19, 16.83]
['2017-07-25', 16.87, 17.07, 16.63, 16.99]
['2017-07-26', 16.83, 17.07, 16.75, 16.91]
['2017-07-27', 16.95, 17.07, 16.83, 16.95]
['2017-07-28', 16.99, 17.19, 16.83, 16.83]
['2017-07-31', 16.75, 17.07, 16.39, 16.79]
['2017-08-01', 16.83, 16.95, 15.9, 16.02]
['2017-08-02', 16.1, 16.14, 15.18, 15.3]
['2017-08-03', 15.34, 15.94, 15.14, 15.54]
['2017-08-04', 16.06, 16.95, 15.22, 16.79]
['2017-08-07', 16.55, 17.03, 15.78, 16.67]
['2017-08-08', 16.43, 16.95, 14.37, 14.45]
['2017-08-09', 14.41, 14.65, 13.84, 13.92]
['2017-08-10', 13.88, 14.45, 13.88, 14.13]
['2017-08-11', 14.09, 14.69, 13.99, 14.65]
['2017-08-14', 14.77, 14.85, 14.33, 14.37]
['2017-08-15', 14.33, 14.61, 14.09, 14.37]
['2017-08-16', 14.33, 14.45, 14.17, 14.25]
['2017-08-17', 14.17, 14.25, 13.97, 14.01]
['2017-08-18', 13.84, 14.17, 13.48, 13.8]
['2017-08-21', 13.68, 14.25, 13.68, 14.13]
['2017-08-22', 14.13, 14.25, 14.01, 14.17]
['2017-08-23', 14.09, 14.77, 14.05, 14.73]
['2017-08-24', 14.73, 14.73, 13.84, 14.25]
['2017-08-25', 14.23, 14.23, 13.82, 13.87]
['2017-08-28', 13.95, 13.95, 13.17, 13.29]
['2017-08-29', 13.25, 13.42, 13.17, 13.25]
['2017-08-30', 13.29, 13.55, 13.09, 13.17]
['2017-08-31', 13.21, 13.21, 12.89, 12.93]
['2017-09-01', 12.8, 12.89, 12.6, 12.76]
['2017-09-05', 12.68, 12.93, 12.48, 12.8]
['2017-09-06', 12.76, 12.76, 11.87, 11.95]
['2017-09-07', 11.83, 12.52, 11.83, 12.4]
['2017-09-08', 12.32, 12.68, 11.95, 12.56]
['2017-09-11', 12.56, 12.84, 12.48, 12.68]
['2017-09-12', 12.72, 13.13, 12.52, 12.85]
['2017-09-13', 12.8, 13.25, 12.76, 13.05]
['2017-09-14', 13.13, 13.58, 13.01, 13.46]
['2017-09-15', 13.5, 13.99, 13.38, 13.46]
['2017-09-18', 13.54, 13.82, 13.38, 13.78]
['2017-09-19', 13.74, 13.95, 13.34, 13.46]
['2017-09-20', 13.42, 13.7, 13.34, 13.5]
['2017-09-21', 13.58, 13.58, 12.72, 12.8]
['2017-09-22', 12.89, 13.13, 12.72, 12.89]
['2017-09-25', 12.93, 13.05, 12.76, 13.01]
['2017-09-26', 13.09, 13.17, 12.93, 13.05]
['2017-09-27', 12.4, 12.72, 11.95, 12.48]
['2017-09-28', 12.48, 12.64, 12.11, 12.32]
['2017-09-29', 12.36, 12.36, 12.15, 12.23]
['2017-10-02', 12.11, 12.36, 11.99, 12.11]
['2017-10-03', 12.19, 12.19, 11.74, 11.83]
['2017-10-04', 11.83, 11.89, 11.66, 11.74]
['2017-10-05', 11.66, 11.95, 11.34, 11.42]
['2017-10-06', 11.42, 11.58, 11.21, 11.5]
['2017-10-09', 11.46, 12.19, 11.42, 11.83]
['2017-10-10', 11.91, 12.15, 11.66, 11.74]
['2017-10-11', 11.83, 11.99, 11.7, 11.99]
['2017-10-12', 12.03, 12.32, 11.74, 12.11]
['2017-10-13', 12.19, 12.48, 11.87, 11.91]
['2017-10-16', 11.99, 12.11, 11.66, 11.79]
['2017-10-17', 11.7, 12.0, 11.5, 11.58]
['2017-10-18', 11.5, 11.7, 11.26, 11.5]
['2017-10-19', 11.66, 11.66, 11.26, 11.42]
['2017-10-20', 11.5, 11.58, 11.38, 11.46]
['2017-10-23', 11.34, 11.5, 11.09, 11.13]
['2017-10-24', 11.05, 11.54, 11.01, 11.34]
['2017-10-25', 11.26, 11.5, 11.26, 11.28]
['2017-10-26', 11.34, 11.66, 11.26, 11.54]
['2017-10-27', 11.62, 11.95, 11.54, 11.58]
['2017-10-30', 11.46, 11.58, 11.13, 11.21]
['2017-10-31', 11.21, 11.5, 11.17, 11.42]
['2017-11-01', 12.48, 12.48, 11.83, 11.99]
['2017-11-02', 11.95, 12.32, 11.91, 12.27]
['2017-11-03', 12.4, 12.4, 11.05, 11.09]
['2017-11-06', 11.09, 11.24, 10.11, 10.48]
['2017-11-07', 9.99, 10.03, 9.41, 9.87]
['2017-11-08', 9.87, 10.52, 9.75, 10.48]
['2017-11-09', 10.32, 10.32, 10.09, 10.15]
['2017-11-10', 10.2, 10.28, 9.79, 9.83]
['2017-11-13', 9.79, 9.93, 9.75, 9.83]
['2017-11-14', 9.75, 9.95, 9.5, 9.75]
['2017-11-15', 9.79, 9.79, 9.26, 9.26]
['2017-11-16', 9.34, 10.03, 9.22, 9.79]
['2017-11-17', 9.71, 9.79, 9.46, 9.71]
['2017-11-20', 9.66, 10.17, 9.54, 10.11]
['2017-11-21', 10.11, 10.4, 9.99, 10.28]
['2017-11-22', 10.36, 10.52, 9.91, 10.2]
['2017-11-24', 10.2, 10.24, 9.91, 9.95]
['2017-11-27', 9.95, 10.48, 9.79, 10.15]
['2017-11-28', 10.18, 10.55, 9.97, 10.35]
['2017-11-29', 10.35, 10.76, 10.26, 10.68]
['2017-11-30', 10.55, 10.55, 9.97, 10.35]
['2017-12-01', 10.35, 11.21, 10.26, 10.88]
['2017-12-04', 11.09, 11.46, 10.99, 11.21]
['2017-12-05', 11.13, 11.26, 10.68, 10.84]
['2017-12-06', 10.88, 11.26, 10.88, 11.13]
['2017-12-07', 11.17, 11.38, 10.95, 11.21]
['2017-12-08', 11.17, 11.46, 10.88, 11.26]
['2017-12-11', 11.26, 11.55, 11.17, 11.21]
['2017-12-12', 11.3, 11.46, 11.09, 11.17]
['2017-12-13', 11.13, 11.34, 10.43, 10.43]
['2017-12-14', 10.35, 10.72, 9.72, 10.14]
['2017-12-15', 10.14, 10.3, 9.81, 9.85]
['2017-12-18', 9.85, 10.22, 9.85, 10.1]
['2017-12-19', 10.18, 10.18, 9.68, 9.81]
['2017-12-20', 9.81, 10.18, 9.79, 10.1]
['2017-12-21', 10.06, 10.1, 9.64, 9.68]
['2017-12-22', 9.68, 9.68, 9.15, 9.23]
['2017-12-26', 9.23, 9.53, 9.02, 9.06]
['2017-12-27', 9.1, 9.23, 8.86, 9.1]
['2017-12-28', 9.15, 10.35, 9.15, 10.22]
['2017-12-29', 10.18, 10.51, 9.85, 10.26]
['2018-01-02', 10.22, 10.22, 9.81, 9.89]
['2018-01-03', 9.85, 10.08, 9.35, 9.39]
['2018-01-04', 9.39, 9.81, 9.27, 9.52]
['2018-01-05', 9.6, 9.85, 9.27, 9.35]
['2018-01-08', 9.35, 9.35, 9.1, 9.23]
['2018-01-09', 9.23, 9.6, 9.23, 9.52]
['2018-01-10', 9.52, 9.56, 9.35, 9.39]
['2018-01-11', 9.39, 9.56, 9.1, 9.19]
['2018-01-12', 9.23, 9.56, 8.9, 9.23]
['2018-01-16', 9.31, 9.56, 9.27, 9.35]
['2018-01-17', 9.39, 9.56, 9.39, 9.52]
['2018-01-18', 9.52, 9.68, 9.15, 9.19]
['2018-01-19', 9.19, 9.52, 9.19, 9.44]
['2018-01-22', 9.39, 9.52, 9.35, 9.44]
['2018-01-23', 9.39, 9.52, 9.23, 9.46]
['2018-01-24', 9.56, 9.56, 9.1, 9.44]
['2018-01-25', 9.44, 9.47, 9.27, 9.35]
['2018-01-26', 9.44, 9.44, 8.69, 8.73]
['2018-01-29', 8.77, 8.81, 8.03, 8.19]
['2018-01-30', 8.28, 8.36, 7.95, 8.11]
['2018-01-31', 8.11, 8.32, 7.95, 8.19]
['2018-02-01', 8.19, 8.28, 7.95, 8.03]
['2018-02-02', 7.99, 7.99, 7.61, 7.7]
['2018-02-05', 7.7, 8.4, 7.7, 8.05]
['2018-02-06', 7.95, 8.15, 7.74, 7.99]
['2018-02-07', 7.99, 8.28, 7.99, 8.07]
['2018-02-08', 8.07, 8.23, 7.9, 7.95]
['2018-02-09', 7.95, 8.07, 7.74, 8.03]
['2018-02-12', 8.11, 8.28, 7.88, 8.23]
['2018-02-13', 8.19, 8.98, 8.07, 8.73]
['2018-02-14', 8.65, 8.86, 8.36, 8.4]
['2018-02-15', 8.44, 8.81, 8.4, 8.61]
['2018-02-16', 8.61, 8.71, 8.36, 8.48]
['2018-02-20', 8.44, 8.57, 7.99, 8.03]
['2018-02-21', 8.03, 8.13, 7.66, 7.7]
['2018-02-22', 7.74, 8.11, 7.74, 8.03]
['2018-02-23', 8.07, 8.4, 7.9, 8.15]
['2018-02-26', 8.15, 8.28, 7.86, 7.9]
['2018-02-27', 7.95, 8.03, 7.61, 7.66]
['2018-02-28', 7.7, 7.82, 7.61, 7.7]
['2018-03-01', 7.77, 7.93, 7.6, 7.64]
['2018-03-02', 7.6, 7.81, 7.6, 7.64]
['2018-03-05', 7.6, 7.93, 7.6, 7.89]
['2018-03-06', 7.85, 7.89, 7.6, 7.6]
['2018-03-07', 7.6, 7.64, 7.39, 7.47]
['2018-03-08', 7.51, 7.64, 7.26, 7.26]
['2018-03-09', 8.02, 9.54, 7.73, 9.45]
['2018-03-12', 9.45, 10.34, 9.12, 9.88]
['2018-03-13', 9.45, 10.21, 9.12, 10.0]
['2018-03-14', 9.96, 10.51, 9.88, 10.26]
['2018-03-15', 10.21, 10.76, 10.21, 10.72]
['2018-03-16', 10.85, 11.27, 10.09, 10.13]
['2018-03-19', 10.09, 10.47, 9.79, 10.3]
['2018-03-20', 10.26, 10.47, 9.71, 9.92]
['2018-03-21', 9.88, 10.09, 9.77, 9.96]
['2018-03-22', 9.96, 10.38, 9.62, 9.83]
['2018-03-23', 9.92, 10.09, 9.62, 9.71]
['2018-03-26', 9.79, 10.04, 9.58, 9.88]
['2018-03-27', 9.92, 10.13, 9.62, 9.88]
['2018-03-28', 9.83, 10.09, 9.83, 10.0]
['2018-03-29', 9.96, 10.3, 9.88, 10.0]
['2018-04-02', 10.0, 10.04, 9.41, 9.45]
['2018-04-03', 9.5, 9.54, 9.16, 9.45]
['2018-04-04', 9.45, 9.5, 9.24, 9.37]
['2018-04-05', 9.41, 9.71, 9.33, 9.66]
['2018-04-06', 9.66, 9.92, 9.58, 9.79]
['2018-04-09', 9.79, 9.79, 9.45, 9.71]
['2018-04-10', 9.79, 9.79, 9.5, 9.58]
['2018-04-11', 9.54, 9.79, 9.54, 9.75]
['2018-04-12', 9.75, 9.96, 9.45, 9.5]
['2018-04-13', 9.54, 9.88, 9.33, 9.41]
['2018-04-16', 9.41, 9.83, 9.33, 9.62]
['2018-04-17', 9.71, 10.34, 9.67, 10.17]
['2018-04-18', 10.17, 10.39, 10.09, 10.17]
['2018-04-19', 10.13, 10.42, 10.09, 10.3]
['2018-04-20', 10.26, 10.34, 10.09, 10.26]
['2018-04-23', 10.17, 10.26, 9.64, 9.92]
['2018-04-24', 9.92, 10.13, 9.79, 9.88]
['2018-04-25', 9.92, 10.38, 9.79, 9.92]
['2018-04-26', 10.0, 10.13, 9.69, 10.09]
['2018-04-27', 10.17, 10.4, 10.04, 10.34]
['2018-04-30', 10.38, 10.68, 10.38, 10.51]
['2018-05-01', 10.42, 10.68, 10.3, 10.51]
['2018-05-02', 10.55, 10.72, 10.34, 10.38]
['2018-05-03', 10.42, 10.47, 10.11, 10.21]
['2018-05-04', 10.17, 10.26, 10.04, 10.09]
['2018-05-07', 10.17, 10.17, 9.9, 9.96]
['2018-05-08', 9.96, 10.0, 9.54, 9.75]
['2018-05-09', 9.79, 9.83, 9.58, 9.71]
['2018-05-10', 8.78, 8.86, 8.02, 8.82]
['2018-05-11', 8.78, 9.28, 8.71, 9.28]
['2018-05-14', 9.24, 9.33, 8.93, 8.95]
['2018-05-15', 8.95, 9.2, 8.53, 8.57]
['2018-05-16', 8.61, 8.61, 8.44, 8.53]
['2018-05-17', 8.48, 8.65, 8.4, 8.4]
['2018-05-18', 8.44, 8.57, 8.27, 8.53]
['2018-05-21', 8.48, 8.57, 8.23, 8.27]
['2018-05-22', 8.27, 8.31, 8.1, 8.1]
['2018-05-23', 8.1, 8.44, 8.1, 8.4]
['2018-05-24', 8.36, 8.57, 8.31, 8.44]
['2018-05-25', 8.48, 8.78, 8.48, 8.69]
['2018-05-29', 8.61, 8.99, 8.53, 8.57]
['2018-05-30', 8.59, 8.72, 8.51, 8.59]
['2018-05-31', 8.55, 8.77, 8.55, 8.59]
['2018-06-01', 8.59, 8.64, 8.29, 8.51]
['2018-06-04', 8.51, 8.64, 8.34, 8.55]
['2018-06-05', 8.59, 8.59, 8.16, 8.21]
['2018-06-06', 8.21, 8.42, 8.16, 8.34]
['2018-06-07', 8.34, 8.49, 8.25, 8.42]
['2018-06-08', 8.42, 8.42, 8.25, 8.29]
['2018-06-11', 8.34, 8.42, 8.29, 8.4]
['2018-06-12', 8.38, 8.68, 8.29, 8.64]
['2018-06-13', 8.64, 8.72, 8.55, 8.68]
['2018-06-14', 8.77, 8.85, 8.68, 8.72]
['2018-06-15', 8.81, 8.85, 8.64, 8.72]
['2018-06-18', 8.64, 8.68, 8.46, 8.68]
['2018-06-19', 8.68, 8.89, 8.55, 8.83]
['2018-06-20', 8.81, 8.89, 8.49, 8.64]
['2018-06-21', 8.64, 8.77, 8.51, 8.55]
['2018-06-22', 8.55, 8.72, 8.51, 8.64]
['2018-06-25', 8.68, 9.05, 8.64, 8.89]
['2018-06-26', 8.89, 9.02, 8.72, 8.77]
['2018-06-27', 8.81, 8.94, 8.42, 8.55]
['2018-06-28', 8.51, 8.64, 8.38, 8.42]
['2018-06-29', 8.46, 8.64, 8.34, 8.38]
['2018-07-02', 8.38, 8.68, 8.38, 8.64]
['2018-07-03', 8.55, 9.07, 8.55, 9.07]
['2018-07-05', 9.02, 9.11, 8.81, 8.85]
['2018-07-06', 8.89, 8.89, 8.59, 8.64]
['2018-07-09', 8.59, 8.64, 8.38, 8.42]
['2018-07-10', 8.42, 8.46, 8.29, 8.34]
['2018-07-11', 8.34, 8.46, 8.25, 8.34]
['2018-07-12', 8.34, 8.34, 7.82, 7.97]
['2018-07-13', 7.91, 7.98, 7.65, 7.78]
['2018-07-16', 7.82, 7.95, 7.65, 7.91]
['2018-07-17', 7.91, 8.08, 7.82, 7.82]
['2018-07-18', 7.73, 8.08, 7.69, 7.69]
['2018-07-19', 7.65, 8.12, 7.65, 7.95]
['2018-07-20', 7.99, 7.99, 7.73, 7.86]
['2018-07-23', 7.86, 7.86, 7.73, 7.82]
['2018-07-24', 7.86, 8.04, 7.73, 7.95]
['2018-07-25', 7.95, 8.04, 7.82, 7.99]
['2018-07-26', 8.04, 8.21, 7.97, 7.99]
['2018-07-27', 8.04, 8.04, 7.73, 7.78]
['2018-07-30', 7.78, 7.99, 7.73, 7.95]
['2018-07-31', 7.91, 7.99, 7.3, 7.35]
['2018-08-01', 7.35, 7.52, 7.2, 7.52]
['2018-08-02', 7.48, 7.69, 7.39, 7.61]
['2018-08-03', 7.61, 7.73, 6.92, 7.35]
['2018-08-06', 7.43, 7.73, 7.39, 7.73]
['2018-08-07', 7.78, 7.82, 7.3, 7.61]
['2018-08-08', 7.65, 7.71, 7.43, 7.65]
['2018-08-09', 7.61, 7.73, 7.41, 7.56]
['2018-08-10', 7.56, 7.65, 7.24, 7.3]
['2018-08-13', 7.26, 7.39, 7.13, 7.3]
['2018-08-14', 7.3, 7.35, 7.14, 7.18]
['2018-08-15', 7.18, 7.26, 7.09, 7.09]
['2018-08-16', 7.09, 7.18, 6.98, 7.13]
['2018-08-17', 7.18, 7.3, 7.09, 7.22]
['2018-08-20', 7.26, 7.43, 7.18, 7.43]
['2018-08-21', 7.43, 7.65, 7.35, 7.48]
['2018-08-22', 7.48, 7.56, 7.37, 7.48]
['2018-08-23', 7.43, 7.61, 7.43, 7.52]
['2018-08-24', 7.56, 7.82, 7.54, 7.78]
['2018-08-27', 7.78, 7.91, 7.73, 7.78]
['2018-08-28', 7.78, 8.08, 7.78, 7.86]
['2018-08-29', 7.85, 7.89, 7.67, 7.72]
['2018-08-30', 7.72, 7.8, 7.58, 7.63]
['2018-08-31', 7.63, 7.89, 7.63, 7.72]
['2018-09-04', 7.72, 7.76, 7.45, 7.58]
['2018-09-05', 7.5, 7.58, 7.45, 7.45]
['2018-09-06', 7.45, 7.54, 7.36, 7.41]
['2018-09-07', 7.41, 7.41, 7.1, 7.15]
['2018-09-10', 7.15, 7.15, 6.97, 7.01]
['2018-09-11', 7.01, 7.19, 6.97, 7.1]
['2018-09-12', 7.1, 7.41, 7.01, 7.28]
['2018-09-13', 7.32, 7.39, 7.06, 7.1]
['2018-09-14', 7.1, 7.36, 7.06, 7.32]
['2018-09-17', 7.19, 7.36, 7.15, 7.28]
['2018-09-18', 7.28, 7.35, 7.1, 7.1]
['2018-09-19', 7.06, 7.36, 7.06, 7.32]
['2018-09-20', 7.23, 7.32, 7.15, 7.23]
['2018-09-21', 7.15, 7.28, 7.06, 7.1]
['2018-09-24', 7.19, 7.23, 7.04, 7.06]
['2018-09-25', 7.06, 7.19, 6.95, 6.97]
['2018-09-26', 7.1, 7.15, 6.97, 7.1]
['2018-09-27', 7.19, 7.28, 7.15, 7.23]
['2018-09-28', 7.28, 7.32, 7.15, 7.23]
['2018-10-01', 7.22, 7.23, 7.08, 7.22]
['2018-10-02', 7.15, 7.5, 7.15, 7.32]
['2018-10-03', 7.43, 7.72, 7.33, 7.47]
['2018-10-04', 7.43, 7.63, 7.36, 7.51]
['2018-10-05', 7.51, 7.68, 7.43, 7.5]
['2018-10-08', 7.51, 7.58, 7.43, 7.43]
['2018-10-09', 7.41, 7.65, 7.24, 7.31]
['2018-10-10', 7.4, 7.49, 7.15, 7.15]
['2018-10-11', 7.15, 7.26, 7.06, 7.08]
['2018-10-12', 7.15, 7.15, 6.78, 7.03]
['2018-10-15', 7.0, 7.35, 6.93, 7.23]
['2018-10-16', 7.05, 7.34, 7.03, 7.3]
['2018-10-17', 7.28, 7.37, 6.95, 7.05]
['2018-10-18', 7.04, 7.44, 7.02, 7.4]
['2018-10-19', 7.39, 7.74, 7.34, 7.44]
['2018-10-22', 7.47, 7.58, 7.31, 7.34]
['2018-10-23', 7.3, 7.37, 7.1, 7.17]
['2018-10-24', 7.15, 7.41, 7.14, 7.25]
['2018-10-25', 7.27, 7.37, 7.03, 7.08]
['2018-10-26', 7.05, 7.11, 6.75, 6.79]
['2018-10-29', 6.83, 6.98, 6.66, 6.68]
['2018-10-30', 6.69, 6.79, 6.47, 6.65]
['2018-10-31', 6.67, 6.71, 6.43, 6.54]
['2018-11-01', 6.63, 6.91, 6.53, 6.72]
['2018-11-02', 6.58, 7.01, 6.58, 6.88]
['2018-11-05', 6.88, 7.11, 6.71, 6.84]
['2018-11-06', 6.84, 7.64, 6.84, 7.47]
['2018-11-07', 7.58, 8.33, 7.48, 8.32]
['2018-11-08', 8.37, 8.37, 7.9, 8.06]
['2018-11-09', 7.98, 8.31, 7.76, 8.08]
['2018-11-12', 8.12, 8.31, 7.96, 8.09]
['2018-11-13', 8.09, 8.3, 7.85, 8.0]
['2018-11-14', 8.04, 8.04, 7.59, 7.64]
['2018-11-15', 7.64, 7.65, 7.3, 7.35]
['2018-11-16', 7.36, 7.43, 7.07, 7.17]
['2018-11-19', 7.17, 7.33, 7.15, 7.18]
['2018-11-20', 7.2, 7.31, 7.04, 7.29]
['2018-11-21', 7.22, 7.63, 7.19, 7.52]
['2018-11-23', 7.52, 7.52, 7.24, 7.41]
['2018-11-26', 7.41, 7.67, 7.41, 7.58]
['2018-11-27', 7.52, 7.82, 7.52, 7.79]
['2018-11-28', 7.75, 8.16, 7.75, 7.91]
['2018-11-29', 7.86, 8.23, 7.77, 8.18]
['2018-11-30', 8.14, 8.31, 8.07, 8.13]
['2018-12-03', 8.13, 8.19, 7.94, 8.19]
['2018-12-04', 8.15, 8.19, 7.92, 7.94]
['2018-12-06', 7.9, 7.9, 7.59, 7.87]
['2018-12-07', 7.86, 8.02, 7.67, 7.77]
['2018-12-10', 7.77, 7.77, 7.45, 7.64]
['2018-12-11', 7.69, 7.86, 7.49, 7.6]
['2018-12-12', 7.62, 7.94, 7.6, 7.65]
['2018-12-13', 7.68, 7.97, 7.53, 7.6]
['2018-12-14', 7.6, 7.78, 7.53, 7.58]
['2018-12-17', 7.58, 7.69, 7.26, 7.34]
['2018-12-18', 7.31, 7.47, 6.99, 7.01]
['2018-12-19', 7.35, 7.35, 6.86, 6.91]
['2018-12-20', 6.87, 6.96, 6.77, 6.77]
['2018-12-21', 6.83, 7.12, 6.63, 6.68]
['2018-12-24', 6.61, 6.76, 6.56, 6.6]
['2018-12-26', 6.64, 6.83, 6.56, 6.62]
['2018-12-27', 6.62, 6.68, 6.44, 6.64]
['2018-12-28', 6.67, 6.93, 6.51, 6.55]
['2018-12-31', 6.53, 6.76, 6.53, 6.65]
['2019-01-02', 6.61, 6.92, 6.55, 6.66]
['2019-01-03', 6.67, 6.9, 6.6, 6.77]
['2019-01-04', 6.8, 7.09, 6.8, 7.05]
['2019-01-07', 7.04, 7.31, 6.94, 7.07]
['2019-01-08', 7.1, 7.41, 7.1, 7.35]
['2019-01-09', 7.35, 7.45, 7.17, 7.22]
['2019-01-10', 7.19, 7.56, 7.08, 7.23]
['2019-01-11', 7.22, 7.22, 7.02, 7.16]
['2019-01-14', 7.12, 7.82, 7.09, 7.72]
['2019-01-15', 7.71, 7.8, 7.03, 7.52]
['2019-01-16', 7.52, 7.57, 7.28, 7.36]
['2019-01-17', 7.35, 7.44, 7.19, 7.28]
['2019-01-18', 7.28, 7.43, 7.11, 7.23]
['2019-01-22', 7.35, 7.51, 7.26, 7.29]
['2019-01-23', 7.3, 7.42, 7.12, 7.21]
['2019-01-24', 7.17, 7.23, 7.09, 7.18]
['2019-01-25', 7.16, 7.41, 7.14, 7.17]
['2019-01-28', 7.08, 7.35, 6.98, 7.33]
['2019-01-29', 7.37, 7.42, 7.26, 7.32]
['2019-01-30', 7.32, 7.47, 7.25, 7.32]
['2019-01-31', 7.29, 7.48, 7.27, 7.43]
['2019-02-01', 7.45, 7.52, 7.26, 7.46]
['2019-02-04', 7.43, 7.59, 7.36, 7.57]
['2019-02-05', 7.54, 7.69, 7.52, 7.6]
['2019-02-06', 7.6, 7.74, 7.52, 7.74]
['2019-02-07', 7.66, 7.78, 7.59, 7.69]
['2019-02-08', 7.72, 7.72, 7.36, 7.51]
['2019-02-11', 7.51, 7.64, 7.42, 7.61]
['2019-02-12', 7.65, 7.73, 7.62, 7.7]
['2019-02-13', 7.69, 7.91, 7.69, 7.9]
['2019-02-14', 7.89, 8.12, 7.87, 8.08]
['2019-02-15', 8.09, 8.39, 8.06, 8.36]
['2019-02-19', 8.45, 8.64, 8.41, 8.64]
['2019-02-20', 8.6, 8.72, 8.43, 8.71]
['2019-02-21', 8.72, 8.85, 8.72, 8.82]
['2019-02-22', 8.86, 8.89, 8.78, 8.89]
['2019-02-25', 8.94, 9.09, 8.83, 9.02]
['2019-02-26', 9.03, 9.03, 8.68, 8.83]
['2019-02-27', 8.83, 9.05, 8.81, 8.96]
['2019-02-28', 9.05, 9.11, 8.94, 9.1]
['2019-03-01', 9.2, 9.31, 8.95, 9.29]
['2019-03-04', 9.11, 9.16, 8.66, 8.99]
['2019-03-05', 8.65, 8.99, 8.22, 8.46]
['2019-03-06', 8.47, 8.56, 8.28, 8.35]
['2019-03-07', 8.39, 8.46, 8.08, 8.12]
['2019-03-08', 8.13, 8.19, 8.04, 8.09]
['2019-03-11', 8.09, 8.56, 8.09, 8.52]
['2019-03-12', 8.66, 8.66, 8.21, 8.35]
['2019-03-13', 8.35, 8.45, 8.2, 8.23]
['2019-03-14', 8.24, 8.46, 8.22, 8.36]
['2019-03-15', 8.37, 8.42, 7.8, 7.89]
['2019-03-18', 7.93, 8.03, 7.85, 7.91]
['2019-03-19', 7.91, 8.18, 7.74, 7.87]
['2019-03-20', 7.86, 7.99, 7.81, 7.9]
['2019-03-21', 7.9, 8.03, 7.88, 7.9]
['2019-03-22', 7.93, 8.0, 7.88, 7.92]
['2019-03-25', 7.94, 8.05, 7.93, 8.02]
['2019-03-26', 8.03, 8.15, 8.0, 8.11]
['2019-03-27', 8.11, 8.31, 8.04, 8.05]
['2019-03-28', 8.06, 8.13, 8.03, 8.07]
['2019-03-29', 8.11, 8.15, 8.02, 8.12]
['2019-04-01', 8.12, 8.14, 7.93, 8.05]
['2019-04-02', 8.05, 8.43, 8.05, 8.35]
['2019-04-03', 8.4, 8.45, 8.26, 8.34]
['2019-04-04', 8.34, 8.66, 8.34, 8.62]
['2019-04-05', 8.65, 8.78, 8.59, 8.69]
['2019-04-08', 8.8, 8.8, 8.52, 8.59]
['2019-04-09', 8.58, 8.58, 8.37, 8.46]
['2019-04-10', 8.48, 8.59, 8.36, 8.41]
['2019-04-11', 8.43, 8.47, 8.33, 8.36]
['2019-04-12', 8.38, 8.72, 8.28, 8.67]
['2019-04-15', 8.69, 8.88, 8.46, 8.48]
['2019-04-16', 8.65, 8.72, 8.43, 8.65]
['2019-04-17', 8.69, 8.69, 8.44, 8.45]
['2019-04-18', 8.45, 8.6, 8.42, 8.56]
['2019-04-22', 8.56, 8.64, 8.47, 8.56]
['2019-04-23', 8.56, 8.59, 8.43, 8.51]
['2019-04-24', 8.51, 8.66, 8.49, 8.57]
['2019-04-25', 8.56, 8.59, 8.33, 8.39]
['2019-04-26', 8.39, 8.71, 8.39, 8.67]
['2019-04-29', 8.67, 8.74, 8.55, 8.64]
['2019-04-30', 8.64, 8.68, 8.48, 8.62]
['2019-05-01', 8.62, 8.62, 8.46, 8.48]
['2019-05-02', 8.52, 8.67, 8.47, 8.63]
['2019-05-03', 8.7, 8.77, 8.56, 8.59]
['2019-05-06', 8.56, 8.65, 8.18, 8.36]
['2019-05-07', 8.36, 8.67, 8.36, 8.61]
['2019-05-08', 8.66, 8.78, 8.58, 8.7]
['2019-05-09', 8.68, 8.82, 8.63, 8.77]
['2019-05-10', 8.77, 8.88, 8.77, 8.85]
['2019-05-13', 8.87, 8.87, 8.69, 8.77]
['2019-05-14', 8.76, 9.06, 8.72, 8.89]
['2019-05-15', 8.85, 9.08, 8.84, 9.05]
['2019-05-16', 9.06, 9.08, 8.93, 9.05]
['2019-05-17', 8.98, 9.39, 8.96, 9.34]
['2019-05-20', 9.4, 9.8, 9.35, 9.47]
['2019-05-21', 9.52, 9.72, 9.49, 9.64]
['2019-05-22', 9.69, 9.7, 9.57, 9.59]
['2019-05-23', 9.52, 9.78, 9.37, 9.72]
['2019-05-24', 9.79, 9.79, 9.55, 9.6]
['2019-05-28', 9.67, 9.67, 9.46, 9.48]
['2019-05-29', 9.46, 9.48, 9.22, 9.26]
['2019-05-30', 9.54, 9.56, 9.14, 9.3]
['2019-05-31', 9.28, 9.31, 8.92, 9.09]
['2019-06-03', 9.04, 9.24, 8.95, 9.19]
['2019-06-04', 9.25, 9.33, 8.87, 9.18]
['2019-06-05', 9.19, 9.42, 9.19, 9.36]
['2019-06-06', 9.39, 9.52, 9.28, 9.42]
['2019-06-07', 9.48, 9.64, 9.36, 9.6]
['2019-06-10', 9.63, 9.97, 9.5, 9.88]
['2019-06-11', 9.87, 9.87, 9.36, 9.63]
['2019-06-12', 9.69, 10.27, 9.69, 10.21]
['2019-06-13', 10.3, 10.33, 10.08, 10.32]
['2019-06-14', 10.37, 10.86, 10.33, 10.51]
['2019-06-17', 10.52, 10.66, 10.24, 10.46]
['2019-06-18', 10.51, 10.63, 10.3, 10.34]
['2019-06-19', 10.33, 10.42, 10.06, 10.36]
['2019-06-20', 10.37, 10.58, 10.28, 10.42]
['2019-06-21', 10.38, 10.63, 10.11, 10.34]
['2019-06-24', 10.34, 10.34, 9.85, 10.04]
['2019-06-25', 9.97, 10.07, 9.75, 9.76]
['2019-06-26', 9.74, 10.23, 9.74, 9.96]
['2019-06-27', 9.96, 10.28, 9.93, 10.24]
['2019-06-28', 10.18, 10.44, 10.09, 10.38]
['2019-07-01', 10.41, 10.51, 10.19, 10.42]
['2019-07-02', 10.42, 10.67, 10.23, 10.61]
['2019-07-03', 10.63, 10.65, 10.32, 10.53]
['2019-07-05', 10.47, 10.72, 10.33, 10.62]
['2019-07-08', 10.61, 10.79, 10.53, 10.6]
['2019-07-09', 10.58, 10.68, 10.55, 10.6]
['2019-07-10', 10.56, 10.66, 10.4, 10.46]
['2019-07-11', 10.46, 10.69, 10.33, 10.53]
['2019-07-12', 10.49, 10.58, 10.41, 10.52]
['2019-07-15', 10.47, 10.52, 10.11, 10.31]
['2019-07-16', 10.28, 10.48, 10.17, 10.33]
['2019-07-17', 10.41, 10.47, 10.27, 10.38]
['2019-07-18', 10.35, 10.56, 10.22, 10.52]
['2019-07-19', 10.4, 10.49, 10.36, 10.36]
['2019-07-22', 10.33, 10.41, 10.17, 10.29]
['2019-07-23', 10.23, 10.23, 10.04, 10.15]
['2019-07-24', 10.15, 10.28, 10.09, 10.21]
['2019-07-25', 10.22, 10.32, 10.06, 10.15]
['2019-07-26', 10.14, 10.21, 10.06, 10.2]
['2019-07-29', 10.2, 10.21, 10.17, 10.2]
['2019-07-30', 10.14, 10.21, 10.05, 10.2]
['2019-07-31', 10.13, 10.21, 9.88, 10.15]
['2019-08-01', 10.22, 10.22, 10.04, 10.07]
['2019-08-02', 10.09, 10.22, 10.03, 10.22]
['2019-08-05', 10.2, 10.2, 9.74, 9.88]
['2019-08-06', 9.9, 10.15, 9.86, 10.09]
['2019-08-07', 10.07, 10.19, 9.93, 9.98]
['2019-08-08', 9.94, 10.2, 9.73, 10.03]
['2019-08-09', 10.03, 10.19, 9.68, 9.81]
['2019-08-12', 9.69, 9.87, 9.41, 9.85]
['2019-08-13', 9.86, 9.9, 9.63, 9.68]
['2019-08-14', 9.63, 9.72, 9.47, 9.68]
['2019-08-15', 9.69, 9.74, 9.52, 9.73]
['2019-08-16', 9.75, 9.95, 9.75, 9.87]
['2019-08-19', 9.98, 10.2, 9.77, 9.81]
['2019-08-20', 9.81, 10.07, 9.81, 10.07]
['2019-08-21', 10.1, 10.1, 9.82, 9.97]
['2019-08-22', 10.04, 10.08, 9.8, 9.84]
['2019-08-23', 9.83, 9.87, 9.42, 9.43]
['2019-08-26', 9.46, 9.57, 9.18, 9.38]
['2019-08-27', 9.39, 9.53, 8.9, 8.92]
['2019-08-28', 8.85, 9.22, 8.85, 8.98]
['2019-08-29', 8.99, 9.1, 8.73, 9.0]
['2019-08-30', 9.02, 9.06, 8.58, 8.94]
['2019-09-03', 8.87, 9.21, 8.87, 9.07]
['2019-09-04', 9.11, 9.19, 9.08, 9.13]
['2019-09-05', 9.17, 9.3, 9.08, 9.14]
['2019-09-06', 9.19, 9.21, 8.91, 8.92]
['2019-09-09', 8.98, 9.14, 8.71, 9.13]
['2019-09-10', 9.15, 9.3, 8.7, 8.78]
['2019-09-11', 8.85, 9.49, 8.85, 9.45]
['2019-09-12', 9.47, 9.5, 9.18, 9.26]
['2019-09-13', 9.3, 9.48, 9.29, 9.43]
['2019-09-16', 9.47, 9.7, 9.27, 9.66]
['2019-09-17', 9.66, 9.72, 9.39, 9.47]
['2019-09-18', 9.52, 9.73, 9.4, 9.59]
['2019-09-19', 9.6, 9.68, 9.41, 9.42]
['2019-09-20', 9.4, 9.57, 9.34, 9.55]
['2019-09-23', 9.48, 9.66, 9.48, 9.54]
['2019-09-24', 9.55, 9.61, 9.35, 9.52]
['2019-09-25', 9.49, 9.68, 9.45, 9.64]
['2019-09-26', 9.64, 9.85, 9.64, 9.79]
['2019-09-27', 9.79, 9.93, 9.67, 9.9]
['2019-09-30', 9.9, 10.12, 9.85, 9.97]
['2019-10-01', 9.99, 10.12, 9.54, 9.62]
['2019-10-02', 9.58, 9.68, 9.43, 9.56]
['2019-10-03', 9.56, 9.63, 9.43, 9.58]
['2019-10-04', 9.58, 9.74, 9.46, 9.66]
['2019-10-07', 9.67, 9.72, 9.6, 9.6]
['2019-10-08', 9.61, 9.81, 9.49, 9.63]
['2019-10-09', 9.67, 9.69, 9.16, 9.17]
['2019-10-10', 9.28, 9.35, 9.17, 9.18]
['2019-10-11', 9.25, 9.63, 9.23, 9.45]
['2019-10-14', 9.45, 9.52, 9.19, 9.34]
['2019-10-15', 9.35, 9.59, 9.3, 9.56]
['2019-10-16', 9.6, 9.6, 9.13, 9.26]
['2019-10-17', 9.25, 9.36, 9.17, 9.21]
['2019-10-18', 9.2, 9.29, 8.86, 8.89]
['2019-10-21', 8.97, 9.02, 8.83, 8.86]
['2019-10-22', 8.84, 8.96, 8.83, 8.87]
['2019-10-23', 8.86, 8.94, 8.74, 8.75]
['2019-10-24', 8.79, 8.98, 8.77, 8.89]
['2019-10-25', 8.93, 9.03, 8.81, 9.01]
['2019-10-28', 9.03, 9.12, 9.0, 9.09]
['2019-10-29', 9.09, 9.17, 9.07, 9.15]
['2019-10-30', 9.16, 9.23, 9.11, 9.14]
['2019-10-31', 9.15, 9.18, 9.03, 9.05]
['2019-11-01', 9.08, 9.16, 9.0, 9.09]
['2019-11-04', 9.13, 9.25, 9.1, 9.1]
['2019-11-05', 9.12, 9.16, 8.6, 8.7]
['2019-11-06', 8.88, 9.28, 8.8, 8.92]
['2019-11-07', 8.99, 9.01, 8.51, 8.75]
['2019-11-08', 8.83, 9.11, 8.79, 9.09]
['2019-11-11', 9.13, 10.15, 9.13, 9.72]
['2019-11-12', 9.79, 10.04, 9.6, 9.7]
['2019-11-13', 9.7, 9.82, 9.62, 9.75]
['2019-11-14', 9.83, 10.15, 9.73, 10.02]
['2019-11-15', 10.1, 10.2, 9.84, 9.96]
['2019-11-18', 9.98, 10.38, 9.93, 10.25]
['2019-11-19', 10.29, 10.43, 10.18, 10.26]
['2019-11-20', 10.36, 10.42, 10.22, 10.25]
['2019-11-21', 10.24, 10.4, 10.24, 10.35]
['2019-11-22', 10.36, 10.43, 10.26, 10.37]
['2019-11-25', 10.46, 10.67, 10.4, 10.55]
['2019-11-26', 10.54, 10.67, 10.49, 10.5]
['2019-11-27', 10.56, 10.84, 10.51, 10.78]
['2019-11-29', 10.85, 10.85, 10.4, 10.6]
['2019-12-02', 10.66, 10.85, 10.28, 10.6]
['2019-12-03', 10.47, 10.52, 10.21, 10.36]
['2019-12-04', 10.46, 10.46, 10.09, 10.11]
['2019-12-05', 10.11, 10.37, 9.88, 9.98]
['2019-12-06', 10.01, 10.13, 9.96, 10.02]
['2019-12-09', 10.04, 10.26, 9.94, 10.02]
['2019-12-10', 10.02, 10.23, 9.99, 10.13]
['2019-12-11', 10.2, 10.27, 10.01, 10.19]
['2019-12-12', 10.17, 10.17, 9.61, 9.64]
['2019-12-13', 9.65, 9.77, 9.37, 9.44]
['2019-12-16', 9.41, 9.47, 8.71, 9.26]
['2019-12-17', 9.28, 9.37, 9.11, 9.16]
['2019-12-18', 9.18, 9.24, 9.04, 9.12]
['2019-12-19', 9.18, 9.34, 8.95, 9.15]
['2019-12-20', 9.08, 9.28, 8.98, 8.99]
['2019-12-23', 9.04, 9.07, 8.77, 8.86]
['2019-12-24', 8.86, 9.01, 8.86, 9.0]
['2019-12-26', 9.07, 9.11, 8.8, 8.9]
['2019-12-27', 8.93, 9.05, 8.87, 8.95]
['2019-12-30', 8.84, 8.93, 8.75, 8.81]
['2019-12-31', 8.78, 8.89, 8.59, 8.87]
['2020-01-02', 8.91, 8.91, 8.71, 8.79]
['2020-01-03', 8.76, 8.96, 8.75, 8.87]
['2020-01-06', 8.89, 8.93, 8.82, 8.87]
['2020-01-07', 8.87, 8.95, 8.7, 8.89]
['2020-01-08', 8.85, 9.02, 8.8, 8.94]
['2020-01-09', 8.94, 9.11, 8.84, 9.0]
['2020-01-10', 9.04, 9.18, 8.95, 9.07]
['2020-01-13', 9.11, 9.31, 9.07, 9.25]
['2020-01-14', 9.27, 9.33, 9.07, 9.11]
['2020-01-15', 9.1, 9.45, 9.1, 9.39]
['2020-01-16', 9.41, 9.53, 9.26, 9.3]
['2020-01-17', 9.27, 9.37, 9.21, 9.32]
['2020-01-21', 9.35, 9.38, 9.13, 9.13]
['2020-01-22', 9.17, 9.27, 9.09, 9.1]
['2020-01-23', 9.14, 9.16, 9.05, 9.11]
['2020-01-24', 9.14, 9.18, 8.94, 9.04]
['2020-01-27', 9.03, 9.14, 8.95, 9.0]
['2020-01-28', 9.01, 9.15, 8.96, 9.07]
['2020-01-29', 9.05, 9.13, 9.0, 9.09]
['2020-01-30', 8.97, 9.15, 8.91, 9.14]
['2020-01-31', 9.1, 9.26, 9.01, 9.12]
['2020-02-03', 9.17, 9.27, 9.0, 9.1]
['2020-02-04', 9.03, 9.37, 9.03, 9.35]
['2020-02-05', 9.33, 9.46, 9.31, 9.46]
['2020-02-06', 9.43, 9.52, 9.39, 9.41]
['2020-02-07', 9.4, 9.49, 9.38, 9.45]
['2020-02-10', 9.47, 9.56, 9.43, 9.47]
['2020-02-11', 9.47, 9.52, 9.35, 9.49]
['2020-02-12', 9.52, 9.55, 9.41, 9.49]
['2020-02-13', 9.51, 9.72, 9.47, 9.63]
['2020-02-14', 9.69, 9.89, 9.56, 9.8]
['2020-02-18', 9.8, 9.98, 9.74, 9.81]
['2020-02-19', 9.85, 9.98, 9.79, 9.93]
['2020-02-20', 9.94, 10.03, 9.85, 10.03]
['2020-02-21', 10.03, 10.06, 9.77, 9.78]
['2020-02-24', 9.63, 9.7, 9.44, 9.51]
['2020-02-25', 9.6, 9.6, 9.37, 9.42]
['2020-02-26', 9.41, 9.46, 9.13, 9.15]
['2020-02-27', 9.03, 9.31, 8.76, 9.04]
['2020-02-28', 9.0, 9.0, 8.34, 8.38]
['2020-03-02', 8.41, 8.82, 8.14, 8.82]
['2020-03-03', 8.82, 9.0, 8.45, 8.56]
['2020-03-04', 8.59, 8.97, 8.5, 8.66]
['2020-03-05', 8.53, 8.84, 8.39, 8.7]
['2020-03-06', 8.76, 8.92, 8.48, 8.91]
['2020-03-09', 8.46, 8.56, 7.95, 8.33]
['2020-03-10', 8.4, 8.94, 8.35, 8.82]
['2020-03-11', 8.71, 8.71, 7.72, 8.02]
['2020-03-12', 7.6, 7.71, 7.09, 7.52]
['2020-03-13', 7.83, 8.18, 7.13, 7.26]
['2020-03-16', 6.58, 6.86, 5.27, 5.85]
['2020-03-17', 5.96, 6.29, 5.44, 5.65]
['2020-03-18', 5.41, 6.09, 5.14, 5.66]
['2020-03-19', 5.27, 6.89, 5.2, 6.57]
['2020-03-20', 6.58, 7.16, 5.95, 6.07]
['2020-03-23', 6.05, 6.16, 5.17, 5.31]
['2020-03-24', 5.44, 6.04, 5.44, 5.79]
['2020-03-25', 6.08, 6.25, 5.69, 5.81]
['2020-03-26', 5.8, 6.56, 5.8, 6.25]
['2020-03-27', 6.3, 6.93, 6.3, 6.39]
['2020-03-30', 6.44, 6.74, 6.11, 6.44]
['2020-03-31', 6.49, 6.69, 5.99, 6.14]
['2020-04-01', 5.96, 6.03, 5.4, 5.52]
['2020-04-02', 5.48, 5.93, 5.48, 5.73]
['2020-04-03', 5.72, 5.74, 5.19, 5.29]
['2020-04-06', 5.48, 5.9, 5.43, 5.9]
['2020-04-07', 6.07, 6.3, 5.75, 5.96]
['2020-04-08', 6.08, 6.84, 6.02, 6.59]
['2020-04-09', 6.74, 7.27, 6.72, 7.24]
['2020-04-13', 7.3, 7.65, 6.87, 7.61]
['2020-04-14', 7.84, 7.87, 7.39, 7.68]
['2020-04-15', 7.43, 7.78, 7.22, 7.54]
['2020-04-16', 7.57, 7.68, 7.05, 7.31]
['2020-04-17', 7.52, 7.75, 7.29, 7.33]
['2020-04-20', 7.21, 7.39, 6.86, 6.98]
['2020-04-21', 6.86, 6.98, 6.71, 6.84]
['2020-04-22', 6.97, 6.99, 6.49, 6.66]
['2020-04-23', 6.71, 6.79, 6.41, 6.51]
['2020-04-24', 6.55, 6.75, 6.38, 6.56]
['2020-04-27', 6.61, 6.83, 6.52, 6.67]
['2020-04-28', 6.85, 7.2, 6.69, 6.98]
['2020-04-29', 7.24, 7.4, 6.96, 7.29]
['2020-04-30', 7.18, 7.19, 6.94, 7.07]
['2020-05-01', 6.87, 6.94, 6.62, 6.82]
['2020-05-04', 6.69, 6.83, 6.32, 6.44]
['2020-05-05', 6.4, 6.77, 6.39, 6.4]
['2020-05-06', 6.55, 6.56, 6.17, 6.26]
['2020-05-07', 6.31, 6.51, 6.25, 6.44]
['2020-05-08', 6.51, 6.85, 6.46, 6.84]
['2020-05-11', 6.92, 6.92, 6.44, 6.62]
['2020-05-12', 6.51, 6.94, 6.33, 6.36]
['2020-05-13', 6.31, 6.39, 5.9, 6.14]
['2020-05-14', 6.22, 6.32, 5.77, 6.16]
['2020-05-15', 6.22, 6.37, 6.04, 6.34]
['2020-05-18', 6.63, 6.76, 6.51, 6.63]
['2020-05-19', 6.7, 6.7, 6.19, 6.23]
['2020-05-20', 6.41, 6.84, 6.33, 6.73]
['2020-05-21', 6.81, 7.09, 6.81, 7.09]
['2020-05-22', 7.11, 8.71, 6.99, 8.28]
['2020-05-26', 8.76, 8.86, 8.19, 8.31]
['2020-05-27', 8.45, 8.74, 8.14, 8.66]
['2020-05-28', 8.7, 9.01, 8.53, 8.63]
['2020-05-29', 8.56, 8.56, 8.01, 8.22]
