['2011-04-28', 9.69, 9.92, 9.59, 9.75]
['2011-04-29', 9.71, 9.75, 9.35, 9.72]
['2011-05-02', 9.72, 9.72, 9.38, 9.59]
['2011-05-03', 9.46, 9.61, 9.42, 9.5]
['2011-05-04', 9.42, 9.45, 8.82, 9.21]
['2011-05-05', 9.04, 9.14, 8.82, 8.9]
['2011-05-06', 9.02, 9.49, 8.72, 9.15]
['2011-05-09', 9.35, 9.51, 9.15, 9.2]
['2011-05-10', 9.35, 9.35, 8.78, 8.96]
['2011-05-11', 9.04, 9.35, 8.78, 8.88]
['2011-05-12', 9.32, 9.32, 8.84, 8.85]
['2011-05-13', 9.01, 9.01, 8.68, 8.95]
['2011-05-16', 9.22, 9.22, 8.98, 9.08]
['2011-05-17', 9.06, 9.18, 8.71, 8.82]
['2011-05-18', 8.94, 8.94, 8.66, 8.9]
['2011-05-19', 9.24, 9.24, 8.76, 8.88]
['2011-05-20', 8.82, 9.0, 8.76, 8.87]
['2011-05-23', 8.99, 8.99, 8.69, 8.79]
['2011-05-24', 8.88, 9.11, 8.67, 9.01]
['2011-05-25', 9.05, 9.69, 8.98, 9.16]
['2011-05-26', 9.22, 9.28, 9.1, 9.12]
['2011-05-27', 9.12, 9.24, 8.9, 9.14]
['2011-05-31', 9.3, 9.3, 8.89, 9.03]
['2011-06-01', 9.06, 9.11, 8.88, 8.94]
['2011-06-02', 9.19, 9.19, 8.86, 8.86]
['2011-06-03', 9.02, 9.04, 8.81, 8.99]
['2011-06-06', 8.84, 9.16, 8.82, 8.98]
['2011-06-07', 8.85, 9.0, 8.84, 9.0]
['2011-06-08', 8.84, 9.0, 8.66, 8.88]
['2011-06-09', 8.87, 9.1, 8.53, 8.6]
['2011-06-10', 8.61, 8.95, 8.14, 8.34]
['2011-06-13', 8.35, 8.54, 7.03, 7.64]
['2011-06-14', 8.02, 8.02, 7.49, 7.96]
['2011-06-15', 7.68, 7.82, 7.64, 7.82]
['2011-06-16', 7.93, 8.04, 6.68, 7.01]
['2011-06-17', 7.67, 7.67, 6.95, 7.35]
['2011-06-20', 7.18, 7.67, 6.51, 7.41]
['2011-06-21', 7.64, 7.64, 7.0, 7.28]
['2011-06-22', 7.59, 7.59, 7.14, 7.29]
['2011-06-23', 7.4, 7.47, 6.91, 7.32]
['2011-06-24', 6.98, 7.5, 6.83, 6.86]
['2011-06-27', 8.32, 10.25, 8.15, 9.73]
['2011-06-28', 10.19, 10.19, 8.92, 9.28]
['2011-06-29', 9.4, 9.97, 9.16, 9.75]
['2011-06-30', 9.95, 9.95, 9.19, 9.3]
['2011-07-01', 9.09, 9.82, 9.05, 9.59]
['2011-07-05', 9.89, 10.01, 9.53, 9.69]
['2011-07-06', 9.67, 9.91, 9.49, 9.61]
['2011-07-07', 9.85, 9.85, 9.57, 9.82]
['2011-07-08', 9.85, 10.98, 9.69, 10.82]
['2011-07-11', 11.13, 12.4, 10.73, 12.04]
['2011-07-12', 12.36, 12.49, 11.65, 11.93]
['2011-07-13', 12.09, 12.58, 11.43, 11.56]
['2011-07-14', 11.94, 12.2, 11.54, 12.01]
['2011-07-15', 12.25, 12.62, 11.79, 12.62]
['2011-07-18', 12.49, 13.26, 12.36, 13.03]
['2011-07-19', 13.26, 13.34, 10.8, 11.62]
['2011-07-20', 11.6, 12.32, 11.36, 11.92]
['2011-07-21', 11.99, 11.99, 11.43, 11.79]
['2011-07-22', 11.67, 11.72, 11.3, 11.49]
['2011-07-25', 11.32, 11.91, 11.06, 11.38]
['2011-07-26', 11.26, 11.69, 11.16, 11.35]
['2011-07-27', 11.22, 11.26, 10.89, 11.13]
['2011-07-28', 11.16, 11.51, 10.38, 10.53]
['2011-07-29', 10.37, 10.87, 10.02, 10.81]
['2011-08-01', 11.05, 11.09, 10.36, 10.69]
['2011-08-02', 10.81, 10.81, 10.36, 10.57]
['2011-08-03', 10.52, 10.65, 9.76, 10.61]
['2011-08-04', 10.49, 10.66, 9.52, 9.87]
['2011-08-05', 9.83, 10.0, 8.78, 9.21]
['2011-08-08', 8.8, 9.2, 8.08, 8.42]
['2011-08-09', 8.47, 10.85, 8.08, 10.32]
['2011-08-10', 9.99, 10.49, 9.52, 10.09]
['2011-08-11', 9.85, 10.65, 9.2, 10.29]
['2011-08-12', 10.21, 10.41, 10.06, 10.19]
['2011-08-15', 10.05, 10.49, 9.89, 10.1]
['2011-08-16', 9.85, 10.99, 9.72, 10.29]
['2011-08-17', 10.47, 10.63, 9.8, 10.14]
['2011-08-18', 9.85, 9.85, 9.48, 9.62]
['2011-08-19', 9.51, 9.99, 9.02, 9.81]
['2011-08-22', 9.99, 9.99, 9.26, 9.4]
['2011-08-23', 9.63, 9.74, 8.98, 9.33]
['2011-08-24', 9.34, 9.5, 9.34, 9.4]
['2011-08-25', 9.59, 10.99, 9.16, 10.71]
['2011-08-26', 10.53, 11.45, 10.42, 11.29]
['2011-08-29', 11.36, 11.52, 10.75, 10.99]
['2011-08-30', 10.74, 11.23, 10.54, 10.91]
['2011-08-31', 10.92, 11.09, 10.35, 10.57]
['2011-09-01', 10.52, 10.52, 10.16, 10.27]
['2011-09-02', 10.2, 10.67, 10.15, 10.35]
['2011-09-06', 10.15, 10.73, 9.9, 10.51]
['2011-09-07', 10.69, 11.12, 10.62, 10.77]
['2011-09-08', 10.78, 10.78, 10.45, 10.61]
['2011-09-09', 10.42, 10.49, 9.69, 9.87]
['2011-09-12', 10.18, 10.18, 9.79, 9.85]
['2011-09-13', 9.82, 10.15, 9.69, 9.93]
['2011-09-14', 9.79, 10.35, 9.51, 9.81]
['2011-09-15', 10.0, 10.11, 9.71, 9.97]
['2011-09-16', 10.02, 10.02, 9.5, 9.63]
['2011-09-19', 9.48, 9.87, 9.39, 9.6]
['2011-09-20', 9.77, 9.77, 9.15, 9.45]
['2011-09-21', 9.36, 9.72, 9.25, 9.61]
['2011-09-22', 9.36, 9.46, 9.02, 9.2]
['2011-09-23', 9.38, 9.98, 9.35, 9.56]
['2011-09-26', 9.55, 9.67, 9.36, 9.45]
['2011-09-27', 9.45, 9.67, 9.42, 9.52]
['2011-09-28', 9.48, 9.61, 9.35, 9.45]
['2011-09-29', 9.61, 9.61, 9.35, 9.42]
['2011-09-30', 9.46, 9.46, 9.05, 9.06]
['2011-10-03', 9.14, 9.14, 8.52, 8.52]
['2011-10-04', 8.36, 8.47, 8.08, 8.31]
['2011-10-05', 8.42, 8.92, 8.42, 8.58]
['2011-10-06', 8.6, 9.08, 8.52, 9.03]
['2011-10-07', 9.13, 9.18, 8.79, 8.9]
['2011-10-10', 8.98, 9.35, 8.8, 9.24]
['2011-10-11', 9.05, 9.28, 9.02, 9.23]
['2011-10-12', 9.34, 9.35, 9.14, 9.17]
['2011-10-13', 9.14, 9.14, 8.78, 8.79]
['2011-10-14', 8.97, 9.65, 8.96, 9.2]
['2011-10-17', 9.17, 9.35, 8.88, 9.28]
['2011-10-18', 9.3, 9.4, 9.02, 9.02]
['2011-10-19', 9.02, 9.16, 8.72, 8.78]
['2011-10-20', 8.74, 9.03, 8.5, 9.03]
['2011-10-21', 9.28, 9.67, 9.22, 9.47]
['2011-10-24', 9.51, 9.67, 9.34, 9.36]
['2011-10-25', 9.34, 9.44, 9.04, 9.14]
['2011-10-26', 9.29, 9.63, 9.05, 9.5]
['2011-10-27', 9.68, 9.97, 9.41, 9.49]
['2011-10-28', 9.38, 10.19, 9.18, 10.07]
['2011-10-31', 10.06, 10.49, 9.89, 10.22]
['2011-11-01', 9.89, 10.21, 9.52, 9.97]
['2011-11-02', 10.09, 10.35, 9.35, 10.13]
['2011-11-03', 10.33, 11.13, 10.05, 10.97]
['2011-11-04', 11.49, 11.51, 9.58, 9.79]
['2011-11-07', 9.74, 10.02, 9.18, 9.87]
['2011-11-08', 9.95, 10.02, 9.72, 9.91]
['2011-11-09', 9.61, 9.65, 9.28, 9.35]
['2011-11-10', 9.35, 9.68, 9.22, 9.49]
['2011-11-11', 9.75, 9.91, 9.51, 9.73]
['2011-11-14', 9.76, 9.91, 9.61, 9.65]
['2011-11-15', 9.62, 9.67, 9.39, 9.55]
['2011-11-16', 9.47, 9.61, 9.35, 9.37]
['2011-11-17', 9.36, 9.36, 8.72, 8.9]
['2011-11-18', 9.0, 9.22, 8.72, 9.08]
['2011-11-21', 8.96, 9.01, 8.69, 8.87]
['2011-11-22', 8.87, 8.87, 8.49, 8.58]
['2011-11-23', 8.44, 8.57, 8.36, 8.44]
['2011-11-25', 8.38, 8.52, 8.35, 8.35]
['2011-11-28', 8.65, 8.95, 8.42, 8.57]
['2011-11-29', 8.66, 9.32, 8.66, 9.26]
['2011-11-30', 9.52, 9.59, 9.29, 9.42]
['2011-12-01', 9.4, 9.66, 9.3, 9.45]
['2011-12-02', 9.58, 9.66, 9.38, 9.65]
['2011-12-05', 10.45, 10.45, 9.92, 10.03]
['2011-12-06', 10.35, 10.45, 9.99, 10.28]
['2011-12-07', 10.29, 10.71, 10.19, 10.45]
['2011-12-08', 10.43, 10.69, 10.19, 10.31]
['2011-12-09', 10.3, 10.41, 10.18, 10.29]
['2011-12-12', 10.15, 10.25, 9.79, 10.12]
['2011-12-13', 10.11, 10.28, 9.97, 10.15]
['2011-12-14', 10.15, 10.23, 9.75, 10.11]
['2011-12-15', 10.47, 10.55, 10.03, 10.55]
['2011-12-16', 10.69, 10.69, 9.25, 9.35]
['2011-12-19', 9.4, 9.51, 8.7, 8.82]
['2011-12-20', 9.14, 9.14, 8.75, 9.01]
['2011-12-21', 9.02, 9.34, 8.7, 9.2]
['2011-12-22', 9.19, 9.62, 9.19, 9.3]
['2011-12-23', 9.36, 9.69, 9.31, 9.4]
['2011-12-27', 9.46, 9.58, 9.36, 9.53]
['2011-12-28', 9.55, 9.55, 9.38, 9.55]
['2011-12-29', 9.63, 9.63, 9.35, 9.35]
['2011-12-30', 9.46, 9.53, 9.22, 9.32]
['2012-01-03', 9.56, 9.56, 9.28, 9.35]
['2012-01-04', 9.34, 9.42, 9.03, 9.25]
['2012-01-05', 9.22, 9.26, 8.75, 8.91]
['2012-01-06', 8.87, 9.08, 8.7, 8.97]
['2012-01-09', 9.01, 9.1, 8.85, 8.92]
['2012-01-10', 9.02, 9.03, 8.75, 8.9]
['2012-01-11', 8.84, 9.49, 8.71, 9.18]
['2012-01-12', 9.15, 9.45, 9.11, 9.45]
['2012-01-13', 9.42, 9.45, 9.18, 9.45]
['2012-01-17', 9.46, 9.76, 9.26, 9.38]
['2012-01-18', 9.42, 9.51, 9.29, 9.38]
['2012-01-19', 9.45, 9.45, 9.35, 9.36]
['2012-01-20', 9.38, 9.52, 9.16, 9.48]
['2012-01-23', 9.52, 9.53, 9.39, 9.45]
['2012-01-24', 9.4, 9.51, 9.34, 9.51]
['2012-01-25', 9.53, 9.85, 9.52, 9.84]
['2012-01-26', 9.91, 10.49, 9.87, 10.09]
['2012-01-27', 10.15, 12.14, 9.92, 11.88]
['2012-01-30', 12.24, 12.32, 10.89, 11.22]
['2012-01-31', 11.41, 11.75, 10.51, 11.75]
['2012-02-01', 12.04, 12.06, 11.19, 11.54]
['2012-02-02', 11.79, 12.52, 11.36, 12.36]
['2012-02-03', 12.68, 13.85, 12.16, 13.66]
['2012-02-06', 13.63, 13.95, 12.36, 12.44]
['2012-02-07', 12.56, 12.89, 11.94, 12.27]
['2012-02-08', 12.38, 12.82, 12.29, 12.52]
['2012-02-09', 12.62, 13.03, 12.33, 13.03]
['2012-02-10', 10.09, 10.75, 9.95, 10.22]
['2012-02-13', 10.42, 10.79, 10.23, 10.71]
['2012-02-14', 10.78, 11.07, 10.57, 11.07]
['2012-02-15', 11.07, 11.22, 10.59, 10.77]
['2012-02-16', 10.69, 11.02, 10.49, 10.85]
['2012-02-17', 10.97, 11.05, 10.82, 11.01]
['2012-02-21', 11.06, 11.07, 10.83, 11.01]
['2012-02-22', 10.89, 11.04, 10.61, 10.65]
['2012-02-23', 10.63, 10.79, 10.56, 10.66]
['2012-02-24', 10.75, 10.85, 10.56, 10.72]
['2012-02-27', 10.71, 10.87, 10.62, 10.83]
['2012-02-28', 10.91, 11.28, 10.83, 11.05]
['2012-02-29', 11.05, 11.71, 11.03, 11.32]
['2012-03-01', 11.34, 11.68, 11.18, 11.47]
['2012-03-02', 11.66, 11.89, 11.49, 11.83]
['2012-03-05', 11.82, 12.17, 11.62, 11.82]
['2012-03-06', 11.69, 11.69, 11.26, 11.5]
['2012-03-07', 11.68, 12.12, 11.53, 12.02]
['2012-03-08', 12.2, 12.3, 11.82, 11.94]
['2012-03-09', 12.12, 12.22, 11.96, 12.09]
['2012-03-12', 12.32, 12.33, 11.86, 11.94]
['2012-03-13', 12.14, 12.35, 11.89, 12.29]
['2012-03-14', 12.4, 12.4, 11.96, 12.14]
['2012-03-15', 12.25, 12.32, 12.02, 12.16]
['2012-03-16', 12.23, 12.25, 11.99, 12.08]
['2012-03-19', 12.26, 12.28, 11.96, 12.0]
['2012-03-20', 12.02, 12.81, 11.86, 12.72]
['2012-03-21', 12.79, 13.19, 12.76, 12.89]
['2012-03-22', 12.77, 13.22, 12.52, 12.84]
['2012-03-23', 12.79, 13.15, 12.58, 12.97]
['2012-03-26', 12.96, 13.26, 12.72, 13.0]
['2012-03-27', 13.17, 13.62, 12.86, 13.48]
['2012-03-28', 13.53, 13.56, 12.3, 13.47]
['2012-03-29', 12.89, 12.94, 11.84, 12.4]
['2012-03-30', 12.52, 12.68, 12.37, 12.49]
['2012-04-02', 12.06, 12.52, 12.04, 12.11]
['2012-04-03', 12.32, 12.36, 12.06, 12.26]
['2012-04-04', 12.15, 12.36, 11.92, 12.18]
['2012-04-05', 12.0, 12.4, 12.0, 12.07]
['2012-04-09', 12.04, 12.36, 12.02, 12.28]
['2012-04-10', 12.36, 12.69, 12.22, 12.63]
['2012-04-11', 12.86, 13.53, 12.8, 13.31]
['2012-04-12', 13.36, 13.51, 13.15, 13.31]
['2012-04-13', 13.19, 13.43, 12.9, 13.33]
['2012-04-16', 13.51, 13.51, 12.4, 12.66]
['2012-04-17', 12.79, 12.88, 12.52, 12.78]
['2012-04-18', 12.74, 12.93, 12.62, 12.69]
['2012-04-19', 12.72, 12.72, 12.02, 12.12]
['2012-04-20', 12.16, 12.36, 11.7, 11.79]
['2012-04-23', 11.69, 12.35, 11.44, 12.24]
['2012-04-24', 12.28, 12.36, 11.56, 11.81]
['2012-04-25', 11.92, 12.14, 11.66, 11.84]
['2012-04-26', 11.83, 11.94, 10.94, 11.32]
['2012-04-27', 11.44, 11.85, 11.31, 11.57]
['2012-04-30', 11.74, 11.86, 11.36, 11.44]
['2012-05-01', 11.44, 11.91, 11.44, 11.85]
['2012-05-02', 12.06, 12.97, 12.02, 12.75]
['2012-05-03', 12.7, 12.85, 12.14, 12.39]
['2012-05-04', 12.5, 13.17, 11.97, 13.13]
['2012-05-07', 12.83, 13.02, 12.17, 12.18]
['2012-05-08', 12.42, 12.48, 11.69, 12.24]
['2012-05-09', 12.09, 12.62, 11.75, 11.79]
['2012-05-10', 12.19, 12.28, 11.97, 12.18]
['2012-05-11', 10.87, 11.49, 10.85, 11.48]
['2012-05-14', 11.52, 12.02, 11.42, 11.95]
['2012-05-15', 12.49, 12.82, 12.03, 12.25]
['2012-05-16', 12.36, 12.36, 11.56, 11.86]
['2012-05-17', 12.1, 12.1, 10.62, 10.75]
['2012-05-18', 10.94, 11.02, 8.68, 8.78]
['2012-05-21', 8.41, 8.51, 7.76, 7.92]
['2012-05-22', 7.94, 8.4, 7.67, 7.75]
['2012-05-23', 7.99, 8.22, 7.88, 8.13]
['2012-05-24', 8.24, 8.25, 7.76, 8.01]
['2012-05-25', 8.01, 8.02, 7.39, 7.51]
['2012-05-29', 7.49, 7.53, 7.11, 7.25]
['2012-05-30', 7.11, 7.33, 7.02, 7.07]
['2012-05-31', 7.07, 7.19, 6.79, 7.04]
['2012-06-01', 6.83, 6.93, 6.61, 6.71]
['2012-06-04', 6.69, 6.81, 6.56, 6.75]
['2012-06-05', 6.72, 6.97, 6.72, 6.96]
['2012-06-06', 7.0, 7.22, 6.85, 7.12]
['2012-06-07', 7.18, 7.18, 6.78, 6.84]
['2012-06-08', 6.79, 7.01, 6.78, 6.83]
['2012-06-11', 6.88, 6.9, 6.52, 6.72]
['2012-06-12', 6.75, 6.79, 6.59, 6.72]
['2012-06-13', 6.78, 6.84, 6.7, 6.76]
['2012-06-14', 6.73, 6.88, 6.69, 6.87]
['2012-06-15', 6.9, 7.01, 6.69, 6.79]
['2012-06-18', 6.76, 7.16, 6.72, 6.99]
['2012-06-19', 7.02, 7.14, 6.81, 6.89]
['2012-06-20', 6.91, 6.91, 6.69, 6.78]
['2012-06-21', 6.78, 6.93, 6.38, 6.44]
['2012-06-22', 6.45, 6.73, 6.45, 6.61]
['2012-06-25', 6.53, 6.54, 6.28, 6.36]
['2012-06-26', 6.37, 6.47, 6.17, 6.21]
['2012-06-27', 6.2, 6.27, 6.07, 6.23]
['2012-06-28', 6.15, 6.16, 5.9, 6.08]
['2012-06-29', 6.2, 6.27, 6.06, 6.21]
['2012-07-02', 6.24, 6.31, 6.17, 6.31]
['2012-07-03', 6.29, 6.43, 6.21, 6.35]
['2012-07-05', 6.33, 6.36, 6.18, 6.23]
['2012-07-06', 6.19, 6.23, 6.13, 6.19]
['2012-07-09', 6.17, 6.27, 6.05, 6.08]
['2012-07-10', 6.16, 6.21, 5.85, 6.07]
['2012-07-11', 6.07, 6.43, 6.02, 6.39]
['2012-07-12', 6.34, 6.42, 6.19, 6.21]
['2012-07-13', 6.25, 6.34, 6.21, 6.26]
['2012-07-16', 6.27, 6.33, 5.94, 5.95]
['2012-07-17', 5.94, 6.01, 5.78, 5.8]
['2012-07-18', 5.75, 5.94, 5.65, 5.78]
['2012-07-19', 5.82, 6.07, 5.78, 5.92]
['2012-07-20', 5.92, 6.07, 5.84, 6.02]
['2012-07-23', 5.91, 6.0, 5.87, 5.92]
['2012-07-24', 5.92, 6.33, 5.92, 6.21]
['2012-07-25', 6.22, 6.31, 6.1, 6.25]
['2012-07-26', 6.09, 6.11, 5.96, 6.07]
['2012-07-27', 5.98, 6.07, 5.73, 6.05]
['2012-07-30', 6.02, 6.53, 6.02, 6.53]
['2012-07-31', 6.54, 6.93, 6.49, 6.8]
['2012-08-01', 6.83, 6.83, 6.11, 6.25]
['2012-08-02', 6.22, 6.55, 5.96, 6.53]
['2012-08-03', 6.52, 6.52, 6.29, 6.44]
['2012-08-06', 6.43, 6.63, 6.34, 6.37]
['2012-08-07', 6.39, 6.55, 6.33, 6.47]
['2012-08-08', 6.44, 6.44, 6.23, 6.33]
['2012-08-09', 6.35, 6.51, 6.18, 6.24]
['2012-08-10', 6.24, 6.34, 6.21, 6.25]
['2012-08-13', 6.23, 6.31, 6.02, 6.13]
['2012-08-14', 6.07, 6.16, 6.01, 6.07]
['2012-08-15', 6.05, 6.2, 6.01, 6.09]
['2012-08-16', 6.04, 6.22, 6.04, 6.09]
['2012-08-17', 6.06, 6.23, 6.01, 6.03]
['2012-08-20', 6.01, 6.15, 5.96, 6.03]
['2012-08-21', 5.94, 6.01, 5.81, 5.82]
['2012-08-22', 5.76, 5.88, 5.59, 5.61]
['2012-08-23', 5.58, 5.68, 5.54, 5.66]
['2012-08-24', 5.64, 5.95, 5.64, 5.86]
['2012-08-27', 5.88, 5.9, 5.66, 5.74]
['2012-08-28', 5.71, 5.78, 5.66, 5.7]
['2012-08-29', 5.7, 5.75, 5.68, 5.7]
['2012-08-30', 5.74, 5.9, 5.74, 5.8]
['2012-08-31', 5.84, 5.86, 5.74, 5.76]
['2012-09-04', 5.78, 5.88, 5.7, 5.79]
['2012-09-05', 5.81, 5.93, 5.75, 5.85]
['2012-09-06', 5.86, 5.9, 5.74, 5.86]
['2012-09-07', 5.86, 5.88, 5.72, 5.75]
['2012-09-10', 5.82, 5.85, 5.73, 5.79]
['2012-09-11', 5.78, 5.88, 5.74, 5.82]
['2012-09-12', 5.82, 6.13, 5.82, 6.11]
['2012-09-13', 6.1, 6.17, 6.03, 6.08]
['2012-09-14', 6.09, 6.22, 6.02, 6.09]
['2012-09-17', 6.08, 6.09, 5.94, 6.01]
['2012-09-18', 6.05, 6.09, 5.87, 5.91]
['2012-09-19', 5.92, 6.13, 5.82, 6.03]
['2012-09-20', 6.03, 6.25, 5.91, 6.16]
['2012-09-21', 6.23, 6.27, 6.06, 6.16]
['2012-09-24', 6.11, 6.13, 5.91, 5.95]
['2012-09-25', 5.94, 5.98, 5.74, 5.77]
['2012-09-26', 5.78, 5.8, 5.69, 5.77]
['2012-09-27', 5.79, 5.91, 5.75, 5.86]
['2012-09-28', 5.84, 5.84, 5.75, 5.76]
['2012-10-01', 5.78, 5.87, 5.78, 5.82]
['2012-10-02', 5.82, 5.88, 5.72, 5.74]
['2012-10-03', 5.78, 5.78, 5.68, 5.72]
['2012-10-04', 5.74, 5.81, 5.72, 5.76]
['2012-10-05', 5.74, 5.77, 5.68, 5.69]
['2012-10-08', 5.71, 5.74, 5.65, 5.71]
['2012-10-09', 5.74, 5.74, 5.68, 5.7]
['2012-10-10', 5.69, 5.69, 5.52, 5.55]
['2012-10-11', 5.56, 5.66, 5.52, 5.52]
['2012-10-12', 5.54, 5.56, 5.41, 5.46]
['2012-10-15', 5.5, 5.54, 5.38, 5.42]
['2012-10-16', 5.37, 5.48, 5.37, 5.41]
['2012-10-17', 5.4, 5.55, 5.4, 5.53]
['2012-10-18', 5.54, 5.57, 5.38, 5.41]
['2012-10-19', 5.4, 5.45, 5.24, 5.26]
['2012-10-22', 5.24, 5.31, 5.22, 5.28]
['2012-10-23', 5.24, 5.32, 5.18, 5.24]
['2012-10-24', 5.5, 5.58, 5.34, 5.42]
['2012-10-25', 5.44, 5.47, 5.34, 5.41]
['2012-10-26', 5.4, 5.4, 5.24, 5.31]
['2012-10-31', 5.3, 5.34, 5.05, 5.2]
['2012-11-01', 5.24, 5.36, 5.1, 5.28]
['2012-11-02', 5.26, 5.29, 5.12, 5.18]
['2012-11-05', 5.17, 5.26, 5.11, 5.14]
['2012-11-06', 5.15, 5.27, 5.08, 5.26]
['2012-11-07', 5.21, 5.22, 4.96, 5.04]
['2012-11-08', 5.03, 5.07, 4.88, 4.9]
['2012-11-09', 4.88, 4.94, 4.68, 4.69]
['2012-11-12', 4.68, 4.74, 4.61, 4.7]
['2012-11-13', 4.7, 4.72, 4.61, 4.62]
['2012-11-14', 4.57, 4.83, 4.57, 4.68]
['2012-11-15', 4.67, 4.71, 4.58, 4.66]
['2012-11-16', 4.64, 4.69, 4.58, 4.64]
['2012-11-19', 4.73, 4.91, 4.66, 4.83]
['2012-11-20', 4.8, 4.88, 4.7, 4.76]
['2012-11-21', 4.75, 4.96, 4.72, 4.94]
['2012-11-23', 4.98, 4.98, 4.86, 4.9]
['2012-11-26', 4.92, 5.19, 4.92, 5.18]
['2012-11-27', 5.2, 5.27, 5.1, 5.23]
['2012-11-28', 5.23, 5.27, 5.11, 5.24]
['2012-11-29', 5.28, 5.42, 5.25, 5.39]
['2012-11-30', 5.42, 5.42, 5.26, 5.34]
['2012-12-03', 5.63, 5.69, 5.56, 5.6]
['2012-12-04', 5.6, 5.66, 5.49, 5.5]
['2012-12-05', 5.52, 5.68, 5.52, 5.57]
['2012-12-06', 5.59, 5.68, 5.58, 5.68]
['2012-12-07', 5.7, 5.84, 5.68, 5.78]
['2012-12-10', 5.84, 5.84, 5.62, 5.72]
['2012-12-11', 5.77, 5.9, 5.72, 5.81]
['2012-12-12', 5.84, 5.85, 5.71, 5.72]
['2012-12-13', 5.72, 5.82, 5.68, 5.76]
['2012-12-14', 5.77, 5.83, 5.66, 5.68]
['2012-12-17', 5.72, 5.82, 5.66, 5.73]
['2012-12-18', 5.72, 5.9, 5.71, 5.88]
['2012-12-19', 5.91, 5.95, 5.88, 5.94]
['2012-12-20', 6.0, 6.01, 5.82, 5.87]
['2012-12-21', 5.8, 5.85, 5.71, 5.78]
['2012-12-24', 5.76, 5.81, 5.74, 5.78]
['2012-12-26', 5.78, 5.83, 5.65, 5.73]
['2012-12-27', 5.7, 5.75, 5.64, 5.68]
['2012-12-28', 5.64, 5.7, 5.62, 5.64]
['2012-12-31', 5.6, 5.67, 5.58, 5.63]
['2013-01-02', 5.73, 5.96, 5.68, 5.94]
['2013-01-03', 5.94, 6.05, 5.86, 5.93]
['2013-01-04', 5.98, 6.06, 5.95, 6.05]
['2013-01-07', 6.04, 6.11, 6.0, 6.0]
['2013-01-08', 6.02, 6.05, 5.89, 6.04]
['2013-01-09', 6.07, 6.07, 5.94, 5.94]
['2013-01-10', 6.01, 6.05, 5.95, 5.96]
['2013-01-11', 6.01, 6.05, 5.89, 5.95]
['2013-01-14', 5.95, 6.01, 5.92, 5.97]
['2013-01-15', 5.96, 6.01, 5.8, 5.92]
['2013-01-16', 5.93, 5.94, 5.84, 5.87]
['2013-01-17', 5.91, 5.92, 5.81, 5.83]
['2013-01-18', 5.8, 5.88, 5.74, 5.78]
['2013-01-22', 5.81, 5.81, 5.62, 5.72]
['2013-01-23', 5.73, 5.8, 5.65, 5.7]
['2013-01-24', 5.68, 5.8, 5.65, 5.71]
['2013-01-25', 5.71, 5.78, 5.68, 5.74]
['2013-01-28', 5.84, 5.96, 5.78, 5.83]
['2013-01-29', 5.84, 5.87, 5.72, 5.8]
['2013-01-30', 5.82, 5.83, 5.73, 5.74]
['2013-01-31', 5.73, 5.74, 5.68, 5.71]
['2013-02-01', 5.72, 5.78, 5.68, 5.74]
['2013-02-04', 5.7, 5.79, 5.66, 5.66]
['2013-02-05', 5.68, 5.75, 5.66, 5.7]
['2013-02-06', 5.66, 5.86, 5.65, 5.82]
['2013-02-07', 5.82, 5.82, 5.65, 5.68]
['2013-02-08', 5.71, 5.8, 5.66, 5.75]
['2013-02-11', 5.76, 5.8, 5.68, 5.71]
['2013-02-12', 5.7, 5.78, 5.68, 5.72]
['2013-02-13', 5.72, 5.74, 5.65, 5.67]
['2013-02-14', 5.68, 5.82, 5.65, 5.75]
['2013-02-15', 5.78, 5.84, 5.76, 5.81]
['2013-02-19', 5.84, 5.84, 5.7, 5.75]
['2013-02-20', 5.72, 5.74, 5.62, 5.62]
['2013-02-21', 5.63, 5.66, 5.54, 5.61]
['2013-02-22', 5.63, 5.66, 5.56, 5.62]
['2013-02-25', 5.64, 5.69, 5.53, 5.54]
['2013-02-26', 5.58, 5.64, 5.54, 5.62]
['2013-02-27', 5.64, 5.69, 5.6, 5.62]
['2013-02-28', 5.61, 5.64, 5.54, 5.56]
['2013-03-01', 5.51, 5.61, 5.46, 5.6]
['2013-03-04', 5.57, 5.58, 5.36, 5.52]
['2013-03-05', 5.51, 5.61, 5.42, 5.6]
['2013-03-06', 5.62, 5.74, 5.5, 5.69]
['2013-03-07', 5.67, 5.86, 5.56, 5.86]
['2013-03-08', 5.88, 5.96, 5.78, 5.8]
['2013-03-11', 5.8, 5.96, 5.8, 5.92]
['2013-03-12', 5.94, 5.96, 5.82, 5.88]
['2013-03-13', 5.77, 5.94, 5.64, 5.66]
['2013-03-14', 5.66, 5.67, 5.39, 5.5]
['2013-03-15', 5.48, 5.66, 5.2, 5.29]
['2013-03-18', 5.3, 5.48, 5.25, 5.37]
['2013-03-19', 5.42, 5.47, 5.34, 5.44]
['2013-03-20', 5.45, 5.54, 5.38, 5.53]
['2013-03-21', 5.52, 5.52, 5.42, 5.45]
['2013-03-22', 5.43, 5.62, 5.43, 5.56]
['2013-03-25', 5.56, 5.64, 5.49, 5.63]
['2013-03-26', 5.64, 5.64, 5.56, 5.58]
['2013-03-27', 5.56, 5.59, 5.51, 5.54]
['2013-03-28', 5.57, 5.61, 5.48, 5.52]
['2013-04-01', 5.51, 5.56, 5.29, 5.34]
['2013-04-02', 5.38, 5.4, 5.28, 5.32]
['2013-04-03', 5.29, 5.41, 5.26, 5.28]
['2013-04-04', 5.24, 5.31, 5.24, 5.26]
['2013-04-05', 5.22, 5.25, 5.14, 5.22]
['2013-04-08', 5.24, 5.26, 5.15, 5.18]
['2013-04-09', 5.22, 5.22, 5.12, 5.16]
['2013-04-10', 5.2, 5.29, 5.16, 5.26]
['2013-04-11', 5.22, 5.38, 5.22, 5.34]
['2013-04-12', 5.34, 5.37, 5.27, 5.3]
['2013-04-15', 5.25, 5.27, 5.11, 5.17]
['2013-04-16', 5.2, 5.22, 5.16, 5.22]
['2013-04-17', 5.16, 5.18, 5.05, 5.1]
['2013-04-18', 5.15, 5.15, 5.02, 5.1]
['2013-04-19', 5.1, 5.19, 5.02, 5.19]
['2013-04-22', 5.18, 5.19, 5.12, 5.16]
['2013-04-23', 5.2, 5.26, 5.1, 5.18]
['2013-04-24', 5.18, 5.22, 5.11, 5.2]
['2013-04-25', 5.19, 5.24, 5.18, 5.18]
['2013-04-26', 5.2, 5.29, 5.14, 5.15]
['2013-04-29', 5.16, 5.19, 5.12, 5.16]
['2013-04-30', 5.2, 5.2, 5.12, 5.14]
['2013-05-01', 5.09, 5.12, 4.98, 5.02]
['2013-05-02', 5.02, 5.14, 5.02, 5.1]
['2013-05-03', 5.2, 5.22, 5.1, 5.14]
['2013-05-06', 5.15, 5.26, 5.12, 5.16]
['2013-05-07', 5.18, 5.18, 5.07, 5.13]
['2013-05-08', 5.06, 5.22, 5.01, 5.22]
['2013-05-09', 5.17, 5.3, 5.12, 5.19]
['2013-05-10', 5.17, 5.18, 5.04, 5.06]
['2013-05-13', 5.02, 5.17, 5.02, 5.15]
['2013-05-14', 5.15, 5.18, 5.09, 5.13]
['2013-05-15', 5.15, 5.15, 5.02, 5.03]
['2013-05-16', 5.03, 5.06, 4.98, 5.0]
['2013-05-17', 5.01, 5.07, 5.0, 5.05]
['2013-05-20', 5.01, 5.18, 5.0, 5.12]
['2013-05-21', 5.11, 5.16, 5.01, 5.12]
['2013-05-22', 5.14, 5.17, 5.01, 5.02]
['2013-05-23', 4.99, 5.44, 4.96, 5.31]
['2013-05-24', 5.26, 5.57, 5.2, 5.51]
['2013-05-28', 5.56, 5.64, 5.51, 5.58]
['2013-05-29', 5.52, 5.58, 5.39, 5.51]
['2013-05-30', 5.5, 5.54, 5.4, 5.42]
['2013-05-31', 5.43, 5.48, 5.38, 5.44]
['2013-06-03', 5.44, 5.5, 5.34, 5.38]
['2013-06-04', 5.37, 5.4, 5.28, 5.35]
['2013-06-05', 5.34, 5.38, 5.3, 5.32]
['2013-06-06', 5.29, 5.36, 5.27, 5.3]
['2013-06-07', 5.33, 5.36, 5.28, 5.34]
['2013-06-10', 5.37, 5.57, 5.31, 5.56]
['2013-06-11', 5.5, 5.5, 5.36, 5.42]
['2013-06-12', 5.46, 5.55, 5.37, 5.45]
['2013-06-13', 5.44, 5.46, 5.36, 5.44]
['2013-06-14', 5.42, 5.43, 5.34, 5.37]
['2013-06-17', 5.37, 5.47, 5.37, 5.46]
['2013-06-18', 5.48, 5.6, 5.45, 5.53]
['2013-06-19', 5.5, 5.54, 5.42, 5.46]
['2013-06-20', 5.38, 5.44, 5.3, 5.33]
['2013-06-21', 5.36, 5.41, 5.16, 5.28]
['2013-06-24', 5.26, 5.28, 5.12, 5.15]
['2013-06-25', 5.21, 5.27, 5.14, 5.15]
['2013-06-26', 5.18, 5.32, 5.14, 5.28]
['2013-06-27', 5.3, 5.3, 5.22, 5.26]
['2013-06-28', 5.22, 5.3, 5.22, 5.25]
['2013-07-01', 5.3, 5.32, 5.24, 5.3]
['2013-07-02', 5.28, 5.34, 5.24, 5.32]
['2013-07-03', 5.32, 5.4, 5.27, 5.34]
['2013-07-05', 5.36, 5.41, 5.23, 5.4]
['2013-07-08', 5.45, 5.45, 5.36, 5.37]
['2013-07-09', 5.42, 5.42, 5.28, 5.35]
['2013-07-10', 5.33, 5.4, 5.22, 5.38]
['2013-07-11', 5.38, 5.44, 5.29, 5.44]
['2013-07-12', 5.41, 5.45, 5.33, 5.38]
['2013-07-15', 5.37, 5.44, 5.34, 5.43]
['2013-07-16', 5.41, 5.54, 5.4, 5.5]
['2013-07-17', 5.53, 5.59, 5.5, 5.58]
['2013-07-18', 5.56, 5.64, 5.44, 5.47]
['2013-07-19', 5.44, 5.46, 5.41, 5.46]
['2013-07-22', 5.44, 5.44, 5.38, 5.41]
['2013-07-23', 5.4, 5.42, 5.34, 5.41]
['2013-07-24', 5.44, 5.46, 5.38, 5.46]
['2013-07-25', 5.66, 5.84, 5.61, 5.74]
['2013-07-26', 5.7, 5.89, 5.68, 5.86]
['2013-07-29', 5.88, 6.15, 5.86, 6.13]
['2013-07-30', 6.11, 6.2, 6.03, 6.18]
['2013-07-31', 6.23, 6.45, 6.16, 6.18]
['2013-08-01', 6.26, 6.39, 6.12, 6.17]
['2013-08-02', 6.13, 6.34, 6.08, 6.15]
['2013-08-05', 6.21, 7.05, 6.19, 7.02]
['2013-08-06', 7.04, 7.14, 6.55, 6.87]
['2013-08-07', 6.99, 7.41, 6.86, 7.21]
['2013-08-08', 7.63, 7.86, 7.39, 7.85]
['2013-08-09', 7.91, 8.0, 7.73, 7.9]
['2013-08-12', 7.88, 8.25, 7.8, 8.22]
['2013-08-13', 8.22, 8.22, 7.82, 7.96]
['2013-08-14', 7.96, 8.1, 7.86, 8.06]
['2013-08-15', 8.02, 8.15, 7.86, 8.12]
['2013-08-16', 8.1, 8.15, 7.78, 7.79]
['2013-08-19', 7.78, 7.94, 7.69, 7.88]
['2013-08-20', 7.88, 8.02, 7.76, 7.88]
['2013-08-21', 7.95, 8.6, 7.85, 8.55]
['2013-08-22', 8.54, 9.14, 8.44, 8.69]
['2013-08-23', 8.76, 9.08, 8.68, 9.08]
['2013-08-26', 9.14, 9.22, 8.85, 8.94]
['2013-08-27', 8.92, 8.96, 8.35, 8.36]
['2013-08-28', 8.38, 8.53, 8.03, 8.28]
['2013-08-29', 8.26, 8.48, 8.04, 8.42]
['2013-08-30', 8.38, 8.45, 8.18, 8.28]
['2013-09-03', 8.38, 8.44, 8.28, 8.31]
['2013-09-04', 8.39, 8.94, 8.32, 8.9]
['2013-09-05', 8.9, 9.26, 8.74, 9.24]
['2013-09-06', 9.34, 9.57, 8.8, 9.39]
['2013-09-09', 9.55, 9.64, 9.1, 9.21]
['2013-09-10', 9.32, 9.36, 9.12, 9.3]
['2013-09-11', 9.1, 9.1, 8.18, 8.2]
['2013-09-12', 8.16, 8.25, 7.59, 8.11]
['2013-09-13', 9.1, 9.46, 8.9, 9.24]
['2013-09-16', 9.6, 9.65, 8.89, 9.02]
['2013-09-17', 9.02, 9.26, 8.82, 8.94]
['2013-09-18', 8.88, 9.07, 8.75, 8.98]
['2013-09-19', 9.02, 9.1, 8.82, 8.87]
['2013-09-20', 8.92, 9.08, 8.78, 8.8]
['2013-09-23', 8.78, 9.12, 8.69, 9.03]
['2013-09-24', 9.19, 9.79, 9.09, 9.59]
['2013-09-25', 10.01, 10.35, 9.85, 9.98]
['2013-09-26', 10.07, 10.3, 9.99, 10.21]
['2013-09-27', 10.23, 10.28, 9.75, 9.93]
['2013-09-30', 9.86, 10.09, 9.69, 9.9]
['2013-10-01', 9.92, 10.15, 9.84, 10.14]
['2013-10-02', 10.07, 10.39, 10.05, 10.29]
['2013-10-03', 10.33, 10.41, 10.12, 10.24]
['2013-10-04', 10.39, 10.41, 9.82, 10.25]
['2013-10-07', 10.19, 10.59, 10.11, 10.39]
['2013-10-08', 10.51, 10.52, 9.85, 10.0]
['2013-10-09', 10.09, 10.11, 9.45, 9.83]
['2013-10-10', 10.11, 10.18, 9.94, 10.03]
['2013-10-11', 10.02, 10.24, 10.02, 10.21]
['2013-10-14', 10.16, 10.33, 10.04, 10.22]
['2013-10-15', 10.21, 10.31, 10.01, 10.02]
['2013-10-16', 10.09, 10.28, 10.05, 10.21]
['2013-10-17', 10.25, 10.47, 10.17, 10.33]
['2013-10-18', 10.49, 11.02, 10.45, 11.01]
['2013-10-21', 11.16, 11.29, 10.65, 10.73]
['2013-10-22', 10.77, 11.07, 10.41, 10.7]
['2013-10-23', 10.67, 10.78, 10.59, 10.78]
['2013-10-24', 10.8, 10.92, 10.72, 10.92]
['2013-10-25', 10.99, 11.07, 10.43, 10.51]
['2013-10-28', 10.58, 10.63, 10.2, 10.46]
['2013-10-29', 10.47, 10.82, 10.42, 10.47]
['2013-10-30', 10.49, 10.66, 10.25, 10.27]
['2013-10-31', 10.29, 10.54, 10.11, 10.21]
['2013-11-01', 10.28, 10.54, 10.23, 10.5]
['2013-11-04', 10.69, 10.92, 10.27, 10.45]
['2013-11-05', 10.68, 10.72, 10.29, 10.67]
['2013-11-06', 10.75, 10.79, 9.85, 10.31]
['2013-11-07', 10.28, 10.28, 8.83, 8.98]
['2013-11-08', 9.18, 9.52, 8.91, 9.29]
['2013-11-11', 9.53, 9.53, 8.95, 8.96]
['2013-11-12', 8.75, 9.39, 8.27, 8.5]
['2013-11-13', 8.46, 9.18, 8.37, 8.88]
['2013-11-14', 8.71, 9.02, 8.69, 8.82]
['2013-11-15', 8.78, 8.81, 7.89, 8.04]
['2013-11-18', 8.02, 8.1, 7.71, 7.9]
['2013-11-19', 7.84, 8.0, 7.79, 7.95]
['2013-11-20', 7.87, 7.95, 7.53, 7.6]
['2013-11-21', 7.57, 7.75, 7.47, 7.61]
['2013-11-22', 7.57, 7.64, 7.24, 7.43]
['2013-11-25', 7.44, 7.57, 7.17, 7.23]
['2013-11-26', 7.18, 7.41, 6.99, 7.33]
['2013-11-27', 7.41, 7.47, 7.09, 7.21]
['2013-11-29', 7.25, 7.28, 7.07, 7.11]
['2013-12-02', 7.08, 7.16, 6.76, 6.88]
['2013-12-03', 6.83, 6.99, 6.78, 6.91]
['2013-12-04', 6.83, 7.18, 6.79, 7.1]
['2013-12-05', 7.03, 7.11, 6.95, 7.02]
['2013-12-06', 7.07, 7.08, 6.81, 6.88]
['2013-12-09', 6.98, 7.18, 6.91, 7.11]
['2013-12-10', 7.09, 7.68, 7.08, 7.65]
['2013-12-11', 7.64, 7.64, 7.38, 7.44]
['2013-12-12', 7.47, 7.59, 7.31, 7.47]
['2013-12-13', 7.53, 7.75, 7.47, 7.61]
['2013-12-16', 7.63, 7.78, 7.37, 7.42]
['2013-12-17', 7.45, 7.55, 7.35, 7.53]
['2013-12-18', 7.56, 7.57, 7.37, 7.45]
['2013-12-19', 7.39, 7.53, 7.37, 7.47]
['2013-12-20', 7.37, 7.56, 7.28, 7.49]
['2013-12-23', 7.7, 8.03, 7.59, 7.8]
['2013-12-24', 7.83, 8.38, 7.8, 8.35]
['2013-12-26', 8.38, 8.64, 8.35, 8.49]
['2013-12-27', 8.45, 8.58, 8.16, 8.18]
['2013-12-30', 7.92, 7.95, 7.7, 7.74]
['2013-12-31', 7.74, 8.14, 7.73, 8.08]
['2014-01-02', 8.02, 8.21, 7.87, 8.04]
['2014-01-03', 8.09, 8.2, 8.02, 8.14]
['2014-01-06', 8.06, 8.12, 7.93, 7.95]
['2014-01-07', 7.98, 8.34, 7.92, 8.09]
['2014-01-08', 8.08, 8.08, 7.94, 8.06]
['2014-01-09', 8.09, 8.17, 8.02, 8.15]
['2014-01-10', 8.16, 8.44, 8.16, 8.4]
['2014-01-13', 8.42, 8.61, 8.32, 8.45]
['2014-01-14', 8.44, 8.52, 8.36, 8.48]
['2014-01-15', 8.52, 8.8, 8.52, 8.72]
['2014-01-16', 8.72, 8.88, 8.68, 8.75]
['2014-01-17', 8.78, 8.98, 8.62, 8.67]
['2014-01-21', 8.93, 9.0, 8.82, 8.9]
['2014-01-22', 8.97, 8.98, 8.76, 8.91]
['2014-01-23', 8.91, 9.21, 8.83, 9.2]
['2014-01-24', 9.06, 9.14, 8.45, 8.5]
['2014-01-27', 8.57, 8.7, 8.03, 8.32]
['2014-01-28', 8.41, 8.75, 8.32, 8.68]
['2014-01-29', 8.57, 8.68, 8.46, 8.48]
['2014-01-30', 8.76, 9.14, 8.76, 9.01]
['2014-01-31', 8.86, 9.19, 8.75, 8.92]
['2014-02-03', 8.95, 9.13, 8.38, 8.55]
['2014-02-04', 8.56, 8.85, 8.5, 8.77]
['2014-02-05', 8.74, 8.83, 8.4, 8.62]
['2014-02-06', 7.98, 8.31, 7.9, 8.14]
['2014-02-07', 8.17, 8.65, 8.06, 8.61]
['2014-02-10', 8.65, 8.68, 8.36, 8.5]
['2014-02-11', 8.55, 8.62, 8.44, 8.6]
['2014-02-12', 8.63, 8.77, 8.5, 8.74]
['2014-02-13', 8.65, 8.84, 8.65, 8.8]
['2014-02-14', 8.78, 8.85, 8.73, 8.82]
['2014-02-18', 8.8, 8.94, 8.69, 8.79]
['2014-02-19', 8.8, 8.89, 8.6, 8.66]
['2014-02-20', 8.71, 8.8, 8.55, 8.59]
['2014-02-21', 8.64, 8.74, 8.47, 8.49]
['2014-02-24', 8.56, 8.67, 8.5, 8.53]
['2014-02-25', 8.57, 8.67, 8.3, 8.44]
['2014-02-26', 8.42, 8.54, 8.3, 8.35]
['2014-02-27', 8.35, 8.52, 8.27, 8.39]
['2014-02-28', 8.41, 8.49, 8.28, 8.29]
['2014-03-03', 8.24, 8.4, 8.1, 8.2]
['2014-03-04', 8.36, 8.6, 8.2, 8.37]
['2014-03-05', 8.42, 8.54, 8.27, 8.49]
['2014-03-06', 8.55, 8.81, 8.48, 8.59]
['2014-03-07', 8.62, 8.69, 8.47, 8.56]
['2014-03-10', 8.71, 8.74, 8.5, 8.61]
['2014-03-11', 8.66, 8.7, 8.52, 8.57]
['2014-03-12', 8.53, 8.68, 8.52, 8.64]
['2014-03-13', 8.64, 8.76, 8.54, 8.75]
['2014-03-14', 8.45, 8.51, 7.75, 8.0]
['2014-03-17', 8.05, 8.14, 7.74, 7.88]
['2014-03-18', 7.87, 8.06, 7.8, 8.06]
['2014-03-19', 8.08, 8.08, 7.72, 7.78]
['2014-03-20', 7.78, 7.86, 7.59, 7.66]
['2014-03-21', 7.65, 7.74, 7.31, 7.32]
['2014-03-24', 7.49, 7.52, 7.11, 7.13]
['2014-03-25', 7.2, 7.32, 7.06, 7.21]
['2014-03-26', 7.3, 7.35, 6.81, 6.88]
['2014-03-27', 6.86, 6.87, 6.55, 6.78]
['2014-03-28', 6.79, 6.92, 6.72, 6.79]
['2014-03-31', 6.79, 6.88, 6.73, 6.77]
['2014-04-01', 6.8, 6.97, 6.78, 6.91]
['2014-04-02', 6.97, 6.98, 6.81, 6.93]
['2014-04-03', 6.97, 6.97, 6.83, 6.92]
['2014-04-04', 6.95, 6.97, 6.79, 6.82]
['2014-04-07', 6.79, 6.85, 6.35, 6.61]
['2014-04-08', 6.6, 6.79, 6.49, 6.69]
['2014-04-09', 6.76, 6.77, 6.61, 6.74]
['2014-04-10', 6.76, 6.8, 6.61, 6.68]
['2014-04-11', 6.59, 6.73, 6.48, 6.54]
['2014-04-14', 6.59, 6.61, 6.39, 6.47]
['2014-04-15', 6.49, 6.64, 6.2, 6.48]
['2014-04-16', 6.54, 6.54, 6.35, 6.41]
['2014-04-17', 6.39, 6.55, 6.38, 6.47]
['2014-04-21', 6.47, 6.52, 6.37, 6.47]
['2014-04-22', 6.63, 6.73, 6.53, 6.68]
['2014-04-23', 6.64, 6.68, 6.43, 6.45]
['2014-04-24', 6.52, 6.57, 6.31, 6.37]
['2014-04-25', 6.31, 6.37, 5.94, 6.0]
['2014-04-28', 6.03, 6.06, 5.8, 5.86]
['2014-04-29', 5.93, 6.05, 5.88, 5.99]
['2014-04-30', 5.92, 5.94, 5.72, 5.86]
['2014-05-01', 5.83, 6.07, 5.83, 5.96]
['2014-05-02', 5.98, 6.05, 5.95, 6.0]
['2014-05-05', 5.97, 5.98, 5.88, 5.91]
['2014-05-06', 5.9, 5.94, 5.81, 5.81]
['2014-05-07', 5.8, 5.87, 5.65, 5.81]
['2014-05-08', 5.74, 5.98, 5.74, 5.94]
['2014-05-09', 6.29, 6.31, 6.05, 6.17]
['2014-05-12', 6.15, 6.28, 6.15, 6.24]
['2014-05-13', 6.25, 6.29, 6.11, 6.13]
['2014-05-14', 6.11, 6.19, 5.98, 5.98]
['2014-05-15', 5.94, 5.98, 5.82, 5.9]
['2014-05-16', 5.88, 6.0, 5.76, 5.98]
['2014-05-19', 5.96, 6.1, 5.91, 6.08]
['2014-05-20', 6.07, 6.08, 5.89, 5.97]
['2014-05-21', 5.98, 6.13, 5.94, 6.08]
['2014-05-22', 6.09, 6.2, 6.0, 6.13]
['2014-05-23', 6.13, 6.24, 6.07, 6.21]
['2014-05-27', 6.26, 6.37, 6.21, 6.34]
['2014-05-28', 6.29, 6.38, 6.21, 6.31]
['2014-05-29', 6.32, 6.41, 6.29, 6.35]
['2014-05-30', 6.35, 6.38, 6.16, 6.19]
['2014-06-02', 6.19, 6.23, 6.15, 6.19]
['2014-06-03', 6.15, 6.21, 6.15, 6.16]
['2014-06-04', 6.15, 6.3, 6.15, 6.27]
['2014-06-05', 6.31, 6.43, 6.23, 6.36]
['2014-06-06', 6.41, 6.67, 6.36, 6.62]
['2014-06-09', 6.65, 6.81, 6.61, 6.75]
['2014-06-10', 6.75, 6.75, 6.65, 6.72]
['2014-06-11', 6.66, 6.85, 6.61, 6.79]
['2014-06-12', 6.75, 6.91, 6.69, 6.86]
['2014-06-13', 6.92, 6.93, 6.81, 6.86]
['2014-06-16', 6.81, 6.87, 6.65, 6.77]
['2014-06-17', 6.75, 6.84, 6.69, 6.77]
['2014-06-18', 6.75, 6.85, 6.69, 6.76]
['2014-06-19', 6.77, 6.81, 6.62, 6.67]
['2014-06-20', 6.7, 6.73, 6.63, 6.68]
['2014-06-23', 6.68, 6.78, 6.65, 6.77]
['2014-06-24', 6.78, 6.9, 6.65, 6.65]
['2014-06-25', 6.65, 6.87, 6.65, 6.81]
['2014-06-26', 6.83, 7.0, 6.79, 6.97]
['2014-06-27', 6.92, 7.05, 6.79, 6.96]
['2014-06-30', 6.98, 7.24, 6.96, 7.06]
['2014-07-01', 7.09, 7.28, 7.05, 7.16]
['2014-07-02', 7.16, 7.28, 7.03, 7.04]
['2014-07-03', 7.07, 7.1, 7.03, 7.06]
['2014-07-07', 7.11, 7.24, 7.03, 7.06]
['2014-07-08', 7.07, 7.07, 6.51, 6.61]
['2014-07-09', 6.59, 6.69, 6.57, 6.63]
['2014-07-10', 6.53, 6.6, 6.45, 6.49]
['2014-07-11', 6.53, 6.53, 6.45, 6.49]
['2014-07-14', 6.54, 6.65, 6.51, 6.55]
['2014-07-15', 6.55, 6.59, 6.43, 6.53]
['2014-07-16', 6.57, 6.61, 6.45, 6.49]
['2014-07-17', 6.5, 6.52, 6.35, 6.36]
['2014-07-18', 6.38, 6.44, 6.31, 6.4]
['2014-07-21', 6.39, 6.44, 6.33, 6.39]
['2014-07-22', 6.39, 6.5, 6.37, 6.41]
['2014-07-23', 6.43, 6.47, 6.35, 6.43]
['2014-07-24', 6.45, 6.53, 6.45, 6.48]
['2014-07-25', 6.43, 6.59, 6.43, 6.55]
['2014-07-28', 6.55, 6.55, 6.39, 6.4]
['2014-07-29', 6.41, 6.57, 6.38, 6.49]
['2014-07-30', 7.17, 7.31, 6.93, 7.15]
['2014-07-31', 7.07, 7.08, 6.77, 6.79]
['2014-08-01', 6.75, 6.87, 6.51, 6.61]
['2014-08-04', 6.67, 6.67, 6.51, 6.6]
['2014-08-05', 6.6, 7.01, 6.56, 6.72]
['2014-08-06', 6.57, 6.73, 6.56, 6.58]
['2014-08-07', 6.61, 6.73, 6.43, 6.5]
['2014-08-08', 6.47, 6.68, 6.45, 6.57]
['2014-08-11', 6.58, 6.73, 6.57, 6.71]
['2014-08-12', 6.69, 6.83, 6.62, 6.79]
['2014-08-13', 6.84, 6.85, 6.72, 6.75]
['2014-08-14', 6.71, 6.82, 6.68, 6.69]
['2014-08-15', 6.76, 6.81, 6.61, 6.71]
['2014-08-18', 6.79, 6.8, 6.68, 6.73]
['2014-08-19', 6.76, 6.8, 6.71, 6.75]
['2014-08-20', 6.75, 6.81, 6.69, 6.76]
['2014-08-21', 6.78, 6.82, 6.71, 6.75]
['2014-08-22', 6.75, 6.82, 6.75, 6.8]
['2014-08-25', 6.85, 6.87, 6.78, 6.86]
['2014-08-26', 6.82, 7.01, 6.8, 7.0]
['2014-08-27', 7.01, 7.05, 6.85, 6.94]
['2014-08-28', 6.95, 7.01, 6.89, 7.0]
['2014-08-29', 6.99, 7.2, 6.93, 7.15]
['2014-09-02', 7.15, 7.21, 7.09, 7.18]
['2014-09-03', 7.34, 7.38, 7.19, 7.19]
['2014-09-04', 7.27, 7.33, 7.2, 7.29]
['2014-09-05', 7.37, 7.67, 7.22, 7.6]
['2014-09-08', 7.58, 7.8, 7.55, 7.74]
['2014-09-09', 7.78, 7.8, 7.47, 7.68]
['2014-09-10', 7.63, 7.78, 7.59, 7.76]
['2014-09-11', 7.76, 7.82, 7.67, 7.81]
['2014-09-12', 7.79, 7.81, 7.55, 7.65]
['2014-09-15', 7.62, 7.63, 7.25, 7.26]
['2014-09-16', 7.26, 7.32, 7.18, 7.23]
['2014-09-17', 7.27, 7.3, 7.19, 7.25]
['2014-09-18', 7.25, 7.37, 7.21, 7.23]
['2014-09-19', 7.25, 7.35, 7.03, 7.12]
['2014-09-22', 7.05, 7.12, 6.71, 6.73]
['2014-09-23', 6.76, 6.83, 6.67, 6.69]
['2014-09-24', 6.69, 6.77, 6.61, 6.68]
['2014-09-25', 6.7, 6.7, 6.48, 6.57]
['2014-09-26', 6.57, 6.62, 6.52, 6.58]
['2014-09-29', 6.55, 6.66, 6.53, 6.63]
['2014-09-30', 6.66, 6.71, 6.59, 6.69]
['2014-10-01', 6.66, 6.68, 6.51, 6.55]
['2014-10-02', 6.58, 6.75, 6.54, 6.66]
['2014-10-03', 6.72, 6.91, 6.72, 6.83]
['2014-10-06', 6.86, 6.95, 6.85, 6.85]
['2014-10-07', 6.85, 6.89, 6.69, 6.75]
['2014-10-08', 6.76, 6.83, 6.68, 6.79]
['2014-10-09', 6.8, 6.86, 6.63, 6.64]
['2014-10-10', 6.64, 6.64, 6.49, 6.5]
['2014-10-13', 6.53, 6.59, 6.52, 6.57]
['2014-10-14', 6.59, 6.61, 6.39, 6.41]
['2014-10-15', 6.35, 6.35, 6.01, 6.15]
['2014-10-16', 6.05, 6.31, 6.05, 6.27]
['2014-10-17', 6.33, 6.42, 6.22, 6.25]
['2014-10-20', 6.25, 6.65, 6.25, 6.51]
['2014-10-21', 6.61, 6.79, 6.55, 6.72]
['2014-10-22', 6.77, 6.81, 6.71, 6.73]
['2014-10-23', 6.75, 6.94, 6.75, 6.81]
['2014-10-24', 6.78, 6.86, 6.71, 6.83]
['2014-10-27', 6.85, 6.86, 6.68, 6.76]
['2014-10-28', 6.67, 6.67, 6.39, 6.57]
['2014-10-29', 6.53, 6.57, 6.28, 6.37]
['2014-10-30', 6.33, 6.49, 6.23, 6.39]
['2014-10-31', 6.56, 6.56, 6.35, 6.49]
['2014-11-03', 6.53, 6.55, 6.43, 6.5]
['2014-11-04', 6.53, 6.53, 6.35, 6.49]
['2014-11-05', 6.57, 6.57, 6.45, 6.52]
['2014-11-06', 6.55, 6.55, 6.37, 6.51]
['2014-11-07', 6.58, 6.58, 6.41, 6.58]
['2014-11-10', 6.62, 6.63, 6.39, 6.48]
['2014-11-11', 6.41, 6.5, 6.39, 6.5]
['2014-11-12', 6.51, 6.57, 6.41, 6.53]
['2014-11-13', 6.56, 6.58, 6.44, 6.49]
['2014-11-14', 6.54, 6.54, 6.43, 6.51]
['2014-11-17', 6.57, 6.81, 6.53, 6.77]
['2014-11-18', 6.75, 6.78, 6.57, 6.59]
['2014-11-19', 6.56, 6.63, 6.53, 6.59]
['2014-11-20', 6.53, 6.63, 6.51, 6.56]
['2014-11-21', 6.6, 6.66, 6.51, 6.54]
['2014-11-24', 6.52, 6.56, 6.51, 6.56]
['2014-11-25', 6.55, 6.59, 6.51, 6.55]
['2014-11-26', 6.51, 6.6, 6.51, 6.6]
['2014-11-28', 6.6, 6.61, 6.55, 6.57]
['2014-12-01', 6.56, 6.58, 6.33, 6.34]
['2014-12-02', 6.35, 6.45, 6.26, 6.31]
['2014-12-03', 6.28, 6.48, 6.27, 6.42]
['2014-12-04', 6.44, 6.44, 6.32, 6.4]
['2014-12-05', 6.4, 6.43, 6.27, 6.28]
['2014-12-08', 6.29, 6.29, 5.9, 5.99]
['2014-12-09', 5.98, 6.01, 5.78, 6.01]
['2014-12-10', 5.95, 6.05, 5.76, 5.86]
['2014-12-11', 5.89, 5.98, 5.77, 5.92]
['2014-12-12', 5.86, 5.94, 5.8, 5.82]
['2014-12-15', 5.85, 5.89, 5.58, 5.66]
['2014-12-16', 5.6, 5.71, 5.49, 5.52]
['2014-12-17', 5.5, 5.67, 5.49, 5.58]
['2014-12-18', 5.6, 5.8, 5.59, 5.79]
['2014-12-19', 5.79, 5.8, 5.65, 5.76]
['2014-12-22', 5.75, 5.78, 5.63, 5.75]
['2014-12-23', 5.72, 5.82, 5.69, 5.8]
['2014-12-24', 5.84, 5.9, 5.76, 5.85]
['2014-12-26', 5.84, 5.96, 5.82, 5.95]
['2014-12-29', 5.95, 5.95, 5.79, 5.82]
['2014-12-30', 5.81, 5.84, 5.69, 5.77]
['2014-12-31', 5.74, 5.84, 5.74, 5.76]
['2015-01-02', 5.84, 6.01, 5.77, 6.0]
['2015-01-05', 6.01, 6.01, 5.8, 5.9]
['2015-01-06', 5.94, 6.06, 5.78, 5.95]
['2015-01-07', 6.01, 6.01, 5.88, 5.92]
['2015-01-08', 6.02, 6.07, 5.96, 6.06]
['2015-01-09', 6.09, 6.16, 5.98, 6.16]
['2015-01-12', 6.17, 6.21, 5.97, 6.07]
['2015-01-13', 6.07, 6.17, 5.92, 6.04]
['2015-01-14', 6.01, 6.01, 5.86, 6.0]
['2015-01-15', 6.09, 6.09, 5.95, 6.0]
['2015-01-16', 6.03, 6.17, 5.97, 6.13]
['2015-01-20', 6.18, 6.23, 6.15, 6.2]
['2015-01-21', 6.21, 6.29, 6.15, 6.25]
['2015-01-22', 6.31, 6.31, 6.14, 6.17]
['2015-01-23', 6.19, 6.43, 6.14, 6.33]
['2015-01-26', 6.38, 6.38, 6.18, 6.27]
['2015-01-27', 6.21, 6.27, 6.05, 6.15]
['2015-01-28', 6.27, 6.31, 6.15, 6.16]
['2015-01-29', 6.16, 6.23, 6.08, 6.2]
['2015-01-30', 6.11, 6.19, 6.03, 6.17]
['2015-02-02', 6.22, 6.22, 6.09, 6.21]
['2015-02-03', 6.23, 6.42, 6.17, 6.35]
['2015-02-04', 6.28, 6.41, 6.21, 6.33]
['2015-02-05', 6.39, 6.42, 6.31, 6.33]
['2015-02-06', 6.4, 6.65, 6.4, 6.53]
['2015-02-09', 6.49, 6.53, 6.38, 6.53]
['2015-02-10', 6.54, 6.55, 6.38, 6.48]
['2015-02-11', 6.55, 6.77, 6.55, 6.77]
['2015-02-12', 6.85, 6.85, 6.68, 6.75]
['2015-02-13', 6.77, 6.99, 6.73, 6.83]
['2015-02-17', 6.85, 6.95, 6.79, 6.84]
['2015-02-18', 6.85, 6.91, 6.7, 6.74]
['2015-02-19', 6.7, 6.77, 6.61, 6.7]
['2015-02-20', 6.73, 6.75, 6.59, 6.66]
['2015-02-23', 6.66, 6.73, 6.6, 6.73]
['2015-02-24', 6.77, 6.79, 6.68, 6.69]
['2015-02-25', 6.69, 6.78, 6.69, 6.71]
['2015-02-26', 6.75, 6.84, 6.72, 6.84]
['2015-02-27', 6.89, 7.01, 6.85, 6.92]
['2015-03-02', 6.95, 6.99, 6.86, 6.89]
['2015-03-03', 6.85, 6.95, 6.85, 6.9]
['2015-03-04', 6.91, 6.94, 6.88, 6.93]
['2015-03-05', 6.97, 6.97, 6.79, 6.8]
['2015-03-06', 6.8, 6.93, 6.68, 6.93]
['2015-03-09', 6.93, 6.93, 6.56, 6.73]
['2015-03-10', 6.65, 6.75, 6.61, 6.65]
['2015-03-11', 6.63, 6.72, 6.62, 6.67]
['2015-03-12', 6.67, 6.78, 6.65, 6.75]
['2015-03-13', 6.66, 6.73, 6.43, 6.51]
['2015-03-16', 6.45, 6.48, 6.32, 6.33]
['2015-03-17', 6.31, 6.39, 6.29, 6.35]
['2015-03-18', 6.34, 6.41, 6.3, 6.33]
['2015-03-19', 6.33, 6.47, 6.31, 6.33]
['2015-03-20', 6.35, 6.45, 6.34, 6.45]
['2015-03-23', 6.54, 6.61, 6.41, 6.43]
['2015-03-24', 6.49, 6.61, 6.45, 6.59]
['2015-03-25', 6.59, 6.61, 6.41, 6.5]
['2015-03-26', 6.45, 6.58, 6.45, 6.53]
['2015-03-27', 6.56, 6.58, 6.42, 6.45]
['2015-03-30', 6.48, 6.58, 6.45, 6.5]
['2015-03-31', 6.45, 6.61, 6.45, 6.55]
['2015-04-01', 6.48, 6.59, 6.48, 6.49]
['2015-04-02', 6.49, 6.58, 6.49, 6.52]
['2015-04-06', 6.53, 6.67, 6.52, 6.6]
['2015-04-07', 6.63, 6.73, 6.63, 6.69]
['2015-04-08', 6.63, 6.75, 6.63, 6.71]
['2015-04-09', 6.73, 6.78, 6.63, 6.65]
['2015-04-10', 6.65, 6.76, 6.64, 6.64]
['2015-04-13', 6.7, 6.74, 6.61, 6.67]
['2015-04-14', 6.69, 6.77, 6.65, 6.65]
['2015-04-15', 6.68, 6.73, 6.65, 6.68]
['2015-04-16', 6.65, 6.73, 6.23, 6.62]
['2015-04-17', 6.55, 6.61, 6.41, 6.46]
['2015-04-20', 6.51, 6.55, 6.42, 6.53]
['2015-04-21', 6.52, 6.61, 6.5, 6.55]
['2015-04-22', 6.53, 6.57, 6.45, 6.55]
['2015-04-23', 6.56, 6.61, 6.5, 6.59]
['2015-04-24', 6.61, 6.61, 6.52, 6.54]
['2015-04-27', 6.5, 6.58, 6.48, 6.55]
['2015-04-28', 6.55, 6.67, 6.3, 6.34]
['2015-04-29', 6.25, 6.35, 6.23, 6.29]
['2015-04-30', 6.23, 6.57, 6.21, 6.43]
['2015-05-01', 6.43, 6.54, 6.37, 6.45]
['2015-05-04', 6.41, 6.54, 6.41, 6.46]
['2015-05-05', 6.41, 6.51, 6.41, 6.45]
['2015-05-06', 6.47, 6.47, 6.4, 6.47]
['2015-05-07', 6.43, 6.63, 6.43, 6.52]
['2015-05-08', 6.47, 6.61, 6.42, 6.54]
['2015-05-11', 6.57, 6.67, 6.57, 6.61]
['2015-05-12', 6.67, 6.67, 6.55, 6.59]
['2015-05-13', 6.59, 6.66, 6.53, 6.61]
['2015-05-14', 6.61, 6.67, 6.59, 6.64]
['2015-05-15', 6.65, 6.95, 6.63, 6.68]
['2015-05-18', 6.68, 6.81, 6.62, 6.76]
['2015-05-19', 6.79, 6.95, 6.77, 6.93]
['2015-05-20', 6.97, 7.09, 6.91, 6.94]
['2015-05-21', 6.9, 6.96, 6.88, 6.91]
['2015-05-22', 6.94, 6.97, 6.89, 6.95]
['2015-05-26', 6.95, 7.0, 6.85, 6.89]
['2015-05-27', 6.85, 6.98, 6.85, 6.92]
['2015-05-28', 6.91, 7.01, 6.89, 6.95]
['2015-05-29', 6.93, 7.17, 6.93, 7.16]
['2015-06-01', 7.15, 7.15, 7.03, 7.08]
['2015-06-02', 7.08, 7.25, 6.92, 7.15]
['2015-06-03', 7.15, 7.25, 7.05, 7.19]
['2015-06-04', 7.14, 7.31, 7.07, 7.3]
['2015-06-05', 7.35, 7.53, 7.28, 7.52]
['2015-06-08', 7.56, 7.57, 7.4, 7.49]
['2015-06-09', 7.47, 7.48, 7.29, 7.35]
['2015-06-10', 7.35, 7.48, 7.27, 7.32]
['2015-06-11', 7.35, 7.36, 7.18, 7.23]
['2015-06-12', 7.24, 7.26, 7.15, 7.18]
['2015-06-15', 7.16, 7.21, 7.07, 7.1]
['2015-06-16', 7.05, 7.22, 7.01, 7.21]
['2015-06-17', 7.17, 7.25, 7.13, 7.15]
['2015-06-18', 7.23, 7.26, 7.03, 7.09]
['2015-06-19', 7.17, 7.22, 7.08, 7.13]
['2015-06-22', 7.22, 7.31, 7.21, 7.21]
['2015-06-23', 7.23, 7.34, 7.21, 7.32]
['2015-06-24', 7.33, 7.33, 7.2, 7.21]
['2015-06-25', 7.21, 7.24, 7.05, 7.07]
['2015-06-26', 7.12, 7.2, 6.95, 6.98]
['2015-06-29', 6.91, 6.91, 6.68, 6.73]
['2015-06-30', 6.71, 6.91, 6.69, 6.89]
['2015-07-01', 6.93, 7.03, 6.85, 7.01]
['2015-07-02', 6.98, 7.05, 6.93, 6.97]
['2015-07-06', 6.91, 6.96, 6.75, 6.81]
['2015-07-07', 6.79, 6.87, 6.71, 6.87]
['2015-07-08', 6.81, 6.89, 6.79, 6.86]
['2015-07-09', 6.98, 7.11, 6.95, 7.01]
['2015-07-10', 7.08, 7.2, 7.01, 7.17]
['2015-07-13', 7.24, 7.38, 7.24, 7.28]
['2015-07-14', 7.23, 7.46, 7.23, 7.39]
['2015-07-15', 7.39, 7.39, 7.19, 7.21]
['2015-07-16', 7.25, 7.33, 7.16, 7.23]
['2015-07-17', 7.25, 7.26, 7.07, 7.09]
['2015-07-20', 7.03, 7.09, 6.89, 6.91]
['2015-07-21', 6.88, 6.95, 6.72, 6.73]
['2015-07-22', 6.72, 6.87, 6.72, 6.77]
['2015-07-23', 6.75, 6.85, 6.72, 6.79]
['2015-07-24', 6.84, 6.9, 6.71, 6.72]
['2015-07-27', 6.71, 6.79, 6.67, 6.73]
['2015-07-28', 6.73, 6.78, 6.59, 6.77]
['2015-07-29', 6.73, 6.73, 6.62, 6.62]
['2015-07-30', 6.63, 6.71, 6.58, 6.61]
['2015-07-31', 6.61, 6.67, 6.59, 6.6]
['2015-08-03', 6.62, 6.68, 6.31, 6.35]
['2015-08-04', 6.39, 6.42, 6.25, 6.29]
['2015-08-05', 6.31, 6.45, 6.29, 6.43]
['2015-08-06', 6.42, 6.42, 6.35, 6.37]
['2015-08-07', 6.39, 6.51, 6.31, 6.33]
['2015-08-10', 6.35, 6.44, 6.19, 6.24]
['2015-08-11', 6.22, 6.26, 6.09, 6.19]
['2015-08-12', 6.16, 6.23, 6.09, 6.15]
['2015-08-13', 6.15, 6.27, 6.13, 6.26]
['2015-08-14', 6.22, 6.4, 6.22, 6.36]
['2015-08-17', 6.33, 6.4, 6.29, 6.37]
['2015-08-18', 6.37, 6.45, 6.31, 6.45]
['2015-08-19', 6.45, 6.5, 6.29, 6.29]
['2015-08-20', 6.28, 6.28, 6.1, 6.19]
['2015-08-21', 6.09, 6.17, 5.86, 5.91]
['2015-08-24', 5.47, 5.71, 5.29, 5.54]
['2015-08-25', 5.68, 5.83, 5.48, 5.48]
['2015-08-26', 5.61, 5.82, 5.49, 5.78]
['2015-08-27', 5.87, 5.98, 5.79, 5.94]
['2015-08-28', 5.98, 6.04, 5.72, 5.82]
['2015-08-31', 5.81, 6.07, 5.81, 5.93]
['2015-09-01', 5.86, 5.88, 5.68, 5.75]
['2015-09-02', 5.82, 5.9, 5.72, 5.86]
['2015-09-03', 5.83, 6.05, 5.83, 6.0]
['2015-09-04', 5.9, 6.0, 5.8, 5.84]
['2015-09-08', 5.9, 6.04, 5.84, 5.98]
['2015-09-09', 5.99, 6.03, 5.64, 5.66]
['2015-09-10', 5.68, 5.74, 5.62, 5.68]
['2015-09-11', 5.64, 5.82, 5.64, 5.66]
['2015-09-14', 5.66, 5.88, 5.66, 5.81]
['2015-09-15', 5.81, 5.81, 5.61, 5.61]
['2015-09-16', 5.59, 5.82, 5.59, 5.71]
['2015-09-17', 5.71, 5.74, 5.61, 5.66]
['2015-09-18', 5.62, 5.74, 5.6, 5.68]
['2015-09-21', 5.68, 5.68, 5.56, 5.57]
['2015-09-22', 5.48, 5.63, 5.48, 5.58]
['2015-09-23', 5.61, 5.61, 5.51, 5.52]
['2015-09-24', 5.52, 5.55, 5.42, 5.52]
['2015-09-25', 5.54, 5.56, 5.41, 5.51]
['2015-09-28', 5.48, 5.54, 5.3, 5.31]
['2015-09-29', 5.29, 5.3, 5.06, 5.1]
['2015-09-30', 5.11, 5.28, 5.11, 5.24]
['2015-10-01', 5.24, 5.26, 5.01, 5.03]
['2015-10-02', 4.99, 5.13, 4.99, 5.11]
['2015-10-05', 5.12, 5.28, 5.11, 5.22]
['2015-10-06', 5.2, 5.28, 5.18, 5.24]
['2015-10-07', 5.28, 5.55, 5.22, 5.44]
['2015-10-08', 5.44, 5.58, 5.32, 5.48]
['2015-10-09', 5.48, 5.64, 5.48, 5.52]
['2015-10-12', 5.51, 5.51, 5.29, 5.32]
['2015-10-13', 5.3, 5.44, 5.3, 5.36]
['2015-10-14', 5.35, 5.41, 5.32, 5.34]
['2015-10-15', 6.01, 6.17, 5.71, 6.11]
['2015-10-16', 6.15, 6.44, 5.84, 6.39]
['2015-10-19', 6.43, 6.45, 6.28, 6.35]
['2015-10-20', 6.34, 6.38, 6.23, 6.32]
['2015-10-21', 6.34, 6.39, 6.16, 6.2]
['2015-10-22', 6.29, 6.39, 6.12, 6.29]
['2015-10-23', 6.38, 6.38, 6.23, 6.31]
['2015-10-26', 6.36, 6.63, 6.35, 6.6]
['2015-10-27', 6.61, 6.68, 6.43, 6.59]
['2015-10-28', 6.59, 6.81, 6.45, 6.61]
['2015-10-29', 6.57, 6.62, 6.43, 6.44]
['2015-10-30', 6.41, 6.52, 6.37, 6.41]
['2015-11-02', 6.46, 6.55, 6.41, 6.49]
['2015-11-03', 6.47, 6.6, 6.39, 6.57]
['2015-11-04', 6.59, 6.68, 6.45, 6.65]
['2015-11-05', 6.65, 6.68, 6.49, 6.61]
['2015-11-06', 6.81, 6.94, 6.68, 6.87]
['2015-11-09', 6.84, 7.01, 6.84, 6.96]
['2015-11-10', 6.96, 7.01, 6.82, 6.87]
['2015-11-11', 6.87, 6.95, 6.75, 6.8]
['2015-11-12', 6.81, 6.83, 6.73, 6.76]
['2015-11-13', 6.81, 6.83, 6.67, 6.7]
['2015-11-16', 6.72, 6.88, 6.71, 6.86]
['2015-11-17', 6.45, 6.84, 6.29, 6.56]
['2015-11-18', 6.59, 6.69, 6.58, 6.67]
['2015-11-19', 6.71, 6.8, 6.61, 6.77]
['2015-11-20', 6.8, 6.87, 6.75, 6.83]
['2015-11-23', 6.8, 6.87, 6.73, 6.85]
['2015-11-24', 6.82, 6.87, 6.75, 6.79]
['2015-11-25', 6.81, 6.81, 6.75, 6.77]
['2015-11-27', 6.74, 6.82, 6.69, 6.73]
['2015-11-30', 6.79, 6.86, 6.67, 6.8]
['2015-12-01', 6.81, 6.81, 6.69, 6.78]
['2015-12-02', 6.81, 6.81, 6.61, 6.64]
['2015-12-03', 6.66, 6.75, 6.5, 6.56]
['2015-12-04', 6.61, 6.71, 6.54, 6.65]
['2015-12-07', 6.61, 6.67, 6.58, 6.64]
['2015-12-08', 6.54, 6.63, 6.39, 6.41]
['2015-12-09', 6.37, 6.43, 6.26, 6.31]
['2015-12-10', 6.34, 6.35, 6.3, 6.33]
['2015-12-11', 6.31, 6.35, 6.25, 6.35]
['2015-12-14', 6.37, 6.65, 6.2, 6.24]
['2015-12-15', 6.25, 6.37, 6.23, 6.35]
['2015-12-16', 6.35, 6.53, 6.35, 6.48]
['2015-12-17', 6.47, 6.52, 6.24, 6.24]
['2015-12-18', 6.27, 6.3, 5.95, 5.95]
['2015-12-21', 6.01, 6.08, 5.92, 6.05]
['2015-12-22', 6.05, 6.05, 5.76, 5.97]
['2015-12-23', 5.96, 6.2, 5.93, 6.12]
['2015-12-24', 6.16, 6.19, 6.09, 6.13]
['2015-12-28', 6.09, 6.21, 6.09, 6.12]
['2015-12-29', 6.2, 6.49, 6.2, 6.43]
['2015-12-30', 6.41, 6.43, 6.14, 6.15]
['2015-12-31', 6.15, 6.39, 6.12, 6.26]
['2016-01-04', 6.3, 6.4, 6.26, 6.37]
['2016-01-05', 6.44, 6.55, 6.22, 6.28]
['2016-01-06', 6.29, 6.3, 6.11, 6.12]
['2016-01-07', 6.06, 6.06, 5.8, 5.92]
['2016-01-08', 5.95, 6.12, 5.95, 6.03]
['2016-01-11', 6.01, 6.15, 5.92, 5.99]
['2016-01-12', 6.01, 6.13, 5.56, 5.6]
['2016-01-13', 5.67, 5.67, 5.16, 5.26]
['2016-01-14', 5.21, 5.49, 5.21, 5.35]
['2016-01-15', 5.22, 5.46, 5.22, 5.39]
['2016-01-19', 5.41, 5.59, 5.3, 5.45]
['2016-01-20', 5.44, 5.49, 5.16, 5.46]
['2016-01-21', 5.44, 5.6, 5.3, 5.34]
['2016-01-22', 5.38, 5.59, 5.38, 5.57]
['2016-01-25', 5.59, 5.59, 5.49, 5.52]
['2016-01-26', 5.52, 5.64, 5.5, 5.57]
['2016-01-27', 5.56, 5.84, 5.56, 5.73]
['2016-01-28', 5.78, 5.84, 5.56, 5.57]
['2016-01-29', 5.58, 5.78, 5.58, 5.76]
['2016-02-01', 5.75, 5.8, 5.68, 5.7]
['2016-02-02', 5.72, 5.89, 5.65, 5.85]
['2016-02-03', 5.85, 5.88, 5.75, 5.82]
['2016-02-04', 5.84, 6.01, 5.84, 5.9]
['2016-02-05', 5.87, 5.89, 5.64, 5.68]
['2016-02-08', 5.65, 5.65, 5.55, 5.59]
['2016-02-09', 5.5, 5.55, 5.21, 5.27]
['2016-02-10', 5.29, 5.44, 5.21, 5.26]
['2016-02-11', 5.18, 5.44, 4.92, 5.12]
['2016-02-12', 5.13, 5.28, 5.05, 5.26]
['2016-02-16', 5.31, 5.38, 5.25, 5.37]
['2016-02-17', 5.37, 5.68, 5.37, 5.49]
['2016-02-18', 5.53, 5.6, 5.5, 5.57]
['2016-02-19', 5.59, 5.64, 5.49, 5.62]
['2016-02-22', 5.68, 5.68, 5.44, 5.5]
['2016-02-23', 5.44, 5.53, 5.36, 5.51]
['2016-02-24', 5.44, 5.58, 5.44, 5.54]
['2016-02-25', 5.52, 5.56, 5.3, 5.38]
['2016-02-26', 5.39, 5.57, 5.33, 5.37]
['2016-02-29', 5.42, 5.61, 5.38, 5.54]
['2016-03-01', 5.54, 5.65, 5.5, 5.59]
['2016-03-02', 5.61, 5.65, 5.46, 5.51]
['2016-03-03', 5.54, 5.62, 5.41, 5.43]
['2016-03-04', 5.44, 5.62, 5.44, 5.54]
['2016-03-07', 5.68, 5.89, 5.66, 5.79]
['2016-03-08', 5.79, 6.03, 5.75, 5.85]
['2016-03-09', 5.87, 5.89, 5.68, 5.76]
['2016-03-10', 5.79, 5.84, 5.75, 5.79]
['2016-03-11', 5.79, 5.87, 5.55, 5.56]
['2016-03-14', 5.58, 5.77, 5.56, 5.72]
['2016-03-15', 5.72, 5.72, 5.54, 5.56]
['2016-03-16', 5.61, 5.85, 5.56, 5.82]
['2016-03-17', 5.79, 5.86, 5.79, 5.85]
['2016-03-18', 5.88, 5.92, 5.81, 5.91]
['2016-03-21', 5.92, 5.92, 5.71, 5.75]
['2016-03-22', 5.79, 5.8, 5.5, 5.54]
['2016-03-23', 5.63, 5.63, 5.42, 5.44]
['2016-03-24', 5.4, 5.52, 5.35, 5.47]
['2016-03-28', 5.5, 5.51, 5.38, 5.39]
['2016-03-29', 5.34, 5.47, 5.32, 5.44]
['2016-03-30', 5.49, 5.5, 5.44, 5.46]
['2016-03-31', 5.44, 5.45, 5.14, 5.3]
['2016-04-01', 5.31, 5.46, 5.31, 5.44]
['2016-04-04', 5.48, 5.48, 5.28, 5.31]
['2016-04-05', 5.3, 5.34, 5.26, 5.29]
['2016-04-06', 5.26, 5.46, 5.26, 5.44]
['2016-04-07', 5.44, 5.5, 5.41, 5.46]
['2016-04-08', 5.51, 5.51, 5.42, 5.5]
['2016-04-11', 5.58, 5.61, 5.49, 5.55]
['2016-04-12', 5.61, 5.65, 5.43, 5.44]
['2016-04-13', 5.43, 5.54, 5.41, 5.48]
['2016-04-14', 5.45, 5.55, 5.45, 5.52]
['2016-04-15', 5.51, 5.63, 5.51, 5.58]
['2016-04-18', 5.56, 5.65, 5.55, 5.61]
['2016-04-19', 5.62, 5.69, 5.62, 5.64]
['2016-04-20', 5.62, 5.66, 5.56, 5.61]
['2016-04-21', 5.6, 5.73, 5.6, 5.66]
['2016-04-22', 5.63, 5.71, 5.61, 5.68]
['2016-04-25', 5.68, 5.74, 5.63, 5.71]
['2016-04-26', 5.7, 5.74, 5.6, 5.6]
['2016-04-27', 5.57, 5.67, 5.56, 5.59]
['2016-04-28', 5.26, 5.46, 5.26, 5.34]
['2016-04-29', 5.34, 5.5, 5.31, 5.43]
['2016-05-02', 5.41, 5.44, 5.33, 5.36]
['2016-05-03', 5.3, 5.36, 5.28, 5.36]
['2016-05-04', 5.31, 5.44, 5.31, 5.39]
['2016-05-05', 5.37, 5.38, 5.3, 5.34]
['2016-05-06', 5.35, 5.35, 5.23, 5.23]
['2016-05-09', 5.23, 5.38, 5.22, 5.22]
['2016-05-10', 5.22, 5.34, 5.22, 5.23]
['2016-05-11', 5.21, 5.27, 5.17, 5.17]
['2016-05-12', 5.17, 5.2, 5.12, 5.12]
['2016-05-13', 5.08, 5.14, 5.07, 5.07]
['2016-05-16', 5.03, 5.08, 4.79, 4.95]
['2016-05-17', 4.78, 5.01, 4.75, 4.76]
['2016-05-18', 4.76, 4.91, 4.76, 4.85]
['2016-05-19', 4.87, 4.9, 4.76, 4.77]
['2016-05-20', 4.76, 4.89, 4.75, 4.76]
['2016-05-23', 4.75, 4.83, 4.69, 4.79]
['2016-05-24', 4.84, 4.84, 4.72, 4.77]
['2016-05-25', 4.74, 4.83, 4.69, 4.79]
['2016-05-26', 4.73, 4.8, 4.73, 4.77]
['2016-05-27', 4.74, 4.86, 4.69, 4.85]
['2016-05-31', 4.9, 4.9, 4.83, 4.89]
['2016-06-01', 4.9, 4.96, 4.88, 4.92]
['2016-06-02', 4.89, 4.95, 4.89, 4.94]
['2016-06-03', 4.95, 5.02, 4.9, 4.97]
['2016-06-06', 4.99, 5.02, 4.84, 4.85]
['2016-06-07', 4.85, 5.02, 4.85, 4.94]
['2016-06-08', 4.97, 4.98, 4.9, 4.96]
['2016-06-09', 4.91, 4.95, 4.9, 4.91]
['2016-06-10', 4.9, 4.92, 4.85, 4.88]
['2016-06-13', 4.85, 4.87, 4.78, 4.79]
['2016-06-14', 4.75, 4.85, 4.73, 4.75]
['2016-06-15', 4.8, 5.04, 4.8, 4.97]
['2016-06-16', 4.97, 5.04, 4.9, 4.99]
['2016-06-17', 5.02, 5.02, 4.92, 4.98]
['2016-06-20', 5.01, 5.05, 4.76, 4.78]
['2016-06-21', 4.82, 4.9, 4.72, 4.73]
['2016-06-22', 4.73, 4.81, 4.71, 4.73]
['2016-06-23', 4.74, 4.81, 4.69, 4.76]
['2016-06-24', 4.71, 4.73, 4.59, 4.64]
['2016-06-27', 4.66, 4.7, 4.23, 4.36]
['2016-06-28', 4.41, 4.54, 4.4, 4.54]
['2016-06-29', 4.46, 4.67, 4.46, 4.67]
['2016-06-30', 4.69, 4.78, 4.65, 4.75]
['2016-07-01', 4.76, 4.96, 4.74, 4.89]
['2016-07-05', 4.95, 4.97, 4.89, 4.97]
['2016-07-06', 4.97, 5.11, 4.92, 5.08]
['2016-07-07', 5.1, 5.11, 4.85, 4.94]
['2016-07-08', 5.0, 5.12, 4.99, 5.11]
['2016-07-11', 5.17, 5.2, 5.07, 5.08]
['2016-07-12', 5.11, 5.21, 5.11, 5.17]
['2016-07-13', 5.22, 5.31, 5.18, 5.26]
['2016-07-14', 5.26, 5.29, 5.18, 5.19]
['2016-07-15', 5.19, 5.35, 5.19, 5.26]
['2016-07-18', 5.3, 5.47, 5.28, 5.45]
['2016-07-19', 5.44, 5.44, 5.25, 5.26]
['2016-07-20', 5.25, 5.43, 5.25, 5.43]
['2016-07-21', 5.49, 5.49, 5.34, 5.44]
['2016-07-22', 5.47, 5.47, 5.3, 5.4]
['2016-07-25', 5.4, 5.42, 5.3, 5.37]
['2016-07-26', 5.4, 5.4, 5.27, 5.31]
['2016-07-27', 5.28, 5.34, 5.22, 5.27]
['2016-07-28', 5.24, 5.31, 5.02, 5.1]
['2016-07-29', 5.08, 5.24, 5.0, 5.1]
['2016-08-01', 5.16, 5.35, 5.08, 5.35]
['2016-08-02', 5.39, 5.49, 5.29, 5.44]
['2016-08-03', 5.44, 5.52, 5.43, 5.48]
['2016-08-04', 5.48, 5.63, 5.45, 5.54]
['2016-08-05', 5.61, 5.61, 5.37, 5.42]
['2016-08-08', 5.46, 5.49, 5.18, 5.22]
['2016-08-09', 5.28, 5.32, 5.2, 5.26]
['2016-08-10', 5.27, 5.33, 5.23, 5.25]
['2016-08-11', 5.31, 5.31, 5.23, 5.24]
['2016-08-12', 5.26, 5.29, 5.17, 5.18]
['2016-08-15', 5.17, 5.18, 4.91, 4.95]
['2016-08-16', 4.96, 5.18, 4.92, 4.97]
['2016-08-17', 4.99, 5.04, 4.95, 4.96]
['2016-08-18', 4.94, 5.0, 4.89, 4.9]
['2016-08-19', 4.97, 5.04, 4.89, 4.92]
['2016-08-22', 4.95, 4.98, 4.87, 4.89]
['2016-08-23', 4.88, 5.01, 4.81, 4.81]
['2016-08-24', 4.86, 4.91, 4.72, 4.76]
['2016-08-25', 4.72, 4.78, 4.64, 4.73]
['2016-08-26', 4.66, 4.77, 4.54, 4.63]
['2016-08-29', 4.6, 4.76, 4.55, 4.7]
['2016-08-30', 4.66, 4.74, 4.61, 4.67]
['2016-08-31', 4.7, 4.7, 4.63, 4.64]
['2016-09-01', 4.63, 4.75, 4.62, 4.63]
['2016-09-02', 4.61, 4.68, 4.57, 4.62]
['2016-09-06', 4.54, 4.63, 4.5, 4.56]
['2016-09-07', 4.52, 4.64, 4.45, 4.49]
['2016-09-08', 4.53, 4.68, 4.47, 4.63]
['2016-09-09', 4.63, 4.65, 4.49, 4.49]
['2016-09-12', 4.48, 4.5, 4.42, 4.49]
['2016-09-13', 4.53, 4.58, 4.4, 4.53]
['2016-09-14', 4.53, 4.57, 4.43, 4.54]
['2016-09-15', 4.5, 4.57, 4.39, 4.4]
['2016-09-16', 4.39, 4.53, 4.39, 4.46]
['2016-09-19', 4.45, 4.5, 4.39, 4.42]
['2016-09-20', 4.42, 4.54, 4.42, 4.44]
['2016-09-21', 4.45, 4.7, 4.44, 4.64]
['2016-09-22', 4.68, 4.71, 4.56, 4.57]
['2016-09-23', 4.6, 4.72, 4.6, 4.68]
['2016-09-26', 4.72, 4.73, 4.64, 4.7]
['2016-09-27', 4.72, 4.73, 4.61, 4.62]
['2016-09-28', 4.59, 4.72, 4.56, 4.6]
['2016-09-29', 4.64, 4.68, 4.46, 4.5]
['2016-09-30', 4.48, 4.62, 4.48, 4.5]
['2016-10-03', 4.51, 4.61, 4.51, 4.61]
['2016-10-04', 4.61, 4.62, 4.53, 4.59]
['2016-10-05', 4.58, 4.71, 4.54, 4.68]
['2016-10-06', 4.68, 4.8, 4.59, 4.67]
['2016-10-07', 4.67, 4.77, 4.67, 4.73]
['2016-10-10', 4.79, 4.79, 4.64, 4.69]
['2016-10-11', 4.67, 4.72, 4.52, 4.53]
['2016-10-12', 4.53, 4.66, 4.53, 4.62]
['2016-10-13', 4.62, 4.64, 4.58, 4.59]
['2016-10-14', 4.58, 4.66, 4.58, 4.59]
['2016-10-17', 4.54, 4.61, 4.53, 4.54]
['2016-10-18', 4.56, 4.66, 4.56, 4.57]
['2016-10-19', 4.69, 4.69, 4.6, 4.6]
['2016-10-20', 4.6, 4.6, 4.54, 4.59]
['2016-10-21', 4.54, 4.65, 4.54, 4.6]
['2016-10-24', 4.6, 4.67, 4.54, 4.54]
['2016-10-25', 4.54, 4.61, 4.45, 4.49]
['2016-10-26', 4.44, 4.52, 4.39, 4.44]
['2016-10-27', 4.44, 4.53, 4.41, 4.42]
['2016-10-28', 4.39, 4.46, 4.39, 4.4]
['2016-10-31', 4.4, 4.62, 4.36, 4.57]
['2016-11-01', 4.59, 4.59, 4.42, 4.42]
['2016-11-02', 4.44, 4.46, 4.35, 4.35]
['2016-11-03', 4.35, 4.39, 4.32, 4.33]
['2016-11-04', 4.33, 4.38, 4.29, 4.29]
['2016-11-07', 4.29, 4.39, 4.21, 4.34]
['2016-11-08', 4.39, 4.46, 4.35, 4.38]
['2016-11-09', 4.34, 4.43, 4.3, 4.38]
['2016-11-10', 4.38, 4.57, 4.35, 4.53]
['2016-11-11', 4.53, 4.69, 4.43, 4.68]
['2016-11-14', 4.71, 4.71, 4.54, 4.56]
['2016-11-15', 4.54, 4.66, 4.54, 4.63]
['2016-11-16', 4.67, 4.72, 4.64, 4.67]
['2016-11-17', 4.68, 4.74, 4.64, 4.74]
['2016-11-18', 4.75, 4.82, 4.71, 4.76]
['2016-11-21', 4.75, 4.83, 4.72, 4.78]
['2016-11-22', 4.79, 4.84, 4.74, 4.78]
['2016-11-23', 4.75, 4.82, 4.72, 4.79]
['2016-11-25', 4.84, 4.94, 4.8, 4.91]
['2016-11-28', 4.93, 5.01, 4.83, 4.9]
['2016-11-29', 4.9, 4.9, 4.76, 4.85]
['2016-11-30', 4.77, 4.84, 4.59, 4.61]
['2016-12-01', 4.65, 4.74, 4.6, 4.72]
['2016-12-02', 4.72, 4.77, 4.63, 4.65]
['2016-12-05', 4.74, 4.77, 4.64, 4.68]
['2016-12-06', 4.7, 4.82, 4.7, 4.73]
['2016-12-07', 4.72, 4.72, 4.64, 4.66]
['2016-12-08', 4.64, 4.69, 4.63, 4.66]
['2016-12-09', 4.67, 4.72, 4.65, 4.69]
['2016-12-12', 4.76, 4.79, 4.59, 4.6]
['2016-12-13', 4.59, 4.74, 4.59, 4.7]
['2016-12-14', 4.7, 4.72, 4.64, 4.66]
['2016-12-15', 4.64, 4.72, 4.64, 4.64]
['2016-12-16', 4.63, 4.65, 4.55, 4.57]
['2016-12-19', 4.57, 4.64, 4.51, 4.54]
['2016-12-20', 4.5, 4.58, 4.5, 4.54]
['2016-12-21', 4.54, 4.62, 4.51, 4.59]
['2016-12-22', 4.63, 4.63, 4.48, 4.51]
['2016-12-23', 4.53, 4.69, 4.5, 4.68]
['2016-12-27', 4.69, 4.74, 4.68, 4.72]
['2016-12-28', 4.7, 4.75, 4.67, 4.75]
['2016-12-29', 4.71, 4.75, 4.63, 4.7]
['2016-12-30', 4.65, 4.83, 4.64, 4.8]
['2017-01-03', 4.85, 4.88, 4.77, 4.88]
['2017-01-04', 4.88, 5.05, 4.84, 5.05]
['2017-01-05', 5.03, 5.2, 4.98, 5.19]
['2017-01-06', 5.13, 5.19, 5.06, 5.14]
['2017-01-09', 5.17, 5.24, 5.05, 5.1]
['2017-01-10', 5.13, 5.2, 5.02, 5.06]
['2017-01-11', 5.06, 5.09, 5.03, 5.07]
['2017-01-12', 5.07, 5.17, 5.07, 5.17]
['2017-01-13', 5.16, 5.25, 5.1, 5.12]
['2017-01-17', 5.07, 5.18, 5.07, 5.09]
['2017-01-18', 5.1, 5.15, 5.03, 5.06]
['2017-01-19', 5.09, 5.09, 4.91, 4.93]
['2017-01-20', 4.92, 5.04, 4.9, 5.01]
['2017-01-23', 5.05, 5.09, 4.96, 4.98]
['2017-01-24', 4.97, 5.03, 4.93, 5.01]
['2017-01-25', 5.05, 5.07, 4.97, 5.02]
['2017-01-26', 5.02, 5.05, 4.99, 5.02]
['2017-01-27', 5.03, 5.03, 4.96, 4.99]
['2017-01-30', 4.95, 5.03, 4.94, 5.0]
['2017-01-31', 5.0, 5.05, 4.96, 4.97]
['2017-02-01', 5.0, 5.2, 4.98, 5.14]
['2017-02-02', 5.15, 5.15, 5.01, 5.03]
['2017-02-03', 5.09, 5.21, 5.05, 5.12]
['2017-02-06', 5.14, 5.22, 5.1, 5.11]
['2017-02-07', 5.11, 5.2, 4.99, 5.02]
['2017-02-08', 5.01, 5.05, 4.99, 5.03]
['2017-02-09', 5.06, 5.11, 4.97, 5.01]
['2017-02-10', 5.05, 5.05, 4.96, 5.02]
['2017-02-13', 5.05, 5.1, 4.99, 5.01]
['2017-02-14', 5.02, 5.13, 4.99, 5.04]
['2017-02-15', 5.06, 5.11, 5.01, 5.05]
['2017-02-16', 5.06, 5.15, 4.97, 5.13]
['2017-02-17', 5.12, 5.24, 5.03, 5.2]
['2017-02-21', 5.2, 5.31, 5.09, 5.23]
['2017-02-22', 5.25, 5.25, 5.11, 5.12]
['2017-02-23', 5.12, 5.22, 5.1, 5.11]
['2017-02-24', 5.12, 5.14, 5.05, 5.08]
['2017-02-27', 5.08, 5.11, 5.05, 5.06]
['2017-02-28', 5.05, 5.12, 5.04, 5.06]
['2017-03-01', 5.15, 5.35, 5.06, 5.26]
['2017-03-02', 5.33, 5.33, 5.06, 5.18]
['2017-03-03', 5.17, 5.21, 5.1, 5.17]
['2017-03-06', 5.15, 5.29, 5.15, 5.19]
['2017-03-07', 5.19, 5.24, 5.12, 5.13]
['2017-03-08', 5.14, 5.27, 5.13, 5.13]
['2017-03-09', 5.13, 5.18, 5.05, 5.07]
['2017-03-10', 5.13, 5.16, 5.07, 5.15]
['2017-03-13', 5.16, 5.23, 5.11, 5.14]
['2017-03-14', 5.12, 5.12, 5.05, 5.05]
['2017-03-15', 5.06, 5.21, 5.05, 5.12]
['2017-03-16', 5.11, 5.2, 5.07, 5.1]
['2017-03-17', 4.75, 4.75, 4.34, 4.42]
['2017-03-20', 4.41, 4.66, 4.35, 4.64]
['2017-03-21', 4.6, 4.64, 4.45, 4.51]
['2017-03-22', 4.51, 4.51, 4.42, 4.48]
['2017-03-23', 4.42, 4.42, 4.23, 4.23]
['2017-03-24', 4.23, 4.34, 4.22, 4.25]
['2017-03-27', 4.24, 4.29, 4.21, 4.23]
['2017-03-28', 4.21, 4.39, 4.21, 4.33]
['2017-03-29', 4.34, 4.35, 4.27, 4.31]
['2017-03-30', 4.3, 4.35, 4.25, 4.27]
['2017-03-31', 4.27, 4.3, 4.24, 4.27]
['2017-04-03', 4.26, 4.32, 4.24, 4.29]
['2017-04-04', 4.32, 4.34, 4.25, 4.3]
['2017-04-05', 4.3, 4.32, 4.24, 4.29]
['2017-04-06', 4.28, 4.32, 4.26, 4.3]
['2017-04-07', 4.29, 4.32, 4.24, 4.3]
['2017-04-10', 4.3, 4.34, 4.25, 4.33]
['2017-04-11', 4.3, 4.46, 4.3, 4.36]
['2017-04-12', 4.36, 4.38, 4.29, 4.38]
['2017-04-13', 4.34, 4.38, 4.29, 4.34]
['2017-04-17', 4.32, 4.53, 4.32, 4.44]
['2017-04-18', 4.47, 4.49, 4.36, 4.49]
['2017-04-19', 4.52, 4.52, 4.44, 4.46]
['2017-04-20', 4.45, 4.5, 4.43, 4.44]
['2017-04-21', 4.45, 4.45, 4.3, 4.34]
['2017-04-24', 4.35, 4.37, 4.28, 4.32]
['2017-04-25', 4.33, 4.36, 4.27, 4.3]
['2017-04-26', 4.31, 4.34, 4.26, 4.33]
['2017-04-27', 4.3, 4.32, 4.27, 4.28]
['2017-04-28', 4.27, 4.35, 4.2, 4.22]
['2017-05-01', 4.25, 4.36, 4.24, 4.35]
['2017-05-02', 4.32, 4.34, 4.29, 4.3]
['2017-05-03', 4.29, 4.33, 4.22, 4.23]
['2017-05-04', 4.27, 4.33, 4.25, 4.3]
['2017-05-05', 4.3, 4.34, 4.26, 4.31]
['2017-05-08', 4.29, 4.35, 4.27, 4.32]
['2017-05-09', 4.31, 4.33, 4.13, 4.18]
['2017-05-10', 4.32, 4.37, 4.2, 4.27]
['2017-05-11', 4.23, 4.32, 4.14, 4.3]
['2017-05-12', 4.31, 4.37, 4.29, 4.32]
['2017-05-15', 4.28, 4.35, 4.26, 4.3]
['2017-05-16', 4.3, 4.33, 4.26, 4.3]
['2017-05-17', 4.26, 4.29, 4.23, 4.28]
['2017-05-18', 4.28, 4.34, 4.26, 4.3]
['2017-05-19', 4.33, 4.34, 4.3, 4.32]
['2017-05-22', 4.31, 4.34, 4.27, 4.27]
['2017-05-23', 4.26, 4.32, 4.26, 4.29]
['2017-05-24', 4.29, 4.33, 4.27, 4.31]
['2017-05-25', 4.32, 4.34, 4.31, 4.34]
['2017-05-26', 4.33, 4.34, 4.29, 4.32]
['2017-05-30', 4.3, 4.36, 4.28, 4.36]
['2017-05-31', 4.35, 4.37, 4.27, 4.3]
['2017-06-01', 4.3, 4.36, 4.29, 4.33]
['2017-06-02', 4.33, 4.36, 4.31, 4.36]
['2017-06-05', 4.37, 4.38, 4.31, 4.33]
['2017-06-06', 4.31, 4.33, 4.29, 4.29]
['2017-06-07', 4.32, 4.32, 4.3, 4.3]
['2017-06-08', 4.31, 4.34, 4.29, 4.32]
['2017-06-09', 4.33, 4.34, 4.27, 4.3]
['2017-06-12', 4.28, 4.34, 4.27, 4.31]
['2017-06-13', 4.3, 4.33, 4.29, 4.29]
['2017-06-14', 4.3, 4.34, 4.28, 4.32]
['2017-06-15', 4.29, 4.33, 4.18, 4.23]
['2017-06-16', 4.29, 4.31, 4.25, 4.3]
['2017-06-19', 4.29, 4.31, 4.2, 4.26]
['2017-06-20', 4.28, 4.28, 4.14, 4.17]
['2017-06-21', 4.2, 4.2, 4.12, 4.15]
['2017-06-22', 4.14, 4.22, 4.12, 4.14]
['2017-06-23', 4.12, 4.18, 4.08, 4.14]
['2017-06-26', 4.12, 4.15, 4.08, 4.12]
['2017-06-27', 4.13, 4.23, 4.08, 4.09]
['2017-06-28', 4.09, 4.29, 4.07, 4.12]
['2017-06-29', 4.12, 4.15, 4.07, 4.1]
['2017-06-30', 4.1, 4.14, 4.07, 4.14]
['2017-07-03', 4.16, 4.23, 4.15, 4.23]
['2017-07-05', 4.23, 4.23, 4.15, 4.17]
['2017-07-06', 4.11, 4.2, 4.07, 4.14]
['2017-07-07', 4.14, 4.21, 4.07, 4.07]
['2017-07-10', 4.07, 4.18, 3.96, 3.97]
['2017-07-11', 3.96, 3.98, 3.89, 3.96]
['2017-07-12', 3.97, 4.08, 3.97, 4.0]
['2017-07-13', 3.98, 4.02, 3.88, 3.94]
['2017-07-14', 3.94, 4.05, 3.89, 4.02]
['2017-07-17', 4.02, 4.06, 3.94, 4.03]
['2017-07-18', 4.02, 4.06, 4.01, 4.02]
['2017-07-19', 4.02, 4.06, 3.92, 3.93]
['2017-07-20', 3.93, 3.98, 3.87, 3.91]
['2017-07-21', 3.86, 3.92, 3.86, 3.87]
['2017-07-24', 3.86, 3.93, 3.86, 3.89]
['2017-07-25', 3.9, 4.0, 3.9, 3.92]
['2017-07-26', 3.91, 3.93, 3.84, 3.87]
['2017-07-27', 3.86, 3.88, 3.83, 3.84]
['2017-07-28', 3.83, 3.87, 3.83, 3.87]
['2017-07-31', 3.86, 3.91, 3.8, 3.81]
['2017-08-01', 3.79, 3.82, 3.77, 3.78]
['2017-08-02', 3.77, 3.81, 3.65, 3.76]
['2017-08-03', 3.74, 3.78, 3.67, 3.7]
['2017-08-04', 3.72, 3.77, 3.69, 3.7]
['2017-08-07', 3.72, 3.77, 3.68, 3.74]
['2017-08-08', 3.71, 3.77, 3.68, 3.68]
['2017-08-09', 3.88, 4.22, 3.88, 4.22]
['2017-08-10', 4.23, 4.23, 4.05, 4.12]
['2017-08-11', 4.1, 4.27, 3.99, 4.23]
['2017-08-14', 4.23, 4.26, 4.08, 4.23]
['2017-08-15', 4.25, 4.39, 4.24, 4.33]
['2017-08-16', 4.34, 4.43, 4.28, 4.32]
['2017-08-17', 4.32, 4.44, 4.24, 4.25]
['2017-08-18', 4.23, 4.36, 4.21, 4.33]
['2017-08-21', 4.29, 4.35, 4.12, 4.21]
['2017-08-22', 4.27, 4.34, 4.24, 4.31]
['2017-08-23', 4.24, 4.39, 4.23, 4.36]
['2017-08-24', 4.35, 4.44, 4.35, 4.38]
['2017-08-25', 4.41, 4.45, 4.41, 4.44]
['2017-08-28', 4.42, 4.48, 4.27, 4.39]
['2017-08-29', 4.35, 4.44, 4.35, 4.39]
['2017-08-30', 4.41, 4.47, 4.39, 4.44]
['2017-08-31', 4.45, 4.64, 4.45, 4.58]
['2017-09-01', 4.62, 4.72, 4.61, 4.64]
['2017-09-05', 4.65, 4.72, 4.5, 4.64]
['2017-09-06', 4.66, 4.73, 4.58, 4.68]
['2017-09-07', 4.7, 4.73, 4.6, 4.63]
['2017-09-08', 4.66, 4.99, 4.66, 4.75]
['2017-09-11', 4.85, 4.92, 4.78, 4.82]
['2017-09-12', 4.79, 5.03, 4.79, 4.97]
['2017-09-13', 4.94, 4.94, 4.82, 4.85]
['2017-09-14', 4.86, 4.96, 4.85, 4.87]
['2017-09-15', 4.88, 5.19, 4.85, 5.09]
['2017-09-18', 5.14, 5.19, 5.09, 5.14]
['2017-09-19', 5.18, 5.22, 5.1, 5.12]
['2017-09-20', 5.17, 5.17, 5.0, 5.02]
['2017-09-21', 5.01, 5.06, 4.88, 5.05]
['2017-09-22', 4.72, 5.04, 4.72, 4.85]
['2017-09-25', 4.78, 4.91, 4.6, 4.76]
['2017-09-26', 4.72, 4.93, 4.72, 4.74]
['2017-09-27', 4.76, 4.83, 4.69, 4.71]
['2017-09-28', 4.68, 5.2, 4.68, 5.16]
['2017-09-29', 5.12, 5.24, 5.07, 5.16]
['2017-10-02', 5.18, 5.34, 5.15, 5.26]
['2017-10-03', 5.26, 5.33, 5.24, 5.31]
['2017-10-04', 5.31, 5.39, 5.25, 5.38]
['2017-10-05', 5.38, 5.52, 5.35, 5.5]
['2017-10-06', 5.48, 5.52, 5.39, 5.46]
['2017-10-09', 5.44, 5.51, 5.38, 5.39]
['2017-10-10', 5.25, 5.53, 5.22, 5.49]
['2017-10-11', 5.46, 5.67, 5.45, 5.67]
['2017-10-12', 5.67, 5.72, 5.53, 5.64]
['2017-10-13', 5.67, 5.7, 5.55, 5.62]
['2017-10-16', 5.58, 5.66, 5.53, 5.54]
['2017-10-17', 5.54, 5.66, 5.53, 5.58]
['2017-10-18', 5.57, 5.64, 5.57, 5.62]
['2017-10-19', 5.56, 5.65, 5.55, 5.62]
['2017-10-20', 5.64, 5.64, 5.32, 5.34]
['2017-10-23', 5.39, 5.6, 5.39, 5.53]
['2017-10-24', 5.56, 5.62, 5.42, 5.45]
['2017-10-25', 5.43, 5.54, 5.16, 5.17]
['2017-10-26', 5.16, 5.37, 5.16, 5.36]
['2017-10-27', 5.34, 5.42, 5.27, 5.39]
['2017-10-30', 5.25, 5.44, 5.25, 5.4]
['2017-10-31', 5.38, 5.43, 5.25, 5.33]
['2017-11-01', 5.33, 5.39, 5.23, 5.25]
['2017-11-02', 5.25, 5.39, 5.23, 5.27]
['2017-11-03', 5.27, 5.41, 5.25, 5.26]
['2017-11-06', 5.22, 5.39, 5.22, 5.36]
['2017-11-07', 5.39, 5.78, 5.37, 5.61]
['2017-11-08', 5.68, 5.87, 5.64, 5.82]
['2017-11-09', 5.96, 6.06, 5.71, 5.72]
['2017-11-10', 5.72, 6.27, 5.72, 6.15]
['2017-11-13', 6.2, 6.2, 5.98, 6.04]
['2017-11-14', 6.04, 6.04, 5.89, 5.99]
['2017-11-15', 5.98, 6.01, 5.89, 5.9]
['2017-11-16', 5.92, 6.16, 5.91, 6.14]
['2017-11-17', 6.1, 6.17, 5.97, 6.16]
['2017-11-20', 6.01, 6.14, 5.97, 6.1]
['2017-11-21', 6.13, 6.21, 5.97, 6.12]
['2017-11-22', 6.15, 6.35, 6.15, 6.28]
['2017-11-24', 6.29, 6.34, 6.22, 6.31]
['2017-11-27', 6.31, 6.32, 6.22, 6.28]
['2017-11-28', 6.25, 6.33, 6.2, 6.31]
['2017-11-29', 6.33, 6.33, 6.13, 6.23]
['2017-11-30', 6.2, 6.2, 6.01, 6.06]
['2017-12-01', 6.06, 6.09, 5.95, 6.0]
['2017-12-04', 6.01, 6.09, 5.99, 6.05]
['2017-12-05', 6.02, 6.03, 5.85, 5.9]
['2017-12-06', 5.88, 5.89, 5.72, 5.76]
['2017-12-07', 5.72, 6.09, 5.72, 5.99]
['2017-12-08', 6.01, 6.01, 5.86, 5.86]
['2017-12-11', 5.87, 5.94, 5.74, 5.76]
['2017-12-12', 5.74, 5.76, 5.67, 5.67]
['2017-12-13', 5.68, 5.69, 5.59, 5.6]
['2017-12-14', 5.6, 5.61, 5.49, 5.52]
['2017-12-15', 5.52, 5.6, 5.45, 5.47]
['2017-12-18', 5.47, 5.55, 5.23, 5.25]
['2017-12-19', 5.25, 5.25, 5.07, 5.09]
['2017-12-20', 5.08, 5.3, 5.08, 5.27]
['2017-12-21', 5.31, 5.53, 5.11, 5.32]
['2017-12-22', 5.31, 5.32, 5.14, 5.15]
['2017-12-26', 5.15, 5.27, 5.12, 5.2]
['2017-12-27', 5.23, 5.24, 4.93, 5.03]
['2017-12-28', 5.0, 5.25, 4.98, 5.19]
['2017-12-29', 5.2, 5.35, 5.14, 5.2]
['2018-01-02', 5.32, 5.34, 5.11, 5.32]
['2018-01-03', 5.35, 6.01, 5.25, 5.89]
['2018-01-04', 6.17, 6.56, 6.0, 6.49]
['2018-01-05', 6.5, 6.87, 6.31, 6.5]
['2018-01-08', 6.43, 6.73, 6.42, 6.69]
['2018-01-09', 6.69, 6.81, 6.58, 6.64]
['2018-01-10', 6.62, 6.7, 6.47, 6.61]
['2018-01-11', 6.66, 7.84, 6.54, 7.32]
['2018-01-12', 7.26, 7.8, 7.26, 7.55]
['2018-01-16', 7.63, 7.73, 7.39, 7.43]
['2018-01-17', 7.5, 7.59, 7.27, 7.39]
['2018-01-18', 7.43, 7.49, 7.39, 7.44]
['2018-01-19', 7.48, 7.74, 7.44, 7.53]
['2018-01-22', 7.53, 7.61, 7.2, 7.39]
['2018-01-23', 7.34, 7.35, 6.64, 6.88]
['2018-01-24', 6.83, 7.04, 6.8, 6.97]
['2018-01-25', 6.95, 7.03, 6.77, 6.82]
['2018-01-26', 6.81, 6.89, 6.51, 6.64]
['2018-01-29', 6.58, 6.68, 6.41, 6.67]
['2018-01-30', 6.61, 6.82, 6.5, 6.64]
['2018-01-31', 6.67, 6.91, 6.47, 6.5]
['2018-02-01', 6.49, 6.65, 6.41, 6.51]
['2018-02-02', 6.49, 6.63, 6.33, 6.38]
['2018-02-05', 6.29, 6.51, 6.28, 6.31]
['2018-02-06', 6.16, 6.56, 6.12, 6.52]
['2018-02-07', 6.52, 6.71, 6.4, 6.62]
['2018-02-08', 6.6, 6.62, 6.45, 6.49]
['2018-02-09', 6.53, 6.62, 6.29, 6.39]
['2018-02-12', 6.44, 6.67, 6.34, 6.52]
['2018-02-13', 6.51, 6.71, 6.46, 6.65]
['2018-02-14', 6.63, 6.71, 6.5, 6.7]
['2018-02-15', 6.71, 6.72, 6.52, 6.65]
['2018-02-16', 6.58, 6.71, 6.5, 6.5]
['2018-02-20', 6.49, 6.59, 6.3, 6.51]
['2018-02-21', 6.5, 6.66, 6.5, 6.55]
['2018-02-22', 6.55, 6.77, 6.55, 6.6]
['2018-02-23', 6.68, 7.31, 6.68, 7.27]
['2018-02-26', 7.39, 7.46, 6.88, 7.03]
['2018-02-27', 7.04, 7.15, 6.65, 7.13]
['2018-02-28', 7.34, 8.03, 7.17, 7.74]
['2018-03-01', 7.82, 8.0, 7.47, 7.62]
['2018-03-02', 7.63, 7.68, 7.44, 7.61]
['2018-03-05', 7.63, 7.82, 7.53, 7.65]
['2018-03-06', 7.95, 8.16, 7.8, 8.06]
['2018-03-07', 8.08, 8.53, 8.08, 8.32]
['2018-03-08', 8.53, 8.83, 8.4, 8.68]
['2018-03-09', 8.84, 8.96, 8.16, 8.38]
['2018-03-12', 8.57, 8.95, 8.39, 8.6]
['2018-03-13', 8.6, 8.82, 8.35, 8.76]
['2018-03-14', 8.58, 8.58, 8.12, 8.39]
['2018-03-15', 8.42, 8.44, 8.15, 8.36]
['2018-03-16', 8.37, 8.47, 8.0, 8.04]
['2018-03-19', 8.31, 8.8, 8.17, 8.36]
['2018-03-20', 8.36, 8.56, 8.15, 8.26]
['2018-03-21', 8.34, 8.77, 8.26, 8.7]
['2018-03-22', 8.7, 8.84, 8.3, 8.52]
['2018-03-23', 8.2, 8.2, 7.39, 7.54]
['2018-03-26', 7.72, 8.0, 6.76, 7.11]
['2018-03-27', 7.3, 7.46, 7.15, 7.29]
['2018-03-28', 7.24, 7.24, 6.53, 7.15]
['2018-03-29', 7.21, 7.46, 7.0, 7.19]
['2018-04-02', 7.39, 7.39, 6.78, 6.89]
['2018-04-03', 6.96, 7.28, 6.91, 7.03]
['2018-04-04', 6.94, 7.18, 6.84, 7.12]
['2018-04-05', 7.12, 7.16, 6.98, 7.01]
['2018-04-06', 6.96, 7.32, 6.95, 7.12]
['2018-04-09', 7.09, 7.28, 7.04, 7.15]
['2018-04-10', 7.19, 7.23, 7.09, 7.14]
['2018-04-11', 7.1, 7.12, 7.01, 7.02]
['2018-04-12', 7.04, 7.16, 7.04, 7.1]
['2018-04-13', 7.15, 7.18, 6.96, 7.02]
['2018-04-16', 7.04, 7.11, 6.96, 6.97]
['2018-04-17', 6.97, 7.08, 6.96, 7.01]
['2018-04-18', 6.96, 7.03, 6.71, 6.85]
['2018-04-19', 6.78, 6.9, 6.7, 6.75]
['2018-04-20', 6.75, 6.87, 6.5, 6.82]
['2018-04-23', 6.87, 6.87, 6.63, 6.71]
['2018-04-24', 6.71, 6.77, 6.5, 6.51]
['2018-04-25', 6.49, 6.59, 6.43, 6.56]
['2018-04-26', 6.57, 6.61, 6.34, 6.38]
['2018-04-27', 6.39, 6.52, 6.34, 6.46]
['2018-04-30', 6.48, 6.48, 6.39, 6.43]
['2018-05-01', 6.44, 6.47, 6.38, 6.46]
['2018-05-02', 6.41, 6.57, 6.38, 6.46]
['2018-05-03', 6.44, 6.44, 6.29, 6.39]
['2018-05-04', 6.37, 6.5, 6.36, 6.45]
['2018-05-07', 6.44, 6.58, 6.44, 6.5]
['2018-05-08', 6.5, 6.74, 6.5, 6.59]
['2018-05-09', 6.29, 6.58, 6.29, 6.4]
['2018-05-10', 6.36, 6.52, 6.31, 6.47]
['2018-05-11', 6.44, 6.62, 6.41, 6.5]
['2018-05-14', 6.52, 6.77, 6.5, 6.71]
['2018-05-15', 6.8, 6.8, 6.68, 6.72]
['2018-05-16', 6.7, 6.72, 6.44, 6.52]
['2018-05-17', 6.44, 6.74, 6.44, 6.73]
['2018-05-18', 6.73, 6.95, 6.67, 6.84]
['2018-05-21', 6.87, 6.87, 6.63, 6.7]
['2018-05-22', 6.71, 6.79, 6.63, 6.65]
['2018-05-23', 6.63, 6.73, 6.5, 6.69]
['2018-05-24', 6.65, 6.68, 6.5, 6.57]
['2018-05-25', 6.54, 6.59, 6.5, 6.55]
['2018-05-29', 6.53, 6.63, 6.43, 6.5]
['2018-05-30', 6.5, 6.5, 6.32, 6.37]
['2018-05-31', 6.35, 6.45, 6.34, 6.41]
['2018-06-01', 6.47, 6.49, 6.41, 6.45]
['2018-06-04', 6.45, 6.6, 6.45, 6.49]
['2018-06-05', 6.47, 6.54, 6.4, 6.42]
['2018-06-06', 6.42, 6.52, 6.38, 6.39]
['2018-06-07', 6.42, 6.5, 6.38, 6.42]
['2018-06-08', 6.42, 6.5, 6.4, 6.43]
['2018-06-11', 6.44, 6.53, 6.44, 6.5]
['2018-06-12', 6.5, 6.5, 6.38, 6.44]
['2018-06-13', 6.49, 6.56, 6.46, 6.52]
['2018-06-14', 6.55, 6.86, 6.46, 6.85]
['2018-06-15', 6.63, 6.83, 6.58, 6.78]
['2018-06-18', 6.7, 7.01, 6.7, 6.86]
['2018-06-19', 6.87, 7.08, 6.87, 7.08]
['2018-06-20', 7.12, 7.13, 6.78, 6.81]
['2018-06-21', 6.83, 7.05, 6.83, 6.95]
['2018-06-22', 6.95, 7.0, 6.75, 6.8]
['2018-06-25', 6.76, 6.77, 6.45, 6.55]
['2018-06-26', 6.53, 6.63, 6.45, 6.53]
['2018-06-27', 6.51, 6.65, 6.5, 6.5]
['2018-06-28', 6.51, 6.62, 6.5, 6.52]
['2018-06-29', 6.51, 6.58, 6.51, 6.54]
['2018-07-02', 6.5, 6.58, 6.5, 6.53]
['2018-07-03', 6.53, 6.55, 6.5, 6.55]
['2018-07-05', 6.55, 6.57, 6.5, 6.54]
['2018-07-06', 6.51, 6.71, 6.51, 6.67]
['2018-07-09', 6.68, 6.79, 6.64, 6.65]
['2018-07-10', 6.63, 6.7, 6.58, 6.67]
['2018-07-11', 6.68, 6.77, 6.59, 6.68]
['2018-07-12', 6.7, 6.76, 6.65, 6.67]
['2018-07-13', 6.64, 6.7, 6.63, 6.66]
['2018-07-16', 6.71, 6.74, 6.65, 6.7]
['2018-07-17', 6.66, 6.7, 6.64, 6.68]
['2018-07-18', 6.65, 6.76, 6.64, 6.71]
['2018-07-19', 6.71, 6.77, 6.65, 6.7]
['2018-07-20', 6.68, 6.71, 6.64, 6.66]
['2018-07-23', 6.66, 6.82, 6.63, 6.65]
['2018-07-24', 6.65, 6.74, 6.65, 6.66]
['2018-07-25', 6.65, 6.71, 6.53, 6.53]
['2018-07-26', 6.56, 6.68, 6.56, 6.64]
['2018-07-27', 6.65, 6.68, 6.53, 6.59]
['2018-07-30', 6.58, 6.65, 6.54, 6.59]
['2018-07-31', 6.57, 6.61, 6.56, 6.58]
['2018-08-01', 6.56, 6.65, 6.55, 6.55]
['2018-08-02', 6.53, 6.6, 6.53, 6.59]
['2018-08-03', 6.53, 6.64, 6.53, 6.61]
['2018-08-06', 6.58, 6.64, 6.56, 6.61]
['2018-08-07', 6.59, 6.63, 6.53, 6.6]
['2018-08-08', 6.63, 6.68, 6.55, 6.68]
['2018-08-09', 6.72, 6.8, 6.69, 6.76]
['2018-08-10', 6.76, 6.87, 6.72, 6.82]
['2018-08-13', 6.86, 7.03, 6.82, 6.93]
['2018-08-14', 6.91, 7.01, 6.88, 7.0]
['2018-08-15', 7.01, 7.01, 6.69, 6.74]
['2018-08-16', 6.78, 6.96, 6.78, 6.91]
['2018-08-17', 6.92, 6.95, 6.81, 6.83]
['2018-08-20', 6.88, 6.97, 6.82, 6.94]
['2018-08-21', 6.94, 6.94, 6.73, 6.77]
['2018-08-22', 6.75, 6.9, 6.75, 6.9]
['2018-08-23', 6.9, 6.9, 6.76, 6.76]
['2018-08-24', 6.76, 6.83, 6.74, 6.8]
['2018-08-27', 6.78, 7.04, 6.77, 7.01]
['2018-08-28', 7.0, 7.03, 6.88, 6.93]
['2018-08-29', 6.9, 6.96, 6.87, 6.87]
['2018-08-30', 6.87, 6.95, 6.86, 6.91]
['2018-08-31', 6.91, 6.98, 6.88, 6.93]
['2018-09-04', 6.93, 6.93, 6.82, 6.84]
['2018-09-05', 6.82, 6.84, 6.76, 6.77]
['2018-09-06', 6.77, 6.82, 6.69, 6.76]
['2018-09-07', 6.73, 6.82, 6.71, 6.74]
['2018-09-10', 6.72, 6.76, 6.63, 6.64]
['2018-09-11', 6.74, 6.74, 6.63, 6.66]
['2018-09-12', 6.68, 6.71, 6.6, 6.67]
['2018-09-13', 6.61, 6.74, 6.61, 6.61]
['2018-09-14', 6.61, 6.75, 6.61, 6.66]
['2018-09-17', 6.65, 6.72, 6.63, 6.64]
['2018-09-18', 6.65, 6.72, 6.65, 6.65]
['2018-09-19', 6.65, 6.67, 6.63, 6.67]
['2018-09-20', 6.68, 6.72, 6.49, 6.5]
['2018-09-21', 6.48, 6.59, 6.47, 6.55]
['2018-09-24', 6.55, 6.55, 6.45, 6.5]
['2018-09-25', 6.5, 6.55, 6.47, 6.51]
['2018-09-26', 6.48, 6.63, 6.48, 6.59]
['2018-09-27', 6.57, 6.64, 6.53, 6.55]
['2018-09-28', 6.53, 6.62, 6.53, 6.59]
['2018-10-01', 6.59, 6.65, 6.5, 6.57]
['2018-10-02', 6.57, 6.64, 6.47, 6.55]
['2018-10-03', 6.54, 6.58, 6.46, 6.53]
['2018-10-04', 6.52, 6.52, 6.46, 6.49]
['2018-10-05', 6.45, 6.58, 6.45, 6.45]
['2018-10-08', 6.45, 6.54, 6.44, 6.45]
['2018-10-09', 6.44, 6.54, 6.44, 6.46]
['2018-10-10', 6.48, 6.5, 6.07, 6.27]
['2018-10-11', 6.19, 6.36, 6.17, 6.31]
['2018-10-12', 6.34, 6.34, 6.21, 6.29]
['2018-10-15', 6.27, 6.28, 6.21, 6.26]
['2018-10-16', 6.29, 6.58, 6.25, 6.55]
['2018-10-17', 6.53, 6.53, 6.3, 6.32]
['2018-10-18', 6.3, 6.55, 6.3, 6.48]
['2018-10-19', 6.49, 6.75, 6.49, 6.71]
['2018-10-22', 6.72, 6.75, 6.64, 6.7]
['2018-10-23', 6.68, 6.79, 6.67, 6.74]
['2018-10-24', 6.76, 6.76, 6.56, 6.61]
['2018-10-25', 6.6, 6.73, 6.6, 6.68]
['2018-10-26', 6.68, 6.7, 6.48, 6.51]
['2018-10-29', 6.54, 6.62, 6.4, 6.45]
['2018-10-30', 6.46, 6.63, 6.42, 6.58]
['2018-10-31', 6.64, 6.91, 6.64, 6.73]
['2018-11-01', 6.72, 6.84, 6.59, 6.79]
['2018-11-02', 6.84, 6.85, 6.59, 6.59]
['2018-11-05', 6.62, 6.71, 6.62, 6.68]
['2018-11-06', 6.71, 6.79, 6.65, 6.71]
['2018-11-07', 6.75, 6.76, 6.63, 6.67]
['2018-11-08', 6.68, 6.99, 6.68, 6.89]
['2018-11-09', 6.82, 6.96, 6.74, 6.87]
['2018-11-12', 6.79, 6.8, 6.66, 6.67]
['2018-11-13', 6.71, 6.8, 6.67, 6.7]
['2018-11-14', 6.7, 6.73, 6.44, 6.57]
['2018-11-15', 6.5, 6.6, 6.48, 6.56]
['2018-11-16', 6.53, 6.57, 6.5, 6.5]
['2018-11-19', 6.53, 6.57, 6.43, 6.45]
['2018-11-20', 6.39, 6.42, 6.24, 6.26]
['2018-11-21', 6.25, 6.35, 6.25, 6.28]
['2018-11-23', 6.29, 6.38, 6.22, 6.38]
['2018-11-26', 6.37, 6.57, 6.25, 6.53]
['2018-11-27', 6.53, 6.56, 6.26, 6.33]
['2018-11-28', 6.29, 6.36, 6.29, 6.34]
['2018-11-29', 6.3, 6.43, 6.29, 6.4]
['2018-11-30', 6.36, 6.42, 6.33, 6.39]
['2018-12-03', 6.39, 6.43, 6.32, 6.34]
['2018-12-04', 6.34, 6.43, 6.29, 6.31]
['2018-12-06', 6.39, 6.46, 6.23, 6.32]
['2018-12-07', 6.32, 6.36, 6.07, 6.09]
['2018-12-10', 6.09, 6.2, 5.97, 6.02]
['2018-12-11', 5.99, 6.17, 5.99, 6.12]
['2018-12-12', 6.15, 6.27, 5.98, 6.0]
['2018-12-13', 6.0, 6.19, 5.97, 6.05]
['2018-12-14', 6.01, 6.06, 5.95, 6.04]
['2018-12-17', 5.96, 5.96, 5.6, 5.64]
['2018-12-18', 5.66, 5.77, 5.66, 5.67]
['2018-12-19', 5.67, 5.86, 5.67, 5.72]
['2018-12-20', 5.69, 5.82, 5.18, 5.22]
['2018-12-21', 5.25, 5.31, 4.99, 4.99]
['2018-12-24', 4.93, 4.99, 4.76, 4.88]
['2018-12-26', 4.88, 5.17, 4.88, 5.12]
['2018-12-27', 5.08, 5.25, 5.0, 5.05]
['2018-12-28', 5.05, 5.13, 4.91, 5.03]
['2018-12-31', 5.02, 5.08, 4.93, 4.98]
['2019-01-02', 4.94, 5.1, 4.93, 4.97]
['2019-01-03', 4.97, 5.05, 4.91, 4.96]
['2019-01-04', 5.01, 5.25, 4.91, 5.18]
['2019-01-07', 5.18, 5.51, 5.13, 5.46]
['2019-01-08', 5.51, 5.53, 5.33, 5.47]
['2019-01-09', 5.47, 5.53, 5.45, 5.53]
['2019-01-10', 5.51, 5.63, 5.5, 5.63]
['2019-01-11', 5.62, 5.62, 5.41, 5.49]
['2019-01-14', 5.41, 5.53, 5.39, 5.48]
['2019-01-15', 5.46, 5.53, 5.35, 5.52]
['2019-01-16', 5.51, 5.52, 5.44, 5.46]
['2019-01-17', 5.44, 5.51, 5.24, 5.32]
['2019-01-18', 5.28, 5.53, 5.26, 5.51]
['2019-01-22', 5.51, 5.55, 5.38, 5.46]
['2019-01-23', 5.47, 5.47, 5.36, 5.37]
['2019-01-24', 5.37, 5.53, 5.34, 5.34]
['2019-01-25', 5.39, 5.54, 5.38, 5.51]
['2019-01-28', 5.47, 5.74, 5.46, 5.74]
['2019-01-29', 5.76, 5.76, 5.38, 5.45]
['2019-01-30', 5.44, 5.47, 5.36, 5.45]
['2019-01-31', 5.46, 5.5, 5.39, 5.4]
['2019-02-01', 5.4, 5.42, 5.35, 5.38]
['2019-02-04', 5.4, 5.44, 5.34, 5.41]
['2019-02-05', 5.39, 5.52, 5.35, 5.43]
['2019-02-06', 5.44, 5.46, 5.32, 5.39]
['2019-02-07', 5.34, 5.51, 5.34, 5.44]
['2019-02-08', 5.44, 5.46, 5.34, 5.36]
['2019-02-11', 5.37, 5.41, 5.29, 5.37]
['2019-02-12', 5.39, 5.44, 5.35, 5.38]
['2019-02-13', 5.4, 5.46, 5.34, 5.41]
['2019-02-14', 5.41, 5.43, 5.31, 5.31]
['2019-02-15', 5.45, 5.49, 5.35, 5.45]
['2019-02-19', 5.46, 5.5, 5.39, 5.45]
['2019-02-20', 5.43, 5.94, 5.39, 5.82]
['2019-02-21', 5.85, 6.6, 5.85, 6.59]
['2019-02-22', 6.63, 6.75, 6.32, 6.48]
['2019-02-25', 6.46, 6.46, 5.98, 6.05]
['2019-02-26', 6.03, 6.12, 5.88, 6.05]
['2019-02-27', 6.04, 6.04, 5.88, 5.93]
['2019-02-28', 5.94, 6.17, 5.75, 5.85]
['2019-03-01', 5.87, 6.33, 5.87, 6.11]
['2019-03-04', 6.15, 6.48, 6.01, 6.44]
['2019-03-05', 6.51, 6.53, 6.23, 6.37]
['2019-03-06', 6.39, 6.41, 6.25, 6.36]
['2019-03-07', 6.37, 6.39, 6.15, 6.27]
['2019-03-08', 6.24, 6.28, 6.12, 6.13]
['2019-03-11', 6.18, 6.33, 6.06, 6.33]
['2019-03-12', 6.4, 6.41, 6.21, 6.26]
['2019-03-13', 6.34, 6.53, 6.27, 6.37]
['2019-03-14', 6.38, 6.58, 6.29, 6.37]
['2019-03-15', 6.61, 6.65, 6.27, 6.45]
['2019-03-18', 6.51, 6.71, 6.35, 6.65]
['2019-03-19', 6.67, 6.8, 6.58, 6.63]
['2019-03-20', 6.77, 7.12, 6.77, 6.98]
['2019-03-21', 7.08, 7.08, 6.75, 6.89]
['2019-03-22', 6.9, 6.95, 6.68, 6.75]
['2019-03-25', 6.92, 7.15, 6.77, 7.14]
['2019-03-26', 7.25, 7.92, 7.17, 7.69]
['2019-03-27', 7.69, 7.74, 7.3, 7.7]
['2019-03-28', 7.66, 8.0, 7.53, 7.98]
['2019-03-29', 7.86, 7.9, 7.15, 7.23]
['2019-04-01', 7.22, 7.22, 6.75, 6.75]
['2019-04-02', 6.71, 6.89, 6.62, 6.67]
['2019-04-03', 6.7, 6.81, 6.54, 6.57]
['2019-04-04', 6.56, 6.71, 6.56, 6.66]
['2019-04-05', 6.71, 6.96, 6.63, 6.86]
['2019-04-08', 6.87, 6.91, 6.42, 6.51]
['2019-04-09', 6.5, 6.71, 6.47, 6.57]
['2019-04-10', 6.49, 6.55, 6.37, 6.4]
['2019-04-11', 6.39, 6.5, 6.24, 6.25]
['2019-04-12', 6.29, 6.29, 6.01, 6.06]
['2019-04-15', 6.06, 6.09, 5.93, 5.99]
['2019-04-16', 6.01, 6.27, 6.01, 6.2]
['2019-04-17', 6.23, 6.29, 6.12, 6.22]
['2019-04-18', 6.24, 6.37, 6.23, 6.29]
['2019-04-22', 6.29, 6.32, 5.97, 6.06]
['2019-04-23', 6.06, 6.1, 5.85, 5.87]
['2019-04-24', 5.88, 5.91, 5.78, 5.85]
['2019-04-25', 5.86, 5.95, 5.73, 5.88]
['2019-04-26', 5.85, 5.92, 5.67, 5.92]
['2019-04-29', 5.96, 6.23, 5.96, 6.18]
['2019-04-30', 6.18, 6.79, 6.15, 6.77]
['2019-05-01', 6.77, 6.82, 6.45, 6.56]
['2019-05-02', 6.54, 6.58, 6.31, 6.54]
['2019-05-03', 6.55, 6.83, 6.55, 6.74]
['2019-05-06', 6.66, 6.81, 6.53, 6.78]
['2019-05-07', 6.71, 6.75, 6.5, 6.55]
['2019-05-08', 6.52, 6.55, 6.29, 6.5]
['2019-05-09', 6.35, 6.81, 6.24, 6.8]
['2019-05-10', 6.77, 6.84, 6.52, 6.77]
['2019-05-13', 6.63, 6.63, 6.24, 6.33]
['2019-05-14', 6.31, 6.41, 6.22, 6.24]
['2019-05-15', 6.21, 6.3, 6.03, 6.12]
['2019-05-16', 6.09, 6.26, 6.05, 6.19]
['2019-05-17', 6.13, 6.32, 6.13, 6.27]
['2019-05-20', 6.24, 6.24, 6.15, 6.17]
['2019-05-21', 6.17, 6.37, 6.1, 6.34]
['2019-05-22', 6.31, 6.52, 6.15, 6.45]
['2019-05-23', 6.4, 6.4, 6.05, 6.19]
['2019-05-24', 6.23, 6.34, 6.16, 6.22]
['2019-05-28', 6.25, 6.25, 6.07, 6.09]
['2019-05-29', 6.04, 6.09, 5.97, 6.06]
['2019-05-30', 6.06, 6.17, 6.05, 6.06]
['2019-05-31', 6.05, 6.1, 5.96, 6.0]
['2019-06-03', 5.97, 6.1, 5.97, 6.07]
['2019-06-04', 6.09, 6.15, 6.0, 6.07]
['2019-06-05', 6.07, 6.1, 5.99, 6.09]
['2019-06-06', 6.09, 6.09, 6.0, 6.07]
['2019-06-07', 6.06, 6.18, 6.05, 6.18]
['2019-06-10', 6.19, 6.28, 6.03, 6.04]
['2019-06-11', 6.05, 6.12, 5.99, 6.05]
['2019-06-12', 6.26, 6.37, 6.14, 6.34]
['2019-06-13', 6.29, 6.4, 6.22, 6.32]
['2019-06-14', 6.39, 6.39, 6.28, 6.33]
['2019-06-17', 6.32, 6.49, 6.32, 6.49]
['2019-06-18', 6.47, 6.59, 6.42, 6.51]
['2019-06-19', 6.5, 6.51, 6.4, 6.46]
['2019-06-20', 6.52, 6.56, 6.4, 6.51]
['2019-06-21', 6.45, 6.52, 6.4, 6.43]
['2019-06-24', 6.4, 6.48, 6.16, 6.22]
['2019-06-25', 6.17, 6.25, 6.07, 6.07]
['2019-06-26', 6.11, 6.18, 6.05, 6.07]
['2019-06-27', 6.1, 6.15, 6.04, 6.08]
['2019-06-28', 6.09, 6.17, 5.96, 6.1]
['2019-07-01', 6.18, 6.18, 6.02, 6.05]
['2019-07-02', 6.05, 6.15, 6.05, 6.11]
['2019-07-03', 6.12, 6.24, 6.12, 6.18]
['2019-07-05', 6.15, 6.24, 6.12, 6.21]
['2019-07-08', 6.24, 6.24, 6.13, 6.19]
['2019-07-09', 6.16, 6.22, 6.11, 6.18]
['2019-07-10', 6.16, 6.2, 6.1, 6.13]
['2019-07-11', 6.14, 6.23, 6.14, 6.17]
['2019-07-12', 6.16, 6.31, 6.16, 6.26]
['2019-07-15', 6.3, 6.35, 6.2, 6.27]
['2019-07-16', 6.27, 6.33, 6.22, 6.33]
['2019-07-17', 6.33, 6.33, 6.23, 6.27]
['2019-07-18', 6.28, 6.3, 6.23, 6.29]
['2019-07-19', 6.29, 6.35, 6.29, 6.35]
['2019-07-22', 6.35, 6.38, 6.25, 6.27]
['2019-07-23', 6.31, 6.39, 6.22, 6.3]
['2019-07-24', 6.32, 6.34, 6.24, 6.33]
['2019-07-25', 6.33, 6.34, 6.22, 6.31]
['2019-07-26', 6.33, 6.34, 6.22, 6.31]
['2019-07-29', 6.29, 6.33, 6.26, 6.33]
['2019-07-30', 6.32, 6.34, 6.23, 6.29]
['2019-07-31', 6.28, 6.3, 6.09, 6.16]
['2019-08-01', 6.21, 6.27, 6.09, 6.13]
['2019-08-02', 6.16, 6.16, 6.16, 6.16]
['2019-08-05', 6.16, 6.16, 6.16, 6.16]
['2019-08-06', 6.16, 6.16, 6.16, 6.16]
['2019-08-07', 5.91, 6.03, 5.88, 5.93]
['2019-08-08', 6.04, 6.16, 6.01, 6.09]
['2019-08-09', 6.1, 6.1, 5.95, 6.02]
['2019-08-12', 6.05, 6.13, 5.95, 5.99]
['2019-08-13', 5.93, 6.11, 5.93, 6.01]
['2019-08-14', 6.0, 6.04, 5.85, 5.85]
['2019-08-15', 5.79, 6.04, 5.78, 5.89]
['2019-08-16', 5.95, 6.01, 5.79, 5.91]
['2019-08-19', 6.0, 6.1, 5.98, 6.04]
['2019-08-20', 5.98, 6.13, 5.98, 6.06]
['2019-08-21', 6.13, 6.14, 6.03, 6.07]
['2019-08-22', 6.07, 6.16, 6.07, 6.11]
['2019-08-23', 6.12, 6.15, 6.01, 6.09]
['2019-08-26', 6.2, 6.28, 6.15, 6.22]
['2019-08-27', 6.23, 6.26, 6.15, 6.19]
['2019-08-28', 6.15, 6.19, 6.06, 6.11]
['2019-08-29', 6.11, 6.19, 6.07, 6.15]
['2019-08-30', 6.18, 6.2, 6.12, 6.12]
['2019-09-03', 6.15, 6.18, 6.07, 6.07]
['2019-09-04', 6.14, 6.15, 6.08, 6.12]
['2019-09-05', 6.1, 6.19, 6.1, 6.15]
['2019-09-06', 6.15, 6.15, 6.03, 6.05]
['2019-09-09', 6.09, 6.15, 6.03, 6.07]
['2019-09-10', 6.09, 6.15, 5.97, 6.08]
['2019-09-11', 6.09, 6.15, 6.02, 6.15]
['2019-09-12', 6.15, 6.15, 6.05, 6.13]
['2019-09-13', 6.14, 6.14, 6.03, 6.09]
['2019-09-16', 6.07, 6.16, 6.04, 6.07]
['2019-09-17', 6.06, 6.15, 6.03, 6.11]
['2019-09-18', 6.13, 6.15, 6.06, 6.11]
['2019-09-19', 6.11, 6.14, 6.05, 6.13]
['2019-09-20', 6.13, 6.15, 6.08, 6.1]
['2019-09-23', 6.13, 6.29, 6.11, 6.29]
['2019-09-24', 6.29, 6.37, 6.1, 6.13]
['2019-09-25', 6.14, 6.19, 6.09, 6.09]
['2019-09-26', 6.09, 6.14, 6.04, 6.08]
['2019-09-27', 6.07, 6.08, 5.92, 6.04]
['2019-09-30', 6.05, 6.05, 5.94, 5.95]
['2019-10-01', 5.99, 5.99, 5.57, 5.64]
['2019-10-02', 5.65, 5.65, 5.49, 5.52]
['2019-10-03', 5.48, 5.56, 5.47, 5.48]
['2019-10-04', 5.5, 5.62, 5.45, 5.6]
['2019-10-07', 5.82, 5.82, 5.67, 5.7]
['2019-10-08', 5.67, 5.76, 5.53, 5.73]
['2019-10-09', 5.73, 5.76, 5.62, 5.68]
['2019-10-10', 5.72, 5.79, 5.69, 5.72]
['2019-10-11', 5.74, 5.76, 5.69, 5.71]
['2019-10-14', 5.72, 5.77, 5.68, 5.69]
['2019-10-15', 5.71, 5.75, 5.67, 5.68]
['2019-10-16', 5.68, 5.75, 5.67, 5.67]
['2019-10-17', 5.69, 5.72, 5.67, 5.69]
['2019-10-18', 5.67, 5.8, 5.67, 5.78]
['2019-10-21', 6.07, 6.24, 6.07, 6.18]
['2019-10-22', 6.2, 6.24, 6.16, 6.18]
['2019-10-23', 6.2, 6.28, 6.16, 6.22]
['2019-10-24', 6.21, 6.33, 6.17, 6.27]
['2019-10-25', 6.34, 6.35, 6.29, 6.34]
['2019-10-28', 6.34, 6.44, 6.29, 6.38]
['2019-10-29', 6.38, 6.46, 6.38, 6.41]
['2019-10-30', 6.44, 6.44, 6.3, 6.44]
['2019-10-31', 6.4, 6.4, 6.3, 6.35]
['2019-11-01', 6.37, 6.4, 6.32, 6.35]
['2019-11-04', 6.39, 6.42, 6.35, 6.38]
['2019-11-05', 6.38, 6.43, 6.32, 6.36]
['2019-11-06', 6.33, 6.44, 6.3, 6.44]
['2019-11-07', 6.52, 6.6, 6.33, 6.39]
['2019-11-08', 6.39, 6.48, 6.31, 6.45]
['2019-11-11', 6.45, 6.48, 6.34, 6.4]
['2019-11-12', 6.42, 6.42, 6.34, 6.37]
['2019-11-13', 6.35, 6.38, 6.35, 6.38]
['2019-11-14', 6.35, 6.43, 6.35, 6.36]
['2019-11-15', 6.35, 6.47, 6.32, 6.41]
['2019-11-18', 6.44, 6.5, 6.38, 6.5]
['2019-11-19', 6.5, 6.5, 6.35, 6.38]
['2019-11-20', 6.36, 6.4, 6.29, 6.35]
['2019-11-21', 6.33, 6.35, 6.27, 6.31]
['2019-11-22', 6.32, 6.49, 6.26, 6.49]
['2019-11-25', 6.48, 6.55, 6.42, 6.54]
['2019-11-26', 6.55, 6.58, 6.44, 6.58]
['2019-11-27', 6.55, 6.58, 6.46, 6.53]
['2019-11-29', 6.61, 6.71, 6.58, 6.69]
['2019-12-02', 6.67, 6.67, 6.58, 6.63]
['2019-12-03', 6.64, 6.65, 6.51, 6.53]
['2019-12-04', 6.54, 6.65, 6.52, 6.62]
['2019-12-05', 6.68, 6.68, 6.57, 6.63]
['2019-12-06', 6.65, 6.67, 6.58, 6.65]
['2019-12-09', 6.64, 6.64, 6.58, 6.6]
['2019-12-10', 6.63, 6.68, 6.58, 6.61]
['2019-12-11', 6.63, 6.67, 6.51, 6.66]
['2019-12-12', 6.73, 6.73, 6.6, 6.65]
['2019-12-13', 6.65, 6.7, 6.54, 6.63]
['2019-12-16', 6.63, 6.76, 6.61, 6.64]
['2019-12-17', 6.63, 6.69, 6.63, 6.67]
['2019-12-18', 6.65, 6.7, 6.59, 6.63]
['2019-12-19', 6.62, 6.68, 6.61, 6.68]
['2019-12-20', 6.68, 6.78, 6.58, 6.76]
['2019-12-23', 6.72, 6.75, 6.54, 6.73]
['2019-12-24', 6.73, 6.74, 6.56, 6.7]
['2019-12-26', 6.73, 6.82, 6.68, 6.76]
['2019-12-27', 6.78, 6.78, 6.69, 6.72]
['2019-12-30', 6.83, 6.83, 6.54, 6.56]
['2019-12-31', 6.56, 6.63, 6.5, 6.55]
['2020-01-02', 6.56, 6.68, 6.5, 6.6]
['2020-01-03', 6.56, 6.81, 6.52, 6.7]
['2020-01-06', 6.75, 6.85, 6.75, 6.8]
['2020-01-07', 6.82, 6.82, 6.56, 6.59]
['2020-01-08', 6.6, 6.8, 6.6, 6.78]
['2020-01-09', 6.8, 6.85, 6.78, 6.84]
['2020-01-10', 6.91, 6.93, 6.84, 6.86]
['2020-01-13', 6.86, 6.93, 6.86, 6.91]
['2020-01-14', 6.82, 6.95, 6.78, 6.86]
['2020-01-15', 6.91, 6.95, 6.85, 6.9]
['2020-01-16', 6.85, 6.9, 6.78, 6.81]
['2020-01-17', 6.81, 6.86, 6.69, 6.74]
['2020-01-21', 6.77, 6.8, 6.73, 6.8]
['2020-01-22', 6.78, 6.8, 6.7, 6.76]
['2020-01-23', 6.79, 6.83, 6.75, 6.8]
['2020-01-24', 6.83, 6.84, 6.71, 6.73]
['2020-01-27', 6.72, 6.95, 6.69, 6.87]
['2020-01-28', 6.9, 6.92, 6.83, 6.88]
['2020-01-29', 6.9, 7.0, 6.89, 7.0]
['2020-01-30', 6.99, 6.99, 6.83, 6.86]
['2020-01-31', 6.89, 6.9, 6.83, 6.86]
['2020-02-03', 6.99, 6.99, 6.85, 6.87]
['2020-02-04', 6.92, 6.95, 6.89, 6.91]
['2020-02-05', 6.95, 6.95, 6.87, 6.91]
['2020-02-06', 6.94, 6.95, 6.85, 6.91]
['2020-02-07', 6.92, 6.98, 6.86, 6.96]
['2020-02-10', 6.98, 6.98, 6.02, 6.38]
['2020-02-11', 6.35, 6.54, 6.31, 6.52]
['2020-02-12', 6.47, 6.53, 6.47, 6.49]
['2020-02-13', 6.48, 6.52, 6.36, 6.5]
['2020-02-14', 6.52, 6.53, 6.45, 6.51]
['2020-02-18', 6.5, 6.62, 6.48, 6.52]
['2020-02-19', 6.51, 6.53, 6.48, 6.5]
['2020-02-20', 6.5, 6.5, 6.41, 6.46]
['2020-02-21', 6.46, 6.46, 6.33, 6.35]
['2020-02-24', 6.27, 6.34, 6.16, 6.27]
['2020-02-25', 6.25, 6.26, 6.07, 6.14]
['2020-02-26', 6.15, 6.36, 6.07, 6.31]
['2020-02-27', 6.25, 6.26, 5.84, 5.89]
['2020-02-28', 5.8, 5.89, 5.68, 5.83]
['2020-03-02', 5.91, 6.29, 5.76, 6.28]
['2020-03-03', 6.26, 6.39, 5.95, 6.08]
['2020-03-04', 6.16, 6.69, 6.16, 6.62]
['2020-03-05', 6.51, 6.68, 6.3, 6.47]
['2020-03-06', 6.33, 6.7, 6.2, 6.2]
['2020-03-09', 5.85, 6.0, 5.57, 5.67]
['2020-03-10', 5.81, 6.3, 5.81, 6.27]
['2020-03-11', 6.16, 6.25, 5.85, 6.06]
['2020-03-12', 5.79, 5.79, 5.23, 5.27]
['2020-03-13', 5.49, 5.58, 5.0, 5.0]
['2020-03-16', 4.0, 5.25, 4.0, 4.8]
['2020-03-17', 4.79, 5.14, 4.78, 4.86]
['2020-03-18', 4.73, 4.78, 3.95, 3.95]
['2020-03-19', 4.06, 4.22, 3.96, 4.0]
['2020-03-20', 4.1, 4.51, 3.6, 3.61]
['2020-03-23', 3.77, 4.1, 3.7, 3.8]
['2020-03-24', 4.1, 4.64, 4.1, 4.31]
['2020-03-25', 4.41, 5.06, 4.29, 4.44]
['2020-03-26', 4.53, 5.08, 4.53, 4.92]
['2020-03-27', 4.89, 5.79, 4.89, 5.67]
['2020-03-30', 5.65, 5.94, 5.58, 5.72]
['2020-03-31', 5.84, 6.14, 5.81, 5.86]
['2020-04-01', 5.78, 5.82, 5.53, 5.57]
['2020-04-02', 5.5, 5.7, 5.42, 5.61]
['2020-04-03', 5.6, 6.0, 5.46, 5.47]
['2020-04-06', 5.6, 5.86, 5.29, 5.31]
['2020-04-07', 5.41, 5.75, 5.41, 5.56]
['2020-04-08', 5.74, 6.07, 5.64, 5.69]
['2020-04-09', 5.89, 6.02, 5.58, 5.94]
['2020-04-13', 5.99, 6.2, 5.75, 6.01]
['2020-04-14', 6.0, 6.17, 5.93, 5.96]
['2020-04-15', 5.78, 6.24, 5.78, 6.09]
['2020-04-16', 6.01, 6.23, 5.99, 6.11]
['2020-04-17', 6.15, 6.24, 6.06, 6.12]
['2020-04-20', 6.07, 6.25, 6.07, 6.12]
['2020-04-21', 6.01, 6.28, 6.01, 6.11]
['2020-04-22', 6.19, 6.39, 6.03, 6.17]
['2020-04-23', 6.12, 6.51, 6.05, 6.41]
['2020-04-24', 6.45, 6.66, 6.45, 6.49]
['2020-04-27', 6.5, 6.68, 6.43, 6.45]
['2020-04-28', 6.6, 6.63, 6.29, 6.3]
['2020-04-29', 6.39, 6.44, 6.22, 6.29]
['2020-04-30', 6.25, 6.56, 6.23, 6.42]
['2020-05-01', 6.29, 6.47, 6.26, 6.28]
['2020-05-04', 6.26, 6.5, 6.12, 6.36]
['2020-05-05', 6.45, 6.45, 6.22, 6.25]
['2020-05-06', 6.3, 6.35, 6.16, 6.19]
['2020-05-07', 6.21, 6.37, 6.2, 6.3]
['2020-05-08', 6.28, 6.36, 6.16, 6.2]
['2020-05-11', 6.23, 6.39, 6.06, 6.38]
['2020-05-12', 6.33, 6.37, 6.2, 6.29]
['2020-05-13', 6.25, 6.28, 6.03, 6.15]
['2020-05-14', 6.15, 6.19, 5.93, 6.02]
['2020-05-15', 6.02, 6.25, 5.96, 6.05]
['2020-05-18', 6.16, 6.26, 6.1, 6.2]
['2020-05-19', 6.2, 6.23, 6.07, 6.2]
['2020-05-20', 6.18, 6.28, 6.15, 6.24]
['2020-05-21', 6.2, 6.25, 6.14, 6.17]
['2020-05-22', 6.19, 6.24, 6.12, 6.24]
['2020-05-26', 6.29, 6.3, 6.12, 6.2]
['2020-05-27', 6.21, 6.49, 6.18, 6.41]
['2020-05-28', 6.4, 6.55, 6.32, 6.45]
['2020-05-29', 6.4, 6.45, 6.2, 6.42]
