['2011-02-25', 9.35, 9.4, 9.31, 9.31]
['2011-02-28', 9.35, 9.35, 9.3, 9.3]
['2011-03-01', 9.3, 9.3, 9.19, 9.19]
['2011-03-02', 9.19, 9.27, 9.19, 9.19]
['2011-03-03', 9.25, 9.25, 9.19, 9.21]
['2011-03-04', 9.21, 9.26, 9.14, 9.14]
['2011-03-07', 9.14, 9.23, 9.14, 9.23]
['2011-03-08', 9.18, 9.26, 9.15, 9.22]
['2011-03-09', 9.19, 9.22, 9.19, 9.19]
['2011-03-10', 9.19, 9.2, 9.14, 9.15]
['2011-03-11', 9.14, 9.16, 9.07, 9.09]
['2011-03-14', 9.09, 9.09, 8.99, 9.09]
['2011-03-15', 9.03, 9.07, 8.97, 8.98]
['2011-03-16', 8.97, 8.98, 8.83, 8.83]
['2011-03-17', 8.91, 8.96, 8.83, 8.83]
['2011-03-18', 8.91, 9.02, 8.83, 8.91]
['2011-03-21', 8.97, 9.02, 8.88, 9.02]
['2011-03-22', 8.97, 9.21, 8.89, 9.16]
['2011-03-23', 9.14, 9.16, 9.02, 9.08]
['2011-03-24', 9.02, 9.19, 8.95, 9.09]
['2011-03-25', 9.14, 9.14, 8.91, 9.14]
['2011-03-28', 9.11, 9.13, 8.85, 8.87]
['2011-03-29', 8.79, 9.01, 8.79, 8.86]
['2011-03-30', 8.85, 8.94, 8.85, 8.85]
['2011-03-31', 8.83, 9.01, 8.83, 8.85]
['2011-04-01', 8.85, 9.1, 8.84, 9.1]
['2011-04-04', 9.1, 9.1, 8.92, 9.01]
['2011-04-05', 8.94, 9.03, 8.89, 9.0]
['2011-04-06', 8.98, 9.1, 8.98, 9.03]
['2011-04-07', 9.02, 9.02, 8.94, 9.01]
['2011-04-08', 9.0, 9.02, 8.84, 8.85]
['2011-04-11', 8.85, 8.96, 8.79, 8.81]
['2011-04-12', 8.79, 8.9, 8.43, 8.7]
['2011-04-13', 8.68, 8.85, 8.64, 8.68]
['2011-04-14', 8.62, 8.9, 8.6, 8.6]
['2011-04-15', 8.6, 8.8, 8.6, 8.64]
['2011-04-18', 8.59, 8.75, 8.45, 8.53]
['2011-04-19', 8.91, 8.91, 8.48, 8.51]
['2011-04-20', 8.57, 8.64, 8.48, 8.53]
['2011-04-21', 8.54, 8.59, 8.49, 8.56]
['2011-04-25', 8.55, 8.64, 8.55, 8.59]
['2011-04-26', 8.64, 8.7, 8.54, 8.56]
['2011-04-27', 8.55, 8.69, 8.52, 8.54]
['2011-04-28', 8.55, 8.87, 8.55, 8.87]
['2011-04-29', 8.89, 8.96, 8.85, 8.94]
['2011-05-02', 8.87, 8.99, 8.85, 8.85]
['2011-05-03', 8.89, 8.94, 8.85, 8.85]
['2011-05-04', 9.01, 9.01, 8.62, 8.65]
['2011-05-05', 8.65, 8.81, 8.61, 8.63]
['2011-05-06', 8.6, 8.88, 8.6, 8.75]
['2011-05-09', 8.72, 8.89, 8.71, 8.81]
['2011-05-10', 8.85, 8.85, 8.71, 8.78]
['2011-05-11', 8.74, 8.87, 8.6, 8.64]
['2011-05-12', 8.64, 8.9, 8.64, 8.74]
['2011-05-13', 8.79, 8.85, 8.69, 8.72]
['2011-05-16', 8.71, 8.75, 8.65, 8.65]
['2011-05-17', 8.65, 8.7, 8.55, 8.55]
['2011-05-18', 8.54, 8.7, 8.54, 8.67]
['2011-05-19', 8.71, 8.76, 8.66, 8.66]
['2011-05-20', 8.62, 8.66, 8.54, 8.58]
['2011-05-23', 8.57, 8.59, 8.52, 8.53]
['2011-05-24', 8.57, 8.67, 8.52, 8.54]
['2011-05-25', 8.5, 8.57, 8.5, 8.54]
['2011-05-26', 8.55, 8.63, 8.51, 8.61]
['2011-05-27', 8.64, 8.74, 8.57, 8.63]
['2011-05-31', 8.64, 8.71, 8.58, 8.65]
['2011-06-01', 8.62, 8.65, 8.5, 8.5]
['2011-06-02', 8.5, 8.63, 8.5, 8.56]
['2011-06-03', 8.54, 8.56, 8.51, 8.51]
['2011-06-06', 8.55, 8.67, 8.46, 8.46]
['2011-06-07', 8.54, 8.61, 8.5, 8.53]
['2011-06-08', 8.55, 8.6, 8.53, 8.53]
['2011-06-09', 8.58, 8.62, 8.54, 8.58]
['2011-06-10', 8.53, 8.56, 8.33, 8.35]
['2011-06-13', 8.36, 8.44, 8.33, 8.34]
['2011-06-14', 8.4, 8.46, 8.36, 8.45]
['2011-06-15', 8.43, 8.49, 8.35, 8.38]
['2011-06-16', 8.53, 8.53, 8.38, 8.42]
['2011-06-17', 8.44, 8.45, 8.27, 8.35]
['2011-06-20', 8.36, 8.42, 8.07, 8.39]
['2011-06-21', 8.44, 8.59, 8.44, 8.51]
['2011-06-22', 8.49, 8.49, 8.27, 8.28]
['2011-06-23', 8.26, 8.52, 8.18, 8.48]
['2011-06-24', 8.48, 8.9, 8.38, 8.81]
['2011-06-27', 8.76, 8.76, 8.49, 8.57]
['2011-06-28', 8.58, 8.67, 8.55, 8.57]
['2011-06-29', 8.55, 8.69, 8.55, 8.59]
['2011-06-30', 8.62, 8.62, 8.45, 8.55]
['2011-07-01', 8.51, 8.64, 8.39, 8.64]
['2011-07-05', 8.61, 8.8, 8.42, 8.74]
['2011-07-06', 8.71, 8.72, 8.58, 8.68]
['2011-07-07', 8.69, 8.75, 8.53, 8.69]
['2011-07-08', 8.64, 8.74, 8.63, 8.7]
['2011-07-11', 8.65, 8.72, 8.65, 8.68]
['2011-07-12', 8.68, 8.71, 8.63, 8.64]
['2011-07-13', 8.68, 8.68, 8.55, 8.6]
['2011-07-14', 8.61, 8.7, 8.57, 8.57]
['2011-07-15', 8.58, 8.65, 8.41, 8.46]
['2011-07-18', 8.47, 8.51, 8.41, 8.41]
['2011-07-19', 8.48, 8.65, 8.37, 8.49]
['2011-07-20', 8.51, 8.51, 8.46, 8.47]
['2011-07-21', 8.48, 8.72, 8.48, 8.68]
['2011-07-22', 8.7, 8.7, 8.59, 8.68]
['2011-07-25', 8.66, 8.66, 8.56, 8.56]
['2011-07-26', 8.54, 8.69, 8.43, 8.66]
['2011-07-27', 8.68, 8.68, 8.58, 8.64]
['2011-07-28', 8.65, 8.65, 8.58, 8.6]
['2011-07-29', 8.56, 8.64, 8.41, 8.55]
['2011-08-01', 8.61, 8.68, 8.53, 8.63]
['2011-08-02', 8.68, 8.68, 8.35, 8.35]
['2011-08-03', 8.52, 8.66, 8.39, 8.52]
['2011-08-04', 8.41, 8.48, 8.32, 8.33]
['2011-08-05', 8.34, 8.41, 8.05, 8.17]
['2011-08-08', 8.07, 8.34, 7.18, 7.48]
['2011-08-09', 7.64, 7.85, 7.27, 7.65]
['2011-08-10', 7.63, 7.81, 7.25, 7.49]
['2011-08-11', 7.51, 7.58, 7.37, 7.49]
['2011-08-12', 7.58, 7.6, 7.3, 7.44]
['2011-08-15', 7.52, 7.91, 7.49, 7.58]
['2011-08-16', 7.5, 7.81, 7.4, 7.42]
['2011-08-17', 7.55, 7.86, 7.4, 7.41]
['2011-08-18', 7.32, 7.39, 7.2, 7.2]
['2011-08-19', 7.15, 7.31, 7.0, 7.0]
['2011-08-22', 7.17, 7.17, 6.97, 7.07]
['2011-08-23', 7.12, 7.45, 7.12, 7.45]
['2011-08-24', 7.42, 7.68, 7.42, 7.64]
['2011-08-25', 7.73, 7.73, 7.42, 7.46]
['2011-08-26', 7.64, 7.64, 7.37, 7.42]
['2011-08-29', 7.5, 7.73, 7.5, 7.68]
['2011-08-30', 7.62, 7.89, 7.45, 7.78]
['2011-08-31', 7.84, 8.02, 7.59, 8.02]
['2011-09-01', 7.98, 8.1, 7.62, 7.73]
['2011-09-02', 7.69, 8.12, 7.48, 7.5]
['2011-09-06', 7.43, 7.53, 7.28, 7.36]
['2011-09-07', 7.47, 7.6, 7.23, 7.32]
['2011-09-08', 7.25, 7.4, 7.21, 7.22]
['2011-09-09', 7.18, 7.25, 7.09, 7.09]
['2011-09-12', 7.07, 7.16, 6.84, 7.01]
['2011-09-13', 7.08, 7.37, 7.08, 7.33]
['2011-09-14', 7.3, 7.38, 7.25, 7.38]
['2011-09-15', 7.4, 7.5, 7.33, 7.5]
['2011-09-16', 7.53, 7.6, 7.48, 7.5]
['2011-09-19', 7.46, 7.67, 7.46, 7.58]
['2011-09-20', 7.63, 7.72, 7.58, 7.62]
['2011-09-21', 7.59, 7.69, 7.49, 7.49]
['2011-09-22', 7.38, 7.51, 6.83, 7.08]
['2011-09-23', 7.05, 7.3, 7.05, 7.12]
['2011-09-26', 7.2, 7.26, 6.94, 7.07]
['2011-09-27', 7.2, 7.5, 7.2, 7.3]
['2011-09-28', 7.32, 7.39, 7.04, 7.05]
['2011-09-29', 7.2, 7.44, 7.06, 7.1]
['2011-09-30', 7.03, 7.23, 6.88, 6.9]
['2011-10-03', 6.91, 7.22, 6.62, 6.62]
['2011-10-04', 6.62, 7.07, 6.52, 6.95]
['2011-10-05', 6.92, 7.45, 6.92, 7.34]
['2011-10-06', 7.37, 7.55, 7.12, 7.53]
['2011-10-07', 7.51, 7.51, 7.03, 7.08]
['2011-10-10', 7.08, 7.46, 7.08, 7.45]
['2011-10-11', 7.46, 7.72, 7.4, 7.56]
['2011-10-12', 7.61, 7.73, 7.51, 7.67]
['2011-10-13', 7.67, 7.67, 7.47, 7.6]
['2011-10-14', 7.65, 7.67, 7.5, 7.67]
['2011-10-17', 7.64, 7.71, 7.4, 7.43]
['2011-10-18', 7.48, 7.74, 7.22, 7.67]
['2011-10-19', 7.74, 7.75, 7.38, 7.4]
['2011-10-20', 7.38, 7.38, 7.27, 7.3]
['2011-10-21', 7.45, 7.54, 7.33, 7.49]
['2011-10-24', 7.5, 7.74, 7.5, 7.74]
['2011-10-25', 7.69, 7.69, 7.39, 7.42]
['2011-10-26', 7.54, 7.64, 7.45, 7.5]
['2011-10-27', 7.7, 7.75, 7.52, 7.72]
['2011-10-28', 7.68, 7.71, 7.57, 7.6]
['2011-10-31', 7.49, 7.58, 7.27, 7.27]
['2011-11-01', 7.22, 7.38, 6.68, 6.88]
['2011-11-02', 8.05, 8.05, 7.24, 7.48]
['2011-11-03', 7.57, 7.77, 7.45, 7.73]
['2011-11-04', 7.63, 7.74, 7.58, 7.66]
['2011-11-07', 7.67, 7.77, 7.59, 7.72]
['2011-11-08', 7.76, 7.77, 7.73, 7.74]
['2011-11-09', 7.62, 7.62, 7.42, 7.42]
['2011-11-10', 7.56, 7.7, 7.43, 7.61]
['2011-11-11', 7.61, 7.76, 7.39, 7.75]
['2011-11-14', 7.67, 7.77, 7.51, 7.63]
['2011-11-15', 7.63, 7.72, 7.44, 7.69]
['2011-11-16', 7.62, 7.65, 7.47, 7.48]
['2011-11-17', 7.48, 7.57, 7.44, 7.45]
['2011-11-18', 7.46, 7.66, 7.46, 7.58]
['2011-11-21', 7.48, 7.91, 7.48, 7.63]
['2011-11-22', 7.73, 7.73, 7.55, 7.61]
['2011-11-23', 7.54, 7.54, 7.36, 7.37]
['2011-11-25', 7.39, 7.43, 7.22, 7.22]
['2011-11-28', 7.4, 7.69, 7.32, 7.42]
['2011-11-29', 7.36, 7.48, 7.25, 7.27]
['2011-11-30', 7.54, 7.77, 7.45, 7.69]
['2011-12-01', 7.29, 7.65, 7.29, 7.52]
['2011-12-02', 7.65, 7.81, 7.56, 7.79]
['2011-12-05', 7.81, 7.81, 7.69, 7.81]
['2011-12-06', 7.75, 8.05, 7.7, 8.03]
['2011-12-07', 8.03, 8.03, 7.9, 7.97]
['2011-12-08', 7.91, 7.91, 7.66, 7.82]
['2011-12-09', 7.79, 7.81, 7.67, 7.76]
['2011-12-12', 7.83, 7.98, 7.79, 7.9]
['2011-12-13', 7.98, 8.03, 7.64, 7.73]
['2011-12-14', 7.69, 8.0, 7.63, 7.98]
['2011-12-15', 8.1, 8.1, 7.89, 7.98]
['2011-12-16', 8.06, 8.06, 7.7, 7.83]
['2011-12-19', 7.92, 7.98, 7.61, 7.77]
['2011-12-20', 7.86, 7.91, 7.78, 7.85]
['2011-12-21', 7.81, 7.85, 7.62, 7.71]
['2011-12-22', 7.79, 7.81, 7.64, 7.68]
['2011-12-23', 7.73, 8.01, 7.62, 7.9]
['2011-12-27', 7.96, 7.96, 7.62, 7.72]
['2011-12-28', 7.61, 7.66, 7.51, 7.62]
['2011-12-29', 7.62, 7.68, 7.5, 7.63]
['2011-12-30', 7.6, 7.8, 7.52, 7.74]
['2012-01-03', 7.8, 7.8, 7.56, 7.77]
['2012-01-04', 7.7, 7.76, 7.67, 7.7]
['2012-01-05', 7.66, 7.77, 7.57, 7.74]
['2012-01-06', 7.7, 7.74, 7.64, 7.73]
['2012-01-09', 7.72, 7.9, 7.72, 7.76]
['2012-01-10', 7.86, 7.95, 7.83, 7.9]
['2012-01-11', 7.84, 7.92, 7.79, 7.85]
['2012-01-12', 7.88, 7.88, 7.79, 7.84]
['2012-01-13', 7.79, 7.86, 7.78, 7.8]
['2012-01-17', 7.8, 7.8, 7.61, 7.63]
['2012-01-18', 7.63, 7.85, 7.61, 7.85]
['2012-01-19', 7.85, 8.02, 7.81, 8.02]
['2012-01-20', 8.0, 8.16, 7.94, 8.11]
['2012-01-23', 8.08, 8.12, 7.99, 8.01]
['2012-01-24', 7.98, 8.04, 7.9, 8.02]
['2012-01-25', 8.04, 8.22, 8.04, 8.13]
['2012-01-26', 8.23, 8.4, 8.22, 8.33]
['2012-01-27', 8.35, 8.41, 8.31, 8.36]
['2012-01-30', 8.34, 8.34, 8.22, 8.25]
['2012-01-31', 8.28, 8.28, 8.05, 8.06]
['2012-02-01', 8.06, 8.35, 8.04, 8.31]
['2012-02-02', 8.37, 8.38, 8.34, 8.38]
['2012-02-03', 8.51, 8.51, 8.33, 8.38]
['2012-02-06', 8.35, 8.35, 8.23, 8.33]
['2012-02-07', 8.31, 8.38, 8.25, 8.37]
['2012-02-08', 8.37, 8.6, 8.37, 8.5]
['2012-02-09', 8.53, 8.6, 8.35, 8.36]
['2012-02-10', 8.3, 8.47, 8.3, 8.38]
['2012-02-13', 8.42, 8.46, 8.39, 8.44]
['2012-02-14', 8.49, 8.49, 8.4, 8.43]
['2012-02-15', 8.47, 8.49, 8.37, 8.38]
['2012-02-16', 8.4, 8.64, 8.19, 8.59]
['2012-02-17', 8.57, 8.64, 8.36, 8.42]
['2012-02-21', 8.43, 8.52, 8.42, 8.42]
['2012-02-22', 8.49, 8.51, 8.36, 8.38]
['2012-02-23', 8.43, 8.5, 8.41, 8.48]
['2012-02-24', 8.42, 8.55, 8.4, 8.45]
['2012-02-27', 8.44, 8.52, 8.38, 8.41]
['2012-02-28', 8.45, 8.48, 8.41, 8.47]
['2012-02-29', 8.49, 8.64, 8.41, 8.41]
['2012-03-01', 8.43, 8.67, 8.4, 8.4]
['2012-03-02', 8.44, 8.49, 8.4, 8.41]
['2012-03-05', 8.41, 8.56, 8.41, 8.43]
['2012-03-06', 8.39, 8.5, 8.27, 8.28]
['2012-03-07', 8.36, 8.36, 8.18, 8.21]
['2012-03-08', 8.24, 8.28, 8.11, 8.27]
['2012-03-09', 8.28, 8.35, 8.24, 8.3]
['2012-03-12', 8.39, 8.48, 8.36, 8.39]
['2012-03-13', 8.47, 8.47, 8.32, 8.43]
['2012-03-14', 8.42, 8.5, 8.26, 8.34]
['2012-03-15', 8.35, 8.44, 8.29, 8.39]
['2012-03-16', 8.43, 8.44, 8.26, 8.34]
['2012-03-19', 8.33, 8.55, 8.33, 8.42]
['2012-03-20', 8.33, 8.48, 8.21, 8.25]
['2012-03-21', 8.27, 8.31, 8.21, 8.22]
['2012-03-22', 8.18, 8.18, 8.06, 8.13]
['2012-03-23', 8.12, 8.26, 8.11, 8.2]
['2012-03-26', 8.24, 8.32, 8.12, 8.28]
['2012-03-27', 8.26, 8.3, 8.08, 8.11]
['2012-03-28', 8.29, 8.29, 8.11, 8.12]
['2012-03-29', 8.0, 8.15, 8.0, 8.11]
['2012-03-30', 8.13, 8.21, 8.06, 8.06]
['2012-04-02', 8.05, 8.15, 8.05, 8.14]
['2012-04-03', 8.13, 8.15, 7.94, 8.07]
['2012-04-04', 8.03, 8.12, 7.93, 7.96]
['2012-04-05', 7.97, 8.07, 7.97, 8.05]
['2012-04-09', 8.0, 8.1, 7.98, 8.03]
['2012-04-10', 8.07, 8.13, 7.98, 8.03]
['2012-04-11', 8.3, 8.3, 8.0, 8.18]
['2012-04-12', 8.16, 8.2, 8.05, 8.1]
['2012-04-13', 8.11, 8.11, 7.97, 7.97]
['2012-04-16', 7.99, 8.1, 7.9, 8.0]
['2012-04-17', 8.06, 8.06, 7.91, 7.93]
['2012-04-18', 8.02, 8.02, 7.85, 7.88]
['2012-04-19', 7.87, 7.95, 7.84, 7.88]
['2012-04-20', 8.05, 8.05, 7.97, 8.04]
['2012-04-23', 7.96, 8.03, 7.86, 8.0]
['2012-04-24', 8.04, 8.09, 7.99, 8.09]
['2012-04-25', 8.12, 8.19, 8.07, 8.19]
['2012-04-26', 8.14, 8.18, 8.12, 8.16]
['2012-04-27', 8.13, 8.15, 8.05, 8.15]
['2012-04-30', 8.11, 8.21, 8.05, 8.16]
['2012-05-01', 8.14, 8.25, 8.06, 8.16]
['2012-05-02', 8.27, 8.55, 8.1, 8.32]
['2012-05-03', 8.28, 8.34, 8.25, 8.28]
['2012-05-04', 8.32, 8.42, 8.25, 8.26]
['2012-05-07', 8.29, 8.53, 8.25, 8.53]
['2012-05-08', 8.44, 8.71, 8.42, 8.62]
['2012-05-09', 8.57, 8.7, 8.57, 8.63]
['2012-05-10', 8.59, 8.69, 8.59, 8.63]
['2012-05-11', 8.61, 8.68, 8.54, 8.65]
['2012-05-14', 8.67, 8.67, 8.53, 8.53]
['2012-05-15', 8.57, 8.66, 8.55, 8.57]
['2012-05-16', 8.63, 8.7, 8.49, 8.6]
['2012-05-17', 8.61, 8.65, 8.51, 8.57]
['2012-05-18', 8.56, 8.6, 8.4, 8.42]
['2012-05-21', 8.44, 8.49, 8.37, 8.4]
['2012-05-22', 8.39, 8.41, 8.32, 8.33]
['2012-05-23', 8.32, 8.46, 8.32, 8.42]
['2012-05-24', 8.46, 8.53, 8.36, 8.46]
['2012-05-25', 8.51, 8.52, 8.33, 8.34]
['2012-05-29', 8.42, 8.5, 8.34, 8.45]
['2012-05-30', 8.41, 8.46, 8.35, 8.35]
['2012-05-31', 8.37, 8.46, 8.3, 8.42]
['2012-06-01', 8.3, 8.38, 8.24, 8.25]
['2012-06-04', 8.33, 8.33, 8.21, 8.26]
['2012-06-05', 8.44, 8.44, 8.13, 8.26]
['2012-06-06', 8.28, 8.35, 8.24, 8.29]
['2012-06-07', 8.36, 8.68, 8.32, 8.37]
['2012-06-08', 8.37, 8.37, 8.12, 8.17]
['2012-06-11', 8.22, 8.32, 8.11, 8.16]
['2012-06-12', 8.21, 8.21, 8.15, 8.19]
['2012-06-13', 8.21, 8.29, 8.17, 8.25]
['2012-06-14', 8.24, 8.54, 8.22, 8.47]
['2012-06-15', 8.45, 8.59, 8.37, 8.49]
['2012-06-18', 8.48, 8.57, 8.38, 8.4]
['2012-06-19', 8.43, 8.69, 8.43, 8.53]
['2012-06-20', 8.54, 8.65, 8.36, 8.59]
['2012-06-21', 8.6, 8.65, 8.45, 8.49]
['2012-06-22', 8.56, 8.61, 8.51, 8.61]
['2012-06-25', 8.49, 8.57, 8.36, 8.4]
['2012-06-26', 8.41, 8.6, 8.41, 8.52]
['2012-06-27', 8.57, 8.61, 8.54, 8.61]
['2012-06-28', 8.54, 8.59, 8.42, 8.57]
['2012-06-29', 8.61, 8.61, 8.54, 8.61]
['2012-07-02', 8.63, 8.65, 8.52, 8.6]
['2012-07-03', 8.62, 8.66, 8.47, 8.61]
['2012-07-05', 8.58, 8.71, 8.58, 8.68]
['2012-07-06', 8.65, 8.68, 8.62, 8.65]
['2012-07-09', 8.68, 8.73, 8.63, 8.66]
['2012-07-10', 8.66, 8.68, 8.62, 8.67]
['2012-07-11', 8.66, 8.71, 8.61, 8.65]
['2012-07-12', 8.53, 8.68, 8.53, 8.64]
['2012-07-13', 8.65, 8.68, 8.61, 8.66]
['2012-07-16', 8.66, 8.67, 8.64, 8.64]
['2012-07-17', 8.69, 8.74, 8.69, 8.72]
['2012-07-18', 8.71, 8.73, 8.71, 8.71]
['2012-07-19', 8.7, 8.74, 8.65, 8.69]
['2012-07-20', 8.62, 8.71, 8.62, 8.67]
['2012-07-23', 8.61, 8.71, 8.61, 8.63]
['2012-07-24', 8.65, 8.71, 8.5, 8.57]
['2012-07-25', 8.63, 8.65, 8.59, 8.59]
['2012-07-26', 8.61, 8.74, 8.59, 8.74]
['2012-07-27', 8.71, 8.86, 8.68, 8.86]
['2012-07-30', 8.84, 8.84, 8.69, 8.71]
['2012-07-31', 8.68, 8.77, 8.68, 8.71]
['2012-08-01', 8.81, 8.86, 8.71, 8.73]
['2012-08-02', 8.72, 8.78, 8.67, 8.71]
['2012-08-03', 8.77, 8.94, 8.74, 8.93]
['2012-08-06', 8.84, 9.01, 8.77, 8.99]
['2012-08-07', 9.0, 9.04, 8.84, 8.88]
['2012-08-08', 8.84, 8.99, 8.84, 8.9]
['2012-08-09', 8.87, 9.0, 8.85, 8.89]
['2012-08-10', 8.88, 8.94, 8.88, 8.92]
['2012-08-13', 8.94, 9.01, 8.89, 8.92]
['2012-08-14', 8.92, 8.96, 8.89, 8.92]
['2012-08-15', 8.92, 8.96, 8.88, 8.92]
['2012-08-16', 8.92, 8.97, 8.82, 8.93]
['2012-08-17', 8.92, 8.95, 8.84, 8.92]
['2012-08-20', 8.95, 8.95, 8.9, 8.93]
['2012-08-21', 8.98, 9.01, 8.93, 8.95]
['2012-08-22', 8.97, 9.0, 8.91, 8.92]
['2012-08-23', 8.95, 8.98, 8.92, 8.96]
['2012-08-24', 8.97, 9.0, 8.94, 9.0]
['2012-08-27', 8.98, 9.03, 8.96, 8.99]
['2012-08-28', 8.97, 9.02, 8.93, 8.98]
['2012-08-29', 8.98, 9.08, 8.98, 9.0]
['2012-08-30', 9.0, 9.02, 8.96, 8.96]
['2012-08-31', 9.0, 9.15, 8.99, 9.14]
['2012-09-04', 9.16, 9.16, 9.01, 9.1]
['2012-09-05', 9.15, 9.15, 9.01, 9.08]
['2012-09-06', 9.08, 9.17, 9.07, 9.1]
['2012-09-07', 9.15, 9.28, 9.08, 9.17]
['2012-09-10', 9.15, 9.28, 9.14, 9.2]
['2012-09-11', 9.23, 9.28, 9.21, 9.26]
['2012-09-12', 9.26, 9.33, 9.21, 9.33]
['2012-09-13', 9.34, 9.47, 9.28, 9.44]
['2012-09-14', 9.48, 9.56, 9.39, 9.5]
['2012-09-17', 9.52, 9.53, 9.37, 9.47]
['2012-09-18', 9.49, 9.6, 9.38, 9.5]
['2012-09-19', 9.54, 9.58, 9.43, 9.48]
['2012-09-20', 9.4, 9.52, 9.39, 9.45]
['2012-09-21', 9.59, 9.59, 9.25, 9.4]
['2012-09-24', 9.41, 9.5, 9.38, 9.44]
['2012-09-25', 9.49, 9.49, 9.22, 9.25]
['2012-09-26', 9.25, 9.52, 9.1, 9.44]
['2012-09-27', 9.47, 9.51, 9.44, 9.48]
['2012-09-28', 9.44, 9.49, 9.29, 9.3]
['2012-10-01', 9.4, 9.48, 9.38, 9.45]
['2012-10-02', 9.48, 9.5, 9.34, 9.41]
['2012-10-03', 9.45, 9.48, 9.37, 9.44]
['2012-10-04', 9.49, 9.5, 9.44, 9.48]
['2012-10-05', 9.53, 9.53, 9.45, 9.51]
['2012-10-08', 9.52, 9.56, 9.45, 9.47]
['2012-10-09', 9.51, 9.51, 9.29, 9.33]
['2012-10-10', 9.31, 9.34, 9.22, 9.23]
['2012-10-11', 9.29, 9.31, 9.05, 9.09]
['2012-10-12', 9.07, 9.23, 9.07, 9.14]
['2012-10-15', 9.14, 9.23, 9.04, 9.07]
['2012-10-16', 9.12, 9.41, 9.04, 9.33]
['2012-10-17', 9.35, 9.35, 9.26, 9.31]
['2012-10-18', 9.31, 9.31, 9.19, 9.24]
['2012-10-19', 9.23, 9.32, 9.04, 9.14]
['2012-10-22', 9.13, 9.36, 9.13, 9.27]
['2012-10-23', 9.27, 9.28, 9.21, 9.22]
['2012-10-24', 9.31, 9.32, 9.23, 9.24]
['2012-10-25', 9.28, 9.28, 9.17, 9.23]
['2012-10-26', 9.25, 9.36, 9.21, 9.32]
['2012-10-31', 9.35, 9.36, 9.12, 9.18]
['2012-11-01', 9.18, 9.27, 9.14, 9.15]
['2012-11-02', 9.46, 9.46, 9.1, 9.12]
['2012-11-05', 9.14, 9.35, 9.09, 9.17]
['2012-11-06', 9.21, 9.57, 9.21, 9.46]
['2012-11-07', 9.36, 9.49, 9.21, 9.24]
['2012-11-08', 9.24, 9.35, 9.23, 9.23]
['2012-11-09', 9.2, 9.36, 9.18, 9.21]
['2012-11-12', 9.24, 9.41, 9.24, 9.32]
['2012-11-13', 9.31, 9.43, 9.31, 9.32]
['2012-11-14', 9.3, 9.3, 9.04, 9.04]
['2012-11-15', 9.07, 9.2, 8.92, 8.96]
['2012-11-16', 8.9, 9.03, 8.72, 8.94]
['2012-11-19', 8.99, 9.19, 8.99, 9.09]
['2012-11-20', 9.1, 9.12, 8.93, 9.07]
['2012-11-21', 9.02, 9.36, 9.02, 9.36]
['2012-11-23', 9.4, 9.4, 9.28, 9.39]
['2012-11-26', 9.47, 9.74, 9.41, 9.49]
['2012-11-27', 9.49, 9.51, 9.39, 9.5]
['2012-11-28', 9.44, 9.59, 9.44, 9.53]
['2012-11-29', 9.55, 9.66, 9.41, 9.53]
['2012-11-30', 9.57, 9.61, 9.41, 9.56]
['2012-12-03', 9.61, 9.69, 9.53, 9.59]
['2012-12-04', 9.63, 9.66, 9.53, 9.56]
['2012-12-05', 9.59, 9.68, 9.56, 9.61]
['2012-12-06', 9.64, 9.64, 9.55, 9.61]
['2012-12-07', 9.69, 9.69, 9.55, 9.58]
['2012-12-10', 9.62, 9.63, 9.56, 9.58]
['2012-12-11', 9.65, 9.65, 9.56, 9.6]
['2012-12-12', 9.64, 9.64, 9.49, 9.51]
['2012-12-13', 9.54, 9.55, 9.42, 9.45]
['2012-12-14', 9.43, 9.63, 9.43, 9.49]
['2012-12-17', 9.55, 9.7, 9.54, 9.62]
['2012-12-18', 9.62, 9.85, 9.61, 9.81]
['2012-12-19', 9.92, 10.01, 9.8, 9.98]
['2012-12-20', 10.01, 10.01, 9.68, 9.76]
['2012-12-21', 9.85, 9.95, 9.54, 9.65]
['2012-12-24', 9.62, 9.89, 9.58, 9.73]
['2012-12-26', 9.78, 9.9, 9.64, 9.82]
['2012-12-27', 9.64, 9.88, 9.64, 9.71]
['2012-12-28', 9.68, 9.76, 9.67, 9.7]
['2012-12-31', 9.68, 9.96, 9.65, 9.89]
['2013-01-02', 10.07, 10.26, 9.96, 10.07]
['2013-01-03', 10.11, 10.11, 9.88, 9.98]
['2013-01-04', 10.04, 10.16, 9.99, 10.01]
['2013-01-07', 9.95, 10.18, 9.95, 10.05]
['2013-01-08', 10.01, 10.3, 10.01, 10.27]
['2013-01-09', 10.28, 10.29, 10.14, 10.28]
['2013-01-10', 10.28, 10.33, 10.24, 10.3]
['2013-01-11', 10.38, 10.38, 10.28, 10.29]
['2013-01-14', 10.38, 10.38, 10.2, 10.25]
['2013-01-15', 9.85, 9.9, 9.82, 9.83]
['2013-01-16', 9.87, 9.93, 9.83, 9.88]
['2013-01-17', 9.92, 9.94, 9.84, 9.85]
['2013-01-18', 9.88, 9.98, 9.85, 9.93]
['2013-01-22', 9.98, 10.01, 9.81, 9.92]
['2013-01-23', 10.05, 10.05, 9.84, 9.95]
['2013-01-24', 9.89, 10.02, 9.87, 9.99]
['2013-01-25', 10.03, 10.03, 9.85, 9.91]
['2013-01-28', 9.94, 10.01, 9.88, 10.0]
['2013-01-29', 10.02, 10.1, 10.0, 10.04]
['2013-01-30', 10.02, 10.1, 9.97, 10.02]
['2013-01-31', 10.0, 10.06, 9.88, 9.94]
['2013-02-01', 10.02, 10.12, 9.89, 10.07]
['2013-02-04', 10.0, 10.05, 9.89, 9.92]
['2013-02-05', 10.1, 10.11, 9.95, 10.05]
['2013-02-06', 10.05, 10.08, 9.92, 9.99]
['2013-02-07', 9.96, 10.09, 9.89, 9.94]
['2013-02-08', 9.99, 10.07, 9.96, 10.04]
['2013-02-11', 10.11, 10.11, 9.98, 9.98]
['2013-02-12', 9.97, 10.1, 9.97, 10.03]
['2013-02-13', 10.02, 10.11, 9.92, 10.11]
['2013-02-14', 10.06, 10.14, 10.0, 10.05]
['2013-02-15', 10.12, 10.15, 10.05, 10.13]
['2013-02-19', 10.19, 10.19, 10.14, 10.17]
['2013-02-20', 10.17, 10.23, 10.11, 10.12]
['2013-02-21', 10.12, 10.12, 9.89, 9.95]
['2013-02-22', 9.97, 10.02, 9.9, 9.98]
['2013-02-25', 10.02, 10.19, 10.0, 10.02]
['2013-02-26', 10.09, 10.17, 10.02, 10.1]
['2013-02-27', 10.15, 10.19, 10.14, 10.16]
['2013-02-28', 10.15, 10.15, 9.9, 10.1]
['2013-03-01', 9.97, 10.2, 9.91, 9.97]
['2013-03-04', 9.92, 10.08, 9.92, 10.05]
['2013-03-05', 10.11, 10.24, 10.08, 10.13]
['2013-03-06', 10.13, 10.22, 10.0, 10.08]
['2013-03-07', 10.11, 10.11, 9.97, 10.08]
['2013-03-08', 10.14, 10.17, 10.0, 10.09]
['2013-03-11', 10.08, 10.14, 10.07, 10.07]
['2013-03-12', 10.08, 10.14, 10.02, 10.1]
['2013-03-13', 10.14, 10.19, 10.08, 10.1]
['2013-03-14', 10.14, 10.24, 10.06, 10.21]
['2013-03-15', 10.24, 10.44, 10.2, 10.35]
['2013-03-18', 10.23, 10.38, 10.19, 10.3]
['2013-03-19', 10.34, 10.36, 10.03, 10.21]
['2013-03-20', 10.36, 10.36, 10.13, 10.24]
['2013-03-21', 10.18, 10.24, 10.13, 10.15]
['2013-03-22', 10.2, 10.31, 10.19, 10.28]
['2013-03-25', 10.34, 10.42, 10.13, 10.41]
['2013-03-26', 10.42, 10.42, 10.15, 10.31]
['2013-03-27', 10.31, 10.37, 10.15, 10.27]
['2013-03-28', 10.3, 10.36, 10.23, 10.36]
['2013-04-01', 10.37, 10.37, 10.18, 10.28]
['2013-04-02', 10.35, 10.36, 10.25, 10.36]
['2013-04-03', 10.36, 10.36, 10.1, 10.11]
['2013-04-04', 10.12, 10.26, 10.12, 10.21]
['2013-04-05', 10.08, 10.23, 10.08, 10.18]
['2013-04-08', 10.24, 10.25, 10.13, 10.22]
['2013-04-09', 10.23, 10.23, 10.07, 10.12]
['2013-04-10', 10.17, 10.21, 10.1, 10.17]
['2013-04-11', 10.13, 10.17, 10.11, 10.14]
['2013-04-12', 10.13, 10.13, 10.05, 10.09]
['2013-04-15', 10.03, 10.09, 9.8, 9.86]
['2013-04-16', 9.97, 10.03, 9.91, 10.01]
['2013-04-17', 9.98, 10.17, 9.92, 10.03]
['2013-04-18', 10.09, 10.2, 10.02, 10.1]
['2013-04-19', 10.08, 10.21, 10.08, 10.2]
['2013-04-22', 10.22, 10.42, 10.11, 10.26]
['2013-04-23', 10.32, 10.39, 10.25, 10.31]
['2013-04-24', 10.27, 10.38, 10.26, 10.27]
['2013-04-25', 10.33, 10.34, 10.25, 10.34]
['2013-04-26', 10.37, 10.44, 10.29, 10.34]
['2013-04-29', 10.34, 10.5, 10.34, 10.4]
['2013-04-30', 10.54, 10.54, 10.36, 10.41]
['2013-05-01', 10.45, 10.45, 10.32, 10.32]
['2013-05-02', 10.39, 10.48, 10.35, 10.37]
['2013-05-03', 10.48, 10.48, 10.37, 10.4]
['2013-05-06', 10.43, 10.45, 10.35, 10.37]
['2013-05-07', 10.42, 10.46, 10.41, 10.44]
['2013-05-08', 10.45, 10.51, 10.43, 10.51]
['2013-05-09', 10.48, 10.51, 10.42, 10.42]
['2013-05-10', 10.46, 10.48, 10.39, 10.43]
['2013-05-13', 10.43, 10.45, 10.33, 10.37]
['2013-05-14', 10.42, 10.45, 10.36, 10.39]
['2013-05-15', 10.33, 10.43, 10.33, 10.38]
['2013-05-16', 10.39, 10.48, 10.39, 10.45]
['2013-05-17', 10.5, 10.54, 10.4, 10.51]
['2013-05-20', 10.5, 10.54, 10.45, 10.52]
['2013-05-21', 10.55, 10.55, 10.35, 10.46]
['2013-05-22', 10.49, 10.49, 10.44, 10.47]
['2013-05-23', 10.34, 10.53, 10.24, 10.48]
['2013-05-24', 10.46, 10.53, 10.38, 10.5]
['2013-05-28', 10.53, 10.6, 10.3, 10.52]
['2013-05-29', 10.52, 10.54, 10.33, 10.41]
['2013-05-30', 10.4, 10.47, 10.25, 10.41]
['2013-05-31', 10.36, 10.43, 10.12, 10.12]
['2013-06-03', 10.17, 10.22, 9.67, 10.05]
['2013-06-04', 10.03, 10.24, 9.99, 10.02]
['2013-06-05', 10.05, 10.08, 9.91, 9.97]
['2013-06-06', 10.07, 10.22, 9.93, 9.99]
['2013-06-07', 10.08, 10.21, 10.07, 10.14]
['2013-06-10', 10.14, 10.3, 10.14, 10.23]
['2013-06-11', 10.17, 10.32, 10.11, 10.32]
['2013-06-12', 10.36, 10.36, 9.98, 10.06]
['2013-06-13', 10.15, 10.3, 9.99, 10.23]
['2013-06-14', 10.33, 10.33, 10.15, 10.18]
['2013-06-17', 10.29, 10.42, 10.2, 10.33]
['2013-06-18', 10.32, 10.4, 10.3, 10.37]
['2013-06-19', 10.38, 10.45, 10.34, 10.39]
['2013-06-20', 10.26, 10.38, 10.03, 10.16]
['2013-06-21', 10.19, 10.28, 9.98, 10.04]
['2013-06-24', 10.03, 10.03, 9.71, 9.88]
['2013-06-25', 9.97, 10.14, 9.85, 9.92]
['2013-06-26', 9.96, 10.12, 9.87, 9.94]
['2013-06-27', 9.92, 10.03, 9.92, 10.01]
['2013-06-28', 10.02, 10.42, 10.02, 10.12]
['2013-07-01', 10.18, 10.55, 10.16, 10.36]
['2013-07-02', 10.41, 10.53, 10.24, 10.45]
['2013-07-03', 10.45, 10.5, 10.39, 10.43]
['2013-07-05', 10.55, 10.55, 10.34, 10.5]
['2013-07-08', 10.45, 10.52, 10.35, 10.46]
['2013-07-09', 10.5, 10.58, 10.41, 10.51]
['2013-07-10', 10.51, 10.57, 10.47, 10.55]
['2013-07-11', 10.59, 10.63, 10.43, 10.57]
['2013-07-12', 10.52, 10.59, 10.5, 10.54]
['2013-07-15', 10.58, 10.58, 10.46, 10.5]
['2013-07-16', 10.45, 10.59, 10.41, 10.56]
['2013-07-17', 10.58, 10.58, 10.44, 10.52]
['2013-07-18', 10.51, 10.56, 10.51, 10.53]
['2013-07-19', 10.54, 10.58, 10.49, 10.58]
['2013-07-22', 10.56, 10.61, 10.51, 10.61]
['2013-07-23', 10.64, 10.65, 10.56, 10.62]
['2013-07-24', 10.63, 10.63, 10.47, 10.53]
['2013-07-25', 10.51, 10.55, 10.48, 10.51]
['2013-07-26', 10.5, 10.54, 10.48, 10.49]
['2013-07-29', 10.52, 10.52, 10.37, 10.48]
['2013-07-30', 10.53, 10.53, 10.45, 10.47]
['2013-07-31', 10.51, 10.51, 10.42, 10.48]
['2013-08-01', 10.56, 10.56, 9.97, 10.09]
['2013-08-02', 10.11, 10.11, 9.97, 9.98]
['2013-08-05', 9.98, 10.21, 9.85, 9.91]
['2013-08-06', 9.93, 10.03, 9.89, 9.93]
['2013-08-07', 9.95, 9.95, 9.76, 9.78]
['2013-08-08', 9.88, 9.97, 9.81, 9.91]
['2013-08-09', 9.92, 9.99, 9.88, 9.91]
['2013-08-12', 9.88, 10.03, 9.76, 9.87]
['2013-08-13', 9.85, 9.98, 9.82, 9.95]
['2013-08-14', 9.92, 10.02, 9.83, 9.89]
['2013-08-15', 9.84, 9.98, 9.76, 9.81]
['2013-08-16', 9.76, 9.98, 9.76, 9.91]
['2013-08-19', 10.01, 10.01, 9.87, 9.87]
['2013-08-20', 9.91, 10.24, 9.89, 10.04]
['2013-08-21', 10.04, 10.18, 9.94, 9.97]
['2013-08-22', 10.02, 10.13, 9.94, 10.03]
['2013-08-23', 10.08, 10.14, 10.02, 10.11]
['2013-08-26', 10.13, 10.16, 10.04, 10.06]
['2013-08-27', 10.05, 10.05, 9.89, 9.91]
['2013-08-28', 9.94, 10.02, 9.89, 9.93]
['2013-08-29', 9.9, 10.13, 9.9, 10.01]
['2013-08-30', 9.98, 10.13, 9.88, 9.9]
['2013-09-03', 9.95, 10.0, 9.82, 9.85]
['2013-09-04', 9.89, 9.92, 9.8, 9.85]
['2013-09-05', 9.87, 10.1, 9.8, 9.98]
['2013-09-06', 10.04, 10.16, 9.98, 10.1]
['2013-09-09', 9.98, 10.15, 9.94, 10.15]
['2013-09-10', 10.16, 10.16, 10.09, 10.15]
['2013-09-11', 10.12, 10.24, 10.07, 10.14]
['2013-09-12', 10.16, 10.24, 10.11, 10.11]
['2013-09-13', 10.14, 10.21, 10.09, 10.18]
['2013-09-16', 10.29, 10.3, 10.06, 10.16]
['2013-09-17', 10.1, 10.22, 10.1, 10.2]
['2013-09-18', 10.2, 10.29, 10.18, 10.28]
['2013-09-19', 10.27, 10.29, 10.12, 10.19]
['2013-09-20', 10.19, 10.25, 10.1, 10.15]
['2013-09-23', 10.16, 10.27, 10.15, 10.26]
['2013-09-24', 10.24, 10.3, 10.17, 10.24]
['2013-09-25', 10.28, 10.3, 10.18, 10.22]
['2013-09-26', 10.27, 10.3, 10.05, 10.26]
['2013-09-27', 10.2, 10.3, 10.2, 10.26]
['2013-09-30', 10.23, 10.28, 10.1, 10.13]
['2013-10-01', 10.13, 10.28, 10.08, 10.21]
['2013-10-02', 10.19, 10.25, 9.86, 9.99]
['2013-10-03', 9.99, 10.08, 9.92, 9.94]
['2013-10-04', 9.93, 10.16, 9.93, 10.09]
['2013-10-07', 10.04, 10.3, 10.04, 10.24]
['2013-10-08', 10.28, 10.31, 10.16, 10.23]
['2013-10-09', 10.29, 10.37, 10.21, 10.28]
['2013-10-10', 10.36, 10.41, 10.29, 10.41]
['2013-10-11', 10.36, 10.55, 10.34, 10.55]
['2013-10-14', 10.52, 10.59, 10.22, 10.39]
['2013-10-15', 10.43, 10.51, 10.25, 10.45]
['2013-10-16', 10.47, 10.53, 10.4, 10.45]
['2013-10-17', 10.41, 10.51, 10.38, 10.45]
['2013-10-18', 10.55, 10.56, 10.47, 10.56]
['2013-10-21', 10.56, 10.56, 10.48, 10.49]
['2013-10-22', 10.55, 10.57, 10.52, 10.54]
['2013-10-23', 10.5, 10.57, 10.45, 10.53]
['2013-10-24', 10.56, 10.57, 10.54, 10.57]
['2013-10-25', 10.58, 10.7, 10.51, 10.64]
['2013-10-28', 10.61, 10.66, 10.42, 10.49]
['2013-10-29', 10.49, 10.6, 10.44, 10.5]
['2013-10-30', 10.33, 10.39, 10.19, 10.19]
['2013-10-31', 10.43, 10.44, 10.24, 10.29]
['2013-11-01', 10.33, 10.33, 10.04, 10.16]
['2013-11-04', 10.17, 10.42, 10.13, 10.2]
['2013-11-05', 10.19, 10.29, 10.12, 10.13]
['2013-11-06', 10.2, 10.33, 10.16, 10.16]
['2013-11-07', 10.22, 10.29, 10.15, 10.15]
['2013-11-08', 10.15, 10.38, 10.15, 10.29]
['2013-11-11', 10.3, 10.35, 10.24, 10.26]
['2013-11-12', 10.18, 10.38, 10.18, 10.24]
['2013-11-13', 10.18, 10.37, 10.16, 10.31]
['2013-11-14', 10.28, 10.38, 10.24, 10.34]
['2013-11-15', 10.4, 10.57, 10.27, 10.47]
['2013-11-18', 10.51, 10.51, 10.24, 10.26]
['2013-11-19', 10.29, 10.41, 10.24, 10.32]
['2013-11-20', 10.36, 10.45, 10.19, 10.43]
['2013-11-21', 10.47, 10.49, 10.34, 10.43]
['2013-11-22', 10.48, 10.49, 10.38, 10.49]
['2013-11-25', 10.43, 10.49, 10.42, 10.44]
['2013-11-26', 10.45, 10.52, 10.39, 10.43]
['2013-11-27', 10.44, 10.52, 10.28, 10.32]
['2013-11-29', 10.38, 10.39, 10.26, 10.34]
['2013-12-02', 10.29, 10.31, 10.17, 10.22]
['2013-12-03', 10.24, 10.28, 10.2, 10.25]
['2013-12-04', 10.26, 10.27, 10.17, 10.23]
['2013-12-05', 10.28, 10.3, 10.17, 10.26]
['2013-12-06', 10.34, 10.43, 10.24, 10.39]
['2013-12-09', 10.36, 10.36, 10.24, 10.28]
['2013-12-10', 10.3, 10.3, 10.23, 10.23]
['2013-12-11', 10.22, 10.41, 10.22, 10.4]
['2013-12-12', 10.37, 10.38, 10.31, 10.34]
['2013-12-13', 10.34, 10.41, 10.27, 10.36]
['2013-12-16', 10.43, 10.43, 10.37, 10.4]
['2013-12-17', 10.44, 10.5, 10.39, 10.49]
['2013-12-18', 10.53, 10.53, 10.36, 10.49]
['2013-12-19', 10.52, 10.57, 10.4, 10.41]
['2013-12-20', 10.4, 10.52, 10.4, 10.48]
['2013-12-23', 10.48, 10.57, 10.33, 10.53]
['2013-12-24', 10.51, 10.85, 10.47, 10.71]
['2013-12-26', 10.75, 10.75, 10.55, 10.6]
['2013-12-27', 10.67, 10.67, 10.4, 10.52]
['2013-12-30', 10.54, 10.55, 10.43, 10.44]
['2013-12-31', 10.5, 10.56, 10.4, 10.41]
['2014-01-02', 10.37, 10.51, 10.37, 10.45]
['2014-01-03', 10.57, 10.67, 10.5, 10.55]
['2014-01-06', 10.56, 10.56, 10.41, 10.47]
['2014-01-07', 10.47, 10.52, 10.44, 10.5]
['2014-01-08', 10.51, 10.51, 10.41, 10.47]
['2014-01-09', 10.51, 10.54, 10.44, 10.49]
['2014-01-10', 10.49, 10.51, 10.42, 10.51]
['2014-01-13', 10.52, 10.56, 10.43, 10.48]
['2014-01-14', 10.48, 10.5, 10.23, 10.41]
['2014-01-15', 10.39, 10.45, 10.31, 10.44]
['2014-01-16', 10.37, 10.53, 10.37, 10.41]
['2014-01-17', 10.43, 10.49, 10.41, 10.44]
['2014-01-21', 10.53, 10.59, 10.46, 10.49]
['2014-01-22', 10.5, 10.54, 10.46, 10.47]
['2014-01-23', 10.42, 10.52, 10.42, 10.47]
['2014-01-24', 10.44, 10.53, 10.44, 10.5]
['2014-01-27', 10.53, 10.53, 10.45, 10.46]
['2014-01-28', 10.44, 10.5, 10.4, 10.49]
['2014-01-29', 10.45, 10.53, 10.42, 10.48]
['2014-01-30', 10.5, 10.54, 10.38, 10.5]
['2014-01-31', 10.41, 10.53, 10.37, 10.39]
['2014-02-03', 10.36, 10.46, 10.21, 10.22]
['2014-02-04', 10.25, 10.36, 10.21, 10.26]
['2014-02-05', 10.21, 10.34, 10.21, 10.22]
['2014-02-06', 10.28, 10.4, 10.21, 10.28]
['2014-02-07', 10.26, 10.31, 10.23, 10.3]
['2014-02-10', 10.31, 10.39, 10.23, 10.31]
['2014-02-11', 10.27, 10.42, 10.27, 10.34]
['2014-02-12', 10.33, 10.44, 10.32, 10.36]
['2014-02-13', 10.4, 10.53, 10.38, 10.45]
['2014-02-14', 10.45, 10.45, 10.36, 10.43]
['2014-02-18', 10.47, 10.69, 10.43, 10.59]
['2014-02-19', 10.59, 10.63, 10.54, 10.58]
['2014-02-20', 10.62, 10.69, 10.6, 10.68]
['2014-02-21', 10.74, 10.82, 10.69, 10.75]
['2014-02-24', 10.76, 10.87, 10.71, 10.78]
['2014-02-25', 10.83, 10.87, 10.57, 10.62]
['2014-02-26', 10.49, 10.69, 10.39, 10.57]
['2014-02-27', 10.52, 10.52, 10.38, 10.46]
['2014-02-28', 10.39, 10.68, 10.31, 10.6]
['2014-03-03', 10.51, 10.58, 10.39, 10.53]
['2014-03-04', 10.55, 10.72, 10.39, 10.43]
['2014-03-05', 10.5, 10.64, 10.38, 10.39]
['2014-03-06', 10.41, 10.59, 10.38, 10.57]
['2014-03-07', 10.61, 10.64, 10.42, 10.43]
['2014-03-10', 10.43, 10.57, 10.34, 10.41]
['2014-03-11', 10.41, 10.41, 10.23, 10.25]
['2014-03-12', 10.27, 10.37, 10.27, 10.33]
['2014-03-13', 10.38, 10.38, 10.18, 10.18]
['2014-03-14', 10.18, 10.22, 10.02, 10.13]
['2014-03-17', 10.18, 10.18, 10.09, 10.1]
['2014-03-18', 10.11, 10.15, 10.05, 10.1]
['2014-03-19', 10.05, 10.05, 9.92, 9.97]
['2014-03-20', 9.97, 10.11, 9.95, 10.0]
['2014-03-21', 10.0, 10.19, 9.95, 10.19]
['2014-03-24', 10.19, 10.19, 10.0, 10.07]
['2014-03-25', 10.09, 10.2, 10.05, 10.16]
['2014-03-26', 10.2, 10.2, 10.05, 10.06]
['2014-03-27', 10.05, 10.1, 9.99, 10.02]
['2014-03-28', 10.0, 10.06, 9.95, 10.02]
['2014-03-31', 10.05, 10.15, 9.96, 9.97]
['2014-04-01', 10.0, 10.08, 9.91, 9.96]
['2014-04-02', 10.0, 10.05, 9.91, 9.93]
['2014-04-03', 9.97, 10.1, 9.93, 10.06]
['2014-04-04', 10.12, 10.14, 9.94, 9.95]
['2014-04-07', 9.99, 9.99, 9.85, 9.87]
['2014-04-08', 9.9, 10.35, 9.87, 10.02]
['2014-04-09', 10.08, 10.3, 10.06, 10.25]
['2014-04-10', 10.3, 10.34, 10.22, 10.28]
['2014-04-11', 10.25, 10.31, 10.07, 10.13]
['2014-04-14', 10.18, 10.21, 10.02, 10.07]
['2014-04-15', 10.09, 10.28, 9.93, 10.07]
['2014-04-16', 10.1, 10.31, 9.99, 10.03]
['2014-04-17', 10.05, 10.15, 9.99, 9.99]
['2014-04-21', 9.97, 10.05, 9.96, 9.97]
['2014-04-22', 9.97, 10.06, 9.97, 10.03]
['2014-04-23', 10.04, 10.06, 9.87, 9.9]
['2014-04-24', 9.93, 10.07, 9.9, 9.93]
['2014-04-25', 9.88, 9.96, 9.8, 9.83]
['2014-04-28', 9.89, 9.92, 9.62, 9.67]
['2014-04-29', 9.74, 9.76, 9.66, 9.67]
['2014-04-30', 9.67, 10.03, 9.67, 9.71]
['2014-05-01', 9.68, 9.71, 9.43, 9.59]
['2014-05-02', 9.64, 9.64, 9.56, 9.62]
['2014-05-05', 9.56, 9.6, 9.53, 9.58]
['2014-05-06', 9.53, 9.81, 9.53, 9.59]
['2014-05-07', 9.7, 9.9, 9.57, 9.59]
['2014-05-08', 9.64, 9.73, 9.53, 9.56]
['2014-05-09', 9.52, 9.63, 9.51, 9.61]
['2014-05-12', 9.67, 9.9, 9.61, 9.83]
['2014-05-13', 9.84, 9.84, 9.69, 9.74]
['2014-05-14', 9.71, 9.93, 9.55, 9.82]
['2014-05-15', 9.76, 9.9, 9.66, 9.75]
['2014-05-16', 9.7, 9.8, 9.6, 9.74]
['2014-05-19', 9.73, 9.89, 9.73, 9.87]
['2014-05-20', 9.86, 9.96, 9.8, 9.84]
['2014-05-21', 9.89, 9.96, 9.81, 9.87]
['2014-05-22', 9.92, 10.11, 9.83, 10.01]
['2014-05-23', 10.06, 10.27, 9.97, 10.26]
['2014-05-27', 10.33, 10.33, 10.07, 10.19]
['2014-05-28', 10.11, 10.11, 9.96, 10.05]
['2014-05-29', 10.13, 10.16, 9.91, 9.94]
['2014-05-30', 9.99, 10.01, 9.7, 9.9]
['2014-06-02', 9.87, 10.0, 9.74, 9.75]
['2014-06-03', 9.76, 9.8, 9.67, 9.78]
['2014-06-04', 9.72, 9.85, 9.72, 9.78]
['2014-06-05', 9.78, 9.84, 9.71, 9.81]
['2014-06-06', 9.81, 9.83, 9.65, 9.77]
['2014-06-09', 9.8, 9.84, 9.69, 9.82]
['2014-06-10', 9.85, 9.87, 9.75, 9.81]
['2014-06-11', 9.75, 9.89, 9.75, 9.87]
['2014-06-12', 9.84, 9.92, 9.81, 9.88]
['2014-06-13', 9.91, 9.93, 9.76, 9.81]
['2014-06-16', 9.81, 9.9, 9.8, 9.87]
['2014-06-17', 9.87, 9.94, 9.8, 9.81]
['2014-06-18', 9.8, 10.09, 9.76, 10.07]
['2014-06-19', 10.06, 10.09, 9.95, 10.05]
['2014-06-20', 10.09, 10.21, 10.01, 10.03]
['2014-06-23', 10.05, 10.05, 9.97, 10.01]
['2014-06-24', 10.03, 10.08, 9.85, 9.93]
['2014-06-25', 9.91, 9.97, 9.88, 9.96]
['2014-06-26', 9.97, 10.06, 9.92, 10.04]
['2014-06-27', 9.99, 10.15, 9.96, 10.04]
['2014-06-30', 10.03, 10.18, 9.94, 10.04]
['2014-07-01', 10.09, 10.18, 10.06, 10.13]
['2014-07-02', 10.12, 10.18, 10.09, 10.18]
['2014-07-03', 10.18, 10.18, 10.07, 10.14]
['2014-07-07', 10.12, 10.16, 10.09, 10.12]
['2014-07-08', 10.12, 10.12, 9.97, 9.98]
['2014-07-09', 9.99, 10.08, 9.99, 9.99]
['2014-07-10', 9.95, 10.03, 9.95, 10.02]
['2014-07-11', 10.01, 10.05, 9.99, 10.01]
['2014-07-14', 10.03, 10.07, 9.97, 10.03]
['2014-07-15', 10.0, 10.18, 10.0, 10.1]
['2014-07-16', 10.12, 10.15, 10.07, 10.1]
['2014-07-17', 10.09, 10.09, 10.01, 10.01]
['2014-07-18', 10.03, 10.11, 10.0, 10.0]
['2014-07-21', 10.0, 10.09, 9.87, 9.91]
['2014-07-22', 9.92, 10.04, 9.88, 9.96]
['2014-07-23', 9.95, 10.0, 9.89, 9.95]
['2014-07-24', 9.95, 10.02, 9.92, 9.98]
['2014-07-25', 9.97, 10.01, 9.97, 9.97]
['2014-07-28', 9.97, 10.0, 9.96, 9.97]
['2014-07-29', 9.95, 9.99, 9.95, 9.95]
['2014-07-30', 9.97, 9.97, 9.9, 9.91]
['2014-07-31', 9.88, 9.95, 9.77, 9.77]
['2014-08-01', 9.78, 9.86, 9.77, 9.78]
['2014-08-04', 9.77, 9.79, 9.68, 9.68]
['2014-08-05', 9.68, 9.74, 9.67, 9.73]
['2014-08-06', 9.67, 9.77, 9.67, 9.73]
['2014-08-07', 9.73, 9.79, 9.72, 9.75]
['2014-08-08', 9.73, 9.78, 9.67, 9.74]
['2014-08-11', 9.71, 9.81, 9.65, 9.68]
['2014-08-12', 9.65, 9.68, 9.53, 9.64]
['2014-08-13', 9.65, 9.68, 9.64, 9.67]
['2014-08-14', 9.66, 9.77, 9.65, 9.71]
['2014-08-15', 9.72, 9.76, 9.65, 9.67]
['2014-08-18', 9.69, 9.74, 9.56, 9.57]
['2014-08-19', 9.56, 9.62, 9.54, 9.54]
['2014-08-20', 9.54, 9.57, 9.45, 9.49]
['2014-08-21', 9.5, 9.54, 9.39, 9.52]
['2014-08-22', 9.52, 9.54, 9.44, 9.53]
['2014-08-25', 9.58, 9.58, 9.49, 9.53]
['2014-08-26', 9.56, 9.61, 9.47, 9.47]
['2014-08-27', 9.51, 9.53, 9.47, 9.47]
['2014-08-28', 9.49, 9.52, 9.45, 9.47]
['2014-08-29', 9.5, 9.66, 9.47, 9.6]
['2014-09-02', 9.56, 9.64, 9.55, 9.58]
['2014-09-03', 9.59, 9.6, 9.53, 9.53]
['2014-09-04', 9.52, 9.61, 9.52, 9.54]
['2014-09-05', 9.52, 9.58, 9.45, 9.55]
['2014-09-08', 9.58, 9.73, 9.48, 9.53]
['2014-09-09', 9.57, 9.57, 9.47, 9.5]
['2014-09-10', 9.52, 9.58, 9.49, 9.55]
['2014-09-11', 9.53, 9.65, 9.52, 9.62]
['2014-09-12', 9.65, 9.7, 9.57, 9.61]
['2014-09-15', 9.59, 9.64, 9.49, 9.49]
['2014-09-16', 9.51, 9.79, 9.47, 9.49]
['2014-09-17', 9.47, 9.55, 9.47, 9.52]
['2014-09-18', 9.53, 9.61, 9.49, 9.51]
['2014-09-19', 9.55, 9.69, 9.54, 9.54]
['2014-09-22', 9.57, 9.68, 9.48, 9.53]
['2014-09-23', 9.52, 9.59, 9.49, 9.54]
['2014-09-24', 9.54, 9.64, 9.5, 9.63]
['2014-09-25', 9.63, 9.63, 9.5, 9.56]
['2014-09-26', 9.56, 9.59, 9.5, 9.5]
['2014-09-29', 9.47, 9.55, 9.42, 9.46]
['2014-09-30', 9.48, 9.49, 9.34, 9.36]
['2014-10-01', 9.37, 9.55, 9.34, 9.45]
['2014-10-02', 9.47, 9.47, 9.4, 9.43]
['2014-10-03', 9.49, 9.51, 9.46, 9.47]
['2014-10-06', 9.45, 9.48, 9.43, 9.43]
['2014-10-07', 9.43, 9.45, 9.43, 9.45]
['2014-10-08', 9.45, 9.45, 9.4, 9.42]
['2014-10-09', 9.42, 9.44, 9.37, 9.39]
['2014-10-10', 9.39, 9.39, 9.34, 9.35]
['2014-10-13', 9.36, 9.36, 9.24, 9.25]
['2014-10-14', 9.27, 9.27, 9.13, 9.23]
['2014-10-15', 9.22, 9.23, 9.03, 9.06]
['2014-10-16', 8.97, 9.33, 8.97, 9.19]
['2014-10-17', 9.22, 9.37, 9.22, 9.33]
['2014-10-20', 9.34, 9.48, 9.29, 9.36]
['2014-10-21', 9.39, 9.47, 9.39, 9.45]
['2014-10-22', 9.44, 9.5, 9.37, 9.41]
['2014-10-23', 9.43, 9.73, 9.02, 9.18]
['2014-10-24', 9.13, 9.13, 8.98, 9.08]
['2014-10-27', 9.09, 9.09, 8.93, 8.97]
['2014-10-28', 9.01, 9.1, 8.89, 9.1]
['2014-10-29', 9.1, 9.24, 9.01, 9.2]
['2014-10-30', 9.21, 9.27, 9.17, 9.25]
['2014-10-31', 9.28, 9.37, 9.2, 9.27]
['2014-11-03', 9.25, 9.49, 9.25, 9.48]
['2014-11-04', 9.5, 9.5, 9.31, 9.43]
['2014-11-05', 9.36, 9.58, 9.36, 9.46]
['2014-11-06', 9.46, 9.54, 9.39, 9.39]
['2014-11-07', 9.47, 9.53, 9.32, 9.46]
['2014-11-10', 9.45, 9.64, 9.45, 9.61]
['2014-11-11', 9.55, 9.58, 9.49, 9.54]
['2014-11-12', 9.54, 9.58, 9.46, 9.57]
['2014-11-13', 9.37, 9.57, 9.37, 9.5]
['2014-11-14', 9.53, 9.59, 9.47, 9.59]
['2014-11-17', 9.59, 9.7, 9.41, 9.58]
['2014-11-18', 9.6, 9.78, 9.49, 9.52]
['2014-11-19', 9.52, 9.57, 9.38, 9.38]
['2014-11-20', 9.43, 9.49, 9.3, 9.44]
['2014-11-21', 9.43, 9.63, 9.34, 9.42]
['2014-11-24', 9.4, 9.54, 9.39, 9.47]
['2014-11-25', 9.48, 9.51, 9.41, 9.44]
['2014-11-26', 9.49, 9.53, 9.44, 9.47]
['2014-11-28', 9.52, 9.52, 9.22, 9.45]
['2014-12-01', 9.47, 9.47, 9.22, 9.39]
['2014-12-02', 9.46, 9.46, 9.36, 9.42]
['2014-12-03', 9.39, 9.43, 9.36, 9.36]
['2014-12-04', 9.38, 9.43, 9.3, 9.35]
['2014-12-05', 9.33, 9.6, 9.3, 9.3]
['2014-12-08', 9.33, 9.34, 9.23, 9.26]
['2014-12-09', 9.28, 9.28, 9.23, 9.26]
['2014-12-10', 9.28, 9.34, 9.22, 9.25]
['2014-12-11', 9.25, 9.33, 9.23, 9.28]
['2014-12-12', 9.17, 9.31, 9.17, 9.17]
['2014-12-15', 9.25, 9.28, 9.2, 9.27]
['2014-12-16', 9.28, 9.34, 9.26, 9.29]
['2014-12-17', 9.31, 9.31, 9.21, 9.25]
['2014-12-18', 9.32, 9.36, 9.25, 9.33]
['2014-12-19', 9.33, 9.48, 9.27, 9.48]
['2014-12-22', 9.49, 9.56, 9.43, 9.48]
['2014-12-23', 9.49, 9.55, 9.44, 9.49]
['2014-12-24', 9.45, 9.5, 9.22, 9.33]
['2014-12-26', 9.31, 9.38, 9.25, 9.26]
['2014-12-29', 9.22, 9.34, 9.22, 9.34]
['2014-12-30', 9.31, 9.39, 9.24, 9.38]
['2014-12-31', 9.46, 9.48, 9.24, 9.32]
['2015-01-02', 9.39, 9.39, 9.28, 9.3]
['2015-01-05', 9.24, 9.55, 9.24, 9.54]
['2015-01-06', 9.55, 9.57, 9.49, 9.56]
['2015-01-07', 9.55, 9.64, 9.53, 9.58]
['2015-01-08', 9.69, 9.81, 9.58, 9.61]
['2015-01-09', 9.65, 9.79, 9.63, 9.74]
['2015-01-12', 9.75, 10.13, 9.65, 10.04]
['2015-01-13', 10.09, 10.09, 9.56, 9.59]
['2015-01-14', 9.52, 9.59, 9.4, 9.52]
['2015-01-15', 9.55, 9.56, 9.39, 9.49]
['2015-01-16', 9.5, 9.61, 9.28, 9.47]
['2015-01-20', 9.55, 9.58, 9.47, 9.56]
['2015-01-21', 9.6, 9.6, 9.45, 9.57]
['2015-01-22', 9.63, 9.66, 9.58, 9.66]
['2015-01-23', 9.68, 9.68, 9.54, 9.6]
['2015-01-26', 9.54, 9.67, 9.54, 9.59]
['2015-01-27', 9.59, 9.66, 9.56, 9.56]
['2015-01-28', 9.57, 9.61, 9.54, 9.59]
['2015-01-29', 9.61, 9.63, 9.49, 9.56]
['2015-01-30', 9.61, 9.61, 9.52, 9.52]
['2015-02-02', 9.53, 9.56, 9.5, 9.51]
['2015-02-03', 9.56, 9.56, 9.48, 9.5]
['2015-02-04', 9.51, 9.62, 9.51, 9.52]
['2015-02-05', 9.57, 9.74, 9.57, 9.69]
['2015-02-06', 9.68, 10.03, 9.67, 10.03]
['2015-02-09', 10.01, 10.06, 9.72, 9.76]
['2015-02-10', 9.82, 9.83, 9.64, 9.81]
['2015-02-11', 9.84, 9.86, 9.61, 9.81]
['2015-02-12', 9.96, 9.96, 9.87, 9.94]
['2015-02-13', 10.0, 10.14, 9.87, 9.91]
['2015-02-17', 9.92, 10.02, 9.75, 9.87]
['2015-02-18', 9.83, 9.97, 9.83, 9.9]
['2015-02-19', 9.83, 9.96, 9.83, 9.91]
['2015-02-20', 9.92, 10.0, 9.89, 9.94]
['2015-02-23', 9.97, 9.97, 9.82, 9.84]
['2015-02-24', 9.85, 9.85, 9.77, 9.83]
['2015-02-25', 9.83, 9.83, 9.57, 9.78]
['2015-02-26', 9.99, 10.18, 9.96, 10.18]
['2015-02-27', 10.21, 10.27, 10.14, 10.22]
['2015-03-02', 10.27, 10.3, 10.06, 10.26]
['2015-03-03', 10.19, 10.27, 10.12, 10.2]
['2015-03-04', 10.2, 10.2, 10.05, 10.09]
['2015-03-05', 10.11, 10.11, 10.0, 10.06]
['2015-03-06', 10.08, 10.08, 9.99, 10.08]
['2015-03-09', 10.11, 10.11, 9.92, 9.99]
['2015-03-10', 9.97, 10.1, 9.96, 9.99]
['2015-03-11', 9.98, 10.03, 9.87, 9.99]
['2015-03-12', 9.99, 10.14, 9.85, 10.11]
['2015-03-13', 10.14, 10.29, 10.08, 10.18]
['2015-03-16', 10.26, 10.33, 10.18, 10.28]
['2015-03-17', 10.32, 10.57, 10.22, 10.48]
['2015-03-18', 10.33, 10.56, 10.33, 10.49]
['2015-03-19', 10.47, 10.53, 10.26, 10.29]
['2015-03-20', 10.38, 10.48, 10.25, 10.36]
['2015-03-23', 10.37, 10.53, 10.31, 10.47]
['2015-03-24', 10.48, 10.52, 10.39, 10.52]
['2015-03-25', 10.5, 10.5, 10.43, 10.49]
['2015-03-26', 10.49, 10.56, 10.47, 10.52]
['2015-03-27', 10.55, 10.55, 10.38, 10.41]
['2015-03-30', 10.5, 10.54, 10.41, 10.47]
['2015-03-31', 10.47, 10.57, 10.26, 10.26]
['2015-04-01', 10.31, 10.47, 10.29, 10.47]
['2015-04-02', 10.5, 10.63, 10.43, 10.62]
['2015-04-06', 10.61, 10.61, 10.51, 10.54]
['2015-04-07', 10.59, 10.59, 10.42, 10.53]
['2015-04-08', 10.5, 10.52, 10.44, 10.52]
['2015-04-09', 10.53, 10.62, 10.45, 10.62]
['2015-04-10', 10.63, 10.63, 10.54, 10.59]
['2015-04-13', 10.63, 10.63, 10.52, 10.54]
['2015-04-14', 10.55, 10.63, 10.46, 10.5]
['2015-04-15', 10.57, 10.57, 10.39, 10.41]
['2015-04-16', 10.48, 10.49, 10.41, 10.44]
['2015-04-17', 10.47, 10.51, 10.41, 10.5]
['2015-04-20', 10.52, 10.59, 10.51, 10.56]
['2015-04-21', 10.61, 10.61, 10.53, 10.57]
['2015-04-22', 10.61, 10.65, 10.39, 10.46]
['2015-04-23', 10.39, 10.46, 10.39, 10.46]
['2015-04-24', 10.43, 10.54, 10.36, 10.42]
['2015-04-27', 10.42, 10.42, 10.32, 10.33]
['2015-04-28', 10.43, 10.43, 10.33, 10.37]
['2015-04-29', 10.41, 10.41, 10.36, 10.37]
['2015-04-30', 10.39, 10.41, 10.32, 10.39]
['2015-05-01', 10.45, 10.45, 10.33, 10.34]
['2015-05-04', 10.39, 10.39, 10.26, 10.33]
['2015-05-05', 10.37, 10.37, 9.95, 10.2]
['2015-05-06', 10.32, 10.36, 9.89, 9.94]
['2015-05-07', 9.91, 9.93, 9.81, 9.89]
['2015-05-08', 9.92, 10.23, 9.84, 9.85]
['2015-05-11', 9.89, 10.14, 9.89, 10.11]
['2015-05-12', 10.07, 10.07, 9.89, 9.97]
['2015-05-13', 9.95, 10.05, 9.94, 10.04]
['2015-05-14', 10.07, 10.13, 9.97, 10.11]
['2015-05-15', 10.1, 10.23, 10.04, 10.15]
['2015-05-18', 10.17, 10.25, 10.1, 10.18]
['2015-05-19', 10.21, 10.44, 10.16, 10.35]
['2015-05-20', 10.42, 10.58, 10.36, 10.49]
['2015-05-21', 10.56, 10.64, 10.36, 10.64]
['2015-05-22', 10.71, 10.71, 10.63, 10.66]
['2015-05-26', 10.69, 10.69, 10.64, 10.68]
['2015-05-27', 10.69, 10.7, 10.55, 10.58]
['2015-05-28', 10.63, 10.63, 10.41, 10.51]
['2015-05-29', 10.51, 10.53, 10.42, 10.42]
['2015-06-01', 10.5, 10.52, 10.4, 10.52]
['2015-06-02', 10.58, 10.64, 10.41, 10.53]
['2015-06-03', 10.61, 10.61, 10.5, 10.56]
['2015-06-04', 10.59, 10.59, 10.43, 10.52]
['2015-06-05', 10.55, 10.55, 10.31, 10.49]
['2015-06-08', 10.56, 10.56, 10.25, 10.44]
['2015-06-09', 10.44, 10.47, 10.21, 10.36]
['2015-06-10', 10.72, 10.72, 10.52, 10.64]
['2015-06-11', 10.59, 10.67, 10.56, 10.6]
['2015-06-12', 10.61, 10.61, 10.51, 10.56]
['2015-06-15', 10.56, 10.61, 10.53, 10.59]
['2015-06-16', 10.63, 10.63, 10.5, 10.57]
['2015-06-17', 10.59, 10.72, 10.51, 10.54]
['2015-06-18', 10.6, 10.65, 10.56, 10.64]
['2015-06-19', 10.67, 10.71, 10.59, 10.59]
['2015-06-22', 10.59, 10.63, 10.56, 10.58]
['2015-06-23', 10.64, 10.67, 10.54, 10.58]
['2015-06-24', 10.54, 10.55, 10.53, 10.54]
['2015-06-25', 10.54, 10.57, 10.51, 10.51]
['2015-06-26', 10.54, 10.54, 10.4, 10.43]
['2015-06-29', 10.37, 10.42, 10.34, 10.42]
['2015-06-30', 10.39, 10.46, 10.26, 10.26]
['2015-07-01', 10.39, 10.39, 10.2, 10.27]
['2015-07-02', 10.26, 10.28, 10.13, 10.28]
['2015-07-06', 10.14, 10.23, 10.14, 10.19]
['2015-07-07', 10.22, 10.28, 10.14, 10.24]
['2015-07-08', 10.2, 10.35, 10.2, 10.23]
['2015-07-09', 10.31, 10.31, 10.13, 10.22]
['2015-07-10', 10.26, 10.27, 10.15, 10.2]
['2015-07-13', 10.22, 10.28, 10.18, 10.18]
['2015-07-14', 10.21, 10.38, 10.21, 10.34]
['2015-07-15', 10.37, 10.42, 10.26, 10.36]
['2015-07-16', 10.4, 10.49, 10.39, 10.46]
['2015-07-17', 10.48, 10.55, 10.42, 10.48]
['2015-07-20', 10.49, 10.51, 10.38, 10.39]
['2015-07-21', 10.46, 10.46, 10.25, 10.3]
['2015-07-22', 10.34, 10.34, 10.19, 10.25]
['2015-07-23', 10.25, 10.25, 10.08, 10.15]
['2015-07-24', 10.17, 10.17, 9.96, 9.97]
['2015-07-27', 9.89, 9.95, 9.43, 9.55]
['2015-07-28', 9.54, 9.64, 9.47, 9.62]
['2015-07-29', 9.66, 9.79, 9.58, 9.79]
['2015-07-30', 9.85, 9.94, 9.83, 9.85]
['2015-07-31', 9.93, 9.98, 9.86, 9.94]
['2015-08-03', 9.98, 9.98, 9.61, 9.91]
['2015-08-04', 9.94, 10.1, 9.94, 10.03]
['2015-08-05', 10.46, 10.46, 10.25, 10.31]
['2015-08-06', 10.28, 10.33, 10.18, 10.21]
['2015-08-07', 10.25, 10.25, 10.19, 10.2]
['2015-08-10', 10.26, 10.31, 10.15, 10.15]
['2015-08-11', 10.13, 10.13, 10.05, 10.07]
['2015-08-12', 10.04, 10.07, 10.01, 10.06]
['2015-08-13', 10.04, 10.1, 10.04, 10.07]
['2015-08-14', 10.05, 10.06, 10.0, 10.0]
['2015-08-17', 10.0, 10.06, 10.0, 10.06]
['2015-08-18', 10.02, 10.2, 10.0, 10.02]
['2015-08-19', 10.04, 10.05, 9.89, 9.9]
['2015-08-20', 9.83, 10.03, 9.83, 9.87]
['2015-08-21', 9.88, 9.97, 9.75, 9.84]
['2015-08-24', 9.67, 9.7, 9.26, 9.7]
['2015-08-25', 9.88, 9.88, 9.76, 9.76]
['2015-08-26', 9.77, 9.84, 9.72, 9.8]
['2015-08-27', 9.88, 10.15, 9.84, 10.02]
['2015-08-28', 10.03, 10.14, 9.83, 10.1]
['2015-08-31', 10.08, 10.19, 10.07, 10.15]
['2015-09-01', 10.0, 10.17, 9.88, 10.05]
['2015-09-02', 10.08, 10.17, 9.98, 10.09]
['2015-09-03', 10.15, 10.19, 10.02, 10.02]
['2015-09-04', 9.94, 9.96, 9.84, 9.94]
['2015-09-08', 10.01, 10.01, 9.81, 9.88]
['2015-09-09', 10.0, 10.0, 9.78, 9.82]
['2015-09-10', 9.81, 9.84, 9.79, 9.82]
['2015-09-11', 9.82, 10.07, 9.82, 10.02]
['2015-09-14', 10.02, 10.03, 9.85, 9.92]
['2015-09-15', 9.95, 9.95, 9.84, 9.86]
['2015-09-16', 9.85, 9.99, 9.81, 9.86]
['2015-09-17', 9.86, 10.01, 9.82, 9.98]
['2015-09-18', 9.91, 9.93, 9.81, 9.88]
['2015-09-21', 9.92, 10.0, 9.82, 10.0]
['2015-09-22', 9.9, 10.06, 9.9, 10.02]
['2015-09-23', 10.05, 10.1, 9.99, 10.01]
['2015-09-24', 9.97, 9.99, 9.93, 9.95]
['2015-09-25', 9.99, 10.08, 9.92, 9.99]
['2015-09-28', 9.87, 10.04, 9.75, 9.83]
['2015-09-29', 9.84, 9.91, 9.52, 9.61]
['2015-09-30', 9.63, 9.85, 9.43, 9.47]
['2015-10-01', 9.52, 9.79, 9.45, 9.75]
['2015-10-02', 9.71, 9.85, 9.54, 9.76]
['2015-10-05', 9.77, 9.89, 9.67, 9.84]
['2015-10-06', 9.91, 9.91, 9.83, 9.91]
['2015-10-07', 9.92, 10.24, 9.92, 10.2]
['2015-10-08', 10.18, 10.2, 10.05, 10.09]
['2015-10-09', 10.13, 10.13, 10.02, 10.03]
['2015-10-12', 10.07, 10.22, 10.07, 10.11]
['2015-10-13', 10.12, 10.23, 9.99, 10.07]
['2015-10-14', 10.06, 10.06, 9.91, 9.99]
['2015-10-15', 9.99, 10.09, 9.83, 9.89]
['2015-10-16', 9.9, 10.09, 9.85, 10.05]
['2015-10-19', 10.0, 10.13, 10.0, 10.07]
['2015-10-20', 10.11, 10.17, 10.07, 10.16]
['2015-10-21', 10.17, 10.31, 10.11, 10.16]
['2015-10-22', 10.2, 10.31, 10.16, 10.2]
['2015-10-23', 10.24, 10.32, 10.14, 10.26]
['2015-10-26', 10.23, 10.3, 10.17, 10.25]
['2015-10-27', 10.19, 10.31, 10.06, 10.13]
['2015-10-28', 10.17, 10.2, 9.97, 10.03]
['2015-10-29', 9.97, 10.05, 9.9, 9.97]
['2015-10-30', 9.97, 10.09, 9.75, 9.94]
['2015-11-02', 9.9, 10.05, 9.78, 10.02]
['2015-11-03', 10.13, 10.32, 10.05, 10.24]
['2015-11-04', 10.23, 10.3, 10.15, 10.25]
['2015-11-05', 10.25, 10.32, 10.18, 10.22]
['2015-11-06', 10.18, 10.29, 10.18, 10.28]
['2015-11-09', 10.27, 10.27, 10.1, 10.17]
['2015-11-10', 10.2, 10.25, 10.07, 10.17]
['2015-11-11', 10.17, 10.17, 9.97, 9.97]
['2015-11-12', 9.97, 10.2, 9.97, 10.17]
['2015-11-13', 10.25, 10.25, 10.11, 10.23]
['2015-11-16', 10.25, 10.32, 10.21, 10.27]
['2015-11-17', 10.31, 10.39, 10.27, 10.31]
['2015-11-18', 10.33, 10.61, 10.29, 10.39]
['2015-11-19', 10.5, 10.69, 10.38, 10.52]
['2015-11-20', 10.59, 10.77, 10.46, 10.52]
['2015-11-23', 10.56, 10.66, 10.52, 10.54]
['2015-11-24', 10.57, 10.58, 10.48, 10.52]
['2015-11-25', 10.55, 10.63, 10.52, 10.54]
['2015-11-27', 10.58, 10.62, 10.52, 10.54]
['2015-11-30', 10.58, 10.64, 10.47, 10.58]
['2015-12-01', 10.66, 10.66, 10.46, 10.58]
['2015-12-02', 10.58, 10.72, 10.57, 10.68]
['2015-12-03', 10.74, 10.79, 10.7, 10.74]
['2015-12-04', 10.72, 10.83, 10.64, 10.8]
['2015-12-07', 10.82, 10.83, 10.46, 10.48]
['2015-12-08', 10.44, 10.6, 10.29, 10.29]
['2015-12-09', 10.33, 10.45, 10.08, 10.08]
['2015-12-10', 10.1, 10.17, 10.08, 10.09]
['2015-12-11', 10.07, 10.1, 9.85, 9.89]
['2015-12-14', 9.9, 10.13, 9.84, 9.93]
['2015-12-15', 10.01, 10.22, 9.96, 10.18]
['2015-12-16', 10.23, 10.5, 10.09, 10.36]
['2015-12-17', 10.29, 10.45, 10.29, 10.34]
['2015-12-18', 10.29, 10.38, 10.16, 10.17]
['2015-12-21', 10.27, 10.31, 10.15, 10.18]
['2015-12-22', 10.23, 10.31, 9.99, 10.07]
['2015-12-23', 10.15, 10.34, 10.15, 10.23]
['2015-12-24', 10.27, 10.44, 10.07, 10.38]
['2015-12-28', 10.38, 10.57, 10.37, 10.45]
['2015-12-29', 10.52, 10.61, 10.44, 10.44]
['2015-12-30', 10.53, 10.61, 10.42, 10.5]
['2015-12-31', 10.48, 10.59, 10.11, 10.16]
['2016-01-04', 10.14, 10.32, 10.14, 10.23]
['2016-01-05', 10.31, 10.36, 10.13, 10.36]
['2016-01-06', 10.27, 10.47, 10.19, 10.34]
['2016-01-07', 10.27, 10.27, 10.02, 10.02]
['2016-01-08', 10.01, 10.3, 10.01, 10.12]
['2016-01-11', 10.09, 10.19, 9.99, 10.0]
['2016-01-12', 10.07, 10.18, 9.89, 9.89]
['2016-01-13', 9.93, 10.06, 9.59, 9.59]
['2016-01-14', 9.69, 9.89, 9.37, 9.39]
['2016-01-15', 9.37, 9.52, 9.31, 9.52]
['2016-01-19', 9.63, 9.89, 9.54, 9.76]
['2016-01-20', 9.7, 9.72, 8.95, 9.4]
['2016-01-21', 9.43, 9.57, 9.36, 9.47]
['2016-01-22', 9.62, 9.72, 9.59, 9.7]
['2016-01-25', 9.68, 9.78, 9.23, 9.39]
['2016-01-26', 9.4, 9.56, 9.25, 9.51]
['2016-01-27', 9.52, 9.57, 9.1, 9.39]
['2016-01-28', 9.48, 9.54, 9.3, 9.43]
['2016-01-29', 9.44, 9.69, 9.44, 9.61]
['2016-02-01', 9.61, 9.71, 9.39, 9.53]
['2016-02-02', 9.56, 9.7, 9.28, 9.41]
['2016-02-03', 9.5, 9.58, 9.3, 9.32]
['2016-02-04', 9.32, 9.36, 9.14, 9.17]
['2016-02-05', 9.22, 9.31, 9.0, 9.07]
['2016-02-08', 9.1, 9.19, 8.8, 9.12]
['2016-02-09', 9.04, 9.17, 8.93, 9.1]
['2016-02-10', 9.22, 9.34, 9.21, 9.24]
['2016-02-11', 9.14, 9.22, 9.08, 9.14]
['2016-02-12', 9.23, 9.32, 8.96, 9.04]
['2016-02-16', 9.16, 9.24, 9.04, 9.05]
['2016-02-17', 9.13, 9.33, 9.06, 9.17]
['2016-02-18', 9.18, 9.26, 9.18, 9.26]
['2016-02-19', 9.24, 9.28, 9.06, 9.19]
['2016-02-22', 9.21, 9.36, 9.05, 9.34]
['2016-02-23', 9.35, 9.39, 9.23, 9.3]
['2016-02-24', 9.19, 9.37, 9.19, 9.28]
['2016-02-25', 9.36, 9.58, 9.3, 9.5]
['2016-02-26', 9.47, 9.55, 9.43, 9.5]
['2016-02-29', 9.52, 9.82, 9.5, 9.78]
['2016-03-01', 9.84, 9.91, 9.75, 9.82]
['2016-03-02', 9.76, 9.84, 9.66, 9.8]
['2016-03-03', 9.75, 9.84, 9.71, 9.78]
['2016-03-04', 9.73, 9.82, 9.72, 9.72]
['2016-03-07', 9.64, 9.82, 9.64, 9.8]
['2016-03-08', 9.72, 9.75, 9.55, 9.57]
['2016-03-09', 9.62, 9.78, 9.56, 9.71]
['2016-03-10', 9.73, 9.81, 9.64, 9.75]
['2016-03-11', 9.77, 9.78, 9.6, 9.71]
['2016-03-14', 9.67, 9.75, 9.61, 9.73]
['2016-03-15', 9.71, 9.75, 9.56, 9.71]
['2016-03-16', 9.74, 9.76, 9.69, 9.73]
['2016-03-17', 9.8, 9.81, 9.66, 9.75]
['2016-03-18', 9.83, 9.86, 9.61, 9.69]
['2016-03-21', 9.73, 9.92, 9.71, 9.91]
['2016-03-22', 9.94, 10.14, 9.92, 10.14]
['2016-03-23', 10.18, 10.25, 9.95, 9.98]
['2016-03-24', 9.93, 10.07, 9.81, 9.87]
['2016-03-28', 9.92, 9.93, 9.81, 9.84]
['2016-03-29', 9.86, 10.3, 9.86, 10.2]
['2016-03-30', 10.21, 10.23, 9.91, 10.04]
['2016-03-31', 10.05, 10.27, 10.05, 10.2]
['2016-04-01', 10.21, 10.29, 10.17, 10.28]
['2016-04-04', 10.28, 10.33, 10.07, 10.17]
['2016-04-05', 10.14, 10.31, 10.05, 10.21]
['2016-04-06', 10.19, 10.35, 10.19, 10.21]
['2016-04-07', 10.22, 10.33, 10.08, 10.19]
['2016-04-08', 10.23, 10.23, 10.08, 10.12]
['2016-04-11', 10.18, 10.23, 10.01, 10.01]
['2016-04-12', 10.1, 10.25, 10.06, 10.17]
['2016-04-13', 10.26, 10.31, 10.16, 10.3]
['2016-04-14', 10.35, 10.35, 10.28, 10.3]
['2016-04-15', 10.3, 10.42, 10.29, 10.42]
['2016-04-18', 10.42, 10.42, 10.34, 10.34]
['2016-04-19', 10.42, 10.44, 10.37, 10.4]
['2016-04-20', 10.47, 10.51, 10.42, 10.5]
['2016-04-21', 10.47, 10.51, 10.4, 10.44]
['2016-04-22', 10.47, 10.5, 10.4, 10.4]
['2016-04-25', 10.4, 10.51, 10.4, 10.51]
['2016-04-26', 10.51, 10.51, 10.47, 10.5]
['2016-04-27', 10.46, 10.67, 10.43, 10.54]
['2016-04-28', 10.51, 10.68, 10.44, 10.62]
['2016-04-29', 10.63, 10.63, 10.51, 10.58]
['2016-05-02', 10.62, 10.68, 10.51, 10.6]
['2016-05-03', 10.63, 10.68, 10.48, 10.67]
['2016-05-04', 10.68, 10.87, 10.68, 10.87]
['2016-05-05', 10.9, 10.91, 10.78, 10.82]
['2016-05-06', 10.77, 10.91, 10.68, 10.84]
['2016-05-09', 10.92, 10.97, 10.71, 10.83]
['2016-05-10', 10.93, 10.93, 10.78, 10.78]
['2016-05-11', 10.84, 10.96, 10.84, 10.93]
['2016-05-12', 10.88, 10.94, 10.78, 10.91]
['2016-05-13', 10.92, 10.97, 10.8, 10.9]
['2016-05-16', 10.92, 11.05, 10.92, 10.99]
['2016-05-17', 11.01, 11.06, 10.89, 11.01]
['2016-05-18', 11.01, 11.05, 10.93, 11.01]
['2016-05-19', 11.01, 11.11, 10.96, 11.05]
['2016-05-20', 11.08, 11.17, 11.0, 11.08]
['2016-05-23', 11.12, 11.15, 11.01, 11.06]
['2016-05-24', 11.04, 11.16, 11.03, 11.03]
['2016-05-25', 11.08, 11.16, 10.98, 11.02]
['2016-05-26', 10.99, 11.15, 10.98, 11.08]
['2016-05-27', 11.06, 11.15, 11.06, 11.11]
['2016-05-31', 11.07, 11.16, 11.01, 11.06]
['2016-06-01', 11.06, 11.15, 11.03, 11.11]
['2016-06-02', 11.11, 11.17, 11.05, 11.06]
['2016-06-03', 11.05, 11.17, 11.04, 11.08]
['2016-06-06', 11.1, 11.18, 11.01, 11.04]
['2016-06-07', 11.01, 11.15, 11.01, 11.07]
['2016-06-08', 11.05, 11.14, 11.04, 11.11]
['2016-06-09', 11.1, 11.13, 11.01, 11.12]
['2016-06-10', 11.08, 11.19, 11.08, 11.13]
['2016-06-13', 11.15, 11.34, 11.15, 11.31]
['2016-06-14', 11.28, 11.36, 11.16, 11.35]
['2016-06-15', 11.31, 11.62, 11.31, 11.57]
['2016-06-16', 11.55, 11.55, 11.41, 11.5]
['2016-06-17', 11.5, 11.5, 11.41, 11.47]
['2016-06-20', 11.45, 11.7, 11.45, 11.48]
['2016-06-21', 11.49, 11.64, 11.24, 11.26]
['2016-06-22', 11.28, 11.6, 11.28, 11.42]
['2016-06-23', 11.54, 11.56, 11.28, 11.3]
['2016-06-24', 11.32, 11.57, 11.32, 11.41]
['2016-06-27', 11.35, 11.38, 11.12, 11.2]
['2016-06-28', 11.23, 11.56, 11.22, 11.25]
['2016-06-29', 11.37, 11.58, 11.29, 11.52]
['2016-06-30', 11.55, 11.56, 11.4, 11.53]
['2016-07-01', 11.56, 11.7, 11.5, 11.61]
['2016-07-05', 11.65, 11.72, 11.65, 11.72]
['2016-07-06', 11.7, 11.71, 11.68, 11.7]
['2016-07-07', 11.72, 11.74, 11.7, 11.74]
['2016-07-08', 11.74, 11.93, 11.73, 11.93]
['2016-07-11', 11.92, 12.01, 11.92, 12.01]
['2016-07-12', 12.01, 12.03, 11.99, 11.99]
['2016-07-13', 12.03, 12.03, 11.99, 12.03]
['2016-07-14', 12.05, 12.06, 11.96, 12.0]
['2016-07-15', 12.05, 12.06, 11.97, 12.0]
['2016-07-18', 12.05, 12.05, 12.03, 12.05]
['2016-07-19', 12.07, 12.14, 12.06, 12.13]
['2016-07-20', 12.09, 12.13, 12.07, 12.1]
['2016-07-21', 12.1, 12.12, 12.02, 12.07]
['2016-07-22', 12.07, 12.12, 12.0, 12.1]
['2016-07-25', 12.13, 12.13, 12.03, 12.1]
['2016-07-26', 12.13, 12.13, 12.03, 12.07]
['2016-07-27', 12.07, 12.09, 12.05, 12.07]
['2016-07-28', 12.08, 12.14, 12.05, 12.07]
['2016-07-29', 12.1, 12.11, 12.04, 12.08]
['2016-08-01', 12.14, 12.14, 12.04, 12.06]
['2016-08-02', 12.14, 12.14, 12.04, 12.1]
['2016-08-03', 12.11, 12.11, 12.04, 12.07]
['2016-08-04', 12.04, 12.07, 12.01, 12.04]
['2016-08-05', 12.04, 12.07, 12.01, 12.04]
['2016-08-08', 12.04, 12.07, 11.98, 12.0]
['2016-08-09', 11.96, 12.05, 11.89, 12.03]
['2016-08-10', 12.07, 12.09, 12.02, 12.05]
['2016-08-11', 12.01, 12.04, 12.0, 12.02]
['2016-08-12', 12.04, 12.13, 12.0, 12.02]
['2016-08-15', 12.04, 12.04, 11.97, 12.02]
['2016-08-16', 12.08, 12.12, 12.08, 12.12]
['2016-08-17', 12.12, 12.12, 12.07, 12.1]
['2016-08-18', 12.12, 12.13, 12.1, 12.11]
['2016-08-19', 12.1, 12.12, 12.1, 12.12]
['2016-08-22', 12.12, 12.12, 12.09, 12.12]
['2016-08-23', 12.12, 12.12, 12.11, 12.12]
['2016-08-24', 12.12, 12.12, 12.09, 12.12]
['2016-08-25', 12.1, 12.16, 12.1, 12.15]
['2016-08-26', 12.16, 12.41, 12.15, 12.27]
['2016-08-29', 12.31, 12.36, 12.11, 12.31]
['2016-08-30', 12.34, 12.34, 12.25, 12.33]
['2016-08-31', 12.28, 12.32, 12.22, 12.31]
['2016-09-01', 12.26, 12.33, 12.24, 12.31]
['2016-09-02', 12.28, 12.34, 12.28, 12.33]
['2016-09-06', 12.34, 12.34, 12.22, 12.28]
['2016-09-07', 12.3, 12.33, 12.23, 12.26]
['2016-09-08', 11.58, 11.83, 11.55, 11.69]
['2016-09-09', 11.68, 11.69, 11.62, 11.62]
['2016-09-12', 11.62, 11.72, 11.58, 11.7]
['2016-09-13', 11.66, 11.75, 11.6, 11.61]
['2016-09-14', 11.68, 11.7, 11.56, 11.62]
['2016-09-15', 11.68, 11.75, 11.58, 11.75]
['2016-09-16', 11.7, 11.91, 11.67, 11.84]
['2016-09-19', 11.8, 11.91, 11.77, 11.91]
['2016-09-20', 11.91, 12.0, 11.8, 11.87]
['2016-09-21', 11.77, 11.88, 11.71, 11.75]
['2016-09-22', 11.85, 11.9, 11.73, 11.8]
['2016-09-23', 11.85, 11.92, 11.8, 11.84]
['2016-09-26', 11.82, 11.87, 11.81, 11.83]
['2016-09-27', 11.76, 11.85, 11.71, 11.79]
['2016-09-28', 11.76, 11.89, 11.74, 11.84]
['2016-09-29', 11.82, 11.91, 11.77, 11.84]
['2016-09-30', 11.88, 11.95, 11.81, 11.85]
['2016-10-03', 11.88, 11.92, 11.85, 11.91]
['2016-10-04', 11.95, 11.95, 11.85, 11.88]
['2016-10-05', 11.85, 11.91, 11.71, 11.77]
['2016-10-06', 11.78, 11.85, 11.74, 11.84]
['2016-10-07', 11.87, 11.96, 11.85, 11.92]
['2016-10-10', 11.98, 12.0, 11.92, 11.99]
['2016-10-11', 11.88, 11.92, 11.71, 11.76]
['2016-10-12', 11.8, 11.85, 11.74, 11.78]
['2016-10-13', 11.74, 11.85, 11.74, 11.77]
['2016-10-14', 11.81, 11.82, 11.71, 11.71]
['2016-10-17', 11.71, 11.76, 11.5, 11.5]
['2016-10-18', 11.59, 11.64, 11.53, 11.64]
['2016-10-19', 11.69, 11.75, 11.64, 11.74]
['2016-10-20', 11.75, 11.78, 11.71, 11.75]
['2016-10-21', 11.75, 11.79, 11.74, 11.79]
['2016-10-24', 11.83, 11.83, 11.68, 11.74]
['2016-10-25', 11.69, 11.71, 11.63, 11.69]
['2016-10-26', 11.66, 11.69, 11.49, 11.53]
['2016-10-27', 11.54, 11.66, 11.5, 11.57]
['2016-10-28', 11.55, 11.6, 11.46, 11.54]
['2016-10-31', 11.59, 11.6, 11.42, 11.42]
['2016-11-01', 11.49, 11.5, 11.33, 11.39]
['2016-11-02', 11.42, 11.46, 11.1, 11.17]
['2016-11-03', 11.29, 11.42, 11.25, 11.35]
['2016-11-04', 11.32, 11.52, 11.28, 11.35]
['2016-11-07', 11.48, 11.57, 11.45, 11.57]
['2016-11-08', 11.51, 11.73, 11.51, 11.71]
['2016-11-09', 11.49, 11.79, 11.45, 11.77]
['2016-11-10', 11.83, 11.94, 11.76, 11.94]
['2016-11-11', 11.92, 11.94, 11.79, 11.94]
['2016-11-14', 11.94, 11.94, 11.8, 11.93]
['2016-11-15', 11.99, 12.07, 11.86, 11.91]
['2016-11-16', 11.94, 12.08, 11.89, 11.94]
['2016-11-17', 12.08, 12.08, 11.95, 12.05]
['2016-11-18', 12.05, 12.08, 11.81, 12.05]
['2016-11-21', 12.1, 12.18, 12.02, 12.09]
['2016-11-22', 12.15, 12.17, 12.1, 12.12]
['2016-11-23', 12.15, 12.17, 12.07, 12.1]
['2016-11-25', 12.15, 12.38, 12.15, 12.38]
['2016-11-28', 12.43, 12.49, 12.34, 12.43]
['2016-11-29', 12.43, 12.46, 12.33, 12.42]
['2016-11-30', 12.46, 12.46, 12.06, 12.27]
['2016-12-01', 12.28, 12.43, 12.16, 12.39]
['2016-12-02', 12.43, 12.44, 12.27, 12.31]
['2016-12-05', 12.32, 12.43, 12.25, 12.43]
['2016-12-06', 12.37, 12.41, 12.28, 12.33]
['2016-12-07', 12.25, 12.35, 12.22, 12.25]
['2016-12-08', 12.13, 12.17, 11.95, 11.96]
['2016-12-09', 11.91, 12.03, 11.87, 11.93]
['2016-12-12', 11.95, 12.01, 11.79, 11.96]
['2016-12-13', 12.0, 12.18, 11.92, 12.14]
['2016-12-14', 12.17, 12.36, 12.02, 12.05]
['2016-12-15', 12.09, 12.1, 11.91, 12.1]
['2016-12-16', 12.11, 12.27, 12.09, 12.25]
['2016-12-19', 12.28, 12.38, 12.27, 12.33]
['2016-12-20', 12.33, 12.48, 12.33, 12.42]
['2016-12-21', 12.42, 12.48, 12.36, 12.4]
['2016-12-22', 12.45, 12.48, 12.34, 12.43]
['2016-12-23', 12.5, 12.5, 12.36, 12.42]
['2016-12-27', 12.4, 12.48, 12.27, 12.31]
['2016-12-28', 12.3, 12.35, 12.03, 12.21]
['2016-12-29', 12.19, 12.32, 12.19, 12.31]
['2016-12-30', 12.37, 12.42, 12.24, 12.29]
['2017-01-03', 12.33, 12.51, 12.33, 12.5]
['2017-01-04', 12.5, 12.59, 12.42, 12.58]
['2017-01-05', 12.58, 12.59, 12.47, 12.59]
['2017-01-06', 12.59, 12.59, 12.49, 12.5]
['2017-01-09', 12.49, 12.59, 12.48, 12.59]
['2017-01-10', 12.59, 12.59, 12.56, 12.59]
['2017-01-11', 12.63, 12.63, 12.42, 12.55]
['2017-01-12', 12.54, 12.59, 12.42, 12.59]
['2017-01-13', 12.59, 12.59, 12.55, 12.57]
['2017-01-17', 12.65, 12.71, 12.56, 12.59]
['2017-01-18', 12.59, 12.68, 12.53, 12.57]
['2017-01-19', 12.59, 12.59, 12.52, 12.59]
['2017-01-20', 12.59, 12.65, 12.55, 12.62]
['2017-01-23', 12.62, 12.72, 12.56, 12.66]
['2017-01-24', 12.62, 12.68, 12.5, 12.64]
['2017-01-25', 12.68, 12.7, 12.59, 12.7]
['2017-01-26', 12.71, 12.72, 12.59, 12.72]
['2017-01-27', 12.77, 12.77, 12.6, 12.68]
['2017-01-30', 12.68, 12.71, 12.63, 12.68]
['2017-01-31', 12.66, 12.66, 12.56, 12.61]
['2017-02-01', 12.66, 12.72, 12.57, 12.71]
['2017-02-02', 12.65, 12.74, 12.61, 12.62]
['2017-02-03', 12.68, 12.72, 12.63, 12.72]
['2017-02-06', 12.71, 12.76, 12.68, 12.71]
['2017-02-07', 12.68, 12.78, 12.65, 12.74]
['2017-02-08', 12.77, 12.85, 12.71, 12.83]
['2017-02-09', 12.86, 12.86, 12.8, 12.84]
['2017-02-10', 12.87, 12.93, 12.81, 12.81]
['2017-02-13', 12.8, 12.98, 12.8, 12.95]
['2017-02-14', 12.98, 12.98, 12.89, 12.92]
['2017-02-15', 12.96, 13.0, 12.91, 12.99]
['2017-02-16', 12.99, 13.0, 12.88, 12.98]
['2017-02-17', 12.98, 13.05, 12.93, 13.05]
['2017-02-21', 13.14, 13.26, 13.08, 13.23]
['2017-02-22', 13.23, 13.23, 13.13, 13.23]
['2017-02-23', 13.25, 13.25, 13.07, 13.13]
['2017-02-24', 13.16, 13.3, 13.08, 13.3]
['2017-02-27', 13.3, 13.3, 13.11, 13.21]
['2017-02-28', 13.2, 13.32, 13.13, 13.24]
['2017-03-01', 13.27, 13.32, 13.19, 13.3]
['2017-03-02', 13.29, 13.38, 13.24, 13.32]
['2017-03-03', 13.32, 13.32, 13.15, 13.18]
['2017-03-06', 13.23, 13.33, 13.17, 13.23]
['2017-03-07', 13.21, 13.38, 13.21, 13.37]
['2017-03-08', 13.37, 13.41, 13.31, 13.32]
['2017-03-09', 13.29, 13.32, 13.17, 13.26]
['2017-03-10', 13.23, 13.28, 13.04, 13.18]
['2017-03-13', 13.18, 13.35, 13.15, 13.32]
['2017-03-14', 13.26, 13.36, 13.2, 13.36]
['2017-03-15', 13.38, 13.38, 13.15, 13.38]
['2017-03-16', 13.38, 13.45, 13.35, 13.39]
['2017-03-17', 13.41, 13.99, 13.36, 13.69]
['2017-03-20', 13.79, 13.83, 13.46, 13.49]
['2017-03-21', 13.6, 13.68, 13.37, 13.39]
['2017-03-22', 13.5, 13.54, 13.37, 13.37]
['2017-03-23', 13.45, 13.53, 13.37, 13.4]
['2017-03-24', 13.48, 13.58, 13.43, 13.5]
['2017-03-27', 13.47, 13.5, 13.37, 13.47]
['2017-03-28', 13.48, 13.54, 13.45, 13.46]
['2017-03-29', 13.49, 13.53, 13.43, 13.47]
['2017-03-30', 13.5, 13.68, 13.47, 13.66]
['2017-03-31', 13.69, 13.72, 13.63, 13.72]
['2017-04-03', 13.72, 13.72, 13.57, 13.63]
['2017-04-04', 13.6, 13.7, 13.6, 13.6]
['2017-04-05', 13.66, 13.72, 13.53, 13.58]
['2017-04-06', 13.58, 13.62, 13.55, 13.58]
['2017-04-07', 13.59, 13.81, 13.54, 13.76]
['2017-04-10', 13.79, 13.81, 13.6, 13.61]
['2017-04-11', 13.62, 13.69, 13.58, 13.61]
['2017-04-12', 13.66, 13.79, 13.63, 13.79]
['2017-04-13', 13.78, 13.8, 13.71, 13.73]
['2017-04-17', 13.78, 13.81, 13.69, 13.75]
['2017-04-18', 13.8, 13.88, 13.71, 13.82]
['2017-04-19', 13.82, 13.95, 13.67, 13.92]
['2017-04-20', 13.92, 13.95, 13.88, 13.95]
['2017-04-21', 13.95, 13.99, 13.87, 13.96]
['2017-04-24', 13.97, 13.99, 13.94, 13.96]
['2017-04-25', 13.97, 14.03, 13.96, 14.02]
['2017-04-26', 14.02, 14.09, 13.97, 14.08]
['2017-04-27', 14.11, 14.13, 13.97, 13.98]
['2017-04-28', 14.0, 14.1, 13.96, 14.06]
['2017-05-01', 14.11, 14.11, 13.76, 13.86]
['2017-05-02', 13.86, 13.9, 13.83, 13.89]
['2017-05-03', 13.75, 13.82, 13.09, 13.79]
['2017-05-04', 13.81, 13.82, 13.44, 13.67]
['2017-05-05', 13.67, 13.67, 13.52, 13.65]
['2017-05-08', 13.68, 13.8, 13.62, 13.71]
['2017-05-09', 13.72, 13.9, 13.72, 13.79]
['2017-05-10', 13.78, 13.86, 13.47, 13.48]
['2017-05-11', 13.46, 13.59, 13.44, 13.56]
['2017-05-12', 13.55, 13.9, 13.49, 13.82]
['2017-05-15', 13.82, 13.82, 13.6, 13.6]
['2017-05-16', 13.65, 13.78, 13.61, 13.63]
['2017-05-17', 13.61, 13.64, 13.48, 13.51]
['2017-05-18', 13.45, 13.65, 13.45, 13.58]
['2017-05-19', 13.55, 13.57, 13.21, 13.27]
['2017-05-22', 13.32, 13.44, 13.29, 13.38]
['2017-05-23', 13.38, 13.5, 13.31, 13.34]
['2017-05-24', 13.35, 13.7, 13.35, 13.67]
['2017-05-25', 13.7, 13.72, 13.31, 13.31]
['2017-05-26', 13.33, 13.41, 13.27, 13.31]
['2017-05-30', 13.29, 13.44, 13.27, 13.36]
['2017-05-31', 13.4, 13.58, 13.31, 13.31]
['2017-06-01', 13.35, 13.35, 13.03, 13.23]
['2017-06-02', 13.22, 13.26, 12.97, 13.06]
['2017-06-05', 12.95, 13.14, 12.93, 13.11]
['2017-06-06', 13.16, 13.29, 12.95, 13.29]
['2017-06-07', 13.29, 13.29, 13.2, 13.24]
['2017-06-08', 13.24, 13.31, 13.2, 13.22]
['2017-06-09', 13.23, 13.31, 13.18, 13.31]
['2017-06-12', 13.26, 13.32, 13.26, 13.31]
['2017-06-13', 13.31, 13.34, 13.14, 13.25]
['2017-06-14', 13.24, 13.27, 13.07, 13.15]
['2017-06-15', 13.05, 13.13, 12.95, 13.12]
['2017-06-16', 13.16, 13.16, 12.95, 12.96]
['2017-06-19', 13.07, 13.17, 12.93, 12.96]
['2017-06-20', 13.02, 13.12, 12.96, 12.96]
['2017-06-21', 12.99, 13.06, 12.98, 13.04]
['2017-06-22', 13.05, 13.08, 12.99, 13.07]
['2017-06-23', 13.08, 13.37, 13.05, 13.34]
['2017-06-26', 13.38, 13.4, 13.3, 13.31]
['2017-06-27', 13.3, 13.31, 13.09, 13.09]
['2017-06-28', 13.08, 13.15, 13.01, 13.03]
['2017-06-29', 13.08, 13.18, 12.97, 12.99]
['2017-06-30', 13.08, 13.14, 12.96, 13.03]
['2017-07-03', 13.1, 13.24, 13.1, 13.21]
['2017-07-05', 13.22, 13.41, 13.13, 13.4]
['2017-07-06', 13.36, 13.42, 13.1, 13.22]
['2017-07-07', 13.23, 13.39, 13.09, 13.37]
['2017-07-10', 13.38, 13.39, 13.33, 13.39]
['2017-07-11', 13.39, 13.42, 13.33, 13.39]
['2017-07-12', 13.39, 13.43, 13.37, 13.4]
['2017-07-13', 13.42, 13.52, 13.38, 13.45]
['2017-07-14', 13.51, 13.6, 13.45, 13.5]
['2017-07-17', 13.55, 13.66, 13.5, 13.62]
['2017-07-18', 13.58, 13.76, 13.56, 13.63]
['2017-07-19', 13.68, 13.78, 13.68, 13.77]
['2017-07-20', 13.78, 13.78, 13.62, 13.75]
['2017-07-21', 13.48, 13.72, 13.46, 13.63]
['2017-07-24', 13.61, 13.61, 13.48, 13.55]
['2017-07-25', 13.58, 13.79, 13.58, 13.74]
['2017-07-26', 13.74, 13.8, 13.58, 13.79]
['2017-07-27', 13.8, 13.85, 13.74, 13.82]
['2017-07-28', 13.84, 13.84, 13.73, 13.78]
['2017-07-31', 13.84, 13.86, 13.78, 13.82]
['2017-08-01', 13.84, 13.85, 13.66, 13.69]
['2017-08-02', 13.68, 13.72, 13.47, 13.48]
['2017-08-03', 13.47, 13.55, 13.29, 13.43]
['2017-08-04', 13.47, 13.48, 13.37, 13.43]
['2017-08-07', 13.53, 13.57, 13.29, 13.29]
['2017-08-08', 13.29, 13.4, 13.28, 13.34]
['2017-08-09', 13.29, 13.4, 13.29, 13.39]
['2017-08-10', 13.48, 13.48, 13.28, 13.29]
['2017-08-11', 13.23, 13.23, 12.99, 12.99]
['2017-08-14', 13.13, 13.13, 13.02, 13.08]
['2017-08-15', 13.05, 13.19, 12.95, 13.01]
['2017-08-16', 13.01, 13.07, 12.99, 12.99]
['2017-08-17', 12.97, 13.14, 12.96, 12.99]
['2017-08-18', 13.0, 13.11, 13.0, 13.04]
['2017-08-21', 13.05, 13.06, 12.75, 12.91]
['2017-08-22', 12.93, 12.98, 12.77, 12.81]
['2017-08-23', 12.84, 12.95, 12.8, 12.88]
['2017-08-24', 12.88, 12.93, 12.79, 12.85]
['2017-08-25', 12.91, 13.02, 12.88, 12.99]
['2017-08-28', 13.06, 13.06, 12.92, 12.96]
['2017-08-29', 12.91, 12.97, 12.85, 12.88]
['2017-08-30', 12.92, 13.09, 12.88, 13.06]
['2017-08-31', 13.05, 13.1, 12.83, 12.87]
['2017-09-01', 12.89, 13.09, 12.84, 12.96]
['2017-09-05', 12.96, 12.98, 12.71, 12.78]
['2017-09-06', 12.77, 12.86, 12.71, 12.81]
['2017-09-07', 12.79, 12.84, 12.71, 12.77]
['2017-09-08', 12.76, 12.85, 12.71, 12.79]
['2017-09-11', 12.79, 12.85, 12.71, 12.77]
['2017-09-12', 12.77, 12.78, 12.71, 12.71]
['2017-09-13', 12.72, 12.88, 12.71, 12.88]
['2017-09-14', 12.81, 12.85, 12.71, 12.82]
['2017-09-15', 12.81, 12.88, 12.81, 12.85]
['2017-09-18', 12.85, 12.9, 12.83, 12.88]
['2017-09-19', 12.89, 13.14, 12.88, 13.11]
['2017-09-20', 13.14, 13.3, 12.99, 13.18]
['2017-09-21', 13.23, 13.36, 13.15, 13.34]
['2017-09-22', 13.4, 13.44, 13.25, 13.42]
['2017-09-25', 13.44, 13.44, 13.37, 13.39]
['2017-09-26', 13.44, 13.52, 13.43, 13.51]
['2017-09-27', 13.46, 13.67, 13.46, 13.67]
['2017-09-28', 13.7, 13.86, 13.69, 13.84]
['2017-09-29', 13.78, 13.9, 13.66, 13.7]
['2017-10-02', 13.73, 13.91, 13.67, 13.91]
['2017-10-03', 13.95, 14.03, 13.95, 14.0]
['2017-10-04', 14.03, 14.03, 13.88, 13.99]
['2017-10-05', 13.96, 14.06, 13.96, 14.03]
['2017-10-06', 14.03, 14.03, 13.91, 13.99]
['2017-10-09', 14.03, 14.06, 13.91, 13.94]
['2017-10-10', 13.95, 14.03, 13.93, 14.03]
['2017-10-11', 13.99, 14.07, 13.86, 13.86]
['2017-10-12', 13.94, 13.95, 13.76, 13.8]
['2017-10-13', 13.83, 14.02, 13.83, 13.99]
['2017-10-16', 14.07, 14.1, 13.99, 14.01]
['2017-10-17', 14.03, 14.08, 13.99, 14.08]
['2017-10-18', 14.1, 14.1, 13.86, 13.89]
['2017-10-19', 13.91, 14.01, 13.86, 14.01]
['2017-10-20', 14.04, 14.17, 13.98, 14.1]
['2017-10-23', 14.12, 14.12, 14.05, 14.1]
['2017-10-24', 14.13, 14.16, 14.06, 14.13]
['2017-10-25', 14.13, 14.15, 13.96, 14.01]
['2017-10-26', 14.01, 14.11, 13.98, 14.05]
['2017-10-27', 14.07, 14.15, 14.06, 14.1]
['2017-10-30', 14.07, 14.14, 14.06, 14.09]
['2017-10-31', 14.1, 14.27, 14.07, 14.15]
['2017-11-01', 14.18, 14.2, 14.05, 14.14]
['2017-11-02', 14.15, 14.25, 13.98, 14.16]
['2017-11-03', 14.16, 14.42, 14.06, 14.35]
['2017-11-06', 14.35, 14.41, 14.29, 14.35]
['2017-11-07', 14.34, 14.45, 14.34, 14.38]
['2017-11-08', 14.4, 14.59, 14.4, 14.53]
['2017-11-09', 14.5, 14.58, 14.48, 14.57]
['2017-11-10', 14.55, 14.55, 14.45, 14.5]
['2017-11-13', 14.48, 14.58, 14.45, 14.53]
['2017-11-14', 14.5, 14.5, 14.43, 14.45]
['2017-11-15', 14.42, 14.5, 14.33, 14.35]
['2017-11-16', 14.36, 14.49, 14.36, 14.46]
['2017-11-17', 14.42, 14.48, 14.38, 14.42]
['2017-11-20', 14.49, 14.55, 14.44, 14.47]
['2017-11-21', 14.56, 14.66, 14.45, 14.64]
['2017-11-22', 14.66, 14.7, 14.58, 14.69]
['2017-11-24', 14.7, 14.74, 14.63, 14.7]
['2017-11-27', 14.73, 14.74, 14.6, 14.64]
['2017-11-28', 14.66, 14.66, 14.54, 14.57]
['2017-11-29', 14.6, 14.82, 14.55, 14.55]
['2017-11-30', 14.64, 14.64, 14.31, 14.34]
['2017-12-01', 14.35, 14.49, 14.19, 14.28]
['2017-12-04', 14.37, 14.49, 14.37, 14.46]
['2017-12-05', 14.47, 14.53, 14.4, 14.44]
['2017-12-06', 14.44, 14.56, 14.36, 14.56]
['2017-12-07', 14.52, 14.68, 14.52, 14.64]
['2017-12-08', 14.66, 14.66, 14.62, 14.66]
['2017-12-11', 14.66, 14.74, 14.62, 14.74]
['2017-12-12', 14.71, 14.78, 14.65, 14.75]
['2017-12-13', 14.72, 14.78, 14.64, 14.67]
['2017-12-14', 14.66, 14.66, 14.48, 14.57]
['2017-12-15', 14.54, 14.7, 14.5, 14.51]
['2017-12-18', 14.59, 14.68, 14.42, 14.52]
['2017-12-19', 14.55, 14.62, 14.32, 14.38]
['2017-12-20', 14.49, 14.55, 14.32, 14.44]
['2017-12-21', 14.52, 14.59, 14.12, 14.37]
['2017-12-22', 14.36, 14.46, 14.36, 14.4]
['2017-12-26', 14.35, 14.39, 14.24, 14.29]
['2017-12-27', 14.35, 14.38, 14.25, 14.27]
['2017-12-28', 14.27, 14.46, 14.26, 14.42]
['2017-12-29', 14.49, 14.58, 14.37, 14.4]
['2018-01-02', 14.39, 14.56, 14.23, 14.31]
['2018-01-03', 14.31, 14.4, 14.19, 14.22]
['2018-01-04', 14.22, 14.49, 14.2, 14.23]
['2018-01-05', 14.28, 14.66, 14.27, 14.4]
['2018-01-08', 14.43, 14.52, 14.22, 14.29]
['2018-01-09', 14.34, 14.4, 14.29, 14.38]
['2018-01-10', 14.43, 14.43, 14.36, 14.38]
['2018-01-11', 14.4, 14.5, 14.38, 14.44]
['2018-01-12', 14.49, 14.58, 14.42, 14.53]
['2018-01-16', 14.58, 14.64, 14.49, 14.55]
['2018-01-17', 14.61, 14.73, 14.48, 14.58]
['2018-01-18', 14.61, 14.7, 14.52, 14.6]
['2018-01-19', 14.6, 14.62, 14.44, 14.49]
['2018-01-22', 14.5, 14.71, 14.48, 14.64]
['2018-01-23', 14.64, 14.69, 14.61, 14.63]
['2018-01-24', 14.7, 14.73, 14.61, 14.68]
['2018-01-25', 14.7, 14.74, 14.43, 14.45]
['2018-01-26', 14.46, 14.67, 14.39, 14.65]
['2018-01-29', 14.14, 14.55, 13.78, 14.3]
['2018-01-30', 14.15, 14.59, 13.88, 14.31]
['2018-01-31', 14.43, 14.65, 14.04, 14.14]
['2018-02-01', 14.06, 14.21, 13.85, 13.91]
['2018-02-02', 13.87, 14.07, 13.7, 13.8]
['2018-02-05', 13.72, 13.81, 13.16, 13.37]
['2018-02-06', 13.14, 13.88, 13.14, 13.51]
['2018-02-07', 13.55, 13.91, 13.54, 13.68]
['2018-02-08', 13.74, 13.85, 13.61, 13.76]
['2018-02-09', 13.83, 14.1, 13.52, 13.62]
['2018-02-12', 13.81, 13.81, 13.57, 13.67]
['2018-02-13', 13.63, 13.81, 13.63, 13.81]
['2018-02-14', 13.82, 13.88, 13.63, 13.81]
['2018-02-15', 13.92, 13.95, 13.56, 13.63]
['2018-02-16', 13.59, 14.03, 13.59, 13.76]
['2018-02-20', 13.77, 13.91, 13.58, 13.72]
['2018-02-21', 13.71, 13.91, 13.71, 13.77]
['2018-02-22', 13.76, 13.8, 13.47, 13.75]
['2018-02-23', 13.75, 13.81, 13.5, 13.62]
['2018-02-26', 13.66, 13.8, 13.57, 13.74]
['2018-02-27', 13.76, 13.77, 13.63, 13.67]
['2018-02-28', 13.71, 13.87, 13.6, 13.6]
['2018-03-01', 13.74, 13.89, 13.62, 13.76]
['2018-03-02', 13.73, 13.95, 13.73, 13.89]
['2018-03-05', 13.89, 13.89, 13.71, 13.8]
['2018-03-06', 13.8, 13.84, 13.61, 13.71]
['2018-03-07', 13.61, 13.8, 13.57, 13.78]
['2018-03-08', 13.76, 13.89, 13.66, 13.77]
['2018-03-09', 13.84, 13.93, 13.72, 13.8]
['2018-03-12', 13.79, 13.96, 13.77, 13.91]
['2018-03-13', 13.79, 13.96, 13.77, 13.89]
['2018-03-14', 13.89, 13.9, 13.73, 13.8]
['2018-03-15', 13.83, 13.88, 13.57, 13.65]
['2018-03-16', 13.65, 13.89, 13.65, 13.79]
['2018-03-19', 13.84, 13.98, 13.79, 13.94]
['2018-03-20', 13.95, 14.16, 13.95, 14.06]
['2018-03-21', 14.09, 14.21, 14.04, 14.08]
['2018-03-22', 14.07, 14.27, 14.0, 14.05]
['2018-03-23', 14.05, 14.12, 13.83, 13.83]
['2018-03-26', 13.97, 14.13, 13.82, 13.86]
['2018-03-27', 13.88, 14.19, 13.81, 13.86]
['2018-03-28', 13.88, 14.28, 13.78, 13.81]
['2018-03-29', 13.86, 14.2, 13.86, 13.91]
['2018-04-02', 13.97, 13.97, 13.82, 13.88]
['2018-04-03', 13.83, 13.89, 13.83, 13.87]
['2018-04-04', 13.83, 14.22, 13.83, 14.11]
['2018-04-05', 14.11, 14.31, 14.07, 14.22]
['2018-04-06', 14.17, 14.25, 14.08, 14.12]
['2018-04-09', 14.18, 14.21, 14.09, 14.13]
['2018-04-10', 14.22, 14.27, 14.08, 14.17]
['2018-04-11', 14.15, 14.21, 14.1, 14.12]
['2018-04-12', 14.12, 14.22, 14.05, 14.11]
['2018-04-13', 14.09, 14.13, 14.02, 14.02]
['2018-04-16', 14.13, 14.17, 14.01, 14.11]
['2018-04-17', 14.15, 14.28, 14.09, 14.26]
['2018-04-18', 14.42, 14.42, 14.21, 14.25]
['2018-04-19', 14.23, 14.36, 14.1, 14.13]
['2018-04-20', 14.11, 14.18, 14.0, 14.12]
['2018-04-23', 14.17, 14.28, 14.0, 14.1]
['2018-04-24', 14.16, 14.28, 14.13, 14.18]
['2018-04-25', 14.17, 14.2, 14.1, 14.13]
['2018-04-26', 14.16, 14.2, 14.0, 14.0]
['2018-04-27', 14.01, 14.05, 13.9, 13.91]
['2018-04-30', 13.93, 14.04, 13.91, 13.95]
['2018-05-01', 13.84, 13.95, 13.84, 13.85]
['2018-05-02', 13.84, 13.99, 13.81, 13.9]
['2018-05-03', 13.87, 14.2, 13.83, 14.09]
['2018-05-04', 14.07, 14.21, 14.07, 14.09]
['2018-05-07', 14.07, 14.21, 14.05, 14.1]
['2018-05-08', 14.12, 14.16, 14.05, 14.15]
['2018-05-09', 14.09, 14.39, 14.06, 14.17]
['2018-05-10', 14.25, 14.39, 14.22, 14.36]
['2018-05-11', 14.38, 14.44, 14.26, 14.29]
['2018-05-14', 14.29, 14.48, 14.25, 14.27]
['2018-05-15', 14.25, 14.37, 14.21, 14.27]
['2018-05-16', 14.3, 14.34, 14.05, 14.11]
['2018-05-17', 14.06, 14.4, 14.03, 14.22]
['2018-05-18', 14.3, 14.3, 14.09, 14.14]
['2018-05-21', 14.14, 14.34, 14.13, 14.25]
['2018-05-22', 14.33, 14.33, 14.14, 14.28]
['2018-05-23', 14.24, 14.24, 14.09, 14.16]
['2018-05-24', 14.14, 14.14, 14.08, 14.09]
['2018-05-25', 14.08, 14.14, 14.02, 14.05]
['2018-05-29', 14.08, 14.08, 14.0, 14.03]
['2018-05-30', 14.06, 14.07, 13.95, 13.99]
['2018-05-31', 14.03, 14.04, 13.86, 13.96]
['2018-06-01', 14.01, 14.14, 13.98, 14.03]
['2018-06-04', 14.09, 14.09, 13.93, 14.02]
['2018-06-05', 13.98, 14.03, 13.94, 13.98]
['2018-06-06', 13.95, 13.99, 13.79, 13.99]
['2018-06-07', 13.99, 14.07, 13.94, 13.98]
['2018-06-08', 13.98, 14.07, 13.96, 14.02]
['2018-06-11', 14.01, 14.03, 13.86, 13.98]
['2018-06-12', 13.94, 14.07, 13.93, 14.03]
['2018-06-13', 14.02, 14.11, 13.93, 14.0]
['2018-06-14', 13.98, 14.12, 13.96, 14.11]
['2018-06-15', 14.06, 14.09, 13.95, 14.0]
['2018-06-18', 14.03, 14.31, 14.0, 14.26]
['2018-06-19', 14.26, 14.58, 14.24, 14.34]
['2018-06-20', 14.36, 14.39, 14.2, 14.23]
['2018-06-21', 14.24, 14.39, 14.1, 14.12]
['2018-06-22', 14.15, 14.17, 14.07, 14.07]
['2018-06-25', 14.07, 14.09, 13.95, 13.95]
['2018-06-26', 13.94, 13.99, 13.89, 13.9]
['2018-06-27', 13.9, 14.01, 13.86, 13.86]
['2018-06-28', 13.85, 13.89, 13.79, 13.8]
['2018-06-29', 13.84, 13.87, 13.79, 13.79]
['2018-07-02', 13.8, 13.92, 13.8, 13.92]
['2018-07-03', 13.96, 14.15, 13.96, 14.04]
['2018-07-05', 14.04, 14.14, 13.99, 14.1]
['2018-07-06', 14.03, 14.31, 14.03, 14.22]
['2018-07-09', 14.25, 14.25, 14.11, 14.12]
['2018-07-10', 14.12, 14.22, 14.12, 14.19]
['2018-07-11', 14.16, 14.23, 14.16, 14.19]
['2018-07-12', 14.24, 14.24, 14.17, 14.21]
['2018-07-13', 14.22, 14.24, 14.14, 14.17]
['2018-07-16', 14.23, 14.26, 14.15, 14.2]
['2018-07-17', 14.19, 14.37, 14.19, 14.36]
['2018-07-18', 14.33, 14.49, 14.33, 14.46]
['2018-07-19', 14.45, 14.46, 14.3, 14.43]
['2018-07-20', 14.44, 14.47, 14.27, 14.33]
['2018-07-23', 14.35, 14.38, 14.21, 14.27]
['2018-07-24', 14.33, 14.44, 14.22, 14.31]
['2018-07-25', 14.3, 14.32, 14.21, 14.22]
['2018-07-26', 14.22, 14.28, 14.19, 14.24]
['2018-07-27', 14.21, 14.27, 14.15, 14.22]
['2018-07-30', 14.23, 14.32, 14.1, 14.22]
['2018-07-31', 14.22, 14.33, 14.21, 14.26]
['2018-08-01', 14.23, 14.29, 14.16, 14.23]
['2018-08-02', 14.26, 14.34, 14.2, 14.33]
['2018-08-03', 14.34, 14.38, 14.26, 14.35]
['2018-08-06', 14.38, 14.38, 14.27, 14.38]
['2018-08-07', 14.38, 14.42, 14.35, 14.39]
['2018-08-08', 14.37, 14.44, 14.36, 14.44]
['2018-08-09', 14.43, 14.43, 14.35, 14.41]
['2018-08-10', 14.42, 14.44, 14.38, 14.4]
['2018-08-13', 14.43, 14.43, 14.34, 14.37]
['2018-08-14', 14.36, 14.41, 14.27, 14.38]
['2018-08-15', 14.38, 14.4, 14.3, 14.36]
['2018-08-16', 14.38, 14.47, 14.33, 14.37]
['2018-08-17', 14.33, 14.39, 14.33, 14.38]
['2018-08-20', 14.37, 14.47, 14.37, 14.45]
['2018-08-21', 14.46, 14.54, 14.42, 14.48]
['2018-08-22', 14.51, 14.51, 14.32, 14.36]
['2018-08-23', 14.36, 14.36, 14.27, 14.29]
['2018-08-24', 14.32, 14.42, 14.24, 14.25]
['2018-08-27', 14.31, 14.37, 14.23, 14.26]
['2018-08-28', 14.25, 14.31, 14.23, 14.24]
['2018-08-29', 14.25, 14.31, 14.19, 14.26]
['2018-08-30', 14.19, 14.31, 14.19, 14.22]
['2018-08-31', 14.23, 14.27, 14.21, 14.27]
['2018-09-04', 14.27, 14.37, 14.23, 14.37]
['2018-09-05', 14.34, 14.34, 14.24, 14.26]
['2018-09-06', 14.28, 14.36, 14.27, 14.36]
['2018-09-07', 14.4, 14.4, 14.15, 14.32]
['2018-09-10', 14.4, 14.55, 14.36, 14.52]
['2018-09-11', 14.55, 14.55, 14.41, 14.49]
['2018-09-12', 14.5, 14.52, 14.37, 14.46]
['2018-09-13', 14.42, 14.58, 14.4, 14.48]
['2018-09-14', 14.44, 14.53, 14.33, 14.42]
['2018-09-17', 14.45, 14.5, 14.36, 14.47]
['2018-09-18', 14.5, 14.51, 14.28, 14.34]
['2018-09-19', 14.37, 14.5, 14.37, 14.44]
['2018-09-20', 14.49, 14.59, 14.4, 14.57]
['2018-09-21', 14.57, 14.57, 14.47, 14.49]
['2018-09-24', 14.52, 14.54, 14.5, 14.54]
['2018-09-25', 14.59, 14.59, 14.41, 14.47]
['2018-09-26', 14.47, 14.56, 14.34, 14.37]
['2018-09-27', 14.35, 14.41, 14.31, 14.32]
['2018-09-28', 14.36, 14.47, 14.36, 14.42]
['2018-10-01', 14.41, 14.47, 14.34, 14.41]
['2018-10-02', 14.37, 14.45, 14.34, 14.35]
['2018-10-03', 14.35, 14.45, 14.35, 14.36]
['2018-10-04', 14.37, 14.42, 14.31, 14.34]
['2018-10-05', 14.31, 14.4, 14.31, 14.31]
['2018-10-08', 14.31, 14.34, 14.24, 14.28]
['2018-10-09', 14.28, 14.43, 14.23, 14.43]
['2018-10-10', 14.4, 14.44, 14.22, 14.28]
['2018-10-11', 14.22, 14.24, 14.11, 14.14]
['2018-10-12', 14.24, 14.33, 14.08, 14.14]
['2018-10-15', 14.11, 14.14, 14.05, 14.1]
['2018-10-16', 14.1, 14.16, 14.04, 14.12]
['2018-10-17', 14.13, 14.13, 14.05, 14.09]
['2018-10-18', 14.1, 14.16, 14.01, 14.09]
['2018-10-19', 14.07, 14.11, 13.97, 14.01]
['2018-10-22', 14.04, 14.06, 13.92, 13.99]
['2018-10-23', 13.95, 13.95, 13.66, 13.83]
['2018-10-24', 13.84, 13.87, 13.75, 13.79]
['2018-10-25', 13.79, 13.92, 13.79, 13.87]
['2018-10-26', 13.74, 13.87, 13.66, 13.82]
['2018-10-29', 13.85, 13.95, 13.82, 13.82]
['2018-10-30', 13.82, 13.99, 13.82, 13.9]
['2018-10-31', 13.98, 14.19, 13.97, 13.97]
['2018-11-01', 13.95, 14.25, 13.95, 14.02]
['2018-11-02', 14.02, 14.15, 13.91, 13.91]
['2018-11-05', 13.96, 14.1, 13.95, 13.96]
['2018-11-06', 14.02, 14.38, 13.95, 14.3]
['2018-11-07', 14.43, 14.55, 14.25, 14.34]
['2018-11-08', 14.34, 14.49, 14.26, 14.35]
['2018-11-09', 14.35, 14.39, 14.28, 14.36]
['2018-11-12', 14.39, 14.39, 14.06, 14.12]
['2018-11-13', 14.12, 14.2, 13.94, 13.94]
['2018-11-14', 13.95, 14.04, 13.83, 13.87]
['2018-11-15', 13.83, 13.96, 13.83, 13.87]
['2018-11-16', 13.87, 13.92, 13.81, 13.83]
['2018-11-19', 13.81, 13.91, 13.75, 13.8]
['2018-11-20', 13.88, 13.89, 13.71, 13.72]
['2018-11-21', 13.8, 13.92, 13.67, 13.81]
['2018-11-23', 13.8, 13.94, 13.8, 13.94]
['2018-11-26', 13.95, 14.02, 13.76, 13.76]
['2018-11-27', 13.74, 13.76, 13.57, 13.6]
['2018-11-28', 13.63, 13.74, 13.59, 13.72]
['2018-11-29', 13.72, 13.8, 13.68, 13.74]
['2018-11-30', 13.71, 13.73, 13.61, 13.67]
['2018-12-03', 13.81, 13.88, 13.66, 13.71]
['2018-12-04', 13.71, 13.73, 13.28, 13.5]
['2018-12-06', 13.5, 13.78, 13.05, 13.29]
['2018-12-07', 13.28, 13.69, 13.27, 13.63]
['2018-12-10', 13.64, 13.76, 13.56, 13.7]
['2018-12-11', 13.78, 13.96, 13.49, 13.64]
['2018-12-12', 13.67, 13.96, 13.64, 13.83]
['2018-12-13', 13.89, 14.07, 13.8, 13.93]
['2018-12-14', 13.93, 14.02, 13.8, 13.85]
['2018-12-17', 13.81, 13.85, 13.23, 13.24]
['2018-12-18', 13.23, 13.86, 13.23, 13.53]
['2018-12-19', 13.59, 13.88, 13.47, 13.57]
['2018-12-20', 13.56, 13.6, 12.8, 12.93]
['2018-12-21', 12.98, 13.29, 12.84, 12.85]
['2018-12-24', 12.89, 13.11, 12.86, 13.1]
['2018-12-26', 13.28, 13.49, 13.13, 13.44]
['2018-12-27', 13.36, 13.59, 13.28, 13.52]
['2018-12-28', 13.51, 13.86, 13.51, 13.69]
['2018-12-31', 13.81, 13.87, 13.35, 13.35]
['2019-01-02', 13.28, 13.66, 13.23, 13.53]
['2019-01-03', 13.46, 13.71, 13.46, 13.52]
['2019-01-04', 13.67, 13.94, 13.64, 13.94]
['2019-01-07', 13.95, 14.2, 13.85, 14.04]
['2019-01-08', 14.08, 14.16, 13.89, 14.07]
['2019-01-09', 14.2, 14.26, 13.96, 13.98]
['2019-01-10', 13.96, 14.3, 13.92, 14.12]
['2019-01-11', 14.06, 14.27, 14.06, 14.26]
['2019-01-14', 14.18, 14.34, 14.18, 14.27]
['2019-01-15', 14.26, 14.35, 14.16, 14.31]
['2019-01-16', 14.3, 14.41, 14.3, 14.35]
['2019-01-17', 14.36, 14.52, 14.34, 14.51]
['2019-01-18', 14.52, 14.59, 14.33, 14.38]
['2019-01-22', 14.38, 14.42, 14.32, 14.38]
['2019-01-23', 14.38, 14.46, 14.24, 14.3]
['2019-01-24', 14.3, 14.52, 14.3, 14.4]
['2019-01-25', 14.48, 14.48, 14.39, 14.46]
['2019-01-28', 14.45, 14.48, 14.32, 14.47]
['2019-01-29', 14.47, 14.47, 14.36, 14.41]
['2019-01-30', 14.42, 14.63, 14.42, 14.55]
['2019-01-31', 14.52, 14.8, 14.45, 14.78]
['2019-02-01', 14.78, 14.8, 14.71, 14.79]
['2019-02-04', 14.81, 14.83, 14.62, 14.73]
['2019-02-05', 14.8, 14.88, 14.72, 14.81]
['2019-02-06', 14.71, 14.83, 14.71, 14.72]
['2019-02-07', 14.76, 14.8, 14.58, 14.64]
['2019-02-08', 14.6, 14.71, 14.58, 14.6]
['2019-02-11', 14.62, 14.89, 14.62, 14.89]
['2019-02-12', 14.89, 14.94, 14.75, 14.83]
['2019-02-13', 14.89, 14.94, 14.84, 14.89]
['2019-02-14', 14.87, 14.94, 14.8, 14.91]
['2019-02-15', 14.91, 14.96, 14.8, 14.93]
['2019-02-19', 14.96, 15.06, 14.81, 15.05]
['2019-02-20', 15.2, 15.2, 14.9, 15.0]
['2019-02-21', 15.2, 15.2, 14.98, 15.19]
['2019-02-22', 15.05, 15.58, 15.0, 15.54]
['2019-02-25', 15.53, 15.54, 15.16, 15.54]
['2019-02-26', 15.49, 15.5, 15.19, 15.36]
['2019-02-27', 15.33, 15.36, 15.08, 15.22]
['2019-02-28', 15.22, 15.25, 14.94, 14.94]
['2019-03-01', 15.0, 15.17, 14.87, 14.95]
['2019-03-04', 15.05, 15.35, 14.98, 15.2]
['2019-03-05', 15.19, 15.28, 15.04, 15.18]
['2019-03-06', 15.19, 15.2, 15.09, 15.13]
['2019-03-07', 15.13, 15.23, 15.04, 15.19]
['2019-03-08', 15.15, 15.22, 15.05, 15.21]
['2019-03-11', 15.26, 15.36, 15.14, 15.34]
['2019-03-12', 15.45, 15.45, 15.24, 15.32]
['2019-03-13', 15.39, 15.39, 15.19, 15.29]
['2019-03-14', 15.31, 15.37, 15.23, 15.27]
['2019-03-15', 15.28, 15.31, 15.15, 15.31]
['2019-03-18', 15.34, 15.35, 15.24, 15.35]
['2019-03-19', 15.36, 15.45, 15.32, 15.39]
['2019-03-20', 15.44, 15.44, 15.28, 15.3]
['2019-03-21', 15.29, 15.42, 15.23, 15.39]
['2019-03-22', 15.39, 15.42, 15.33, 15.41]
['2019-03-25', 15.43, 15.49, 15.4, 15.43]
['2019-03-26', 15.58, 15.66, 15.5, 15.65]
['2019-03-27', 15.64, 15.67, 15.55, 15.61]
['2019-03-28', 15.64, 15.68, 15.58, 15.64]
['2019-03-29', 15.69, 15.71, 15.46, 15.47]
['2019-04-01', 15.56, 15.6, 15.47, 15.5]
['2019-04-02', 15.51, 15.58, 15.44, 15.44]
['2019-04-03', 15.46, 15.51, 15.46, 15.51]
['2019-04-04', 15.51, 15.71, 15.5, 15.69]
['2019-04-05', 15.71, 15.72, 15.53, 15.53]
['2019-04-08', 15.53, 15.69, 15.53, 15.62]
['2019-04-09', 15.58, 15.69, 15.47, 15.49]
['2019-04-10', 15.51, 15.57, 15.47, 15.49]
['2019-04-11', 15.52, 15.59, 15.47, 15.59]
['2019-04-12', 15.65, 15.73, 15.53, 15.71]
['2019-04-15', 15.72, 15.75, 15.62, 15.68]
['2019-04-16', 15.74, 15.82, 15.69, 15.8]
['2019-04-17', 15.88, 15.94, 15.72, 15.76]
['2019-04-18', 15.76, 15.8, 15.71, 15.71]
['2019-04-22', 15.71, 15.78, 15.66, 15.66]
['2019-04-23', 15.75, 15.79, 15.66, 15.72]
['2019-04-24', 15.7, 15.81, 15.66, 15.66]
['2019-04-25', 15.69, 15.71, 15.61, 15.62]
['2019-04-26', 15.64, 15.79, 15.63, 15.67]
['2019-04-29', 15.67, 15.73, 15.67, 15.71]
['2019-04-30', 15.7, 15.7, 15.52, 15.67]
['2019-05-01', 15.68, 15.72, 15.58, 15.62]
['2019-05-02', 15.68, 15.68, 15.54, 15.6]
['2019-05-03', 15.65, 15.75, 15.57, 15.61]
['2019-05-06', 15.57, 15.66, 15.53, 15.6]
['2019-05-07', 15.76, 15.76, 15.52, 15.59]
['2019-05-08', 15.59, 15.7, 15.52, 15.52]
['2019-05-09', 15.46, 15.54, 15.38, 15.54]
['2019-05-10', 15.52, 15.68, 15.43, 15.55]
['2019-05-13', 15.44, 15.48, 15.33, 15.41]
['2019-05-14', 15.39, 15.51, 15.38, 15.39]
['2019-05-15', 15.43, 15.43, 15.32, 15.37]
['2019-05-16', 15.37, 15.46, 15.32, 15.41]
['2019-05-17', 15.36, 15.46, 15.34, 15.38]
['2019-05-20', 15.36, 15.48, 15.32, 15.42]
['2019-05-21', 15.48, 15.48, 15.32, 15.44]
['2019-05-22', 15.43, 15.48, 15.36, 15.47]
['2019-05-23', 15.38, 15.38, 15.18, 15.18]
['2019-05-24', 15.26, 15.26, 15.14, 15.18]
['2019-05-28', 15.12, 15.25, 14.82, 14.82]
['2019-05-29', 14.79, 14.85, 14.62, 14.85]
['2019-05-30', 14.8, 14.96, 14.77, 14.84]
['2019-05-31', 14.78, 14.8, 14.62, 14.67]
['2019-06-03', 14.67, 14.76, 14.62, 14.69]
['2019-06-04', 14.73, 14.84, 14.64, 14.79]
['2019-06-05', 14.82, 14.83, 14.68, 14.74]
['2019-06-06', 14.74, 14.85, 14.62, 14.8]
['2019-06-07', 14.76, 14.85, 14.71, 14.81]
['2019-06-10', 14.78, 14.89, 14.74, 14.85]
['2019-06-11', 14.85, 14.89, 14.73, 14.8]
['2019-06-12', 14.77, 14.85, 14.73, 14.82]
['2019-06-13', 14.83, 14.89, 14.73, 14.83]
['2019-06-14', 14.85, 14.88, 14.78, 14.86]
['2019-06-17', 14.84, 14.86, 14.73, 14.77]
['2019-06-18', 14.84, 14.89, 14.81, 14.89]
['2019-06-19', 14.96, 15.0, 14.88, 14.92]
['2019-06-20', 14.82, 14.88, 14.69, 14.79]
['2019-06-21', 14.74, 14.77, 14.69, 14.69]
['2019-06-24', 14.65, 14.84, 14.57, 14.74]
['2019-06-25', 14.78, 14.78, 14.64, 14.68]
['2019-06-26', 14.68, 14.76, 14.64, 14.7]
['2019-06-27', 14.7, 14.8, 14.68, 14.72]
['2019-06-28', 14.73, 14.96, 14.65, 14.65]
['2019-07-01', 14.74, 15.0, 14.74, 14.87]
['2019-07-02', 14.92, 14.92, 14.78, 14.82]
['2019-07-03', 14.83, 14.95, 14.82, 14.92]
['2019-07-05', 14.96, 14.96, 14.77, 14.95]
['2019-07-08', 14.95, 14.95, 14.84, 14.92]
['2019-07-09', 14.92, 15.0, 14.87, 15.0]
['2019-07-10', 15.01, 15.11, 14.98, 15.09]
['2019-07-11', 15.08, 15.12, 14.98, 15.06]
['2019-07-12', 15.12, 15.19, 15.05, 15.09]
['2019-07-15', 15.15, 15.19, 15.08, 15.15]
['2019-07-16', 15.18, 15.19, 15.11, 15.12]
['2019-07-17', 15.13, 15.17, 15.03, 15.04]
['2019-07-18', 15.13, 15.15, 15.01, 15.07]
['2019-07-19', 15.08, 15.2, 15.07, 15.07]
['2019-07-22', 15.08, 15.16, 15.03, 15.12]
['2019-07-23', 15.23, 15.47, 15.15, 15.39]
['2019-07-24', 15.41, 15.55, 15.25, 15.52]
['2019-07-25', 15.52, 15.57, 15.41, 15.41]
['2019-07-26', 15.47, 15.56, 15.43, 15.49]
['2019-07-29', 15.49, 15.53, 15.47, 15.49]
['2019-07-30', 15.49, 15.61, 15.48, 15.61]
['2019-07-31', 15.57, 15.62, 15.41, 15.55]
['2019-08-01', 15.58, 15.58, 15.39, 15.4]
['2019-08-02', 15.42, 15.47, 15.24, 15.4]
['2019-08-05', 15.22, 15.3, 14.97, 15.05]
['2019-08-06', 15.02, 15.34, 15.02, 15.31]
['2019-08-07', 15.26, 15.48, 15.12, 15.44]
['2019-08-08', 15.45, 15.66, 15.45, 15.62]
['2019-08-09', 15.61, 15.65, 15.53, 15.59]
['2019-08-12', 15.46, 15.76, 15.46, 15.76]
['2019-08-13', 15.75, 15.77, 15.57, 15.77]
['2019-08-14', 15.68, 15.81, 15.67, 15.77]
['2019-08-15', 15.81, 16.0, 15.77, 15.91]
['2019-08-16', 16.0, 16.1, 15.99, 16.04]
['2019-08-19', 16.12, 16.18, 16.09, 16.15]
['2019-08-20', 16.18, 16.22, 16.09, 16.15]
['2019-08-21', 16.22, 16.22, 16.06, 16.17]
['2019-08-22', 16.18, 16.23, 16.09, 16.14]
['2019-08-23', 16.15, 16.15, 15.83, 15.94]
['2019-08-26', 15.9, 16.07, 15.87, 15.93]
['2019-08-27', 15.97, 15.99, 15.82, 15.94]
['2019-08-28', 15.95, 16.04, 15.81, 15.93]
['2019-08-29', 15.93, 16.03, 15.82, 15.9]
['2019-08-30', 15.9, 15.97, 15.77, 15.8]
['2019-09-03', 15.63, 15.92, 15.63, 15.82]
['2019-09-04', 15.87, 16.04, 15.83, 16.02]
['2019-09-05', 16.09, 16.09, 15.91, 15.91]
['2019-09-06', 15.94, 15.94, 15.77, 15.82]
['2019-09-09', 15.85, 16.03, 15.76, 16.01]
['2019-09-10', 15.99, 16.17, 15.94, 16.1]
['2019-09-11', 16.16, 16.24, 15.96, 16.23]
['2019-09-12', 16.23, 16.24, 16.07, 16.17]
['2019-09-13', 16.2, 16.23, 16.09, 16.2]
['2019-09-16', 16.18, 16.34, 16.15, 16.29]
['2019-09-17', 16.31, 16.34, 16.08, 16.26]
['2019-09-18', 16.27, 16.41, 16.23, 16.4]
['2019-09-19', 16.42, 16.46, 16.31, 16.41]
['2019-09-20', 16.39, 16.49, 16.32, 16.4]
['2019-09-23', 16.33, 16.62, 16.33, 16.47]
['2019-09-24', 16.45, 16.65, 16.45, 16.59]
['2019-09-25', 16.6, 16.63, 16.45, 16.57]
['2019-09-26', 16.61, 16.73, 16.61, 16.73]
['2019-09-27', 16.38, 16.64, 16.28, 16.33]
['2019-09-30', 16.38, 16.92, 16.38, 16.69]
['2019-10-01', 16.59, 16.83, 16.46, 16.55]
['2019-10-02', 16.55, 16.55, 16.22, 16.33]
['2019-10-03', 16.31, 16.42, 16.09, 16.21]
['2019-10-04', 16.06, 16.33, 16.06, 16.31]
['2019-10-07', 16.21, 16.26, 15.99, 16.09]
['2019-10-08', 16.03, 16.1, 15.93, 16.01]
['2019-10-09', 16.1, 16.1, 15.96, 16.03]
['2019-10-10', 16.06, 16.14, 16.05, 16.11]
['2019-10-11', 16.22, 16.26, 16.16, 16.18]
['2019-10-14', 16.19, 16.25, 16.08, 16.15]
['2019-10-15', 16.16, 16.4, 16.16, 16.39]
['2019-10-16', 16.47, 16.65, 16.39, 16.64]
['2019-10-17', 16.65, 16.65, 16.32, 16.46]
['2019-10-18', 16.41, 16.47, 16.29, 16.38]
['2019-10-21', 16.38, 16.56, 16.38, 16.51]
['2019-10-22', 16.51, 16.54, 16.41, 16.42]
['2019-10-23', 16.45, 16.55, 16.4, 16.52]
['2019-10-24', 16.54, 16.56, 16.43, 16.44]
['2019-10-25', 16.45, 16.53, 16.43, 16.49]
['2019-10-28', 16.53, 16.58, 16.49, 16.56]
['2019-10-29', 16.57, 16.57, 16.47, 16.5]
['2019-10-30', 16.5, 16.64, 16.47, 16.59]
['2019-10-31', 16.58, 16.67, 16.51, 16.65]
['2019-11-01', 16.67, 16.8, 16.6, 16.73]
['2019-11-04', 16.78, 16.8, 16.62, 16.7]
['2019-11-05', 16.79, 16.83, 16.58, 16.73]
['2019-11-06', 16.73, 16.81, 16.66, 16.72]
['2019-11-07', 16.76, 16.86, 16.73, 16.78]
['2019-11-08', 16.74, 16.89, 16.73, 16.82]
['2019-11-11', 16.8, 16.87, 16.64, 16.79]
['2019-11-12', 16.77, 16.79, 16.7, 16.73]
['2019-11-13', 16.72, 16.86, 16.69, 16.77]
['2019-11-14', 16.79, 16.89, 16.79, 16.82]
['2019-11-15', 16.94, 16.94, 16.82, 16.87]
['2019-11-18', 16.88, 17.01, 16.77, 16.82]
['2019-11-19', 16.88, 17.0, 16.82, 17.0]
['2019-11-20', 17.0, 17.04, 16.91, 16.97]
['2019-11-21', 16.96, 16.96, 16.81, 16.81]
['2019-11-22', 16.82, 16.88, 16.76, 16.84]
['2019-11-25', 16.77, 16.96, 16.77, 16.96]
['2019-11-26', 16.95, 17.11, 16.93, 17.06]
['2019-11-27', 17.11, 17.11, 16.98, 16.99]
['2019-11-29', 17.03, 17.13, 16.95, 17.11]
['2019-12-02', 17.14, 17.19, 17.03, 17.15]
['2019-12-03', 17.1, 17.17, 17.08, 17.13]
['2019-12-04', 17.11, 17.24, 17.09, 17.15]
['2019-12-05', 17.12, 17.24, 17.12, 17.16]
['2019-12-06', 17.17, 17.36, 17.16, 17.28]
['2019-12-09', 17.19, 17.42, 17.17, 17.25]
['2019-12-10', 17.17, 17.36, 17.17, 17.22]
['2019-12-11', 17.24, 17.29, 17.15, 17.17]
['2019-12-12', 17.19, 17.25, 17.05, 17.18]
['2019-12-13', 17.16, 17.3, 17.07, 17.25]
['2019-12-16', 17.26, 17.42, 17.23, 17.32]
['2019-12-17', 17.36, 17.42, 17.25, 17.37]
['2019-12-18', 17.41, 17.43, 17.31, 17.38]
['2019-12-19', 17.31, 17.33, 17.21, 17.21]
['2019-12-20', 17.21, 17.31, 17.02, 17.04]
['2019-12-23', 17.0, 17.23, 17.0, 17.05]
['2019-12-24', 17.04, 17.07, 17.0, 17.01]
['2019-12-26', 17.0, 17.05, 16.66, 16.88]
['2019-12-27', 16.88, 16.97, 16.85, 16.91]
['2019-12-30', 16.94, 16.95, 16.78, 16.87]
['2019-12-31', 16.94, 17.03, 16.85, 16.87]
['2020-01-02', 16.91, 16.97, 16.78, 16.92]
['2020-01-03', 16.91, 17.06, 16.78, 16.98]
['2020-01-06', 16.97, 17.03, 16.92, 17.01]
['2020-01-07', 16.98, 17.04, 16.92, 17.03]
['2020-01-08', 16.97, 17.02, 16.84, 16.95]
['2020-01-09', 16.95, 17.08, 16.93, 16.98]
['2020-01-10', 16.99, 17.04, 16.87, 16.97]
['2020-01-13', 16.97, 17.01, 16.92, 16.96]
['2020-01-14', 16.96, 17.05, 16.93, 17.01]
['2020-01-15', 17.02, 17.08, 16.97, 17.08]
['2020-01-16', 17.13, 17.19, 17.11, 17.16]
['2020-01-17', 17.21, 17.27, 17.1, 17.17]
['2020-01-21', 17.3, 17.4, 17.19, 17.36]
['2020-01-22', 17.41, 17.45, 17.23, 17.36]
['2020-01-23', 17.34, 17.46, 17.32, 17.42]
['2020-01-24', 17.42, 17.59, 17.23, 17.25]
['2020-01-27', 17.25, 17.25, 17.07, 17.11]
['2020-01-28', 17.13, 17.16, 17.0, 17.06]
['2020-01-29', 17.07, 17.25, 17.07, 17.22]
['2020-01-30', 17.02, 17.21, 16.98, 17.15]
['2020-01-31', 17.19, 17.19, 17.03, 17.06]
['2020-02-03', 17.07, 17.16, 16.98, 17.08]
['2020-02-04', 17.09, 17.2, 17.07, 17.13]
['2020-02-05', 17.21, 17.26, 17.16, 17.26]
['2020-02-06', 17.35, 17.46, 17.22, 17.37]
['2020-02-07', 17.34, 17.38, 17.34, 17.38]
['2020-02-10', 17.38, 17.52, 17.32, 17.35]
['2020-02-11', 17.28, 17.41, 17.28, 17.31]
['2020-02-12', 17.33, 17.44, 17.31, 17.31]
['2020-02-13', 17.34, 17.56, 17.33, 17.56]
['2020-02-14', 17.56, 17.56, 17.35, 17.56]
['2020-02-18', 17.57, 17.65, 17.5, 17.65]
['2020-02-19', 17.65, 17.73, 17.51, 17.6]
['2020-02-20', 17.6, 17.72, 17.57, 17.64]
['2020-02-21', 17.43, 17.55, 17.16, 17.21]
['2020-02-24', 17.09, 17.19, 17.0, 17.18]
['2020-02-25', 17.12, 17.18, 16.55, 16.61]
['2020-02-26', 16.56, 17.06, 16.54, 16.9]
['2020-02-27', 16.74, 16.8, 15.6, 16.07]
['2020-02-28', 15.74, 15.87, 15.11, 15.51]
['2020-03-02', 15.57, 16.45, 15.57, 16.42]
['2020-03-03', 16.42, 16.75, 16.42, 16.63]
['2020-03-04', 16.83, 17.14, 16.8, 17.03]
['2020-03-05', 16.83, 17.06, 16.77, 16.86]
['2020-03-06', 16.56, 16.86, 16.42, 16.68]
['2020-03-09', 16.12, 16.12, 15.35, 15.42]
['2020-03-10', 15.79, 16.05, 15.11, 15.62]
['2020-03-11', 15.35, 15.54, 14.87, 15.02]
['2020-03-12', 14.12, 14.12, 12.55, 12.81]
['2020-03-13', 13.43, 13.52, 12.52, 12.91]
['2020-03-16', 11.61, 11.61, 10.68, 11.37]
['2020-03-17', 11.41, 11.65, 10.06, 10.06]
['2020-03-18', 9.78, 9.82, 7.07, 7.07]
['2020-03-19', 7.05, 10.32, 6.19, 10.22]
['2020-03-20', 10.04, 11.37, 8.9, 9.02]
['2020-03-23', 8.92, 8.99, 6.4, 6.83]
['2020-03-24', 7.3, 9.34, 7.3, 8.77]
['2020-03-25', 8.84, 11.21, 8.35, 9.61]
['2020-03-26', 9.78, 12.28, 9.78, 10.72]
['2020-03-27', 10.67, 11.17, 9.63, 9.64]
['2020-03-30', 9.63, 10.32, 8.86, 9.48]
['2020-03-31', 9.57, 10.52, 9.33, 9.54]
['2020-04-01', 9.26, 9.53, 8.84, 9.32]
['2020-04-02', 9.33, 9.57, 9.16, 9.31]
['2020-04-03', 9.36, 10.3, 9.16, 9.37]
['2020-04-06', 9.77, 10.32, 9.49, 10.07]
['2020-04-07', 10.42, 11.12, 10.42, 10.64]
['2020-04-08', 10.91, 12.12, 10.84, 11.74]
['2020-04-09', 11.96, 12.97, 11.4, 11.4]
['2020-04-13', 11.41, 12.55, 11.25, 11.81]
['2020-04-14', 11.72, 12.63, 11.72, 11.98]
['2020-04-15', 11.71, 11.76, 11.38, 11.51]
['2020-04-16', 11.51, 11.71, 10.99, 11.2]
['2020-04-17', 11.52, 12.07, 11.38, 11.73]
['2020-04-20', 11.69, 12.08, 11.34, 11.54]
['2020-04-21', 11.44, 11.77, 11.24, 11.69]
['2020-04-22', 11.91, 11.96, 11.66, 11.66]
['2020-04-23', 11.8, 11.91, 11.38, 11.63]
['2020-04-24', 11.73, 12.16, 11.66, 12.16]
['2020-04-27', 12.44, 12.59, 11.98, 12.41]
['2020-04-28', 12.6, 12.6, 12.11, 12.14]
['2020-04-29', 12.26, 12.92, 12.17, 12.57]
['2020-04-30', 12.47, 13.05, 12.22, 13.02]
['2020-05-01', 12.88, 12.88, 12.48, 12.63]
['2020-05-04', 12.48, 12.48, 11.7, 12.3]
['2020-05-05', 12.48, 12.7, 11.06, 11.65]
['2020-05-06', 11.63, 11.91, 11.26, 11.51]
['2020-05-07', 11.61, 11.85, 10.96, 11.24]
['2020-05-08', 11.26, 12.41, 10.93, 12.04]
['2020-05-11', 11.96, 12.11, 11.7, 12.06]
['2020-05-12', 12.06, 12.11, 11.77, 11.99]
['2020-05-13', 11.98, 12.06, 11.41, 11.56]
['2020-05-14', 11.41, 11.72, 10.87, 11.61]
['2020-05-15', 11.48, 11.67, 10.92, 11.48]
['2020-05-18', 11.89, 12.3, 11.79, 12.19]
['2020-05-19', 12.26, 12.77, 12.26, 12.62]
['2020-05-20', 12.92, 13.36, 12.76, 12.95]
['2020-05-21', 13.1, 13.38, 12.9, 13.17]
['2020-05-22', 13.27, 13.27, 12.81, 12.95]
['2020-05-26', 13.1, 13.28, 12.82, 12.83]
['2020-05-27', 12.82, 13.19, 12.75, 13.08]
['2020-05-28', 13.18, 13.23, 12.73, 12.91]
['2020-05-29', 12.8, 13.17, 12.55, 12.79]
