['2017-04-28', 7.5, 9.9, 7.5, 8.76]
['2017-05-01', 9.5, 9.5, 7.55, 8.02]
['2017-05-02', 8.51, 9.4, 7.5, 7.841]
['2017-05-03', 7.98, 8.0, 6.12, 6.47]
['2017-05-04', 6.45, 6.45, 5.21, 5.77]
['2017-05-05', 5.71, 5.96, 5.6, 5.6]
['2017-05-08', 5.81, 6.47, 5.64, 5.96]
['2017-05-09', 6.0, 6.154, 5.65, 5.93]
['2017-05-10', 5.93, 6.061, 5.51, 5.58]
['2017-05-11', 5.57, 5.61, 5.1, 5.44]
['2017-05-12', 5.21, 5.6, 5.21, 5.52]
['2017-05-15', 5.3, 5.74, 5.3, 5.62]
['2017-05-16', 5.7, 5.7, 5.421, 5.56]
['2017-05-17', 5.55, 5.6, 5.2, 5.27]
['2017-05-18', 5.3, 5.5, 5.11, 5.18]
['2017-05-19', 5.35, 5.36, 5.21, 5.3]
['2017-05-22', 5.35, 5.44, 5.19, 5.35]
['2017-05-23', 5.33, 5.39, 5.19, 5.26]
['2017-05-24', 5.24, 5.29, 5.12, 5.28]
['2017-05-25', 5.25, 5.35, 5.11, 5.13]
['2017-05-26', 5.23, 5.234, 4.6, 5.14]
['2017-05-30', 5.14, 5.14, 4.944, 5.0]
['2017-05-31', 5.0, 5.04, 4.61, 4.71]
['2017-06-01', 4.64, 5.25, 4.64, 5.16]
['2017-06-02', 4.65, 4.88, 4.65, 4.87]
['2017-06-05', 4.8, 4.95, 4.8, 4.94]
['2017-06-06', 4.92, 4.93, 4.8, 4.82]
['2017-06-07', 5.1, 5.786, 5.02, 5.05]
['2017-06-08', 5.12, 5.63, 5.12, 5.49]
['2017-06-09', 5.59, 6.71, 5.38, 6.16]
['2017-06-12', 6.1, 6.5, 5.93, 6.16]
['2017-06-13', 6.3, 6.405, 6.0, 6.06]
['2017-06-14', 6.39, 6.39, 6.05, 6.1]
['2017-06-15', 6.1, 6.1, 5.93, 5.98]
['2017-06-16', 5.99, 6.13, 5.95, 6.0]
['2017-06-19', 5.97, 6.09, 5.75, 6.0]
['2017-06-20', 6.05, 6.1, 5.9, 6.05]
['2017-06-21', 6.26, 6.26, 5.96, 6.11]
['2017-06-22', 6.17, 6.5, 6.11, 6.41]
['2017-06-23', 6.4, 7.23, 6.37, 6.82]
['2017-06-26', 6.78, 7.19, 6.78, 6.81]
['2017-06-27', 6.841, 6.93, 6.5, 6.64]
['2017-06-28', 6.7, 7.15, 6.45, 6.57]
['2017-06-29', 6.57, 6.57, 6.16, 6.24]
['2017-06-30', 6.2, 6.364, 5.88, 5.88]
['2017-07-03', 5.91, 6.15, 5.91, 5.95]
['2017-07-05', 5.95, 6.0, 5.597, 5.85]
['2017-07-06', 5.79, 5.9, 5.665, 5.68]
['2017-07-07', 5.96, 5.96, 5.6, 5.68]
['2017-07-10', 5.65, 5.7, 5.5, 5.51]
['2017-07-11', 6.15, 6.17, 5.685, 6.04]
['2017-07-12', 6.41, 6.527, 6.117, 6.31]
['2017-07-13', 6.34, 6.51, 6.11, 6.18]
['2017-07-14', 6.15, 6.42, 6.1, 6.2]
['2017-07-17', 6.2, 6.23, 5.81, 5.9]
['2017-07-18', 5.99, 5.99, 5.65, 5.84]
['2017-07-19', 5.91, 5.95, 5.8, 5.9]
['2017-07-20', 5.81, 6.18, 5.79, 6.01]
['2017-07-21', 6.15, 6.15, 5.745, 5.95]
['2017-07-24', 5.77, 6.0, 5.77, 5.95]
['2017-07-25', 5.96, 6.0, 5.871, 5.92]
['2017-07-26', 5.87, 5.94, 5.8, 5.92]
['2017-07-27', 5.85, 5.96, 5.802, 5.85]
['2017-07-28', 5.92, 5.92, 5.67, 5.78]
['2017-07-31', 5.76, 5.795, 5.6, 5.73]
['2017-08-01', 5.66, 5.76, 5.6, 5.76]
['2017-08-02', 5.79, 5.87, 5.56, 5.81]
['2017-08-03', 5.659, 5.85, 5.659, 5.85]
['2017-08-04', 5.77, 6.15, 5.71, 6.1]
['2017-08-07', 5.92, 6.24, 5.92, 6.2]
['2017-08-08', 6.01, 6.16, 5.88, 6.0]
['2017-08-09', 6.25, 6.25, 5.809, 5.86]
['2017-08-10', 5.86, 5.99, 5.75, 5.78]
['2017-08-11', 5.97, 5.97, 5.602, 5.67]
['2017-08-14', 6.0, 6.0, 5.66, 5.75]
['2017-08-15', 5.75, 5.84, 5.67, 5.7]
['2017-08-16', 5.7, 5.82, 5.6, 5.68]
['2017-08-17', 5.72, 5.88, 5.57, 5.57]
['2017-08-18', 5.57, 5.72, 5.5, 5.5]
['2017-08-21', 5.58, 5.58, 5.32, 5.49]
['2017-08-22', 5.45, 5.45, 5.1, 5.33]
['2017-08-23', 5.07, 5.29, 5.07, 5.1]
['2017-08-24', 5.07, 5.23, 5.07, 5.13]
['2017-08-25', 5.35, 5.35, 5.2, 5.3]
['2017-08-28', 5.3, 5.49, 5.28, 5.39]
['2017-08-29', 5.39, 5.585, 5.36, 5.41]
['2017-08-30', 5.37, 5.451, 5.32, 5.36]
['2017-08-31', 5.4, 5.63, 5.25, 5.25]
['2017-09-01', 5.25, 5.3, 5.2, 5.24]
['2017-09-05', 5.26, 5.68, 5.26, 5.63]
['2017-09-06', 5.69, 6.4, 5.61, 6.05]
['2017-09-07', 6.05, 6.5, 6.05, 6.45]
['2017-09-08', 6.499, 6.88, 6.35, 6.8]
['2017-09-11', 7.19, 7.5, 6.811, 7.16]
['2017-09-12', 7.24, 7.69, 7.14, 7.58]
['2017-09-13', 7.7, 8.339, 7.61, 8.03]
['2017-09-14', 8.13, 9.69, 7.881, 9.4]
['2017-09-15', 9.8, 9.85, 8.55, 8.55]
['2017-09-18', 8.43, 8.49, 7.68, 8.49]
['2017-09-19', 8.39, 8.95, 8.13, 8.71]
['2017-09-20', 8.94, 8.94, 8.435, 8.84]
['2017-09-21', 8.73, 9.5, 8.37, 9.47]
['2017-09-22', 9.93, 10.0, 9.31, 9.55]
['2017-09-25', 9.5, 9.5, 8.97, 9.24]
['2017-09-26', 9.5, 9.5, 8.915, 9.24]
['2017-09-27', 9.69, 9.78, 9.1, 9.22]
['2017-09-28', 9.29, 9.74, 8.61, 9.21]
['2017-09-29', 9.1, 9.45, 9.0, 9.35]
['2017-10-02', 9.23, 9.45, 8.92, 9.36]
['2017-10-03', 9.36, 9.45, 9.061, 9.45]
['2017-10-04', 9.41, 9.5, 9.33, 9.45]
['2017-10-05', 9.32, 9.55, 9.32, 9.5]
['2017-10-06', 9.51, 9.55, 9.348, 9.49]
['2017-10-09', 9.45, 9.46, 8.75, 9.08]
['2017-10-10', 9.13, 9.36, 9.04, 9.24]
['2017-10-11', 9.25, 9.32, 9.136, 9.32]
['2017-10-12', 9.11, 9.35, 9.1, 9.32]
['2017-10-13', 9.35, 9.49, 9.15, 9.38]
['2017-10-16', 9.36, 9.403, 8.81, 9.37]
['2017-10-17', 9.3, 9.32, 9.02, 9.32]
['2017-10-18', 9.24, 9.24, 8.84, 8.99]
['2017-10-19', 9.0, 9.0, 8.35, 8.69]
['2017-10-20', 8.61, 8.69, 8.28, 8.49]
['2017-10-23', 8.51, 9.09, 8.49, 9.02]
['2017-10-24', 8.99, 9.28, 8.99, 9.21]
['2017-10-25', 7.98, 8.713, 7.85, 8.26]
['2017-10-26', 8.29, 8.9, 8.21, 8.7]
['2017-10-27', 8.55, 8.64, 8.31, 8.6]
['2017-10-30', 8.6, 9.35, 8.54, 9.28]
['2017-10-31', 9.32, 9.32, 9.1, 9.31]
['2017-11-01', 9.27, 9.27, 9.1, 9.23]
['2017-11-02', 9.3, 9.4, 9.109, 9.25]
['2017-11-03', 9.25, 9.43, 9.1, 9.42]
['2017-11-06', 9.36, 9.36, 9.17, 9.32]
['2017-11-07', 9.27, 9.5, 9.12, 9.46]
['2017-11-08', 9.5, 9.5, 9.28, 9.35]
['2017-11-09', 9.5, 9.54, 8.44, 9.05]
['2017-11-10', 9.12, 9.72, 8.84, 9.53]
['2017-11-13', 9.54, 10.0, 9.54, 9.88]
['2017-11-14', 9.94, 10.85, 9.78, 10.66]
['2017-11-15', 10.72, 11.44, 10.59, 11.18]
['2017-11-16', 11.4, 12.17, 11.3, 11.66]
['2017-11-17', 11.74, 11.99, 10.98, 11.22]
['2017-11-20', 11.24, 11.71, 10.971, 11.44]
['2017-11-21', 11.51, 12.12, 11.46, 11.79]
['2017-11-22', 11.84, 11.99, 11.5, 11.87]
['2017-11-24', 11.85, 12.35, 11.75, 11.91]
['2017-11-27', 11.91, 12.29, 11.78, 11.98]
['2017-11-28', 12.0, 12.38, 11.81, 12.2]
['2017-11-29', 12.5, 12.89, 12.48, 12.72]
['2017-11-30', 12.78, 13.0, 12.618, 12.95]
['2017-12-01', 13.0, 13.5, 12.4, 13.49]
['2017-12-04', 13.56, 14.0, 13.0, 13.05]
['2017-12-05', 13.13, 13.33, 12.56, 12.78]
['2017-12-06', 12.71, 13.24, 12.59, 13.14]
['2017-12-07', 13.13, 13.63, 13.13, 13.5]
['2017-12-08', 13.54, 14.23, 13.5, 14.12]
['2017-12-11', 14.24, 15.26, 14.24, 14.49]
['2017-12-12', 14.65, 14.98, 14.4, 14.53]
['2017-12-13', 14.5, 15.687, 14.48, 15.32]
['2017-12-14', 15.28, 15.47, 14.92, 15.01]
['2017-12-15', 15.09, 15.3, 14.99, 15.21]
['2017-12-18', 15.5, 16.24, 15.47, 15.88]
['2017-12-19', 15.86, 16.86, 15.5, 16.76]
['2017-12-20', 16.91, 17.187, 16.27, 16.39]
['2017-12-21', 16.45, 16.71, 16.16, 16.18]
['2017-12-22', 16.11, 16.505, 16.11, 16.3]
['2017-12-26', 16.16, 16.49, 15.061, 15.23]
['2017-12-27', 15.24, 15.25, 13.62, 14.57]
['2017-12-28', 14.39, 15.12, 14.17, 14.93]
['2017-12-29', 15.0, 15.135, 14.727, 14.84]
['2018-01-02', 14.98, 15.09, 14.69, 14.87]
['2018-01-03', 15.0, 15.54, 14.88, 14.95]
['2018-01-04', 15.04, 15.205, 14.87, 14.92]
['2018-01-05', 14.85, 14.99, 14.475, 14.49]
['2018-01-08', 14.69, 14.69, 13.95, 14.01]
['2018-01-09', 13.92, 14.18, 13.5, 13.8]
['2018-01-10', 13.54, 13.54, 13.0, 13.33]
['2018-01-11', 13.4, 13.4, 12.194, 13.05]
['2018-01-12', 13.0, 13.467, 12.61, 13.05]
['2018-01-16', 13.09, 13.156, 12.19, 12.21]
['2018-01-17', 12.19, 12.33, 11.351, 11.94]
['2018-01-18', 12.03, 12.805, 11.66, 12.68]
['2018-01-19', 12.75, 13.26, 12.12, 13.0]
['2018-01-22', 13.06, 13.58, 12.911, 13.04]
['2018-01-23', 13.07, 13.36, 12.82, 12.94]
['2018-01-24', 12.88, 12.92, 12.36, 12.7]
['2018-01-25', 12.64, 13.182, 12.5, 12.63]
['2018-01-26', 12.59, 12.59, 11.8, 11.87]
['2018-01-29', 11.75, 11.98, 11.49, 11.59]
['2018-01-30', 11.56, 11.79, 11.01, 11.69]
['2018-01-31', 11.69, 11.9, 11.48, 11.86]
['2018-02-01', 11.75, 12.0, 11.75, 11.86]
['2018-02-02', 11.76, 11.76, 11.29, 11.45]
['2018-02-05', 11.38, 11.568, 11.211, 11.31]
['2018-02-06', 11.14, 11.99, 11.14, 11.77]
['2018-02-07', 11.85, 12.07, 11.64, 11.81]
['2018-02-08', 11.79, 11.944, 11.33, 11.6]
['2018-02-09', 11.72, 11.84, 11.08, 11.7]
['2018-02-12', 11.78, 12.37, 11.76, 11.85]
['2018-02-13', 11.85, 12.53, 11.77, 12.5]
['2018-02-14', 12.37, 13.708, 12.09, 13.41]
['2018-02-15', 13.71, 13.95, 12.21, 12.7]
['2018-02-16', 12.61, 12.62, 12.14, 12.39]
['2018-02-20', 12.34, 12.58, 11.85, 11.93]
['2018-02-21', 11.99, 12.481, 11.31, 11.39]
['2018-02-22', 11.5, 11.78, 11.27, 11.34]
['2018-02-23', 11.43, 11.51, 11.04, 11.51]
['2018-02-26', 11.51, 11.85, 11.25, 11.57]
['2018-02-27', 11.52, 11.87, 11.1, 11.13]
['2018-02-28', 11.15, 11.44, 11.1, 11.12]
['2018-03-01', 11.1, 11.29, 10.37, 11.05]
['2018-03-02', 11.01, 11.509, 10.88, 11.28]
['2018-03-05', 11.23, 11.74, 11.15, 11.46]
['2018-03-06', 11.42, 11.7, 11.055, 11.23]
['2018-03-07', 11.19, 11.438, 10.92, 11.33]
['2018-03-08', 11.39, 11.56, 11.05, 11.26]
['2018-03-09', 11.29, 11.29, 10.81, 10.98]
['2018-03-12', 9.8, 11.599, 9.43, 10.55]
['2018-03-13', 9.8, 11.599, 9.8, 10.53]
['2018-03-14', 10.56, 10.98, 10.51, 10.52]
['2018-03-15', 11.25, 11.25, 9.97, 10.06]
['2018-03-16', 10.1, 10.31, 9.6, 10.17]
['2018-03-19', 10.09, 10.47, 9.865, 10.42]
['2018-03-20', 10.41, 10.61, 10.23, 10.4]
['2018-03-21', 10.37, 10.67, 10.1, 10.16]
['2018-03-22', 10.08, 10.45, 10.0, 10.06]
['2018-03-23', 10.09, 10.12, 10.01, 10.12]
['2018-03-26', 10.18, 10.18, 9.82, 9.94]
['2018-03-27', 9.91, 9.96, 9.2, 9.25]
['2018-03-28', 9.24, 9.3, 8.62, 8.99]
['2018-03-29', 8.96, 9.365, 8.9, 9.2]
['2018-04-02', 9.18, 9.41, 8.66, 8.93]
['2018-04-03', 8.98, 9.25, 8.71, 8.82]
['2018-04-04', 8.72, 9.02, 8.48, 8.87]
['2018-04-05', 8.92, 9.18, 8.75, 8.81]
['2018-04-06', 8.77, 8.87, 8.51, 8.61]
['2018-04-09', 8.76, 9.0, 8.607, 8.67]
['2018-04-10', 8.72, 9.308, 8.715, 9.08]
['2018-04-11', 9.06, 9.61, 9.06, 9.26]
['2018-04-12', 9.22, 9.49, 9.005, 9.42]
['2018-04-13', 9.47, 9.65, 9.1, 9.22]
['2018-04-16', 9.26, 9.28, 8.905, 9.19]
['2018-04-17', 9.24, 9.66, 9.11, 9.51]
['2018-04-18', 9.48, 9.65, 9.25, 9.39]
['2018-04-19', 9.37, 9.59, 9.04, 9.13]
['2018-04-20', 9.16, 9.35, 9.068, 9.17]
['2018-04-23', 9.19, 9.32, 9.08, 9.27]
['2018-04-24', 9.29, 9.31, 8.81, 8.95]
['2018-04-25', 8.95, 8.975, 8.57, 8.63]
['2018-04-26', 8.64, 9.06, 8.6, 8.99]
['2018-04-27', 9.01, 9.13, 8.945, 9.02]
['2018-04-30', 9.03, 9.3, 8.95, 9.26]
['2018-05-01', 9.25, 9.59, 9.2, 9.48]
['2018-05-02', 9.45, 9.74, 9.36, 9.61]
['2018-05-03', 9.57, 9.63, 9.37, 9.42]
['2018-05-04', 9.39, 9.74, 9.39, 9.63]
['2018-05-07', 9.62, 9.98, 9.62, 9.76]
['2018-05-08', 9.75, 10.0, 9.59, 9.93]
['2018-05-09', 9.92, 10.0, 9.545, 9.79]
['2018-05-10', 9.4, 9.83, 9.15, 9.35]
['2018-05-11', 9.37, 9.7, 9.22, 9.66]
['2018-05-14', 9.7, 9.775, 9.41, 9.46]
['2018-05-15', 9.44, 9.69, 9.2, 9.5]
['2018-05-16', 9.48, 9.53, 9.32, 9.41]
['2018-05-17', 9.35, 9.55, 9.07, 9.35]
['2018-05-18', 9.3, 9.43, 9.01, 9.13]
['2018-05-21', 9.18, 9.18, 8.75, 8.93]
['2018-05-22', 9.21, 9.21, 8.77, 8.8]
['2018-05-23', 8.77, 8.96, 8.51, 8.56]
['2018-05-24', 8.54, 8.7, 8.41, 8.55]
['2018-05-25', 8.99, 9.1, 8.7, 8.88]
['2018-05-29', 9.2, 10.52, 9.2, 10.44]
['2018-05-30', 10.49, 11.23, 10.11, 10.87]
['2018-05-31', 10.95, 11.19, 10.05, 10.12]
['2018-06-01', 10.15, 10.199, 9.64, 9.69]
['2018-06-04', 9.73, 10.0, 9.26, 9.42]
['2018-06-05', 9.46, 9.59, 9.225, 9.56]
['2018-06-06', 9.57, 9.79, 9.45, 9.71]
['2018-06-07', 9.7, 9.76, 9.3, 9.42]
['2018-06-08', 10.85, 12.68, 10.61, 11.41]
['2018-06-11', 11.77, 12.33, 11.15, 11.43]
['2018-06-12', 11.5, 12.28, 11.04, 11.96]
['2018-06-13', 11.8, 12.2, 11.685, 12.11]
['2018-06-14', 12.09, 12.58, 12.09, 12.47]
['2018-06-15', 12.5, 13.5, 12.5, 13.23]
['2018-06-18', 13.18, 13.531, 12.69, 13.46]
['2018-06-19', 13.29, 13.58, 12.86, 13.52]
['2018-06-20', 13.57, 14.06, 13.21, 13.76]
['2018-06-21', 13.68, 13.799, 11.56, 12.26]
['2018-06-22', 12.34, 12.34, 11.51, 12.19]
['2018-06-25', 12.2, 12.67, 12.01, 12.13]
['2018-06-26', 12.14, 12.2, 11.42, 11.6]
['2018-06-27', 11.6, 11.82, 11.23, 11.24]
['2018-06-28', 11.11, 11.32, 10.87, 11.31]
['2018-06-29', 11.4, 11.5, 11.17, 11.32]
['2018-07-02', 11.17, 11.83, 11.15, 11.81]
['2018-07-03', 11.9, 12.2, 11.77, 12.0]
['2018-07-05', 12.03, 12.54, 11.98, 12.53]
['2018-07-06', 12.48, 12.68, 11.96, 12.25]
['2018-07-09', 12.29, 12.57, 12.04, 12.42]
['2018-07-10', 12.47, 12.6, 12.27, 12.45]
['2018-07-11', 12.35, 12.74, 12.27, 12.48]
['2018-07-12', 12.52, 12.7, 12.16, 12.67]
['2018-07-13', 12.66, 12.88, 12.62, 12.72]
['2018-07-16', 12.72, 12.72, 12.1, 12.34]
['2018-07-17', 12.34, 12.6, 12.29, 12.49]
['2018-07-18', 12.47, 12.64, 12.19, 12.32]
['2018-07-19', 12.34, 12.84, 12.24, 12.69]
['2018-07-20', 12.66, 13.2, 12.53, 12.59]
['2018-07-23', 12.71, 13.249, 12.59, 12.7]
['2018-07-24', 12.7, 13.05, 12.65, 12.75]
['2018-07-25', 12.7, 13.1, 12.7, 12.87]
['2018-07-26', 11.62, 11.89, 11.12, 11.51]
['2018-07-27', 11.62, 12.01, 11.4, 11.875]
['2018-07-30', 11.84, 11.84, 10.68, 11.21]
['2018-07-31', 11.09, 11.55, 10.755, 11.01]
['2018-08-01', 11.0, 11.44, 10.76, 11.25]
['2018-08-02', 11.18, 11.44, 11.06, 11.26]
['2018-08-03', 11.18, 11.48, 11.04, 11.16]
['2018-08-06', 11.2, 11.82, 11.15, 11.5]
['2018-08-07', 11.51, 11.85, 11.3, 11.5]
['2018-08-08', 11.48, 11.64, 11.18, 11.44]
['2018-08-09', 11.44, 11.61, 11.248, 11.52]
['2018-08-10', 10.91, 11.4, 10.705, 11.14]
['2018-08-13', 11.08, 11.08, 10.7, 10.89]
['2018-08-14', 10.92, 11.23, 10.39, 10.57]
['2018-08-15', 10.51, 10.6, 10.25, 10.49]
['2018-08-16', 10.55, 10.7, 10.09, 10.61]
['2018-08-17', 10.56, 10.96, 10.56, 10.6]
['2018-08-20', 10.66, 10.86, 10.5, 10.62]
['2018-08-21', 10.62, 10.91, 10.59, 10.74]
['2018-08-22', 10.79, 11.07, 10.68, 10.87]
['2018-08-23', 10.87, 11.04, 10.81, 10.97]
['2018-08-24', 11.0, 11.09, 10.5, 10.85]
['2018-08-27', 10.81, 11.29, 10.61, 11.19]
['2018-08-28', 11.22, 11.51, 11.16, 11.17]
['2018-08-29', 11.21, 11.473, 11.14, 11.24]
['2018-08-30', 11.25, 11.75, 11.25, 11.44]
['2018-08-31', 11.36, 11.79, 11.36, 11.76]
['2018-09-04', 11.78, 11.78, 11.08, 11.21]
['2018-09-05', 11.18, 11.21, 10.861, 11.15]
['2018-09-06', 11.16, 11.2, 10.88, 11.11]
['2018-09-07', 11.0, 11.31, 10.89, 11.21]
['2018-09-10', 11.2, 11.21, 10.8, 10.86]
['2018-09-11', 10.84, 10.95, 10.6, 10.72]
['2018-09-12', 10.67, 11.305, 10.53, 11.16]
['2018-09-13', 11.28, 11.84, 11.12, 11.52]
['2018-09-14', 11.55, 11.75, 10.709, 11.59]
['2018-09-17', 11.56, 11.775, 11.072, 11.14]
['2018-09-18', 11.18, 11.33, 11.02, 11.22]
['2018-09-19', 11.18, 11.49, 11.02, 11.2]
['2018-09-20', 11.29, 11.32, 11.13, 11.24]
['2018-09-21', 11.23, 11.3, 11.05, 11.21]
['2018-09-24', 11.14, 11.23, 10.995, 11.12]
['2018-09-25', 11.17, 11.33, 11.085, 11.17]
['2018-09-26', 11.17, 11.25, 11.01, 11.07]
['2018-09-27', 11.03, 11.26, 11.03, 11.11]
['2018-09-28', 11.1, 11.31, 11.1, 11.16]
['2018-10-01', 11.19, 11.481, 10.1, 10.62]
['2018-10-02', 10.64, 11.19, 10.64, 10.82]
['2018-10-03', 10.82, 11.025, 10.58, 10.92]
['2018-10-04', 10.88, 11.0, 10.652, 10.78]
['2018-10-05', 10.81, 10.96, 10.09, 10.4]
['2018-10-08', 10.35, 10.6, 10.07, 10.34]
['2018-10-09', 10.26, 10.665, 10.146, 10.56]
['2018-10-10', 10.5, 10.82, 9.98, 9.98]
['2018-10-11', 9.94, 10.57, 9.94, 9.98]
['2018-10-12', 10.15, 10.36, 9.87, 9.93]
['2018-10-15', 10.28, 10.3, 9.84, 10.2]
['2018-10-16', 10.27, 10.77, 10.27, 10.73]
['2018-10-17', 10.74, 10.81, 10.44, 10.7]
['2018-10-18', 10.66, 10.66, 9.94, 10.01]
['2018-10-19', 9.98, 10.105, 9.36, 9.49]
['2018-10-22', 9.52, 9.54, 9.2, 9.38]
['2018-10-23', 9.24, 9.85, 9.24, 9.69]
['2018-10-24', 9.65, 9.84, 9.28, 9.3]
['2018-10-25', 9.31, 9.8, 9.25, 9.41]
['2018-10-26', 9.29, 9.48, 8.941, 9.2]
['2018-10-29', 9.27, 9.38, 8.7, 8.8]
['2018-10-30', 8.78, 9.2, 8.67, 9.09]
['2018-10-31', 9.26, 9.26, 8.88, 9.0]
['2018-11-01', 9.07, 9.4, 9.014, 9.31]
['2018-11-02', 9.35, 9.63, 9.28, 9.39]
['2018-11-05', 9.38, 9.46, 9.0, 9.26]
['2018-11-06', 9.25, 9.76, 9.198, 9.57]
['2018-11-07', 9.68, 9.9, 9.6, 9.82]
['2018-11-08', 9.67, 10.92, 9.655, 10.77]
['2018-11-09', 10.73, 11.29, 10.73, 10.88]
['2018-11-12', 10.78, 10.78, 9.73, 9.85]
['2018-11-13', 9.92, 9.92, 9.28, 9.415]
['2018-11-14', 9.59, 9.65, 9.09, 9.24]
['2018-11-15', 9.26, 9.548, 9.26, 9.51]
['2018-11-16', 9.4, 9.675, 9.25, 9.39]
['2018-11-19', 9.37, 9.615, 8.9, 8.96]
['2018-11-20', 8.9, 9.115, 8.55, 8.66]
['2018-11-21', 8.78, 8.89, 8.7, 8.74]
['2018-11-23', 8.72, 9.08, 8.49, 8.61]
['2018-11-26', 8.7, 8.97, 8.65, 8.83]
['2018-11-27', 8.7, 8.9, 8.54, 8.68]
['2018-11-28', 8.69, 9.0, 8.64, 8.86]
['2018-11-29', 8.87, 9.065, 8.79, 8.84]
['2018-11-30', 8.93, 9.18, 8.63, 8.97]
['2018-12-03', 9.16, 9.4, 8.9, 9.09]
['2018-12-04', 9.01, 9.2, 8.38, 8.44]
['2018-12-06', 8.18, 8.5, 7.62, 7.88]
['2018-12-07', 7.94, 8.14, 7.61, 7.63]
['2018-12-10', 7.5, 7.68, 7.05, 7.41]
['2018-12-11', 7.5, 7.769, 7.25, 7.59]
['2018-12-12', 7.69, 8.01, 7.47, 7.81]
['2018-12-13', 7.85, 7.98, 7.26, 7.33]
['2018-12-14', 7.31, 7.64, 7.196, 7.44]
['2018-12-17', 7.38, 7.61, 7.05, 7.1]
['2018-12-18', 7.14, 7.4, 7.01, 7.22]
['2018-12-19', 7.17, 7.25, 6.28, 6.56]
['2018-12-20', 6.46, 6.68, 6.26, 6.3]
['2018-12-21', 6.29, 6.54, 6.21, 6.27]
['2018-12-24', 6.4, 7.54, 6.39, 7.42]
['2018-12-26', 7.31, 7.83, 7.28, 7.74]
['2018-12-27', 7.63, 7.9, 7.573, 7.88]
['2018-12-28', 7.88, 8.06, 7.3, 7.36]
['2018-12-31', 7.34, 7.86, 7.24, 7.57]
['2019-01-02', 7.48, 7.91, 7.24, 7.62]
['2019-01-03', 7.52, 7.69, 7.33, 7.36]
['2019-01-04', 7.49, 7.85, 7.28, 7.6]
['2019-01-07', 7.69, 8.0, 7.41, 7.89]
['2019-01-08', 7.96, 8.0, 7.61, 7.82]
['2019-01-09', 7.86, 8.01, 7.82, 7.89]
['2019-01-10', 7.9, 8.17, 7.6, 7.74]
['2019-01-11', 7.75, 7.89, 7.58, 7.76]
['2019-01-14', 7.72, 7.75, 7.52, 7.52]
['2019-01-15', 7.55, 7.65, 7.35, 7.54]
['2019-01-16', 7.55, 7.786, 7.38, 7.4]
['2019-01-17', 7.36, 7.65, 7.35, 7.37]
['2019-01-18', 7.38, 7.47, 7.3, 7.38]
['2019-01-22', 7.26, 7.45, 7.0, 7.15]
['2019-01-23', 7.16, 7.72, 7.1, 7.43]
['2019-01-24', 7.4, 7.565, 7.3, 7.43]
['2019-01-25', 7.55, 7.81, 7.38, 7.7]
['2019-01-28', 7.63, 7.63, 7.38, 7.38]
['2019-01-29', 7.38, 7.6, 7.108, 7.32]
['2019-01-30', 7.4, 7.69, 7.27, 7.48]
['2019-01-31', 7.48, 7.76, 7.48, 7.59]
['2019-02-01', 7.6, 7.68, 7.49, 7.56]
['2019-02-04', 7.56, 7.75, 7.5, 7.59]
['2019-02-05', 7.6, 7.77, 7.46, 7.58]
['2019-02-06', 7.58, 7.58, 7.25, 7.4]
['2019-02-07', 7.28, 7.62, 7.28, 7.4]
['2019-02-08', 7.35, 7.59, 7.29, 7.53]
['2019-02-11', 7.59, 7.59, 7.07, 7.21]
['2019-02-12', 7.29, 7.34, 7.01, 7.13]
['2019-02-13', 7.19, 7.36, 7.1, 7.16]
['2019-02-14', 7.11, 7.285, 6.77, 6.95]
['2019-02-15', 7.0, 7.06, 6.82, 6.86]
['2019-02-19', 6.89, 7.02, 6.62, 6.79]
['2019-02-20', 6.78, 6.98, 6.58, 6.71]
['2019-02-21', 6.71, 6.76, 6.58, 6.72]
['2019-02-22', 6.8, 6.88, 6.7, 6.76]
['2019-02-25', 6.84, 6.94, 6.74, 6.89]
['2019-02-26', 6.89, 6.89, 6.61, 6.72]
['2019-02-27', 6.63, 7.03, 6.63, 6.89]
['2019-02-28', 6.97, 7.263, 6.77, 6.88]
['2019-03-01', 6.94, 7.46, 6.77, 7.45]
['2019-03-04', 7.45, 7.6, 7.205, 7.57]
['2019-03-05', 7.54, 8.31, 7.39, 8.14]
['2019-03-06', 8.09, 8.09, 7.33, 7.4]
['2019-03-07', 7.43, 7.73, 7.13, 7.64]
['2019-03-08', 7.64, 7.82, 7.35, 7.77]
['2019-03-11', 7.79, 8.15, 7.59, 8.05]
['2019-03-12', 8.06, 8.53, 7.95, 8.49]
['2019-03-13', 8.62, 8.64, 8.36, 8.6]
['2019-03-14', 8.63, 8.67, 7.74, 8.13]
['2019-03-15', 8.09, 8.22, 7.88, 8.06]
['2019-03-18', 8.04, 8.33, 7.89, 8.26]
['2019-03-19', 8.24, 8.29, 7.94, 8.03]
['2019-03-20', 8.02, 8.2, 7.79, 8.0]
['2019-03-21', 8.0, 8.14, 7.93, 8.04]
['2019-03-22', 8.0, 8.06, 7.65, 7.86]
['2019-03-25', 7.88, 8.14, 7.77, 8.11]
['2019-03-26', 8.12, 8.12, 7.82, 7.91]
['2019-03-27', 7.9, 8.19, 7.66, 8.08]
['2019-03-28', 8.05, 8.13, 7.41, 7.49]
['2019-03-29', 7.53, 7.53, 7.11, 7.37]
['2019-04-01', 7.42, 7.95, 7.35, 7.9]
['2019-04-02', 7.91, 8.47, 7.91, 8.41]
['2019-04-03', 8.49, 8.96, 8.29, 8.88]
['2019-04-04', 8.89, 9.0, 8.65, 8.9]
['2019-04-05', 8.9, 9.005, 8.725, 8.8]
['2019-04-08', 8.8, 9.17, 8.77, 9.03]
['2019-04-09', 9.03, 9.03, 8.83, 9.0]
['2019-04-10', 8.98, 9.5, 8.97, 9.5]
['2019-04-11', 9.49, 9.63, 9.17, 9.56]
['2019-04-12', 9.68, 9.7, 9.14, 9.47]
['2019-04-15', 9.41, 9.577, 8.65, 9.09]
['2019-04-16', 9.15, 9.17, 8.96, 9.08]
['2019-04-17', 9.14, 9.14, 8.64, 9.01]
['2019-04-18', 8.96, 9.35, 8.72, 9.32]
['2019-04-22', 9.28, 9.661, 9.21, 9.65]
['2019-04-23', 9.67, 11.07, 9.487, 10.7]
['2019-04-24', 10.72, 10.9, 10.02, 10.32]
['2019-04-25', 10.32, 10.576, 10.03, 10.35]
['2019-04-26', 10.61, 10.88, 10.34, 10.62]
['2019-04-29', 10.69, 11.45, 10.62, 11.16]
['2019-04-30', 11.17, 11.26, 10.405, 10.68]
['2019-05-01', 10.8, 11.15, 10.55, 10.77]
['2019-05-02', 10.79, 11.09, 10.61, 10.85]
['2019-05-03', 10.88, 11.28, 10.62, 11.13]
['2019-05-06', 10.99, 11.24, 10.85, 11.12]
['2019-05-07', 11.07, 11.34, 10.79, 11.29]
['2019-05-08', 11.3, 11.37, 10.92, 10.99]
['2019-05-09', 10.98, 10.98, 10.52, 10.72]
['2019-05-10', 10.86, 11.41, 10.6, 11.21]
['2019-05-13', 10.97, 11.15, 10.6, 11.12]
['2019-05-14', 11.26, 11.26, 10.8, 11.05]
['2019-05-15', 11.09, 11.32, 10.85, 11.31]
['2019-05-16', 11.42, 11.835, 11.42, 11.7]
['2019-05-17', 11.6, 11.96, 11.43, 11.48]
['2019-05-20', 11.38, 11.51, 11.05, 11.31]
['2019-05-21', 11.41, 11.53, 11.144, 11.19]
['2019-05-22', 11.21, 11.31, 11.04, 11.16]
['2019-05-23', 10.95, 11.29, 10.92, 11.28]
['2019-05-24', 11.34, 11.53, 11.11, 11.29]
['2019-05-28', 11.42, 11.42, 11.04, 11.2]
['2019-05-29', 11.13, 11.225, 11.01, 11.09]
['2019-05-30', 11.12, 11.12, 10.87, 11.0]
['2019-05-31', 10.85, 11.08, 10.69, 10.84]
['2019-06-03', 10.84, 11.0, 10.57, 10.83]
['2019-06-04', 10.93, 11.0, 10.69, 10.84]
['2019-06-05', 10.91, 11.14, 10.7, 10.99]
['2019-06-06', 10.98, 10.98, 10.21, 10.24]
['2019-06-07', 10.23, 10.6, 10.09, 10.13]
['2019-06-10', 10.15, 11.06, 10.01, 11.03]
['2019-06-11', 11.15, 11.39, 10.46, 10.5]
['2019-06-12', 10.37, 10.72, 10.37, 10.57]
['2019-06-13', 2.67, 2.89, 2.55, 2.62]
['2019-06-14', 2.65, 2.73, 2.42, 2.46]
['2019-06-17', 2.46, 2.47, 2.32, 2.38]
['2019-06-18', 2.4, 2.5, 2.33, 2.38]
['2019-06-19', 2.4, 2.79, 2.383, 2.71]
['2019-06-20', 2.84, 2.84, 2.55, 2.62]
['2019-06-21', 2.6, 2.71, 2.56, 2.63]
['2019-06-24', 2.68, 2.695, 2.53, 2.57]
['2019-06-25', 2.58, 2.61, 2.41, 2.44]
['2019-06-26', 2.4, 2.57, 2.37, 2.42]
['2019-06-27', 2.42, 2.54, 2.38, 2.41]
['2019-06-28', 2.39, 2.43, 2.33, 2.37]
['2019-07-01', 2.44, 2.78, 2.4, 2.7]
['2019-07-02', 2.68, 2.73, 2.51, 2.66]
['2019-07-03', 2.66, 2.72, 2.6, 2.72]
['2019-07-05', 2.69, 2.78, 2.62, 2.73]
['2019-07-08', 2.73, 2.74, 2.61, 2.66]
['2019-07-09', 2.63, 2.72, 2.61, 2.63]
['2019-07-10', 2.6, 2.66, 2.55, 2.6]
['2019-07-11', 2.61, 2.63, 2.48, 2.51]
['2019-07-12', 2.5, 2.61, 2.45, 2.59]
['2019-07-15', 2.6, 2.71, 2.52, 2.63]
['2019-07-16', 2.62, 2.63, 2.51, 2.53]
['2019-07-17', 2.54, 2.56, 2.5, 2.52]
['2019-07-18', 2.5, 2.57, 2.49, 2.5]
['2019-07-19', 2.5, 2.55, 2.45, 2.49]
['2019-07-22', 2.48, 2.54, 2.46, 2.48]
['2019-07-23', 2.48, 2.49, 2.43, 2.46]
['2019-07-24', 2.46, 2.6, 2.46, 2.58]
['2019-07-25', 2.57, 2.64, 2.52, 2.59]
['2019-07-26', 2.61, 2.7, 2.6, 2.62]
['2019-07-29', 2.6, 2.65, 2.51, 2.55]
['2019-07-30', 2.55, 2.675, 2.51, 2.64]
['2019-07-31', 2.67, 2.72, 2.53, 2.54]
['2019-08-01', 2.55, 2.64, 2.48, 2.51]
['2019-08-02', 2.51, 2.6, 2.36, 2.39]
['2019-08-05', 2.36, 2.46, 2.26, 2.3]
['2019-08-06', 2.33, 2.38, 2.27, 2.34]
['2019-08-07', 2.35, 2.505, 2.34, 2.46]
['2019-08-08', 2.51, 2.61, 2.43, 2.51]
['2019-08-09', 2.41, 2.53, 2.3, 2.3]
['2019-08-12', 2.32, 2.4, 2.26, 2.31]
['2019-08-13', 2.31, 2.38, 2.28, 2.37]
['2019-08-14', 2.33, 2.36, 2.25, 2.3]
['2019-08-15', 2.28, 2.315, 2.22, 2.23]
['2019-08-16', 2.23, 2.28, 2.16, 2.2]
['2019-08-19', 2.23, 2.34, 2.16, 2.32]
['2019-08-20', 2.3, 2.35, 2.26, 2.32]
['2019-08-21', 2.34, 2.35, 2.25, 2.31]
['2019-08-22', 2.32, 2.33, 2.24, 2.27]
['2019-08-23', 2.26, 2.32, 2.16, 2.16]
['2019-08-26', 2.16, 2.23, 2.16, 2.2]
['2019-08-27', 2.2, 2.29, 2.11, 2.16]
['2019-08-28', 2.15, 2.28, 2.15, 2.26]
['2019-08-29', 2.28, 2.49, 2.28, 2.32]
['2019-08-30', 2.34, 2.39, 2.23, 2.26]
['2019-09-03', 2.23, 2.32, 2.19, 2.25]
['2019-09-04', 2.28, 2.33, 2.25, 2.28]
['2019-09-05', 2.31, 2.395, 2.22, 2.38]
['2019-09-06', 2.37, 2.51, 2.37, 2.42]
['2019-09-09', 2.45, 2.5, 2.34, 2.36]
['2019-09-10', 2.35, 2.61, 2.3, 2.51]
['2019-09-11', 2.54, 2.68, 2.49, 2.65]
['2019-09-12', 2.64, 2.74, 2.59, 2.67]
['2019-09-13', 2.7, 2.72, 2.53, 2.64]
['2019-09-16', 2.67, 2.76, 2.62, 2.7]
['2019-09-17', 2.71, 2.73, 2.6, 2.63]
['2019-09-18', 2.66, 2.67, 2.49, 2.52]
['2019-09-19', 2.59, 2.59, 2.43, 2.43]
['2019-09-20', 2.45, 2.6, 2.4, 2.55]
['2019-09-23', 2.59, 2.86, 2.583, 2.81]
['2019-09-24', 2.8, 3.23, 2.72, 3.2]
['2019-09-25', 3.15, 3.192, 2.9, 2.92]
['2019-09-26', 2.93, 3.01, 2.77, 2.815]
['2019-09-27', 2.83, 2.95, 2.73, 2.8]
['2019-09-30', 2.81, 2.913, 2.55, 2.65]
['2019-10-01', 2.64, 2.7, 2.47, 2.48]
['2019-10-02', 1.39, 1.39, 1.01, 1.03]
['2019-10-03', 1.06, 1.14, 1.01, 1.03]
['2019-10-04', 1.03, 1.032, 0.913, 0.93]
['2019-10-07', 0.915, 0.95, 0.882, 0.894]
['2019-10-08', 0.89, 0.9, 0.822, 0.843]
['2019-10-09', 0.83, 0.91, 0.83, 0.905]
['2019-10-10', 0.91, 0.927, 0.872, 0.887]
['2019-10-11', 0.9, 0.93, 0.88, 0.898]
['2019-10-14', 0.894, 0.905, 0.863, 0.867]
['2019-10-15', 0.864, 0.92, 0.864, 0.92]
['2019-10-16', 0.91, 0.966, 0.901, 0.93]
['2019-10-17', 0.94, 0.957, 0.9, 0.92]
['2019-10-18', 0.91, 0.93, 0.871, 0.874]
['2019-10-21', 0.874, 0.88, 0.864, 0.877]
['2019-10-22', 0.87, 0.87, 0.864, 0.865]
['2019-10-23', 0.864, 0.89, 0.864, 0.864]
['2019-10-24', 0.87, 0.89, 0.84, 0.855]
['2019-10-25', 0.851, 0.92, 0.84, 0.886]
['2019-10-28', 0.9, 0.9, 0.854, 0.889]
['2019-10-29', 0.88, 0.91, 0.855, 0.897]
['2019-10-30', 0.901, 0.93, 0.859, 0.88]
['2019-10-31', 0.897, 0.9, 0.859, 0.882]
['2019-11-01', 0.88, 0.96, 0.87, 0.946]
['2019-11-04', 0.96, 1.06, 0.95, 0.996]
['2019-11-05', 1.04, 1.04, 0.96, 0.978]
['2019-11-06', 1.01, 1.01, 0.903, 0.917]
['2019-11-07', 0.9, 0.95, 0.87, 0.91]
['2019-11-08', 1.05, 1.05, 0.836, 0.847]
['2019-11-11', 0.85, 0.915, 0.821, 0.828]
['2019-11-12', 0.826, 0.879, 0.76, 0.772]
['2019-11-13', 0.765, 0.78, 0.729, 0.74]
['2019-11-14', 0.75, 0.755, 0.69, 0.712]
['2019-11-15', 0.724, 0.755, 0.71, 0.735]
['2019-11-18', 0.76, 0.906, 0.76, 0.89]
['2019-11-19', 0.943, 0.965, 0.88, 0.899]
['2019-11-20', 0.94, 0.97, 0.88, 0.88]
['2019-11-21', 0.924, 0.937, 0.88, 0.897]
['2019-11-22', 0.93, 0.988, 0.89, 0.968]
['2019-11-25', 0.999, 1.08, 0.965, 1.05]
['2019-11-26', 1.08, 1.08, 1.01, 1.01]
['2019-11-27', 0.98, 1.06, 0.92, 1.06]
['2019-11-29', 1.04, 1.46, 1.04, 1.26]
['2019-12-02', 1.3, 1.34, 1.2, 1.33]
['2019-12-03', 1.38, 1.385, 1.28, 1.31]
['2019-12-04', 1.34, 1.341, 1.17, 1.2]
['2019-12-05', 1.19, 1.2, 1.1, 1.11]
['2019-12-06', 1.08, 1.15, 1.05, 1.12]
['2019-12-09', 1.13, 1.23, 1.13, 1.17]
['2019-12-10', 1.17, 1.19, 1.13, 1.16]
['2019-12-11', 1.15, 1.21, 1.15, 1.21]
['2019-12-12', 1.21, 1.33, 1.172, 1.31]
['2019-12-13', 1.33, 1.44, 1.28, 1.37]
['2019-12-16', 1.45, 1.64, 1.44, 1.5]
['2019-12-17', 1.53, 1.58, 1.42, 1.57]
['2019-12-18', 1.58, 1.581, 1.47, 1.51]
['2019-12-19', 1.5, 1.55, 1.45, 1.48]
['2019-12-20', 1.47, 1.71, 1.33, 1.59]
['2019-12-23', 1.65, 1.9, 1.58, 1.83]
['2019-12-24', 1.85, 1.85, 1.69, 1.78]
['2019-12-26', 1.76, 1.93, 1.74, 1.76]
['2019-12-27', 1.81, 1.81, 1.7, 1.73]
['2019-12-30', 4.12, 5.2, 3.21, 4.91]
['2019-12-31', 4.5, 5.48, 4.2, 4.48]
['2020-01-02', 4.53, 4.55, 3.82, 4.08]
['2020-01-03', 3.95, 4.19, 3.84, 4.07]
['2020-01-06', 4.17, 4.18, 3.383, 3.47]
['2020-01-07', 3.5, 3.64, 3.5, 3.52]
['2020-01-08', 3.5, 3.6, 3.31, 3.45]
['2020-01-09', 3.44, 3.59, 3.25, 3.35]
['2020-01-10', 3.32, 3.52, 3.16, 3.46]
['2020-01-13', 3.43, 3.943, 3.27, 3.87]
['2020-01-14', 3.8, 3.85, 3.46, 3.64]
['2020-01-15', 3.6, 4.0, 3.55, 3.78]
['2020-01-16', 3.78, 3.82, 3.66, 3.77]
['2020-01-17', 3.77, 3.95, 3.72, 3.75]
['2020-01-21', 3.75, 3.8, 3.46, 3.5]
['2020-01-22', 3.54, 3.59, 3.33, 3.49]
['2020-01-23', 3.45, 3.476, 3.25, 3.34]
['2020-01-24', 3.32, 3.39, 3.03, 3.14]
['2020-01-27', 3.1, 3.23, 3.04, 3.13]
['2020-01-28', 3.13, 3.28, 3.13, 3.19]
['2020-01-29', 3.19, 3.22, 2.86, 2.93]
['2020-01-30', 2.92, 3.05, 2.8, 2.87]
['2020-01-31', 2.85, 2.92, 2.57, 2.62]
['2020-02-03', 2.58, 2.72, 2.5, 2.66]
['2020-02-04', 2.65, 2.65, 2.22, 2.24]
['2020-02-05', 2.28, 2.58, 2.28, 2.48]
['2020-02-06', 2.52, 2.55, 2.26, 2.28]
['2020-02-07', 2.25, 2.3, 2.17, 2.18]
['2020-02-10', 2.16, 2.274, 2.16, 2.18]
['2020-02-11', 2.21, 2.39, 2.16, 2.33]
['2020-02-12', 2.33, 2.621, 2.33, 2.54]
['2020-02-13', 2.66, 2.69, 2.42, 2.58]
['2020-02-14', 2.58, 2.58, 2.44, 2.45]
['2020-02-18', 2.43, 2.59, 2.4, 2.58]
['2020-02-19', 2.64, 2.89, 2.55, 2.72]
['2020-02-20', 2.65, 2.8, 2.56, 2.69]
['2020-02-21', 2.7, 2.73, 2.58, 2.67]
['2020-02-24', 2.57, 2.62, 2.4, 2.55]
['2020-02-25', 2.55, 2.55, 2.3, 2.39]
['2020-02-26', 2.41, 2.5, 2.19, 2.29]
['2020-02-27', 2.22, 2.24, 2.07, 2.09]
['2020-02-28', 2.05, 2.32, 2.05, 2.29]
['2020-03-02', 2.38, 2.5, 2.26, 2.45]
['2020-03-03', 2.48, 2.55, 2.32, 2.45]
['2020-03-04', 2.53, 2.71, 2.44, 2.59]
['2020-03-05', 2.52, 2.72, 2.46, 2.61]
['2020-03-06', 2.58, 2.73, 2.46, 2.61]
['2020-03-09', 2.4, 2.57, 2.34, 2.52]
['2020-03-10', 2.58, 2.68, 2.505, 2.55]
['2020-03-11', 2.47, 2.52, 2.2, 2.36]
['2020-03-12', 2.29, 2.62, 2.123, 2.55]
['2020-03-13', 1.99, 2.42, 1.4, 2.3]
['2020-03-16', 2.0, 2.28, 1.991, 2.18]
['2020-03-17', 2.18, 2.38, 2.09, 2.37]
['2020-03-18', 2.23, 2.35, 1.9, 1.91]
['2020-03-19', 1.93, 2.2, 1.85, 2.2]
['2020-03-20', 2.25, 2.26, 1.95, 2.12]
['2020-03-23', 2.12, 2.22, 2.04, 2.22]
['2020-03-24', 2.37, 2.39, 2.02, 2.09]
['2020-03-25', 2.09, 2.45, 2.06, 2.25]
['2020-03-26', 2.29, 2.49, 2.26, 2.45]
['2020-03-27', 2.38, 2.43, 2.138, 2.15]
['2020-03-30', 2.24, 2.35, 2.18, 2.35]
['2020-03-31', 2.0, 2.325, 2.0, 2.12]
['2020-04-01', 2.05, 2.09, 2.0, 2.0]
['2020-04-02', 1.99, 1.99, 1.83, 1.86]
['2020-04-03', 1.94, 1.94, 1.67, 1.8]
['2020-04-06', 1.9, 2.1, 1.84, 2.03]
['2020-04-07', 2.06, 2.12, 1.94, 2.04]
['2020-04-08', 2.07, 2.22, 1.98, 2.08]
['2020-04-09', 2.14, 2.18, 2.01, 2.12]
['2020-04-13', 2.11, 2.29, 2.05, 2.25]
['2020-04-14', 2.3, 2.73, 2.28, 2.56]
['2020-04-15', 2.55, 2.56, 2.23, 2.44]
['2020-04-16', 2.47, 2.58, 2.24, 2.27]
['2020-04-17', 2.31, 2.53, 2.25, 2.47]
['2020-04-20', 2.46, 2.57, 2.28, 2.4]
['2020-04-21', 2.35, 2.4, 2.22, 2.25]
['2020-04-22', 2.29, 2.3, 2.23, 2.26]
['2020-04-23', 2.25, 2.43, 2.25, 2.27]
['2020-04-24', 2.3, 2.4, 2.2, 2.24]
['2020-04-27', 2.24, 2.44, 2.21, 2.38]
['2020-04-28', 2.38, 2.6, 2.32, 2.45]
['2020-04-29', 2.55, 2.74, 2.47, 2.56]
['2020-04-30', 2.63, 2.63, 2.38, 2.41]
['2020-05-01', 2.3, 2.36, 2.165, 2.3]
['2020-05-04', 2.29, 2.54, 2.24, 2.53]
['2020-05-05', 2.58, 2.59, 2.45, 2.47]
['2020-05-06', 2.48, 2.576, 2.38, 2.41]
['2020-05-07', 2.46, 2.58, 2.34, 2.55]
['2020-05-08', 2.55, 2.61, 2.295, 2.35]
['2020-05-11', 2.36, 2.64, 2.35, 2.5]
['2020-05-12', 2.54, 2.63, 2.45, 2.46]
['2020-05-13', 2.49, 2.51, 2.25, 2.35]
['2020-05-14', 2.27, 2.31, 2.2, 2.25]
['2020-05-15', 2.26, 2.37, 2.21, 2.31]
['2020-05-18', 2.43, 2.475, 2.325, 2.39]
['2020-05-19', 2.36, 2.47, 2.23, 2.3]
['2020-05-20', 2.32, 2.5, 2.31, 2.43]
['2020-05-21', 2.43, 2.5, 2.34, 2.35]
['2020-05-22', 2.34, 2.53, 2.34, 2.45]
