['2012-02-13', 5.38, 5.38, 5.03, 5.14]
['2012-02-14', 5.06, 5.1, 5.0, 5.04]
['2012-02-15', 5.03, 5.06, 4.98, 5.05]
['2012-02-16', 5.15, 5.15, 5.0, 5.02]
['2012-02-17', 5.02, 5.23, 5.0, 5.0]
['2012-02-21', 5.03, 5.04, 5.0, 5.0]
['2012-02-22', 5.0, 5.01, 4.9, 4.93]
['2012-02-23', 4.92, 4.92, 4.75, 4.77]
['2012-02-24', 4.8, 4.9, 4.8, 4.9]
['2012-02-27', 4.87, 4.89, 4.8, 4.8]
['2012-02-28', 4.85, 5.0, 4.85, 4.9]
['2012-02-29', 4.96, 5.0, 4.83, 4.88]
['2012-03-01', 4.85, 4.94, 4.85, 4.85]
['2012-03-02', 5.01, 5.04, 4.85, 4.98]
['2012-03-05', 5.04, 5.04, 4.9, 4.99]
['2012-03-06', 4.95, 5.03, 4.95, 5.0]
['2012-03-07', 5.06, 5.3, 5.0, 5.17]
['2012-03-08', 5.22, 5.22, 5.01, 5.1]
['2012-03-09', 5.08, 5.25, 5.05, 5.24]
['2012-03-12', 5.29, 5.38, 5.15, 5.33]
['2012-03-13', 5.35, 5.5, 5.17, 5.38]
['2012-03-14', 5.32, 5.82, 5.26, 5.78]
['2012-03-15', 5.85, 6.25, 5.42, 6.2]
['2012-03-16', 6.23, 6.25, 6.0, 6.06]
['2012-03-19', 6.04, 6.1, 5.7, 5.79]
['2012-03-20', 5.79, 6.12, 5.79, 6.09]
['2012-03-21', 6.6, 7.25, 6.5, 7.05]
['2012-03-22', 7.06, 7.58, 6.95, 7.37]
['2012-03-23', 7.5, 7.86, 7.3, 7.62]
['2012-03-26', 7.75, 8.1, 7.6, 7.87]
['2012-03-27', 7.9, 7.92, 7.31, 7.41]
['2012-03-28', 7.4, 7.51, 7.0, 7.13]
['2012-03-29', 7.09, 7.35, 7.0, 7.26]
['2012-03-30', 7.38, 7.65, 7.35, 7.56]
['2012-04-02', 7.57, 8.24, 7.52, 8.0]
['2012-04-03', 8.0, 8.02, 7.76, 7.77]
['2012-04-04', 7.74, 7.74, 7.6, 7.7]
['2012-04-05', 7.65, 7.86, 7.62, 7.65]
['2012-04-09', 7.6, 7.67, 7.5, 7.62]
['2012-04-10', 7.62, 7.88, 7.35, 7.4]
['2012-04-11', 7.44, 7.59, 7.01, 7.21]
['2012-04-12', 7.28, 7.63, 6.9, 7.56]
['2012-04-13', 7.58, 7.62, 7.27, 7.45]
['2012-04-16', 7.51, 7.85, 7.05, 7.1]
['2012-04-17', 7.13, 7.19, 6.75, 7.02]
['2012-04-18', 6.99, 7.15, 6.95, 7.12]
['2012-04-19', 7.18, 7.18, 6.81, 6.97]
['2012-04-20', 7.01, 7.07, 6.8, 7.03]
['2012-04-23', 7.06, 7.06, 6.36, 6.41]
['2012-04-24', 6.45, 7.04, 6.42, 6.97]
['2012-04-25', 7.07, 7.44, 7.07, 7.38]
['2012-04-26', 7.38, 7.64, 6.9, 7.62]
['2012-04-27', 7.68, 8.03, 7.4, 8.0]
['2012-04-30', 8.01, 8.93, 7.74, 8.29]
['2012-05-01', 8.3, 8.99, 8.25, 8.84]
['2012-05-02', 8.87, 10.88, 8.87, 10.09]
['2012-05-03', 10.97, 11.72, 10.25, 10.63]
['2012-05-04', 11.0, 11.58, 10.6, 11.39]
['2012-05-07', 12.28, 13.6, 11.77, 13.1]
['2012-05-08', 11.95, 12.09, 11.02, 11.31]
['2012-05-09', 11.11, 11.54, 10.74, 11.24]
['2012-05-10', 11.77, 11.89, 10.74, 10.94]
['2012-05-11', 11.03, 11.15, 9.0, 9.24]
['2012-05-14', 9.83, 10.74, 9.5, 10.54]
['2012-05-15', 11.21, 11.59, 10.76, 11.05]
['2012-05-16', 11.88, 11.89, 9.64, 10.53]
['2012-05-17', 10.9, 10.9, 9.54, 9.58]
['2012-05-18', 9.75, 9.98, 9.25, 9.88]
['2012-05-21', 9.97, 9.97, 8.31, 9.5]
['2012-05-22', 9.9, 10.55, 9.52, 10.24]
['2012-05-23', 10.11, 11.25, 9.7, 11.21]
['2012-05-24', 11.5, 11.75, 10.58, 11.14]
['2012-05-25', 11.14, 11.9, 11.0, 11.23]
['2012-05-29', 12.0, 12.5, 11.7, 12.13]
['2012-05-30', 12.55, 13.92, 12.15, 13.89]
['2012-05-31', 14.01, 15.0, 12.86, 14.7]
['2012-06-01', 13.39, 13.39, 11.76, 11.95]
['2012-06-04', 12.84, 13.1, 12.25, 12.4]
['2012-06-05', 12.61, 12.67, 11.02, 11.13]
['2012-06-06', 11.79, 12.55, 11.45, 12.07]
['2012-06-07', 12.16, 12.9, 11.9, 12.14]
['2012-06-08', 13.15, 13.6, 12.32, 13.39]
['2012-06-11', 14.21, 14.55, 12.88, 13.08]
['2012-06-12', 13.69, 13.69, 12.2, 12.87]
['2012-06-13', 12.73, 13.01, 11.91, 12.37]
['2012-06-14', 12.35, 12.59, 12.1, 12.17]
['2012-06-15', 12.3, 13.25, 12.22, 13.1]
['2012-06-18', 13.25, 13.79, 12.8, 13.34]
['2012-06-19', 13.22, 13.68, 12.8, 13.42]
['2012-06-20', 13.82, 13.86, 12.7, 12.96]
['2012-06-21', 12.89, 12.89, 11.7, 12.09]
['2012-06-22', 12.12, 12.23, 11.2, 11.85]
['2012-06-25', 12.44, 12.44, 11.35, 11.55]
['2012-06-26', 11.85, 12.5, 11.56, 12.29]
['2012-06-27', 12.4, 13.08, 12.33, 12.83]
['2012-06-28', 12.83, 13.5, 12.65, 13.5]
['2012-06-29', 13.8, 14.3, 13.16, 13.7]
['2012-07-02', 14.0, 14.45, 13.5, 14.18]
['2012-07-03', 14.43, 14.79, 14.24, 14.33]
['2012-07-05', 14.2, 14.3, 13.26, 13.71]
['2012-07-06', 14.19, 15.75, 14.05, 15.45]
['2012-07-09', 16.86, 17.49, 16.3, 17.34]
['2012-07-10', 18.0, 18.0, 13.44, 15.3]
['2012-07-11', 14.86, 15.25, 13.35, 14.15]
['2012-07-12', 13.88, 15.45, 13.71, 15.26]
['2012-07-13', 15.11, 16.23, 15.01, 16.14]
['2012-07-16', 16.55, 17.18, 14.33, 15.45]
['2012-07-17', 15.7, 16.48, 14.69, 15.11]
['2012-07-18', 15.11, 15.45, 14.6, 15.0]
['2012-07-19', 14.9, 14.95, 12.67, 13.02]
['2012-07-20', 12.06, 12.48, 10.86, 11.25]
['2012-07-23', 12.57, 13.23, 12.06, 12.67]
['2012-07-24', 13.45, 13.47, 12.5, 12.69]
['2012-07-25', 13.25, 13.32, 12.02, 12.96]
['2012-07-26', 11.09, 11.3, 9.04, 9.12]
['2012-07-27', 9.36, 10.09, 9.22, 9.89]
['2012-07-30', 10.25, 10.74, 9.71, 10.16]
['2012-07-31', 10.14, 10.28, 9.6, 9.73]
['2012-08-01', 9.6, 9.65, 8.73, 8.86]
['2012-08-02', 9.44, 9.5, 8.9, 9.12]
['2012-08-03', 9.32, 10.32, 9.29, 10.1]
['2012-08-06', 10.26, 10.88, 10.09, 10.19]
['2012-08-07', 10.19, 10.47, 9.53, 9.85]
['2012-08-08', 9.88, 10.15, 9.58, 9.93]
['2012-08-09', 10.45, 10.45, 9.8, 10.05]
['2012-08-10', 10.3, 10.35, 9.61, 9.65]
['2012-08-13', 9.55, 9.6, 8.81, 8.99]
['2012-08-14', 9.03, 9.03, 7.62, 7.9]
['2012-08-15', 8.29, 8.46, 7.52, 7.94]
['2012-08-16', 8.1, 8.18, 7.77, 8.07]
['2012-08-17', 8.04, 8.13, 7.9, 8.01]
['2012-08-20', 7.95, 8.08, 7.79, 7.86]
['2012-08-21', 7.87, 7.91, 7.5, 7.54]
['2012-08-22', 7.61, 8.39, 7.54, 8.32]
['2012-08-23', 8.46, 8.57, 7.86, 8.45]
['2012-08-24', 8.5, 8.87, 8.45, 8.61]
['2012-08-27', 8.64, 8.7, 8.0, 8.14]
['2012-08-28', 8.13, 8.37, 8.06, 8.29]
['2012-08-29', 8.26, 8.3, 8.15, 8.21]
['2012-08-30', 8.17, 8.24, 7.88, 7.98]
['2012-08-31', 8.01, 8.07, 7.86, 7.94]
['2012-09-04', 8.01, 8.44, 8.01, 8.24]
['2012-09-05', 8.25, 8.51, 8.1, 8.27]
['2012-09-06', 8.25, 8.39, 8.21, 8.26]
['2012-09-07', 8.64, 8.85, 8.25, 8.26]
['2012-09-10', 8.28, 8.34, 7.62, 7.68]
['2012-09-11', 7.94, 8.0, 7.56, 7.6]
['2012-09-12', 7.65, 7.8, 7.35, 7.62]
['2012-09-13', 7.62, 7.64, 7.45, 7.46]
['2012-09-14', 7.52, 7.75, 7.48, 7.6]
['2012-09-17', 7.58, 7.65, 7.42, 7.49]
['2012-09-18', 7.47, 7.52, 7.35, 7.5]
['2012-09-19', 7.56, 7.66, 7.35, 7.54]
['2012-09-20', 7.47, 7.85, 7.46, 7.6]
['2012-09-21', 7.77, 7.83, 7.66, 7.75]
['2012-09-24', 7.8, 7.87, 7.5, 7.64]
['2012-09-25', 7.69, 7.7, 7.5, 7.6]
['2012-09-26', 7.57, 7.65, 7.43, 7.56]
['2012-09-27', 7.6, 7.65, 7.46, 7.61]
['2012-09-28', 7.56, 7.68, 7.56, 7.58]
['2012-10-01', 7.62, 7.98, 7.61, 7.74]
['2012-10-02', 7.77, 7.8, 7.51, 7.56]
['2012-10-03', 7.57, 7.66, 7.54, 7.58]
['2012-10-04', 7.6, 7.68, 7.56, 7.59]
['2012-10-05', 7.62, 7.72, 7.53, 7.54]
['2012-10-08', 7.52, 7.82, 7.49, 7.5]
['2012-10-09', 7.48, 7.55, 6.33, 6.9]
['2012-10-10', 6.95, 7.07, 6.83, 6.97]
['2012-10-11', 6.96, 7.08, 6.83, 6.89]
['2012-10-12', 6.87, 6.99, 6.7, 6.77]
['2012-10-15', 6.6, 6.88, 6.37, 6.8]
['2012-10-16', 6.93, 6.97, 6.67, 6.76]
['2012-10-17', 6.68, 7.1, 6.6, 6.71]
['2012-10-18', 6.7, 6.71, 6.4, 6.41]
['2012-10-19', 6.39, 6.46, 5.84, 6.12]
['2012-10-22', 6.16, 6.37, 6.1, 6.25]
['2012-10-23', 6.35, 6.35, 5.88, 5.99]
['2012-10-24', 6.3, 6.3, 5.94, 6.16]
['2012-10-25', 6.59, 6.77, 5.5, 5.6]
['2012-10-26', 5.56, 5.7, 5.43, 5.57]
['2012-10-31', 5.58, 5.7, 5.43, 5.48]
['2012-11-01', 5.38, 5.54, 5.33, 5.52]
['2012-11-02', 5.51, 5.51, 5.38, 5.44]
['2012-11-05', 5.41, 5.49, 4.66, 4.87]
['2012-11-06', 4.92, 5.2, 4.9, 5.04]
['2012-11-07', 4.94, 4.99, 4.75, 4.79]
['2012-11-08', 4.83, 4.99, 4.5, 4.71]
['2012-11-09', 4.66, 4.87, 4.61, 4.72]
['2012-11-12', 4.75, 4.82, 4.6, 4.68]
['2012-11-13', 4.64, 4.86, 4.44, 4.56]
['2012-11-14', 4.68, 5.33, 4.62, 5.12]
['2012-11-15', 5.1, 5.47, 4.77, 4.85]
['2012-11-16', 4.88, 5.05, 4.44, 4.93]
['2012-11-19', 5.05, 5.37, 4.96, 5.11]
['2012-11-20', 5.12, 5.3, 4.8, 4.85]
['2012-11-21', 4.9, 5.25, 4.72, 4.95]
['2012-11-23', 4.95, 4.99, 4.77, 4.96]
['2012-11-26', 4.91, 5.15, 4.8, 5.08]
['2012-11-27', 5.05, 5.83, 5.04, 5.5]
['2012-11-28', 5.5, 6.13, 5.4, 5.95]
['2012-11-29', 6.0, 6.2, 5.87, 6.02]
['2012-11-30', 6.04, 6.49, 5.92, 6.38]
['2012-12-03', 6.5, 6.5, 6.13, 6.26]
['2012-12-04', 6.5, 6.51, 5.53, 5.63]
['2012-12-05', 5.73, 5.98, 5.71, 5.77]
['2012-12-06', 5.75, 5.78, 5.11, 5.34]
['2012-12-07', 5.38, 5.72, 5.34, 5.6]
['2012-12-10', 5.6, 5.7, 5.43, 5.67]
['2012-12-11', 5.7, 5.8, 5.52, 5.6]
['2012-12-12', 5.69, 6.13, 5.67, 6.05]
['2012-12-13', 6.09, 6.15, 5.86, 5.98]
['2012-12-14', 6.0, 6.12, 5.61, 5.74]
['2012-12-17', 5.77, 5.98, 5.66, 5.9]
['2012-12-18', 5.9, 5.95, 5.7, 5.82]
['2012-12-19', 5.8, 5.93, 5.76, 5.79]
['2012-12-20', 5.71, 5.75, 5.27, 5.56]
['2012-12-21', 5.4, 5.6, 5.3, 5.52]
['2012-12-24', 5.49, 5.58, 5.28, 5.3]
['2012-12-26', 5.35, 5.41, 4.81, 5.1]
['2012-12-27', 5.07, 5.29, 5.02, 5.06]
['2012-12-28', 5.0, 5.19, 4.97, 5.1]
['2012-12-31', 5.1, 5.56, 5.08, 5.47]
['2013-01-02', 5.65, 5.75, 5.57, 5.71]
['2013-01-03', 5.73, 5.79, 5.65, 5.75]
['2013-01-04', 5.77, 5.87, 5.7, 5.81]
['2013-01-07', 5.74, 5.92, 5.72, 5.86]
['2013-01-08', 5.8, 5.84, 5.38, 5.42]
['2013-01-09', 5.24, 5.35, 5.0, 5.19]
['2013-01-10', 5.14, 5.28, 5.06, 5.25]
['2013-01-11', 5.27, 5.29, 5.15, 5.22]
['2013-01-14', 5.38, 5.53, 5.27, 5.33]
['2013-01-15', 5.31, 5.35, 5.19, 5.32]
['2013-01-16', 5.32, 5.62, 5.31, 5.49]
['2013-01-17', 5.54, 5.65, 5.52, 5.6]
['2013-01-18', 5.62, 5.67, 5.42, 5.67]
['2013-01-22', 5.67, 5.76, 5.5, 5.68]
['2013-01-23', 5.69, 5.69, 5.42, 5.67]
['2013-01-24', 5.66, 6.05, 5.55, 5.91]
['2013-01-25', 5.98, 6.09, 5.73, 6.08]
['2013-01-28', 6.1, 6.24, 5.91, 6.06]
['2013-01-29', 6.06, 6.08, 5.85, 5.98]
['2013-01-30', 5.99, 5.99, 5.7, 5.73]
['2013-01-31', 5.75, 5.85, 5.71, 5.79]
['2013-02-01', 5.87, 5.94, 5.81, 5.93]
['2013-02-04', 5.55, 5.72, 5.11, 5.15]
['2013-02-05', 5.2, 5.23, 4.61, 4.65]
['2013-02-06', 4.65, 5.22, 4.65, 5.12]
['2013-02-07', 5.19, 5.25, 4.99, 5.15]
['2013-02-08', 5.14, 5.45, 5.14, 5.41]
['2013-02-11', 5.44, 5.59, 5.26, 5.59]
['2013-02-12', 5.57, 5.68, 5.5, 5.64]
['2013-02-13', 5.63, 5.69, 5.48, 5.55]
['2013-02-14', 5.52, 5.68, 5.51, 5.6]
['2013-02-15', 5.62, 5.63, 5.52, 5.58]
['2013-02-19', 5.57, 5.57, 5.3, 5.37]
['2013-02-20', 5.39, 5.39, 4.81, 4.84]
['2013-02-21', 4.85, 4.96, 2.96, 3.0]
['2013-02-22', 3.13, 3.29, 2.72, 2.8]
['2013-02-25', 2.83, 3.04, 2.81, 2.97]
['2013-02-26', 2.99, 3.03, 2.9, 3.0]
['2013-02-27', 3.0, 3.18, 2.98, 3.08]
['2013-02-28', 3.12, 3.29, 3.09, 3.29]
['2013-03-01', 3.3, 3.36, 3.2, 3.28]
['2013-03-04', 3.28, 3.33, 3.06, 3.15]
['2013-03-05', 3.09, 3.15, 2.98, 3.1]
['2013-03-06', 3.1, 3.29, 3.04, 3.23]
['2013-03-07', 3.19, 3.26, 3.03, 3.1]
['2013-03-08', 3.12, 3.17, 3.1, 3.11]
['2013-03-11', 3.14, 3.2, 3.06, 3.12]
['2013-03-12', 3.12, 3.39, 3.12, 3.15]
['2013-03-13', 3.14, 3.18, 3.05, 3.07]
['2013-03-14', 3.12, 3.12, 2.82, 2.99]
['2013-03-15', 3.02, 3.06, 2.93, 3.0]
['2013-03-18', 3.0, 3.22, 3.0, 3.17]
['2013-03-19', 3.21, 3.27, 3.09, 3.14]
['2013-03-20', 3.14, 3.14, 3.05, 3.12]
['2013-03-21', 3.11, 3.13, 3.07, 3.07]
['2013-03-22', 3.08, 3.09, 2.95, 2.98]
['2013-03-25', 2.98, 3.01, 2.83, 2.88]
['2013-03-26', 2.87, 2.98, 2.86, 2.96]
['2013-03-27', 2.9, 2.95, 2.86, 2.92]
['2013-03-28', 2.94, 3.1, 2.93, 2.99]
['2013-04-01', 3.0, 3.04, 2.88, 2.9]
['2013-04-02', 2.95, 2.95, 2.76, 2.79]
['2013-04-03', 2.77, 2.9, 2.75, 2.86]
['2013-04-04', 2.87, 2.87, 2.76, 2.84]
['2013-04-05', 2.8, 2.85, 2.78, 2.79]
['2013-04-08', 2.8, 2.8, 2.75, 2.79]
['2013-04-09', 2.76, 2.8, 2.58, 2.67]
['2013-04-10', 2.65, 3.15, 2.65, 3.06]
['2013-04-11', 3.07, 3.23, 2.96, 2.98]
['2013-04-12', 2.96, 3.07, 2.91, 3.04]
['2013-04-15', 3.01, 3.04, 2.78, 2.8]
['2013-04-16', 2.84, 3.08, 2.84, 3.03]
['2013-04-17', 3.0, 3.04, 2.85, 2.88]
['2013-04-18', 2.89, 2.98, 2.8, 2.87]
['2013-04-19', 2.87, 2.92, 2.8, 2.87]
['2013-04-22', 2.9, 2.95, 2.8, 2.86]
['2013-04-23', 2.85, 2.95, 2.85, 2.88]
['2013-04-24', 2.91, 2.94, 2.85, 2.87]
['2013-04-25', 2.87, 2.9, 2.8, 2.8]
['2013-04-26', 2.81, 2.88, 2.81, 2.85]
['2013-04-29', 2.84, 2.93, 2.82, 2.88]
['2013-04-30', 2.87, 2.97, 2.86, 2.91]
['2013-05-01', 3.47, 4.17, 3.3, 3.55]
['2013-05-02', 3.61, 3.78, 3.53, 3.76]
['2013-05-03', 3.8, 3.84, 3.58, 3.63]
['2013-05-06', 3.65, 3.74, 3.21, 3.36]
['2013-05-07', 3.32, 3.55, 3.28, 3.55]
['2013-05-08', 3.1, 3.6, 3.1, 3.59]
['2013-05-09', 3.6, 3.6, 3.4, 3.42]
['2013-05-10', 3.4, 3.6, 3.29, 3.55]
['2013-05-13', 3.52, 3.69, 3.44, 3.55]
['2013-05-14', 3.57, 4.14, 3.45, 3.8]
['2013-05-15', 3.8, 4.08, 3.79, 3.81]
['2013-05-16', 3.83, 3.87, 3.62, 3.68]
['2013-05-17', 3.69, 3.73, 3.52, 3.55]
['2013-05-20', 3.57, 3.69, 3.51, 3.65]
['2013-05-21', 3.65, 3.76, 3.56, 3.58]
['2013-05-22', 3.56, 3.66, 3.5, 3.53]
['2013-05-23', 3.49, 3.62, 3.34, 3.59]
['2013-05-24', 3.56, 3.58, 3.47, 3.54]
['2013-05-28', 3.58, 3.72, 3.53, 3.56]
['2013-05-29', 3.5, 3.75, 3.5, 3.61]
['2013-05-30', 3.65, 3.95, 3.6, 3.86]
['2013-05-31', 3.86, 3.98, 3.72, 3.77]
['2013-06-03', 3.78, 3.81, 3.57, 3.57]
['2013-06-04', 3.57, 3.63, 3.51, 3.52]
['2013-06-05', 3.55, 3.63, 3.49, 3.52]
['2013-06-06', 3.5, 3.63, 3.5, 3.57]
['2013-06-07', 3.58, 3.64, 3.48, 3.51]
['2013-06-10', 3.53, 3.53, 3.41, 3.45]
['2013-06-11', 3.41, 3.45, 3.3, 3.32]
['2013-06-12', 3.35, 3.35, 3.15, 3.16]
['2013-06-13', 3.17, 3.3, 3.1, 3.27]
['2013-06-14', 3.27, 3.3, 3.16, 3.21]
['2013-06-17', 3.21, 3.27, 3.16, 3.23]
['2013-06-18', 3.26, 3.27, 3.16, 3.2]
['2013-06-19', 3.18, 3.19, 3.1, 3.1]
['2013-06-20', 3.02, 3.14, 3.0, 3.03]
['2013-06-21', 3.05, 3.1, 2.95, 3.09]
['2013-06-24', 3.0, 3.04, 2.85, 2.89]
['2013-06-25', 2.93, 3.09, 2.89, 3.0]
['2013-06-26', 3.02, 3.13, 3.0, 3.03]
['2013-06-27', 3.04, 3.18, 2.94, 3.08]
['2013-06-28', 3.04, 3.15, 3.03, 3.1]
['2013-07-01', 3.09, 3.33, 3.09, 3.28]
['2013-07-02', 3.25, 3.35, 3.21, 3.24]
['2013-07-03', 3.21, 3.3, 3.2, 3.27]
['2013-07-05', 3.29, 3.29, 3.16, 3.21]
['2013-07-08', 3.19, 3.23, 3.12, 3.15]
['2013-07-09', 3.15, 3.15, 3.05, 3.09]
['2013-07-10', 3.07, 3.08, 3.04, 3.08]
['2013-07-11', 3.09, 3.23, 3.05, 3.2]
['2013-07-12', 3.16, 3.22, 3.09, 3.09]
['2013-07-15', 3.12, 3.12, 3.03, 3.06]
['2013-07-16', 3.09, 3.1, 3.05, 3.05]
['2013-07-17', 3.05, 3.05, 2.97, 3.03]
['2013-07-18', 2.97, 3.02, 2.97, 3.02]
['2013-07-19', 2.99, 3.0, 2.97, 2.99]
['2013-07-22', 2.99, 3.0, 2.96, 3.0]
['2013-07-23', 3.02, 3.17, 2.98, 3.17]
['2013-07-24', 3.22, 3.56, 3.18, 3.4]
['2013-07-25', 3.47, 3.48, 3.28, 3.34]
['2013-07-26', 3.29, 3.33, 3.15, 3.25]
['2013-07-29', 3.19, 3.28, 3.16, 3.26]
['2013-07-30', 3.29, 3.43, 3.17, 3.26]
['2013-07-31', 3.29, 3.41, 3.24, 3.32]
['2013-08-01', 3.35, 3.5, 3.31, 3.4]
['2013-08-02', 3.41, 3.46, 3.31, 3.37]
['2013-08-05', 3.35, 3.59, 3.27, 3.38]
['2013-08-06', 3.38, 3.39, 3.28, 3.3]
['2013-08-07', 2.91, 2.97, 2.8, 2.88]
['2013-08-08', 2.88, 2.92, 2.84, 2.89]
['2013-08-09', 2.9, 2.96, 2.84, 2.93]
['2013-08-12', 2.94, 2.94, 2.8, 2.89]
['2013-08-13', 2.87, 2.93, 2.82, 2.86]
['2013-08-14', 2.85, 2.89, 2.77, 2.82]
['2013-08-15', 2.76, 2.79, 2.7, 2.75]
['2013-08-16', 2.75, 2.75, 2.7, 2.71]
['2013-08-19', 2.71, 2.73, 2.7, 2.7]
['2013-08-20', 2.69, 2.7, 2.61, 2.65]
['2013-08-21', 2.65, 2.73, 2.61, 2.7]
['2013-08-22', 2.7, 2.85, 2.7, 2.82]
['2013-08-23', 2.82, 2.82, 2.68, 2.72]
['2013-08-26', 2.7, 2.7, 2.66, 2.7]
['2013-08-27', 2.68, 2.75, 2.65, 2.65]
['2013-08-28', 2.64, 2.68, 2.61, 2.66]
['2013-08-29', 2.63, 2.76, 2.63, 2.7]
['2013-08-30', 2.68, 2.76, 2.62, 2.62]
['2013-09-03', 2.62, 2.67, 2.6, 2.6]
['2013-09-04', 2.64, 2.8, 2.6, 2.64]
['2013-09-05', 2.67, 2.76, 2.65, 2.67]
['2013-09-06', 2.65, 2.73, 2.64, 2.72]
['2013-09-09', 2.72, 2.84, 2.72, 2.82]
['2013-09-10', 2.82, 2.82, 2.72, 2.74]
['2013-09-11', 2.75, 2.76, 2.66, 2.74]
['2013-09-12', 2.73, 2.77, 2.7, 2.73]
['2013-09-13', 2.76, 2.76, 2.68, 2.7]
['2013-09-16', 2.73, 2.76, 2.68, 2.69]
['2013-09-17', 2.7, 2.75, 2.68, 2.68]
['2013-09-18', 2.68, 2.75, 2.68, 2.73]
['2013-09-19', 2.72, 2.73, 2.68, 2.73]
['2013-09-20', 2.72, 2.76, 2.68, 2.69]
['2013-09-23', 2.68, 2.72, 2.59, 2.65]
['2013-09-24', 2.64, 2.71, 2.61, 2.67]
['2013-09-25', 2.64, 2.67, 2.62, 2.62]
['2013-09-26', 2.61, 2.65, 2.53, 2.62]
['2013-09-27', 2.59, 2.6, 2.54, 2.6]
['2013-09-30', 2.57, 2.59, 2.54, 2.58]
['2013-10-01', 2.58, 2.58, 2.53, 2.55]
['2013-10-02', 2.53, 2.55, 2.49, 2.51]
['2013-10-03', 2.49, 2.51, 2.43, 2.47]
['2013-10-04', 2.49, 2.5, 2.42, 2.44]
['2013-10-07', 2.41, 2.59, 2.41, 2.53]
['2013-10-08', 2.52, 2.53, 2.41, 2.41]
['2013-10-09', 2.44, 2.45, 2.34, 2.37]
['2013-10-10', 2.39, 2.42, 2.34, 2.37]
['2013-10-11', 2.4, 2.5, 2.37, 2.44]
['2013-10-14', 2.39, 2.42, 2.37, 2.38]
['2013-10-15', 2.35, 2.39, 2.35, 2.37]
['2013-10-16', 2.37, 2.37, 2.32, 2.35]
['2013-10-17', 2.32, 2.39, 2.31, 2.39]
['2013-10-18', 2.39, 2.49, 2.39, 2.45]
['2013-10-21', 2.44, 2.47, 2.4, 2.47]
['2013-10-22', 2.47, 2.5, 2.4, 2.41]
['2013-10-23', 2.41, 2.5, 2.41, 2.49]
['2013-10-24', 2.48, 2.6, 2.45, 2.52]
['2013-10-25', 2.53, 2.61, 2.5, 2.53]
['2013-10-28', 2.56, 2.56, 2.43, 2.43]
['2013-10-29', 2.43, 2.49, 2.35, 2.39]
['2013-10-30', 2.35, 2.42, 2.35, 2.4]
['2013-10-31', 2.38, 2.38, 2.31, 2.32]
['2013-11-01', 2.31, 2.41, 2.25, 2.29]
['2013-11-04', 2.27, 2.6, 2.27, 2.47]
['2013-11-05', 2.47, 2.48, 2.38, 2.45]
['2013-11-06', 2.62, 2.78, 2.62, 2.71]
['2013-11-07', 2.7, 2.75, 2.6, 2.62]
['2013-11-08', 2.6, 2.74, 2.52, 2.66]
['2013-11-11', 2.63, 2.66, 2.49, 2.56]
['2013-11-12', 2.58, 2.6, 2.56, 2.57]
['2013-11-13', 2.59, 2.6, 2.47, 2.52]
['2013-11-14', 2.49, 2.61, 2.44, 2.6]
['2013-11-15', 2.61, 2.68, 2.61, 2.66]
['2013-11-18', 2.68, 2.74, 2.63, 2.65]
['2013-11-19', 2.6, 2.68, 2.58, 2.64]
['2013-11-20', 2.64, 2.67, 2.57, 2.65]
['2013-11-21', 2.67, 2.7, 2.59, 2.67]
['2013-11-22', 2.64, 2.69, 2.61, 2.69]
['2013-11-25', 2.7, 2.7, 2.62, 2.67]
['2013-11-26', 2.66, 2.81, 2.61, 2.74]
['2013-11-27', 2.74, 2.8, 2.7, 2.77]
['2013-11-29', 2.8, 2.88, 2.78, 2.8]
['2013-12-02', 2.8, 2.88, 2.75, 2.77]
['2013-12-03', 2.8, 2.84, 2.68, 2.76]
['2013-12-04', 2.77, 2.79, 2.73, 2.75]
['2013-12-05', 2.74, 2.74, 2.68, 2.68]
['2013-12-06', 2.7, 2.77, 2.68, 2.71]
['2013-12-09', 2.73, 2.76, 2.67, 2.7]
['2013-12-10', 2.66, 2.69, 2.58, 2.64]
['2013-12-11', 2.65, 2.66, 2.56, 2.65]
['2013-12-12', 2.62, 2.67, 2.58, 2.59]
['2013-12-13', 2.57, 2.6, 2.54, 2.56]
['2013-12-16', 2.55, 2.61, 2.52, 2.53]
['2013-12-17', 2.5, 2.58, 2.5, 2.57]
['2013-12-18', 2.55, 2.58, 2.51, 2.57]
['2013-12-19', 2.53, 2.58, 2.51, 2.53]
['2013-12-20', 2.53, 2.55, 2.51, 2.52]
['2013-12-23', 2.51, 2.65, 2.51, 2.62]
['2013-12-24', 2.6, 2.62, 2.56, 2.57]
['2013-12-26', 2.55, 2.61, 2.51, 2.52]
['2013-12-27', 2.5, 2.52, 2.48, 2.5]
['2013-12-30', 2.47, 2.52, 2.41, 2.45]
['2013-12-31', 2.44, 2.5, 2.4, 2.45]
['2014-01-02', 2.46, 2.55, 2.41, 2.51]
['2014-01-03', 2.52, 2.6, 2.48, 2.59]
['2014-01-06', 2.62, 2.67, 2.6, 2.62]
['2014-01-07', 2.65, 2.7, 2.6, 2.68]
['2014-01-08', 2.7, 2.7, 2.64, 2.64]
['2014-01-09', 2.65, 2.66, 2.54, 2.61]
['2014-01-10', 2.64, 2.64, 2.58, 2.59]
['2014-01-13', 2.59, 2.62, 2.56, 2.61]
['2014-01-14', 2.59, 2.74, 2.58, 2.61]
['2014-01-15', 2.59, 2.64, 2.56, 2.59]
['2014-01-16', 2.58, 2.63, 2.57, 2.58]
['2014-01-17', 2.58, 2.64, 2.57, 2.57]
['2014-01-21', 2.56, 2.6, 2.56, 2.59]
['2014-01-22', 2.6, 2.72, 2.56, 2.68]
['2014-01-23', 2.67, 2.67, 2.6, 2.63]
['2014-01-24', 2.64, 2.64, 2.48, 2.53]
['2014-01-27', 2.52, 2.52, 2.41, 2.45]
['2014-01-28', 2.43, 2.58, 2.43, 2.44]
['2014-01-29', 2.44, 2.49, 2.4, 2.41]
['2014-01-30', 2.44, 2.46, 2.4, 2.42]
['2014-01-31', 2.4, 2.41, 2.35, 2.36]
['2014-02-03', 2.35, 2.36, 2.13, 2.24]
['2014-02-04', 2.23, 2.37, 2.22, 2.36]
['2014-02-05', 2.37, 2.41, 2.33, 2.41]
['2014-02-06', 2.43, 2.51, 2.36, 2.51]
['2014-02-07', 2.5, 2.53, 2.44, 2.51]
['2014-02-10', 2.52, 2.52, 2.43, 2.51]
['2014-02-11', 2.53, 2.54, 2.49, 2.52]
['2014-02-12', 2.51, 2.52, 2.45, 2.49]
['2014-02-13', 2.55, 2.63, 2.51, 2.61]
['2014-02-14', 2.68, 2.68, 2.55, 2.56]
['2014-02-18', 2.55, 2.62, 2.55, 2.61]
['2014-02-19', 2.62, 2.63, 2.6, 2.63]
['2014-02-20', 2.64, 2.68, 2.59, 2.67]
['2014-02-21', 2.69, 2.69, 2.63, 2.66]
['2014-02-24', 2.64, 2.75, 2.57, 2.64]
['2014-02-25', 2.58, 2.69, 2.55, 2.66]
['2014-02-26', 2.65, 2.66, 2.62, 2.65]
['2014-02-27', 2.63, 2.72, 2.63, 2.67]
['2014-02-28', 2.64, 2.72, 2.63, 2.63]
['2014-03-03', 2.59, 2.67, 2.55, 2.65]
['2014-03-04', 2.67, 2.75, 2.64, 2.71]
['2014-03-05', 2.75, 2.86, 2.75, 2.82]
['2014-03-06', 2.58, 2.65, 2.35, 2.63]
['2014-03-07', 2.6, 2.66, 2.58, 2.64]
['2014-03-10', 2.64, 2.66, 2.55, 2.63]
['2014-03-11', 2.61, 2.62, 2.55, 2.57]
['2014-03-12', 2.57, 2.72, 2.53, 2.7]
['2014-03-13', 2.72, 2.72, 2.6, 2.61]
['2014-03-14', 2.6, 2.65, 2.58, 2.61]
['2014-03-17', 2.62, 2.63, 2.54, 2.56]
['2014-03-18', 2.59, 2.64, 2.56, 2.6]
['2014-03-19', 2.63, 2.63, 2.54, 2.57]
['2014-03-20', 2.55, 2.59, 2.52, 2.55]
['2014-03-21', 2.55, 2.6, 2.53, 2.56]
['2014-03-24', 2.54, 2.58, 2.53, 2.54]
['2014-03-25', 2.56, 2.57, 2.47, 2.48]
['2014-03-26', 2.48, 2.52, 2.46, 2.49]
['2014-03-27', 2.49, 2.49, 2.4, 2.44]
['2014-03-28', 2.46, 2.51, 2.44, 2.44]
['2014-03-31', 2.46, 2.52, 2.46, 2.47]
['2014-04-01', 2.43, 2.54, 2.43, 2.52]
['2014-04-02', 2.51, 2.56, 2.49, 2.53]
['2014-04-03', 2.51, 2.51, 2.47, 2.49]
['2014-04-04', 2.51, 2.51, 2.46, 2.5]
['2014-04-07', 2.46, 2.5, 2.46, 2.49]
['2014-04-08', 2.5, 2.52, 2.49, 2.5]
['2014-04-09', 2.5, 2.54, 2.46, 2.53]
['2014-04-10', 2.52, 2.53, 2.5, 2.52]
['2014-04-11', 2.51, 2.54, 2.51, 2.53]
['2014-04-14', 2.53, 2.55, 2.51, 2.52]
['2014-04-15', 2.55, 2.58, 2.52, 2.57]
['2014-04-16', 2.6, 2.63, 2.5, 2.51]
['2014-04-17', 2.48, 2.57, 2.48, 2.55]
['2014-04-21', 2.53, 2.55, 2.48, 2.53]
['2014-04-22', 2.53, 2.53, 2.48, 2.51]
['2014-04-23', 2.49, 2.53, 2.47, 2.49]
['2014-04-24', 2.49, 2.49, 2.45, 2.47]
['2014-04-25', 2.45, 2.47, 2.39, 2.41]
['2014-04-28', 2.43, 2.44, 2.35, 2.37]
['2014-04-29', 2.37, 2.41, 2.35, 2.37]
['2014-04-30', 2.38, 2.46, 2.35, 2.37]
['2014-05-01', 2.35, 2.46, 2.35, 2.43]
['2014-05-02', 2.42, 2.46, 2.38, 2.41]
['2014-05-05', 2.42, 2.5, 2.41, 2.46]
['2014-05-06', 2.5, 2.5, 2.39, 2.39]
['2014-05-07', 2.38, 2.4, 2.28, 2.3]
['2014-05-08', 2.31, 2.34, 2.22, 2.23]
['2014-05-09', 2.22, 2.28, 2.2, 2.24]
['2014-05-12', 2.24, 2.37, 2.24, 2.29]
['2014-05-13', 2.25, 2.34, 2.25, 2.27]
['2014-05-14', 2.4, 2.45, 2.25, 2.31]
['2014-05-15', 2.28, 2.35, 2.24, 2.26]
['2014-05-16', 2.29, 2.29, 2.19, 2.21]
['2014-05-19', 2.23, 2.23, 2.18, 2.2]
['2014-05-20', 2.22, 2.28, 2.21, 2.24]
['2014-05-21', 2.25, 2.34, 2.25, 2.34]
['2014-05-22', 2.32, 2.32, 2.25, 2.26]
['2014-05-23', 2.25, 2.3, 2.25, 2.29]
['2014-05-27', 2.33, 2.36, 2.27, 2.27]
['2014-05-28', 2.3, 2.35, 2.19, 2.19]
['2014-05-29', 2.18, 2.24, 2.18, 2.22]
['2014-05-30', 2.2, 2.3, 2.17, 2.27]
['2014-06-02', 2.3, 2.3, 2.22, 2.26]
['2014-06-03', 2.26, 2.26, 2.17, 2.2]
['2014-06-04', 2.2, 2.24, 2.15, 2.2]
['2014-06-05', 2.16, 2.21, 2.15, 2.19]
['2014-06-06', 2.17, 2.22, 2.15, 2.21]
['2014-06-09', 2.23, 2.28, 2.22, 2.27]
['2014-06-10', 2.24, 2.28, 2.19, 2.24]
['2014-06-11', 2.21, 2.26, 2.21, 2.26]
['2014-06-12', 2.2, 2.24, 2.15, 2.2]
['2014-06-13', 2.27, 2.27, 2.16, 2.2]
['2014-06-16', 2.18, 2.22, 2.15, 2.15]
['2014-06-17', 2.12, 2.29, 2.12, 2.28]
['2014-06-18', 2.34, 2.38, 2.3, 2.35]
['2014-06-19', 2.33, 2.55, 2.28, 2.55]
['2014-06-20', 2.55, 2.55, 2.5, 2.54]
['2014-06-23', 2.52, 2.55, 2.46, 2.53]
['2014-06-24', 2.54, 2.55, 2.5, 2.5]
['2014-06-25', 2.5, 2.55, 2.5, 2.53]
['2014-06-26', 2.53, 2.69, 2.53, 2.69]
['2014-06-27', 2.6, 2.64, 2.58, 2.62]
['2014-06-30', 2.6, 2.6, 2.53, 2.56]
['2014-07-01', 2.55, 2.58, 2.52, 2.57]
['2014-07-02', 2.58, 2.61, 2.55, 2.56]
['2014-07-03', 2.59, 2.59, 2.53, 2.58]
['2014-07-07', 2.55, 2.59, 2.53, 2.53]
['2014-07-08', 2.5, 2.5, 2.43, 2.46]
['2014-07-09', 2.51, 2.59, 2.43, 2.51]
['2014-07-10', 2.47, 2.54, 2.42, 2.47]
['2014-07-11', 2.48, 2.6, 2.44, 2.6]
['2014-07-14', 2.58, 2.6, 2.54, 2.59]
['2014-07-15', 2.6, 2.6, 2.47, 2.5]
['2014-07-16', 2.5, 2.57, 2.48, 2.48]
['2014-07-17', 2.46, 2.49, 2.42, 2.46]
['2014-07-18', 2.44, 2.56, 2.44, 2.48]
['2014-07-21', 2.47, 2.52, 2.43, 2.47]
['2014-07-22', 2.46, 2.52, 2.43, 2.45]
['2014-07-23', 2.47, 2.51, 2.46, 2.48]
['2014-07-24', 2.48, 2.48, 2.42, 2.42]
['2014-07-25', 2.42, 2.46, 2.42, 2.45]
['2014-07-28', 2.43, 2.48, 2.43, 2.47]
['2014-07-29', 2.47, 2.47, 2.45, 2.46]
['2014-07-30', 2.46, 2.48, 2.45, 2.47]
['2014-07-31', 2.46, 2.46, 2.38, 2.41]
['2014-08-01', 2.38, 2.41, 2.36, 2.41]
['2014-08-04', 2.39, 2.41, 2.38, 2.38]
['2014-08-05', 2.38, 2.4, 2.37, 2.38]
['2014-08-06', 2.38, 2.4, 2.37, 2.4]
['2014-08-07', 2.39, 2.4, 2.36, 2.37]
['2014-08-08', 2.38, 2.39, 2.33, 2.37]
['2014-08-11', 2.4, 2.4, 2.37, 2.38]
['2014-08-12', 2.36, 2.36, 2.33, 2.33]
['2014-08-13', 2.31, 2.31, 2.1, 2.13]
['2014-08-14', 2.16, 2.16, 2.03, 2.06]
['2014-08-15', 2.07, 2.1, 2.02, 2.04]
['2014-08-18', 2.02, 2.05, 2.01, 2.04]
['2014-08-19', 2.02, 2.04, 1.95, 1.98]
['2014-08-20', 1.95, 2.0, 1.92, 1.96]
['2014-08-21', 1.98, 2.02, 1.93, 1.97]
['2014-08-22', 1.97, 2.0, 1.94, 1.95]
['2014-08-25', 1.95, 1.99, 1.93, 1.95]
['2014-08-26', 1.95, 1.97, 1.87, 1.94]
['2014-08-27', 1.9, 1.95, 1.9, 1.93]
['2014-08-28', 1.9, 2.02, 1.9, 2.01]
['2014-08-29', 2.0, 2.07, 1.99, 2.02]
['2014-09-02', 2.0, 2.1, 1.94, 2.0]
['2014-09-03', 1.99, 2.03, 1.9, 1.91]
['2014-09-04', 1.91, 2.02, 1.9, 2.01]
['2014-09-05', 1.99, 2.02, 1.9, 1.94]
['2014-09-08', 1.91, 1.96, 1.91, 1.95]
['2014-09-09', 1.93, 1.96, 1.9, 1.93]
['2014-09-10', 1.92, 1.95, 1.84, 1.9]
['2014-09-11', 1.89, 1.91, 1.88, 1.88]
['2014-09-12', 1.89, 1.9, 1.8, 1.83]
['2014-09-15', 1.81, 1.88, 1.81, 1.84]
['2014-09-16', 1.83, 1.85, 1.8, 1.85]
['2014-09-17', 1.83, 1.99, 1.83, 1.95]
['2014-09-18', 1.98, 2.02, 1.89, 1.9]
['2014-09-19', 1.88, 1.92, 1.83, 1.83]
['2014-09-22', 1.83, 1.93, 1.83, 1.88]
['2014-09-23', 1.9, 1.95, 1.86, 1.88]
['2014-09-24', 1.88, 1.91, 1.86, 1.86]
['2014-09-25', 1.87, 1.93, 1.86, 1.92]
['2014-09-26', 1.91, 1.93, 1.86, 1.86]
['2014-09-29', 1.86, 1.9, 1.86, 1.86]
['2014-09-30', 1.89, 1.91, 1.86, 1.91]
['2014-10-01', 2.0, 2.0, 1.86, 1.87]
['2014-10-02', 1.86, 1.87, 1.84, 1.85]
['2014-10-03', 1.86, 1.89, 1.84, 1.84]
['2014-10-06', 1.84, 1.86, 1.84, 1.84]
['2014-10-07', 1.83, 1.87, 1.7, 1.73]
['2014-10-08', 1.71, 1.75, 1.62, 1.68]
['2014-10-09', 1.66, 1.69, 1.55, 1.56]
['2014-10-10', 1.67, 1.68, 1.53, 1.57]
['2014-10-13', 1.56, 1.62, 1.55, 1.55]
['2014-10-14', 1.54, 1.61, 1.54, 1.58]
['2014-10-15', 1.58, 1.65, 1.57, 1.61]
['2014-10-16', 1.61, 1.7, 1.61, 1.65]
['2014-10-17', 1.68, 1.7, 1.66, 1.69]
['2014-10-20', 1.68, 1.68, 1.61, 1.65]
['2014-10-21', 1.64, 1.65, 1.61, 1.61]
['2014-10-22', 1.62, 1.64, 1.57, 1.59]
['2014-10-23', 1.6, 1.6, 1.59, 1.59]
['2014-10-24', 1.59, 1.6, 1.59, 1.59]
['2014-10-27', 1.6, 1.62, 1.59, 1.59]
['2014-10-28', 1.59, 1.64, 1.59, 1.61]
['2014-10-29', 1.65, 1.79, 1.65, 1.76]
['2014-10-30', 1.77, 1.81, 1.75, 1.76]
['2014-10-31', 1.81, 1.97, 1.77, 1.9]
['2014-11-03', 1.87, 1.91, 1.8, 1.84]
['2014-11-04', 1.81, 1.93, 1.8, 1.9]
['2014-11-05', 1.89, 1.9, 1.78, 1.82]
['2014-11-06', 1.84, 1.88, 1.75, 1.82]
['2014-11-07', 1.79, 1.84, 1.75, 1.77]
['2014-11-10', 1.75, 1.82, 1.75, 1.76]
['2014-11-11', 1.75, 1.89, 1.75, 1.83]
['2014-11-12', 1.85, 1.93, 1.83, 1.86]
['2014-11-13', 1.83, 1.88, 1.78, 1.78]
['2014-11-14', 1.8, 1.8, 1.56, 1.65]
['2014-11-17', 1.68, 1.85, 1.68, 1.73]
['2014-11-18', 1.77, 1.77, 1.68, 1.7]
['2014-11-19', 1.69, 1.71, 1.6, 1.66]
['2014-11-20', 1.68, 1.72, 1.66, 1.72]
['2014-11-21', 1.72, 1.74, 1.69, 1.69]
['2014-11-24', 1.69, 1.71, 1.64, 1.71]
['2014-11-25', 1.68, 1.73, 1.65, 1.67]
['2014-11-26', 1.66, 1.71, 1.66, 1.66]
['2014-11-28', 1.72, 1.72, 1.62, 1.63]
['2014-12-01', 1.67, 1.67, 1.63, 1.64]
['2014-12-02', 1.62, 1.65, 1.6, 1.61]
['2014-12-03', 1.56, 1.64, 1.56, 1.59]
['2014-12-04', 1.58, 1.64, 1.58, 1.6]
['2014-12-05', 1.64, 1.65, 1.59, 1.63]
['2014-12-08', 1.54, 1.64, 1.54, 1.62]
['2014-12-09', 1.61, 1.61, 1.53, 1.56]
['2014-12-10', 1.56, 1.61, 1.56, 1.56]
['2014-12-11', 1.56, 1.64, 1.56, 1.56]
['2014-12-12', 1.56, 1.59, 1.53, 1.55]
['2014-12-15', 1.55, 1.65, 1.52, 1.55]
['2014-12-16', 1.56, 1.57, 1.55, 1.55]
['2014-12-17', 1.55, 1.57, 1.55, 1.55]
['2014-12-18', 1.56, 1.63, 1.56, 1.56]
['2014-12-19', 1.59, 1.59, 1.54, 1.55]
['2014-12-22', 1.56, 1.65, 1.55, 1.6]
['2014-12-23', 1.65, 1.74, 1.59, 1.65]
['2014-12-24', 1.6, 1.71, 1.6, 1.68]
['2014-12-26', 1.68, 2.28, 1.68, 2.06]
['2014-12-29', 2.18, 2.24, 2.01, 2.05]
['2014-12-30', 2.05, 2.1, 1.91, 2.01]
['2014-12-31', 1.94, 2.0, 1.92, 2.0]
['2015-01-02', 2.0, 2.05, 1.95, 2.05]
['2015-01-05', 2.09, 2.09, 1.99, 2.07]
['2015-01-06', 2.1, 2.18, 1.96, 1.99]
['2015-01-07', 2.01, 2.05, 2.0, 2.02]
['2015-01-08', 2.03, 2.16, 2.0, 2.01]
['2015-01-09', 2.1, 2.22, 2.04, 2.16]
['2015-01-12', 2.24, 2.36, 2.12, 2.32]
['2015-01-13', 2.3, 2.37, 2.2, 2.37]
['2015-01-14', 2.37, 2.53, 2.32, 2.43]
['2015-01-15', 2.45, 2.5, 2.35, 2.38]
['2015-01-16', 2.43, 2.52, 2.36, 2.41]
['2015-01-20', 2.45, 2.45, 2.32, 2.32]
['2015-01-21', 2.35, 2.36, 2.25, 2.28]
['2015-01-22', 2.31, 2.31, 2.23, 2.3]
['2015-01-23', 2.31, 2.34, 2.1, 2.13]
['2015-01-26', 2.13, 2.22, 2.08, 2.14]
['2015-01-27', 2.07, 2.22, 2.07, 2.13]
['2015-01-28', 2.11, 2.16, 2.05, 2.07]
['2015-01-29', 2.04, 2.07, 2.0, 2.05]
['2015-01-30', 2.03, 2.25, 2.03, 2.13]
['2015-02-02', 2.18, 2.18, 2.02, 2.08]
['2015-02-03', 2.07, 2.13, 2.0, 2.01]
['2015-02-04', 2.04, 2.04, 1.98, 1.98]
['2015-02-05', 1.98, 2.09, 1.97, 2.03]
['2015-02-06', 2.03, 2.07, 2.0, 2.06]
['2015-02-09', 2.04, 2.21, 2.04, 2.17]
['2015-02-10', 2.22, 2.23, 2.11, 2.15]
['2015-02-11', 2.11, 2.2, 2.05, 2.11]
['2015-02-12', 2.15, 2.15, 2.09, 2.13]
['2015-02-13', 2.18, 2.18, 2.08, 2.18]
['2015-02-17', 2.2, 2.2, 2.02, 2.06]
['2015-02-18', 2.08, 2.14, 2.08, 2.12]
['2015-02-19', 2.15, 2.22, 2.11, 2.16]
['2015-02-20', 2.16, 2.25, 2.14, 2.2]
['2015-02-23', 2.23, 2.28, 2.15, 2.16]
['2015-02-24', 2.16, 2.26, 2.11, 2.13]
['2015-02-25', 2.12, 2.38, 2.12, 2.33]
['2015-02-26', 2.44, 2.44, 2.12, 2.16]
['2015-02-27', 2.12, 2.28, 2.12, 2.22]
['2015-03-02', 2.13, 2.2, 2.12, 2.19]
['2015-03-03', 2.16, 2.3, 2.07, 2.3]
['2015-03-04', 2.32, 2.32, 2.19, 2.19]
['2015-03-05', 2.2, 2.22, 2.13, 2.13]
['2015-03-06', 2.17, 2.28, 2.08, 2.28]
['2015-03-09', 2.3, 2.4, 2.21, 2.4]
['2015-03-10', 2.39, 2.41, 2.27, 2.36]
['2015-03-11', 2.35, 2.44, 2.24, 2.3]
['2015-03-12', 2.39, 2.48, 2.27, 2.45]
['2015-03-13', 2.45, 2.45, 2.27, 2.35]
['2015-03-16', 2.31, 2.53, 2.29, 2.49]
['2015-03-17', 2.47, 2.74, 2.46, 2.7]
['2015-03-18', 2.74, 2.83, 2.61, 2.64]
['2015-03-19', 2.71, 2.71, 2.46, 2.48]
['2015-03-20', 2.48, 2.58, 2.4, 2.53]
['2015-03-23', 2.56, 2.6, 2.47, 2.54]
['2015-03-24', 2.6, 2.6, 2.54, 2.55]
['2015-03-25', 2.57, 2.58, 2.36, 2.44]
['2015-03-26', 2.37, 2.47, 2.26, 2.28]
['2015-03-27', 2.36, 2.49, 2.28, 2.45]
['2015-03-30', 2.45, 2.5, 2.31, 2.33]
['2015-03-31', 2.33, 2.35, 2.25, 2.27]
['2015-04-01', 2.25, 2.37, 2.21, 2.37]
['2015-04-02', 2.35, 2.35, 2.29, 2.33]
['2015-04-06', 2.31, 2.32, 2.22, 2.27]
['2015-04-07', 2.26, 2.45, 2.25, 2.37]
['2015-04-08', 2.41, 2.5, 2.39, 2.47]
['2015-04-09', 2.39, 2.5, 2.35, 2.37]
['2015-04-10', 2.55, 2.63, 2.49, 2.53]
['2015-04-13', 2.51, 2.64, 2.37, 2.42]
['2015-04-14', 2.38, 2.59, 2.36, 2.47]
['2015-04-15', 2.49, 2.58, 2.45, 2.51]
['2015-04-16', 2.46, 2.5, 2.42, 2.47]
['2015-04-17', 2.44, 2.44, 2.35, 2.35]
['2015-04-20', 2.35, 2.43, 2.35, 2.39]
['2015-04-21', 2.39, 2.4, 2.36, 2.4]
['2015-04-22', 2.4, 2.48, 2.35, 2.44]
['2015-04-23', 2.41, 2.55, 2.4, 2.44]
['2015-04-24', 2.47, 2.5, 2.37, 2.42]
['2015-04-27', 2.42, 2.44, 2.38, 2.39]
['2015-04-28', 2.4, 2.45, 2.37, 2.42]
['2015-04-29', 2.42, 2.42, 2.32, 2.33]
['2015-04-30', 2.31, 2.39, 2.25, 2.31]
['2015-05-01', 2.3, 2.4, 1.82, 2.05]
['2015-05-04', 2.15, 2.2, 2.1, 2.14]
['2015-05-05', 2.1, 2.17, 2.05, 2.12]
['2015-05-06', 2.07, 2.12, 2.01, 2.08]
['2015-05-07', 2.05, 2.1, 1.89, 1.93]
['2015-05-08', 1.86, 2.07, 1.86, 1.98]
['2015-05-11', 2.0, 2.06, 1.85, 1.91]
['2015-05-12', 1.92, 1.97, 1.9, 1.94]
['2015-05-13', 1.94, 1.97, 1.86, 1.9]
['2015-05-14', 1.93, 1.94, 1.87, 1.9]
['2015-05-15', 1.88, 1.93, 1.75, 1.86]
['2015-05-18', 1.85, 1.96, 1.8, 1.94]
['2015-05-19', 1.93, 1.98, 1.9, 1.95]
['2015-05-20', 1.95, 1.96, 1.9, 1.93]
['2015-05-21', 1.89, 1.98, 1.89, 1.94]
['2015-05-22', 1.95, 1.95, 1.91, 1.94]
['2015-05-26', 1.94, 1.95, 1.86, 1.92]
['2015-05-27', 1.91, 1.97, 1.84, 1.93]
['2015-05-28', 1.94, 1.95, 1.89, 1.95]
['2015-05-29', 1.94, 1.99, 1.88, 1.97]
['2015-06-01', 1.95, 1.95, 1.88, 1.88]
['2015-06-02', 1.88, 1.9, 1.85, 1.88]
['2015-06-03', 1.89, 1.95, 1.87, 1.93]
['2015-06-04', 1.93, 2.0, 1.91, 1.93]
['2015-06-05', 1.93, 1.97, 1.87, 1.9]
['2015-06-08', 1.88, 1.91, 1.88, 1.9]
['2015-06-09', 1.92, 1.92, 1.89, 1.9]
['2015-06-10', 1.89, 1.9, 1.81, 1.85]
['2015-06-11', 1.84, 1.89, 1.81, 1.84]
['2015-06-12', 1.8, 1.87, 1.71, 1.74]
['2015-06-15', 1.75, 1.85, 1.74, 1.85]
['2015-06-16', 1.81, 1.82, 1.73, 1.79]
['2015-06-17', 1.8, 1.83, 1.76, 1.81]
['2015-06-18', 1.8, 1.83, 1.78, 1.81]
['2015-06-19', 1.83, 1.83, 1.75, 1.75]
['2015-06-22', 1.77, 1.77, 1.71, 1.73]
['2015-06-23', 1.74, 1.79, 1.74, 1.79]
['2015-06-24', 1.79, 1.79, 1.75, 1.78]
['2015-06-25', 1.8, 1.81, 1.74, 1.74]
['2015-06-26', 1.74, 1.76, 1.65, 1.65]
['2015-06-29', 1.58, 1.69, 1.58, 1.62]
['2015-06-30', 1.61, 1.67, 1.58, 1.61]
['2015-07-01', 1.63, 1.63, 1.59, 1.61]
['2015-07-02', 1.59, 1.66, 1.57, 1.65]
['2015-07-06', 1.66, 1.7, 1.59, 1.62]
['2015-07-07', 1.62, 1.62, 1.57, 1.61]
['2015-07-08', 1.59, 1.61, 1.57, 1.58]
['2015-07-09', 1.57, 1.6, 1.49, 1.49]
['2015-07-10', 1.51, 1.65, 1.44, 1.63]
['2015-07-13', 1.67, 1.72, 1.65, 1.67]
['2015-07-14', 1.73, 1.8, 1.73, 1.79]
['2015-07-15', 1.88, 1.88, 1.6, 1.8]
['2015-07-16', 1.78, 1.83, 1.74, 1.76]
['2015-07-17', 1.75, 1.78, 1.69, 1.76]
['2015-07-20', 1.75, 1.75, 1.63, 1.67]
['2015-07-21', 1.66, 1.7, 1.56, 1.59]
['2015-07-22', 1.56, 1.61, 1.56, 1.6]
['2015-07-23', 1.59, 1.62, 1.59, 1.59]
['2015-07-24', 1.59, 1.61, 1.54, 1.54]
['2015-07-27', 1.52, 1.55, 1.52, 1.52]
['2015-07-28', 1.52, 1.59, 1.52, 1.55]
['2015-07-29', 1.55, 1.58, 1.55, 1.55]
['2015-07-30', 1.57, 1.63, 1.55, 1.61]
['2015-07-31', 1.65, 1.65, 1.57, 1.63]
['2015-08-03', 1.6, 1.65, 1.57, 1.64]
['2015-08-04', 1.54, 1.65, 1.53, 1.59]
['2015-08-05', 1.65, 1.74, 1.63, 1.67]
['2015-08-06', 1.67, 1.76, 1.63, 1.76]
['2015-08-07', 1.77, 1.77, 1.55, 1.7]
['2015-08-10', 1.68, 1.74, 1.6, 1.66]
['2015-08-11', 1.61, 1.69, 1.56, 1.59]
['2015-08-12', 1.62, 1.63, 1.53, 1.61]
['2015-08-13', 1.63, 1.64, 1.59, 1.59]
['2015-08-14', 1.59, 1.68, 1.59, 1.65]
['2015-08-17', 1.65, 1.68, 1.61, 1.64]
['2015-08-18', 1.61, 1.68, 1.6, 1.6]
['2015-08-19', 1.68, 1.75, 1.52, 1.53]
['2015-08-20', 1.52, 1.66, 1.52, 1.53]
['2015-08-21', 1.58, 1.58, 1.48, 1.5]
['2015-08-24', 1.45, 1.54, 1.03, 1.54]
['2015-08-25', 1.58, 1.58, 1.49, 1.55]
['2015-08-26', 1.53, 1.55, 1.5, 1.52]
['2015-08-27', 1.52, 1.53, 1.46, 1.48]
['2015-08-28', 1.52, 1.57, 1.42, 1.46]
['2015-08-31', 1.46, 1.61, 1.45, 1.49]
['2015-09-01', 1.59, 1.59, 1.45, 1.48]
['2015-09-02', 1.48, 1.58, 1.47, 1.5]
['2015-09-03', 1.5, 1.6, 1.46, 1.53]
['2015-09-04', 1.47, 1.52, 1.45, 1.5]
['2015-09-08', 1.51, 1.51, 1.4, 1.45]
['2015-09-09', 1.5, 1.5, 1.44, 1.45]
['2015-09-10', 1.43, 1.6, 1.43, 1.49]
['2015-09-11', 1.49, 1.54, 1.42, 1.47]
['2015-09-14', 1.49, 1.49, 1.42, 1.45]
['2015-09-15', 1.42, 1.49, 1.42, 1.47]
['2015-09-16', 1.45, 1.48, 1.39, 1.44]
['2015-09-17', 1.45, 1.45, 1.4, 1.43]
['2015-09-18', 1.39, 1.45, 1.39, 1.44]
['2015-09-21', 1.42, 1.44, 1.41, 1.43]
['2015-09-22', 1.4, 1.45, 1.38, 1.39]
['2015-09-23', 1.4, 1.43, 1.38, 1.4]
['2015-09-24', 1.38, 1.44, 1.33, 1.37]
['2015-09-25', 1.39, 1.4, 1.33, 1.37]
['2015-09-28', 1.34, 1.38, 1.29, 1.36]
['2015-09-29', 1.33, 1.38, 1.28, 1.3]
['2015-09-30', 1.31, 1.38, 1.27, 1.35]
['2015-10-01', 1.36, 1.39, 1.32, 1.35]
['2015-10-02', 1.35, 1.38, 1.32, 1.38]
['2015-10-05', 1.37, 1.38, 1.29, 1.35]
['2015-10-06', 1.32, 1.37, 1.31, 1.36]
['2015-10-07', 1.33, 1.4, 1.33, 1.37]
['2015-10-08', 1.4, 1.4, 1.34, 1.36]
['2015-10-09', 1.33, 1.45, 1.32, 1.45]
['2015-10-12', 1.46, 1.49, 1.45, 1.47]
['2015-10-13', 1.45, 1.47, 1.4, 1.4]
['2015-10-14', 1.4, 1.46, 1.36, 1.36]
['2015-10-15', 1.33, 1.46, 1.33, 1.42]
['2015-10-16', 1.38, 1.46, 1.35, 1.38]
['2015-10-19', 1.37, 1.43, 1.33, 1.39]
['2015-10-20', 1.38, 1.42, 1.35, 1.35]
['2015-10-21', 1.38, 1.38, 1.35, 1.36]
['2015-10-22', 1.38, 1.39, 1.35, 1.36]
['2015-10-23', 1.43, 1.43, 1.3, 1.34]
['2015-10-26', 1.43, 1.46, 1.3, 1.33]
['2015-10-27', 1.32, 1.4, 1.32, 1.37]
['2015-10-28', 1.37, 1.43, 1.34, 1.37]
['2015-10-29', 1.42, 1.49, 1.35, 1.42]
['2015-10-30', 1.43, 1.44, 1.33, 1.33]
['2015-11-02', 1.44, 1.44, 1.34, 1.42]
['2015-11-03', 1.35, 1.45, 1.35, 1.44]
['2015-11-04', 1.44, 1.45, 1.38, 1.41]
['2015-11-05', 1.41, 1.57, 1.41, 1.55]
['2015-11-06', 1.58, 1.6, 1.47, 1.54]
['2015-11-09', 1.52, 1.52, 1.41, 1.45]
['2015-11-10', 1.35, 1.53, 1.35, 1.42]
['2015-11-11', 1.39, 1.5, 1.36, 1.41]
['2015-11-12', 1.56, 1.6, 1.45, 1.45]
['2015-11-13', 1.45, 1.5, 1.38, 1.43]
['2015-11-16', 1.47, 1.5, 1.43, 1.43]
['2015-11-17', 1.47, 1.5, 1.44, 1.49]
['2015-11-18', 1.49, 1.59, 1.46, 1.57]
['2015-11-19', 1.55, 1.69, 1.54, 1.65]
['2015-11-20', 1.6, 1.7, 1.6, 1.61]
['2015-11-23', 1.57, 1.65, 1.57, 1.63]
['2015-11-24', 1.65, 1.67, 1.59, 1.62]
['2015-11-25', 1.6, 1.72, 1.6, 1.63]
['2015-11-27', 1.61, 1.74, 1.61, 1.73]
['2015-11-30', 1.75, 1.78, 1.71, 1.77]
['2015-12-01', 1.79, 1.81, 1.75, 1.77]
['2015-12-02', 1.8, 1.8, 1.67, 1.7]
['2015-12-03', 1.74, 1.78, 1.71, 1.75]
['2015-12-04', 1.75, 1.8, 1.73, 1.76]
['2015-12-07', 1.74, 1.76, 1.71, 1.71]
['2015-12-08', 1.71, 1.76, 1.71, 1.74]
['2015-12-09', 1.76, 1.79, 1.74, 1.78]
['2015-12-10', 1.77, 1.88, 1.77, 1.85]
['2015-12-11', 1.86, 1.88, 1.73, 1.73]
['2015-12-14', 1.8, 1.81, 1.74, 1.77]
['2015-12-15', 1.76, 1.81, 1.68, 1.75]
['2015-12-16', 1.78, 1.78, 1.69, 1.69]
['2015-12-17', 1.76, 1.76, 1.7, 1.73]
['2015-12-18', 1.7, 1.75, 1.68, 1.73]
['2015-12-21', 1.66, 1.72, 1.57, 1.71]
['2015-12-22', 1.7, 1.71, 1.67, 1.71]
['2015-12-23', 1.69, 1.81, 1.64, 1.79]
['2015-12-24', 1.73, 1.8, 1.67, 1.78]
['2015-12-28', 1.75, 1.8, 1.7, 1.71]
['2015-12-29', 1.66, 1.73, 1.66, 1.7]
['2015-12-30', 1.68, 1.75, 1.67, 1.69]
['2015-12-31', 1.68, 1.77, 1.65, 1.75]
['2016-01-04', 1.7, 1.77, 1.67, 1.71]
['2016-01-05', 1.68, 1.73, 1.68, 1.7]
['2016-01-06', 1.68, 1.74, 1.61, 1.67]
['2016-01-07', 1.63, 1.65, 1.54, 1.58]
['2016-01-08', 1.61, 1.69, 1.56, 1.67]
['2016-01-11', 1.65, 1.7, 1.61, 1.65]
['2016-01-12', 1.62, 1.65, 1.62, 1.64]
['2016-01-13', 1.64, 1.71, 1.63, 1.67]
['2016-01-14', 1.72, 1.72, 1.61, 1.7]
['2016-01-15', 1.67, 1.7, 1.59, 1.65]
['2016-01-19', 1.65, 1.8, 1.62, 1.7]
['2016-01-20', 1.63, 1.73, 1.55, 1.6]
['2016-01-21', 1.69, 1.69, 1.56, 1.61]
['2016-01-22', 1.66, 1.67, 1.62, 1.64]
['2016-01-25', 1.57, 1.65, 1.57, 1.59]
['2016-01-26', 1.62, 1.63, 1.58, 1.61]
['2016-01-27', 1.63, 1.64, 1.57, 1.59]
['2016-01-28', 1.6, 1.63, 1.57, 1.63]
['2016-01-29', 1.62, 1.69, 1.55, 1.62]
['2016-02-01', 1.6, 1.75, 1.6, 1.75]
['2016-02-02', 1.72, 1.8, 1.7, 1.78]
['2016-02-03', 1.78, 1.86, 1.73, 1.82]
['2016-02-04', 1.79, 1.83, 1.79, 1.79]
['2016-02-05', 1.76, 1.84, 1.76, 1.77]
['2016-02-08', 1.73, 1.76, 1.62, 1.7]
['2016-02-09', 1.68, 1.72, 1.62, 1.64]
['2016-02-10', 1.64, 1.65, 1.6, 1.61]
['2016-02-11', 1.6, 1.6, 1.48, 1.58]
['2016-02-12', 1.59, 1.63, 1.58, 1.62]
['2016-02-16', 1.61, 1.67, 1.6, 1.67]
['2016-02-17', 1.63, 1.67, 1.62, 1.66]
['2016-02-18', 1.67, 1.67, 1.61, 1.66]
['2016-02-19', 1.68, 1.74, 1.66, 1.7]
['2016-02-22', 1.7, 1.74, 1.66, 1.67]
['2016-02-23', 1.71, 1.77, 1.66, 1.67]
['2016-02-24', 1.7, 1.77, 1.65, 1.74]
['2016-02-25', 1.75, 1.8, 1.72, 1.79]
['2016-02-26', 1.8, 1.8, 1.69, 1.79]
['2016-02-29', 1.82, 1.82, 1.75, 1.77]
['2016-03-01', 1.77, 1.8, 1.77, 1.78]
['2016-03-02', 1.75, 1.8, 1.75, 1.79]
['2016-03-03', 1.77, 1.8, 1.71, 1.71]
['2016-03-04', 1.76, 1.82, 1.75, 1.8]
['2016-03-07', 1.77, 1.8, 1.73, 1.73]
['2016-03-08', 1.76, 1.78, 1.7, 1.7]
['2016-03-09', 1.74, 1.77, 1.71, 1.74]
['2016-03-10', 1.72, 1.77, 1.68, 1.72]
['2016-03-11', 1.75, 1.75, 1.72, 1.75]
['2016-03-14', 1.73, 1.75, 1.71, 1.75]
['2016-03-15', 1.75, 1.86, 1.74, 1.84]
['2016-03-16', 1.83, 1.89, 1.82, 1.86]
['2016-03-17', 1.89, 1.95, 1.63, 1.7]
['2016-03-18', 1.69, 1.74, 1.67, 1.7]
['2016-03-21', 1.7, 1.74, 1.42, 1.54]
['2016-03-22', 1.48, 1.58, 1.39, 1.47]
['2016-03-23', 1.46, 1.5, 1.38, 1.45]
['2016-03-24', 1.45, 1.51, 1.38, 1.43]
['2016-03-28', 1.38, 1.49, 1.38, 1.4]
['2016-03-29', 1.4, 1.48, 1.38, 1.44]
['2016-03-30', 1.44, 1.48, 1.42, 1.45]
['2016-03-31', 1.42, 1.45, 1.4, 1.4]
['2016-04-01', 1.4, 1.46, 1.33, 1.38]
['2016-04-04', 1.35, 1.42, 1.34, 1.35]
['2016-04-05', 1.34, 1.41, 1.34, 1.39]
['2016-04-06', 1.37, 1.4, 1.37, 1.37]
['2016-04-07', 1.38, 1.4, 1.37, 1.4]
['2016-04-08', 1.4, 1.43, 1.38, 1.42]
['2016-04-11', 1.4, 1.45, 1.4, 1.42]
['2016-04-12', 1.4, 1.45, 1.4, 1.43]
['2016-04-13', 1.45, 1.45, 1.4, 1.4]
['2016-04-14', 1.43, 1.43, 1.4, 1.42]
['2016-04-15', 1.4, 1.45, 1.4, 1.44]
['2016-04-18', 1.44, 1.48, 1.41, 1.41]
['2016-04-19', 1.42, 1.42, 1.4, 1.4]
['2016-04-20', 1.41, 1.43, 1.39, 1.43]
['2016-04-21', 1.41, 1.45, 1.38, 1.44]
['2016-04-22', 1.45, 1.45, 1.38, 1.38]
['2016-04-25', 1.45, 1.45, 1.4, 1.45]
['2016-04-26', 1.45, 1.47, 1.42, 1.45]
['2016-04-27', 1.49, 1.49, 1.44, 1.45]
['2016-04-28', 1.45, 1.46, 1.38, 1.41]
['2016-04-29', 1.42, 1.46, 1.41, 1.41]
['2016-05-02', 1.42, 1.42, 1.35, 1.35]
['2016-05-03', 1.35, 1.43, 1.35, 1.42]
['2016-05-04', 1.36, 1.42, 1.36, 1.41]
['2016-05-05', 3.81, 3.98, 3.01, 3.64]
['2016-05-06', 3.46, 3.68, 3.22, 3.45]
['2016-05-09', 3.39, 3.42, 3.07, 3.15]
['2016-05-10', 3.13, 3.38, 2.7, 3.22]
['2016-05-11', 3.78, 3.88, 3.37, 3.43]
['2016-05-12', 3.46, 3.56, 3.15, 3.26]
['2016-05-13', 3.07, 3.3, 3.05, 3.2]
['2016-05-16', 3.17, 3.34, 3.16, 3.27]
['2016-05-17', 3.31, 3.4, 2.97, 2.98]
['2016-05-18', 2.98, 3.12, 2.98, 3.02]
['2016-05-19', 3.05, 3.09, 2.93, 3.02]
['2016-05-20', 3.0, 3.05, 2.94, 2.96]
['2016-05-23', 2.94, 3.0, 2.77, 2.82]
['2016-05-24', 2.82, 3.1, 2.74, 3.08]
['2016-05-25', 3.08, 3.13, 2.88, 3.04]
['2016-05-26', 3.15, 3.33, 3.06, 3.15]
['2016-05-27', 3.13, 3.19, 3.05, 3.15]
['2016-05-31', 3.11, 3.16, 3.01, 3.11]
['2016-06-01', 3.1, 3.11, 3.03, 3.11]
['2016-06-02', 3.13, 3.26, 2.99, 3.14]
['2016-06-03', 3.15, 3.15, 3.0, 3.06]
['2016-06-06', 3.02, 3.12, 2.97, 3.02]
['2016-06-07', 3.14, 3.49, 3.09, 3.47]
['2016-06-08', 3.5, 3.5, 3.23, 3.29]
['2016-06-09', 3.26, 3.28, 3.12, 3.2]
['2016-06-10', 3.16, 3.25, 3.12, 3.18]
['2016-06-13', 3.2, 3.2, 3.0, 3.06]
['2016-06-14', 3.03, 3.24, 3.01, 3.11]
['2016-06-15', 3.13, 3.31, 3.08, 3.28]
['2016-06-16', 3.3, 3.48, 3.22, 3.37]
['2016-06-17', 3.42, 3.59, 3.25, 3.53]
['2016-06-20', 3.5, 3.55, 3.36, 3.4]
['2016-06-21', 3.4, 3.47, 3.26, 3.3]
['2016-06-22', 3.32, 3.37, 3.25, 3.28]
['2016-06-23', 3.27, 3.32, 3.17, 3.21]
['2016-06-24', 3.06, 3.15, 3.03, 3.04]
['2016-06-27', 3.0, 3.06, 2.85, 2.9]
['2016-06-28', 2.96, 3.25, 2.92, 3.18]
['2016-06-29', 3.22, 3.22, 3.04, 3.09]
['2016-06-30', 3.11, 3.14, 2.95, 3.08]
['2016-07-01', 3.07, 3.12, 2.96, 3.04]
['2016-07-05', 3.01, 3.03, 2.96, 2.99]
['2016-07-06', 2.97, 3.06, 2.9, 3.01]
['2016-07-07', 3.0, 3.12, 2.98, 3.03]
['2016-07-08', 3.05, 3.08, 2.95, 3.0]
['2016-07-11', 3.02, 3.03, 2.95, 3.03]
['2016-07-12', 3.01, 3.06, 2.96, 2.98]
['2016-07-13', 3.05, 3.26, 3.05, 3.18]
['2016-07-14', 3.21, 3.22, 3.03, 3.09]
['2016-07-15', 3.1, 3.1, 3.01, 3.02]
['2016-07-18', 3.01, 3.03, 2.96, 3.01]
['2016-07-19', 2.98, 3.16, 2.98, 3.12]
['2016-07-20', 3.17, 3.34, 3.17, 3.29]
['2016-07-21', 3.3, 3.3, 3.06, 3.1]
['2016-07-22', 3.08, 3.11, 3.06, 3.07]
['2016-07-25', 3.09, 3.14, 3.01, 3.08]
['2016-07-26', 3.06, 3.09, 3.04, 3.06]
['2016-07-27', 3.06, 3.08, 3.01, 3.07]
['2016-07-28', 3.07, 3.09, 3.03, 3.04]
['2016-07-29', 3.06, 3.08, 3.02, 3.05]
['2016-08-01', 3.03, 3.13, 3.03, 3.06]
['2016-08-02', 3.04, 3.07, 2.95, 2.96]
['2016-08-03', 2.95, 3.04, 2.91, 3.03]
['2016-08-04', 2.89, 2.94, 2.8, 2.84]
['2016-08-05', 2.84, 2.99, 2.81, 2.99]
['2016-08-08', 2.97, 2.97, 2.92, 2.95]
['2016-08-09', 2.9, 2.95, 2.86, 2.91]
['2016-08-10', 2.89, 2.94, 2.84, 2.87]
['2016-08-11', 2.87, 2.94, 2.85, 2.88]
['2016-08-12', 2.91, 2.91, 2.86, 2.89]
['2016-08-15', 2.93, 2.93, 2.86, 2.89]
['2016-08-16', 2.89, 2.92, 2.85, 2.86]
['2016-08-17', 2.88, 2.89, 2.83, 2.85]
['2016-08-18', 2.83, 2.83, 2.75, 2.77]
['2016-08-19', 2.77, 2.79, 2.72, 2.74]
['2016-08-22', 2.73, 2.77, 2.51, 2.72]
['2016-08-23', 2.69, 2.83, 2.67, 2.79]
['2016-08-24', 2.75, 2.83, 2.54, 2.77]
['2016-08-25', 2.74, 2.86, 2.73, 2.77]
['2016-08-26', 2.76, 2.86, 2.76, 2.81]
['2016-08-29', 2.82, 2.85, 2.78, 2.79]
['2016-08-30', 2.79, 2.84, 2.79, 2.81]
['2016-08-31', 2.81, 2.85, 2.76, 2.82]
['2016-09-01', 2.83, 2.84, 2.78, 2.79]
['2016-09-02', 2.79, 2.85, 2.79, 2.83]
['2016-09-06', 2.82, 2.9, 2.82, 2.86]
['2016-09-07', 2.88, 2.9, 2.8, 2.8]
['2016-09-08', 2.81, 2.88, 2.8, 2.81]
['2016-09-09', 2.81, 2.84, 2.7, 2.77]
['2016-09-12', 2.73, 2.81, 2.72, 2.77]
['2016-09-13', 2.74, 2.8, 2.71, 2.72]
['2016-09-14', 2.7, 2.75, 2.7, 2.7]
['2016-09-15', 2.71, 2.82, 2.7, 2.79]
['2016-09-16', 2.82, 2.91, 2.76, 2.91]
['2016-09-19', 2.91, 3.0, 2.84, 3.0]
['2016-09-20', 3.0, 3.02, 2.94, 2.96]
['2016-09-21', 2.95, 2.99, 2.86, 2.97]
['2016-09-22', 2.96, 3.02, 2.96, 2.98]
['2016-09-23', 3.0, 3.0, 2.95, 3.0]
['2016-09-26', 3.0, 3.0, 2.98, 2.98]
['2016-09-27', 2.98, 3.01, 2.89, 2.97]
['2016-09-28', 2.95, 2.98, 2.7, 2.92]
['2016-09-29', 2.92, 2.96, 2.85, 2.94]
['2016-09-30', 2.94, 2.99, 2.88, 2.91]
['2016-10-03', 2.96, 2.97, 2.86, 2.91]
['2016-10-04', 2.9, 2.93, 2.83, 2.85]
['2016-10-05', 2.86, 2.89, 2.79, 2.89]
['2016-10-06', 2.86, 2.9, 2.83, 2.86]
['2016-10-07', 2.87, 2.87, 2.8, 2.83]
['2016-10-10', 2.9, 2.9, 2.8, 2.8]
['2016-10-11', 2.8, 2.85, 2.75, 2.8]
['2016-10-12', 2.8, 2.8, 2.7, 2.8]
['2016-10-13', 2.75, 2.85, 2.7, 2.75]
['2016-10-14', 2.75, 2.82, 2.75, 2.8]
['2016-10-17', 2.8, 2.85, 2.75, 2.85]
['2016-10-18', 2.9, 3.0, 2.85, 2.95]
['2016-10-19', 2.95, 3.0, 2.9, 2.9]
['2016-10-20', 2.9, 3.0, 2.9, 2.95]
['2016-10-21', 2.95, 3.0, 2.9, 2.95]
['2016-10-24', 2.95, 3.1, 2.95, 3.1]
['2016-10-25', 3.1, 3.15, 3.05, 3.1]
['2016-10-26', 3.05, 3.1, 3.0, 3.05]
['2016-10-27', 3.1, 3.1, 2.9, 2.95]
['2016-10-28', 2.9, 3.0, 2.85, 2.85]
['2016-10-31', 2.85, 2.95, 2.75, 2.78]
['2016-11-01', 2.8, 2.9, 2.7, 2.7]
['2016-11-02', 2.7, 2.8, 2.65, 2.75]
['2016-11-03', 2.75, 2.8, 2.7, 2.75]
['2016-11-04', 2.75, 2.75, 2.7, 2.75]
['2016-11-07', 2.75, 2.78, 2.7, 2.75]
['2016-11-08', 2.73, 2.8, 2.7, 2.75]
['2016-11-09', 2.7, 2.8, 2.7, 2.8]
['2016-11-10', 2.8, 2.8, 2.7, 2.75]
['2016-11-11', 2.7, 2.85, 2.7, 2.8]
['2016-11-14', 2.81, 2.85, 2.7, 2.75]
['2016-11-15', 2.75, 2.8, 2.65, 2.8]
['2016-11-16', 2.76, 2.85, 2.75, 2.85]
['2016-11-17', 2.75, 3.0, 2.75, 3.0]
['2016-11-18', 2.8, 3.0, 2.8, 3.0]
['2016-11-21', 2.95, 3.0, 2.9, 2.95]
['2016-11-22', 3.0, 3.0, 2.92, 3.0]
['2016-11-23', 3.0, 3.1, 2.95, 3.1]
['2016-11-25', 3.05, 3.2, 3.05, 3.15]
['2016-11-28', 3.15, 3.15, 2.9, 2.95]
['2016-11-29', 2.9, 3.05, 2.9, 3.05]
['2016-11-30', 3.05, 3.05, 2.96, 3.05]
['2016-12-01', 3.05, 3.08, 2.95, 3.0]
['2016-12-02', 3.0, 3.05, 2.9, 3.0]
['2016-12-05', 3.0, 3.15, 2.98, 3.15]
['2016-12-06', 3.1, 3.15, 3.1, 3.1]
['2016-12-07', 3.15, 3.25, 3.05, 3.15]
['2016-12-08', 3.15, 3.2, 3.1, 3.15]
['2016-12-09', 3.1, 3.2, 3.05, 3.1]
['2016-12-12', 3.1, 3.15, 2.9, 3.15]
['2016-12-13', 3.1, 3.15, 3.05, 3.1]
['2016-12-14', 3.05, 3.1, 3.0, 3.0]
['2016-12-15', 3.0, 3.05, 3.0, 3.05]
['2016-12-16', 3.05, 3.3, 2.9, 3.25]
['2016-12-19', 3.3, 3.3, 3.1, 3.15]
['2016-12-20', 3.15, 3.2, 3.05, 3.1]
['2016-12-21', 3.05, 3.15, 3.05, 3.15]
['2016-12-22', 3.15, 3.15, 3.1, 3.15]
['2016-12-23', 3.1, 3.2, 3.1, 3.2]
['2016-12-27', 3.2, 3.35, 3.2, 3.35]
['2016-12-28', 3.4, 3.4, 3.1, 3.15]
['2016-12-29', 3.15, 3.16, 3.1, 3.15]
['2016-12-30', 3.15, 3.2, 3.1, 3.1]
['2017-01-03', 3.15, 3.15, 3.1, 3.15]
['2017-01-04', 3.15, 3.15, 3.1, 3.1]
['2017-01-05', 3.1, 3.15, 3.1, 3.15]
['2017-01-06', 3.15, 3.15, 3.1, 3.15]
['2017-01-09', 3.15, 3.15, 3.1, 3.15]
['2017-01-10', 3.15, 3.15, 3.05, 3.05]
['2017-01-11', 3.05, 3.25, 3.05, 3.25]
['2017-01-12', 3.2, 3.35, 3.2, 3.3]
['2017-01-13', 3.3, 3.3, 3.25, 3.3]
['2017-01-17', 3.25, 3.3, 3.15, 3.2]
['2017-01-18', 3.2, 3.2, 3.15, 3.2]
['2017-01-19', 3.15, 3.18, 3.05, 3.1]
['2017-01-20', 3.1, 3.1, 3.05, 3.1]
['2017-01-23', 3.05, 3.15, 3.05, 3.1]
['2017-01-24', 3.15, 3.15, 2.95, 3.05]
['2017-01-25', 3.05, 3.1, 3.0, 3.05]
['2017-01-26', 3.0, 3.1, 3.0, 3.1]
['2017-01-27', 3.1, 3.15, 3.08, 3.15]
['2017-01-30', 3.15, 3.2, 3.1, 3.15]
['2017-01-31', 3.1, 3.15, 3.05, 3.15]
['2017-02-01', 3.15, 3.15, 3.05, 3.15]
['2017-02-02', 3.15, 3.2, 3.1, 3.15]
['2017-02-03', 3.1, 3.15, 3.1, 3.15]
['2017-02-06', 3.1, 3.1, 3.05, 3.1]
['2017-02-07', 3.05, 3.15, 3.05, 3.1]
['2017-02-08', 3.05, 3.1, 2.95, 3.05]
['2017-02-09', 3.05, 3.05, 2.9, 3.05]
['2017-02-10', 3.05, 3.05, 3.0, 3.05]
['2017-02-13', 3.0, 3.15, 3.0, 3.15]
['2017-02-14', 3.1, 3.25, 3.1, 3.15]
['2017-02-15', 3.15, 3.25, 3.1, 3.2]
['2017-02-16', 3.15, 3.2, 3.1, 3.15]
['2017-02-17', 3.15, 3.15, 3.1, 3.15]
['2017-02-21', 3.2, 3.25, 3.05, 3.15]
['2017-02-22', 3.11, 3.15, 3.05, 3.1]
['2017-02-23', 3.0, 3.1, 3.0, 3.1]
['2017-02-24', 3.1, 3.1, 3.05, 3.1]
['2017-02-27', 3.05, 3.1, 3.05, 3.1]
['2017-02-28', 3.05, 3.1, 3.0, 3.0]
['2017-03-01', 3.05, 3.1, 3.0, 3.05]
['2017-03-02', 3.05, 3.1, 3.05, 3.1]
['2017-03-03', 3.05, 3.1, 3.05, 3.05]
['2017-03-06', 3.05, 3.1, 3.05, 3.1]
['2017-03-07', 3.05, 3.1, 3.05, 3.1]
['2017-03-08', 3.05, 3.1, 3.05, 3.1]
['2017-03-09', 3.08, 3.1, 3.05, 3.1]
['2017-03-10', 3.1, 3.1, 3.05, 3.05]
['2017-03-13', 3.05, 3.1, 3.05, 3.1]
['2017-03-14', 3.1, 3.13, 3.05, 3.1]
['2017-03-15', 3.05, 3.2, 3.05, 3.15]
['2017-03-16', 3.15, 3.3, 3.05, 3.25]
['2017-03-17', 3.3, 3.35, 3.2, 3.35]
['2017-03-20', 3.3, 3.35, 3.25, 3.35]
['2017-03-21', 3.35, 3.6, 3.3, 3.5]
['2017-03-22', 3.5, 3.6, 3.45, 3.55]
['2017-03-23', 3.55, 3.55, 3.45, 3.55]
['2017-03-24', 3.5, 3.55, 3.5, 3.55]
['2017-03-27', 3.55, 3.95, 3.53, 3.9]
['2017-03-28', 3.9, 4.25, 3.8, 4.1]
['2017-03-29', 4.05, 4.25, 4.05, 4.2]
['2017-03-30', 4.2, 4.2, 4.05, 4.15]
['2017-03-31', 4.1, 4.15, 4.1, 4.15]
['2017-04-03', 4.1, 4.2, 4.1, 4.1]
['2017-04-04', 4.05, 4.2, 4.05, 4.1]
['2017-04-05', 4.15, 4.19, 4.05, 4.15]
['2017-04-06', 3.6, 3.65, 3.4, 3.5]
['2017-04-07', 3.5, 3.55, 3.45, 3.5]
['2017-04-10', 3.5, 3.6, 3.4, 3.5]
['2017-04-11', 3.55, 3.55, 3.48, 3.5]
['2017-04-12', 3.5, 3.6, 3.45, 3.53]
['2017-04-13', 3.55, 3.55, 3.4, 3.5]
['2017-04-17', 3.5, 3.6, 3.5, 3.55]
['2017-04-18', 3.7, 3.7, 3.45, 3.45]
['2017-04-19', 3.5, 3.58, 3.45, 3.55]
['2017-04-20', 3.55, 3.6, 3.5, 3.6]
['2017-04-21', 3.6, 3.65, 3.5, 3.55]
['2017-04-24', 3.55, 3.55, 3.5, 3.55]
['2017-04-25', 3.6, 3.6, 3.45, 3.6]
['2017-04-26', 3.65, 3.65, 3.5, 3.6]
['2017-04-27', 3.55, 3.6, 3.5, 3.55]
['2017-04-28', 3.55, 3.6, 3.5, 3.55]
['2017-05-01', 3.55, 3.7, 3.55, 3.7]
['2017-05-02', 3.7, 3.7, 3.6, 3.65]
['2017-05-03', 3.65, 3.65, 3.55, 3.6]
['2017-05-04', 3.6, 3.63, 3.55, 3.6]
['2017-05-05', 3.55, 3.59, 3.41, 3.5]
['2017-05-08', 3.5, 3.6, 3.45, 3.6]
['2017-05-09', 3.6, 3.7, 3.55, 3.65]
['2017-05-10', 3.7, 3.9, 3.65, 3.85]
['2017-05-11', 3.8, 3.85, 3.48, 3.5]
['2017-05-12', 3.55, 3.68, 3.45, 3.5]
['2017-05-15', 3.55, 3.55, 3.35, 3.55]
['2017-05-16', 3.5, 3.75, 3.5, 3.6]
['2017-05-17', 3.55, 3.6, 3.45, 3.55]
['2017-05-18', 3.5, 3.55, 3.45, 3.5]
['2017-05-19', 3.5, 3.55, 3.45, 3.5]
['2017-05-22', 3.5, 3.5, 3.4, 3.45]
['2017-05-23', 3.4, 3.4, 3.25, 3.3]
['2017-05-24', 3.35, 3.35, 3.28, 3.35]
['2017-05-25', 3.35, 3.45, 3.35, 3.45]
['2017-05-26', 3.4, 3.4, 3.35, 3.4]
['2017-05-30', 3.35, 3.4, 3.35, 3.4]
['2017-05-31', 3.4, 3.45, 3.35, 3.45]
['2017-06-01', 3.45, 3.5, 3.35, 3.45]
['2017-06-02', 3.5, 3.55, 3.4, 3.55]
['2017-06-05', 3.5, 3.6, 3.5, 3.58]
['2017-06-06', 3.6, 3.6, 3.5, 3.6]
['2017-06-07', 3.6, 3.6, 3.5, 3.55]
['2017-06-08', 3.5, 3.55, 3.35, 3.45]
['2017-06-09', 3.55, 3.55, 3.25, 3.3]
['2017-06-12', 3.35, 3.4, 3.3, 3.4]
['2017-06-13', 3.4, 3.4, 3.3, 3.4]
['2017-06-14', 3.35, 3.5, 3.35, 3.45]
['2017-06-15', 3.5, 3.55, 3.45, 3.5]
['2017-06-16', 3.5, 3.5, 3.4, 3.4]
['2017-06-19', 3.4, 3.5, 3.4, 3.5]
['2017-06-20', 3.45, 3.5, 3.45, 3.45]
['2017-06-21', 3.45, 3.6, 3.45, 3.6]
['2017-06-22', 3.6, 3.65, 3.55, 3.55]
['2017-06-23', 3.6, 3.6, 3.5, 3.55]
['2017-06-26', 3.65, 3.65, 3.5, 3.5]
['2017-06-27', 3.55, 3.55, 3.4, 3.45]
['2017-06-28', 3.5, 3.75, 3.45, 3.65]
['2017-06-29', 3.65, 3.65, 3.55, 3.65]
['2017-06-30', 3.65, 3.65, 3.58, 3.65]
['2017-07-03', 3.65, 3.69, 3.5, 3.55]
['2017-07-05', 3.6, 3.7, 3.55, 3.65]
['2017-07-06', 3.65, 3.7, 3.6, 3.65]
['2017-07-07', 3.65, 3.8, 3.6, 3.7]
['2017-07-10', 3.65, 3.85, 3.65, 3.8]
['2017-07-11', 3.8, 3.81, 3.6, 3.6]
['2017-07-12', 3.65, 3.75, 3.55, 3.65]
['2017-07-13', 3.65, 3.75, 3.63, 3.75]
['2017-07-14', 3.75, 3.8, 3.65, 3.8]
['2017-07-17', 3.75, 3.8, 3.68, 3.7]
['2017-07-18', 3.7, 3.75, 3.7, 3.7]
['2017-07-19', 3.7, 3.8, 3.7, 3.7]
['2017-07-20', 3.7, 3.78, 3.65, 3.75]
['2017-07-21', 3.7, 3.78, 3.7, 3.75]
['2017-07-24', 3.7, 3.75, 3.65, 3.65]
['2017-07-25', 3.65, 3.7, 3.65, 3.65]
['2017-07-26', 3.65, 3.75, 3.65, 3.65]
['2017-07-27', 3.65, 3.75, 3.65, 3.66]
['2017-07-28', 3.65, 3.7, 3.65, 3.7]
['2017-07-31', 3.75, 3.95, 3.75, 3.9]
['2017-08-01', 3.9, 3.95, 3.85, 3.9]
['2017-08-02', 3.9, 3.9, 3.75, 3.75]
['2017-08-03', 3.75, 3.75, 3.65, 3.75]
['2017-08-04', 3.75, 3.8, 3.7, 3.8]
['2017-08-07', 3.79, 3.79, 3.55, 3.63]
['2017-08-08', 3.65, 3.65, 3.45, 3.55]
['2017-08-09', 3.6, 3.65, 3.55, 3.55]
['2017-08-10', 2.75, 2.75, 2.35, 2.4]
['2017-08-11', 2.45, 2.6, 2.35, 2.45]
['2017-08-14', 2.5, 2.55, 2.4, 2.55]
['2017-08-15', 2.6, 2.6, 2.4, 2.45]
['2017-08-16', 2.5, 2.55, 2.45, 2.55]
['2017-08-17', 2.5, 2.55, 2.45, 2.55]
['2017-08-18', 2.5, 2.55, 2.45, 2.55]
['2017-08-21', 2.5, 2.55, 2.4, 2.48]
['2017-08-22', 2.45, 2.45, 2.4, 2.4]
['2017-08-23', 2.4, 2.45, 2.4, 2.45]
['2017-08-24', 2.45, 2.45, 2.4, 2.4]
['2017-08-25', 2.4, 2.45, 2.4, 2.45]
['2017-08-28', 2.4, 2.45, 2.4, 2.4]
['2017-08-29', 2.4, 2.45, 2.4, 2.4]
['2017-08-30', 2.4, 2.45, 2.4, 2.4]
['2017-08-31', 2.4, 2.45, 2.3, 2.3]
['2017-09-01', 2.35, 2.4, 2.3, 2.3]
['2017-09-05', 2.3, 2.4, 2.3, 2.35]
['2017-09-06', 2.35, 2.45, 2.35, 2.4]
['2017-09-07', 2.45, 2.6, 2.4, 2.6]
['2017-09-08', 2.6, 2.85, 2.5, 2.8]
['2017-09-11', 2.85, 2.9, 2.7, 2.85]
['2017-09-12', 2.8, 2.85, 2.73, 2.85]
['2017-09-13', 2.8, 2.85, 2.55, 2.8]
['2017-09-14', 2.8, 2.8, 2.6, 2.75]
['2017-09-15', 2.8, 2.8, 2.65, 2.65]
['2017-09-18', 2.65, 2.73, 2.6, 2.6]
['2017-09-19', 2.65, 2.7, 2.6, 2.65]
['2017-09-20', 2.6, 2.65, 2.6, 2.65]
['2017-09-21', 2.6, 2.65, 2.58, 2.65]
['2017-09-22', 2.65, 2.65, 2.55, 2.65]
['2017-09-25', 2.6, 2.7, 2.55, 2.65]
['2017-09-26', 2.65, 2.7, 2.65, 2.65]
['2017-09-27', 2.65, 2.85, 2.65, 2.7]
['2017-09-28', 2.65, 2.75, 2.65, 2.75]
['2017-09-29', 2.7, 2.76, 2.65, 2.7]
['2017-10-02', 2.65, 2.75, 2.65, 2.7]
['2017-10-03', 2.7, 2.7, 2.65, 2.65]
['2017-10-04', 2.65, 2.83, 2.6, 2.75]
['2017-10-05', 2.75, 2.8, 2.75, 2.75]
['2017-10-06', 2.75, 2.85, 2.75, 2.85]
['2017-10-09', 2.85, 2.85, 2.75, 2.75]
['2017-10-10', 2.76, 2.83, 2.75, 2.75]
['2017-10-11', 2.7, 2.8, 2.7, 2.75]
['2017-10-12', 2.7, 2.8, 2.7, 2.7]
['2017-10-13', 2.73, 2.75, 2.65, 2.7]
['2017-10-16', 2.65, 2.71, 2.65, 2.7]
['2017-10-17', 2.65, 2.7, 2.65, 2.68]
['2017-10-18', 2.65, 2.7, 2.6, 2.65]
['2017-10-19', 2.61, 2.7, 2.55, 2.6]
['2017-10-20', 2.6, 2.63, 2.3, 2.4]
['2017-10-23', 2.35, 2.4, 2.31, 2.4]
['2017-10-24', 2.4, 2.4, 1.96, 2.3]
['2017-10-25', 2.25, 2.3, 2.2, 2.25]
['2017-10-26', 2.25, 2.3, 2.12, 2.25]
['2017-10-27', 2.35, 2.45, 2.25, 2.4]
['2017-10-30', 2.35, 2.4, 2.33, 2.4]
['2017-10-31', 2.4, 2.4, 2.35, 2.4]
['2017-11-01', 2.4, 2.4, 2.3, 2.35]
['2017-11-02', 2.35, 2.5, 2.3, 2.45]
['2017-11-03', 2.4, 2.5, 2.35, 2.45]
['2017-11-06', 2.4, 2.5, 2.4, 2.45]
['2017-11-07', 2.45, 2.5, 2.42, 2.45]
['2017-11-08', 2.45, 2.5, 2.45, 2.48]
['2017-11-09', 2.45, 2.5, 2.4, 2.45]
['2017-11-10', 2.45, 2.55, 2.45, 2.45]
['2017-11-13', 2.45, 2.5, 2.4, 2.48]
['2017-11-14', 2.45, 2.5, 2.25, 2.3]
['2017-11-15', 2.65, 2.7, 2.3, 2.5]
['2017-11-16', 2.45, 2.5, 2.4, 2.5]
['2017-11-17', 2.55, 2.55, 2.48, 2.5]
['2017-11-20', 2.55, 2.58, 2.5, 2.5]
['2017-11-21', 2.5, 2.55, 2.45, 2.45]
['2017-11-22', 2.4, 2.5, 2.4, 2.45]
['2017-11-24', 2.5, 2.55, 2.44, 2.53]
['2017-11-27', 2.55, 2.55, 2.37, 2.45]
['2017-11-28', 2.45, 2.5, 2.4, 2.5]
['2017-11-29', 2.45, 2.55, 2.4, 2.4]
['2017-11-30', 2.4, 2.5, 2.4, 2.45]
['2017-12-01', 2.45, 2.5, 2.4, 2.5]
['2017-12-04', 2.5, 2.5, 2.45, 2.45]
['2017-12-05', 2.45, 2.5, 2.45, 2.5]
['2017-12-06', 2.45, 2.5, 2.45, 2.48]
['2017-12-07', 2.45, 2.5, 2.45, 2.5]
['2017-12-08', 2.45, 2.5, 2.45, 2.5]
['2017-12-11', 2.45, 2.5, 2.4, 2.4]
['2017-12-12', 2.4, 2.45, 2.35, 2.4]
['2017-12-13', 2.4, 2.55, 2.35, 2.55]
['2017-12-14', 2.5, 2.53, 2.4, 2.4]
['2017-12-15', 2.45, 2.5, 2.35, 2.35]
['2017-12-18', 2.4, 2.4, 2.35, 2.4]
['2017-12-19', 2.35, 2.4, 2.25, 2.3]
['2017-12-20', 2.3, 2.35, 2.25, 2.3]
['2017-12-21', 2.3, 2.4, 2.25, 2.4]
['2017-12-22', 2.3, 2.4, 2.25, 2.35]
['2017-12-26', 2.3, 2.4, 2.25, 2.35]
['2017-12-27', 2.3, 2.4, 2.3, 2.4]
['2017-12-28', 2.4, 2.4, 2.3, 2.32]
['2017-12-29', 2.3, 2.35, 2.25, 2.3]
['2018-01-02', 2.3, 2.35, 2.3, 2.3]
['2018-01-03', 2.3, 2.4, 2.3, 2.35]
['2018-01-04', 2.3, 2.35, 2.3, 2.33]
['2018-01-05', 2.3, 2.38, 2.3, 2.3]
['2018-01-08', 2.35, 2.35, 2.2, 2.25]
['2018-01-09', 2.25, 2.25, 2.1, 2.13]
['2018-01-10', 2.1, 2.15, 2.1, 2.13]
['2018-01-11', 2.15, 2.2, 2.0, 2.05]
['2018-01-12', 2.05, 2.15, 2.05, 2.1]
['2018-01-16', 2.15, 2.19, 2.05, 2.1]
['2018-01-17', 2.1, 2.1, 2.0, 2.05]
['2018-01-18', 2.0, 2.3, 2.0, 2.1]
['2018-01-19', 2.1, 2.1, 1.95, 2.0]
['2018-01-22', 2.05, 2.05, 1.95, 2.03]
['2018-01-23', 2.05, 2.19, 1.95, 2.0]
['2018-01-24', 2.0, 2.0, 1.86, 1.9]
['2018-01-25', 1.85, 2.0, 1.85, 1.95]
['2018-01-26', 2.0, 2.05, 1.95, 1.98]
['2018-01-29', 1.95, 2.05, 1.95, 2.0]
['2018-01-30', 2.0, 2.0, 1.95, 1.95]
['2018-01-31', 1.95, 2.05, 1.95, 1.95]
['2018-02-01', 1.95, 2.05, 1.95, 2.0]
['2018-02-02', 2.0, 2.05, 1.95, 1.95]
['2018-02-05', 1.95, 2.0, 1.85, 2.0]
['2018-02-06', 1.95, 2.0, 1.95, 2.0]
['2018-02-07', 1.95, 2.1, 1.95, 2.05]
['2018-02-08', 2.05, 2.13, 2.0, 2.05]
['2018-02-09', 2.05, 2.2, 2.0, 2.15]
['2018-02-12', 2.2, 2.3, 2.15, 2.2]
['2018-02-13', 2.2, 2.3, 2.15, 2.28]
['2018-02-14', 2.25, 2.3, 2.21, 2.25]
['2018-02-15', 2.25, 2.3, 2.25, 2.3]
['2018-02-16', 2.25, 2.3, 2.25, 2.3]
['2018-02-20', 2.25, 2.3, 2.15, 2.2]
['2018-02-21', 2.18, 2.25, 2.15, 2.25]
['2018-02-22', 2.25, 2.3, 2.21, 2.3]
['2018-02-23', 2.3, 2.3, 2.15, 2.2]
['2018-02-26', 2.15, 2.25, 2.08, 2.1]
['2018-02-27', 2.1, 2.15, 2.05, 2.1]
['2018-02-28', 2.1, 2.1, 2.0, 2.0]
['2018-03-01', 2.0, 2.1, 1.95, 2.0]
['2018-03-02', 2.0, 2.0, 1.94, 2.0]
['2018-03-05', 2.0, 2.05, 1.95, 2.0]
['2018-03-06', 2.0, 2.05, 1.95, 1.95]
['2018-03-07', 2.0, 2.05, 1.95, 1.95]
['2018-03-08', 1.95, 2.05, 1.95, 2.05]
['2018-03-09', 2.05, 2.1, 2.0, 2.05]
['2018-03-12', 2.09, 2.15, 2.05, 2.15]
['2018-03-13', 2.09, 2.15, 2.05, 2.15]
['2018-03-14', 2.1, 2.2, 2.0, 2.05]
['2018-03-15', 2.0, 2.1, 1.95, 2.05]
['2018-03-16', 1.85, 1.9, 1.7, 1.75]
['2018-03-19', 1.7, 1.75, 1.65, 1.7]
['2018-03-20', 1.7, 1.7, 1.55, 1.7]
['2018-03-21', 1.7, 1.8, 1.7, 1.7]
['2018-03-22', 1.7, 1.75, 1.65, 1.75]
['2018-03-23', 1.8, 1.8, 1.65, 1.7]
['2018-03-26', 1.7, 1.75, 1.58, 1.63]
['2018-03-27', 1.6, 1.65, 1.6, 1.6]
['2018-03-28', 1.6, 1.6, 1.55, 1.55]
['2018-03-29', 1.6, 1.65, 1.6, 1.6]
['2018-04-02', 1.65, 1.65, 1.45, 1.5]
['2018-04-03', 1.5, 1.55, 1.45, 1.45]
['2018-04-04', 1.45, 1.55, 1.45, 1.55]
['2018-04-05', 1.55, 1.55, 1.46, 1.49]
['2018-04-06', 1.45, 1.55, 1.45, 1.5]
['2018-04-09', 1.5, 1.5, 1.45, 1.45]
['2018-04-10', 1.5, 1.5, 1.47, 1.5]
['2018-04-11', 1.5, 1.55, 1.5, 1.55]
['2018-04-12', 1.55, 1.55, 1.35, 1.45]
['2018-04-13', 1.45, 1.5, 1.41, 1.5]
['2018-04-16', 1.5, 1.55, 1.5, 1.5]
['2018-04-17', 1.55, 1.55, 1.5, 1.55]
['2018-04-18', 1.55, 1.65, 1.51, 1.6]
['2018-04-19', 1.6, 1.7, 1.55, 1.7]
['2018-04-20', 1.65, 1.7, 1.6, 1.7]
['2018-04-23', 1.65, 1.75, 1.6, 1.73]
['2018-04-24', 1.7, 1.75, 1.65, 1.65]
['2018-04-25', 1.65, 1.65, 1.6, 1.6]
['2018-04-26', 1.65, 1.75, 1.6, 1.75]
['2018-04-27', 1.75, 1.8, 1.7, 1.75]
['2018-04-30', 1.75, 1.8, 1.75, 1.75]
['2018-05-01', 1.75, 1.85, 1.7, 1.85]
['2018-05-02', 1.76, 1.85, 1.75, 1.75]
['2018-05-03', 1.75, 1.8, 1.7, 1.75]
['2018-05-04', 1.75, 1.8, 1.7, 1.8]
['2018-05-07', 1.75, 1.85, 1.75, 1.8]
['2018-05-08', 1.8, 1.9, 1.8, 1.85]
['2018-05-09', 1.85, 1.93, 1.8, 1.8]
['2018-05-10', 1.8, 2.05, 1.8, 2.0]
['2018-05-11', 1.95, 2.0, 1.9, 1.95]
['2018-05-14', 2.0, 2.05, 1.95, 1.95]
['2018-05-15', 2.0, 2.0, 1.85, 1.9]
['2018-05-16', 1.9, 1.95, 1.88, 1.9]
['2018-05-17', 1.95, 1.95, 1.9, 1.95]
['2018-05-18', 1.95, 1.95, 1.85, 1.9]
['2018-05-21', 1.9, 1.95, 1.9, 1.95]
['2018-05-22', 1.9, 2.0, 1.9, 1.95]
['2018-05-23', 1.95, 2.08, 1.95, 2.0]
['2018-05-24', 2.0, 2.0, 1.93, 1.95]
['2018-05-25', 2.0, 2.0, 1.95, 2.0]
['2018-05-29', 1.95, 2.0, 1.83, 1.85]
['2018-05-30', 1.85, 1.95, 1.85, 1.85]
['2018-05-31', 1.9, 2.0, 1.86, 1.9]
['2018-06-01', 1.9, 1.95, 1.85, 1.9]
['2018-06-04', 1.9, 1.95, 1.85, 1.9]
['2018-06-05', 1.9, 2.0, 1.9, 2.0]
['2018-06-06', 1.95, 2.0, 1.93, 1.95]
['2018-06-07', 1.95, 2.0, 1.95, 2.0]
['2018-06-08', 1.95, 2.0, 1.9, 1.95]
['2018-06-11', 1.95, 2.05, 1.9, 1.95]
['2018-06-12', 2.05, 2.05, 1.95, 1.95]
['2018-06-13', 2.05, 2.08, 2.0, 2.0]
['2018-06-14', 2.0, 2.09, 2.0, 2.0]
['2018-06-15', 2.0, 2.1, 2.0, 2.05]
['2018-06-18', 2.1, 2.15, 2.0, 2.1]
['2018-06-19', 2.1, 2.13, 1.95, 1.95]
['2018-06-20', 2.0, 2.0, 1.95, 1.98]
['2018-06-21', 2.0, 2.0, 1.8, 1.95]
['2018-06-22', 1.95, 2.05, 1.9, 2.05]
['2018-06-25', 2.05, 2.1, 2.0, 2.05]
['2018-06-26', 2.0, 2.05, 1.95, 2.0]
['2018-06-27', 2.0, 2.05, 2.0, 2.03]
['2018-06-28', 2.0, 2.05, 1.95, 2.0]
['2018-06-29', 2.0, 2.0, 1.9, 2.0]
['2018-07-02', 2.0, 2.05, 1.96, 2.05]
['2018-07-03', 2.05, 2.1, 2.05, 2.08]
['2018-07-05', 2.05, 2.1, 2.0, 2.0]
['2018-07-06', 2.05, 2.1, 2.0, 2.0]
['2018-07-09', 2.0, 2.05, 1.95, 1.95]
['2018-07-10', 2.0, 2.05, 1.95, 1.95]
['2018-07-11', 2.0, 2.0, 1.95, 2.0]
['2018-07-12', 1.95, 2.05, 1.95, 2.0]
['2018-07-13', 2.0, 2.05, 1.95, 2.0]
['2018-07-16', 2.0, 2.05, 1.95, 2.0]
['2018-07-17', 1.96, 2.0, 1.95, 2.0]
['2018-07-18', 1.95, 2.0, 1.95, 1.98]
['2018-07-19', 2.0, 2.0, 1.95, 1.95]
['2018-07-20', 1.95, 2.0, 1.9, 1.95]
['2018-07-23', 1.95, 1.95, 1.9, 1.95]
['2018-07-24', 1.95, 1.95, 1.9, 1.93]
['2018-07-25', 1.95, 1.95, 1.9, 1.93]
['2018-07-26', 1.95, 1.98, 1.8, 1.85]
['2018-07-27', 1.85, 1.95, 1.84, 1.95]
['2018-07-30', 1.9, 1.95, 1.8, 1.8]
['2018-07-31', 1.8, 1.88, 1.8, 1.8]
['2018-08-01', 1.85, 1.9, 1.8, 1.8]
['2018-08-02', 1.9, 2.05, 1.9, 2.0]
['2018-08-03', 2.05, 2.05, 2.0, 2.05]
['2018-08-06', 2.05, 2.35, 2.05, 2.25]
['2018-08-07', 2.35, 2.5, 2.25, 2.4]
['2018-08-08', 2.4, 2.4, 2.15, 2.35]
['2018-08-09', 2.4, 2.5, 2.35, 2.42]
['2018-08-10', 2.45, 2.45, 2.35, 2.4]
['2018-08-13', 2.4, 2.4, 2.21, 2.25]
['2018-08-14', 2.3, 2.4, 2.25, 2.3]
['2018-08-15', 2.25, 2.35, 2.2, 2.25]
['2018-08-16', 2.25, 2.3, 2.2, 2.2]
['2018-08-17', 2.2, 2.3, 2.2, 2.25]
['2018-08-20', 2.25, 2.3, 2.2, 2.2]
['2018-08-21', 2.2, 2.3, 2.2, 2.2]
['2018-08-22', 2.2, 2.25, 2.2, 2.25]
['2018-08-23', 2.25, 2.3, 2.2, 2.28]
['2018-08-24', 2.3, 2.3, 2.2, 2.2]
['2018-08-27', 2.2, 2.25, 2.2, 2.2]
['2018-08-28', 2.2, 2.25, 2.2, 2.23]
['2018-08-29', 2.2, 2.25, 2.15, 2.2]
['2018-08-30', 2.2, 2.2, 2.15, 2.2]
['2018-08-31', 2.0, 2.15, 1.85, 1.93]
['2018-09-04', 1.95, 2.0, 1.9, 1.95]
['2018-09-05', 1.95, 2.0, 1.85, 1.9]
['2018-09-06', 1.9, 1.93, 1.85, 1.9]
['2018-09-07', 1.87, 2.0, 1.85, 1.93]
['2018-09-10', 1.9, 1.95, 1.9, 1.9]
['2018-09-11', 1.9, 2.0, 1.85, 1.9]
['2018-09-12', 1.9, 1.95, 1.85, 1.9]
['2018-09-13', 1.9, 1.95, 1.8, 1.8]
['2018-09-14', 1.8, 1.85, 1.8, 1.8]
['2018-09-17', 1.8, 1.85, 1.75, 1.75]
['2018-09-18', 1.79, 1.85, 1.75, 1.8]
['2018-09-19', 1.85, 1.85, 1.75, 1.75]
['2018-09-20', 1.8, 1.8, 1.75, 1.8]
['2018-09-21', 1.8, 1.8, 1.65, 1.65]
['2018-09-24', 1.65, 1.75, 1.65, 1.75]
['2018-09-25', 1.75, 1.8, 1.7, 1.7]
['2018-09-26', 1.7, 1.75, 1.65, 1.7]
['2018-09-27', 1.75, 1.75, 1.6, 1.65]
['2018-09-28', 1.65, 1.7, 1.6, 1.6]
['2018-10-01', 1.61, 1.97, 1.61, 1.91]
['2018-10-02', 1.9, 2.19, 1.9, 2.13]
['2018-10-03', 2.09, 2.27, 2.0, 2.2]
['2018-10-04', 2.15, 2.3, 2.09, 2.23]
['2018-10-05', 2.22, 2.24, 2.13, 2.2]
['2018-10-08', 2.18, 2.22, 2.08, 2.15]
['2018-10-09', 2.14, 2.21, 2.02, 2.13]
['2018-10-10', 2.12, 2.19, 2.1, 2.11]
['2018-10-11', 2.1, 2.14, 2.06, 2.06]
['2018-10-12', 2.07, 2.1, 2.02, 2.03]
['2018-10-15', 2.05, 2.09, 2.01, 2.02]
['2018-10-16', 2.03, 2.1, 2.03, 2.07]
['2018-10-17', 2.06, 2.2, 2.02, 2.16]
['2018-10-18', 2.12, 2.18, 2.05, 2.05]
['2018-10-19', 2.02, 2.1, 1.98, 2.01]
['2018-10-22', 2.01, 2.01, 1.9, 1.91]
['2018-10-23', 1.81, 1.92, 1.8, 1.89]
['2018-10-24', 1.89, 1.89, 1.83, 1.87]
['2018-10-25', 1.85, 1.94, 1.84, 1.87]
['2018-10-26', 1.86, 1.86, 1.73, 1.73]
['2018-10-29', 1.7, 1.79, 1.7, 1.75]
['2018-10-30', 1.75, 1.8, 1.69, 1.77]
['2018-10-31', 1.77, 1.95, 1.76, 1.8]
['2018-11-01', 1.77, 1.79, 1.75, 1.77]
['2018-11-02', 1.77, 1.86, 1.77, 1.78]
['2018-11-05', 1.78, 1.8, 1.76, 1.76]
['2018-11-06', 1.76, 1.78, 1.75, 1.77]
['2018-11-07', 1.77, 1.78, 1.74, 1.76]
['2018-11-08', 1.77, 1.84, 1.75, 1.76]
['2018-11-09', 1.7, 1.7, 1.47, 1.59]
['2018-11-12', 1.58, 1.59, 1.52, 1.58]
['2018-11-13', 1.6, 1.74, 1.6, 1.73]
['2018-11-14', 1.72, 1.8, 1.68, 1.74]
['2018-11-15', 1.75, 1.8, 1.72, 1.78]
['2018-11-16', 1.77, 1.79, 1.71, 1.71]
['2018-11-19', 1.66, 1.66, 1.5, 1.54]
['2018-11-20', 1.54, 1.59, 1.54, 1.59]
['2018-11-21', 1.58, 1.66, 1.57, 1.61]
['2018-11-23', 1.61, 1.68, 1.61, 1.65]
['2018-11-26', 1.65, 1.72, 1.64, 1.69]
['2018-11-27', 1.69, 1.8, 1.69, 1.78]
['2018-11-28', 1.78, 1.79, 1.75, 1.76]
['2018-11-29', 1.76, 1.76, 1.56, 1.76]
['2018-11-30', 1.74, 1.83, 1.74, 1.78]
['2018-12-03', 1.81, 1.81, 1.7, 1.77]
['2018-12-04', 1.74, 1.74, 1.67, 1.68]
['2018-12-06', 1.65, 1.67, 1.63, 1.64]
['2018-12-07', 1.63, 1.65, 1.63, 1.63]
['2018-12-10', 1.6, 1.61, 1.55, 1.55]
['2018-12-11', 1.59, 1.59, 1.53, 1.54]
['2018-12-12', 1.54, 1.57, 1.54, 1.55]
['2018-12-13', 1.54, 1.55, 1.51, 1.51]
['2018-12-14', 1.51, 1.53, 1.45, 1.47]
['2018-12-17', 1.6, 1.6, 1.42, 1.44]
['2018-12-18', 1.44, 1.58, 1.41, 1.53]
['2018-12-19', 1.54, 1.54, 1.45, 1.47]
['2018-12-20', 1.47, 1.47, 1.42, 1.44]
['2018-12-21', 1.44, 1.47, 1.4, 1.42]
['2018-12-24', 1.41, 1.44, 1.41, 1.43]
['2018-12-26', 1.41, 1.57, 1.41, 1.49]
['2018-12-27', 1.55, 1.55, 1.42, 1.43]
['2018-12-28', 1.45, 1.62, 1.45, 1.58]
['2018-12-31', 1.56, 1.6, 1.42, 1.48]
['2019-01-02', 1.52, 1.56, 1.5, 1.56]
['2019-01-03', 1.52, 1.55, 1.51, 1.55]
['2019-01-04', 1.53, 1.6, 1.53, 1.57]
['2019-01-07', 1.63, 1.7, 1.59, 1.65]
['2019-01-08', 1.69, 1.69, 1.64, 1.64]
['2019-01-09', 1.66, 1.74, 1.66, 1.68]
['2019-01-10', 1.69, 1.76, 1.68, 1.68]
['2019-01-11', 1.68, 1.78, 1.68, 1.71]
['2019-01-14', 1.71, 1.77, 1.71, 1.75]
['2019-01-15', 1.75, 1.83, 1.74, 1.82]
['2019-01-16', 1.85, 1.85, 1.75, 1.78]
['2019-01-17', 1.75, 1.82, 1.75, 1.75]
['2019-01-18', 1.76, 1.81, 1.75, 1.81]
['2019-01-22', 1.83, 1.85, 1.47, 1.83]
['2019-01-23', 1.83, 1.85, 1.8, 1.83]
['2019-01-24', 1.83, 1.83, 1.82, 1.83]
['2019-01-25', 1.85, 1.85, 1.8, 1.85]
['2019-01-28', 1.85, 1.85, 1.85, 1.85]
['2019-01-29', 1.85, 1.91, 1.79, 1.8]
['2019-01-30', 1.81, 1.87, 1.8, 1.83]
['2019-01-31', 1.82, 1.87, 1.78, 1.85]
['2019-02-01', 1.83, 1.83, 1.79, 1.81]
['2019-02-04', 1.83, 1.83, 1.72, 1.79]
['2019-02-05', 1.83, 1.84, 1.8, 1.82]
['2019-02-06', 1.82, 1.85, 1.8, 1.84]
['2019-02-07', 1.83, 1.83, 1.8, 1.83]
['2019-02-08', 1.84, 1.84, 1.8, 1.8]
['2019-02-11', 1.8, 1.84, 1.79, 1.79]
['2019-02-12', 1.79, 1.79, 1.7, 1.73]
['2019-02-13', 1.72, 1.75, 1.71, 1.74]
['2019-02-14', 1.72, 1.75, 1.72, 1.72]
['2019-02-15', 1.74, 1.78, 1.71, 1.74]
['2019-02-19', 1.72, 1.8, 1.66, 1.74]
['2019-02-20', 1.76, 1.81, 1.73, 1.73]
['2019-02-21', 1.76, 1.79, 1.74, 1.76]
['2019-02-22', 1.76, 1.76, 1.73, 1.76]
['2019-02-25', 1.75, 1.77, 1.71, 1.76]
['2019-02-26', 1.76, 1.79, 1.75, 1.75]
['2019-02-27', 1.76, 1.8, 1.75, 1.76]
['2019-02-28', 1.76, 1.76, 1.74, 1.76]
['2019-03-01', 1.76, 1.76, 1.74, 1.74]
['2019-03-04', 1.75, 1.76, 1.71, 1.76]
['2019-03-05', 1.73, 1.85, 1.73, 1.82]
['2019-03-06', 1.85, 1.89, 1.85, 1.86]
['2019-03-07', 1.85, 1.87, 1.84, 1.85]
['2019-03-08', 1.85, 1.87, 1.84, 1.86]
['2019-03-11', 1.86, 1.88, 1.85, 1.85]
['2019-03-12', 1.86, 1.9, 1.83, 1.83]
['2019-03-13', 1.84, 1.87, 1.81, 1.82]
['2019-03-14', 1.94, 1.94, 1.78, 1.78]
['2019-03-15', 1.79, 1.82, 1.74, 1.8]
['2019-03-18', 1.78, 1.8, 1.71, 1.72]
['2019-03-19', 1.72, 1.75, 1.72, 1.72]
['2019-03-20', 1.73, 1.73, 1.58, 1.62]
['2019-03-21', 1.63, 1.66, 1.6, 1.64]
['2019-03-22', 1.61, 1.63, 1.59, 1.61]
['2019-03-25', 1.59, 1.62, 1.55, 1.6]
['2019-03-26', 1.62, 1.65, 1.6, 1.6]
['2019-03-27', 1.59, 1.65, 1.59, 1.6]
['2019-03-28', 1.62, 1.62, 1.58, 1.6]
['2019-03-29', 1.59, 1.59, 1.56, 1.57]
['2019-04-01', 1.59, 1.59, 1.51, 1.54]
['2019-04-02', 1.54, 1.55, 1.52, 1.55]
['2019-04-03', 1.56, 1.58, 1.55, 1.57]
['2019-04-04', 1.56, 1.59, 1.56, 1.58]
['2019-04-05', 1.57, 1.57, 1.55, 1.57]
['2019-04-08', 1.56, 1.59, 1.55, 1.57]
['2019-04-09', 1.56, 1.6, 1.56, 1.58]
['2019-04-10', 1.57, 1.61, 1.56, 1.58]
['2019-04-11', 1.58, 1.6, 1.53, 1.55]
['2019-04-12', 1.56, 1.57, 1.52, 1.52]
['2019-04-15', 1.52, 1.56, 1.49, 1.55]
['2019-04-16', 1.55, 1.58, 1.54, 1.56]
['2019-04-17', 1.56, 1.58, 1.55, 1.57]
['2019-04-18', 1.56, 1.6, 1.55, 1.55]
['2019-04-22', 1.55, 1.6, 1.55, 1.57]
['2019-04-23', 1.56, 1.59, 1.55, 1.56]
['2019-04-24', 1.55, 1.57, 1.49, 1.5]
['2019-04-25', 1.51, 1.55, 1.51, 1.53]
['2019-04-26', 1.52, 1.55, 1.47, 1.47]
['2019-04-29', 1.48, 1.5, 1.47, 1.5]
['2019-04-30', 1.48, 1.5, 1.46, 1.46]
['2019-05-01', 1.47, 1.49, 1.46, 1.48]
['2019-05-02', 1.47, 1.54, 1.47, 1.53]
['2019-05-03', 1.56, 1.62, 1.56, 1.6]
['2019-05-06', 1.6, 1.62, 1.54, 1.55]
['2019-05-07', 1.52, 1.57, 1.51, 1.52]
['2019-05-08', 1.55, 1.6, 1.53, 1.57]
['2019-05-09', 1.58, 1.6, 1.53, 1.53]
['2019-05-10', 1.52, 1.55, 1.51, 1.54]
['2019-05-13', 1.53, 1.58, 1.53, 1.55]
['2019-05-14', 1.56, 1.56, 1.54, 1.55]
['2019-05-15', 1.6, 1.6, 1.55, 1.6]
['2019-05-16', 1.59, 1.65, 1.59, 1.64]
['2019-05-17', 1.63, 1.68, 1.63, 1.67]
['2019-05-20', 1.66, 1.68, 1.63, 1.65]
['2019-05-21', 1.65, 1.75, 1.65, 1.74]
['2019-05-22', 1.74, 1.8, 1.74, 1.76]
['2019-05-23', 1.77, 1.8, 1.77, 1.78]
['2019-05-24', 1.79, 1.79, 1.71, 1.74]
['2019-05-28', 1.73, 1.78, 1.72, 1.75]
['2019-05-29', 1.73, 1.75, 1.7, 1.74]
['2019-05-30', 1.71, 1.79, 1.71, 1.76]
['2019-05-31', 1.78, 1.8, 1.62, 1.72]
['2019-06-03', 1.71, 1.79, 1.64, 1.65]
['2019-06-04', 1.65, 1.7, 1.63, 1.65]
['2019-06-05', 1.65, 1.7, 1.6, 1.63]
['2019-06-06', 1.62, 1.63, 1.61, 1.61]
['2019-06-07', 1.66, 1.68, 1.61, 1.65]
['2019-06-10', 1.65, 1.65, 1.6, 1.63]
['2019-06-11', 1.63, 1.65, 1.63, 1.64]
['2019-06-12', 1.63, 1.64, 1.63, 1.63]
['2019-06-13', 1.63, 1.65, 1.6, 1.64]
['2019-06-14', 1.64, 1.65, 1.62, 1.64]
['2019-06-17', 1.65, 1.65, 1.62, 1.64]
['2019-06-18', 1.65, 1.65, 1.6, 1.64]
['2019-06-19', 1.62, 1.64, 1.62, 1.64]
['2019-06-20', 1.58, 1.64, 1.58, 1.64]
['2019-06-21', 1.65, 1.65, 1.59, 1.64]
['2019-06-24', 1.64, 1.64, 1.62, 1.63]
['2019-06-25', 1.56, 1.59, 1.5, 1.55]
['2019-06-26', 1.63, 1.63, 1.52, 1.54]
['2019-06-27', 1.51, 1.59, 1.51, 1.58]
['2019-06-28', 1.57, 1.58, 1.55, 1.56]
['2019-07-01', 1.54, 1.54, 1.51, 1.51]
['2019-07-02', 1.51, 1.51, 1.46, 1.5]
['2019-07-03', 1.49, 1.51, 1.48, 1.5]
['2019-07-05', 1.52, 1.53, 1.46, 1.5]
['2019-07-08', 1.5, 1.5, 1.43, 1.43]
['2019-07-09', 1.46, 1.46, 1.42, 1.43]
['2019-07-10', 1.45, 1.55, 1.43, 1.55]
['2019-07-11', 1.54, 1.55, 1.41, 1.52]
['2019-07-12', 1.47, 1.56, 1.44, 1.5]
['2019-07-15', 1.51, 1.56, 1.5, 1.52]
['2019-07-16', 1.51, 1.52, 1.46, 1.48]
['2019-07-17', 1.48, 1.52, 1.48, 1.49]
['2019-07-18', 1.5, 1.51, 1.49, 1.51]
['2019-07-19', 1.52, 1.55, 1.49, 1.51]
['2019-07-22', 1.5, 1.51, 1.44, 1.5]
['2019-07-23', 1.5, 1.51, 1.47, 1.49]
['2019-07-24', 1.49, 1.5, 1.47, 1.5]
['2019-07-25', 1.49, 1.5, 1.47, 1.49]
['2019-07-26', 1.47, 1.5, 1.47, 1.49]
['2019-07-29', 1.48, 1.5, 1.47, 1.48]
['2019-07-30', 1.47, 1.5, 1.45, 1.47]
['2019-07-31', 1.49, 1.5, 1.46, 1.46]
['2019-08-01', 1.47, 1.55, 1.46, 1.5]
['2019-08-02', 1.5, 1.55, 1.46, 1.49]
['2019-08-05', 1.48, 1.48, 1.43, 1.43]
['2019-08-06', 1.44, 1.5, 1.44, 1.45]
['2019-08-07', 1.45, 1.47, 1.43, 1.46]
['2019-08-08', 1.44, 1.45, 1.37, 1.39]
['2019-08-09', 1.4, 1.41, 1.33, 1.36]
['2019-08-12', 1.38, 1.38, 1.3, 1.31]
['2019-08-13', 1.34, 1.34, 1.28, 1.31]
['2019-08-14', 1.31, 1.35, 1.3, 1.34]
['2019-08-15', 1.33, 1.36, 1.33, 1.35]
['2019-08-16', 1.34, 1.43, 1.34, 1.4]
['2019-08-19', 1.4, 1.41, 1.38, 1.38]
['2019-08-20', 1.4, 1.47, 1.4, 1.45]
['2019-08-21', 1.46, 1.49, 1.44, 1.47]
['2019-08-22', 1.47, 1.48, 1.45, 1.45]
['2019-08-23', 1.47, 1.49, 1.42, 1.47]
['2019-08-26', 1.46, 1.48, 1.45, 1.45]
['2019-08-27', 1.46, 1.46, 1.43, 1.43]
['2019-08-28', 1.44, 1.46, 1.42, 1.44]
['2019-08-29', 1.46, 1.47, 1.38, 1.45]
['2019-08-30', 1.44, 1.46, 1.42, 1.46]
['2019-09-03', 1.46, 1.47, 1.43, 1.47]
['2019-09-04', 1.47, 1.47, 1.43, 1.45]
['2019-09-05', 1.47, 1.51, 1.43, 1.5]
['2019-09-06', 1.51, 1.51, 1.45, 1.48]
['2019-09-09', 1.5, 1.5, 1.4, 1.46]
['2019-09-10', 1.45, 1.45, 1.42, 1.44]
['2019-09-11', 1.44, 1.45, 1.34, 1.43]
['2019-09-12', 1.44, 1.45, 1.42, 1.42]
['2019-09-13', 1.45, 1.45, 1.37, 1.37]
['2019-09-16', 1.39, 1.45, 1.39, 1.45]
['2019-09-17', 1.42, 1.44, 1.4, 1.41]
['2019-09-18', 1.42, 1.45, 1.42, 1.45]
['2019-09-19', 1.44, 1.58, 1.43, 1.54]
['2019-09-20', 1.5, 1.58, 1.5, 1.58]
['2019-09-23', 1.55, 1.55, 1.5, 1.51]
['2019-09-24', 1.51, 1.54, 1.46, 1.5]
['2019-09-25', 1.48, 1.49, 1.45, 1.46]
['2019-09-26', 1.47, 1.49, 1.39, 1.43]
['2019-09-27', 1.44, 1.44, 1.35, 1.39]
['2019-09-30', 1.39, 1.43, 1.39, 1.4]
['2019-10-01', 1.39, 1.42, 1.36, 1.37]
['2019-10-02', 1.37, 1.44, 1.35, 1.4]
['2019-10-03', 1.42, 1.49, 1.37, 1.43]
['2019-10-04', 1.44, 1.46, 1.42, 1.44]
['2019-10-07', 1.43, 1.46, 1.4, 1.44]
['2019-10-08', 1.44, 1.49, 1.4, 1.45]
['2019-10-09', 1.42, 1.46, 1.42, 1.44]
['2019-10-10', 1.43, 1.46, 1.42, 1.43]
['2019-10-11', 1.49, 1.49, 1.44, 1.48]
['2019-10-14', 1.5, 1.5, 1.4, 1.43]
['2019-10-15', 1.44, 1.5, 1.44, 1.49]
['2019-10-16', 1.48, 1.5, 1.48, 1.49]
['2019-10-17', 1.52, 1.52, 1.5, 1.5]
['2019-10-18', 1.52, 1.54, 1.5, 1.52]
['2019-10-21', 1.52, 1.55, 1.49, 1.5]
['2019-10-22', 1.49, 1.59, 1.49, 1.53]
['2019-10-23', 1.52, 1.58, 1.47, 1.5]
['2019-10-24', 1.5, 1.55, 1.49, 1.51]
['2019-10-25', 1.51, 1.55, 1.51, 1.54]
['2019-10-28', 1.56, 1.58, 1.51, 1.51]
['2019-10-29', 1.52, 1.55, 1.49, 1.5]
['2019-10-30', 1.5, 1.55, 1.5, 1.55]
['2019-10-31', 1.53, 1.54, 1.5, 1.5]
['2019-11-01', 1.52, 1.57, 1.51, 1.53]
['2019-11-04', 1.54, 1.56, 1.51, 1.52]
['2019-11-05', 1.52, 1.55, 1.5, 1.5]
['2019-11-06', 1.52, 1.54, 1.5, 1.5]
['2019-11-07', 1.54, 1.58, 1.45, 1.48]
['2019-11-08', 1.52, 1.55, 1.44, 1.52]
['2019-11-11', 1.5, 1.54, 1.5, 1.53]
['2019-11-12', 1.54, 1.58, 1.54, 1.57]
['2019-11-13', 1.58, 1.58, 1.55, 1.57]
['2019-11-14', 1.56, 1.58, 1.55, 1.56]
['2019-11-15', 1.57, 1.61, 1.57, 1.61]
['2019-11-18', 1.62, 1.64, 1.59, 1.62]
['2019-11-19', 1.6, 1.66, 1.6, 1.63]
['2019-11-20', 1.64, 1.67, 1.63, 1.64]
['2019-11-21', 1.7, 1.7, 1.65, 1.66]
['2019-11-22', 1.67, 1.68, 1.66, 1.67]
['2019-11-25', 1.68, 1.68, 1.63, 1.68]
['2019-11-26', 1.68, 1.72, 1.68, 1.71]
['2019-11-27', 1.71, 1.75, 1.71, 1.75]
['2019-11-29', 1.75, 1.77, 1.75, 1.77]
['2019-12-02', 1.78, 1.85, 1.75, 1.8]
['2019-12-03', 1.77, 1.8, 1.77, 1.79]
['2019-12-04', 1.77, 1.77, 1.64, 1.72]
['2019-12-05', 1.75, 1.77, 1.69, 1.72]
['2019-12-06', 1.75, 1.76, 1.73, 1.74]
['2019-12-09', 1.77, 1.77, 1.74, 1.74]
['2019-12-10', 1.74, 1.74, 1.71, 1.74]
['2019-12-11', 1.71, 1.73, 1.69, 1.7]
['2019-12-12', 1.7, 1.74, 1.65, 1.66]
['2019-12-13', 1.62, 1.62, 1.55, 1.56]
['2019-12-16', 1.56, 1.6, 1.55, 1.58]
['2019-12-17', 1.59, 1.65, 1.59, 1.6]
['2019-12-18', 1.6, 1.65, 1.56, 1.56]
['2019-12-19', 1.57, 1.62, 1.55, 1.56]
['2019-12-20', 1.58, 1.6, 1.5, 1.5]
['2019-12-23', 1.54, 1.55, 1.5, 1.52]
['2019-12-24', 1.51, 1.56, 1.51, 1.56]
['2019-12-26', 1.56, 1.6, 1.5, 1.56]
['2019-12-27', 1.57, 1.6, 1.52, 1.53]
['2019-12-30', 1.53, 1.56, 1.42, 1.5]
['2019-12-31', 1.52, 1.53, 1.47, 1.52]
['2020-01-02', 1.54, 1.54, 1.5, 1.51]
['2020-01-03', 1.51, 1.53, 1.45, 1.46]
['2020-01-06', 1.45, 1.5, 1.45, 1.48]
['2020-01-07', 1.46, 1.52, 1.46, 1.52]
['2020-01-08', 1.5, 1.53, 1.5, 1.5]
['2020-01-09', 1.51, 1.54, 1.5, 1.54]
['2020-01-10', 1.53, 1.57, 1.53, 1.55]
['2020-01-13', 1.55, 1.59, 1.55, 1.57]
['2020-01-14', 1.55, 1.59, 1.55, 1.58]
['2020-01-15', 1.57, 1.71, 1.57, 1.63]
['2020-01-16', 1.6, 1.65, 1.6, 1.65]
['2020-01-17', 1.65, 1.66, 1.62, 1.63]
['2020-01-21', 1.61, 1.65, 1.6, 1.65]
['2020-01-22', 1.62, 1.63, 1.57, 1.61]
['2020-01-23', 1.62, 1.63, 1.56, 1.62]
['2020-01-24', 1.62, 1.64, 1.61, 1.62]
['2020-01-27', 1.59, 1.62, 1.57, 1.57]
['2020-01-28', 1.6, 1.63, 1.6, 1.62]
['2020-01-29', 1.62, 1.62, 1.59, 1.6]
['2020-01-30', 1.59, 1.62, 1.52, 1.57]
['2020-01-31', 1.6, 1.6, 1.49, 1.5]
['2020-02-03', 1.5, 1.61, 1.5, 1.51]
['2020-02-04', 1.54, 1.6, 1.54, 1.6]
['2020-02-05', 1.55, 1.57, 1.52, 1.56]
['2020-02-06', 1.53, 1.58, 1.53, 1.56]
['2020-02-07', 1.56, 1.56, 1.42, 1.51]
['2020-02-10', 1.55, 1.56, 1.52, 1.53]
['2020-02-11', 1.54, 1.63, 1.32, 1.4]
['2020-02-12', 1.36, 1.43, 1.36, 1.38]
['2020-02-13', 1.36, 1.39, 1.29, 1.33]
['2020-02-14', 1.35, 1.37, 1.28, 1.29]
['2020-02-18', 1.3, 1.32, 1.18, 1.27]
['2020-02-19', 1.28, 1.3, 1.2, 1.22]
['2020-02-20', 1.21, 1.29, 1.21, 1.25]
['2020-02-21', 1.26, 1.27, 1.2, 1.22]
['2020-02-24', 1.21, 1.25, 1.14, 1.15]
['2020-02-25', 1.15, 1.17, 1.13, 1.14]
['2020-02-26', 1.15, 1.17, 1.12, 1.12]
['2020-02-27', 1.14, 1.14, 1.1, 1.1]
['2020-02-28', 1.08, 1.14, 1.08, 1.11]
['2020-03-02', 1.1, 1.19, 1.09, 1.09]
['2020-03-03', 1.09, 1.18, 1.09, 1.17]
['2020-03-04', 1.3, 1.3, 1.16, 1.19]
['2020-03-05', 1.22, 1.22, 1.12, 1.14]
['2020-03-06', 1.15, 1.25, 1.15, 1.16]
['2020-03-09', 1.15, 1.15, 1.08, 1.1]
['2020-03-10', 1.12, 1.14, 1.09, 1.12]
['2020-03-11', 1.12, 1.13, 1.04, 1.04]
['2020-03-12', 1.03, 1.07, 0.9, 1.0]
['2020-03-13', 1.01, 1.09, 0.99, 1.02]
['2020-03-16', 1.0, 1.02, 0.94, 0.94]
['2020-03-17', 0.94, 1.0, 0.91, 0.92]
['2020-03-18', 0.94, 0.95, 0.79, 0.8]
['2020-03-19', 0.84, 0.9, 0.8, 0.82]
['2020-03-20', 0.85, 0.92, 0.85, 0.9]
['2020-03-23', 0.92, 0.92, 0.8, 0.82]
['2020-03-24', 0.89, 0.92, 0.8, 0.88]
['2020-03-25', 0.91, 0.96, 0.88, 0.88]
['2020-03-26', 0.91, 0.98, 0.89, 0.93]
['2020-03-27', 0.91, 0.97, 0.86, 0.94]
['2020-03-30', 0.92, 0.99, 0.92, 0.93]
['2020-03-31', 0.98, 1.09, 0.97, 1.02]
['2020-04-01', 1.2, 1.27, 0.91, 1.01]
['2020-04-02', 0.97, 1.06, 0.95, 1.03]
['2020-04-03', 1.03, 1.07, 0.99, 1.05]
['2020-04-06', 1.03, 1.04, 0.98, 1.02]
['2020-04-07', 1.05, 1.07, 0.98, 1.02]
['2020-04-08', 1.02, 1.05, 0.99, 1.05]
['2020-04-09', 1.05, 1.12, 1.01, 1.05]
['2020-04-13', 1.06, 1.21, 1.06, 1.2]
['2020-04-14', 1.22, 1.31, 1.2, 1.29]
['2020-04-15', 1.28, 1.44, 1.2, 1.34]
['2020-04-16', 1.34, 1.39, 1.23, 1.35]
['2020-04-17', 1.38, 1.4, 1.31, 1.4]
['2020-04-20', 1.42, 1.42, 1.31, 1.35]
['2020-04-21', 1.29, 1.39, 1.27, 1.35]
['2020-04-22', 1.35, 1.46, 1.35, 1.43]
['2020-04-23', 1.46, 1.5, 1.4, 1.47]
['2020-04-24', 1.46, 1.47, 1.43, 1.45]
['2020-04-27', 1.44, 1.47, 1.39, 1.45]
['2020-04-28', 1.44, 1.45, 1.38, 1.42]
['2020-04-29', 1.45, 1.56, 1.37, 1.44]
['2020-04-30', 1.42, 1.48, 1.41, 1.45]
['2020-05-01', 1.4, 1.49, 1.33, 1.48]
['2020-05-04', 1.47, 1.49, 1.34, 1.37]
['2020-05-05', 1.4, 1.49, 1.35, 1.44]
['2020-05-06', 1.44, 1.44, 1.26, 1.32]
['2020-05-07', 1.2, 1.38, 1.11, 1.15]
['2020-05-08', 1.15, 1.23, 1.15, 1.23]
['2020-05-11', 1.21, 1.34, 1.2, 1.26]
['2020-05-12', 1.28, 1.33, 1.22, 1.26]
['2020-05-13', 1.24, 1.25, 1.14, 1.19]
['2020-05-14', 1.23, 1.3, 1.14, 1.27]
['2020-05-15', 1.25, 1.27, 1.19, 1.21]
['2020-05-18', 1.22, 1.27, 1.2, 1.2]
['2020-05-19', 1.21, 1.23, 1.16, 1.18]
['2020-05-20', 1.2, 1.23, 1.18, 1.2]
['2020-05-21', 1.2, 1.21, 1.11, 1.11]
['2020-05-22', 1.11, 1.19, 1.11, 1.13]
['2020-05-26', 1.16, 1.18, 1.13, 1.13]
['2020-05-27', 1.16, 1.18, 1.12, 1.15]
['2020-05-28', 1.15, 1.15, 1.05, 1.09]
['2020-05-29', 1.09, 1.14, 1.09, 1.1]
