['2016-07-28', 10.35, 11.88, 10.0, 11.08]
['2016-07-29', 11.0, 11.91, 10.26, 11.26]
['2016-08-01', 11.6, 12.07, 11.02, 12.07]
['2016-08-02', 11.88, 13.2, 11.88, 13.16]
['2016-08-03', 13.2, 13.75, 13.2, 13.65]
['2016-08-04', 13.85, 13.85, 12.8, 13.53]
['2016-08-05', 13.2, 14.52, 13.2, 14.08]
['2016-08-08', 14.5, 14.85, 13.22, 13.82]
['2016-08-09', 13.93, 14.22, 13.27, 14.09]
['2016-08-10', 13.93, 14.1, 13.35, 14.09]
['2016-08-11', 14.0, 14.18, 13.5, 14.0]
['2016-08-12', 14.2, 14.2, 13.5, 13.88]
['2016-08-15', 14.02, 14.14, 13.31, 13.67]
['2016-08-16', 13.41, 14.5, 12.17, 13.64]
['2016-08-17', 13.65, 13.7, 12.72, 13.45]
['2016-08-18', 13.44, 13.5, 13.06, 13.25]
['2016-08-19', 13.44, 13.53, 13.01, 13.23]
['2016-08-22', 13.05, 13.06, 12.7, 12.85]
['2016-08-23', 12.9, 13.44, 12.9, 13.2]
['2016-08-24', 13.17, 13.87, 13.13, 13.59]
['2016-08-25', 13.83, 13.83, 13.35, 13.6]
['2016-08-26', 13.6, 13.8, 13.3, 13.57]
['2016-08-29', 13.75, 13.94, 13.5, 13.77]
['2016-08-30', 13.7, 13.8, 13.5, 13.71]
['2016-08-31', 13.36, 14.85, 13.36, 14.53]
['2016-09-01', 14.52, 15.41, 14.4, 15.02]
['2016-09-02', 15.39, 16.44, 14.81, 14.87]
['2016-09-06', 14.75, 15.44, 14.52, 15.07]
['2016-09-07', 15.65, 16.26, 15.6, 15.86]
['2016-09-08', 16.33, 16.33, 15.76, 16.1]
['2016-09-09', 16.2, 16.2, 15.75, 15.95]
['2016-09-12', 15.91, 15.91, 15.42, 15.66]
['2016-09-13', 15.62, 16.98, 15.5, 16.55]
['2016-09-14', 16.36, 18.39, 16.0, 18.1]
['2016-09-15', 18.25, 19.26, 17.65, 18.66]
['2016-09-16', 18.9, 20.05, 18.74, 19.52]
['2016-09-19', 19.72, 21.2, 17.48, 17.98]
['2016-09-20', 17.8, 19.29, 17.8, 19.25]
['2016-09-21', 19.39, 19.39, 18.76, 19.16]
['2016-09-22', 19.09, 19.59, 18.08, 19.2]
['2016-09-23', 19.6, 20.55, 19.02, 20.18]
['2016-09-26', 20.17, 22.29, 19.75, 19.95]
['2016-09-27', 20.09, 20.98, 18.64, 18.94]
['2016-09-28', 19.07, 19.5, 18.58, 19.14]
['2016-09-29', 19.24, 19.4, 17.26, 17.5]
['2016-09-30', 17.5, 19.64, 17.5, 18.7]
['2016-10-03', 19.0, 19.0, 17.99, 18.45]
['2016-10-04', 18.67, 18.67, 18.07, 18.14]
['2016-10-05', 18.35, 19.59, 18.11, 19.03]
['2016-10-06', 18.95, 19.0, 18.65, 18.84]
['2016-10-07', 18.91, 20.25, 18.65, 19.87]
['2016-10-10', 19.83, 20.14, 19.42, 19.59]
['2016-10-11', 19.29, 19.29, 17.62, 19.02]
['2016-10-12', 18.92, 18.92, 18.04, 18.45]
['2016-10-13', 18.33, 19.18, 18.32, 19.03]
['2016-10-14', 19.46, 19.46, 18.0, 18.3]
['2016-10-17', 18.61, 19.39, 18.57, 19.12]
['2016-10-18', 19.33, 19.33, 18.34, 19.03]
['2016-10-19', 19.02, 19.34, 18.95, 19.19]
['2016-10-20', 19.11, 19.16, 18.48, 18.99]
['2016-10-21', 18.85, 19.14, 18.18, 18.83]
['2016-10-24', 18.81, 19.57, 18.3, 19.33]
['2016-10-25', 19.44, 19.69, 19.36, 19.5]
['2016-10-26', 19.7, 19.7, 18.65, 18.71]
['2016-10-27', 18.93, 19.03, 17.24, 17.5]
['2016-10-28', 17.64, 18.87, 17.0, 17.52]
['2016-10-31', 17.54, 17.88, 17.27, 17.76]
['2016-11-01', 17.74, 17.85, 17.13, 17.34]
['2016-11-02', 18.25, 18.25, 17.04, 17.57]
['2016-11-03', 17.71, 17.79, 16.74, 16.86]
['2016-11-04', 17.04, 17.7, 17.04, 17.35]
['2016-11-07', 17.49, 18.2, 17.47, 17.57]
['2016-11-08', 17.5, 17.53, 16.83, 17.04]
['2016-11-09', 17.35, 17.58, 15.71, 17.18]
['2016-11-10', 17.95, 18.59, 17.33, 18.28]
['2016-11-11', 19.25, 19.25, 18.37, 18.49]
['2016-11-14', 18.62, 18.62, 17.28, 17.35]
['2016-11-15', 17.3, 17.65, 17.0, 17.54]
['2016-11-16', 17.4, 18.14, 16.15, 18.0]
['2016-11-17', 18.47, 19.0, 17.46, 18.81]
['2016-11-18', 18.64, 19.23, 18.21, 18.45]
['2016-11-21', 18.9, 18.9, 18.1, 18.34]
['2016-11-22', 18.4, 18.68, 17.75, 18.11]
['2016-11-23', 17.52, 17.61, 16.8, 16.98]
['2016-11-25', 17.07, 17.07, 16.56, 16.7]
['2016-11-28', 16.82, 16.86, 16.01, 16.23]
['2016-11-29', 16.02, 16.79, 15.67, 16.41]
['2016-11-30', 16.07, 16.99, 16.01, 16.33]
['2016-12-01', 16.3, 17.75, 15.75, 15.98]
['2016-12-02', 15.85, 16.2, 14.9, 15.07]
['2016-12-05', 15.65, 16.0, 14.7, 14.9]
['2016-12-06', 15.03, 15.71, 14.92, 15.11]
['2016-12-07', 15.67, 15.73, 14.94, 15.18]
['2016-12-08', 15.65, 15.94, 15.28, 15.77]
['2016-12-09', 15.33, 16.0, 14.98, 15.28]
['2016-12-12', 15.4, 15.77, 15.05, 15.31]
['2016-12-13', 15.29, 16.26, 15.29, 15.98]
['2016-12-14', 15.55, 16.4, 15.55, 15.83]
['2016-12-15', 16.01, 16.09, 15.46, 15.77]
['2016-12-16', 15.89, 15.96, 15.4, 15.73]
['2016-12-19', 15.71, 16.67, 15.59, 16.07]
['2016-12-20', 16.02, 16.34, 15.5, 16.0]
['2016-12-21', 16.2, 16.46, 15.75, 15.82]
['2016-12-22', 15.84, 16.11, 15.84, 16.0]
['2016-12-23', 16.08, 16.39, 15.75, 16.31]
['2016-12-27', 16.34, 16.68, 15.85, 16.2]
['2016-12-28', 16.1, 16.75, 16.0, 16.25]
['2016-12-29', 16.32, 16.72, 16.12, 16.47]
['2016-12-30', 16.5, 16.78, 16.25, 16.41]
['2017-01-03', 16.28, 16.56, 15.41, 15.7]
['2017-01-04', 15.73, 16.2, 15.73, 16.0]
['2017-01-05', 16.0, 16.3, 15.8, 15.89]
['2017-01-06', 16.06, 16.42, 15.18, 15.4]
['2017-01-09', 15.43, 15.8, 15.24, 15.46]
['2017-01-10', 15.64, 15.78, 15.25, 15.5]
['2017-01-11', 15.39, 15.79, 15.35, 15.44]
['2017-01-12', 15.49, 15.49, 14.95, 15.0]
['2017-01-13', 15.09, 15.18, 15.0, 15.17]
['2017-01-17', 15.2, 15.5, 15.02, 15.17]
['2017-01-18', 15.25, 15.59, 15.0, 15.35]
['2017-01-19', 15.46, 16.1, 15.28, 15.47]
['2017-01-20', 15.43, 16.5, 15.42, 16.34]
['2017-01-23', 16.29, 16.66, 16.05, 16.48]
['2017-01-24', 16.08, 16.24, 15.19, 16.1]
['2017-01-25', 16.17, 16.5, 15.48, 15.89]
['2017-01-26', 16.0, 16.34, 15.75, 15.88]
['2017-01-27', 15.88, 15.88, 14.42, 14.82]
['2017-01-30', 14.84, 15.5, 14.37, 14.92]
['2017-01-31', 14.92, 15.5, 14.71, 15.41]
['2017-02-01', 15.26, 15.99, 15.1, 15.61]
['2017-02-02', 15.47, 15.98, 15.11, 15.86]
['2017-02-03', 15.92, 16.25, 15.65, 16.08]
['2017-02-06', 16.2, 16.2, 15.92, 16.07]
['2017-02-07', 16.03, 16.5, 15.92, 16.0]
['2017-02-08', 15.96, 16.07, 15.1, 15.83]
['2017-02-09', 15.75, 16.1, 15.66, 15.9]
['2017-02-10', 15.92, 16.18, 15.15, 15.32]
['2017-02-13', 15.72, 15.92, 15.05, 15.13]
['2017-02-14', 15.0, 15.64, 14.98, 15.48]
['2017-02-15', 15.36, 15.82, 15.3, 15.76]
['2017-02-16', 15.83, 16.2, 15.41, 15.86]
['2017-02-17', 15.95, 16.14, 15.92, 16.0]
['2017-02-21', 16.12, 16.5, 16.1, 16.5]
['2017-02-22', 16.5, 16.51, 16.2, 16.43]
['2017-02-23', 16.5, 17.21, 16.19, 17.09]
['2017-02-24', 17.19, 17.24, 16.74, 17.19]
['2017-02-27', 17.25, 17.64, 16.9, 17.26]
['2017-02-28', 18.35, 20.41, 17.97, 20.23]
['2017-03-01', 20.23, 21.06, 19.78, 20.33]
['2017-03-02', 20.11, 20.11, 18.27, 18.48]
['2017-03-03', 17.94, 19.33, 17.94, 18.95]
['2017-03-06', 19.05, 19.17, 18.7, 19.0]
['2017-03-07', 18.77, 19.73, 18.37, 19.56]
['2017-03-08', 19.73, 20.37, 19.06, 19.86]
['2017-03-09', 19.99, 20.75, 19.63, 20.69]
['2017-03-10', 20.92, 20.96, 20.15, 20.66]
['2017-03-13', 20.8, 20.8, 19.6, 19.99]
['2017-03-14', 19.9, 19.9, 18.22, 18.56]
['2017-03-15', 18.56, 18.56, 17.97, 18.2]
['2017-03-16', 18.59, 18.83, 17.77, 17.97]
['2017-03-17', 17.91, 18.24, 17.67, 17.94]
['2017-03-20', 18.06, 18.91, 17.4, 18.8]
['2017-03-21', 18.79, 19.08, 18.17, 18.86]
['2017-03-22', 18.8, 18.9, 17.77, 17.86]
['2017-03-23', 17.76, 18.33, 17.5, 18.0]
['2017-03-24', 17.92, 18.76, 17.86, 18.14]
['2017-03-27', 18.0, 18.5, 17.83, 18.18]
['2017-03-28', 18.1, 18.53, 17.64, 18.0]
['2017-03-29', 17.91, 18.5, 17.91, 18.23]
['2017-03-30', 18.72, 18.72, 17.88, 18.48]
['2017-03-31', 18.4, 19.13, 18.16, 18.95]
['2017-04-03', 18.95, 19.41, 18.34, 18.73]
['2017-04-04', 18.72, 18.72, 18.0, 18.15]
['2017-04-05', 18.05, 18.55, 18.01, 18.24]
['2017-04-06', 18.22, 19.11, 18.12, 18.75]
['2017-04-07', 18.75, 19.86, 18.42, 19.86]
['2017-04-10', 19.79, 20.0, 19.0, 19.0]
['2017-04-11', 19.09, 19.19, 17.75, 17.95]
['2017-04-12', 18.03, 18.03, 16.69, 17.11]
['2017-04-13', 17.04, 17.4, 16.98, 17.35]
['2017-04-17', 17.43, 17.66, 17.26, 17.61]
['2017-04-18', 17.45, 17.54, 16.9, 17.11]
['2017-04-19', 17.22, 17.96, 17.22, 17.93]
['2017-04-20', 17.99, 18.74, 17.87, 18.19]
['2017-04-21', 18.26, 18.55, 17.96, 18.45]
['2017-04-24', 18.58, 19.12, 18.58, 19.07]
['2017-04-25', 19.32, 19.88, 18.91, 19.02]
['2017-04-26', 19.1, 19.42, 18.87, 19.04]
['2017-04-27', 18.76, 19.3, 18.76, 19.09]
['2017-04-28', 19.1, 19.1, 18.38, 18.85]
['2017-05-01', 18.9, 19.18, 18.73, 19.11]
['2017-05-02', 19.08, 19.56, 18.76, 18.9]
['2017-05-03', 18.62, 18.92, 18.25, 18.49]
['2017-05-04', 18.55, 19.18, 18.35, 19.15]
['2017-05-05', 19.05, 19.15, 18.54, 19.03]
['2017-05-08', 19.06, 19.6, 18.75, 19.36]
['2017-05-09', 20.5, 22.74, 19.85, 21.68]
['2017-05-10', 21.41, 22.46, 21.22, 21.85]
['2017-05-11', 21.74, 22.0, 21.25, 21.88]
['2017-05-12', 21.92, 23.71, 21.79, 23.23]
['2017-05-15', 23.12, 23.44, 22.32, 23.17]
['2017-05-16', 23.0, 23.58, 21.0, 23.14]
['2017-05-17', 22.92, 23.48, 22.31, 22.89]
['2017-05-18', 23.02, 24.47, 22.2, 24.15]
['2017-05-19', 24.5, 25.15, 22.56, 24.65]
['2017-05-22', 24.6, 24.69, 23.38, 23.88]
['2017-05-23', 23.96, 23.97, 23.3, 23.8]
['2017-05-24', 23.77, 23.97, 23.5, 23.72]
['2017-05-25', 23.71, 23.71, 22.72, 23.0]
['2017-05-26', 22.84, 23.45, 22.66, 23.23]
['2017-05-30', 23.23, 23.76, 22.81, 23.31]
['2017-05-31', 23.24, 24.66, 22.45, 24.33]
['2017-06-01', 24.3, 26.95, 24.12, 25.78]
['2017-06-02', 25.57, 26.75, 25.57, 26.5]
['2017-06-05', 26.32, 26.99, 26.27, 26.51]
['2017-06-06', 26.42, 26.7, 25.01, 25.22]
['2017-06-07', 25.0, 25.7, 24.42, 24.94]
['2017-06-08', 24.83, 25.69, 24.4, 25.16]
['2017-06-09', 25.47, 25.7, 25.11, 25.47]
['2017-06-12', 25.25, 26.2, 24.78, 25.69]
['2017-06-13', 25.8, 26.61, 24.71, 25.02]
['2017-06-14', 25.17, 25.7, 24.17, 24.41]
['2017-06-15', 24.15, 25.73, 24.0, 24.96]
['2017-06-16', 25.05, 26.5, 24.8, 26.32]
['2017-06-19', 26.4, 27.05, 26.38, 26.63]
['2017-06-20', 26.64, 28.12, 26.4, 26.99]
['2017-06-21', 27.05, 27.72, 26.3, 26.62]
['2017-06-22', 26.74, 26.9, 26.23, 26.72]
['2017-06-23', 26.52, 27.63, 26.35, 27.12]
['2017-06-26', 27.31, 28.28, 26.59, 28.03]
['2017-06-27', 28.03, 28.79, 27.3, 28.2]
['2017-06-28', 28.29, 30.2, 28.29, 29.32]
['2017-06-29', 29.15, 29.51, 28.39, 28.94]
['2017-06-30', 29.15, 29.53, 28.12, 28.58]
['2017-07-03', 28.44, 28.76, 27.53, 27.69]
['2017-07-05', 27.63, 28.02, 27.07, 27.52]
['2017-07-06', 27.24, 28.03, 27.06, 27.64]
['2017-07-07', 27.77, 29.38, 27.52, 29.3]
['2017-07-10', 29.35, 29.61, 28.54, 28.82]
['2017-07-11', 28.9, 29.84, 28.56, 29.63]
['2017-07-12', 29.49, 30.54, 29.26, 30.01]
['2017-07-13', 30.13, 30.15, 29.39, 30.05]
['2017-07-14', 29.98, 31.4, 29.75, 30.95]
['2017-07-17', 31.19, 31.49, 29.64, 29.82]
['2017-07-18', 29.83, 30.64, 29.74, 30.52]
['2017-07-19', 30.63, 31.0, 30.21, 30.52]
['2017-07-20', 30.41, 30.89, 29.85, 30.03]
['2017-07-21', 30.17, 30.61, 29.68, 30.0]
['2017-07-24', 30.07, 30.2, 29.31, 29.77]
['2017-07-25', 30.06, 30.78, 29.66, 30.39]
['2017-07-26', 30.65, 30.7, 30.13, 30.29]
['2017-07-27', 30.42, 30.58, 29.69, 30.28]
['2017-07-28', 30.18, 30.59, 29.75, 30.03]
['2017-07-31', 30.01, 30.47, 29.29, 29.55]
['2017-08-01', 29.55, 30.23, 28.62, 29.21]
['2017-08-02', 29.0, 29.97, 28.14, 28.49]
['2017-08-03', 28.29, 29.28, 27.81, 29.15]
['2017-08-04', 29.29, 29.29, 28.16, 28.39]
['2017-08-07', 28.57, 29.88, 28.29, 29.68]
['2017-08-08', 31.5, 35.79, 31.5, 33.33]
['2017-08-09', 32.54, 33.94, 31.64, 32.97]
['2017-08-10', 33.0, 33.14, 30.84, 31.3]
['2017-08-11', 31.25, 31.79, 30.12, 30.57]
['2017-08-14', 30.74, 33.62, 30.74, 32.96]
['2017-08-15', 33.09, 33.95, 32.75, 33.94]
['2017-08-16', 34.15, 34.79, 33.04, 33.27]
['2017-08-17', 33.02, 34.01, 32.86, 33.76]
['2017-08-18', 33.63, 35.0, 32.6, 33.84]
['2017-08-21', 33.57, 33.78, 32.81, 33.28]
['2017-08-22', 33.44, 34.03, 32.99, 33.12]
['2017-08-23', 33.01, 34.0, 33.01, 33.9]
['2017-08-24', 33.84, 33.87, 31.59, 32.38]
['2017-08-25', 32.54, 32.63, 31.9, 32.07]
['2017-08-28', 32.23, 32.87, 32.03, 32.76]
['2017-08-29', 32.61, 32.65, 32.0, 32.38]
['2017-08-30', 32.32, 32.77, 32.02, 32.24]
['2017-08-31', 32.43, 32.89, 32.0, 32.88]
['2017-09-01', 32.85, 33.14, 32.21, 33.02]
['2017-09-05', 32.77, 34.21, 32.76, 33.76]
['2017-09-06', 33.67, 34.26, 33.39, 33.87]
['2017-09-07', 34.0, 35.84, 33.93, 35.53]
['2017-09-08', 35.32, 36.2, 34.4, 34.44]
['2017-09-11', 34.76, 35.24, 33.82, 35.19]
['2017-09-12', 35.41, 36.16, 34.45, 35.51]
['2017-09-13', 33.85, 35.0, 33.25, 34.67]
['2017-09-14', 34.77, 37.88, 34.31, 36.79]
['2017-09-15', 36.59, 37.02, 35.28, 35.63]
['2017-09-18', 33.83, 35.04, 33.53, 34.3]
['2017-09-19', 34.12, 34.39, 32.76, 33.0]
['2017-09-20', 32.86, 34.3, 32.83, 33.57]
['2017-09-21', 33.32, 34.01, 32.83, 33.98]
['2017-09-22', 33.75, 33.81, 30.63, 30.86]
['2017-09-25', 30.63, 30.72, 27.51, 29.84]
['2017-09-26', 30.0, 30.44, 28.9, 28.95]
['2017-09-27', 28.96, 31.31, 28.91, 31.19]
['2017-09-28', 30.95, 32.43, 30.7, 30.98]
['2017-09-29', 31.15, 31.5, 30.5, 30.95]
['2017-10-02', 30.86, 31.42, 30.62, 31.34]
['2017-10-03', 31.56, 32.12, 31.09, 31.9]
['2017-10-04', 31.73, 33.28, 31.55, 32.75]
['2017-10-05', 32.87, 33.88, 32.4, 32.84]
['2017-10-06', 32.73, 32.99, 32.1, 32.96]
['2017-10-09', 32.9, 32.97, 30.95, 31.36]
['2017-10-10', 31.38, 31.88, 30.95, 31.14]
['2017-10-11', 31.15, 31.28, 30.33, 30.99]
['2017-10-12', 31.71, 31.84, 31.29, 31.81]
['2017-10-13', 31.75, 32.2, 31.4, 31.92]
['2017-10-16', 31.98, 31.98, 30.86, 30.87]
['2017-10-17', 30.72, 30.75, 29.74, 30.19]
['2017-10-18', 30.2, 31.04, 29.9, 31.03]
['2017-10-19', 30.95, 31.93, 30.73, 31.92]
['2017-10-20', 31.87, 32.31, 31.81, 31.99]
['2017-10-23', 31.88, 32.26, 31.41, 31.49]
['2017-10-24', 31.5, 31.57, 30.57, 30.75]
['2017-10-25', 30.58, 31.24, 30.48, 30.61]
['2017-10-26', 30.54, 31.15, 30.05, 30.33]
['2017-10-27', 30.31, 30.6, 29.88, 30.4]
['2017-10-30', 30.25, 30.58, 28.42, 28.78]
['2017-10-31', 28.85, 28.99, 28.29, 28.69]
['2017-11-01', 28.63, 28.69, 26.6, 27.03]
['2017-11-02', 27.14, 27.46, 26.8, 27.01]
['2017-11-03', 27.21, 28.31, 27.02, 27.32]
['2017-11-06', 27.19, 27.97, 26.85, 27.3]
['2017-11-07', 27.26, 27.35, 25.6, 26.7]
['2017-11-08', 28.77, 29.52, 22.72, 24.45]
['2017-11-09', 25.82, 26.37, 24.5, 25.43]
['2017-11-10', 25.52, 25.73, 24.92, 25.23]
['2017-11-13', 25.09, 25.98, 24.96, 25.76]
['2017-11-14', 25.71, 26.96, 25.47, 26.85]
['2017-11-15', 26.82, 26.82, 26.04, 26.5]
['2017-11-16', 26.52, 27.04, 25.8, 26.21]
['2017-11-17', 26.14, 26.5, 25.63, 25.98]
['2017-11-20', 28.51, 29.89, 27.81, 28.22]
['2017-11-21', 28.31, 28.31, 26.27, 26.92]
['2017-11-22', 26.94, 28.33, 26.67, 27.91]
['2017-11-24', 28.09, 28.38, 27.51, 27.83]
['2017-11-27', 27.85, 27.85, 26.47, 26.97]
['2017-11-28', 26.77, 27.59, 26.03, 27.34]
['2017-11-29', 27.41, 28.59, 27.41, 28.23]
['2017-11-30', 28.27, 30.02, 28.08, 29.83]
['2017-12-01', 29.8, 29.94, 28.41, 29.12]
['2017-12-04', 29.34, 29.42, 27.7, 28.01]
['2017-12-05', 28.03, 28.47, 27.1, 27.19]
['2017-12-06', 27.08, 27.09, 26.5, 26.66]
['2017-12-07', 26.7, 27.42, 26.65, 27.0]
['2017-12-08', 27.15, 27.76, 26.91, 27.53]
['2017-12-11', 27.55, 28.23, 27.36, 27.74]
['2017-12-12', 27.86, 28.43, 26.99, 28.34]
['2017-12-13', 28.41, 29.69, 28.2, 29.39]
['2017-12-14', 29.46, 29.98, 28.73, 28.9]
['2017-12-15', 29.25, 30.79, 29.01, 30.27]
['2017-12-18', 30.35, 30.68, 30.02, 30.26]
['2017-12-19', 30.27, 30.43, 29.61, 29.71]
['2017-12-20', 29.54, 30.06, 29.06, 29.47]
['2017-12-21', 29.33, 29.55, 28.31, 29.07]
['2017-12-22', 29.06, 30.0, 28.63, 29.79]
['2017-12-26', 29.9, 30.41, 29.35, 29.69]
['2017-12-27', 29.82, 29.98, 29.58, 29.72]
['2017-12-28', 29.78, 30.15, 29.21, 30.09]
['2017-12-29', 30.23, 30.63, 28.84, 28.98]
['2018-01-02', 29.21, 29.74, 29.01, 29.58]
['2018-01-03', 29.46, 29.98, 28.96, 29.08]
['2018-01-04', 29.1, 29.65, 28.41, 28.82]
['2018-01-05', 28.67, 28.67, 27.84, 28.05]
['2018-01-08', 28.13, 28.25, 27.04, 28.15]
['2018-01-09', 28.28, 29.26, 28.07, 28.16]
['2018-01-10', 28.32, 28.34, 27.89, 28.22]
['2018-01-11', 28.35, 28.57, 27.81, 28.26]
['2018-01-12', 28.36, 29.45, 27.97, 29.41]
['2018-01-16', 29.5, 29.81, 28.56, 28.82]
['2018-01-17', 28.95, 29.5, 28.62, 29.35]
['2018-01-18', 29.35, 29.7, 28.96, 29.59]
['2018-01-19', 29.48, 31.32, 29.28, 31.15]
['2018-01-22', 30.92, 31.54, 30.34, 30.76]
['2018-01-23', 30.81, 32.18, 30.56, 32.01]
['2018-01-24', 32.1, 32.66, 30.62, 31.2]
['2018-01-25', 31.28, 31.9, 30.89, 31.82]
['2018-01-26', 32.07, 32.39, 31.52, 32.13]
['2018-01-29', 32.03, 32.26, 31.41, 32.14]
['2018-01-30', 31.69, 32.39, 31.22, 32.3]
['2018-01-31', 32.34, 32.57, 31.46, 31.53]
['2018-02-01', 31.37, 31.63, 30.52, 31.55]
['2018-02-02', 31.27, 31.97, 30.92, 31.8]
['2018-02-05', 31.58, 31.95, 31.15, 31.6]
['2018-02-06', 31.07, 31.86, 30.31, 30.65]
['2018-02-07', 30.48, 31.17, 29.94, 30.31]
['2018-02-08', 30.26, 30.44, 28.5, 28.54]
['2018-02-09', 28.74, 28.94, 27.87, 28.61]
['2018-02-12', 28.61, 29.59, 28.51, 29.35]
['2018-02-13', 29.2, 29.65, 28.88, 29.44]
['2018-02-14', 29.15, 30.56, 29.07, 30.43]
['2018-02-15', 30.46, 31.95, 30.46, 31.5]
['2018-02-16', 31.42, 31.42, 30.77, 31.13]
['2018-02-20', 31.31, 31.56, 29.02, 29.93]
['2018-02-21', 30.12, 31.37, 30.12, 30.88]
['2018-02-22', 30.99, 31.39, 30.53, 30.76]
['2018-02-23', 31.0, 31.78, 30.1, 31.25]
['2018-02-26', 31.51, 32.55, 31.29, 32.42]
['2018-02-27', 29.95, 35.08, 29.95, 33.7]
['2018-02-28', 33.92, 34.0, 32.14, 32.36]
['2018-03-01', 32.3, 32.39, 31.01, 31.26]
['2018-03-02', 30.93, 32.0, 30.63, 31.76]
['2018-03-05', 31.35, 32.58, 31.35, 32.13]
['2018-03-06', 32.16, 32.97, 31.63, 32.92]
['2018-03-07', 32.47, 32.97, 31.0, 32.5]
['2018-03-08', 32.61, 32.91, 31.81, 32.8]
['2018-03-09', 33.0, 33.85, 32.0, 32.39]
['2018-03-12', 32.49, 33.09, 32.19, 32.84]
['2018-03-13', 32.49, 33.09, 31.98, 32.4]
['2018-03-14', 32.67, 33.14, 32.22, 32.62]
['2018-03-15', 32.7, 33.1, 31.62, 31.93]
['2018-03-16', 31.8, 32.49, 31.7, 32.02]
['2018-03-19', 31.96, 32.29, 30.21, 31.01]
['2018-03-20', 31.02, 31.62, 30.8, 31.53]
['2018-03-21', 31.59, 32.07, 31.44, 31.72]
['2018-03-22', 31.44, 31.75, 31.08, 31.44]
['2018-03-23', 31.49, 31.65, 30.78, 31.0]
['2018-03-26', 31.41, 31.53, 30.71, 31.49]
['2018-03-27', 31.58, 31.68, 30.93, 31.11]
['2018-03-28', 31.17, 31.66, 30.85, 31.0]
['2018-03-29', 31.17, 32.26, 30.38, 31.8]
['2018-04-02', 31.76, 31.84, 31.0, 31.23]
['2018-04-03', 31.5, 31.76, 31.15, 31.69]
['2018-04-04', 31.16, 31.77, 30.96, 31.68]
['2018-04-05', 31.85, 32.42, 31.4, 32.05]
['2018-04-06', 31.86, 32.23, 31.52, 31.9]
['2018-04-09', 32.05, 32.05, 31.0, 31.57]
['2018-04-10', 31.86, 33.38, 31.52, 33.3]
['2018-04-11', 33.2, 34.0, 32.91, 33.47]
['2018-04-12', 33.63, 34.75, 33.63, 34.7]
['2018-04-13', 34.89, 34.89, 34.23, 34.44]
['2018-04-16', 34.58, 35.74, 34.26, 35.34]
['2018-04-17', 35.48, 36.36, 35.22, 35.67]
['2018-04-18', 35.75, 36.31, 35.44, 35.76]
['2018-04-19', 35.66, 36.02, 35.02, 35.19]
['2018-04-20', 35.02, 35.75, 34.83, 34.94]
['2018-04-23', 34.97, 35.26, 34.12, 34.34]
['2018-04-24', 34.46, 34.98, 33.53, 34.07]
['2018-04-25', 34.0, 34.16, 32.81, 34.14]
['2018-04-26', 34.15, 34.77, 33.89, 34.5]
['2018-04-27', 34.52, 34.77, 33.54, 34.44]
['2018-04-30', 34.65, 34.99, 34.36, 34.81]
['2018-05-01', 34.71, 35.1, 34.55, 34.91]
['2018-05-02', 34.74, 35.42, 34.47, 35.21]
['2018-05-03', 35.0, 35.56, 34.8, 35.46]
['2018-05-04', 35.35, 36.1, 34.89, 36.02]
['2018-05-07', 36.0, 37.48, 35.95, 36.92]
['2018-05-08', 37.8, 44.44, 37.74, 43.23]
['2018-05-09', 43.15, 46.58, 43.1, 44.86]
['2018-05-10', 44.61, 45.73, 44.1, 45.52]
['2018-05-11', 45.57, 46.42, 44.99, 45.69]
['2018-05-14', 45.86, 46.18, 45.0, 45.44]
['2018-05-15', 44.95, 45.98, 44.16, 45.36]
['2018-05-16', 45.43, 46.23, 44.58, 45.55]
['2018-05-17', 45.61, 46.89, 45.15, 46.26]
['2018-05-18', 46.44, 46.47, 45.71, 45.99]
['2018-05-21', 46.02, 47.28, 44.92, 46.46]
['2018-05-22', 46.6, 48.14, 45.99, 46.92]
['2018-05-23', 46.76, 47.49, 46.75, 47.46]
['2018-05-24', 47.45, 48.72, 47.1, 48.36]
['2018-05-25', 48.28, 48.71, 46.26, 48.52]
['2018-05-29', 48.3, 49.07, 47.25, 48.97]
['2018-05-30', 49.11, 49.98, 48.84, 49.06]
['2018-05-31', 49.35, 50.39, 49.06, 49.63]
['2018-06-01', 50.21, 52.23, 49.53, 50.44]
['2018-06-04', 48.0, 48.0, 45.41, 46.87]
['2018-06-05', 47.09, 49.14, 46.97, 49.05]
['2018-06-06', 48.85, 50.95, 48.63, 50.85]
['2018-06-07', 50.63, 50.63, 47.38, 49.39]
['2018-06-08', 49.22, 50.53, 49.09, 50.21]
['2018-06-11', 50.0, 51.96, 48.54, 51.37]
['2018-06-12', 51.4, 52.69, 50.87, 51.64]
['2018-06-13', 51.94, 56.24, 51.94, 55.01]
['2018-06-14', 55.02, 56.99, 55.02, 56.55]
['2018-06-15', 55.69, 55.98, 53.99, 55.16]
['2018-06-18', 55.08, 57.6, 54.5, 57.05]
['2018-06-19', 56.72, 57.0, 55.29, 55.58]
['2018-06-20', 55.81, 56.15, 54.53, 55.27]
['2018-06-21', 55.32, 56.06, 51.86, 52.92]
['2018-06-22', 53.15, 53.22, 51.03, 52.55]
['2018-06-25', 53.14, 53.82, 52.24, 53.64]
['2018-06-26', 53.54, 54.95, 53.54, 54.59]
['2018-06-27', 54.5, 55.01, 51.11, 51.42]
['2018-06-28', 51.35, 52.36, 50.9, 51.98]
['2018-06-29', 52.13, 52.56, 51.61, 52.0]
['2018-07-02', 51.5, 53.24, 51.5, 53.21]
['2018-07-03', 53.29, 55.08, 53.29, 54.78]
['2018-07-05', 55.21, 55.91, 54.28, 55.54]
['2018-07-06', 55.57, 56.52, 55.28, 56.08]
['2018-07-09', 56.36, 57.59, 54.52, 55.44]
['2018-07-10', 55.42, 55.96, 52.81, 53.37]
['2018-07-11', 53.14, 56.0, 52.45, 53.53]
['2018-07-12', 53.77, 54.15, 53.07, 53.5]
['2018-07-13', 53.65, 53.92, 52.5, 53.07]
['2018-07-16', 52.49, 54.33, 52.49, 54.26]
['2018-07-17', 54.23, 55.11, 53.95, 54.55]
['2018-07-18', 54.55, 55.36, 54.29, 55.11]
['2018-07-19', 55.04, 55.35, 53.88, 54.37]
['2018-07-20', 54.31, 56.5, 54.31, 55.6]
['2018-07-23', 55.4, 56.46, 54.74, 56.21]
['2018-07-24', 56.64, 56.8, 50.37, 51.84]
['2018-07-25', 51.66, 54.73, 51.33, 53.51]
['2018-07-26', 53.5, 53.52, 51.46, 52.81]
['2018-07-27', 52.96, 53.01, 47.55, 48.65]
['2018-07-30', 47.98, 49.66, 47.74, 47.98]
['2018-07-31', 48.08, 49.46, 47.99, 48.07]
['2018-08-01', 47.54, 50.16, 47.54, 49.83]
['2018-08-02', 48.85, 51.35, 48.07, 50.84]
['2018-08-03', 51.01, 51.03, 49.16, 50.84]
['2018-08-06', 50.63, 51.44, 48.49, 48.78]
['2018-08-07', 51.05, 59.78, 49.57, 57.66]
['2018-08-08', 58.21, 59.99, 57.6, 58.57]
['2018-08-09', 58.29, 59.66, 56.2, 57.01]
['2018-08-10', 56.55, 58.26, 55.98, 57.15]
['2018-08-13', 57.51, 58.22, 56.13, 57.53]
['2018-08-14', 57.76, 58.13, 56.74, 58.04]
['2018-08-15', 58.47, 58.5, 56.91, 57.6]
['2018-08-16', 57.04, 58.73, 56.81, 58.32]
['2018-08-17', 57.95, 60.26, 57.36, 60.19]
['2018-08-20', 60.81, 64.31, 60.81, 63.1]
['2018-08-21', 63.18, 63.6, 60.63, 61.76]
['2018-08-22', 61.77, 63.69, 61.62, 63.51]
['2018-08-23', 63.18, 65.96, 63.18, 65.19]
['2018-08-24', 65.36, 65.36, 64.14, 64.65]
['2018-08-27', 64.79, 65.64, 64.5, 65.49]
['2018-08-28', 65.49, 66.26, 65.03, 65.56]
['2018-08-29', 65.35, 67.34, 64.88, 67.0]
['2018-08-30', 67.08, 70.15, 66.81, 67.91]
['2018-08-31', 67.76, 68.58, 66.7, 67.67]
['2018-09-04', 67.68, 68.56, 66.66, 67.93]
['2018-09-05', 68.18, 70.49, 67.16, 69.97]
['2018-09-06', 70.57, 70.7, 67.65, 68.79]
['2018-09-07', 68.47, 70.14, 66.72, 67.49]
['2018-09-10', 69.9, 72.41, 68.86, 70.77]
['2018-09-11', 70.37, 71.34, 68.62, 70.17]
['2018-09-12', 70.23, 70.89, 67.48, 67.5]
['2018-09-13', 67.75, 70.28, 67.61, 69.01]
['2018-09-14', 68.92, 69.84, 67.94, 68.73]
['2018-09-17', 68.6, 68.75, 64.98, 65.13]
['2018-09-18', 64.73, 66.77, 63.83, 66.48]
['2018-09-19', 66.48, 67.24, 64.92, 65.54]
['2018-09-20', 64.94, 66.06, 64.34, 64.47]
['2018-09-21', 64.19, 66.12, 63.35, 63.91]
['2018-09-24', 63.9, 65.54, 63.52, 65.41]
['2018-09-25', 65.68, 68.76, 65.68, 68.1]
['2018-09-26', 68.64, 70.64, 67.34, 69.44]
['2018-09-27', 69.78, 71.36, 68.23, 69.61]
['2018-09-28', 69.54, 73.24, 69.19, 71.05]
['2018-10-01', 71.54, 72.35, 68.42, 68.93]
['2018-10-02', 69.08, 69.25, 65.53, 66.61]
['2018-10-03', 66.7, 66.7, 64.01, 65.41]
['2018-10-04', 65.19, 65.33, 61.53, 62.36]
['2018-10-05', 62.38, 64.39, 61.72, 63.39]
['2018-10-08', 62.52, 64.64, 61.11, 62.78]
['2018-10-09', 62.28, 64.09, 61.8, 62.2]
['2018-10-10', 62.03, 62.46, 60.42, 60.81]
['2018-10-11', 60.14, 61.94, 60.09, 60.34]
['2018-10-12', 61.23, 63.5, 60.16, 62.2]
['2018-10-15', 61.72, 62.54, 60.43, 62.12]
['2018-10-16', 62.74, 67.23, 62.41, 66.26]
['2018-10-17', 66.18, 66.64, 63.58, 66.41]
['2018-10-18', 65.82, 67.33, 64.95, 66.09]
['2018-10-19', 65.3, 65.9, 62.84, 64.47]
['2018-10-22', 64.88, 65.55, 62.66, 64.51]
['2018-10-23', 63.51, 66.1, 61.68, 66.01]
['2018-10-24', 65.89, 68.0, 63.48, 63.9]
['2018-10-25', 64.4, 64.67, 62.16, 63.29]
['2018-10-26', 62.38, 63.58, 60.31, 62.71]
['2018-10-29', 62.69, 65.21, 62.59, 63.73]
['2018-10-30', 63.59, 66.22, 63.35, 66.07]
['2018-10-31', 67.43, 68.22, 65.37, 65.48]
['2018-11-01', 65.29, 67.22, 64.94, 66.18]
['2018-11-02', 66.98, 68.29, 66.17, 66.34]
['2018-11-05', 66.34, 67.13, 64.31, 65.16]
['2018-11-06', 61.0, 62.0, 54.49, 61.08]
['2018-11-07', 61.25, 64.0, 61.1, 62.99]
['2018-11-08', 62.69, 62.91, 60.23, 61.98]
['2018-11-09', 61.01, 62.98, 60.62, 62.64]
['2018-11-12', 62.96, 63.5, 59.86, 60.92]
['2018-11-13', 61.38, 61.6, 60.39, 60.7]
['2018-11-14', 61.3, 61.91, 57.7, 57.79]
['2018-11-15', 56.66, 59.27, 56.03, 58.57]
['2018-11-16', 58.22, 61.1, 56.98, 58.52]
['2018-11-19', 58.31, 59.0, 54.96, 55.02]
['2018-11-20', 54.22, 55.14, 53.22, 54.2]
['2018-11-21', 54.36, 54.88, 52.5, 53.61]
['2018-11-23', 53.84, 56.04, 53.84, 54.67]
['2018-11-26', 55.14, 55.8, 54.05, 54.37]
['2018-11-27', 53.94, 56.15, 52.81, 53.31]
['2018-11-28', 53.54, 54.55, 52.03, 54.38]
['2018-11-29', 53.95, 56.69, 53.05, 55.88]
['2018-11-30', 55.7, 56.98, 55.7, 56.24]
['2018-12-03', 57.06, 57.97, 55.54, 57.56]
['2018-12-04', 57.23, 59.15, 54.04, 54.24]
['2018-12-06', 53.19, 55.27, 53.1, 54.67]
['2018-12-07', 54.63, 56.1, 50.84, 53.51]
['2018-12-10', 53.61, 53.66, 52.36, 53.18]
['2018-12-11', 53.63, 53.63, 51.72, 52.59]
['2018-12-12', 52.97, 54.07, 52.59, 53.19]
['2018-12-13', 53.53, 53.74, 51.78, 52.09]
['2018-12-14', 51.22, 52.94, 50.03, 50.47]
['2018-12-17', 49.85, 50.08, 47.41, 47.87]
['2018-12-18', 48.03, 48.03, 44.72, 44.72]
['2018-12-19', 44.96, 47.22, 44.39, 45.06]
['2018-12-20', 44.81, 45.65, 42.14, 43.78]
['2018-12-21', 43.97, 44.0, 41.97, 42.25]
['2018-12-24', 41.76, 42.8, 37.4, 41.79]
['2018-12-26', 42.11, 43.72, 41.0, 43.53]
['2018-12-27', 42.9, 43.66, 41.72, 43.66]
['2018-12-28', 43.65, 44.63, 42.37, 43.83]
['2018-12-31', 44.18, 47.79, 43.53, 45.55]
['2019-01-02', 45.42, 45.56, 44.06, 44.59]
['2019-01-03', 44.41, 44.75, 42.61, 43.12]
['2019-01-04', 43.72, 46.88, 43.72, 46.05]
['2019-01-07', 46.1, 47.54, 45.03, 47.35]
['2019-01-08', 51.0, 60.78, 50.91, 59.73]
['2019-01-09', 59.73, 60.51, 58.51, 60.09]
['2019-01-10', 59.65, 61.79, 58.95, 61.44]
['2019-01-11', 61.77, 62.67, 60.61, 62.13]
['2019-01-14', 61.7, 62.09, 60.12, 60.38]
['2019-01-15', 59.49, 60.92, 58.73, 59.59]
['2019-01-16', 59.66, 61.51, 59.3, 61.37]
['2019-01-17', 60.85, 62.7, 60.14, 62.35]
['2019-01-18', 62.55, 64.93, 62.55, 63.21]
['2019-01-22', 62.71, 63.63, 61.78, 62.14]
['2019-01-23', 62.53, 64.69, 62.15, 64.21]
['2019-01-24', 64.39, 66.2, 64.11, 65.42]
['2019-01-25', 65.73, 66.19, 64.52, 65.26]
['2019-01-28', 64.46, 64.97, 63.14, 64.5]
['2019-01-29', 64.6, 65.42, 64.1, 64.92]
['2019-01-30', 65.09, 66.67, 65.0, 66.32]
['2019-01-31', 66.31, 68.15, 66.01, 66.58]
['2019-02-01', 66.04, 68.25, 66.04, 67.6]
['2019-02-04', 67.57, 68.25, 67.03, 68.23]
['2019-02-05', 68.25, 69.65, 67.68, 68.28]
['2019-02-06', 68.23, 68.62, 66.98, 68.57]
['2019-02-07', 67.88, 69.61, 67.69, 68.65]
['2019-02-08', 68.5, 69.4, 67.26, 68.97]
['2019-02-11', 68.61, 70.32, 68.61, 69.19]
['2019-02-12', 69.68, 70.71, 67.04, 70.62]
['2019-02-13', 70.22, 72.2, 70.08, 71.74]
['2019-02-14', 71.58, 71.68, 68.84, 69.44]
['2019-02-15', 69.44, 70.91, 68.75, 70.66]
['2019-02-19', 70.23, 75.46, 70.23, 74.11]
['2019-02-20', 74.02, 76.63, 72.93, 73.5]
['2019-02-21', 73.51, 74.46, 73.04, 73.8]
['2019-02-22', 74.66, 74.98, 73.64, 74.49]
['2019-02-25', 75.12, 76.44, 75.08, 76.29]
['2019-02-26', 75.9, 76.15, 73.69, 73.76]
['2019-02-27', 73.58, 74.6, 71.0, 72.67]
['2019-02-28', 72.64, 76.38, 71.11, 76.01]
['2019-03-01', 69.0, 75.74, 69.0, 72.99]
['2019-03-04', 73.68, 74.43, 71.69, 72.64]
['2019-03-05', 71.97, 75.21, 71.08, 74.79]
['2019-03-06', 74.42, 74.88, 72.18, 72.84]
['2019-03-07', 73.06, 73.41, 71.73, 72.79]
['2019-03-08', 72.35, 73.14, 71.27, 72.1]
['2019-03-11', 72.25, 73.69, 71.66, 72.81]
['2019-03-12', 70.36, 71.71, 65.02, 66.14]
['2019-03-13', 65.73, 66.63, 61.42, 62.5]
['2019-03-14', 61.72, 63.23, 61.38, 62.93]
['2019-03-15', 62.7, 64.54, 62.15, 63.19]
['2019-03-18', 63.07, 64.06, 61.54, 62.19]
['2019-03-19', 62.62, 63.22, 60.52, 61.46]
['2019-03-20', 61.58, 61.63, 59.71, 60.1]
['2019-03-21', 59.98, 61.45, 59.85, 60.85]
['2019-03-22', 60.6, 60.64, 54.31, 55.57]
['2019-03-25', 55.57, 56.81, 54.32, 55.98]
['2019-03-26', 56.58, 56.58, 53.09, 53.25]
['2019-03-27', 53.22, 53.86, 50.11, 52.39]
['2019-03-28', 52.81, 53.86, 51.68, 52.54]
['2019-03-29', 53.0, 53.49, 52.28, 52.72]
['2019-04-01', 53.03, 53.49, 51.03, 51.9]
['2019-04-02', 51.89, 53.9, 50.67, 53.25]
['2019-04-03', 53.68, 54.67, 52.98, 53.51]
['2019-04-04', 53.51, 54.26, 52.61, 53.01]
['2019-04-05', 53.24, 53.55, 51.44, 52.75]
['2019-04-08', 52.65, 52.81, 51.8, 52.68]
['2019-04-09', 52.47, 54.0, 51.98, 52.3]
['2019-04-10', 52.6, 54.92, 52.43, 53.73]
['2019-04-11', 53.97, 55.09, 52.99, 54.13]
['2019-04-12', 54.6, 55.08, 52.51, 53.17]
['2019-04-15', 52.98, 54.36, 52.35, 52.49]
['2019-04-16', 52.45, 54.37, 52.12, 54.08]
['2019-04-17', 54.34, 54.34, 49.45, 50.14]
['2019-04-18', 49.83, 52.48, 47.28, 48.28]
['2019-04-22', 48.0, 49.03, 47.6, 48.82]
['2019-04-23', 49.1, 49.74, 48.3, 48.8]
['2019-04-24', 48.8, 50.28, 47.91, 49.0]
['2019-04-25', 48.81, 49.76, 47.8, 48.52]
['2019-04-26', 48.42, 49.3, 48.1, 49.05]
['2019-04-29', 49.33, 51.29, 49.19, 49.53]
['2019-04-30', 49.63, 52.03, 48.29, 49.76]
['2019-05-01', 49.97, 50.89, 48.87, 49.9]
['2019-05-02', 49.85, 51.62, 49.85, 51.14]
['2019-05-03', 51.6, 53.72, 51.09, 53.38]
['2019-05-06', 54.89, 55.62, 52.13, 55.59]
['2019-05-07', 57.98, 57.98, 53.38, 55.77]
['2019-05-08', 55.28, 58.4, 54.5, 57.93]
['2019-05-09', 57.34, 58.4, 56.12, 58.02]
['2019-05-10', 57.9, 58.09, 55.25, 55.49]
['2019-05-13', 54.46, 55.0, 51.46, 52.47]
['2019-05-14', 52.65, 53.06, 51.42, 51.47]
['2019-05-15', 51.49, 51.69, 50.01, 50.21]
['2019-05-16', 50.16, 51.43, 50.16, 50.93]
['2019-05-17', 50.39, 51.18, 49.36, 49.54]
['2019-05-20', 49.01, 49.82, 47.74, 49.61]
['2019-05-21', 49.85, 50.37, 49.05, 49.96]
['2019-05-22', 49.76, 50.35, 48.65, 49.64]
['2019-05-23', 49.07, 50.0, 48.02, 48.49]
['2019-05-24', 48.64, 49.66, 47.54, 49.56]
['2019-05-28', 49.66, 50.97, 48.97, 49.13]
['2019-05-29', 48.76, 49.46, 47.51, 48.8]
['2019-05-30', 48.86, 50.35, 48.38, 50.04]
['2019-05-31', 49.38, 49.92, 47.31, 48.03]
['2019-06-03', 48.12, 49.96, 47.48, 49.52]
['2019-06-04', 49.91, 51.18, 49.52, 51.09]
['2019-06-05', 51.28, 51.6, 50.37, 50.93]
['2019-06-06', 50.93, 54.24, 50.93, 53.62]
['2019-06-07', 53.89, 54.44, 51.55, 52.58]
['2019-06-10', 52.83, 54.21, 52.74, 53.63]
['2019-06-11', 53.8, 54.71, 51.02, 51.66]
['2019-06-12', 51.59, 52.8, 51.18, 52.49]
['2019-06-13', 52.75, 54.96, 52.75, 54.23]
['2019-06-14', 54.57, 54.57, 52.17, 53.27]
['2019-06-17', 53.07, 53.78, 52.25, 53.56]
['2019-06-18', 53.8, 55.9, 53.8, 55.4]
['2019-06-19', 55.69, 56.04, 54.5, 55.88]
['2019-06-20', 56.02, 56.38, 54.53, 56.04]
['2019-06-21', 55.59, 56.62, 53.88, 54.99]
['2019-06-24', 55.33, 56.26, 54.04, 54.41]
['2019-06-25', 54.39, 54.98, 53.03, 53.95]
['2019-06-26', 54.29, 54.5, 52.11, 52.5]
['2019-06-27', 52.38, 54.24, 52.21, 54.01]
['2019-06-28', 54.0, 57.98, 53.75, 56.92]
['2019-07-01', 57.71, 58.24, 55.92, 57.25]
['2019-07-02', 57.32, 57.49, 55.92, 56.4]
['2019-07-03', 56.78, 57.7, 56.41, 56.99]
['2019-07-05', 56.58, 57.47, 56.44, 57.16]
['2019-07-08', 56.82, 56.83, 54.94, 55.43]
['2019-07-09', 55.05, 56.15, 54.96, 56.0]
['2019-07-10', 56.24, 57.17, 54.56, 55.58]
['2019-07-11', 55.31, 55.74, 54.14, 55.07]
['2019-07-12', 54.97, 55.16, 53.74, 54.99]
['2019-07-15', 54.79, 55.38, 54.15, 54.84]
['2019-07-16', 54.81, 56.19, 54.74, 55.41]
['2019-07-17', 55.55, 55.55, 54.05, 54.11]
['2019-07-18', 54.13, 54.73, 53.6, 54.31]
['2019-07-19', 54.23, 55.69, 53.57, 53.59]
['2019-07-22', 53.83, 54.19, 52.33, 52.62]
['2019-07-23', 52.5, 53.3, 51.24, 52.92]
['2019-07-24', 52.81, 54.42, 52.4, 54.28]
['2019-07-25', 54.34, 55.36, 53.42, 53.65]
['2019-07-26', 54.03, 55.42, 53.2, 55.04]
['2019-07-29', 55.06, 55.45, 53.19, 54.53]
['2019-07-30', 53.9, 55.92, 53.9, 55.86]
['2019-07-31', 55.97, 58.54, 55.97, 57.74]
['2019-08-01', 58.01, 58.49, 55.47, 55.9]
['2019-08-02', 55.66, 55.9, 52.94, 54.53]
['2019-08-05', 53.56, 55.91, 53.11, 55.15]
['2019-08-06', 59.25, 59.33, 48.1, 49.3]
['2019-08-07', 52.47, 52.47, 48.58, 51.23]
['2019-08-08', 51.13, 53.03, 51.13, 51.95]
['2019-08-09', 51.96, 52.94, 50.03, 50.36]
['2019-08-12', 50.03, 50.36, 48.33, 49.99]
['2019-08-13', 49.73, 50.96, 49.67, 50.76]
['2019-08-14', 50.05, 50.76, 48.69, 49.63]
['2019-08-15', 49.35, 49.76, 47.67, 49.1]
['2019-08-16', 49.47, 51.63, 48.84, 51.44]
['2019-08-19', 52.4, 52.58, 50.59, 50.69]
['2019-08-20', 50.69, 51.58, 50.47, 50.7]
['2019-08-21', 51.32, 51.4, 49.93, 50.84]
['2019-08-22', 50.85, 51.53, 50.09, 50.37]
['2019-08-23', 50.32, 50.73, 48.16, 48.4]
['2019-08-26', 48.99, 49.35, 47.93, 48.83]
['2019-08-27', 49.1, 49.5, 48.02, 48.11]
['2019-08-28', 47.96, 49.74, 47.6, 49.53]
['2019-08-29', 49.97, 50.49, 49.26, 49.83]
['2019-08-30', 49.82, 50.98, 49.48, 50.44]
['2019-09-03', 50.03, 50.32, 48.25, 48.89]
['2019-09-04', 49.35, 49.64, 47.95, 48.39]
['2019-09-05', 48.99, 49.35, 48.07, 48.55]
['2019-09-06', 48.76, 49.05, 47.6, 48.76]
['2019-09-09', 48.78, 49.55, 47.75, 49.25]
['2019-09-10', 49.21, 50.76, 47.83, 50.43]
['2019-09-11', 50.54, 51.51, 49.68, 50.49]
['2019-09-12', 50.11, 52.85, 50.11, 52.47]
['2019-09-13', 52.88, 53.32, 51.97, 52.72]
['2019-09-16', 51.98, 54.76, 51.98, 54.59]
['2019-09-17', 54.45, 55.98, 53.91, 54.12]
['2019-09-18', 54.18, 54.18, 50.71, 51.27]
['2019-09-19', 51.43, 52.14, 49.37, 49.97]
['2019-09-20', 49.78, 50.5, 48.94, 49.39]
['2019-09-23', 49.22, 49.67, 46.07, 47.52]
['2019-09-24', 47.73, 48.06, 45.76, 45.96]
['2019-09-25', 46.16, 47.33, 45.14, 45.31]
['2019-09-26', 45.11, 46.42, 43.25, 43.31]
['2019-09-27', 43.48, 44.38, 42.4, 42.91]
['2019-09-30', 42.82, 43.47, 41.68, 42.32]
['2019-10-01', 42.42, 42.9, 41.1, 41.39]
['2019-10-02', 41.15, 41.85, 40.62, 41.65]
['2019-10-03', 41.53, 43.14, 40.87, 42.98]
['2019-10-04', 43.12, 44.24, 42.19, 42.74]
['2019-10-07', 42.62, 43.87, 42.21, 43.49]
['2019-10-08', 43.2, 43.72, 42.52, 43.05]
['2019-10-09', 43.34, 43.34, 42.3, 42.53]
['2019-10-10', 42.29, 43.79, 42.04, 43.45]
['2019-10-11', 43.96, 45.36, 43.96, 45.07]
['2019-10-14', 44.92, 45.54, 44.48, 45.24]
['2019-10-15', 45.07, 46.38, 44.97, 46.13]
['2019-10-16', 46.01, 47.05, 45.69, 46.72]
['2019-10-17', 47.09, 48.91, 46.88, 48.63]
['2019-10-18', 48.62, 48.78, 46.69, 47.06]
['2019-10-21', 47.63, 47.63, 45.0, 46.68]
['2019-10-22', 47.13, 47.51, 44.36, 44.81]
['2019-10-23', 44.65, 46.29, 44.58, 45.44]
['2019-10-24', 45.38, 46.82, 44.4, 44.85]
['2019-10-25', 44.73, 45.58, 44.44, 44.88]
['2019-10-28', 45.31, 46.93, 45.31, 46.0]
['2019-10-29', 45.87, 46.35, 45.52, 45.69]
['2019-10-30', 45.75, 45.88, 44.63, 44.85]
['2019-10-31', 44.96, 46.52, 44.91, 45.42]
['2019-11-01', 45.94, 46.83, 45.76, 46.36]
['2019-11-04', 47.0, 48.2, 46.62, 47.79]
['2019-11-05', 48.11, 52.65, 44.91, 49.99]
['2019-11-06', 49.27, 51.99, 49.17, 51.02]
['2019-11-07', 51.27, 52.35, 50.58, 52.1]
['2019-11-08', 51.83, 52.89, 51.14, 52.1]
['2019-11-11', 51.8, 51.95, 50.49, 51.52]
['2019-11-12', 51.41, 52.84, 50.54, 52.8]
['2019-11-13', 52.17, 54.08, 51.65, 53.34]
['2019-11-14', 53.38, 53.91, 53.03, 53.6]
['2019-11-15', 53.9, 55.99, 53.37, 55.77]
['2019-11-18', 56.09, 57.93, 55.25, 57.14]
['2019-11-19', 57.28, 58.11, 56.4, 58.03]
['2019-11-20', 57.9, 58.94, 57.6, 58.31]
['2019-11-21', 58.21, 59.71, 57.94, 59.65]
['2019-11-22', 59.9, 61.03, 59.02, 60.87]
['2019-11-25', 61.25, 62.75, 61.01, 62.67]
['2019-11-26', 62.78, 64.19, 62.1, 63.06]
['2019-11-27', 63.32, 64.47, 62.97, 64.19]
['2019-11-29', 64.23, 65.0, 63.81, 64.21]
['2019-12-02', 64.27, 64.54, 61.95, 62.0]
['2019-12-03', 61.2, 62.34, 60.74, 61.3]
['2019-12-04', 61.6, 63.32, 61.43, 62.95]
['2019-12-05', 63.09, 63.8, 62.41, 62.74]
['2019-12-06', 63.16, 64.66, 63.16, 63.98]
['2019-12-09', 63.77, 64.48, 63.31, 64.06]
['2019-12-10', 63.94, 65.18, 63.67, 64.73]
['2019-12-11', 65.17, 65.78, 64.73, 65.25]
['2019-12-12', 65.04, 67.97, 65.04, 67.28]
['2019-12-13', 67.26, 68.24, 66.88, 67.37]
['2019-12-16', 67.71, 69.2, 67.29, 68.07]
['2019-12-17', 68.09, 68.65, 67.28, 68.63]
['2019-12-18', 68.95, 69.45, 67.4, 68.07]
['2019-12-19', 68.43, 68.57, 67.64, 68.52]
['2019-12-20', 68.67, 69.65, 68.5, 69.31]
['2019-12-23', 69.26, 71.65, 68.35, 70.32]
['2019-12-24', 70.65, 71.05, 69.04, 70.99]
['2019-12-26', 71.05, 71.05, 68.32, 69.64]
['2019-12-27', 69.93, 69.93, 67.75, 68.33]
['2019-12-30', 68.08, 68.38, 66.54, 67.26]
['2019-12-31', 67.19, 68.16, 66.55, 67.51]
['2020-01-02', 68.15, 68.15, 64.38, 66.76]
['2020-01-03', 66.18, 67.88, 65.85, 67.09]
['2020-01-06', 66.59, 67.5, 65.51, 67.11]
['2020-01-07', 67.04, 67.3, 65.5, 66.81]
['2020-01-08', 66.97, 68.54, 66.36, 68.1]
['2020-01-09', 68.45, 69.29, 67.51, 69.01]
['2020-01-10', 68.77, 70.18, 68.57, 70.0]
['2020-01-13', 68.84, 70.0, 62.98, 63.0]
['2020-01-14', 63.05, 64.07, 61.35, 63.42]
['2020-01-15', 63.12, 63.64, 61.76, 62.0]
['2020-01-16', 62.0, 63.8, 61.9, 63.5]
['2020-01-17', 64.0, 64.11, 60.35, 60.82]
['2020-01-21', 60.23, 60.67, 58.74, 58.93]
['2020-01-22', 59.32, 59.32, 57.3, 57.78]
['2020-01-23', 57.21, 58.88, 56.19, 58.27]
['2020-01-24', 58.19, 58.19, 55.36, 57.11]
['2020-01-27', 56.19, 58.12, 56.05, 56.72]
['2020-01-28', 56.81, 57.73, 56.31, 57.51]
['2020-01-29', 57.53, 58.25, 57.15, 57.7]
['2020-01-30', 57.23, 58.0, 56.32, 57.01]
['2020-01-31', 56.95, 57.03, 55.77, 56.19]
['2020-02-03', 56.34, 57.62, 56.34, 56.78]
['2020-02-04', 57.64, 58.9, 57.62, 58.03]
['2020-02-05', 58.66, 60.2, 58.31, 59.66]
['2020-02-06', 59.17, 61.3, 59.17, 61.21]
['2020-02-07', 60.82, 61.31, 58.59, 59.05]
['2020-02-10', 58.63, 61.07, 58.63, 61.04]
['2020-02-11', 61.21, 62.9, 61.12, 62.72]
['2020-02-12', 63.32, 63.71, 62.29, 63.33]
['2020-02-13', 62.97, 64.48, 62.71, 64.07]
['2020-02-14', 64.01, 64.01, 62.34, 63.6]
['2020-02-18', 63.41, 64.97, 62.74, 64.84]
['2020-02-19', 64.79, 65.46, 63.8, 64.06]
['2020-02-20', 63.62, 64.14, 62.61, 62.97]
['2020-02-21', 62.74, 62.74, 60.03, 60.1]
['2020-02-24', 57.93, 57.93, 56.02, 56.09]
['2020-02-25', 55.75, 57.87, 53.49, 54.24]
['2020-02-26', 54.59, 55.17, 52.75, 54.12]
['2020-02-27', 56.6, 56.6, 45.9, 52.7]
['2020-02-28', 50.44, 51.96, 49.66, 50.41]
['2020-03-02', 50.85, 51.39, 49.29, 50.84]
['2020-03-03', 50.95, 52.99, 48.88, 49.86]
['2020-03-04', 50.81, 51.28, 49.11, 50.5]
['2020-03-05', 49.42, 50.31, 46.65, 47.02]
['2020-03-06', 45.57, 46.99, 44.66, 45.66]
['2020-03-09', 42.3, 44.16, 41.08, 42.89]
['2020-03-10', 43.75, 45.76, 42.45, 45.25]
['2020-03-11', 43.93, 45.19, 40.97, 42.58]
['2020-03-12', 39.71, 42.48, 38.42, 38.54]
['2020-03-13', 40.68, 41.44, 36.48, 39.88]
['2020-03-16', 36.42, 37.12, 34.25, 34.79]
['2020-03-17', 35.49, 36.72, 33.06, 36.09]
['2020-03-18', 33.96, 36.56, 29.6, 33.4]
['2020-03-19', 33.79, 36.51, 31.69, 32.03]
['2020-03-20', 32.4, 34.55, 30.53, 31.0]
['2020-03-23', 31.52, 32.47, 29.47, 31.58]
['2020-03-24', 33.42, 37.53, 32.31, 37.16]
['2020-03-25', 36.91, 40.0, 34.38, 38.14]
['2020-03-26', 38.64, 42.02, 37.98, 40.17]
['2020-03-27', 38.88, 41.0, 37.99, 38.95]
['2020-03-30', 38.81, 41.37, 38.78, 40.79]
['2020-03-31', 40.61, 41.48, 39.51, 40.16]
['2020-04-01', 38.68, 41.09, 36.21, 37.7]
['2020-04-02', 37.36, 38.56, 35.01, 37.66]
['2020-04-03', 37.19, 38.33, 35.07, 35.83]
['2020-04-06', 36.84, 39.44, 36.84, 38.56]
['2020-04-07', 39.84, 43.12, 38.58, 42.57]
['2020-04-08', 43.35, 45.75, 42.18, 45.57]
['2020-04-09', 46.5, 48.54, 45.37, 48.54]
['2020-04-13', 47.26, 48.78, 46.59, 47.67]
['2020-04-14', 49.22, 49.94, 46.66, 49.64]
['2020-04-15', 49.6, 50.21, 45.18, 46.95]
['2020-04-16', 46.85, 47.04, 45.56, 46.5]
['2020-04-17', 48.0, 50.07, 47.45, 49.97]
['2020-04-20', 48.87, 50.78, 48.63, 49.27]
['2020-04-21', 48.07, 50.21, 47.47, 49.82]
['2020-04-22', 50.49, 50.95, 49.09, 49.45]
['2020-04-23', 49.8, 53.82, 49.56, 52.82]
['2020-04-24', 53.31, 53.83, 51.81, 52.7]
['2020-04-27', 52.66, 54.26, 52.66, 53.42]
['2020-04-28', 54.6, 55.46, 53.24, 53.61]
['2020-04-29', 54.89, 57.13, 54.14, 55.26]
['2020-04-30', 54.16, 55.38, 51.62, 51.62]
['2020-05-01', 50.2, 50.2, 47.11, 48.72]
['2020-05-04', 45.68, 50.75, 42.47, 48.64]
['2020-05-05', 49.24, 50.08, 48.1, 48.25]
['2020-05-06', 48.55, 49.78, 47.61, 47.65]
['2020-05-07', 48.45, 48.83, 47.29, 48.62]
['2020-05-08', 49.29, 50.5, 49.06, 50.3]
['2020-05-11', 49.22, 51.87, 48.83, 51.41]
['2020-05-12', 51.65, 52.28, 50.42, 50.54]
['2020-05-13', 49.94, 50.34, 44.44, 46.26]
['2020-05-14', 45.04, 47.89, 45.04, 47.61]
['2020-05-15', 47.39, 49.51, 46.87, 49.19]
['2020-05-18', 50.96, 52.43, 49.38, 50.21]
['2020-05-19', 49.76, 51.42, 49.56, 50.03]
['2020-05-20', 50.91, 51.5, 50.01, 50.71]
['2020-05-21', 50.39, 50.6, 46.9, 47.12]
['2020-05-22', 47.55, 49.8, 46.56, 49.13]
