['2014-03-28', 13.0, 14.35, 11.77, 13.98]
['2014-03-31', 14.49, 14.82, 13.61, 13.65]
['2014-04-01', 13.65, 14.15, 13.65, 14.06]
['2014-04-02', 14.1, 15.61, 13.93, 15.61]
['2014-04-03', 15.85, 15.89, 13.27, 14.15]
['2014-04-04', 13.89, 14.19, 13.0, 13.06]
['2014-04-07', 13.05, 13.39, 12.83, 12.99]
['2014-04-08', 13.24, 13.28, 12.86, 13.01]
['2014-04-09', 13.31, 13.31, 12.67, 12.97]
['2014-04-10', 12.89, 13.19, 12.52, 13.08]
['2014-04-11', 13.27, 13.27, 12.57, 12.94]
['2014-04-14', 13.3, 13.3, 12.82, 12.85]
['2014-04-15', 13.4, 13.4, 12.0, 12.6]
['2014-04-16', 12.02, 12.74, 12.02, 12.52]
['2014-04-17', 12.4, 13.19, 12.28, 13.06]
['2014-04-21', 13.3, 13.3, 12.95, 13.1]
['2014-04-22', 13.34, 14.65, 13.34, 14.17]
['2014-04-23', 14.33, 14.86, 14.17, 14.4]
['2014-04-24', 14.52, 14.77, 14.2, 14.7]
['2014-04-25', 14.71, 14.95, 14.3, 14.86]
['2014-04-28', 14.67, 15.51, 14.38, 15.02]
['2014-04-29', 14.97, 15.34, 14.51, 14.98]
['2014-04-30', 15.2, 15.25, 14.53, 14.92]
['2014-05-01', 14.8, 15.39, 14.79, 15.34]
['2014-05-02', 15.39, 15.75, 15.07, 15.18]
['2014-05-05', 14.97, 15.33, 14.96, 15.15]
['2014-05-06', 15.0, 15.49, 14.5, 14.85]
['2014-05-07', 15.09, 15.74, 12.33, 12.5]
['2014-05-08', 12.95, 13.36, 12.02, 12.09]
['2014-05-09', 12.09, 12.85, 10.52, 10.93]
['2014-05-12', 10.76, 11.21, 10.6, 10.77]
['2014-05-13', 10.75, 13.73, 10.75, 13.35]
['2014-05-14', 13.23, 14.29, 13.0, 13.67]
['2014-05-15', 13.68, 13.68, 13.15, 13.46]
['2014-05-16', 13.21, 13.72, 13.16, 13.5]
['2014-05-19', 13.65, 13.75, 13.47, 13.55]
['2014-05-20', 13.45, 13.64, 13.15, 13.4]
['2014-05-21', 13.44, 13.74, 13.38, 13.58]
['2014-05-22', 13.54, 13.7, 13.3, 13.34]
['2014-05-23', 13.37, 13.51, 13.17, 13.28]
['2014-05-27', 13.29, 13.79, 13.27, 13.63]
['2014-05-28', 13.59, 14.26, 13.55, 13.59]
['2014-05-29', 13.71, 14.45, 13.54, 14.24]
['2014-05-30', 13.98, 14.54, 13.98, 14.44]
['2014-06-02', 14.39, 14.7, 14.3, 14.63]
['2014-06-03', 14.34, 14.41, 13.67, 13.85]
['2014-06-04', 13.89, 13.89, 13.14, 13.2]
['2014-06-05', 13.3, 14.0, 13.05, 13.72]
['2014-06-06', 13.67, 14.04, 13.65, 14.04]
['2014-06-09', 14.1, 14.27, 13.64, 13.71]
['2014-06-10', 13.66, 13.83, 13.03, 13.19]
['2014-06-11', 13.38, 14.14, 13.2, 14.09]
['2014-06-12', 14.24, 14.24, 13.62, 13.96]
['2014-06-13', 13.93, 14.23, 13.75, 14.01]
['2014-06-16', 14.0, 14.4, 13.86, 13.95]
['2014-06-17', 13.97, 14.69, 13.91, 14.61]
['2014-06-18', 14.57, 14.6, 14.12, 14.56]
['2014-06-19', 14.6, 14.79, 14.25, 14.79]
['2014-06-20', 14.83, 15.89, 14.64, 15.35]
['2014-06-23', 15.31, 16.75, 15.31, 16.62]
['2014-06-24', 16.65, 17.58, 16.4, 16.61]
['2014-06-25', 16.64, 16.82, 16.29, 16.64]
['2014-06-26', 16.63, 16.84, 16.32, 16.46]
['2014-06-27', 16.46, 16.77, 15.44, 15.47]
['2014-06-30', 15.7, 16.91, 15.25, 16.81]
['2014-07-01', 16.95, 16.95, 15.81, 16.08]
['2014-07-02', 16.02, 17.33, 16.02, 16.65]
['2014-07-03', 16.65, 17.01, 16.33, 16.6]
['2014-07-07', 16.61, 16.66, 15.6, 15.64]
['2014-07-08', 15.7, 15.86, 14.39, 14.77]
['2014-07-09', 14.76, 14.76, 13.78, 14.13]
['2014-07-10', 13.74, 14.36, 13.4, 14.31]
['2014-07-11', 14.33, 14.69, 14.1, 14.45]
['2014-07-14', 14.58, 14.78, 14.3, 14.5]
['2014-07-15', 14.46, 14.5, 14.03, 14.13]
['2014-07-16', 14.25, 14.25, 13.85, 13.96]
['2014-07-17', 13.89, 13.89, 13.25, 13.5]
['2014-07-18', 13.4, 13.59, 13.36, 13.5]
['2014-07-21', 13.46, 13.52, 13.07, 13.32]
['2014-07-22', 13.4, 13.73, 13.32, 13.65]
['2014-07-23', 13.72, 13.9, 13.64, 13.72]
['2014-07-24', 13.66, 13.73, 13.5, 13.56]
['2014-07-25', 13.76, 14.43, 13.53, 14.37]
['2014-07-28', 14.43, 14.55, 14.03, 14.28]
['2014-07-29', 14.39, 14.58, 14.09, 14.37]
['2014-07-30', 14.55, 14.55, 14.24, 14.41]
['2014-07-31', 14.22, 14.26, 13.96, 14.06]
['2014-08-01', 14.1, 14.1, 13.51, 13.71]
['2014-08-04', 13.72, 14.05, 13.71, 13.82]
['2014-08-05', 13.7, 13.98, 13.1, 13.64]
['2014-08-06', 13.52, 14.3, 13.27, 14.21]
['2014-08-07', 14.53, 16.7, 14.09, 16.54]
['2014-08-08', 16.6, 17.17, 16.06, 17.08]
['2014-08-11', 15.94, 16.87, 15.92, 16.82]
['2014-08-12', 16.8, 16.8, 16.1, 16.34]
['2014-08-13', 16.34, 17.0, 16.03, 16.81]
['2014-08-14', 16.84, 18.46, 16.41, 18.04]
['2014-08-15', 18.29, 18.29, 17.01, 17.87]
['2014-08-18', 18.0, 18.3, 17.9, 18.28]
['2014-08-19', 18.28, 18.81, 17.91, 18.57]
['2014-08-20', 18.41, 19.36, 17.95, 19.21]
['2014-08-21', 19.33, 19.47, 18.8, 19.4]
['2014-08-22', 19.41, 19.72, 19.36, 19.48]
['2014-08-25', 19.69, 20.2, 19.09, 19.94]
['2014-08-26', 20.05, 20.14, 19.16, 19.5]
['2014-08-27', 19.45, 19.47, 18.74, 18.75]
['2014-08-28', 18.75, 19.0, 18.43, 18.56]
['2014-08-29', 18.62, 19.0, 18.32, 18.9]
['2014-09-02', 18.98, 18.98, 18.35, 18.55]
['2014-09-03', 18.59, 18.75, 17.93, 18.03]
['2014-09-04', 18.09, 18.24, 17.13, 17.3]
['2014-09-05', 17.25, 17.38, 16.4, 16.47]
['2014-09-08', 16.41, 16.9, 16.17, 16.55]
['2014-09-09', 16.57, 16.77, 16.07, 16.1]
['2014-09-10', 16.15, 16.59, 15.76, 15.79]
['2014-09-11', 15.76, 15.91, 15.42, 15.52]
['2014-09-12', 15.6, 15.9, 15.52, 15.61]
['2014-09-15', 15.56, 16.0, 15.54, 15.79]
['2014-09-16', 15.72, 15.72, 15.19, 15.37]
['2014-09-17', 15.25, 16.32, 15.25, 15.94]
['2014-09-18', 16.07, 16.51, 15.33, 15.4]
['2014-09-19', 15.43, 15.91, 15.34, 15.37]
['2014-09-22', 15.22, 15.38, 15.0, 15.19]
['2014-09-23', 15.13, 15.52, 14.72, 14.93]
['2014-09-24', 14.85, 14.96, 14.67, 14.8]
['2014-09-25', 14.7, 15.41, 14.7, 15.21]
['2014-09-26', 15.18, 15.61, 14.83, 14.92]
['2014-09-29', 15.0, 15.89, 15.0, 15.62]
['2014-09-30', 15.71, 16.22, 15.21, 15.59]
['2014-10-01', 15.53, 16.2, 15.06, 15.16]
['2014-10-02', 15.23, 15.3, 14.91, 15.04]
['2014-10-03', 15.11, 15.63, 14.97, 15.54]
['2014-10-06', 15.57, 15.62, 15.36, 15.37]
['2014-10-07', 15.22, 15.57, 15.22, 15.5]
['2014-10-08', 15.4, 16.2, 15.4, 16.16]
['2014-10-09', 16.1, 16.1, 15.6, 16.06]
['2014-10-10', 16.24, 16.51, 15.32, 15.81]
['2014-10-13', 15.84, 16.01, 15.32, 15.64]
['2014-10-14', 15.73, 16.62, 15.39, 16.17]
['2014-10-15', 16.03, 17.28, 15.5, 17.12]
['2014-10-16', 16.66, 18.0, 16.5, 17.87]
['2014-10-17', 18.0, 18.33, 17.8, 17.9]
['2014-10-20', 17.78, 18.14, 17.48, 17.84]
['2014-10-21', 17.86, 18.0, 17.8, 17.9]
['2014-10-22', 17.97, 18.19, 17.67, 17.93]
['2014-10-23', 18.05, 18.21, 17.8, 17.97]
['2014-10-24', 18.0, 18.0, 17.71, 17.93]
['2014-10-27', 17.74, 18.0, 17.52, 17.83]
['2014-10-28', 17.84, 18.35, 17.67, 17.87]
['2014-10-29', 17.89, 18.08, 17.75, 17.93]
['2014-10-30', 17.92, 18.0, 17.79, 17.88]
['2014-10-31', 18.06, 18.51, 17.82, 18.2]
['2014-11-03', 18.17, 18.39, 17.6, 17.69]
['2014-11-04', 17.56, 17.58, 16.77, 17.37]
['2014-11-05', 18.4, 18.4, 17.42, 17.94]
['2014-11-06', 17.9, 18.05, 17.75, 17.87]
['2014-11-07', 17.9, 18.08, 17.81, 17.89]
['2014-11-10', 17.95, 18.18, 17.65, 17.83]
['2014-11-11', 17.83, 18.06, 17.58, 17.7]
['2014-11-12', 17.61, 17.85, 17.06, 17.75]
['2014-11-13', 17.7, 18.0, 17.63, 17.77]
['2014-11-14', 17.75, 18.0, 17.21, 17.27]
['2014-11-17', 17.21, 17.38, 16.21, 16.26]
['2014-11-18', 16.3, 17.61, 16.3, 17.36]
['2014-11-19', 17.3, 17.64, 16.94, 17.31]
['2014-11-20', 17.24, 17.77, 17.12, 17.68]
['2014-11-21', 17.86, 17.86, 17.31, 17.66]
['2014-11-24', 17.65, 18.19, 17.3, 18.09]
['2014-11-25', 18.02, 18.32, 17.87, 18.09]
['2014-11-26', 18.02, 18.25, 17.84, 18.12]
['2014-11-28', 18.07, 18.16, 18.01, 18.08]
['2014-12-01', 18.0, 18.25, 17.85, 18.12]
['2014-12-02', 18.35, 18.56, 18.08, 18.48]
['2014-12-03', 18.52, 18.76, 18.31, 18.55]
['2014-12-04', 18.49, 18.7, 18.22, 18.62]
['2014-12-05', 18.72, 18.72, 18.49, 18.71]
['2014-12-08', 18.6, 18.74, 18.29, 18.53]
['2014-12-09', 18.35, 18.54, 18.0, 18.54]
['2014-12-10', 18.54, 19.2, 18.26, 18.43]
['2014-12-11', 18.39, 18.76, 18.13, 18.38]
['2014-12-12', 17.96, 18.24, 17.84, 17.94]
['2014-12-15', 18.0, 18.21, 17.66, 17.89]
['2014-12-16', 17.91, 18.15, 17.77, 17.86]
['2014-12-17', 17.85, 18.21, 17.8, 18.21]
['2014-12-18', 18.25, 19.42, 18.11, 19.1]
['2014-12-19', 19.08, 19.5, 19.05, 19.35]
['2014-12-22', 19.08, 19.87, 19.08, 19.7]
['2014-12-23', 19.68, 19.99, 19.5, 19.62]
['2014-12-24', 19.57, 19.88, 19.05, 19.44]
['2014-12-26', 19.46, 19.63, 19.31, 19.53]
['2014-12-29', 19.5, 20.57, 19.22, 20.04]
['2014-12-30', 20.07, 20.52, 19.54, 19.58]
['2014-12-31', 19.58, 19.69, 19.12, 19.66]
['2015-01-02', 19.72, 19.76, 18.95, 19.48]
['2015-01-05', 19.4, 19.47, 18.73, 18.91]
['2015-01-06', 19.0, 19.09, 18.06, 18.97]
['2015-01-07', 19.02, 19.14, 18.3, 18.44]
['2015-01-08', 18.86, 19.05, 17.95, 17.97]
['2015-01-09', 17.9, 18.51, 17.86, 18.45]
['2015-01-12', 18.39, 18.53, 18.08, 18.35]
['2015-01-13', 18.43, 18.57, 17.8, 17.92]
['2015-01-14', 17.81, 17.81, 17.25, 17.5]
['2015-01-15', 17.6, 17.6, 16.69, 17.44]
['2015-01-16', 17.4, 17.82, 17.1, 17.81]
['2015-01-20', 17.89, 18.28, 17.17, 18.07]
['2015-01-21', 17.99, 18.25, 17.55, 18.01]
['2015-01-22', 18.05, 18.29, 17.78, 18.11]
['2015-01-23', 18.14, 18.33, 17.79, 18.2]
['2015-01-26', 18.07, 18.35, 17.98, 18.27]
['2015-01-27', 18.0, 18.5, 17.91, 17.97]
['2015-01-28', 18.08, 18.08, 17.23, 17.77]
['2015-01-29', 17.81, 18.27, 17.68, 17.98]
['2015-01-30', 17.85, 18.4, 17.72, 17.79]
['2015-02-02', 17.75, 18.15, 17.17, 18.11]
['2015-02-03', 18.13, 18.25, 17.6, 17.66]
['2015-02-04', 17.63, 18.03, 17.36, 17.87]
['2015-02-05', 17.81, 18.21, 17.51, 17.97]
['2015-02-06', 18.0, 18.39, 17.75, 18.2]
['2015-02-09', 18.15, 18.75, 18.15, 18.31]
['2015-02-10', 18.53, 18.53, 18.16, 18.25]
['2015-02-11', 18.29, 18.35, 17.32, 17.59]
['2015-02-12', 17.65, 17.73, 17.32, 17.49]
['2015-02-13', 17.44, 17.65, 17.08, 17.11]
['2015-02-17', 17.08, 17.15, 16.92, 17.13]
['2015-02-18', 17.1, 17.31, 17.07, 17.2]
['2015-02-19', 17.16, 17.71, 17.11, 17.49]
['2015-02-20', 17.54, 17.79, 17.28, 17.62]
['2015-02-23', 17.72, 18.0, 17.49, 17.79]
['2015-02-24', 17.72, 17.9, 17.35, 17.67]
['2015-02-25', 17.86, 17.9, 17.48, 17.88]
['2015-02-26', 17.8, 18.0, 17.51, 17.87]
['2015-02-27', 18.0, 18.89, 18.0, 18.48]
['2015-03-02', 18.4, 18.53, 18.15, 18.18]
['2015-03-03', 17.89, 18.13, 17.27, 17.86]
['2015-03-04', 17.57, 18.02, 17.29, 17.63]
['2015-03-05', 17.51, 18.12, 17.51, 17.8]
['2015-03-06', 17.75, 17.97, 17.35, 17.74]
['2015-03-09', 17.81, 18.17, 17.77, 18.05]
['2015-03-10', 18.07, 19.4, 18.0, 19.13]
['2015-03-11', 19.15, 19.3, 18.86, 19.23]
['2015-03-12', 19.25, 21.24, 19.12, 21.15]
['2015-03-13', 21.0, 21.9, 20.81, 21.46]
['2015-03-16', 21.5, 22.35, 21.2, 22.32]
['2015-03-17', 22.19, 23.13, 22.19, 22.89]
['2015-03-18', 22.58, 23.02, 22.34, 23.02]
['2015-03-19', 22.83, 23.18, 22.17, 22.29]
['2015-03-20', 22.08, 22.85, 21.41, 22.5]
['2015-03-23', 22.5, 22.73, 22.36, 22.54]
['2015-03-24', 22.48, 22.79, 22.35, 22.65]
['2015-03-25', 22.71, 23.12, 22.29, 22.63]
['2015-03-26', 22.5, 22.78, 22.3, 22.48]
['2015-03-27', 22.53, 22.71, 22.26, 22.49]
['2015-03-30', 22.47, 24.07, 22.47, 23.95]
['2015-03-31', 23.81, 25.77, 23.81, 25.58]
['2015-04-01', 25.77, 25.9, 25.28, 25.52]
['2015-04-02', 25.37, 25.7, 25.0, 25.4]
['2015-04-06', 25.25, 25.3, 24.71, 25.0]
['2015-04-07', 24.91, 25.5, 24.76, 25.0]
['2015-04-08', 25.02, 25.54, 24.77, 25.15]
['2015-04-09', 25.24, 25.24, 24.2, 24.59]
['2015-04-10', 24.51, 25.12, 24.36, 25.02]
['2015-04-13', 25.0, 25.22, 24.91, 25.22]
['2015-04-14', 25.3, 25.3, 24.96, 25.21]
['2015-04-15', 25.24, 25.45, 24.95, 25.0]
['2015-04-16', 24.95, 25.52, 24.76, 25.11]
['2015-04-17', 25.1, 25.54, 24.87, 25.5]
['2015-04-20', 25.5, 26.66, 25.43, 26.56]
['2015-04-21', 26.64, 27.31, 26.1, 26.9]
['2015-04-22', 26.94, 27.63, 26.73, 27.35]
['2015-04-23', 27.61, 28.82, 27.17, 28.77]
['2015-04-24', 28.68, 29.07, 27.83, 27.86]
['2015-04-27', 27.92, 28.4, 26.75, 26.88]
['2015-04-28', 26.94, 27.2, 26.35, 26.69]
['2015-04-29', 26.58, 26.98, 26.48, 26.6]
['2015-04-30', 26.48, 26.66, 26.36, 26.61]
['2015-05-01', 26.68, 27.31, 26.29, 27.18]
['2015-05-04', 27.35, 27.86, 26.62, 26.98]
['2015-05-05', 26.87, 27.0, 26.24, 26.41]
['2015-05-06', 26.37, 27.09, 26.21, 26.51]
['2015-05-07', 26.46, 27.43, 26.27, 26.57]
['2015-05-08', 27.48, 29.95, 26.88, 27.49]
['2015-05-11', 27.54, 28.29, 27.06, 27.75]
['2015-05-12', 27.06, 27.34, 25.5, 26.56]
['2015-05-13', 26.56, 26.6, 25.82, 26.17]
['2015-05-14', 26.37, 26.74, 25.85, 26.69]
['2015-05-15', 26.67, 26.85, 26.37, 26.83]
['2015-05-18', 26.67, 26.77, 26.03, 26.7]
['2015-05-19', 26.82, 27.25, 26.53, 27.14]
['2015-05-20', 27.21, 27.38, 26.87, 27.24]
['2015-05-21', 27.11, 27.43, 26.95, 27.27]
['2015-05-22', 27.31, 27.81, 27.31, 27.67]
['2015-05-26', 27.48, 27.82, 27.13, 27.78]
['2015-05-27', 27.9, 28.05, 27.27, 27.82]
['2015-05-28', 27.84, 27.97, 27.0, 27.85]
['2015-05-29', 27.79, 27.85, 27.51, 27.76]
['2015-06-01', 27.89, 28.31, 27.63, 28.23]
['2015-06-02', 28.2, 28.61, 28.0, 28.33]
['2015-06-03', 28.41, 28.61, 28.1, 28.58]
['2015-06-04', 28.49, 28.9, 28.31, 28.85]
['2015-06-05', 28.69, 29.33, 28.37, 28.97]
['2015-06-08', 28.9, 29.22, 28.64, 28.99]
['2015-06-09', 29.0, 29.24, 28.31, 28.75]
['2015-06-10', 28.85, 29.07, 28.46, 28.77]
['2015-06-11', 28.25, 28.67, 27.73, 28.41]
['2015-06-12', 28.38, 28.53, 27.9, 28.09]
['2015-06-15', 28.11, 29.98, 28.0, 29.85]
['2015-06-16', 29.51, 30.0, 29.05, 29.8]
['2015-06-17', 29.92, 29.99, 29.4, 29.63]
['2015-06-18', 29.81, 31.05, 29.41, 30.89]
['2015-06-19', 30.99, 31.88, 30.74, 31.09]
['2015-06-22', 31.44, 31.66, 30.07, 30.59]
['2015-06-23', 30.66, 31.02, 30.24, 30.71]
['2015-06-24', 30.4, 30.67, 29.41, 29.84]
['2015-06-25', 30.03, 30.67, 29.4, 30.58]
['2015-06-26', 30.55, 33.01, 30.5, 32.37]
['2015-06-29', 32.12, 32.39, 31.46, 31.71]
['2015-06-30', 31.88, 32.27, 31.24, 32.19]
['2015-07-01', 32.29, 32.72, 30.82, 30.83]
['2015-07-02', 30.62, 30.62, 29.8, 30.29]
['2015-07-06', 29.93, 30.86, 29.77, 30.72]
['2015-07-07', 30.67, 30.77, 29.2, 29.87]
['2015-07-08', 29.66, 29.76, 29.18, 29.53]
['2015-07-09', 29.77, 30.36, 29.69, 30.3]
['2015-07-10', 30.42, 31.64, 30.42, 31.58]
['2015-07-13', 31.64, 31.96, 31.55, 31.89]
['2015-07-14', 31.75, 32.44, 31.64, 31.99]
['2015-07-15', 32.51, 34.71, 32.1, 32.79]
['2015-07-16', 33.07, 34.03, 32.48, 33.61]
['2015-07-17', 33.49, 33.88, 32.69, 33.16]
['2015-07-20', 33.3, 33.72, 32.76, 33.0]
['2015-07-21', 33.0, 33.48, 32.78, 33.19]
['2015-07-22', 33.19, 33.72, 33.18, 33.49]
['2015-07-23', 33.68, 33.96, 33.1, 33.31]
['2015-07-24', 33.19, 33.83, 33.11, 33.66]
['2015-07-27', 33.55, 33.8, 32.98, 33.29]
['2015-07-28', 33.27, 33.56, 32.28, 33.15]
['2015-07-29', 33.09, 33.09, 31.46, 31.5]
['2015-07-30', 31.49, 32.15, 31.01, 31.66]
['2015-07-31', 31.79, 32.59, 31.5, 32.09]
['2015-08-03', 32.02, 32.13, 31.37, 31.69]
['2015-08-04', 31.65, 33.16, 31.55, 32.21]
['2015-08-05', 32.25, 33.87, 32.23, 33.82]
['2015-08-06', 33.78, 34.27, 31.0, 32.05]
['2015-08-07', 32.36, 39.59, 32.36, 38.31]
['2015-08-10', 38.5, 38.66, 37.08, 37.46]
['2015-08-11', 36.97, 37.83, 36.64, 36.74]
['2015-08-12', 36.74, 37.32, 36.15, 36.83]
['2015-08-13', 37.0, 37.73, 36.54, 37.02]
['2015-08-14', 36.66, 36.75, 35.51, 36.03]
['2015-08-17', 36.09, 36.39, 35.6, 36.0]
['2015-08-18', 36.0, 36.0, 34.9, 35.01]
['2015-08-19', 34.77, 35.53, 34.67, 35.21]
['2015-08-20', 35.0, 35.25, 34.46, 34.66]
['2015-08-21', 34.12, 34.37, 32.68, 34.02]
['2015-08-24', 32.3, 34.5, 31.22, 33.01]
['2015-08-25', 33.89, 34.76, 33.52, 34.02]
['2015-08-26', 34.77, 35.0, 33.24, 34.59]
['2015-08-27', 35.0, 35.34, 34.69, 35.15]
['2015-08-28', 35.0, 35.19, 34.4, 34.99]
['2015-08-31', 34.77, 35.47, 34.69, 34.97]
['2015-09-01', 34.44, 34.67, 33.67, 33.91]
['2015-09-02', 34.19, 35.04, 33.59, 34.96]
['2015-09-03', 35.05, 35.51, 34.36, 34.93]
['2015-09-04', 34.51, 35.1, 34.47, 34.92]
['2015-09-08', 35.41, 36.09, 35.37, 35.57]
['2015-09-09', 35.7, 36.15, 34.62, 34.82]
['2015-09-10', 34.6, 36.32, 34.53, 36.12]
['2015-09-11', 36.0, 36.19, 35.52, 36.13]
['2015-09-14', 36.14, 36.37, 35.5, 36.3]
['2015-09-15', 36.23, 36.63, 35.87, 36.14]
['2015-09-16', 36.25, 36.41, 35.05, 35.94]
['2015-09-17', 35.99, 37.32, 35.73, 36.85]
['2015-09-18', 36.5, 37.93, 36.14, 37.56]
['2015-09-21', 37.92, 39.56, 37.83, 39.45]
['2015-09-22', 39.0, 39.69, 38.36, 38.51]
['2015-09-23', 38.35, 38.61, 36.63, 37.2]
['2015-09-24', 36.9, 36.98, 34.65, 34.76]
['2015-09-25', 35.92, 37.49, 34.83, 35.21]
['2015-09-28', 35.16, 35.79, 34.82, 35.11]
['2015-09-29', 35.13, 36.26, 34.84, 35.99]
['2015-09-30', 36.29, 36.5, 34.81, 35.9]
['2015-10-01', 35.72, 35.72, 31.21, 32.2]
['2015-10-02', 31.91, 32.58, 30.88, 32.06]
['2015-10-05', 32.44, 32.44, 30.88, 32.02]
['2015-10-06', 32.02, 32.53, 30.0, 30.2]
['2015-10-07', 30.19, 30.32, 28.05, 29.89]
['2015-10-08', 29.46, 29.8, 27.94, 28.78]
['2015-10-09', 28.93, 29.8, 28.8, 29.22]
['2015-10-12', 29.03, 29.37, 23.53, 24.04]
['2015-10-13', 24.88, 26.0, 23.3, 24.23]
['2015-10-14', 23.93, 24.48, 23.3, 23.77]
['2015-10-15', 23.62, 24.08, 22.58, 23.69]
['2015-10-16', 25.41, 25.64, 24.35, 24.64]
['2015-10-19', 24.39, 24.87, 23.82, 24.07]
['2015-10-20', 23.9, 24.35, 23.43, 23.95]
['2015-10-21', 23.99, 24.19, 23.06, 23.4]
['2015-10-22', 23.4, 23.87, 22.77, 23.02]
['2015-10-23', 22.99, 23.62, 22.62, 23.07]
['2015-10-26', 22.93, 24.18, 22.91, 23.95]
['2015-10-27', 24.63, 25.84, 18.81, 21.57]
['2015-10-28', 21.49, 21.6, 20.29, 20.96]
['2015-10-29', 20.77, 21.01, 20.06, 20.84]
['2015-10-30', 20.9, 21.23, 20.75, 20.98]
['2015-11-02', 20.98, 21.08, 19.88, 20.34]
['2015-11-03', 20.48, 20.54, 20.1, 20.3]
['2015-11-04', 20.27, 20.84, 20.21, 20.83]
['2015-11-05', 20.76, 21.69, 20.6, 21.34]
['2015-11-06', 21.23, 22.21, 21.0, 21.92]
['2015-11-09', 22.05, 22.97, 21.95, 22.89]
['2015-11-10', 22.77, 25.04, 22.65, 24.65]
['2015-11-11', 24.48, 24.74, 23.48, 24.13]
['2015-11-12', 24.0, 24.37, 22.85, 22.93]
['2015-11-13', 22.77, 22.77, 21.61, 21.69]
['2015-11-16', 21.63, 21.64, 20.77, 21.56]
['2015-11-17', 21.48, 22.04, 20.95, 21.23]
['2015-11-18', 21.39, 21.93, 21.25, 21.84]
['2015-11-19', 22.18, 22.62, 21.97, 22.39]
['2015-11-20', 22.5, 22.57, 21.65, 21.9]
['2015-11-23', 21.69, 22.85, 21.48, 22.8]
['2015-11-24', 22.59, 23.6, 22.52, 23.58]
['2015-11-25', 23.49, 23.93, 23.36, 23.6]
['2015-11-27', 23.6, 23.64, 23.22, 23.45]
['2015-11-30', 23.55, 24.58, 22.88, 24.12]
['2015-12-01', 24.15, 24.65, 23.93, 24.58]
['2015-12-02', 24.4, 24.68, 24.0, 24.34]
['2015-12-03', 24.63, 24.93, 23.38, 23.54]
['2015-12-04', 23.45, 24.2, 23.19, 24.04]
['2015-12-07', 24.04, 25.34, 23.83, 25.22]
['2015-12-08', 24.92, 26.64, 24.72, 26.6]
['2015-12-09', 26.6, 27.02, 25.87, 26.28]
['2015-12-10', 26.35, 26.92, 25.84, 26.05]
['2015-12-11', 25.67, 26.54, 25.19, 25.55]
['2015-12-14', 25.76, 27.87, 25.76, 26.71]
['2015-12-15', 26.72, 27.65, 26.47, 27.6]
['2015-12-16', 27.77, 28.77, 27.42, 28.08]
['2015-12-17', 28.21, 29.0, 27.63, 28.35]
['2015-12-18', 28.27, 29.25, 27.29, 27.38]
['2015-12-21', 27.61, 28.03, 27.01, 27.67]
['2015-12-22', 27.61, 28.5, 27.3, 27.89]
['2015-12-23', 27.89, 28.48, 27.54, 28.11]
['2015-12-24', 28.22, 28.7, 28.07, 28.5]
['2015-12-28', 28.51, 28.6, 27.54, 28.56]
['2015-12-29', 28.69, 29.19, 28.25, 28.92]
['2015-12-30', 28.38, 29.45, 28.19, 28.28]
['2015-12-31', 28.13, 28.32, 27.56, 27.98]
['2016-01-04', 27.21, 27.5, 26.36, 27.04]
['2016-01-05', 26.92, 27.42, 26.28, 26.54]
['2016-01-06', 26.19, 26.53, 25.95, 26.38]
['2016-01-07', 25.84, 26.47, 24.52, 25.23]
['2016-01-08', 25.31, 25.79, 24.22, 24.32]
['2016-01-11', 24.87, 24.87, 23.22, 23.72]
['2016-01-12', 23.82, 24.1, 22.43, 23.27]
['2016-01-13', 23.4, 23.51, 21.54, 21.85]
['2016-01-14', 21.99, 22.58, 21.05, 22.32]
['2016-01-15', 21.79, 21.86, 20.48, 21.26]
['2016-01-19', 21.55, 22.16, 19.91, 20.46]
['2016-01-20', 20.15, 20.19, 18.85, 19.96]
['2016-01-21', 19.92, 20.99, 19.65, 20.48]
['2016-01-22', 20.78, 21.23, 20.39, 21.07]
['2016-01-25', 21.01, 21.49, 19.85, 20.06]
['2016-01-26', 20.02, 20.27, 18.98, 20.17]
['2016-01-27', 20.21, 20.26, 19.53, 19.62]
['2016-01-28', 19.75, 20.07, 19.26, 19.67]
['2016-01-29', 19.68, 20.31, 19.56, 20.19]
['2016-02-01', 20.27, 20.35, 19.77, 20.22]
['2016-02-02', 20.0, 20.0, 18.88, 19.15]
['2016-02-03', 19.32, 19.34, 18.1, 18.8]
['2016-02-04', 18.85, 19.38, 18.7, 19.18]
['2016-02-05', 19.2, 19.31, 17.01, 17.26]
['2016-02-08', 17.02, 17.3, 16.2, 16.6]
['2016-02-09', 16.35, 16.94, 15.56, 15.91]
['2016-02-10', 15.97, 16.32, 15.03, 15.58]
['2016-02-11', 15.13, 15.8, 14.94, 15.46]
['2016-02-12', 15.62, 16.01, 15.37, 15.97]
['2016-02-16', 16.16, 17.63, 16.15, 17.56]
['2016-02-17', 17.6, 18.85, 17.56, 18.04]
['2016-02-18', 18.14, 18.36, 17.81, 18.01]
['2016-02-19', 17.93, 18.61, 17.69, 18.28]
['2016-02-22', 18.35, 19.11, 18.15, 18.84]
['2016-02-23', 18.83, 19.1, 17.94, 18.22]
['2016-02-24', 17.97, 18.68, 17.72, 18.53]
['2016-02-25', 18.64, 19.05, 18.41, 18.9]
['2016-02-26', 20.55, 22.54, 20.11, 21.83]
['2016-02-29', 21.76, 22.92, 21.76, 22.35]
['2016-03-01', 22.38, 23.19, 22.02, 23.05]
['2016-03-02', 23.12, 23.66, 22.95, 23.35]
['2016-03-03', 23.75, 25.15, 23.51, 24.48]
['2016-03-04', 24.54, 25.64, 23.59, 23.83]
['2016-03-07', 23.8, 24.11, 23.22, 23.5]
['2016-03-08', 23.35, 23.64, 22.43, 22.55]
['2016-03-09', 22.62, 22.78, 22.12, 22.52]
['2016-03-10', 22.66, 23.24, 22.42, 23.11]
['2016-03-11', 23.15, 23.42, 22.16, 22.81]
['2016-03-14', 22.94, 22.95, 22.16, 22.48]
['2016-03-15', 22.14, 22.49, 21.7, 22.44]
['2016-03-16', 22.15, 22.69, 21.91, 22.44]
['2016-03-17', 22.46, 22.9, 22.06, 22.87]
['2016-03-18', 22.99, 23.0, 22.31, 22.46]
['2016-03-21', 22.49, 23.1, 22.33, 22.81]
['2016-03-22', 22.56, 23.0, 22.25, 22.4]
['2016-03-23', 22.21, 22.48, 21.23, 21.25]
['2016-03-24', 21.09, 21.54, 20.7, 21.49]
['2016-03-28', 21.44, 21.77, 21.23, 21.43]
['2016-03-29', 21.44, 23.02, 21.01, 22.97]
['2016-03-30', 23.08, 23.64, 22.68, 23.14]
['2016-03-31', 23.07, 23.81, 22.49, 22.6]
['2016-04-01', 22.38, 22.82, 21.76, 22.67]
['2016-04-04', 22.74, 23.34, 22.57, 22.74]
['2016-04-05', 22.47, 23.35, 22.2, 23.07]
['2016-04-06', 23.07, 23.23, 22.38, 23.12]
['2016-04-07', 23.02, 24.29, 22.25, 23.71]
['2016-04-08', 23.84, 24.12, 23.33, 23.76]
['2016-04-11', 23.79, 23.83, 23.39, 23.51]
['2016-04-12', 23.51, 23.99, 22.92, 23.71]
['2016-04-13', 23.84, 25.45, 23.8, 25.11]
['2016-04-14', 25.0, 25.18, 24.24, 24.65]
['2016-04-15', 24.63, 25.23, 24.38, 25.02]
['2016-04-18', 24.89, 25.59, 24.85, 25.42]
['2016-04-19', 25.51, 26.47, 25.32, 26.36]
['2016-04-20', 26.17, 27.06, 26.0, 26.78]
['2016-04-21', 26.91, 27.55, 26.79, 27.28]
['2016-04-22', 27.3, 28.47, 27.3, 27.75]
['2016-04-25', 27.62, 28.3, 26.81, 27.11]
['2016-04-26', 27.17, 27.57, 26.92, 27.31]
['2016-04-27', 27.25, 27.52, 26.82, 27.32]
['2016-04-28', 27.25, 28.38, 27.12, 27.82]
['2016-04-29', 27.71, 28.05, 27.37, 28.03]
['2016-05-02', 28.04, 29.1, 27.9, 28.4]
['2016-05-03', 28.15, 28.25, 27.4, 28.16]
['2016-05-04', 27.8, 28.14, 26.58, 26.97]
['2016-05-05', 26.89, 27.39, 26.32, 26.88]
['2016-05-06', 27.88, 29.25, 26.6, 28.43]
['2016-05-09', 28.29, 28.91, 28.14, 28.32]
['2016-05-10', 28.05, 28.05, 26.93, 27.3]
['2016-05-11', 26.99, 27.51, 26.57, 27.5]
['2016-05-12', 27.45, 27.65, 26.43, 26.77]
['2016-05-13', 26.58, 27.58, 26.46, 26.91]
['2016-05-16', 26.68, 27.51, 26.3, 27.35]
['2016-05-17', 27.38, 27.56, 26.47, 26.47]
['2016-05-18', 26.42, 27.38, 26.25, 27.28]
['2016-05-19', 27.14, 27.32, 26.58, 26.93]
['2016-05-20', 27.07, 27.32, 26.5, 26.86]
['2016-05-23', 26.97, 27.67, 26.85, 27.57]
['2016-05-24', 27.63, 28.0, 27.41, 27.85]
['2016-05-25', 26.59, 27.21, 26.03, 27.17]
['2016-05-26', 27.32, 27.6, 27.1, 27.46]
['2016-05-27', 27.39, 27.87, 27.39, 27.85]
['2016-05-31', 27.87, 28.02, 27.61, 27.84]
['2016-06-01', 27.8, 28.04, 27.6, 27.97]
['2016-06-02', 27.8, 28.8, 27.62, 28.43]
['2016-06-03', 28.52, 28.94, 28.25, 28.63]
['2016-06-06', 28.59, 29.36, 28.58, 29.14]
['2016-06-07', 29.14, 29.25, 28.88, 29.22]
['2016-06-08', 29.25, 29.37, 28.7, 29.26]
['2016-06-09', 29.16, 29.87, 29.08, 29.63]
['2016-06-10', 29.39, 29.67, 28.64, 28.94]
['2016-06-13', 28.77, 29.1, 28.52, 28.6]
['2016-06-14', 28.57, 28.81, 28.3, 28.45]
['2016-06-15', 28.52, 28.67, 28.09, 28.41]
['2016-06-16', 28.27, 28.61, 28.06, 28.59]
['2016-06-17', 28.59, 28.65, 28.21, 28.38]
['2016-06-20', 28.71, 29.77, 28.62, 29.26]
['2016-06-21', 29.3, 29.73, 28.91, 29.22]
['2016-06-22', 29.16, 29.3, 28.89, 29.01]
['2016-06-23', 29.33, 29.53, 29.05, 29.4]
['2016-06-24', 28.1, 29.05, 27.8, 28.69]
['2016-06-27', 28.32, 28.56, 27.49, 27.61]
['2016-06-28', 27.79, 28.87, 27.79, 28.53]
['2016-06-29', 28.78, 29.69, 28.59, 29.61]
['2016-06-30', 29.55, 29.87, 28.97, 29.41]
['2016-07-01', 29.32, 29.77, 29.19, 29.53]
['2016-07-05', 29.27, 29.75, 28.95, 29.0]
['2016-07-06', 28.78, 29.78, 28.78, 29.72]
['2016-07-07', 29.87, 32.21, 29.87, 32.11]
['2016-07-08', 32.59, 33.43, 32.36, 32.55]
['2016-07-11', 32.6, 32.91, 32.28, 32.75]
['2016-07-12', 32.96, 33.19, 32.29, 32.34]
['2016-07-13', 32.47, 32.64, 32.03, 32.42]
['2016-07-14', 32.44, 32.88, 32.22, 32.7]
['2016-07-15', 32.94, 33.49, 32.65, 32.85]
['2016-07-18', 32.92, 33.37, 32.7, 33.27]
['2016-07-19', 33.23, 34.2, 33.14, 33.49]
['2016-07-20', 33.47, 33.81, 33.12, 33.79]
['2016-07-21', 33.72, 34.06, 33.46, 33.71]
['2016-07-22', 33.71, 34.52, 33.71, 34.51]
['2016-07-25', 34.52, 35.0, 34.22, 34.89]
['2016-07-26', 35.0, 35.64, 34.81, 35.42]
['2016-07-27', 35.25, 35.58, 34.9, 35.25]
['2016-07-28', 36.0, 36.0, 34.68, 34.85]
['2016-07-29', 34.97, 35.25, 34.4, 34.98]
['2016-08-01', 35.21, 35.45, 34.74, 34.92]
['2016-08-02', 34.98, 35.0, 34.1, 34.6]
['2016-08-03', 34.5, 35.18, 34.27, 34.9]
['2016-08-04', 35.03, 35.24, 34.72, 35.01]
['2016-08-05', 35.05, 35.33, 33.25, 35.26]
['2016-08-08', 35.41, 36.36, 35.32, 35.84]
['2016-08-09', 35.75, 36.47, 34.48, 35.15]
['2016-08-10', 35.17, 35.55, 34.78, 35.01]
['2016-08-11', 35.04, 35.4, 34.82, 34.85]
['2016-08-12', 34.75, 35.22, 34.19, 34.85]
['2016-08-15', 34.77, 35.14, 34.12, 35.14]
['2016-08-16', 34.97, 35.18, 34.29, 34.9]
['2016-08-17', 34.89, 34.89, 34.49, 34.81]
['2016-08-18', 34.82, 35.25, 34.61, 35.13]
['2016-08-19', 35.03, 35.36, 34.56, 35.19]
['2016-08-22', 35.26, 35.94, 35.03, 35.67]
['2016-08-23', 35.73, 36.26, 35.6, 35.97]
['2016-08-24', 35.97, 36.1, 35.47, 35.6]
['2016-08-25', 35.5, 35.97, 35.38, 35.9]
['2016-08-26', 35.84, 36.02, 35.6, 35.93]
['2016-08-29', 35.9, 35.99, 35.3, 35.35]
['2016-08-30', 35.31, 35.83, 35.31, 35.45]
['2016-08-31', 35.45, 35.47, 35.18, 35.34]
['2016-09-01', 35.34, 35.76, 35.2, 35.75]
['2016-09-02', 35.94, 36.24, 35.69, 35.79]
['2016-09-06', 35.97, 36.17, 35.82, 35.92]
['2016-09-07', 35.94, 36.1, 34.7, 35.52]
['2016-09-08', 35.45, 36.17, 35.32, 36.08]
['2016-09-09', 35.93, 36.07, 34.1, 34.13]
['2016-09-12', 33.89, 34.72, 33.51, 34.7]
['2016-09-13', 34.39, 34.65, 33.44, 33.55]
['2016-09-14', 33.44, 33.89, 32.92, 32.98]
['2016-09-15', 32.99, 34.67, 32.68, 34.66]
['2016-09-16', 34.65, 35.25, 34.53, 35.0]
['2016-09-19', 35.3, 35.65, 34.96, 35.29]
['2016-09-20', 35.37, 35.69, 35.23, 35.47]
['2016-09-21', 35.56, 35.98, 35.51, 35.77]
['2016-09-22', 36.0, 37.73, 35.98, 37.61]
['2016-09-23', 37.39, 37.68, 37.06, 37.4]
['2016-09-26', 37.13, 37.48, 36.58, 37.04]
['2016-09-27', 37.08, 37.94, 37.06, 37.92]
['2016-09-28', 38.04, 38.89, 38.03, 38.78]
['2016-09-29', 38.91, 38.91, 37.83, 38.27]
['2016-09-30', 38.5, 38.9, 38.07, 38.29]
['2016-10-03', 38.36, 38.49, 37.43, 37.49]
['2016-10-04', 37.43, 37.79, 35.94, 36.48]
['2016-10-05', 36.44, 36.75, 36.17, 36.28]
['2016-10-06', 36.11, 36.38, 35.88, 36.19]
['2016-10-07', 36.31, 36.33, 35.32, 35.78]
['2016-10-10', 35.8, 36.6, 35.8, 36.37]
['2016-10-11', 36.26, 36.31, 35.44, 35.47]
['2016-10-12', 35.53, 35.97, 35.4, 35.71]
['2016-10-13', 35.4, 37.95, 35.18, 35.52]
['2016-10-14', 35.73, 36.15, 35.66, 35.92]
['2016-10-17', 35.69, 36.47, 34.97, 35.12]
['2016-10-18', 35.52, 35.83, 35.24, 35.47]
['2016-10-19', 35.4, 35.87, 35.28, 35.6]
['2016-10-20', 35.44, 36.04, 35.4, 35.73]
['2016-10-21', 35.39, 36.31, 35.39, 36.25]
['2016-10-24', 36.4, 36.71, 36.38, 36.69]
['2016-10-25', 36.57, 36.75, 35.9, 36.25]
['2016-10-26', 36.05, 36.72, 35.74, 35.74]
['2016-10-27', 36.27, 36.27, 34.68, 35.12]
['2016-10-28', 35.18, 35.86, 34.78, 35.03]
['2016-10-31', 35.21, 35.23, 34.47, 34.86]
['2016-11-01', 35.03, 35.1, 33.26, 33.67]
['2016-11-02', 33.5, 33.68, 32.13, 32.62]
['2016-11-03', 32.66, 32.66, 31.57, 31.7]
['2016-11-04', 33.94, 35.98, 32.53, 33.41]
['2016-11-07', 33.94, 34.47, 32.61, 32.85]
['2016-11-08', 32.85, 32.85, 31.88, 31.99]
['2016-11-09', 31.44, 32.54, 31.2, 31.99]
['2016-11-10', 32.36, 32.67, 31.28, 32.58]
['2016-11-11', 32.6, 34.72, 32.6, 34.52]
['2016-11-14', 35.05, 35.42, 34.03, 34.63]
['2016-11-15', 34.42, 34.99, 34.1, 34.73]
['2016-11-16', 34.51, 35.38, 34.17, 34.92]
['2016-11-17', 35.14, 36.19, 35.14, 35.9]
['2016-11-18', 35.91, 36.58, 35.37, 36.13]
['2016-11-21', 36.15, 36.46, 35.56, 36.42]
['2016-11-22', 36.17, 36.5, 35.88, 35.99]
['2016-11-23', 35.74, 35.99, 34.88, 35.75]
['2016-11-25', 35.74, 35.84, 34.82, 35.37]
['2016-11-28', 35.38, 35.68, 34.55, 35.55]
['2016-11-29', 35.54, 35.75, 35.08, 35.35]
['2016-11-30', 35.41, 35.42, 32.85, 33.06]
['2016-12-01', 33.03, 33.29, 31.49, 31.87]
['2016-12-02', 31.99, 32.18, 30.78, 31.16]
['2016-12-05', 31.36, 32.43, 31.07, 32.15]
['2016-12-06', 32.31, 33.24, 31.87, 33.06]
['2016-12-07', 33.2, 33.69, 32.5, 32.52]
['2016-12-08', 32.5, 33.6, 32.1, 32.9]
['2016-12-09', 33.25, 33.97, 32.45, 32.68]
['2016-12-12', 32.88, 33.12, 31.88, 32.09]
['2016-12-13', 32.29, 32.99, 32.12, 32.4]
['2016-12-14', 32.41, 32.69, 31.81, 31.99]
['2016-12-15', 32.0, 32.62, 31.76, 31.99]
['2016-12-16', 32.08, 32.35, 31.77, 32.03]
['2016-12-19', 32.23, 33.17, 32.1, 32.67]
['2016-12-20', 32.89, 33.46, 31.7, 33.05]
['2016-12-21', 33.11, 33.36, 31.82, 32.1]
['2016-12-22', 32.1, 32.1, 30.36, 30.74]
['2016-12-23', 30.72, 31.52, 30.47, 30.81]
['2016-12-27', 30.98, 30.98, 30.41, 30.55]
['2016-12-28', 30.61, 31.06, 30.23, 30.34]
['2016-12-29', 30.49, 30.68, 29.34, 29.77]
['2016-12-30', 29.87, 30.62, 29.83, 30.15]
['2017-01-03', 30.29, 30.48, 29.23, 29.62]
['2017-01-04', 29.51, 30.82, 29.51, 30.05]
['2017-01-05', 29.89, 30.76, 29.66, 30.6]
['2017-01-06', 30.84, 32.19, 30.68, 32.18]
['2017-01-09', 32.22, 33.71, 32.15, 33.47]
['2017-01-10', 33.39, 34.72, 33.39, 34.45]
['2017-01-11', 34.56, 34.91, 34.27, 34.6]
['2017-01-12', 34.46, 34.46, 33.0, 33.99]
['2017-01-13', 34.1, 34.86, 34.1, 34.84]
['2017-01-17', 34.71, 34.84, 33.62, 33.84]
['2017-01-18', 33.81, 33.92, 33.56, 33.77]
['2017-01-19', 33.71, 33.86, 33.46, 33.64]
['2017-01-20', 33.61, 33.91, 33.25, 33.89]
['2017-01-23', 33.91, 34.34, 33.28, 33.64]
['2017-01-24', 33.68, 34.54, 33.5, 34.4]
['2017-01-25', 34.69, 35.1, 34.38, 35.02]
['2017-01-26', 34.91, 35.4, 34.7, 35.07]
['2017-01-27', 35.31, 35.4, 34.49, 35.03]
['2017-01-30', 34.84, 34.94, 34.15, 34.24]
['2017-01-31', 34.21, 34.4, 33.56, 34.04]
['2017-02-01', 33.94, 33.94, 32.91, 33.73]
['2017-02-02', 33.51, 33.78, 32.77, 33.43]
['2017-02-03', 33.73, 34.33, 32.77, 34.19]
['2017-02-06', 33.99, 34.01, 33.22, 33.25]
['2017-02-07', 33.42, 33.6, 32.81, 33.03]
['2017-02-08', 32.99, 33.68, 32.94, 33.29]
['2017-02-09', 33.43, 34.4, 33.33, 34.01]
['2017-02-10', 34.15, 35.32, 34.04, 35.3]
['2017-02-13', 35.55, 35.85, 34.96, 35.06]
['2017-02-14', 34.91, 35.84, 34.59, 35.78]
['2017-02-15', 35.66, 36.0, 35.48, 35.92]
['2017-02-16', 35.81, 35.81, 34.99, 35.47]
['2017-02-17', 35.51, 36.15, 35.03, 35.93]
['2017-02-21', 35.97, 36.42, 35.66, 36.4]
['2017-02-22', 36.27, 36.7, 36.17, 36.66]
['2017-02-23', 36.86, 36.86, 35.55, 36.55]
['2017-02-24', 35.2, 37.76, 33.9, 36.52]
['2017-02-27', 36.5, 37.06, 35.82, 36.43]
['2017-02-28', 36.16, 37.37, 36.07, 36.55]
['2017-03-01', 35.14, 37.69, 35.14, 37.4]
['2017-03-02', 37.49, 38.0, 37.09, 37.87]
['2017-03-03', 37.72, 37.94, 37.18, 37.65]
['2017-03-06', 37.33, 38.04, 37.33, 37.9]
['2017-03-07', 37.88, 38.34, 37.5, 37.67]
['2017-03-08', 37.65, 37.92, 37.32, 37.51]
['2017-03-09', 37.64, 38.28, 37.59, 37.94]
['2017-03-10', 38.13, 38.63, 37.64, 38.5]
['2017-03-13', 38.56, 39.07, 37.82, 38.36]
['2017-03-14', 38.28, 38.43, 37.73, 38.33]
['2017-03-15', 38.41, 38.7, 37.92, 38.41]
['2017-03-16', 38.49, 38.74, 38.25, 38.53]
['2017-03-17', 38.4, 38.8, 38.04, 38.06]
['2017-03-20', 38.0, 38.19, 37.48, 37.94]
['2017-03-21', 38.27, 38.34, 36.76, 36.77]
['2017-03-22', 36.64, 36.87, 36.18, 36.75]
['2017-03-23', 36.66, 37.08, 36.31, 37.02]
['2017-03-24', 37.14, 37.94, 36.73, 37.66]
['2017-03-27', 37.39, 37.47, 36.3, 37.39]
['2017-03-28', 37.26, 37.46, 36.72, 37.26]
['2017-03-29', 37.03, 38.65, 37.0, 38.37]
['2017-03-30', 38.35, 38.76, 38.28, 38.71]
['2017-03-31', 38.64, 40.38, 38.58, 39.66]
['2017-04-03', 39.94, 40.65, 39.73, 40.11]
['2017-04-04', 39.77, 40.75, 39.38, 39.69]
['2017-04-05', 39.65, 42.04, 39.65, 40.17]
['2017-04-06', 40.28, 41.0, 39.89, 40.81]
['2017-04-07', 40.95, 41.8, 40.88, 41.54]
['2017-04-10', 41.8, 41.8, 41.17, 41.35]
['2017-04-11', 41.34, 42.12, 41.27, 42.03]
['2017-04-12', 42.24, 42.62, 42.03, 42.26]
['2017-04-13', 42.18, 42.63, 41.73, 41.74]
['2017-04-17', 41.96, 42.12, 41.26, 41.72]
['2017-04-18', 41.66, 42.08, 41.4, 41.82]
['2017-04-19', 42.0, 43.58, 41.85, 43.22]
['2017-04-20', 43.95, 44.42, 43.47, 43.65]
['2017-04-21', 43.81, 43.99, 43.22, 43.3]
['2017-04-24', 43.93, 44.12, 43.42, 43.55]
['2017-04-25', 43.81, 44.3, 43.24, 43.64]
['2017-04-26', 43.62, 44.82, 43.05, 44.63]
['2017-04-27', 44.9, 45.59, 44.65, 45.1]
['2017-04-28', 45.29, 45.52, 44.65, 45.4]
['2017-05-01', 45.68, 46.18, 45.1, 46.13]
['2017-05-02', 46.35, 46.35, 43.06, 44.12]
['2017-05-03', 44.27, 44.47, 43.3, 43.7]
['2017-05-04', 43.76, 44.67, 43.6, 44.38]
['2017-05-05', 45.0, 45.24, 41.38, 42.88]
['2017-05-08', 43.0, 43.35, 41.93, 42.04]
['2017-05-09', 41.93, 42.06, 41.07, 41.56]
['2017-05-10', 41.05, 41.99, 41.01, 41.59]
['2017-05-11', 41.16, 42.03, 41.01, 41.89]
['2017-05-12', 41.82, 42.08, 41.64, 41.81]
['2017-05-15', 41.9, 42.14, 41.46, 41.61]
['2017-05-16', 41.5, 42.69, 41.02, 42.67]
['2017-05-17', 42.16, 42.5, 40.62, 40.66]
['2017-05-18', 39.71, 42.46, 39.58, 42.0]
['2017-05-19', 42.19, 42.75, 41.95, 41.99]
['2017-05-22', 42.05, 43.02, 41.67, 42.99]
['2017-05-23', 43.09, 43.15, 42.17, 42.53]
['2017-05-24', 42.55, 43.21, 42.24, 43.14]
['2017-05-25', 43.29, 43.59, 42.9, 43.39]
['2017-05-26', 43.3, 43.88, 42.85, 43.57]
['2017-05-30', 43.57, 43.97, 42.41, 42.47]
['2017-05-31', 42.62, 42.85, 41.79, 42.75]
['2017-06-01', 42.9, 44.36, 42.75, 43.94]
['2017-06-02', 44.02, 45.15, 44.02, 45.0]
['2017-06-05', 45.0, 45.4, 44.37, 44.82]
['2017-06-06', 44.53, 45.24, 44.47, 44.68]
['2017-06-07', 44.57, 44.79, 43.4, 43.96]
['2017-06-08', 44.02, 45.14, 43.71, 44.86]
['2017-06-09', 45.02, 45.48, 42.56, 44.2]
['2017-06-12', 44.03, 44.03, 42.03, 42.34]
['2017-06-13', 42.65, 44.15, 42.61, 43.32]
['2017-06-14', 43.57, 44.93, 43.16, 44.71]
['2017-06-15', 44.16, 45.04, 43.61, 44.8]
['2017-06-16', 44.39, 45.35, 44.23, 44.47]
['2017-06-19', 44.58, 45.62, 44.48, 45.21]
['2017-06-20', 45.29, 45.95, 45.05, 45.3]
['2017-06-21', 45.43, 46.52, 45.43, 46.35]
['2017-06-22', 46.34, 47.44, 45.92, 47.21]
['2017-06-23', 47.1, 48.32, 46.53, 48.2]
['2017-06-26', 48.25, 48.4, 47.07, 47.87]
['2017-06-27', 47.79, 48.13, 47.11, 47.15]
['2017-06-28', 47.44, 48.01, 46.95, 47.42]
['2017-06-29', 47.39, 47.51, 45.56, 46.33]
['2017-06-30', 46.52, 47.52, 45.92, 46.92]
['2017-07-03', 47.3, 47.51, 46.26, 46.76]
['2017-07-05', 46.76, 47.3, 46.3, 46.56]
['2017-07-06', 46.09, 46.28, 44.69, 44.94]
['2017-07-07', 45.23, 46.37, 45.08, 46.24]
['2017-07-10', 46.11, 46.54, 45.67, 45.77]
['2017-07-11', 45.81, 47.07, 45.81, 46.51]
['2017-07-12', 46.9, 47.87, 46.63, 47.24]
['2017-07-13', 47.23, 47.28, 46.6, 47.02]
['2017-07-14', 47.03, 47.87, 47.02, 47.36]
['2017-07-17', 47.31, 47.77, 47.18, 47.59]
['2017-07-18', 48.02, 49.16, 47.82, 48.84]
['2017-07-19', 49.13, 49.83, 48.56, 49.73]
['2017-07-20', 49.85, 50.66, 49.74, 50.0]
['2017-07-21', 50.33, 50.59, 49.77, 50.05]
['2017-07-24', 50.12, 50.61, 49.84, 50.35]
['2017-07-25', 50.36, 50.56, 49.76, 50.26]
['2017-07-26', 50.34, 51.36, 50.29, 51.31]
['2017-07-27', 51.56, 51.65, 50.5, 51.27]
['2017-07-28', 51.11, 51.47, 49.91, 51.04]
['2017-07-31', 51.15, 51.83, 50.99, 51.75]
['2017-08-01', 51.9, 52.94, 51.72, 52.17]
['2017-08-02', 52.3, 52.3, 49.77, 49.84]
['2017-08-03', 49.96, 50.47, 49.65, 50.33]
['2017-08-04', 50.59, 50.62, 49.3, 49.54]
['2017-08-07', 49.57, 51.03, 49.46, 50.92]
['2017-08-08', 52.5, 52.5, 46.36, 49.99]
['2017-08-09', 49.76, 49.91, 47.15, 47.58]
['2017-08-10', 47.26, 47.32, 45.56, 45.97]
['2017-08-11', 45.5, 46.78, 45.5, 46.09]
['2017-08-14', 47.15, 48.26, 46.5, 48.22]
['2017-08-15', 48.35, 48.6, 47.44, 47.77]
['2017-08-16', 47.79, 48.58, 47.49, 48.16]
['2017-08-17', 48.04, 48.61, 47.72, 47.94]
['2017-08-18', 47.58, 48.52, 47.2, 48.29]
['2017-08-21', 48.13, 48.55, 47.77, 48.44]
['2017-08-22', 48.55, 49.54, 48.45, 49.48]
['2017-08-23', 48.98, 49.63, 48.92, 49.16]
['2017-08-24', 49.28, 49.48, 48.84, 49.33]
['2017-08-25', 49.56, 49.56, 48.24, 48.25]
['2017-08-28', 48.45, 48.61, 47.92, 48.35]
['2017-08-29', 47.85, 49.29, 47.6, 49.22]
['2017-08-30', 49.3, 50.55, 48.94, 50.0]
['2017-08-31', 50.18, 50.32, 49.33, 50.1]
['2017-09-01', 50.14, 50.24, 48.35, 49.92]
['2017-09-05', 49.71, 50.85, 49.58, 50.62]
['2017-09-06', 49.44, 50.22, 47.5, 49.43]
['2017-09-07', 50.26, 55.24, 49.85, 54.01]
['2017-09-08', 54.35, 54.35, 53.31, 53.78]
['2017-09-11', 54.0, 54.08, 53.05, 53.55]
['2017-09-12', 53.7, 53.74, 52.37, 52.96]
['2017-09-13', 52.85, 53.08, 51.98, 52.8]
['2017-09-14', 52.78, 53.19, 52.03, 52.91]
['2017-09-15', 52.92, 53.52, 52.56, 53.43]
['2017-09-18', 53.95, 54.65, 53.04, 53.97]
['2017-09-19', 54.0, 54.5, 53.03, 54.24]
['2017-09-20', 54.64, 55.01, 54.08, 54.65]
['2017-09-21', 54.37, 54.56, 53.89, 54.31]
['2017-09-22', 54.05, 55.03, 53.44, 54.93]
['2017-09-25', 54.92, 54.92, 52.78, 52.92]
['2017-09-26', 53.3, 53.3, 51.54, 52.55]
['2017-09-27', 53.01, 54.3, 52.51, 53.72]
['2017-09-28', 53.63, 54.73, 53.23, 54.63]
['2017-09-29', 54.64, 56.12, 54.56, 56.04]
['2017-10-02', 56.01, 57.56, 55.23, 56.75]
['2017-10-03', 57.0, 57.67, 56.8, 57.35]
['2017-10-04', 57.5, 58.31, 56.72, 58.2]
['2017-10-05', 58.19, 59.68, 57.68, 59.16]
['2017-10-06', 59.68, 60.5, 58.41, 58.92]
['2017-10-09', 58.73, 58.96, 57.85, 57.99]
['2017-10-10', 58.45, 59.2, 57.93, 58.67]
['2017-10-11', 58.81, 60.19, 58.52, 60.03]
['2017-10-12', 60.0, 60.79, 59.77, 60.7]
['2017-10-13', 60.38, 60.78, 59.76, 59.82]
['2017-10-16', 59.74, 60.18, 58.86, 59.32]
['2017-10-17', 59.2, 59.84, 59.17, 59.73]
['2017-10-18', 60.0, 60.92, 59.71, 60.36]
['2017-10-19', 60.19, 60.61, 59.25, 60.49]
['2017-10-20', 61.05, 61.88, 60.83, 61.85]
['2017-10-23', 61.76, 62.05, 61.33, 61.37]
['2017-10-24', 61.85, 63.0, 61.31, 62.54]
['2017-10-25', 62.54, 63.15, 60.91, 61.96]
['2017-10-26', 62.04, 62.95, 61.41, 62.76]
['2017-10-27', 63.39, 64.12, 62.61, 62.75]
['2017-10-30', 62.69, 62.98, 61.68, 62.16]
['2017-10-31', 62.32, 63.8, 62.29, 63.63]
['2017-11-01', 64.23, 64.23, 61.61, 61.78]
['2017-11-02', 61.88, 63.76, 61.31, 63.26]
['2017-11-03', 63.18, 64.2, 62.57, 63.89]
['2017-11-06', 63.92, 65.9, 63.92, 63.96]
['2017-11-07', 64.12, 64.34, 62.42, 62.51]
['2017-11-08', 61.75, 65.49, 61.17, 63.65]
['2017-11-09', 62.99, 64.2, 62.56, 63.45]
['2017-11-10', 63.1, 64.06, 62.71, 63.53]
['2017-11-13', 63.36, 63.74, 62.63, 63.72]
['2017-11-14', 63.72, 64.62, 63.33, 64.38]
['2017-11-15', 63.74, 64.12, 62.95, 63.2]
['2017-11-16', 63.67, 65.47, 63.66, 64.08]
['2017-11-17', 63.99, 64.61, 63.5, 63.67]
['2017-11-20', 63.75, 65.27, 63.75, 65.08]
['2017-11-21', 65.32, 67.1, 65.32, 66.99]
['2017-11-22', 66.99, 68.06, 66.48, 66.76]
['2017-11-24', 67.05, 69.06, 67.0, 68.91]
['2017-11-27', 69.08, 69.27, 67.02, 67.29]
['2017-11-28', 67.49, 68.25, 66.35, 67.45]
['2017-11-29', 67.51, 67.98, 62.5, 63.98]
['2017-11-30', 64.47, 65.5, 63.42, 64.1]
['2017-12-01', 64.05, 65.68, 62.88, 64.6]
['2017-12-04', 65.58, 65.9, 58.55, 58.58]
['2017-12-05', 58.5, 60.15, 58.12, 58.75]
['2017-12-06', 58.53, 59.82, 57.84, 58.4]
['2017-12-07', 58.83, 62.12, 58.83, 61.45]
['2017-12-08', 62.01, 63.0, 60.19, 60.29]
['2017-12-11', 60.31, 61.82, 60.05, 61.8]
['2017-12-12', 63.7, 63.79, 62.23, 62.55]
['2017-12-13', 62.74, 64.36, 62.67, 64.23]
['2017-12-14', 64.15, 64.97, 63.52, 63.84]
['2017-12-15', 63.92, 65.7, 63.81, 65.51]
['2017-12-18', 66.08, 67.23, 65.73, 67.21]
['2017-12-19', 67.35, 67.68, 66.53, 66.75]
['2017-12-20', 67.0, 67.0, 64.25, 64.36]
['2017-12-21', 64.37, 64.74, 63.29, 63.55]
['2017-12-22', 63.45, 63.71, 62.3, 63.04]
['2017-12-26', 62.7, 63.76, 62.01, 63.4]
['2017-12-27', 63.48, 64.14, 62.94, 63.72]
['2017-12-28', 63.94, 64.74, 63.5, 64.48]
['2017-12-29', 64.82, 65.51, 64.14, 64.51]
['2018-01-02', 64.65, 64.65, 61.75, 63.13]
['2018-01-03', 63.09, 64.37, 63.09, 63.21]
['2018-01-04', 63.64, 64.33, 63.6, 64.17]
['2018-01-05', 64.26, 64.51, 63.2, 63.7]
['2018-01-08', 63.45, 63.99, 62.56, 63.36]
['2018-01-09', 63.27, 65.1, 63.17, 64.9]
['2018-01-10', 64.41, 65.44, 64.15, 65.42]
['2018-01-11', 65.52, 68.26, 65.12, 67.7]
['2018-01-12', 67.97, 69.47, 66.61, 69.32]
['2018-01-16', 69.76, 71.07, 68.77, 69.0]
['2018-01-17', 69.37, 69.61, 68.63, 69.47]
['2018-01-18', 69.6, 71.84, 69.48, 70.89]
['2018-01-19', 70.89, 72.65, 70.89, 72.38]
['2018-01-22', 72.38, 74.38, 71.88, 73.95]
['2018-01-23', 73.96, 75.8, 73.71, 73.76]
['2018-01-24', 74.29, 74.77, 72.51, 72.84]
['2018-01-25', 73.61, 74.43, 72.23, 73.54]
['2018-01-26', 74.11, 75.96, 73.82, 75.5]
['2018-01-29', 75.46, 75.73, 73.74, 73.82]
['2018-01-30', 73.35, 75.66, 72.73, 75.13]
['2018-01-31', 75.62, 76.5, 74.0, 74.27]
['2018-02-01', 73.63, 74.21, 72.63, 73.53]
['2018-02-02', 73.08, 73.95, 72.3, 72.5]
['2018-02-05', 71.52, 72.78, 69.09, 69.1]
['2018-02-06', 67.23, 69.93, 66.7, 69.43]
['2018-02-07', 69.38, 70.64, 68.76, 69.76]
['2018-02-08', 69.92, 70.86, 68.03, 68.06]
['2018-02-09', 68.68, 70.33, 66.39, 69.14]
['2018-02-12', 69.45, 71.45, 68.49, 70.42]
['2018-02-13', 69.98, 73.28, 69.98, 72.66]
['2018-02-14', 71.87, 74.31, 71.75, 73.74]
['2018-02-15', 74.62, 76.83, 73.48, 75.99]
['2018-02-16', 75.86, 77.25, 75.01, 75.94]
['2018-02-20', 75.66, 77.53, 75.66, 76.14]
['2018-02-21', 76.33, 79.41, 76.3, 77.42]
['2018-02-22', 77.94, 79.79, 77.4, 78.04]
['2018-02-23', 78.58, 79.21, 77.42, 79.1]
['2018-02-26', 79.61, 80.77, 78.72, 80.1]
['2018-02-27', 81.22, 86.29, 81.1, 83.53]
['2018-02-28', 84.09, 86.73, 82.63, 82.78]
['2018-03-01', 82.7, 84.86, 81.14, 84.74]
['2018-03-02', 83.36, 86.01, 82.79, 85.89]
['2018-03-05', 85.66, 86.77, 84.2, 85.8]
['2018-03-06', 85.8, 87.46, 85.55, 86.8]
['2018-03-07', 85.84, 89.07, 85.84, 88.96]
['2018-03-08', 89.77, 90.74, 88.74, 89.6]
['2018-03-09', 90.0, 90.81, 87.62, 87.85]
['2018-03-12', 88.37, 89.11, 87.31, 87.95]
['2018-03-13', 88.37, 89.11, 82.82, 84.72]
['2018-03-14', 85.31, 88.15, 85.31, 87.72]
['2018-03-15', 87.8, 88.19, 86.74, 87.51]
['2018-03-16', 88.02, 89.86, 87.19, 89.56]
['2018-03-19', 89.09, 89.9, 86.62, 87.8]
['2018-03-20', 87.64, 89.5, 87.64, 88.77]
['2018-03-21', 89.03, 89.65, 88.15, 89.11]
['2018-03-22', 88.1, 89.08, 86.3, 86.65]
['2018-03-23', 86.78, 88.21, 85.21, 85.23]
['2018-03-26', 87.07, 89.56, 86.63, 89.47]
['2018-03-27', 90.0, 91.0, 84.3, 84.85]
['2018-03-28', 84.51, 84.51, 80.05, 80.48]
['2018-03-29', 81.2, 85.5, 80.28, 84.03]
['2018-04-02', 83.51, 84.67, 82.56, 83.78]
['2018-04-03', 83.45, 84.35, 78.69, 80.06]
['2018-04-04', 78.32, 82.03, 77.36, 81.76]
['2018-04-05', 82.0, 82.95, 81.17, 82.41]
['2018-04-06', 81.9, 83.18, 81.44, 82.25]
['2018-04-09', 82.53, 84.94, 82.03, 83.17]
['2018-04-10', 84.18, 84.25, 81.99, 83.53]
['2018-04-11', 83.39, 84.57, 82.6, 83.82]
['2018-04-12', 84.0, 85.29, 83.28, 84.38]
['2018-04-13', 84.8, 86.22, 82.01, 83.28]
['2018-04-16', 83.56, 84.06, 82.15, 82.68]
['2018-04-17', 83.23, 87.12, 82.85, 86.93]
['2018-04-18', 87.4, 87.8, 86.7, 87.29]
['2018-04-19', 86.64, 87.28, 85.43, 85.51]
['2018-04-20', 84.95, 85.31, 83.91, 84.22]
['2018-04-23', 84.35, 84.35, 80.75, 81.48]
['2018-04-24', 81.51, 83.29, 79.36, 80.24]
['2018-04-25', 80.24, 80.24, 77.77, 78.77]
['2018-04-26', 79.24, 80.23, 78.37, 79.61]
['2018-04-27', 79.38, 80.52, 79.03, 80.33]
['2018-04-30', 80.75, 81.7, 80.34, 80.49]
['2018-05-01', 80.27, 81.13, 78.94, 81.01]
['2018-05-02', 81.28, 83.27, 79.89, 82.54]
['2018-05-03', 81.77, 84.46, 80.73, 82.09]
['2018-05-04', 82.16, 87.8, 78.36, 87.45]
['2018-05-07', 87.86, 90.19, 87.45, 88.31]
['2018-05-08', 88.57, 91.38, 88.37, 90.88]
['2018-05-09', 90.3, 92.91, 89.97, 92.68]
['2018-05-10', 93.21, 96.54, 90.1, 96.5]
['2018-05-11', 96.5, 98.3, 96.0, 98.08]
['2018-05-14', 98.35, 98.58, 91.84, 92.76]
['2018-05-15', 91.84, 93.67, 91.21, 93.42]
['2018-05-16', 93.93, 94.41, 92.75, 93.18]
['2018-05-17', 93.32, 94.64, 92.81, 94.29]
['2018-05-18', 94.73, 96.07, 93.03, 95.68]
['2018-05-21', 95.98, 97.76, 94.7, 95.53]
['2018-05-22', 94.18, 94.69, 91.11, 91.64]
['2018-05-23', 88.5, 90.09, 87.65, 89.25]
['2018-05-24', 89.92, 90.1, 88.43, 88.8]
['2018-05-25', 89.0, 92.26, 88.76, 91.32]
['2018-05-29', 90.88, 92.87, 90.5, 92.44]
['2018-05-30', 92.45, 93.9, 91.77, 93.06]
['2018-05-31', 93.5, 95.82, 93.08, 94.8]
['2018-06-01', 95.31, 97.32, 95.16, 96.3]
['2018-06-04', 96.97, 98.0, 94.86, 95.03]
['2018-06-05', 95.08, 96.52, 92.83, 93.31]
['2018-06-06', 92.62, 95.48, 92.01, 94.2]
['2018-06-07', 94.62, 95.17, 91.54, 93.01]
['2018-06-08', 92.64, 92.96, 91.44, 92.72]
['2018-06-11', 92.95, 94.19, 92.23, 92.32]
['2018-06-12', 92.53, 95.43, 92.53, 95.38]
['2018-06-13', 95.99, 97.03, 95.04, 96.29]
['2018-06-14', 96.39, 97.41, 95.65, 96.58]
['2018-06-15', 95.76, 96.83, 93.99, 96.31]
['2018-06-18', 95.59, 97.31, 95.18, 96.33]
['2018-06-19', 95.39, 95.45, 91.92, 94.31]
['2018-06-20', 94.88, 95.9, 94.27, 94.48]
['2018-06-21', 94.48, 94.96, 89.57, 90.05]
['2018-06-22', 90.15, 90.35, 86.31, 87.6]
['2018-06-25', 87.8, 88.12, 82.2, 83.22]
['2018-06-26', 83.42, 85.75, 83.42, 84.46]
['2018-06-27', 85.59, 85.69, 82.2, 82.38]
['2018-06-28', 82.13, 85.6, 80.9, 84.4]
['2018-06-29', 84.91, 85.25, 82.8, 83.56]
['2018-07-02', 82.44, 84.95, 82.07, 84.91]
['2018-07-03', 84.91, 86.44, 84.46, 85.42]
['2018-07-05', 85.75, 86.62, 84.93, 86.4]
['2018-07-06', 86.13, 88.26, 85.53, 88.09]
['2018-07-09', 88.68, 89.34, 86.7, 88.24]
['2018-07-10', 88.55, 88.95, 87.57, 88.35]
['2018-07-11', 88.03, 90.5, 88.03, 90.02]
['2018-07-12', 90.69, 93.74, 90.49, 93.64]
['2018-07-13', 93.56, 94.37, 92.84, 93.59]
['2018-07-16', 93.98, 94.0, 92.51, 93.15]
['2018-07-17', 92.85, 94.4, 92.18, 93.91]
['2018-07-18', 93.78, 94.21, 92.48, 93.16]
['2018-07-19', 92.05, 93.04, 87.77, 89.62]
['2018-07-20', 89.44, 90.0, 85.25, 86.59]
['2018-07-23', 86.5, 88.36, 85.69, 87.27]
['2018-07-24', 87.52, 88.09, 82.65, 84.7]
['2018-07-25', 84.68, 86.89, 84.56, 85.99]
['2018-07-26', 85.41, 86.41, 84.03, 85.87]
['2018-07-27', 85.87, 86.3, 79.3, 79.99]
['2018-07-30', 79.56, 79.75, 74.86, 75.44]
['2018-07-31', 74.95, 76.28, 71.4, 75.66]
['2018-08-01', 76.35, 77.88, 76.02, 76.81]
['2018-08-02', 76.77, 81.12, 76.65, 80.21]
['2018-08-03', 80.06, 81.13, 73.24, 75.67]
['2018-08-06', 75.08, 78.22, 75.08, 78.03]
['2018-08-07', 78.46, 78.94, 72.64, 73.49]
['2018-08-08', 73.42, 74.69, 71.36, 72.57]
['2018-08-09', 72.84, 74.06, 71.8, 72.11]
['2018-08-10', 71.78, 72.75, 71.65, 72.18]
['2018-08-13', 72.51, 73.21, 72.01, 72.13]
['2018-08-14', 72.29, 74.72, 72.29, 74.4]
['2018-08-15', 73.8, 75.61, 72.49, 75.34]
['2018-08-16', 76.07, 78.44, 76.07, 77.92]
['2018-08-17', 78.33, 79.44, 76.87, 79.06]
['2018-08-20', 79.73, 80.8, 79.01, 80.58]
['2018-08-21', 80.99, 81.68, 80.27, 80.94]
['2018-08-22', 80.69, 82.24, 80.15, 82.04]
['2018-08-23', 82.05, 83.17, 81.71, 82.06]
['2018-08-24', 82.61, 84.03, 82.57, 83.2]
['2018-08-27', 83.89, 84.78, 83.0, 84.57]
['2018-08-28', 84.92, 86.41, 84.75, 85.94]
['2018-08-29', 86.25, 87.74, 86.2, 87.3]
['2018-08-30', 87.0, 88.46, 86.65, 88.25]
['2018-08-31', 88.23, 89.53, 88.0, 89.36]
['2018-09-04', 89.14, 90.25, 87.55, 90.03]
['2018-09-05', 90.31, 90.31, 84.39, 85.51]
['2018-09-06', 85.35, 85.35, 82.69, 83.28]
['2018-09-07', 82.81, 85.9, 82.02, 84.03]
['2018-09-10', 83.79, 85.21, 82.77, 85.12]
['2018-09-11', 85.08, 86.93, 84.75, 86.15]
['2018-09-12', 86.23, 86.32, 83.13, 84.0]
['2018-09-13', 84.54, 85.66, 83.0, 83.6]
['2018-09-14', 83.89, 85.19, 83.46, 83.54]
['2018-09-17', 83.29, 83.67, 78.87, 78.95]
['2018-09-18', 79.37, 81.01, 78.56, 79.2]
['2018-09-19', 78.97, 79.46, 76.33, 77.92]
['2018-09-20', 78.44, 79.34, 77.46, 79.13]
['2018-09-21', 79.81, 79.99, 76.28, 76.34]
['2018-09-24', 75.54, 77.19, 74.5, 77.01]
['2018-09-25', 76.9, 78.94, 76.53, 78.04]
['2018-09-26', 78.25, 79.36, 75.78, 75.87]
['2018-09-27', 75.78, 77.49, 74.45, 75.49]
['2018-09-28', 75.17, 76.12, 74.6, 75.19]
['2018-10-01', 75.44, 76.14, 73.02, 74.28]
['2018-10-02', 74.38, 74.38, 71.8, 72.41]
['2018-10-03', 72.74, 73.39, 71.74, 73.33]
['2018-10-04', 72.98, 73.41, 72.2, 73.15]
['2018-10-05', 73.24, 74.54, 71.25, 72.79]
['2018-10-08', 72.22, 72.58, 68.14, 70.11]
['2018-10-09', 69.24, 71.3, 69.24, 70.01]
['2018-10-10', 69.48, 69.48, 66.0, 66.59]
['2018-10-11', 65.51, 67.22, 62.69, 62.85]
['2018-10-12', 64.9, 65.9, 62.95, 64.31]
['2018-10-15', 64.23, 65.07, 62.71, 64.82]
['2018-10-16', 65.55, 68.58, 65.55, 68.29]
['2018-10-17', 68.76, 69.5, 66.01, 66.93]
['2018-10-18', 66.78, 67.08, 65.09, 65.18]
['2018-10-19', 65.76, 66.07, 63.41, 63.5]
['2018-10-22', 63.64, 64.95, 62.96, 64.57]
['2018-10-23', 63.15, 64.2, 62.0, 63.54]
['2018-10-24', 64.62, 65.05, 61.56, 61.56]
['2018-10-25', 62.31, 62.69, 60.61, 62.3]
['2018-10-26', 60.69, 61.17, 58.13, 58.5]
['2018-10-29', 59.47, 59.66, 58.08, 59.07]
['2018-10-30', 58.89, 61.13, 58.1, 60.28]
['2018-10-31', 61.48, 63.99, 60.5, 62.91]
['2018-11-01', 63.45, 64.72, 61.76, 64.16]
['2018-11-02', 64.19, 65.68, 63.09, 63.8]
['2018-11-05', 63.81, 64.12, 62.39, 63.28]
['2018-11-06', 52.62, 57.75, 49.72, 53.42]
['2018-11-07', 54.22, 57.6, 54.14, 57.02]
['2018-11-08', 57.05, 57.94, 54.87, 55.03]
['2018-11-09', 54.51, 55.49, 53.3, 54.21]
['2018-11-12', 54.22, 54.38, 51.58, 52.51]
['2018-11-13', 52.94, 54.29, 52.07, 52.34]
['2018-11-14', 52.91, 53.32, 51.67, 51.77]
['2018-11-15', 51.62, 54.56, 50.81, 54.4]
['2018-11-16', 54.77, 55.18, 53.09, 53.69]
['2018-11-19', 53.69, 54.0, 49.5, 50.25]
['2018-11-20', 48.75, 51.78, 47.83, 50.56]
['2018-11-21', 51.52, 52.03, 50.38, 51.46]
['2018-11-23', 50.93, 52.0, 50.93, 51.19]
['2018-11-26', 52.07, 53.64, 51.48, 53.32]
['2018-11-27', 52.93, 53.31, 51.51, 52.82]
['2018-11-28', 54.66, 57.28, 53.64, 57.0]
['2018-11-29', 56.43, 58.7, 55.47, 57.84]
['2018-11-30', 57.9, 59.23, 57.38, 58.39]
['2018-12-03', 59.76, 59.94, 55.71, 57.35]
['2018-12-04', 56.94, 58.3, 55.78, 56.76]
['2018-12-06', 55.16, 57.65, 54.03, 57.58]
['2018-12-07', 57.31, 57.57, 56.23, 56.7]
['2018-12-10', 56.38, 59.03, 56.0, 57.79]
['2018-12-11', 58.94, 59.89, 58.17, 59.1]
['2018-12-12', 59.94, 60.25, 59.03, 59.85]
['2018-12-13', 60.04, 60.29, 56.93, 57.22]
['2018-12-14', 56.07, 57.32, 54.6, 55.39]
['2018-12-17', 55.01, 55.06, 52.53, 52.98]
['2018-12-18', 53.55, 54.29, 52.55, 53.6]
['2018-12-19', 53.37, 54.96, 51.16, 51.72]
['2018-12-20', 51.73, 53.44, 49.63, 50.93]
['2018-12-21', 51.25, 51.25, 45.6, 46.16]
['2018-12-24', 45.12, 47.25, 44.51, 45.73]
['2018-12-26', 46.19, 47.77, 44.5, 47.59]
['2018-12-27', 46.69, 48.39, 45.88, 48.38]
['2018-12-28', 49.01, 49.51, 47.26, 48.31]
['2018-12-31', 48.99, 50.11, 48.29, 49.72]
['2019-01-02', 48.45, 50.01, 48.45, 49.64]
['2019-01-03', 48.77, 49.72, 47.62, 48.73]
['2019-01-04', 49.9, 52.23, 49.38, 51.84]
['2019-01-07', 52.0, 53.75, 51.92, 53.3]
['2019-01-08', 53.83, 54.36, 52.82, 53.97]
['2019-01-09', 54.24, 55.28, 53.64, 53.67]
['2019-01-10', 53.27, 53.48, 52.36, 53.02]
['2019-01-11', 52.85, 53.15, 51.81, 53.11]
['2019-01-14', 52.55, 52.8, 51.86, 51.94]
['2019-01-15', 52.16, 54.2, 52.05, 54.18]
['2019-01-16', 54.44, 55.82, 54.25, 55.31]
['2019-01-17', 55.19, 55.95, 54.48, 55.22]
['2019-01-18', 55.59, 57.29, 54.88, 56.43]
['2019-01-22', 56.0, 56.87, 55.0, 56.35]
['2019-01-23', 56.66, 58.26, 55.81, 55.83]
['2019-01-24', 55.89, 56.5, 54.53, 54.7]
['2019-01-25', 54.85, 56.71, 54.66, 56.58]
['2019-01-28', 56.0, 56.84, 55.28, 56.61]
['2019-01-29', 56.6, 56.82, 55.22, 56.1]
['2019-01-30', 56.74, 57.1, 55.33, 56.57]
['2019-01-31', 56.58, 57.9, 56.51, 56.85]
['2019-02-01', 56.96, 57.21, 55.93, 56.58]
['2019-02-04', 56.85, 59.76, 56.85, 59.19]
['2019-02-05', 59.48, 60.36, 59.2, 60.25]
['2019-02-06', 60.5, 61.68, 59.61, 60.1]
['2019-02-07', 60.33, 60.98, 59.0, 59.86]
['2019-02-08', 59.33, 60.57, 59.33, 60.47]
['2019-02-11', 60.56, 61.85, 59.8, 61.68]
['2019-02-12', 62.48, 64.33, 62.14, 63.96]
['2019-02-13', 64.52, 66.31, 63.92, 65.88]
['2019-02-14', 65.45, 66.96, 64.88, 66.72]
['2019-02-15', 67.55, 68.78, 66.5, 68.64]
['2019-02-19', 68.23, 69.4, 67.01, 69.26]
['2019-02-20', 69.2, 69.52, 68.06, 68.2]
['2019-02-21', 67.99, 69.09, 67.12, 68.7]
['2019-02-22', 69.0, 70.66, 68.82, 70.08]
['2019-02-25', 71.09, 72.27, 70.66, 71.2]
['2019-02-26', 77.0, 80.49, 73.09, 74.07]
['2019-02-27', 73.8, 75.2, 73.04, 74.53]
['2019-02-28', 74.18, 75.41, 73.61, 73.7]
['2019-03-01', 74.25, 74.94, 72.73, 73.68]
['2019-03-04', 73.87, 74.37, 68.11, 69.81]
['2019-03-05', 69.84, 70.43, 68.68, 69.43]
['2019-03-06', 69.0, 70.07, 67.41, 67.54]
['2019-03-07', 66.95, 68.98, 66.72, 67.75]
['2019-03-08', 66.72, 67.69, 66.04, 67.48]
['2019-03-11', 67.53, 70.55, 67.08, 69.59]
['2019-03-12', 69.87, 69.9, 68.55, 69.1]
['2019-03-13', 69.49, 70.21, 69.07, 69.11]
['2019-03-14', 69.05, 69.9, 68.37, 69.07]
['2019-03-15', 69.16, 70.43, 68.75, 69.06]
['2019-03-18', 69.13, 69.7, 68.0, 68.6]
['2019-03-19', 69.05, 69.15, 68.2, 68.46]
['2019-03-20', 68.01, 68.49, 66.26, 67.51]
['2019-03-21', 67.18, 69.72, 67.18, 69.21]
['2019-03-22', 68.79, 69.42, 65.5, 66.06]
['2019-03-25', 65.83, 66.68, 64.7, 66.65]
['2019-03-26', 67.08, 68.48, 66.7, 68.25]
['2019-03-27', 68.42, 68.46, 66.24, 68.13]
['2019-03-28', 68.23, 72.29, 68.05, 71.76]
['2019-03-29', 72.68, 72.76, 70.73, 70.85]
['2019-04-01', 71.46, 72.28, 69.78, 72.02]
['2019-04-02', 71.68, 72.43, 69.72, 72.39]
['2019-04-03', 72.57, 74.25, 72.3, 73.39]
['2019-04-04', 73.46, 73.97, 69.2, 70.61]
['2019-04-05', 70.8, 72.14, 69.92, 70.07]
['2019-04-08', 69.2, 70.44, 65.72, 67.67]
['2019-04-09', 67.41, 67.41, 64.29, 66.22]
['2019-04-10', 66.23, 67.84, 65.39, 66.78]
['2019-04-11', 66.91, 67.68, 65.42, 65.51]
['2019-04-12', 65.76, 66.56, 65.16, 65.46]
['2019-04-15', 65.6, 66.34, 64.27, 64.9]
['2019-04-16', 64.71, 65.9, 64.51, 64.9]
['2019-04-17', 65.36, 65.38, 62.14, 62.19]
['2019-04-18', 62.15, 62.52, 60.41, 60.45]
['2019-04-22', 60.35, 62.0, 59.47, 61.63]
['2019-04-23', 61.88, 62.42, 61.2, 61.98]
['2019-04-24', 62.06, 63.06, 61.69, 61.85]
['2019-04-25', 61.88, 62.99, 60.88, 61.01]
['2019-04-26', 60.97, 62.35, 59.93, 61.84]
['2019-04-29', 62.08, 62.78, 61.35, 61.61]
['2019-04-30', 61.38, 62.1, 60.42, 60.5]
['2019-05-01', 60.78, 60.78, 59.34, 59.47]
['2019-05-02', 59.24, 60.64, 58.7, 60.53]
['2019-05-03', 60.85, 62.61, 59.97, 62.47]
['2019-05-06', 61.19, 63.07, 60.94, 62.39]
['2019-05-07', 61.34, 62.21, 58.88, 59.93]
['2019-05-08', 46.22, 48.12, 43.76, 44.77]
['2019-05-09', 44.95, 45.06, 42.07, 42.99]
['2019-05-10', 43.05, 43.5, 40.64, 41.63]
['2019-05-13', 40.49, 41.37, 38.65, 38.89]
['2019-05-14', 39.45, 40.39, 38.68, 39.41]
['2019-05-15', 39.47, 41.12, 39.18, 40.65]
['2019-05-16', 40.61, 42.13, 40.61, 41.57]
['2019-05-17', 41.1, 41.88, 40.68, 40.97]
['2019-05-20', 40.55, 41.02, 40.04, 40.14]
['2019-05-21', 40.55, 41.18, 40.33, 40.39]
['2019-05-22', 40.06, 41.34, 40.06, 40.67]
['2019-05-23', 40.55, 40.86, 38.62, 39.03]
['2019-05-24', 39.36, 39.77, 38.92, 39.52]
['2019-05-28', 39.62, 40.2, 38.71, 38.79]
['2019-05-29', 38.57, 38.9, 37.73, 38.27]
['2019-05-30', 38.38, 38.78, 37.87, 38.28]
['2019-05-31', 37.95, 38.52, 37.54, 37.99]
['2019-06-03', 37.91, 37.95, 36.37, 36.89]
['2019-06-04', 37.6, 38.65, 37.23, 38.06]
['2019-06-05', 38.36, 38.81, 36.63, 37.94]
['2019-06-06', 37.98, 37.98, 36.42, 36.59]
['2019-06-07', 36.65, 36.69, 35.07, 35.37]
['2019-06-10', 35.92, 37.59, 35.33, 35.5]
['2019-06-11', 35.82, 35.91, 34.26, 34.44]
['2019-06-12', 34.49, 35.76, 34.31, 35.58]
['2019-06-13', 35.67, 36.19, 35.36, 35.63]
['2019-06-14', 35.57, 36.28, 35.01, 36.12]
['2019-06-17', 36.0, 38.53, 35.83, 35.89]
['2019-06-18', 36.27, 38.16, 36.17, 37.97]
['2019-06-19', 38.04, 38.58, 37.31, 37.97]
['2019-06-20', 38.59, 38.97, 37.17, 38.15]
['2019-06-21', 38.3, 38.68, 37.5, 37.64]
['2019-06-24', 37.64, 38.09, 36.14, 36.41]
['2019-06-25', 36.3, 36.76, 35.68, 35.87]
['2019-06-26', 36.14, 36.81, 35.58, 35.95]
['2019-06-27', 35.98, 37.42, 35.98, 36.99]
['2019-06-28', 37.27, 37.73, 36.91, 37.64]
['2019-07-01', 38.52, 38.67, 37.19, 38.64]
['2019-07-02', 38.6, 39.65, 38.48, 39.01]
['2019-07-03', 39.0, 39.35, 38.23, 38.98]
['2019-07-05', 38.74, 38.75, 37.68, 38.51]
['2019-07-08', 38.23, 38.58, 37.74, 38.03]
['2019-07-09', 37.78, 38.95, 37.62, 38.93]
['2019-07-10', 39.2, 39.98, 39.04, 39.19]
['2019-07-11', 39.46, 39.61, 38.72, 39.29]
['2019-07-12', 39.47, 39.5, 38.51, 39.12]
['2019-07-15', 39.2, 39.4, 38.7, 38.96]
['2019-07-16', 38.86, 38.92, 38.17, 38.59]
['2019-07-17', 39.28, 40.48, 38.8, 40.25]
['2019-07-18', 39.95, 40.37, 39.88, 40.27]
['2019-07-19', 40.38, 40.55, 39.1, 39.14]
['2019-07-22', 39.38, 39.62, 38.84, 38.98]
['2019-07-23', 39.11, 39.3, 36.91, 37.25]
['2019-07-24', 37.01, 37.69, 36.61, 37.34]
['2019-07-25', 37.33, 37.39, 36.43, 36.55]
['2019-07-26', 36.65, 37.23, 35.52, 35.57]
['2019-07-29', 35.49, 35.6, 33.38, 34.6]
['2019-07-30', 34.46, 36.6, 33.91, 36.5]
['2019-07-31', 19.01, 19.1, 11.37, 12.8]
['2019-08-01', 12.5, 14.18, 12.2, 13.92]
['2019-08-02', 13.7, 14.51, 13.33, 13.68]
['2019-08-05', 13.39, 13.97, 12.84, 13.87]
['2019-08-06', 14.1, 14.32, 13.43, 13.43]
['2019-08-07', 13.18, 14.28, 12.91, 14.18]
['2019-08-08', 14.5, 14.67, 14.21, 14.47]
['2019-08-09', 14.73, 15.3, 14.32, 15.16]
['2019-08-12', 15.44, 15.74, 14.88, 14.98]
['2019-08-13', 15.02, 16.04, 14.98, 16.01]
['2019-08-14', 15.7, 15.87, 15.23, 15.62]
['2019-08-15', 15.72, 16.67, 15.67, 16.59]
['2019-08-16', 16.92, 17.48, 16.3, 16.6]
['2019-08-19', 16.75, 17.7, 16.7, 17.45]
['2019-08-20', 17.32, 18.67, 17.32, 18.39]
['2019-08-21', 18.68, 19.39, 18.48, 18.61]
['2019-08-22', 18.6, 18.79, 17.52, 17.76]
['2019-08-23', 17.5, 18.17, 17.25, 17.83]
['2019-08-26', 17.98, 18.32, 17.03, 17.44]
['2019-08-27', 17.5, 17.65, 17.04, 17.26]
['2019-08-28', 17.25, 17.37, 16.92, 17.24]
['2019-08-29', 17.4, 17.82, 17.2, 17.77]
['2019-08-30', 17.9, 18.03, 17.37, 17.88]
['2019-09-03', 17.78, 17.99, 17.19, 17.49]
['2019-09-04', 17.76, 18.72, 17.59, 17.92]
['2019-09-05', 18.17, 18.26, 17.69, 18.22]
['2019-09-06', 18.32, 18.5, 17.82, 18.09]
['2019-09-09', 18.15, 18.85, 17.85, 18.84]
['2019-09-10', 18.76, 18.77, 18.31, 18.65]
['2019-09-11', 18.65, 19.53, 18.41, 19.42]
['2019-09-12', 19.57, 20.52, 19.08, 20.42]
['2019-09-13', 20.39, 20.44, 18.84, 19.21]
['2019-09-16', 19.09, 19.94, 18.98, 19.67]
['2019-09-17', 19.62, 20.03, 19.24, 19.61]
['2019-09-18', 19.43, 19.66, 17.62, 17.9]
['2019-09-19', 18.15, 18.54, 17.69, 17.81]
['2019-09-20', 17.8, 17.93, 17.33, 17.47]
['2019-09-23', 17.31, 17.35, 16.34, 17.17]
['2019-09-24', 17.09, 17.16, 16.53, 16.76]
['2019-09-25', 16.64, 16.96, 15.94, 16.69]
['2019-09-26', 16.62, 16.84, 15.91, 16.29]
['2019-09-27', 16.28, 16.51, 15.51, 15.81]
['2019-09-30', 15.88, 16.31, 15.42, 16.28]
['2019-10-01', 16.25, 16.57, 16.04, 16.26]
['2019-10-02', 16.19, 16.22, 15.74, 16.08]
['2019-10-03', 16.01, 16.24, 15.43, 16.15]
['2019-10-04', 16.32, 16.56, 15.97, 16.38]
['2019-10-07', 16.18, 16.72, 16.02, 16.43]
['2019-10-08', 16.36, 16.45, 15.51, 15.56]
['2019-10-09', 15.55, 16.14, 15.26, 16.11]
['2019-10-10', 16.04, 16.17, 15.52, 15.77]
['2019-10-11', 15.99, 16.97, 15.99, 16.82]
['2019-10-14', 16.86, 16.99, 16.31, 16.99]
['2019-10-15', 16.99, 17.45, 16.83, 17.16]
['2019-10-16', 17.11, 17.4, 16.81, 17.26]
['2019-10-17', 17.27, 17.28, 16.79, 17.09]
['2019-10-18', 16.98, 17.18, 16.37, 16.52]
['2019-10-21', 16.7, 17.11, 16.59, 17.04]
['2019-10-22', 17.13, 17.55, 16.93, 17.48]
['2019-10-23', 17.36, 17.81, 17.25, 17.59]
['2019-10-24', 17.69, 18.25, 17.69, 17.97]
['2019-10-25', 17.92, 18.46, 17.76, 18.3]
['2019-10-28', 18.29, 18.77, 18.27, 18.63]
['2019-10-29', 18.56, 18.59, 17.95, 18.14]
['2019-10-30', 18.16, 18.25, 17.62, 18.17]
['2019-10-31', 18.19, 18.37, 17.63, 17.92]
['2019-11-01', 18.01, 18.87, 17.94, 18.63]
['2019-11-04', 19.89, 21.6, 19.8, 21.18]
['2019-11-05', 21.17, 21.79, 20.67, 21.1]
['2019-11-06', 21.05, 21.29, 20.27, 20.52]
['2019-11-07', 20.74, 21.15, 20.42, 21.01]
['2019-11-08', 21.0, 21.47, 20.83, 21.3]
['2019-11-11', 21.07, 21.92, 21.0, 21.83]
['2019-11-12', 21.87, 22.95, 21.64, 22.69]
['2019-11-13', 25.8, 27.0, 20.67, 21.45]
['2019-11-14', 21.27, 22.48, 21.26, 22.23]
['2019-11-15', 22.31, 22.85, 21.99, 22.69]
['2019-11-18', 22.75, 22.75, 22.05, 22.47]
['2019-11-19', 22.45, 22.71, 22.19, 22.69]
['2019-11-20', 22.5, 22.86, 22.14, 22.84]
['2019-11-21', 22.95, 23.21, 22.41, 22.84]
['2019-11-22', 22.98, 23.4, 22.75, 23.39]
['2019-11-25', 23.56, 24.52, 23.56, 23.95]
['2019-11-26', 23.93, 24.16, 23.5, 23.67]
['2019-11-27', 23.85, 24.47, 23.78, 24.37]
['2019-11-29', 24.25, 24.97, 24.01, 24.94]
['2019-12-02', 24.94, 24.97, 23.24, 23.39]
['2019-12-03', 22.83, 23.11, 22.49, 22.67]
['2019-12-04', 22.84, 23.13, 22.71, 23.03]
['2019-12-05', 23.21, 23.55, 23.03, 23.25]
['2019-12-06', 23.49, 23.67, 22.83, 22.99]
['2019-12-09', 22.95, 23.12, 22.47, 22.96]
['2019-12-10', 22.96, 23.03, 22.47, 22.57]
['2019-12-11', 22.54, 22.54, 21.86, 21.99]
['2019-12-12', 21.97, 22.38, 21.78, 22.14]
['2019-12-13', 22.07, 22.53, 21.78, 21.83]
['2019-12-16', 21.92, 23.41, 21.86, 22.5]
['2019-12-17', 22.5, 22.62, 22.19, 22.44]
['2019-12-18', 22.64, 23.65, 22.27, 23.36]
['2019-12-19', 23.44, 24.42, 23.23, 24.34]
['2019-12-20', 24.5, 24.82, 24.17, 24.44]
['2019-12-23', 24.49, 25.25, 24.31, 25.0]
['2019-12-24', 25.11, 25.11, 24.43, 24.5]
['2019-12-26', 24.69, 25.13, 24.56, 24.59]
['2019-12-27', 24.74, 24.84, 23.58, 23.65]
['2019-12-30', 23.62, 23.82, 23.09, 23.65]
['2019-12-31', 23.53, 24.27, 23.4, 23.99]
['2020-01-02', 24.16, 24.32, 23.33, 23.53]
['2020-01-03', 23.12, 23.57, 23.01, 23.21]
['2020-01-06', 22.96, 24.1, 22.79, 23.97]
['2020-01-07', 24.17, 24.31, 23.89, 23.96]
['2020-01-08', 24.1, 24.32, 23.02, 24.0]
['2020-01-09', 24.19, 24.22, 23.25, 23.33]
['2020-01-10', 23.36, 23.36, 21.29, 21.51]
['2020-01-13', 21.64, 22.17, 20.95, 21.21]
['2020-01-14', 21.13, 21.73, 20.8, 21.46]
['2020-01-15', 21.46, 22.02, 21.13, 21.21]
['2020-01-16', 21.3, 21.88, 21.18, 21.77]
['2020-01-17', 21.9, 24.9, 21.55, 22.84]
['2020-01-21', 22.66, 22.91, 21.86, 21.92]
['2020-01-22', 22.0, 22.38, 21.58, 21.64]
['2020-01-23', 21.62, 21.8, 21.03, 21.47]
['2020-01-24', 21.55, 21.65, 19.62, 19.78]
['2020-01-27', 19.2, 19.68, 18.8, 18.84]
['2020-01-28', 19.0, 19.9, 18.89, 19.83]
['2020-01-29', 20.3, 20.32, 19.39, 19.61]
['2020-01-30', 19.38, 20.11, 19.36, 20.05]
['2020-01-31', 19.87, 20.31, 19.57, 19.81]
['2020-02-03', 19.79, 20.16, 19.68, 20.0]
['2020-02-04', 20.53, 21.24, 20.0, 21.23]
['2020-02-05', 21.62, 22.09, 21.19, 21.88]
['2020-02-06', 21.93, 23.1, 21.85, 22.74]
['2020-02-07', 23.73, 25.64, 23.66, 25.33]
['2020-02-10', 25.37, 26.33, 22.91, 23.23]
['2020-02-11', 23.32, 25.6, 23.32, 25.17]
['2020-02-12', 25.44, 25.68, 24.59, 24.7]
['2020-02-13', 24.4, 25.07, 24.1, 24.98]
['2020-02-14', 24.99, 25.31, 24.51, 25.13]
['2020-02-18', 24.93, 25.25, 24.52, 25.17]
['2020-02-19', 25.23, 25.29, 24.35, 24.51]
['2020-02-20', 24.5, 26.69, 24.5, 24.99]
['2020-02-21', 24.81, 25.69, 24.37, 24.68]
['2020-02-24', 23.46, 25.58, 23.32, 25.22]
['2020-02-25', 25.38, 25.68, 23.89, 24.13]
['2020-02-26', 24.2, 25.13, 22.95, 22.97]
['2020-02-27', 22.28, 23.78, 21.66, 22.97]
['2020-02-28', 21.96, 23.51, 21.82, 23.51]
['2020-03-02', 23.8, 24.75, 22.81, 24.7]
['2020-03-03', 24.88, 26.36, 24.42, 25.5]
['2020-03-04', 26.0, 28.39, 25.54, 28.28]
['2020-03-05', 27.65, 28.36, 26.54, 27.86]
['2020-03-06', 26.94, 30.06, 26.55, 26.82]
['2020-03-09', 24.51, 27.36, 23.29, 27.12]
['2020-03-10', 28.68, 29.7, 27.9, 28.6]
['2020-03-11', 28.15, 28.95, 26.54, 26.75]
['2020-03-12', 24.41, 27.05, 24.0, 24.95]
['2020-03-13', 26.09, 26.47, 20.47, 24.91]
['2020-03-16', 23.87, 25.47, 19.72, 19.75]
['2020-03-17', 19.55, 20.0, 17.07, 17.46]
['2020-03-18', 16.76, 17.78, 11.51, 12.51]
['2020-03-19', 12.85, 16.98, 12.07, 15.74]
['2020-03-20', 16.25, 17.06, 15.12, 15.98]
['2020-03-23', 16.04, 17.35, 15.61, 16.62]
['2020-03-24', 17.7, 19.91, 16.9, 18.79]
['2020-03-25', 19.15, 19.75, 17.88, 18.53]
['2020-03-26', 18.88, 21.91, 18.47, 21.76]
['2020-03-27', 20.99, 23.19, 20.13, 21.98]
['2020-03-30', 22.12, 22.96, 21.39, 22.71]
['2020-03-31', 22.5, 22.7, 20.09, 21.22]
['2020-04-01', 21.51, 21.73, 18.13, 18.55]
['2020-04-02', 18.62, 20.68, 18.16, 19.29]
['2020-04-03', 19.2, 19.53, 17.41, 17.88]
['2020-04-06', 18.66, 19.99, 18.19, 19.9]
['2020-04-07', 20.62, 21.26, 19.68, 20.45]
['2020-04-08', 21.04, 22.67, 20.6, 21.73]
['2020-04-09', 22.34, 23.17, 21.94, 22.51]
['2020-04-13', 22.78, 22.91, 21.65, 22.55]
['2020-04-14', 23.6, 25.17, 23.24, 24.26]
['2020-04-15', 23.18, 24.32, 23.0, 23.49]
['2020-04-16', 23.59, 24.21, 22.49, 22.62]
['2020-04-17', 23.32, 24.6, 22.8, 23.97]
['2020-04-20', 22.35, 22.72, 21.25, 22.17]
['2020-04-21', 20.77, 22.16, 20.25, 21.31]
['2020-04-22', 22.04, 22.04, 21.13, 21.63]
['2020-04-23', 21.92, 22.33, 20.99, 21.11]
['2020-04-24', 21.06, 22.33, 20.57, 21.94]
['2020-04-27', 22.33, 23.18, 21.98, 23.02]
['2020-04-28', 23.67, 23.74, 21.77, 21.93]
['2020-04-29', 22.22, 23.89, 21.85, 23.58]
['2020-04-30', 22.75, 24.15, 22.69, 23.75]
['2020-05-01', 23.79, 25.4, 23.65, 23.83]
['2020-05-04', 24.02, 25.4, 23.87, 25.4]
['2020-05-05', 26.7, 28.89, 26.51, 27.71]
['2020-05-06', 27.51, 28.68, 27.5, 27.77]
['2020-05-07', 28.21, 28.65, 27.29, 28.61]
['2020-05-08', 28.8, 30.63, 28.64, 30.28]
['2020-05-11', 30.0, 32.63, 29.63, 31.34]
['2020-05-12', 31.5, 31.88, 30.01, 30.23]
['2020-05-13', 30.61, 33.18, 29.83, 32.57]
['2020-05-14', 32.09, 32.9, 31.25, 32.41]
['2020-05-15', 32.31, 35.18, 31.79, 34.39]
