['2012-12-06', 6.08, 6.16, 6.02, 6.16]
['2012-12-07', 6.13, 6.19, 6.1, 6.13]
['2012-12-10', 6.14, 6.18, 6.13, 6.15]
['2012-12-11', 6.13, 6.19, 6.13, 6.19]
['2012-12-12', 6.3, 6.3, 6.19, 6.21]
['2012-12-13', 6.25, 6.29, 6.21, 6.25]
['2012-12-14', 6.21, 6.28, 6.13, 6.23]
['2012-12-17', 6.3, 6.39, 6.23, 6.3]
['2012-12-18', 6.3, 6.32, 6.22, 6.3]
['2012-12-19', 6.3, 6.36, 6.24, 6.26]
['2012-12-20', 6.47, 6.47, 6.26, 6.38]
['2012-12-21', 6.32, 6.34, 6.3, 6.32]
['2012-12-24', 6.26, 6.43, 6.26, 6.35]
['2012-12-26', 6.33, 6.46, 6.26, 6.3]
['2012-12-27', 6.3, 6.41, 6.11, 6.31]
['2012-12-28', 6.41, 6.48, 6.38, 6.47]
['2012-12-31', 6.49, 6.52, 6.46, 6.48]
['2013-01-02', 6.52, 6.58, 6.46, 6.57]
['2013-01-03', 6.56, 6.58, 6.24, 6.52]
['2013-01-04', 6.56, 6.57, 6.5, 6.56]
['2013-01-07', 6.54, 6.56, 6.51, 6.52]
['2013-01-08', 6.58, 6.58, 6.49, 6.52]
['2013-01-09', 6.53, 6.56, 6.48, 6.54]
['2013-01-10', 6.56, 6.56, 6.48, 6.5]
['2013-01-11', 6.48, 6.52, 6.48, 6.5]
['2013-01-14', 6.52, 6.52, 6.45, 6.49]
['2013-01-15', 6.46, 6.52, 6.46, 6.5]
['2013-01-16', 6.5, 6.51, 6.45, 6.48]
['2013-01-17', 6.46, 6.5, 6.45, 6.45]
['2013-01-18', 6.46, 6.5, 6.41, 6.44]
['2013-01-22', 6.46, 6.49, 6.46, 6.47]
['2013-01-23', 6.46, 6.48, 6.41, 6.44]
['2013-01-24', 6.42, 6.48, 6.42, 6.45]
['2013-01-25', 6.49, 6.51, 6.42, 6.46]
['2013-01-28', 6.49, 6.51, 6.42, 6.44]
['2013-01-29', 6.42, 6.54, 6.42, 6.5]
['2013-01-30', 6.54, 6.58, 6.46, 6.56]
['2013-01-31', 6.5, 6.56, 6.5, 6.56]
['2013-02-01', 6.56, 6.56, 6.53, 6.56]
['2013-02-04', 6.56, 6.59, 6.52, 6.56]
['2013-02-05', 6.56, 6.56, 6.52, 6.56]
['2013-02-06', 6.56, 6.56, 6.5, 6.5]
['2013-02-07', 6.56, 6.56, 6.46, 6.46]
['2013-02-08', 6.56, 6.56, 6.46, 6.56]
['2013-02-11', 6.56, 6.56, 6.48, 6.5]
['2013-02-12', 6.56, 6.56, 6.5, 6.56]
['2013-02-13', 6.58, 6.58, 6.5, 6.56]
['2013-02-14', 6.54, 6.58, 6.48, 6.57]
['2013-02-15', 6.57, 6.6, 6.51, 6.55]
['2013-02-19', 6.59, 6.63, 6.51, 6.54]
['2013-02-20', 6.59, 6.62, 6.52, 6.6]
['2013-02-21', 6.61, 6.62, 6.53, 6.53]
['2013-02-22', 6.57, 6.6, 6.5, 6.54]
['2013-02-25', 6.56, 6.6, 6.54, 6.56]
['2013-02-26', 6.56, 6.63, 6.54, 6.55]
['2013-02-27', 6.58, 6.6, 6.55, 6.59]
['2013-02-28', 6.57, 6.63, 6.56, 6.59]
['2013-03-01', 6.62, 6.63, 6.58, 6.59]
['2013-03-04', 6.62, 6.75, 6.59, 6.67]
['2013-03-05', 6.67, 6.74, 6.57, 6.71]
['2013-03-06', 6.71, 6.75, 6.64, 6.7]
['2013-03-07', 6.64, 6.78, 6.61, 6.71]
['2013-03-08', 6.67, 6.78, 6.65, 6.69]
['2013-03-11', 6.74, 6.78, 6.68, 6.73]
['2013-03-12', 6.76, 6.78, 6.7, 6.74]
['2013-03-13', 6.74, 6.76, 6.68, 6.76]
['2013-03-14', 6.75, 6.77, 6.67, 6.77]
['2013-03-15', 6.74, 6.8, 6.72, 6.78]
['2013-03-18', 6.69, 6.88, 6.69, 6.83]
['2013-03-19', 6.85, 6.92, 6.77, 6.78]
['2013-03-20', 6.88, 6.9, 6.8, 6.9]
['2013-03-21', 6.94, 7.07, 6.84, 6.9]
['2013-03-22', 6.81, 6.98, 6.81, 6.96]
['2013-03-25', 6.88, 6.97, 6.88, 6.93]
['2013-03-26', 6.91, 6.99, 6.88, 6.96]
['2013-03-27', 6.96, 6.96, 6.86, 6.92]
['2013-03-28', 6.88, 7.1, 6.85, 7.09]
['2013-04-01', 7.08, 7.08, 6.75, 6.83]
['2013-04-02', 6.89, 6.89, 6.74, 6.83]
['2013-04-03', 6.9, 6.9, 6.66, 6.73]
['2013-04-04', 6.74, 6.9, 6.7, 6.82]
['2013-04-05', 6.75, 6.86, 6.67, 6.73]
['2013-04-08', 6.76, 6.8, 6.66, 6.75]
['2013-04-09', 6.84, 7.01, 6.74, 6.77]
['2013-04-10', 6.8, 6.91, 6.8, 6.9]
['2013-04-11', 6.92, 7.03, 6.84, 6.94]
['2013-04-12', 6.93, 6.94, 6.83, 6.92]
['2013-04-15', 6.91, 6.91, 6.67, 6.68]
['2013-04-16', 6.76, 6.91, 6.74, 6.85]
['2013-04-17', 6.85, 6.85, 6.73, 6.75]
['2013-04-18', 6.83, 6.87, 6.73, 6.82]
['2013-04-19', 6.8, 6.89, 6.79, 6.89]
['2013-04-22', 6.91, 7.05, 6.82, 7.03]
['2013-04-23', 7.03, 7.04, 6.93, 7.01]
['2013-04-24', 7.01, 7.05, 6.89, 7.01]
['2013-04-25', 7.01, 7.03, 6.94, 7.02]
['2013-04-26', 7.01, 7.04, 6.97, 7.02]
['2013-04-29', 6.97, 7.05, 6.97, 7.05]
['2013-04-30', 7.01, 7.1, 6.94, 7.1]
['2013-05-01', 7.09, 7.12, 6.88, 6.88]
['2013-05-02', 6.93, 7.08, 6.93, 7.05]
['2013-05-03', 7.03, 7.11, 6.92, 7.01]
['2013-05-06', 7.01, 7.09, 6.94, 7.05]
['2013-05-07', 7.05, 7.1, 7.04, 7.1]
['2013-05-08', 7.09, 7.09, 6.97, 7.07]
['2013-05-09', 7.03, 7.03, 6.97, 7.01]
['2013-05-10', 7.03, 7.03, 6.9, 6.97]
['2013-05-13', 6.97, 6.99, 6.91, 6.97]
['2013-05-14', 6.97, 7.08, 6.91, 7.07]
['2013-05-15', 6.97, 7.08, 6.97, 7.07]
['2013-05-16', 7.08, 7.1, 6.99, 7.08]
['2013-05-17', 7.1, 7.11, 7.01, 7.06]
['2013-05-20', 7.07, 7.07, 7.01, 7.07]
['2013-05-21', 7.09, 7.14, 7.08, 7.14]
['2013-05-22', 7.15, 7.15, 6.97, 6.99]
['2013-05-23', 6.94, 7.13, 6.94, 7.03]
['2013-05-24', 7.04, 7.17, 6.97, 7.14]
['2013-05-28', 7.17, 7.18, 6.99, 7.03]
['2013-05-29', 6.99, 7.1, 6.97, 7.02]
['2013-05-30', 7.02, 7.07, 6.91, 6.96]
['2013-05-31', 7.02, 7.1, 6.89, 6.89]
['2013-06-03', 6.97, 7.0, 6.89, 6.93]
['2013-06-04', 6.9, 7.05, 6.9, 7.05]
['2013-06-05', 7.03, 7.05, 6.94, 6.95]
['2013-06-06', 6.97, 7.05, 6.88, 6.98]
['2013-06-07', 7.03, 7.05, 6.94, 7.05]
['2013-06-10', 7.09, 7.09, 6.96, 7.0]
['2013-06-11', 6.99, 7.18, 6.88, 6.98]
['2013-06-12', 7.13, 7.13, 6.9, 6.97]
['2013-06-13', 6.96, 7.05, 6.9, 7.05]
['2013-06-14', 7.05, 7.05, 6.94, 6.96]
['2013-06-17', 7.0, 7.17, 6.97, 7.14]
['2013-06-18', 7.05, 7.17, 6.98, 7.16]
['2013-06-19', 7.2, 7.27, 7.05, 7.13]
['2013-06-20', 7.09, 7.28, 6.98, 7.05]
['2013-06-21', 7.08, 7.21, 6.53, 6.57]
['2013-06-24', 6.53, 6.85, 6.46, 6.75]
['2013-06-25', 6.84, 6.92, 6.62, 6.91]
['2013-06-26', 6.92, 6.94, 6.76, 6.9]
['2013-06-27', 6.94, 6.96, 6.77, 6.88]
['2013-06-28', 6.93, 7.28, 6.77, 7.21]
['2013-07-01', 7.17, 7.31, 7.03, 7.24]
['2013-07-02', 7.26, 7.26, 6.93, 7.01]
['2013-07-03', 7.08, 7.23, 7.08, 7.23]
['2013-07-05', 7.28, 7.28, 6.88, 7.23]
['2013-07-08', 7.27, 7.28, 6.88, 7.12]
['2013-07-09', 7.19, 7.26, 6.9, 7.26]
['2013-07-10', 7.23, 7.26, 6.94, 7.24]
['2013-07-11', 6.99, 7.21, 6.99, 7.21]
['2013-07-12', 7.16, 7.24, 7.01, 7.17]
['2013-07-15', 7.16, 7.26, 7.1, 7.24]
['2013-07-16', 7.24, 7.24, 7.03, 7.14]
['2013-07-17', 7.15, 7.25, 7.08, 7.24]
['2013-07-18', 7.23, 7.3, 7.09, 7.17]
['2013-07-19', 7.1, 7.16, 7.05, 7.14]
['2013-07-22', 7.18, 7.28, 7.17, 7.23]
['2013-07-23', 7.26, 7.26, 7.04, 7.08]
['2013-07-24', 7.22, 7.25, 7.09, 7.17]
['2013-07-25', 7.18, 7.25, 7.06, 7.13]
['2013-07-26', 7.08, 7.28, 7.01, 7.18]
['2013-07-29', 7.16, 7.25, 7.04, 7.16]
['2013-07-30', 7.22, 7.26, 7.13, 7.26]
['2013-07-31', 7.28, 7.28, 7.13, 7.26]
['2013-08-01', 7.27, 7.27, 7.11, 7.18]
['2013-08-02', 7.16, 7.19, 7.16, 7.18]
['2013-08-05', 7.19, 7.19, 7.03, 7.03]
['2013-08-06', 7.04, 7.15, 7.0, 7.0]
['2013-08-07', 7.04, 7.11, 6.76, 6.79]
['2013-08-08', 6.94, 6.99, 6.78, 6.82]
['2013-08-09', 6.79, 6.87, 6.64, 6.75]
['2013-08-12', 6.74, 7.1, 6.74, 7.04]
['2013-08-13', 6.78, 7.09, 6.78, 7.05]
['2013-08-14', 7.05, 7.05, 6.77, 6.78]
['2013-08-15', 6.73, 6.82, 6.58, 6.76]
['2013-08-16', 6.72, 6.87, 6.67, 6.76]
['2013-08-19', 6.76, 7.05, 6.73, 6.74]
['2013-08-20', 6.86, 6.96, 6.81, 6.88]
['2013-08-21', 6.94, 7.08, 6.78, 6.78]
['2013-08-22', 6.86, 7.1, 6.83, 7.03]
['2013-08-23', 7.02, 7.03, 6.92, 7.01]
['2013-08-26', 7.04, 7.1, 6.95, 7.0]
['2013-08-27', 6.96, 7.06, 6.88, 6.9]
['2013-08-28', 6.95, 7.04, 6.9, 6.9]
['2013-08-29', 7.05, 7.05, 6.88, 6.96]
['2013-08-30', 6.94, 7.03, 6.88, 6.92]
['2013-09-03', 6.99, 6.99, 6.88, 6.93]
['2013-09-04', 6.95, 7.05, 6.93, 6.94]
['2013-09-05', 7.02, 7.05, 6.88, 6.94]
['2013-09-06', 6.94, 7.0, 6.83, 6.88]
['2013-09-09', 6.89, 7.05, 6.89, 7.01]
['2013-09-10', 6.99, 7.13, 6.99, 7.07]
['2013-09-11', 7.1, 7.21, 7.05, 7.16]
['2013-09-12', 7.13, 7.2, 7.09, 7.09]
['2013-09-13', 7.1, 7.19, 7.1, 7.12]
['2013-09-16', 7.15, 7.21, 7.12, 7.2]
['2013-09-17', 7.21, 7.27, 7.17, 7.22]
['2013-09-18', 7.2, 7.26, 7.1, 7.26]
['2013-09-19', 7.26, 7.26, 7.09, 7.17]
['2013-09-20', 7.16, 7.24, 7.06, 7.14]
['2013-09-23', 7.17, 7.21, 7.05, 7.17]
['2013-09-24', 7.13, 7.25, 7.1, 7.22]
['2013-09-25', 7.21, 7.26, 7.12, 7.19]
['2013-09-26', 7.18, 7.26, 7.09, 7.13]
['2013-09-27', 7.1, 7.21, 7.04, 7.13]
['2013-09-30', 7.12, 7.19, 7.04, 7.08]
['2013-10-01', 7.09, 7.21, 7.09, 7.18]
['2013-10-02', 7.17, 7.21, 7.04, 7.04]
['2013-10-03', 7.07, 7.08, 6.92, 6.94]
['2013-10-04', 6.94, 7.03, 6.94, 7.02]
['2013-10-07', 6.98, 7.03, 6.96, 6.96]
['2013-10-08', 7.0, 7.0, 6.93, 6.94]
['2013-10-09', 6.98, 7.03, 6.86, 6.86]
['2013-10-10', 6.93, 6.99, 6.85, 6.93]
['2013-10-11', 6.96, 6.96, 6.77, 6.9]
['2013-10-14', 6.9, 6.95, 6.78, 6.94]
['2013-10-15', 6.94, 6.98, 6.91, 6.96]
['2013-10-16', 6.97, 7.07, 6.97, 7.07]
['2013-10-17', 7.07, 7.2, 7.07, 7.13]
['2013-10-18', 7.21, 7.24, 7.11, 7.22]
['2013-10-21', 7.26, 7.26, 7.06, 7.13]
['2013-10-22', 7.04, 7.21, 7.04, 7.16]
['2013-10-23', 7.17, 7.21, 7.07, 7.12]
['2013-10-24', 7.1, 7.22, 7.1, 7.17]
['2013-10-25', 7.22, 7.26, 7.11, 7.26]
['2013-10-28', 7.26, 7.34, 7.22, 7.29]
['2013-10-29', 7.21, 7.38, 7.12, 7.29]
['2013-10-30', 7.32, 7.38, 7.19, 7.19]
['2013-10-31', 7.21, 7.33, 7.1, 7.22]
['2013-11-01', 7.18, 7.34, 7.06, 7.28]
['2013-11-04', 7.32, 7.35, 7.17, 7.17]
['2013-11-05', 7.08, 7.31, 7.05, 7.2]
['2013-11-06', 7.21, 7.35, 7.14, 7.24]
['2013-11-07', 7.29, 7.38, 7.16, 7.2]
['2013-11-08', 7.23, 7.38, 7.16, 7.38]
['2013-11-11', 7.38, 7.47, 7.27, 7.28]
['2013-11-12', 7.4, 7.46, 7.26, 7.33]
['2013-11-13', 7.12, 7.36, 7.04, 7.12]
['2013-11-14', 7.02, 7.07, 6.56, 6.96]
['2013-11-15', 6.93, 7.02, 6.82, 6.89]
['2013-11-18', 6.93, 6.95, 6.85, 6.89]
['2013-11-19', 6.94, 7.14, 6.91, 6.99]
['2013-11-20', 6.91, 6.98, 6.82, 6.98]
['2013-11-21', 7.02, 7.14, 6.87, 7.03]
['2013-11-22', 7.07, 7.26, 6.96, 7.12]
['2013-11-25', 7.12, 7.21, 7.06, 7.17]
['2013-11-26', 7.17, 7.24, 7.05, 7.17]
['2013-11-27', 7.22, 7.22, 7.02, 7.17]
['2013-11-29', 7.21, 7.26, 7.14, 7.25]
['2013-12-02', 7.24, 7.26, 6.96, 7.0]
['2013-12-03', 7.0, 7.1, 6.85, 6.91]
['2013-12-04', 6.88, 7.07, 6.87, 6.89]
['2013-12-05', 6.91, 6.95, 6.86, 6.88]
['2013-12-06', 6.94, 7.14, 6.87, 7.05]
['2013-12-09', 7.01, 7.1, 6.95, 6.96]
['2013-12-10', 6.97, 7.1, 6.97, 7.05]
['2013-12-11', 7.08, 7.15, 7.01, 7.04]
['2013-12-12', 7.04, 7.06, 6.95, 6.99]
['2013-12-13', 7.02, 7.03, 6.93, 6.99]
['2013-12-16', 7.02, 7.1, 6.98, 7.03]
['2013-12-17', 6.96, 7.11, 6.92, 7.07]
['2013-12-18', 7.09, 7.14, 6.93, 7.08]
['2013-12-19', 7.13, 7.13, 7.03, 7.08]
['2013-12-20', 7.11, 7.25, 7.04, 7.22]
['2013-12-23', 7.22, 7.3, 7.17, 7.28]
['2013-12-24', 7.22, 7.32, 7.04, 7.25]
['2013-12-26', 7.23, 7.32, 7.12, 7.28]
['2013-12-27', 7.32, 7.32, 7.16, 7.22]
['2013-12-30', 7.25, 7.28, 7.17, 7.22]
['2013-12-31', 7.16, 7.36, 7.15, 7.25]
['2014-01-02', 7.32, 7.32, 7.12, 7.13]
['2014-01-03', 7.26, 7.29, 7.13, 7.28]
['2014-01-06', 7.31, 7.31, 7.15, 7.15]
['2014-01-07', 7.12, 7.23, 7.1, 7.17]
['2014-01-08', 7.13, 7.16, 7.02, 7.06]
['2014-01-09', 7.06, 7.16, 6.8, 6.97]
['2014-01-10', 6.96, 7.01, 6.94, 7.0]
['2014-01-13', 6.95, 7.0, 6.85, 6.95]
['2014-01-14', 6.99, 7.07, 6.89, 7.03]
['2014-01-15', 7.03, 7.06, 6.9, 7.0]
['2014-01-16', 6.99, 7.02, 6.94, 6.98]
['2014-01-17', 7.01, 7.01, 6.94, 6.96]
['2014-01-21', 6.97, 7.08, 6.93, 7.08]
['2014-01-22', 7.1, 7.12, 7.01, 7.1]
['2014-01-23', 7.11, 7.12, 6.99, 7.02]
['2014-01-24', 7.02, 7.08, 6.96, 6.99]
['2014-01-27', 7.03, 7.12, 6.99, 7.01]
['2014-01-28', 7.01, 7.19, 7.01, 7.14]
['2014-01-29', 7.09, 7.2, 7.06, 7.07]
['2014-01-30', 7.1, 7.2, 7.04, 7.08]
['2014-01-31', 6.99, 7.17, 6.99, 7.1]
['2014-02-03', 7.12, 7.17, 6.88, 6.91]
['2014-02-04', 6.97, 7.03, 6.89, 6.96]
['2014-02-05', 6.94, 7.0, 6.76, 6.84]
['2014-02-06', 6.8, 6.89, 6.8, 6.85]
['2014-02-07', 6.84, 6.98, 6.83, 6.95]
['2014-02-10', 6.89, 7.07, 6.87, 6.97]
['2014-02-11', 7.01, 7.1, 6.9, 7.02]
['2014-02-12', 7.0, 7.1, 6.97, 6.97]
['2014-02-13', 6.95, 7.17, 6.95, 7.13]
['2014-02-14', 7.15, 7.19, 7.09, 7.1]
['2014-02-18', 7.2, 7.28, 7.15, 7.22]
['2014-02-19', 7.24, 7.27, 7.14, 7.2]
['2014-02-20', 7.2, 7.23, 7.04, 7.2]
['2014-02-21', 7.24, 7.27, 7.12, 7.2]
['2014-02-24', 7.24, 7.32, 7.13, 7.22]
['2014-02-25', 7.25, 7.25, 6.86, 7.0]
['2014-02-26', 7.01, 7.05, 6.93, 7.03]
['2014-02-27', 6.97, 7.18, 6.97, 7.17]
['2014-02-28', 7.2, 7.2, 6.98, 7.09]
['2014-03-03', 7.06, 7.18, 6.98, 6.98]
['2014-03-04', 7.01, 7.01, 6.89, 6.91]
['2014-03-05', 6.89, 6.95, 6.74, 6.77]
['2014-03-06', 6.84, 6.88, 6.8, 6.85]
['2014-03-07', 6.89, 6.9, 6.79, 6.84]
['2014-03-10', 6.8, 6.91, 6.66, 6.76]
['2014-03-11', 6.76, 6.88, 6.76, 6.82]
['2014-03-12', 6.83, 7.01, 6.82, 6.87]
['2014-03-13', 6.87, 6.94, 6.82, 6.85]
['2014-03-14', 6.83, 6.9, 6.78, 6.87]
['2014-03-17', 6.89, 6.9, 6.8, 6.84]
['2014-03-18', 6.9, 6.98, 6.84, 6.91]
['2014-03-19', 6.92, 6.95, 6.85, 6.93]
['2014-03-20', 6.95, 6.96, 6.85, 6.92]
['2014-03-21', 6.96, 7.01, 6.86, 7.01]
['2014-03-24', 6.97, 7.0, 6.89, 6.96]
['2014-03-25', 6.99, 7.05, 6.93, 7.0]
['2014-03-26', 7.03, 7.05, 6.9, 6.9]
['2014-03-27', 6.9, 6.95, 6.85, 6.93]
['2014-03-28', 6.93, 6.97, 6.9, 6.94]
['2014-03-31', 6.99, 6.99, 6.89, 6.93]
['2014-04-01', 6.93, 6.98, 6.91, 6.93]
['2014-04-02', 6.95, 6.95, 6.9, 6.93]
['2014-04-03', 6.94, 6.98, 6.9, 6.94]
['2014-04-04', 6.97, 6.97, 6.83, 6.88]
['2014-04-07', 6.85, 6.89, 6.77, 6.79]
['2014-04-08', 6.79, 6.9, 6.77, 6.84]
['2014-04-09', 6.86, 6.93, 6.84, 6.88]
['2014-04-10', 6.85, 6.89, 6.75, 6.8]
['2014-04-11', 6.73, 6.81, 6.67, 6.75]
['2014-04-14', 6.81, 6.82, 6.67, 6.71]
['2014-04-15', 6.6, 6.6, 5.96, 6.59]
['2014-04-16', 6.72, 6.75, 6.6, 6.63]
['2014-04-17', 6.63, 6.71, 6.59, 6.64]
['2014-04-21', 6.65, 6.71, 6.55, 6.67]
['2014-04-22', 6.65, 6.67, 6.58, 6.66]
['2014-04-23', 6.59, 6.73, 6.59, 6.65]
['2014-04-24', 6.69, 6.72, 6.64, 6.7]
['2014-04-25', 6.67, 6.72, 6.66, 6.66]
['2014-04-28', 6.64, 6.74, 6.57, 6.6]
['2014-04-29', 6.6, 6.67, 6.59, 6.64]
['2014-04-30', 6.65, 6.72, 6.62, 6.71]
['2014-05-01', 6.68, 6.75, 6.61, 6.66]
['2014-05-02', 6.66, 6.82, 6.59, 6.7]
['2014-05-05', 6.68, 6.74, 6.61, 6.68]
['2014-05-06', 6.61, 6.69, 6.61, 6.61]
['2014-05-07', 6.65, 6.73, 6.56, 6.58]
['2014-05-08', 6.55, 6.62, 6.55, 6.55]
['2014-05-09', 6.54, 6.57, 6.53, 6.57]
['2014-05-12', 6.54, 6.66, 6.54, 6.63]
['2014-05-13', 6.61, 6.76, 6.57, 6.62]
['2014-05-14', 6.59, 6.73, 6.53, 6.54]
['2014-05-15', 6.52, 6.56, 6.44, 6.45]
['2014-05-16', 6.44, 6.57, 6.44, 6.51]
['2014-05-19', 6.59, 6.67, 6.52, 6.66]
['2014-05-20', 6.62, 6.84, 6.62, 6.75]
['2014-05-21', 6.76, 6.82, 6.74, 6.76]
['2014-05-22', 6.82, 6.82, 6.74, 6.8]
['2014-05-23', 6.77, 6.84, 6.77, 6.83]
['2014-05-27', 6.84, 6.89, 6.78, 6.89]
['2014-05-28', 6.91, 6.91, 6.74, 6.83]
['2014-05-29', 6.92, 7.0, 6.74, 6.79]
['2014-05-30', 6.83, 6.88, 6.71, 6.82]
['2014-06-02', 6.85, 6.85, 6.7, 6.71]
['2014-06-03', 6.72, 6.76, 6.65, 6.66]
['2014-06-04', 6.68, 6.71, 6.66, 6.67]
['2014-06-05', 6.72, 6.77, 6.65, 6.77]
['2014-06-06', 6.82, 6.82, 6.7, 6.77]
['2014-06-09', 6.81, 6.87, 6.77, 6.85]
['2014-06-10', 6.89, 6.99, 6.85, 6.9]
['2014-06-11', 6.92, 6.94, 6.79, 6.9]
['2014-06-12', 6.94, 7.07, 6.85, 7.07]
['2014-06-13', 7.08, 7.08, 6.89, 7.06]
['2014-06-16', 7.08, 7.17, 7.05, 7.14]
['2014-06-17', 7.14, 7.26, 7.01, 7.22]
['2014-06-18', 7.31, 7.31, 6.97, 7.21]
['2014-06-19', 7.3, 7.3, 7.15, 7.21]
['2014-06-20', 7.21, 7.26, 7.09, 7.19]
['2014-06-23', 7.23, 7.23, 7.05, 7.09]
['2014-06-24', 7.13, 7.22, 6.96, 7.08]
['2014-06-25', 7.11, 7.15, 6.98, 7.03]
['2014-06-26', 7.09, 7.46, 7.06, 7.2]
['2014-06-27', 7.23, 7.27, 7.11, 7.26]
['2014-06-30', 7.23, 7.38, 7.1, 7.21]
['2014-07-01', 7.26, 7.29, 7.17, 7.21]
['2014-07-02', 7.26, 7.36, 7.14, 7.22]
['2014-07-03', 7.34, 7.34, 7.12, 7.18]
['2014-07-07', 7.15, 7.33, 7.1, 7.16]
['2014-07-08', 7.15, 7.15, 7.04, 7.05]
['2014-07-09', 7.1, 7.18, 7.07, 7.11]
['2014-07-10', 7.09, 7.14, 7.05, 7.06]
['2014-07-11', 7.08, 7.13, 7.04, 7.06]
['2014-07-14', 7.19, 7.19, 7.13, 7.16]
['2014-07-15', 7.19, 7.21, 7.14, 7.16]
['2014-07-16', 7.17, 7.2, 7.13, 7.13]
['2014-07-17', 7.11, 7.21, 7.11, 7.12]
['2014-07-18', 7.15, 7.3, 7.1, 7.25]
['2014-07-21', 7.24, 7.32, 7.09, 7.09]
['2014-07-22', 7.12, 7.19, 7.11, 7.11]
['2014-07-23', 7.15, 7.18, 7.09, 7.09]
['2014-07-24', 7.11, 7.16, 7.09, 7.13]
['2014-07-25', 7.14, 7.19, 7.1, 7.19]
['2014-07-28', 7.17, 7.2, 7.09, 7.17]
['2014-07-29', 7.19, 7.23, 7.1, 7.13]
['2014-07-30', 7.16, 7.22, 7.12, 7.14]
['2014-07-31', 7.1, 7.17, 6.95, 7.01]
['2014-08-01', 7.0, 7.12, 6.96, 7.01]
['2014-08-04', 7.0, 7.18, 6.96, 7.16]
['2014-08-05', 7.11, 7.12, 6.96, 6.97]
['2014-08-06', 7.02, 7.19, 7.01, 7.11]
['2014-08-07', 7.15, 7.2, 6.97, 6.99]
['2014-08-08', 7.03, 7.21, 6.99, 7.11]
['2014-08-11', 7.15, 7.16, 7.07, 7.15]
['2014-08-12', 7.14, 7.15, 7.05, 7.15]
['2014-08-13', 7.17, 7.2, 7.08, 7.13]
['2014-08-14', 7.08, 7.17, 7.07, 7.12]
['2014-08-15', 7.16, 7.19, 7.07, 7.14]
['2014-08-18', 7.17, 7.34, 7.11, 7.24]
['2014-08-19', 7.28, 7.29, 7.18, 7.18]
['2014-08-20', 7.21, 7.3, 7.14, 7.29]
['2014-08-21', 7.32, 7.34, 7.21, 7.26]
['2014-08-22', 7.29, 7.29, 7.22, 7.26]
['2014-08-25', 7.28, 7.28, 7.13, 7.23]
['2014-08-26', 7.28, 7.28, 7.21, 7.25]
['2014-08-27', 7.36, 7.36, 7.23, 7.28]
['2014-08-28', 7.3, 7.34, 7.22, 7.25]
['2014-08-29', 7.3, 7.3, 7.2, 7.3]
['2014-09-02', 7.31, 7.32, 7.23, 7.26]
['2014-09-03', 7.3, 7.34, 7.23, 7.29]
['2014-09-04', 7.27, 7.39, 7.24, 7.3]
['2014-09-05', 7.29, 7.29, 7.24, 7.27]
['2014-09-08', 7.3, 7.3, 7.25, 7.26]
['2014-09-09', 7.26, 7.28, 7.21, 7.23]
['2014-09-10', 7.26, 7.26, 7.2, 7.24]
['2014-09-11', 7.25, 7.26, 7.2, 7.2]
['2014-09-12', 7.23, 7.24, 7.08, 7.11]
['2014-09-15', 7.17, 7.23, 7.13, 7.21]
['2014-09-16', 7.22, 7.22, 7.14, 7.2]
['2014-09-17', 7.28, 7.4, 7.2, 7.36]
['2014-09-18', 7.39, 7.41, 7.27, 7.36]
['2014-09-19', 7.4, 7.48, 7.34, 7.34]
['2014-09-22', 7.36, 7.46, 7.19, 7.28]
['2014-09-23', 7.3, 7.32, 7.18, 7.19]
['2014-09-24', 7.21, 7.27, 7.13, 7.13]
['2014-09-25', 7.13, 7.26, 7.01, 7.05]
['2014-09-26', 7.09, 7.21, 7.07, 7.14]
['2014-09-29', 7.14, 7.19, 7.07, 7.11]
['2014-09-30', 7.15, 7.15, 6.85, 6.85]
['2014-10-01', 6.91, 6.95, 6.82, 6.94]
['2014-10-02', 6.97, 7.04, 6.87, 6.96]
['2014-10-03', 7.04, 7.09, 6.95, 7.07]
['2014-10-06', 7.12, 7.12, 7.03, 7.07]
['2014-10-07', 6.98, 7.02, 6.84, 6.88]
['2014-10-08', 6.83, 6.88, 6.8, 6.82]
['2014-10-09', 6.87, 6.9, 6.79, 6.85]
['2014-10-10', 6.88, 6.92, 6.78, 6.8]
['2014-10-13', 6.74, 6.85, 6.65, 6.69]
['2014-10-14', 6.7, 6.7, 6.52, 6.54]
['2014-10-15', 6.5, 6.52, 6.16, 6.39]
['2014-10-16', 6.32, 6.66, 6.31, 6.57]
['2014-10-17', 6.63, 6.85, 6.5, 6.82]
['2014-10-20', 6.82, 6.93, 6.65, 6.72]
['2014-10-21', 6.73, 6.88, 6.66, 6.8]
['2014-10-22', 6.77, 6.93, 6.67, 6.75]
['2014-10-23', 6.79, 6.79, 6.45, 6.59]
['2014-10-24', 6.62, 6.63, 6.52, 6.58]
['2014-10-27', 6.52, 6.59, 6.48, 6.53]
['2014-10-28', 6.55, 6.55, 6.48, 6.54]
['2014-10-29', 6.58, 6.63, 6.52, 6.61]
['2014-10-30', 6.64, 6.67, 6.49, 6.66]
['2014-10-31', 6.73, 6.73, 6.6, 6.66]
['2014-11-03', 6.7, 6.82, 6.65, 6.73]
['2014-11-04', 6.75, 6.75, 6.59, 6.66]
['2014-11-05', 6.68, 6.73, 6.63, 6.69]
['2014-11-06', 6.73, 6.73, 6.6, 6.66]
['2014-11-07', 6.7, 6.72, 6.6, 6.72]
['2014-11-10', 6.7, 6.74, 6.67, 6.7]
['2014-11-11', 6.63, 6.64, 6.37, 6.47]
['2014-11-12', 6.44, 6.48, 6.39, 6.41]
['2014-11-13', 6.47, 6.51, 6.41, 6.48]
['2014-11-14', 6.51, 6.54, 6.45, 6.53]
['2014-11-17', 6.57, 6.57, 6.45, 6.53]
['2014-11-18', 6.54, 6.61, 6.47, 6.49]
['2014-11-19', 6.52, 6.57, 6.25, 6.39]
['2014-11-20', 6.41, 6.5, 6.35, 6.5]
['2014-11-21', 6.45, 6.59, 6.38, 6.45]
['2014-11-24', 6.43, 6.49, 6.36, 6.37]
['2014-11-25', 6.37, 6.44, 6.37, 6.4]
['2014-11-26', 6.4, 6.45, 6.28, 6.31]
['2014-11-28', 6.38, 6.45, 6.27, 6.44]
['2014-12-01', 6.41, 6.41, 6.22, 6.34]
['2014-12-02', 6.31, 6.34, 6.27, 6.33]
['2014-12-03', 6.34, 6.39, 6.26, 6.28]
['2014-12-04', 6.3, 6.39, 6.23, 6.38]
['2014-12-05', 6.38, 6.44, 6.26, 6.3]
['2014-12-08', 6.32, 6.32, 6.0, 6.05]
['2014-12-09', 6.04, 6.11, 5.95, 6.05]
['2014-12-10', 6.07, 6.2, 6.03, 6.07]
['2014-12-11', 6.06, 6.12, 5.99, 6.04]
['2014-12-12', 5.99, 6.04, 5.89, 5.98]
['2014-12-15', 5.96, 6.33, 5.91, 6.03]
['2014-12-16', 6.0, 6.0, 5.87, 5.96]
['2014-12-17', 5.94, 6.13, 5.89, 6.07]
['2014-12-18', 6.01, 6.21, 6.0, 6.19]
['2014-12-19', 6.2, 6.28, 6.17, 6.22]
['2014-12-22', 6.18, 6.22, 6.01, 6.08]
['2014-12-23', 6.08, 6.29, 6.0, 6.28]
['2014-12-24', 6.17, 6.37, 6.14, 6.29]
['2014-12-26', 6.23, 6.35, 6.19, 6.28]
['2014-12-29', 6.29, 6.37, 6.15, 6.2]
['2014-12-30', 6.14, 6.22, 6.14, 6.18]
['2014-12-31', 6.14, 6.34, 6.14, 6.17]
['2015-01-02', 6.24, 6.31, 6.15, 6.25]
['2015-01-05', 6.27, 6.38, 6.21, 6.26]
['2015-01-06', 6.31, 6.37, 6.25, 6.26]
['2015-01-07', 6.27, 6.51, 6.25, 6.32]
['2015-01-08', 6.28, 6.37, 6.2, 6.31]
['2015-01-09', 6.26, 6.3, 6.24, 6.3]
['2015-01-12', 6.33, 6.33, 6.2, 6.25]
['2015-01-13', 6.27, 6.27, 6.16, 6.18]
['2015-01-14', 6.14, 6.16, 6.06, 6.09]
['2015-01-15', 6.09, 6.12, 6.01, 6.05]
['2015-01-16', 6.1, 6.11, 6.01, 6.04]
['2015-01-20', 6.06, 6.11, 6.03, 6.04]
['2015-01-21', 6.06, 6.19, 6.02, 6.05]
['2015-01-22', 6.06, 6.06, 5.98, 6.03]
['2015-01-23', 6.04, 6.05, 5.96, 6.05]
['2015-01-26', 6.01, 6.07, 6.0, 6.07]
['2015-01-27', 6.02, 6.08, 5.99, 6.06]
['2015-01-28', 6.07, 6.12, 6.05, 6.11]
['2015-01-29', 6.08, 6.13, 6.05, 6.07]
['2015-01-30', 6.02, 6.06, 5.96, 6.0]
['2015-02-02', 6.02, 6.08, 5.98, 6.06]
['2015-02-03', 6.07, 6.23, 5.98, 6.18]
['2015-02-04', 6.15, 6.22, 6.1, 6.22]
['2015-02-05', 6.23, 6.35, 6.19, 6.3]
['2015-02-06', 6.32, 6.48, 6.26, 6.36]
['2015-02-09', 6.37, 6.37, 6.27, 6.34]
['2015-02-10', 6.32, 6.38, 6.29, 6.37]
['2015-02-11', 6.38, 6.43, 6.34, 6.36]
['2015-02-12', 6.35, 6.44, 6.28, 6.41]
['2015-02-13', 6.44, 6.51, 6.44, 6.49]
['2015-02-17', 6.49, 6.51, 6.41, 6.51]
['2015-02-18', 6.46, 6.54, 6.46, 6.54]
['2015-02-19', 6.54, 6.54, 6.49, 6.51]
['2015-02-20', 6.48, 6.59, 6.48, 6.54]
['2015-02-23', 6.55, 6.62, 6.5, 6.53]
['2015-02-24', 6.52, 6.61, 6.51, 6.61]
['2015-02-25', 6.45, 6.59, 6.45, 6.55]
['2015-02-26', 6.52, 6.59, 6.52, 6.58]
['2015-02-27', 6.61, 6.65, 6.55, 6.61]
['2015-03-02', 6.67, 6.67, 6.55, 6.59]
['2015-03-03', 6.55, 6.72, 6.55, 6.7]
['2015-03-04', 6.67, 6.76, 6.55, 6.72]
['2015-03-05', 6.69, 6.77, 6.69, 6.74]
['2015-03-06', 6.74, 6.87, 6.74, 6.81]
['2015-03-09', 6.86, 6.9, 6.81, 6.84]
['2015-03-10', 6.84, 6.9, 6.78, 6.83]
['2015-03-11', 6.83, 6.89, 6.83, 6.89]
['2015-03-12', 6.9, 6.92, 6.85, 6.85]
['2015-03-13', 6.86, 6.9, 6.85, 6.85]
['2015-03-16', 6.85, 6.86, 6.79, 6.85]
['2015-03-17', 6.83, 6.86, 6.77, 6.84]
['2015-03-18', 6.88, 6.92, 6.79, 6.88]
['2015-03-19', 6.86, 6.95, 6.83, 6.84]
['2015-03-20', 6.88, 6.91, 6.66, 6.9]
['2015-03-23', 6.9, 7.0, 6.9, 6.96]
['2015-03-24', 6.93, 6.97, 6.88, 6.93]
['2015-03-25', 6.92, 6.96, 6.83, 6.96]
['2015-03-26', 6.92, 6.92, 6.87, 6.92]
['2015-03-27', 6.9, 6.94, 6.82, 6.93]
['2015-03-30', 6.94, 7.0, 6.89, 7.0]
['2015-03-31', 7.0, 7.02, 6.8, 6.82]
['2015-04-01', 6.86, 6.9, 6.74, 6.89]
['2015-04-02', 6.9, 6.94, 6.8, 6.92]
['2015-04-06', 6.92, 7.0, 6.89, 6.96]
['2015-04-07', 6.97, 6.98, 6.87, 6.97]
['2015-04-08', 6.93, 6.96, 6.92, 6.92]
['2015-04-09', 6.94, 6.97, 6.92, 6.94]
['2015-04-10', 6.92, 7.0, 6.92, 7.0]
['2015-04-13', 6.98, 7.01, 6.93, 6.96]
['2015-04-14', 6.96, 7.05, 6.92, 7.0]
['2015-04-15', 7.0, 7.02, 6.92, 6.97]
['2015-04-16', 6.98, 7.08, 6.92, 6.99]
['2015-04-17', 7.0, 7.02, 6.92, 6.93]
['2015-04-20', 6.97, 7.02, 6.92, 6.96]
['2015-04-21', 6.97, 6.99, 6.93, 6.98]
['2015-04-22', 6.97, 6.99, 6.94, 6.97]
['2015-04-23', 6.97, 6.98, 6.94, 6.95]
['2015-04-24', 6.93, 7.0, 6.93, 6.97]
['2015-04-27', 6.99, 7.03, 6.95, 6.95]
['2015-04-28', 6.96, 6.99, 6.95, 6.99]
['2015-04-29', 6.94, 7.02, 6.94, 6.99]
['2015-04-30', 6.96, 7.03, 6.95, 7.0]
['2015-05-01', 6.96, 7.05, 6.96, 7.0]
['2015-05-04', 6.99, 7.08, 6.94, 7.02]
['2015-05-05', 7.02, 7.05, 6.98, 7.03]
['2015-05-06', 7.04, 7.08, 7.02, 7.08]
['2015-05-07', 7.09, 7.19, 7.08, 7.18]
['2015-05-08', 7.2, 7.38, 7.18, 7.31]
['2015-05-11', 7.32, 7.57, 7.31, 7.43]
['2015-05-12', 7.44, 7.53, 7.29, 7.38]
['2015-05-13', 7.37, 7.48, 7.31, 7.33]
['2015-05-14', 7.32, 7.49, 7.28, 7.37]
['2015-05-15', 7.35, 7.48, 7.35, 7.37]
['2015-05-18', 7.34, 7.44, 7.34, 7.39]
['2015-05-19', 7.4, 7.46, 7.27, 7.33]
['2015-05-20', 7.37, 7.43, 7.09, 7.27]
['2015-05-21', 7.27, 7.36, 7.19, 7.24]
['2015-05-22', 7.22, 7.36, 7.08, 7.22]
['2015-05-26', 7.25, 7.28, 7.22, 7.27]
['2015-05-27', 7.3, 7.37, 7.26, 7.33]
['2015-05-28', 7.29, 7.34, 7.2, 7.27]
['2015-05-29', 7.28, 7.32, 7.18, 7.21]
['2015-06-01', 7.26, 7.28, 7.18, 7.21]
['2015-06-02', 7.22, 7.25, 7.14, 7.25]
['2015-06-03', 7.26, 7.29, 7.15, 7.24]
['2015-06-04', 7.2, 7.2, 7.14, 7.19]
['2015-06-05', 7.2, 7.28, 7.15, 7.27]
['2015-06-08', 7.28, 7.28, 7.14, 7.27]
['2015-06-09', 7.26, 7.26, 7.1, 7.14]
['2015-06-10', 7.14, 7.15, 6.88, 7.0]
['2015-06-11', 7.03, 7.09, 6.96, 7.05]
['2015-06-12', 7.06, 7.07, 6.94, 7.03]
['2015-06-15', 7.05, 7.13, 7.0, 7.12]
['2015-06-16', 7.05, 7.31, 7.05, 7.25]
['2015-06-17', 7.28, 7.38, 7.18, 7.35]
['2015-06-18', 7.36, 7.89, 7.23, 7.33]
['2015-06-19', 7.29, 7.33, 7.2, 7.28]
['2015-06-22', 7.19, 7.32, 7.19, 7.19]
['2015-06-23', 7.22, 7.32, 7.15, 7.15]
['2015-06-24', 7.15, 7.29, 7.15, 7.25]
['2015-06-25', 7.36, 7.43, 7.19, 7.23]
['2015-06-26', 7.32, 7.33, 7.14, 7.29]
['2015-06-29', 7.29, 7.36, 7.15, 7.16]
['2015-06-30', 7.19, 7.47, 7.14, 7.14]
['2015-07-01', 7.22, 7.22, 6.94, 7.12]
['2015-07-02', 7.16, 7.19, 6.98, 7.12]
['2015-07-06', 7.09, 7.19, 7.0, 7.19]
['2015-07-07', 7.22, 7.22, 6.9, 7.14]
['2015-07-08', 7.12, 7.12, 6.97, 7.07]
['2015-07-09', 7.06, 7.08, 6.97, 7.01]
['2015-07-10', 6.99, 7.03, 6.89, 7.02]
['2015-07-13', 7.0, 7.06, 6.91, 6.97]
['2015-07-14', 6.96, 7.02, 6.88, 7.02]
['2015-07-15', 7.05, 7.06, 6.85, 7.0]
['2015-07-16', 6.97, 7.12, 6.93, 7.12]
['2015-07-17', 7.11, 7.33, 6.99, 7.2]
['2015-07-20', 7.24, 7.24, 7.0, 7.03]
['2015-07-21', 7.06, 7.17, 7.0, 7.09]
['2015-07-22', 7.09, 7.15, 6.89, 6.89]
['2015-07-23', 6.95, 6.99, 6.64, 6.69]
['2015-07-24', 6.74, 6.81, 6.6, 6.72]
['2015-07-27', 6.68, 6.71, 6.49, 6.56]
['2015-07-28', 6.6, 6.72, 6.52, 6.65]
['2015-07-29', 6.69, 6.77, 6.63, 6.66]
['2015-07-30', 6.68, 6.88, 6.68, 6.7]
['2015-07-31', 6.67, 6.82, 6.54, 6.68]
['2015-08-03', 6.66, 6.66, 6.49, 6.6]
['2015-08-04', 6.63, 6.63, 6.49, 6.59]
['2015-08-05', 6.65, 6.8, 6.36, 6.69]
['2015-08-06', 6.97, 7.33, 6.84, 7.3]
['2015-08-07', 7.25, 7.31, 7.12, 7.16]
['2015-08-10', 7.15, 7.25, 6.79, 7.11]
['2015-08-11', 7.11, 7.15, 6.78, 6.93]
['2015-08-12', 6.86, 7.06, 6.82, 7.03]
['2015-08-13', 7.02, 7.13, 6.98, 7.03]
['2015-08-14', 7.01, 7.15, 7.0, 7.12]
['2015-08-17', 7.13, 7.32, 7.05, 7.21]
['2015-08-18', 7.19, 7.31, 7.16, 7.18]
['2015-08-19', 7.18, 7.21, 7.09, 7.21]
['2015-08-20', 7.21, 7.23, 7.13, 7.16]
['2015-08-21', 7.19, 7.25, 7.08, 7.18]
['2015-08-24', 6.91, 7.01, 6.91, 7.01]
['2015-08-25', 6.95, 7.11, 6.95, 6.98]
['2015-08-26', 7.0, 7.14, 6.92, 7.06]
['2015-08-27', 7.07, 7.22, 7.02, 7.05]
['2015-08-28', 7.03, 7.18, 7.02, 7.1]
['2015-08-31', 7.09, 7.16, 7.09, 7.16]
['2015-09-01', 7.11, 7.2, 7.1, 7.18]
['2015-09-02', 7.16, 7.19, 7.14, 7.17]
['2015-09-03', 7.19, 7.3, 7.16, 7.24]
['2015-09-04', 7.22, 7.31, 7.16, 7.27]
['2015-09-08', 7.37, 7.37, 7.31, 7.36]
['2015-09-09', 7.34, 7.48, 7.34, 7.41]
['2015-09-10', 7.34, 7.49, 7.34, 7.42]
['2015-09-11', 7.47, 7.49, 7.37, 7.44]
['2015-09-14', 7.49, 7.63, 7.48, 7.58]
['2015-09-15', 7.59, 7.64, 7.53, 7.62]
['2015-09-16', 7.62, 7.72, 7.59, 7.65]
['2015-09-17', 7.68, 7.68, 7.44, 7.51]
['2015-09-18', 7.51, 7.62, 7.51, 7.58]
['2015-09-21', 7.57, 7.66, 7.57, 7.65]
['2015-09-22', 7.57, 7.68, 7.48, 7.54]
['2015-09-23', 7.54, 7.68, 7.47, 7.47]
['2015-09-24', 7.51, 7.83, 7.43, 7.75]
['2015-09-25', 7.77, 7.97, 7.76, 7.78]
['2015-09-28', 7.77, 7.84, 7.0, 7.07]
['2015-09-29', 7.08, 7.13, 6.67, 6.67]
['2015-09-30', 6.82, 7.1, 6.66, 6.74]
['2015-10-01', 6.74, 7.22, 6.74, 7.21]
['2015-10-02', 7.18, 7.22, 7.04, 7.2]
['2015-10-05', 7.28, 7.42, 7.26, 7.39]
['2015-10-06', 7.42, 7.48, 7.36, 7.39]
['2015-10-07', 7.43, 7.56, 7.43, 7.52]
['2015-10-08', 7.47, 7.68, 7.47, 7.6]
['2015-10-09', 7.64, 7.7, 7.52, 7.58]
['2015-10-12', 7.58, 7.85, 7.52, 7.72]
['2015-10-13', 7.66, 7.82, 7.65, 7.68]
['2015-10-14', 7.73, 7.78, 7.58, 7.65]
['2015-10-15', 7.61, 7.85, 7.61, 7.79]
['2015-10-16', 7.8, 7.9, 7.77, 7.85]
['2015-10-19', 7.81, 7.92, 7.8, 7.8]
['2015-10-20', 7.83, 7.9, 7.79, 7.81]
['2015-10-21', 7.76, 7.83, 7.75, 7.77]
['2015-10-22', 7.84, 7.84, 7.75, 7.78]
['2015-10-23', 7.78, 7.78, 7.45, 7.47]
['2015-10-26', 7.48, 7.5, 6.81, 6.82]
['2015-10-27', 6.82, 6.95, 6.77, 6.81]
['2015-10-28', 6.85, 6.88, 6.6, 6.83]
['2015-10-29', 6.75, 6.91, 6.75, 6.77]
['2015-10-30', 6.82, 6.85, 6.75, 6.77]
['2015-11-02', 6.78, 6.86, 6.7, 6.83]
['2015-11-03', 6.79, 6.89, 6.72, 6.84]
['2015-11-04', 6.89, 6.95, 6.78, 6.81]
['2015-11-05', 6.93, 7.04, 6.77, 6.8]
['2015-11-06', 6.75, 7.14, 6.75, 7.08]
['2015-11-09', 7.11, 7.13, 6.98, 6.98]
['2015-11-10', 6.97, 7.03, 6.92, 6.97]
['2015-11-11', 7.01, 7.15, 6.98, 7.1]
['2015-11-12', 7.09, 7.14, 7.06, 7.07]
['2015-11-13', 7.1, 7.2, 7.09, 7.13]
['2015-11-16', 7.12, 7.2, 7.12, 7.18]
['2015-11-17', 7.19, 7.23, 7.1, 7.2]
['2015-11-18', 7.17, 7.28, 7.17, 7.25]
['2015-11-19', 7.25, 7.34, 7.25, 7.32]
['2015-11-20', 7.32, 7.43, 7.32, 7.35]
['2015-11-23', 7.37, 7.53, 7.33, 7.47]
['2015-11-24', 7.43, 7.48, 7.35, 7.4]
['2015-11-25', 7.46, 7.51, 7.27, 7.36]
['2015-11-27', 7.31, 7.34, 7.29, 7.33]
['2015-11-30', 7.37, 7.44, 7.32, 7.39]
['2015-12-01', 7.37, 7.53, 7.37, 7.46]
['2015-12-02', 7.48, 7.48, 7.42, 7.43]
['2015-12-03', 7.39, 7.48, 7.32, 7.32]
['2015-12-04', 7.39, 7.39, 7.31, 7.34]
['2015-12-07', 7.34, 7.4, 7.01, 7.06]
['2015-12-08', 6.99, 7.02, 6.87, 6.88]
['2015-12-09', 6.95, 6.97, 6.75, 6.8]
['2015-12-10', 6.76, 6.95, 6.75, 6.94]
['2015-12-11', 6.8, 6.95, 6.75, 6.8]
['2015-12-14', 6.85, 6.86, 6.47, 6.6]
['2015-12-15', 6.6, 6.74, 6.52, 6.72]
['2015-12-16', 6.69, 6.92, 6.56, 6.91]
['2015-12-17', 6.85, 6.99, 6.79, 6.81]
['2015-12-18', 6.79, 6.9, 6.63, 6.73]
['2015-12-21', 6.74, 6.76, 6.59, 6.69]
['2015-12-22', 6.68, 6.72, 6.62, 6.69]
['2015-12-23', 6.68, 6.91, 6.65, 6.85]
['2015-12-24', 6.9, 7.03, 6.84, 6.84]
['2015-12-28', 6.83, 7.08, 6.77, 7.03]
['2015-12-29', 7.06, 7.22, 7.02, 7.16]
['2015-12-30', 7.09, 7.18, 7.08, 7.1]
['2015-12-31', 7.08, 7.28, 6.85, 6.85]
['2016-01-04', 6.9, 7.25, 6.86, 6.87]
['2016-01-05', 6.82, 7.31, 6.78, 7.31]
['2016-01-06', 7.09, 7.29, 6.97, 7.0]
['2016-01-07', 6.86, 7.06, 6.67, 6.67]
['2016-01-08', 6.64, 6.84, 6.64, 6.68]
['2016-01-11', 6.66, 6.68, 6.48, 6.59]
['2016-01-12', 6.59, 6.69, 6.47, 6.47]
['2016-01-13', 6.47, 6.54, 6.19, 6.21]
['2016-01-14', 6.22, 6.22, 5.77, 6.08]
['2016-01-15', 5.96, 6.28, 5.67, 6.11]
['2016-01-19', 6.21, 6.48, 6.09, 6.14]
['2016-01-20', 5.98, 5.98, 5.51, 5.77]
['2016-01-21', 5.83, 6.08, 5.66, 5.71]
['2016-01-22', 5.74, 6.2, 5.74, 6.13]
['2016-01-25', 6.04, 6.07, 5.74, 5.76]
['2016-01-26', 5.79, 6.01, 5.61, 5.67]
['2016-01-27', 5.74, 5.79, 5.58, 5.64]
['2016-01-28', 5.67, 5.73, 5.58, 5.64]
['2016-01-29', 5.65, 5.78, 5.62, 5.65]
['2016-02-01', 5.61, 5.73, 5.56, 5.73]
['2016-02-02', 5.7, 5.76, 5.55, 5.76]
['2016-02-03', 5.77, 5.77, 5.56, 5.7]
['2016-02-04', 5.65, 5.73, 5.62, 5.67]
['2016-02-05', 5.68, 5.74, 5.61, 5.7]
['2016-02-08', 5.7, 5.76, 5.67, 5.76]
['2016-02-09', 5.67, 5.74, 5.62, 5.62]
['2016-02-10', 5.62, 5.71, 5.58, 5.64]
['2016-02-11', 5.61, 5.71, 5.58, 5.7]
['2016-02-12', 5.71, 5.83, 5.55, 5.67]
['2016-02-16', 5.69, 5.84, 5.53, 5.62]
['2016-02-17', 5.6, 5.7, 5.56, 5.61]
['2016-02-18', 5.57, 5.7, 5.56, 5.66]
['2016-02-19', 5.59, 5.74, 5.46, 5.6]
['2016-02-22', 5.62, 5.7, 5.57, 5.62]
['2016-02-23', 5.58, 5.66, 5.57, 5.64]
['2016-02-24', 5.56, 5.64, 5.56, 5.63]
['2016-02-25', 5.63, 5.72, 5.61, 5.68]
['2016-02-26', 5.65, 5.74, 5.62, 5.65]
['2016-02-29', 5.66, 5.95, 5.66, 5.92]
['2016-03-01', 5.9, 5.96, 5.85, 5.89]
['2016-03-02', 5.82, 5.93, 5.77, 5.93]
['2016-03-03', 5.87, 5.97, 5.72, 5.93]
['2016-03-04', 6.24, 6.24, 5.92, 6.06]
['2016-03-07', 6.1, 6.22, 5.8, 5.96]
['2016-03-08', 5.87, 6.02, 5.87, 5.94]
['2016-03-09', 5.94, 6.07, 5.94, 6.01]
['2016-03-10', 5.99, 6.09, 5.95, 6.06]
['2016-03-11', 6.03, 6.19, 6.03, 6.06]
['2016-03-14', 6.07, 6.24, 6.07, 6.24]
['2016-03-15', 6.2, 6.23, 6.11, 6.13]
['2016-03-16', 6.18, 6.29, 6.06, 6.29]
['2016-03-17', 6.27, 6.4, 6.19, 6.28]
['2016-03-18', 6.32, 6.61, 6.27, 6.3]
['2016-03-21', 6.28, 6.52, 6.25, 6.44]
['2016-03-22', 6.46, 6.46, 6.27, 6.4]
['2016-03-23', 6.4, 6.49, 6.35, 6.39]
['2016-03-24', 6.37, 6.49, 6.31, 6.35]
['2016-03-28', 6.34, 6.46, 6.28, 6.31]
['2016-03-29', 6.27, 6.43, 6.27, 6.38]
['2016-03-30', 6.4, 6.46, 6.35, 6.39]
['2016-03-31', 6.36, 6.42, 6.27, 6.41]
['2016-04-01', 6.35, 6.46, 6.35, 6.41]
['2016-04-04', 6.42, 6.44, 6.26, 6.3]
['2016-04-05', 6.26, 6.36, 6.2, 6.2]
['2016-04-06', 6.22, 6.35, 6.19, 6.33]
['2016-04-07', 6.32, 6.4, 6.25, 6.28]
['2016-04-08', 6.32, 6.4, 6.22, 6.24]
['2016-04-11', 6.22, 6.35, 6.2, 6.26]
['2016-04-12', 6.24, 6.42, 6.18, 6.2]
['2016-04-13', 6.21, 6.28, 6.12, 6.27]
['2016-04-14', 6.22, 6.27, 6.19, 6.19]
['2016-04-15', 6.15, 6.24, 6.09, 6.17]
['2016-04-18', 6.14, 6.22, 6.13, 6.18]
['2016-04-19', 6.18, 6.25, 6.16, 6.22]
['2016-04-20', 6.22, 6.24, 6.13, 6.14]
['2016-04-21', 6.14, 6.25, 6.13, 6.17]
['2016-04-22', 6.17, 6.27, 6.15, 6.25]
['2016-04-25', 6.22, 6.24, 6.16, 6.16]
['2016-04-26', 6.17, 6.27, 6.15, 6.16]
['2016-04-27', 6.16, 6.27, 6.15, 6.19]
['2016-04-28', 6.18, 6.23, 6.15, 6.15]
['2016-04-29', 6.15, 6.24, 6.13, 6.17]
['2016-05-02', 6.14, 6.24, 6.12, 6.12]
['2016-05-03', 6.12, 6.14, 5.99, 6.06]
['2016-05-04', 6.0, 6.08, 5.95, 6.08]
['2016-05-05', 6.09, 6.22, 6.06, 6.22]
['2016-05-06', 6.18, 6.37, 6.15, 6.3]
['2016-05-09', 6.35, 6.35, 6.19, 6.22]
['2016-05-10', 6.24, 6.36, 6.24, 6.31]
['2016-05-11', 6.31, 6.46, 6.31, 6.42]
['2016-05-12', 6.41, 6.54, 6.33, 6.4]
['2016-05-13', 6.43, 6.49, 6.36, 6.46]
['2016-05-16', 6.45, 6.54, 6.34, 6.49]
['2016-05-17', 6.43, 6.53, 6.33, 6.47]
['2016-05-18', 6.43, 6.55, 6.41, 6.51]
['2016-05-19', 6.46, 6.54, 6.02, 6.12]
['2016-05-20', 6.14, 6.32, 6.1, 6.22]
['2016-05-23', 6.2, 6.32, 6.15, 6.26]
['2016-05-24', 6.26, 6.4, 6.26, 6.36]
['2016-05-25', 6.3, 6.42, 6.3, 6.4]
['2016-05-26', 6.4, 6.42, 6.31, 6.31]
['2016-05-27', 6.34, 6.38, 6.33, 6.38]
['2016-05-31', 6.41, 6.51, 6.36, 6.46]
['2016-06-01', 6.49, 6.57, 6.45, 6.57]
['2016-06-02', 6.57, 6.66, 6.56, 6.66]
['2016-06-03', 6.66, 6.69, 6.55, 6.61]
['2016-06-06', 6.61, 6.78, 6.56, 6.78]
['2016-06-07', 6.82, 6.82, 6.62, 6.7]
['2016-06-08', 6.7, 6.8, 6.57, 6.74]
['2016-06-09', 6.74, 6.8, 6.62, 6.77]
['2016-06-10', 6.75, 6.76, 6.64, 6.67]
['2016-06-13', 6.65, 6.73, 6.53, 6.71]
['2016-06-14', 6.7, 6.75, 6.59, 6.67]
['2016-06-15', 6.61, 6.95, 6.61, 6.77]
['2016-06-16', 6.58, 6.82, 6.58, 6.76]
['2016-06-17', 6.74, 6.8, 6.63, 6.76]
['2016-06-20', 6.8, 7.13, 6.78, 6.82]
['2016-06-21', 6.81, 6.81, 6.74, 6.79]
['2016-06-22', 6.81, 7.02, 6.79, 6.81]
['2016-06-23', 6.88, 7.01, 6.72, 6.81]
['2016-06-24', 6.74, 6.94, 6.73, 6.9]
['2016-06-27', 6.85, 6.93, 6.69, 6.71]
['2016-06-28', 6.73, 6.85, 6.71, 6.72]
['2016-06-29', 6.78, 6.97, 6.78, 6.93]
['2016-06-30', 6.93, 7.02, 6.87, 6.91]
['2016-07-01', 6.91, 6.99, 6.87, 6.98]
['2016-07-05', 7.03, 7.18, 7.01, 7.18]
['2016-07-06', 7.17, 7.24, 7.1, 7.2]
['2016-07-07', 7.22, 7.32, 7.18, 7.28]
['2016-07-08', 7.29, 7.36, 7.25, 7.34]
['2016-07-11', 7.36, 7.45, 7.32, 7.37]
['2016-07-12', 7.4, 7.4, 7.34, 7.35]
['2016-07-13', 7.34, 7.4, 7.31, 7.34]
['2016-07-14', 7.4, 7.4, 7.34, 7.36]
['2016-07-15', 7.4, 7.4, 7.35, 7.35]
['2016-07-18', 7.39, 7.4, 7.34, 7.36]
['2016-07-19', 7.36, 7.39, 7.32, 7.34]
['2016-07-20', 7.36, 7.38, 7.29, 7.36]
['2016-07-21', 7.34, 7.37, 7.22, 7.27]
['2016-07-22', 7.26, 7.36, 7.26, 7.34]
['2016-07-25', 7.27, 7.37, 7.11, 7.29]
['2016-07-26', 7.28, 7.41, 7.17, 7.41]
['2016-07-27', 7.34, 7.41, 7.34, 7.4]
['2016-07-28', 7.41, 7.45, 7.34, 7.34]
['2016-07-29', 7.34, 7.46, 7.31, 7.34]
['2016-08-01', 7.39, 7.42, 7.24, 7.24]
['2016-08-02', 7.26, 7.45, 7.25, 7.26]
['2016-08-03', 7.26, 7.38, 7.21, 7.29]
['2016-08-04', 7.33, 7.4, 7.19, 7.31]
['2016-08-05', 7.28, 7.5, 7.26, 7.4]
['2016-08-08', 7.4, 8.12, 7.4, 7.71]
['2016-08-09', 7.54, 7.59, 7.44, 7.53]
['2016-08-10', 7.58, 7.58, 7.37, 7.4]
['2016-08-11', 7.41, 7.47, 7.41, 7.41]
['2016-08-12', 7.39, 7.63, 7.34, 7.34]
['2016-08-15', 7.36, 7.42, 7.28, 7.29]
['2016-08-16', 7.25, 7.41, 7.25, 7.27]
['2016-08-17', 7.31, 7.45, 7.2, 7.45]
['2016-08-18', 7.45, 7.56, 7.31, 7.37]
['2016-08-19', 7.44, 7.53, 7.44, 7.45]
['2016-08-22', 7.42, 7.59, 7.34, 7.45]
['2016-08-23', 7.5, 7.59, 7.41, 7.49]
['2016-08-24', 7.52, 7.52, 7.4, 7.45]
['2016-08-25', 7.02, 7.43, 7.02, 7.37]
['2016-08-26', 7.35, 7.53, 7.35, 7.45]
['2016-08-29', 7.44, 7.47, 7.39, 7.41]
['2016-08-30', 7.4, 7.43, 7.37, 7.41]
['2016-08-31', 7.35, 7.44, 7.32, 7.38]
['2016-09-01', 7.39, 7.43, 7.33, 7.38]
['2016-09-02', 7.41, 7.41, 7.34, 7.39]
['2016-09-06', 7.4, 7.54, 7.35, 7.44]
['2016-09-07', 7.47, 7.54, 7.38, 7.45]
['2016-09-08', 7.4, 7.48, 7.31, 7.4]
['2016-09-09', 7.4, 7.47, 7.35, 7.42]
['2016-09-12', 7.41, 7.46, 7.34, 7.41]
['2016-09-13', 7.33, 7.41, 7.33, 7.41]
['2016-09-14', 7.36, 7.47, 7.31, 7.4]
['2016-09-15', 7.37, 7.46, 7.26, 7.26]
['2016-09-16', 7.25, 7.52, 7.2, 7.41]
['2016-09-19', 7.43, 7.53, 7.36, 7.48]
['2016-09-20', 7.39, 7.54, 7.3, 7.35]
['2016-09-21', 7.35, 7.48, 7.32, 7.42]
['2016-09-22', 7.37, 7.51, 7.37, 7.42]
['2016-09-23', 7.41, 7.52, 7.33, 7.35]
['2016-09-26', 7.28, 7.35, 7.25, 7.31]
['2016-09-27', 7.25, 7.31, 7.21, 7.27]
['2016-09-28', 7.25, 7.36, 7.19, 7.24]
['2016-09-29', 7.22, 7.29, 7.15, 7.17]
['2016-09-30', 7.17, 7.34, 7.17, 7.2]
['2016-10-03', 7.25, 7.35, 7.13, 7.24]
['2016-10-04', 7.26, 7.37, 7.13, 7.27]
['2016-10-05', 7.25, 7.25, 7.06, 7.13]
['2016-10-06', 7.14, 7.22, 7.13, 7.15]
['2016-10-07', 7.15, 7.29, 7.08, 7.13]
['2016-10-10', 7.12, 7.19, 7.03, 7.07]
['2016-10-11', 7.11, 7.11, 6.79, 6.92]
['2016-10-12', 6.94, 7.04, 6.87, 6.97]
['2016-10-13', 6.95, 7.1, 6.95, 7.03]
['2016-10-14', 7.04, 7.08, 6.94, 6.98]
['2016-10-17', 7.02, 7.08, 6.83, 6.85]
['2016-10-18', 6.87, 7.08, 6.87, 6.99]
['2016-10-19', 6.97, 7.15, 6.94, 7.13]
['2016-10-20', 7.1, 7.21, 7.02, 7.15]
['2016-10-21', 7.09, 7.22, 7.08, 7.1]
['2016-10-24', 7.11, 7.23, 7.02, 7.04]
['2016-10-25', 7.01, 7.23, 6.96, 6.99]
['2016-10-26', 6.98, 7.08, 6.98, 7.08]
['2016-10-27', 7.09, 7.11, 6.97, 7.06]
['2016-10-28', 7.08, 7.08, 6.96, 7.05]
['2016-10-31', 7.05, 7.15, 7.05, 7.06]
['2016-11-01', 7.05, 7.13, 6.97, 7.06]
['2016-11-02', 6.99, 7.06, 6.96, 6.96]
['2016-11-03', 7.0, 7.17, 7.0, 7.04]
['2016-11-04', 7.06, 7.06, 6.96, 6.97]
['2016-11-07', 6.97, 7.16, 6.96, 7.16]
['2016-11-08', 7.08, 7.33, 7.08, 7.32]
['2016-11-09', 7.08, 7.51, 7.08, 7.47]
['2016-11-10', 7.54, 7.64, 7.5, 7.64]
['2016-11-11', 7.54, 7.64, 7.49, 7.61]
['2016-11-14', 7.64, 7.64, 7.58, 7.6]
['2016-11-15', 7.59, 7.64, 7.39, 7.42]
['2016-11-16', 7.42, 7.61, 7.41, 7.44]
['2016-11-17', 7.56, 7.56, 7.41, 7.48]
['2016-11-18', 7.46, 7.55, 7.25, 7.46]
['2016-11-21', 7.49, 7.63, 7.44, 7.49]
['2016-11-22', 7.54, 7.64, 7.52, 7.64]
['2016-11-23', 7.56, 7.75, 7.49, 7.73]
['2016-11-25', 7.76, 7.76, 7.66, 7.75]
['2016-11-28', 7.72, 7.76, 7.52, 7.76]
['2016-11-29', 7.76, 7.91, 7.61, 7.81]
['2016-11-30', 7.86, 8.08, 7.64, 7.71]
['2016-12-01', 7.71, 7.79, 7.58, 7.69]
['2016-12-02', 7.68, 7.73, 7.57, 7.67]
['2016-12-05', 7.75, 7.77, 7.64, 7.71]
['2016-12-06', 7.71, 7.72, 7.64, 7.66]
['2016-12-07', 7.69, 7.77, 7.58, 7.71]
['2016-12-08', 7.71, 7.76, 7.67, 7.71]
['2016-12-09', 7.76, 7.98, 7.74, 7.9]
['2016-12-12', 7.97, 8.04, 7.85, 7.91]
['2016-12-13', 7.98, 8.06, 7.91, 8.02]
['2016-12-14', 8.0, 8.26, 8.0, 8.16]
['2016-12-15', 8.16, 8.34, 8.16, 8.31]
['2016-12-16', 8.37, 8.5, 8.24, 8.49]
['2016-12-19', 8.49, 8.56, 8.3, 8.39]
['2016-12-20', 8.4, 8.48, 8.23, 8.26]
['2016-12-21', 8.28, 8.34, 8.19, 8.21]
['2016-12-22', 8.31, 8.39, 8.22, 8.3]
['2016-12-23', 8.3, 8.34, 8.2, 8.21]
['2016-12-27', 8.2, 8.3, 8.19, 8.27]
['2016-12-28', 8.27, 8.32, 8.19, 8.3]
['2016-12-29', 8.29, 8.34, 8.29, 8.32]
['2016-12-30', 8.3, 8.34, 8.22, 8.25]
['2017-01-03', 8.26, 8.36, 8.18, 8.28]
['2017-01-04', 8.36, 8.58, 8.29, 8.58]
['2017-01-05', 8.61, 8.63, 8.24, 8.47]
['2017-01-06', 8.41, 8.59, 8.34, 8.44]
['2017-01-09', 8.43, 8.54, 8.41, 8.47]
['2017-01-10', 8.49, 8.6, 8.45, 8.47]
['2017-01-11', 8.52, 8.58, 8.41, 8.53]
['2017-01-12', 8.51, 8.51, 8.34, 8.35]
['2017-01-13', 8.4, 8.58, 8.4, 8.58]
['2017-01-17', 8.56, 8.6, 8.51, 8.6]
['2017-01-18', 8.6, 8.66, 8.43, 8.64]
['2017-01-19', 8.65, 8.67, 8.45, 8.52]
['2017-01-20', 8.57, 8.66, 8.45, 8.53]
['2017-01-23', 8.49, 8.68, 8.49, 8.64]
['2017-01-24', 8.64, 8.68, 8.59, 8.62]
['2017-01-25', 8.66, 8.74, 8.62, 8.68]
['2017-01-26', 8.61, 8.63, 8.54, 8.54]
['2017-01-27', 8.59, 8.73, 8.54, 8.71]
['2017-01-30', 8.73, 8.74, 8.5, 8.5]
['2017-01-31', 8.49, 8.53, 8.39, 8.46]
['2017-02-01', 8.45, 8.59, 8.41, 8.43]
['2017-02-02', 8.41, 8.67, 8.41, 8.58]
['2017-02-03', 8.54, 8.62, 8.51, 8.6]
['2017-02-06', 8.64, 8.64, 8.53, 8.62]
['2017-02-07', 8.64, 8.73, 8.62, 8.63]
['2017-02-08', 8.66, 8.71, 8.64, 8.66]
['2017-02-09', 8.71, 8.74, 8.61, 8.61]
['2017-02-10', 8.64, 8.71, 8.62, 8.64]
['2017-02-13', 8.68, 8.85, 8.64, 8.75]
['2017-02-14', 8.71, 8.77, 8.64, 8.72]
['2017-02-15', 8.76, 8.88, 8.71, 8.77]
['2017-02-16', 8.8, 8.81, 8.69, 8.77]
['2017-02-17', 8.71, 8.77, 8.67, 8.77]
['2017-02-21', 8.78, 8.78, 8.66, 8.7]
['2017-02-22', 8.66, 8.74, 8.65, 8.66]
['2017-02-23', 8.68, 8.79, 8.68, 8.77]
['2017-02-24', 8.77, 8.77, 8.68, 8.68]
['2017-02-27', 8.74, 8.85, 8.69, 8.84]
['2017-02-28', 8.83, 8.83, 8.68, 8.77]
['2017-03-01', 8.81, 8.83, 8.69, 8.75]
['2017-03-02', 8.72, 8.95, 8.72, 8.94]
['2017-03-03', 8.94, 8.94, 8.79, 8.91]
['2017-03-06', 8.91, 8.91, 8.69, 8.91]
['2017-03-07', 8.83, 8.84, 8.71, 8.81]
['2017-03-08', 8.81, 8.85, 8.66, 8.7]
['2017-03-09', 8.68, 8.82, 8.68, 8.68]
['2017-03-10', 8.74, 8.77, 8.61, 8.77]
['2017-03-13', 8.77, 8.85, 8.69, 8.8]
['2017-03-14', 8.81, 8.85, 8.68, 8.78]
['2017-03-15', 8.81, 9.02, 8.77, 8.84]
['2017-03-16', 9.12, 9.2, 8.93, 9.0]
['2017-03-17', 9.02, 9.55, 9.02, 9.4]
['2017-03-20', 9.44, 9.67, 9.26, 9.66]
['2017-03-21', 9.64, 9.76, 9.56, 9.64]
['2017-03-22', 9.65, 9.67, 9.43, 9.64]
['2017-03-23', 9.68, 9.9, 9.62, 9.67]
['2017-03-24', 9.74, 9.8, 9.48, 9.52]
['2017-03-27', 9.39, 9.68, 9.32, 9.61]
['2017-03-28', 9.64, 9.69, 9.52, 9.58]
['2017-03-29', 9.56, 9.76, 9.56, 9.71]
['2017-03-30', 9.71, 9.91, 9.71, 9.86]
['2017-03-31', 9.86, 9.91, 9.75, 9.87]
['2017-04-03', 9.9, 9.97, 9.86, 9.91]
['2017-04-04', 9.91, 9.93, 9.76, 9.84]
['2017-04-05', 9.86, 9.94, 9.81, 9.88]
['2017-04-06', 9.91, 9.91, 9.84, 9.84]
['2017-04-07', 9.88, 9.93, 9.87, 9.91]
['2017-04-10', 9.87, 9.99, 9.81, 9.88]
['2017-04-11', 9.87, 9.91, 9.85, 9.88]
['2017-04-12', 9.92, 10.09, 9.92, 10.01]
['2017-04-13', 10.03, 10.06, 9.97, 10.01]
['2017-04-17', 9.99, 10.41, 9.99, 10.26]
['2017-04-18', 10.19, 10.31, 10.14, 10.21]
['2017-04-19', 10.18, 10.41, 10.18, 10.27]
['2017-04-20', 10.36, 10.45, 10.26, 10.28]
['2017-04-21', 10.35, 10.44, 10.31, 10.34]
['2017-04-24', 10.43, 10.44, 10.11, 10.4]
['2017-04-25', 10.42, 10.5, 10.17, 10.28]
['2017-04-26', 10.32, 10.41, 10.09, 10.13]
['2017-04-27', 10.13, 10.23, 9.89, 10.05]
['2017-04-28', 10.05, 10.19, 9.88, 10.06]
['2017-05-01', 10.12, 10.19, 9.92, 10.13]
['2017-05-02', 10.14, 10.3, 10.12, 10.3]
['2017-05-03', 10.28, 10.28, 9.9, 10.19]
['2017-05-04', 10.2, 10.25, 9.95, 10.22]
['2017-05-05', 9.87, 10.16, 9.66, 10.0]
['2017-05-08', 9.97, 10.31, 9.97, 10.28]
['2017-05-09', 10.37, 10.55, 10.33, 10.48]
['2017-05-10', 10.47, 10.55, 10.38, 10.43]
['2017-05-11', 10.46, 10.5, 10.3, 10.36]
['2017-05-12', 10.31, 10.47, 10.13, 10.29]
['2017-05-15', 10.32, 10.44, 10.12, 10.41]
['2017-05-16', 10.37, 10.41, 10.1, 10.25]
['2017-05-17', 10.16, 10.29, 10.09, 10.19]
['2017-05-18', 10.13, 10.19, 10.09, 10.15]
['2017-05-19', 10.16, 10.27, 10.05, 10.08]
['2017-05-22', 10.18, 10.48, 10.18, 10.39]
['2017-05-23', 10.41, 10.44, 10.31, 10.41]
['2017-05-24', 10.41, 10.42, 10.2, 10.27]
['2017-05-25', 10.27, 10.5, 10.16, 10.16]
['2017-05-26', 10.37, 10.37, 10.13, 10.16]
['2017-05-30', 10.18, 10.19, 10.12, 10.16]
['2017-05-31', 10.18, 10.38, 10.16, 10.16]
['2017-06-01', 10.25, 10.35, 10.17, 10.34]
['2017-06-02', 10.34, 10.37, 10.16, 10.16]
['2017-06-05', 10.33, 10.34, 10.23, 10.28]
['2017-06-06', 10.27, 10.34, 10.26, 10.31]
['2017-06-07', 10.38, 10.38, 10.27, 10.34]
['2017-06-08', 10.38, 10.39, 10.26, 10.26]
['2017-06-09', 10.26, 10.41, 10.26, 10.39]
['2017-06-12', 10.34, 10.5, 10.26, 10.41]
['2017-06-13', 10.41, 10.49, 10.26, 10.43]
['2017-06-14', 10.43, 10.49, 10.34, 10.41]
['2017-06-15', 10.43, 10.58, 10.37, 10.58]
['2017-06-16', 10.48, 10.59, 10.48, 10.52]
['2017-06-19', 10.56, 10.7, 10.27, 10.29]
['2017-06-20', 10.15, 10.4, 10.15, 10.2]
['2017-06-21', 10.21, 10.4, 10.21, 10.35]
['2017-06-22', 10.33, 10.57, 10.33, 10.49]
['2017-06-23', 10.49, 10.61, 10.49, 10.6]
['2017-06-26', 10.6, 10.6, 10.5, 10.53]
['2017-06-27', 9.9, 9.99, 9.65, 9.77]
['2017-06-28', 9.77, 9.85, 9.64, 9.75]
['2017-06-29', 9.85, 9.87, 9.68, 9.79]
['2017-06-30', 9.87, 9.9, 9.76, 9.8]
['2017-07-03', 9.87, 9.87, 9.77, 9.85]
['2017-07-05', 9.86, 9.89, 9.69, 9.81]
['2017-07-06', 9.74, 9.84, 9.69, 9.74]
['2017-07-07', 9.74, 9.82, 9.71, 9.74]
['2017-07-10', 9.68, 9.77, 9.68, 9.71]
['2017-07-11', 9.71, 9.83, 9.71, 9.82]
['2017-07-12', 9.82, 9.85, 9.75, 9.78]
['2017-07-13', 9.82, 9.85, 9.69, 9.74]
['2017-07-14', 9.77, 9.84, 9.74, 9.82]
['2017-07-17', 9.82, 9.85, 9.73, 9.79]
['2017-07-18', 9.85, 9.85, 9.71, 9.73]
['2017-07-19', 9.74, 9.92, 9.73, 9.85]
['2017-07-20', 9.98, 9.98, 9.79, 9.82]
['2017-07-21', 9.88, 9.88, 9.68, 9.79]
['2017-07-24', 9.74, 9.9, 9.73, 9.77]
['2017-07-25', 9.71, 9.84, 9.7, 9.75]
['2017-07-26', 9.71, 9.8, 9.71, 9.76]
['2017-07-27', 9.71, 9.77, 9.71, 9.75]
['2017-07-28', 9.71, 9.79, 9.71, 9.74]
['2017-07-31', 9.72, 9.79, 9.64, 9.78]
['2017-08-01', 9.77, 9.78, 9.64, 9.68]
['2017-08-02', 9.68, 9.74, 9.57, 9.66]
['2017-08-03', 9.67, 9.69, 9.57, 9.66]
['2017-08-04', 9.7, 9.71, 9.58, 9.64]
['2017-08-07', 9.88, 9.99, 9.77, 9.95]
['2017-08-08', 10.08, 10.28, 10.01, 10.19]
['2017-08-09', 10.56, 10.56, 10.09, 10.26]
['2017-08-10', 10.2, 10.34, 10.14, 10.15]
['2017-08-11', 10.12, 10.31, 10.12, 10.26]
['2017-08-14', 10.28, 10.3, 10.23, 10.26]
['2017-08-15', 10.31, 10.43, 10.26, 10.34]
['2017-08-16', 10.34, 10.56, 10.23, 10.49]
['2017-08-17', 10.45, 10.56, 10.41, 10.5]
['2017-08-18', 10.5, 10.54, 10.45, 10.48]
['2017-08-21', 10.48, 10.56, 10.42, 10.46]
['2017-08-22', 10.52, 10.53, 10.42, 10.48]
['2017-08-23', 10.46, 10.56, 10.45, 10.55]
['2017-08-24', 10.56, 10.59, 10.46, 10.51]
['2017-08-25', 10.53, 10.7, 10.49, 10.59]
['2017-08-28', 10.66, 10.71, 10.57, 10.6]
['2017-08-29', 10.53, 10.59, 10.52, 10.55]
['2017-08-30', 10.6, 10.64, 10.5, 10.59]
['2017-08-31', 10.6, 10.7, 10.3, 10.32]
['2017-09-01', 10.26, 10.44, 10.19, 10.37]
['2017-09-05', 10.34, 10.45, 10.26, 10.41]
['2017-09-06', 10.37, 10.67, 10.37, 10.62]
['2017-09-07', 10.67, 10.67, 10.45, 10.59]
['2017-09-08', 10.62, 10.7, 10.57, 10.62]
['2017-09-11', 10.6, 10.74, 10.49, 10.63]
['2017-09-12', 10.64, 10.7, 10.53, 10.66]
['2017-09-13', 10.74, 10.74, 10.56, 10.67]
['2017-09-14', 10.65, 10.95, 10.56, 10.92]
['2017-09-15', 10.92, 11.21, 10.7, 10.89]
['2017-09-18', 10.89, 10.89, 10.74, 10.83]
['2017-09-19', 10.82, 10.82, 10.74, 10.78]
['2017-09-20', 10.78, 10.84, 10.63, 10.72]
['2017-09-21', 10.71, 10.75, 10.63, 10.66]
['2017-09-22', 10.67, 10.91, 10.65, 10.86]
['2017-09-25', 10.9, 10.9, 10.75, 10.79]
['2017-09-26', 10.77, 10.85, 10.77, 10.84]
['2017-09-27', 10.87, 10.95, 10.84, 10.9]
['2017-09-28', 10.88, 11.13, 10.85, 11.11]
['2017-09-29', 11.15, 11.15, 10.84, 11.08]
['2017-10-02', 11.02, 11.05, 10.9, 10.96]
['2017-10-03', 10.96, 11.11, 10.92, 11.08]
['2017-10-04', 11.11, 11.11, 11.02, 11.1]
['2017-10-05', 11.11, 11.2, 11.05, 11.15]
['2017-10-06', 11.15, 11.26, 11.15, 11.23]
['2017-10-09', 11.27, 11.27, 11.17, 11.22]
['2017-10-10', 11.22, 11.22, 11.0, 11.04]
['2017-10-11', 11.03, 11.23, 11.03, 11.05]
['2017-10-12', 11.1, 11.16, 11.05, 11.07]
['2017-10-13', 11.09, 11.16, 11.0, 11.14]
['2017-10-16', 11.18, 11.18, 11.01, 11.14]
['2017-10-17', 11.17, 11.17, 11.06, 11.08]
['2017-10-18', 11.11, 11.11, 11.04, 11.09]
['2017-10-19', 11.11, 11.24, 11.06, 11.22]
['2017-10-20', 11.23, 11.3, 11.16, 11.3]
['2017-10-23', 10.75, 11.12, 10.75, 11.02]
['2017-10-24', 11.02, 11.14, 10.96, 11.06]
['2017-10-25', 11.05, 11.05, 10.83, 10.84]
['2017-10-26', 10.85, 11.2, 10.85, 10.95]
['2017-10-27', 11.02, 11.05, 10.78, 10.8]
['2017-10-30', 10.71, 10.84, 10.59, 10.71]
['2017-10-31', 10.71, 10.89, 10.71, 10.75]
['2017-11-01', 10.84, 10.88, 10.63, 10.71]
['2017-11-02', 10.7, 10.81, 10.59, 10.75]
['2017-11-03', 10.69, 10.92, 10.63, 10.81]
['2017-11-06', 10.66, 10.72, 10.59, 10.67]
['2017-11-07', 10.44, 10.44, 9.91, 10.15]
['2017-11-08', 10.14, 10.14, 10.03, 10.09]
['2017-11-09', 10.04, 10.12, 10.03, 10.1]
['2017-11-10', 10.06, 10.12, 9.95, 10.09]
['2017-11-13', 10.02, 10.35, 10.02, 10.1]
['2017-11-14', 10.04, 10.48, 10.04, 10.37]
['2017-11-15', 10.33, 10.58, 10.22, 10.22]
['2017-11-16', 10.22, 10.33, 10.13, 10.19]
['2017-11-17', 10.15, 10.33, 10.15, 10.27]
['2017-11-20', 10.25, 10.36, 10.25, 10.3]
['2017-11-21', 10.32, 10.39, 10.32, 10.32]
['2017-11-22', 10.34, 10.4, 10.3, 10.38]
['2017-11-24', 10.39, 10.48, 10.39, 10.43]
['2017-11-27', 10.44, 10.45, 10.27, 10.33]
['2017-11-28', 10.3, 10.31, 10.21, 10.25]
['2017-11-29', 10.24, 10.51, 10.24, 10.48]
['2017-11-30', 10.59, 10.63, 10.56, 10.58]
['2017-12-01', 10.63, 10.63, 10.5, 10.54]
['2017-12-04', 10.61, 10.64, 10.31, 10.36]
['2017-12-05', 10.39, 10.56, 10.21, 10.24]
['2017-12-06', 10.26, 10.58, 10.21, 10.51]
['2017-12-07', 10.51, 10.59, 10.29, 10.39]
['2017-12-08', 10.44, 10.69, 10.39, 10.58]
['2017-12-11', 10.68, 10.73, 10.54, 10.73]
['2017-12-12', 10.74, 10.74, 10.51, 10.6]
['2017-12-13', 10.6, 10.73, 10.53, 10.7]
['2017-12-14', 10.73, 10.81, 10.59, 10.72]
['2017-12-15', 10.74, 10.86, 10.61, 10.82]
['2017-12-18', 10.81, 11.07, 10.78, 10.97]
['2017-12-19', 10.91, 10.91, 10.62, 10.68]
['2017-12-20', 10.69, 10.78, 10.53, 10.59]
['2017-12-21', 10.6, 10.73, 10.55, 10.64]
['2017-12-22', 10.62, 10.77, 10.58, 10.63]
['2017-12-26', 10.57, 10.61, 10.47, 10.52]
['2017-12-27', 10.54, 10.58, 10.23, 10.39]
['2017-12-28', 10.37, 10.5, 10.31, 10.47]
['2017-12-29', 10.47, 10.6, 10.34, 10.34]
['2018-01-02', 10.25, 10.38, 10.11, 10.15]
['2018-01-03', 10.17, 10.44, 10.14, 10.29]
['2018-01-04', 10.2, 10.29, 10.17, 10.17]
['2018-01-05', 10.18, 10.25, 10.13, 10.14]
['2018-01-08', 10.01, 10.26, 10.01, 10.12]
['2018-01-09', 10.17, 10.24, 10.07, 10.09]
['2018-01-10', 10.07, 10.2, 10.07, 10.16]
['2018-01-11', 10.17, 10.23, 10.04, 10.07]
['2018-01-12', 10.07, 10.17, 10.04, 10.14]
['2018-01-16', 10.09, 10.17, 10.07, 10.1]
['2018-01-17', 10.17, 10.17, 10.04, 10.1]
['2018-01-18', 10.07, 10.15, 10.06, 10.1]
['2018-01-19', 10.12, 10.12, 10.06, 10.06]
['2018-01-22', 10.05, 10.16, 10.05, 10.11]
['2018-01-23', 10.11, 10.15, 10.1, 10.15]
['2018-01-24', 10.19, 10.36, 10.11, 10.29]
['2018-01-25', 10.29, 10.36, 10.21, 10.27]
['2018-01-26', 10.28, 10.29, 10.16, 10.25]
['2018-01-29', 10.18, 10.2, 10.04, 10.05]
['2018-01-30', 10.01, 10.09, 9.93, 10.07]
['2018-01-31', 10.09, 10.09, 9.99, 10.0]
['2018-02-01', 10.01, 10.09, 10.01, 10.04]
['2018-02-02', 10.04, 10.09, 9.97, 9.99]
['2018-02-05', 9.93, 9.97, 9.59, 9.67]
['2018-02-06', 9.59, 9.71, 9.35, 9.59]
['2018-02-07', 9.57, 9.57, 9.45, 9.51]
['2018-02-08', 9.5, 9.62, 9.36, 9.36]
['2018-02-09', 9.38, 9.41, 9.26, 9.35]
['2018-02-12', 9.37, 9.47, 9.13, 9.3]
['2018-02-13', 9.27, 9.33, 9.22, 9.32]
['2018-02-14', 9.27, 9.35, 9.19, 9.3]
['2018-02-15', 9.28, 9.28, 9.16, 9.18]
['2018-02-16', 9.16, 9.27, 9.15, 9.23]
['2018-02-20', 9.23, 9.23, 9.09, 9.1]
['2018-02-21', 9.09, 9.16, 8.95, 8.99]
['2018-02-22', 9.0, 9.05, 8.77, 8.81]
['2018-02-23', 8.87, 9.0, 8.83, 8.88]
['2018-02-26', 8.9, 9.0, 8.89, 8.91]
['2018-02-27', 8.9, 8.92, 8.64, 8.67]
['2018-02-28', 8.65, 8.8, 8.47, 8.48]
['2018-03-01', 8.49, 8.57, 8.41, 8.46]
['2018-03-02', 8.46, 9.04, 8.43, 8.97]
['2018-03-05', 9.06, 9.46, 9.01, 9.22]
['2018-03-06', 9.26, 9.5, 9.26, 9.49]
['2018-03-07', 9.47, 9.74, 9.45, 9.66]
['2018-03-08', 9.73, 9.73, 9.59, 9.66]
['2018-03-09', 9.74, 9.91, 9.74, 9.84]
['2018-03-12', 9.84, 10.17, 9.84, 10.1]
['2018-03-13', 9.84, 10.17, 9.84, 9.97]
['2018-03-14', 10.06, 10.07, 9.9, 9.91]
['2018-03-15', 9.94, 10.06, 9.69, 9.74]
['2018-03-16', 9.75, 10.1, 9.75, 9.8]
['2018-03-19', 9.84, 10.04, 9.78, 9.87]
['2018-03-20', 9.92, 10.23, 9.92, 10.13]
['2018-03-21', 10.13, 10.2, 10.0, 10.02]
['2018-03-22', 10.02, 10.3, 10.02, 10.3]
['2018-03-23', 10.32, 10.39, 10.09, 10.13]
['2018-03-26', 10.21, 10.26, 9.99, 10.01]
['2018-03-27', 10.01, 10.06, 9.72, 9.75]
['2018-03-28', 9.77, 9.83, 9.69, 9.69]
['2018-03-29', 9.91, 9.99, 9.74, 9.83]
['2018-04-02', 9.88, 9.99, 9.83, 9.91]
['2018-04-03', 9.96, 10.09, 9.86, 10.02]
['2018-04-04', 9.87, 10.28, 9.87, 10.14]
['2018-04-05', 10.21, 10.33, 10.11, 10.25]
['2018-04-06', 10.17, 10.25, 9.98, 9.99]
['2018-04-09', 10.03, 10.06, 10.01, 10.02]
['2018-04-10', 10.17, 10.17, 10.03, 10.04]
['2018-04-11', 10.28, 10.28, 10.09, 10.13]
['2018-04-12', 10.13, 10.28, 10.13, 10.17]
['2018-04-13', 10.24, 10.36, 10.2, 10.21]
['2018-04-16', 10.25, 10.34, 10.13, 10.17]
['2018-04-17', 10.21, 10.31, 10.21, 10.27]
['2018-04-18', 10.29, 10.46, 10.21, 10.36]
['2018-04-19', 10.32, 10.32, 10.21, 10.25]
['2018-04-20', 10.32, 10.32, 10.21, 10.27]
['2018-04-23', 10.29, 10.32, 10.25, 10.25]
['2018-04-24', 10.25, 10.35, 10.25, 10.28]
['2018-04-25', 10.28, 10.29, 10.25, 10.25]
['2018-04-26', 10.25, 10.25, 10.17, 10.2]
['2018-04-27', 10.22, 10.25, 10.16, 10.25]
['2018-04-30', 10.25, 10.25, 10.17, 10.2]
['2018-05-01', 10.22, 10.22, 10.09, 10.16]
['2018-05-02', 10.14, 10.17, 10.04, 10.06]
['2018-05-03', 10.47, 10.47, 10.14, 10.26]
['2018-05-04', 10.23, 10.41, 10.06, 10.39]
['2018-05-07', 10.35, 10.51, 10.31, 10.37]
['2018-05-08', 10.46, 10.7, 10.46, 10.67]
['2018-05-09', 10.67, 10.93, 10.67, 10.7]
['2018-05-10', 10.79, 10.89, 10.74, 10.76]
['2018-05-11', 10.76, 10.99, 10.76, 10.97]
['2018-05-14', 11.0, 11.01, 10.84, 11.0]
['2018-05-15', 11.01, 11.08, 10.92, 11.07]
['2018-05-16', 11.08, 11.08, 10.88, 10.93]
['2018-05-17', 10.93, 11.15, 10.85, 11.09]
['2018-05-18', 11.09, 11.12, 11.04, 11.05]
['2018-05-21', 11.12, 11.19, 10.99, 11.19]
['2018-05-22', 11.19, 11.27, 11.06, 11.16]
['2018-05-23', 11.16, 11.27, 11.08, 11.27]
['2018-05-24', 11.27, 11.38, 11.15, 11.35]
['2018-05-25', 11.33, 11.33, 11.08, 11.23]
['2018-05-29', 11.16, 11.32, 11.16, 11.26]
['2018-05-30', 11.27, 11.43, 11.25, 11.27]
['2018-05-31', 11.28, 11.45, 11.2, 11.33]
['2018-06-01', 11.36, 11.44, 11.2, 11.35]
['2018-06-04', 11.42, 11.43, 11.12, 11.4]
['2018-06-05', 11.42, 11.53, 11.18, 11.46]
['2018-06-06', 11.53, 11.53, 11.33, 11.47]
['2018-06-07', 11.53, 11.88, 11.42, 11.72]
['2018-06-08', 11.68, 12.11, 11.68, 11.9]
['2018-06-11', 11.91, 12.08, 11.84, 11.94]
['2018-06-12', 12.01, 12.18, 11.99, 12.14]
['2018-06-13', 12.22, 12.22, 11.83, 12.2]
['2018-06-14', 12.22, 12.5, 12.07, 12.5]
['2018-06-15', 12.53, 12.53, 12.14, 12.26]
['2018-06-18', 12.26, 12.26, 12.09, 12.15]
['2018-06-19', 12.11, 12.14, 11.81, 12.07]
['2018-06-20', 12.07, 12.12, 11.88, 11.98]
['2018-06-21', 11.98, 12.07, 11.86, 11.87]
['2018-06-22', 11.89, 11.99, 11.74, 11.74]
['2018-06-25', 11.75, 11.82, 11.58, 11.68]
['2018-06-26', 11.69, 11.83, 11.58, 11.61]
['2018-06-27', 11.63, 11.92, 11.63, 11.83]
['2018-06-28', 11.85, 11.89, 11.61, 11.67]
['2018-06-29', 11.74, 11.82, 11.65, 11.74]
['2018-07-02', 11.69, 11.85, 11.67, 11.82]
['2018-07-03', 11.82, 12.05, 11.77, 11.88]
['2018-07-05', 12.01, 12.15, 11.89, 12.01]
['2018-07-06', 11.91, 11.95, 11.7, 11.74]
['2018-07-09', 11.8, 11.99, 11.7, 11.72]
['2018-07-10', 11.72, 11.87, 11.67, 11.77]
['2018-07-11', 11.77, 12.02, 11.74, 11.95]
['2018-07-12', 11.98, 11.98, 11.65, 11.78]
['2018-07-13', 11.78, 11.95, 11.74, 11.86]
['2018-07-16', 11.86, 12.1, 11.74, 12.03]
['2018-07-17', 12.03, 12.24, 11.91, 12.24]
['2018-07-18', 12.24, 12.38, 12.18, 12.37]
['2018-07-19', 12.36, 12.36, 12.18, 12.19]
['2018-07-20', 12.19, 12.23, 12.03, 12.08]
['2018-07-23', 12.15, 12.15, 11.91, 12.05]
['2018-07-24', 12.09, 12.23, 12.02, 12.2]
['2018-07-25', 12.23, 12.26, 12.06, 12.25]
['2018-07-26', 12.25, 12.25, 11.91, 11.95]
['2018-07-27', 11.92, 12.03, 11.71, 11.73]
['2018-07-30', 11.71, 12.12, 11.65, 11.86]
['2018-07-31', 11.83, 11.95, 11.65, 11.77]
['2018-08-01', 11.69, 12.0, 11.65, 11.78]
['2018-08-02', 11.75, 11.97, 11.75, 11.94]
['2018-08-03', 11.99, 12.11, 11.83, 11.94]
['2018-08-06', 11.98, 11.99, 11.82, 11.9]
['2018-08-07', 11.91, 12.03, 11.84, 11.89]
['2018-08-08', 11.82, 12.05, 11.82, 11.99]
['2018-08-09', 12.02, 12.02, 11.9, 11.94]
['2018-08-10', 11.95, 11.95, 11.76, 11.84]
['2018-08-13', 11.74, 11.74, 11.44, 11.45]
['2018-08-14', 11.43, 11.56, 11.38, 11.48]
['2018-08-15', 11.44, 11.57, 11.44, 11.52]
['2018-08-16', 11.49, 11.62, 11.42, 11.53]
['2018-08-17', 11.5, 11.68, 11.45, 11.68]
['2018-08-20', 11.65, 11.65, 11.55, 11.57]
['2018-08-21', 11.52, 11.58, 11.42, 11.43]
['2018-08-22', 11.41, 11.45, 11.2, 11.43]
['2018-08-23', 11.44, 11.44, 11.37, 11.44]
['2018-08-24', 11.41, 11.44, 11.37, 11.42]
['2018-08-27', 11.43, 11.44, 11.37, 11.39]
['2018-08-28', 11.39, 11.44, 11.37, 11.39]
['2018-08-29', 11.4, 11.44, 11.31, 11.35]
['2018-08-30', 11.33, 11.37, 11.26, 11.29]
['2018-08-31', 11.29, 11.31, 11.13, 11.22]
['2018-09-04', 11.12, 11.25, 11.09, 11.17]
['2018-09-05', 11.17, 11.26, 11.17, 11.26]
['2018-09-06', 11.24, 11.27, 11.17, 11.23]
['2018-09-07', 11.22, 11.38, 11.17, 11.21]
['2018-09-10', 11.33, 11.57, 11.33, 11.48]
['2018-09-11', 11.49, 11.53, 11.33, 11.35]
['2018-09-12', 11.35, 11.48, 11.35, 11.44]
['2018-09-13', 11.51, 11.74, 11.51, 11.65]
['2018-09-14', 11.68, 11.73, 11.59, 11.7]
['2018-09-17', 11.69, 11.69, 11.38, 11.67]
['2018-09-18', 11.58, 11.72, 11.58, 11.7]
['2018-09-19', 11.57, 11.72, 11.57, 11.57]
['2018-09-20', 11.61, 11.66, 11.55, 11.55]
['2018-09-21', 11.55, 11.65, 11.52, 11.52]
['2018-09-24', 11.53, 11.61, 11.5, 11.52]
['2018-09-25', 11.56, 11.61, 11.5, 11.53]
['2018-09-26', 11.52, 11.57, 11.44, 11.49]
['2018-09-27', 11.48, 11.59, 11.47, 11.56]
['2018-09-28', 11.52, 11.7, 11.5, 11.53]
['2018-10-01', 11.57, 11.62, 11.49, 11.49]
['2018-10-02', 11.49, 11.52, 11.36, 11.42]
['2018-10-03', 11.49, 11.58, 11.44, 11.53]
['2018-10-04', 11.53, 11.59, 11.41, 11.47]
['2018-10-05', 11.46, 11.57, 11.34, 11.36]
['2018-10-08', 11.36, 11.53, 11.23, 11.29]
['2018-10-09', 11.29, 11.47, 11.29, 11.47]
['2018-10-10', 11.47, 11.47, 11.29, 11.33]
['2018-10-11', 11.3, 11.35, 11.14, 11.24]
['2018-10-12', 11.24, 11.33, 11.01, 11.03]
['2018-10-15', 11.03, 11.11, 11.03, 11.03]
['2018-10-16', 11.03, 11.1, 10.97, 11.05]
['2018-10-17', 11.05, 11.05, 11.0, 11.0]
['2018-10-18', 10.99, 11.01, 10.95, 10.98]
['2018-10-19', 10.96, 11.0, 10.83, 10.83]
['2018-10-22', 10.89, 10.89, 10.79, 10.83]
['2018-10-23', 10.72, 10.81, 10.55, 10.79]
['2018-10-24', 10.76, 10.79, 10.55, 10.55]
['2018-10-25', 10.56, 10.72, 10.55, 10.66]
['2018-10-26', 10.61, 10.62, 10.5, 10.57]
['2018-10-29', 10.6, 10.68, 10.26, 10.3]
['2018-10-30', 10.28, 10.72, 10.12, 10.2]
['2018-10-31', 10.47, 10.47, 10.29, 10.32]
['2018-11-01', 10.43, 10.61, 10.35, 10.46]
['2018-11-02', 10.5, 10.58, 10.16, 10.16]
['2018-11-05', 10.36, 10.51, 10.29, 10.5]
['2018-11-06', 10.87, 11.17, 10.73, 11.17]
['2018-11-07', 11.1, 11.44, 11.1, 11.4]
['2018-11-08', 11.41, 11.53, 11.38, 11.47]
['2018-11-09', 11.44, 11.51, 11.34, 11.37]
['2018-11-12', 11.32, 11.32, 11.06, 11.18]
['2018-11-13', 11.2, 11.3, 11.2, 11.3]
['2018-11-14', 11.33, 11.5, 11.3, 11.41]
['2018-11-15', 11.37, 11.46, 11.31, 11.39]
['2018-11-16', 11.33, 11.4, 11.33, 11.38]
['2018-11-19', 11.37, 11.42, 11.33, 11.33]
['2018-11-20', 11.24, 11.31, 10.95, 11.2]
['2018-11-21', 11.22, 11.29, 11.0, 11.05]
['2018-11-23', 11.0, 11.18, 11.0, 11.0]
['2018-11-26', 11.13, 11.23, 10.95, 10.95]
['2018-11-27', 10.9, 11.06, 10.84, 10.85]
['2018-11-28', 10.94, 10.95, 10.84, 10.84]
['2018-11-29', 10.84, 10.95, 10.71, 10.76]
['2018-11-30', 10.85, 10.94, 10.79, 10.91]
['2018-12-03', 10.95, 11.12, 10.72, 11.07]
['2018-12-04', 11.02, 11.13, 10.87, 10.98]
['2018-12-06', 10.89, 10.97, 10.79, 10.94]
['2018-12-07', 10.98, 11.03, 10.94, 11.0]
['2018-12-10', 11.05, 11.52, 10.99, 11.26]
['2018-12-11', 11.33, 11.53, 11.33, 11.42]
['2018-12-12', 11.53, 11.79, 11.47, 11.77]
['2018-12-13', 11.77, 11.77, 11.55, 11.59]
['2018-12-14', 11.61, 11.74, 11.49, 11.49]
['2018-12-17', 11.45, 11.47, 11.12, 11.16]
['2018-12-18', 11.2, 11.39, 11.15, 11.15]
['2018-12-19', 11.11, 11.36, 11.09, 11.09]
['2018-12-20', 11.09, 11.2, 10.61, 10.72]
['2018-12-21', 10.67, 10.89, 10.39, 10.52]
['2018-12-24', 10.51, 10.55, 10.12, 10.47]
['2018-12-26', 10.42, 10.98, 10.41, 10.89]
['2018-12-27', 10.79, 11.04, 10.71, 11.0]
['2018-12-28', 11.1, 11.48, 10.98, 10.99]
['2018-12-31', 11.02, 11.1, 10.81, 10.83]
['2019-01-02', 10.77, 11.04, 10.76, 10.99]
['2019-01-03', 11.02, 11.13, 10.87, 10.98]
['2019-01-04', 11.08, 11.54, 11.07, 11.49]
['2019-01-07', 11.55, 11.86, 11.44, 11.69]
['2019-01-08', 11.89, 11.92, 11.7, 11.92]
['2019-01-09', 11.92, 11.92, 11.59, 11.71]
['2019-01-10', 11.67, 11.86, 11.59, 11.63]
['2019-01-11', 11.6, 11.75, 11.52, 11.63]
['2019-01-14', 11.69, 11.89, 11.56, 11.73]
['2019-01-15', 11.69, 11.87, 11.62, 11.76]
['2019-01-16', 11.63, 11.83, 11.6, 11.79]
['2019-01-17', 11.67, 11.77, 11.59, 11.76]
['2019-01-18', 11.82, 11.82, 11.5, 11.58]
['2019-01-22', 11.54, 11.65, 11.43, 11.5]
['2019-01-23', 11.51, 11.57, 11.44, 11.44]
['2019-01-24', 11.42, 11.69, 11.41, 11.53]
['2019-01-25', 11.51, 11.55, 11.41, 11.46]
['2019-01-28', 11.92, 12.13, 11.56, 11.79]
['2019-01-29', 11.79, 11.83, 11.65, 11.7]
['2019-01-30', 11.75, 11.92, 11.74, 11.88]
['2019-01-31', 11.88, 12.01, 11.66, 12.01]
['2019-02-01', 12.01, 12.16, 11.88, 12.01]
['2019-02-04', 12.01, 12.01, 11.84, 11.97]
['2019-02-05', 12.05, 12.13, 11.96, 12.11]
['2019-02-06', 12.12, 12.13, 11.84, 11.96]
['2019-02-07', 11.84, 11.98, 11.84, 11.92]
['2019-02-08', 11.93, 12.0, 11.84, 12.0]
['2019-02-11', 12.04, 12.04, 11.84, 12.01]
['2019-02-12', 12.03, 12.16, 11.84, 11.89]
['2019-02-13', 12.16, 12.16, 11.84, 11.9]
['2019-02-14', 11.95, 12.05, 11.84, 11.96]
['2019-02-15', 11.97, 11.97, 11.74, 11.84]
['2019-02-19', 11.91, 11.92, 11.73, 11.88]
['2019-02-20', 11.87, 11.9, 11.73, 11.82]
['2019-02-21', 11.79, 11.95, 11.79, 11.85]
['2019-02-22', 11.86, 12.5, 11.78, 12.35]
['2019-02-25', 12.37, 12.59, 12.18, 12.48]
['2019-02-26', 12.77, 12.77, 12.19, 12.35]
['2019-02-27', 12.32, 12.7, 12.16, 12.18]
['2019-02-28', 12.17, 12.36, 11.5, 11.5]
['2019-03-01', 11.5, 11.73, 11.5, 11.61]
['2019-03-04', 11.62, 11.72, 11.56, 11.61]
['2019-03-05', 11.65, 11.68, 11.5, 11.67]
['2019-03-06', 11.83, 12.13, 11.8, 11.91]
['2019-03-07', 12.0, 12.21, 11.84, 12.01]
['2019-03-08', 11.96, 12.14, 11.92, 12.12]
['2019-03-11', 12.1, 12.18, 11.95, 12.15]
['2019-03-12', 12.17, 12.19, 12.03, 12.13]
['2019-03-13', 12.16, 12.19, 12.09, 12.15]
['2019-03-14', 12.17, 12.2, 12.13, 12.13]
['2019-03-15', 12.14, 12.19, 12.03, 12.08]
['2019-03-18', 12.15, 12.22, 12.06, 12.11]
['2019-03-19', 12.13, 12.21, 12.1, 12.1]
['2019-03-20', 12.15, 12.22, 12.08, 12.13]
['2019-03-21', 12.11, 12.31, 12.09, 12.23]
['2019-03-22', 12.24, 12.33, 12.13, 12.2]
['2019-03-25', 12.25, 12.34, 12.16, 12.33]
['2019-03-26', 12.31, 12.36, 12.22, 12.36]
['2019-03-27', 12.4, 12.56, 12.27, 12.47]
['2019-03-28', 12.48, 12.48, 12.33, 12.4]
['2019-03-29', 12.42, 12.55, 12.36, 12.4]
['2019-04-01', 12.44, 12.45, 12.19, 12.23]
['2019-04-02', 12.22, 12.31, 12.22, 12.27]
['2019-04-03', 12.34, 12.38, 12.15, 12.25]
['2019-04-04', 12.3, 12.3, 12.19, 12.22]
['2019-04-05', 12.22, 12.29, 12.19, 12.19]
['2019-04-08', 12.22, 12.22, 12.09, 12.22]
['2019-04-09', 12.27, 12.31, 12.13, 12.28]
['2019-04-10', 12.31, 12.31, 12.22, 12.26]
['2019-04-11', 12.29, 12.31, 12.22, 12.3]
['2019-04-12', 12.34, 12.34, 12.22, 12.27]
['2019-04-15', 12.33, 12.36, 12.27, 12.32]
['2019-04-16', 12.33, 12.49, 12.27, 12.46]
['2019-04-17', 12.46, 12.56, 12.32, 12.51]
['2019-04-18', 12.53, 12.62, 12.46, 12.6]
['2019-04-22', 12.64, 12.7, 12.47, 12.67]
['2019-04-23', 12.72, 12.83, 12.44, 12.56]
['2019-04-24', 12.59, 12.67, 12.48, 12.51]
['2019-04-25', 12.56, 12.64, 12.46, 12.56]
['2019-04-26', 12.56, 12.62, 12.51, 12.61]
['2019-04-29', 12.64, 12.69, 12.61, 12.63]
['2019-04-30', 12.62, 12.73, 12.57, 12.71]
['2019-05-01', 12.69, 12.72, 12.59, 12.63]
['2019-05-02', 12.65, 12.71, 12.62, 12.67]
['2019-05-03', 12.71, 12.86, 12.7, 12.77]
['2019-05-06', 12.4, 12.98, 12.4, 12.82]
['2019-05-07', 12.78, 12.9, 12.67, 12.69]
['2019-05-08', 12.69, 12.75, 12.58, 12.58]
['2019-05-09', 12.63, 12.63, 12.31, 12.37]
['2019-05-10', 12.34, 12.51, 12.34, 12.39]
['2019-05-13', 12.37, 12.44, 12.27, 12.35]
['2019-05-14', 12.34, 12.44, 12.34, 12.42]
['2019-05-15', 12.42, 12.42, 12.28, 12.32]
['2019-05-16', 12.33, 12.58, 12.22, 12.29]
['2019-05-17', 12.31, 12.35, 12.23, 12.29]
['2019-05-20', 12.23, 12.36, 12.23, 12.29]
['2019-05-21', 12.33, 12.39, 12.29, 12.32]
['2019-05-22', 12.3, 12.51, 12.29, 12.4]
['2019-05-23', 12.4, 12.48, 12.35, 12.46]
['2019-05-24', 12.47, 12.56, 12.46, 12.56]
['2019-05-28', 12.57, 12.91, 12.56, 12.74]
['2019-05-29', 12.74, 12.74, 12.49, 12.59]
['2019-05-30', 12.62, 12.72, 12.53, 12.72]
['2019-05-31', 12.69, 12.75, 12.46, 12.7]
['2019-06-03', 12.7, 12.7, 12.6, 12.62]
['2019-06-04', 12.69, 12.79, 12.62, 12.66]
['2019-06-05', 12.66, 12.66, 12.6, 12.63]
['2019-06-06', 12.63, 12.66, 12.59, 12.65]
['2019-06-07', 12.65, 12.65, 12.48, 12.63]
['2019-06-10', 12.65, 12.66, 12.61, 12.66]
['2019-06-11', 12.66, 12.7, 12.65, 12.69]
['2019-06-12', 12.7, 12.7, 12.63, 12.66]
['2019-06-13', 12.66, 12.66, 12.6, 12.66]
['2019-06-14', 12.22, 12.4, 12.18, 12.2]
['2019-06-17', 12.25, 12.43, 12.18, 12.25]
['2019-06-18', 12.31, 12.4, 12.23, 12.33]
['2019-06-19', 12.45, 12.54, 12.45, 12.5]
['2019-06-20', 12.61, 12.61, 12.32, 12.38]
['2019-06-21', 12.35, 12.53, 12.35, 12.41]
['2019-06-24', 12.41, 12.57, 12.26, 12.33]
['2019-06-25', 12.32, 12.41, 12.28, 12.34]
['2019-06-26', 12.34, 12.37, 12.22, 12.37]
['2019-06-27', 12.34, 12.38, 12.23, 12.38]
['2019-06-28', 12.31, 12.38, 12.27, 12.32]
['2019-07-01', 12.37, 12.47, 12.24, 12.3]
['2019-07-02', 12.33, 12.37, 12.25, 12.3]
['2019-07-03', 12.37, 12.5, 12.35, 12.38]
['2019-07-05', 12.42, 12.53, 12.4, 12.49]
['2019-07-08', 12.47, 12.58, 12.41, 12.53]
['2019-07-09', 12.49, 12.58, 12.47, 12.53]
['2019-07-10', 12.57, 12.6, 12.52, 12.57]
['2019-07-11', 12.61, 12.63, 12.54, 12.62]
['2019-07-12', 12.6, 12.63, 12.54, 12.57]
['2019-07-15', 12.62, 12.63, 12.53, 12.58]
['2019-07-16', 12.58, 12.67, 12.58, 12.63]
['2019-07-17', 12.64, 12.68, 12.6, 12.65]
['2019-07-18', 12.69, 12.74, 12.61, 12.72]
['2019-07-19', 12.72, 12.79, 12.61, 12.78]
['2019-07-22', 12.75, 12.76, 12.67, 12.68]
['2019-07-23', 12.7, 12.76, 12.54, 12.68]
['2019-07-24', 12.7, 12.7, 12.56, 12.63]
['2019-07-25', 12.61, 12.72, 12.42, 12.46]
['2019-07-26', 12.49, 12.54, 12.47, 12.49]
['2019-07-29', 12.54, 12.58, 12.36, 12.47]
['2019-07-30', 12.49, 12.6, 12.42, 12.59]
['2019-07-31', 12.66, 12.66, 12.45, 12.56]
['2019-08-01', 12.58, 12.58, 12.38, 12.45]
['2019-08-02', 12.49, 12.5, 12.38, 12.48]
['2019-08-05', 12.47, 12.47, 11.88, 12.03]
['2019-08-06', 12.08, 12.23, 12.05, 12.15]
['2019-08-07', 12.09, 12.32, 12.02, 12.25]
['2019-08-08', 11.98, 12.1, 11.87, 11.89]
['2019-08-09', 11.89, 12.01, 11.8, 11.87]
['2019-08-12', 11.82, 11.87, 11.67, 11.77]
['2019-08-13', 11.76, 11.89, 11.66, 11.79]
['2019-08-14', 11.78, 11.78, 11.55, 11.63]
['2019-08-15', 11.58, 11.7, 11.36, 11.44]
['2019-08-16', 11.47, 11.96, 11.47, 11.73]
['2019-08-19', 11.79, 11.86, 11.69, 11.72]
['2019-08-20', 11.68, 11.94, 11.61, 11.76]
['2019-08-21', 11.75, 11.8, 11.6, 11.65]
['2019-08-22', 11.68, 11.77, 11.6, 11.71]
['2019-08-23', 11.73, 11.76, 11.6, 11.63]
['2019-08-26', 11.65, 11.68, 11.47, 11.68]
['2019-08-27', 11.69, 11.73, 11.47, 11.67]
['2019-08-28', 11.65, 11.79, 11.53, 11.76]
['2019-08-29', 11.77, 11.84, 11.71, 11.8]
['2019-08-30', 11.88, 11.95, 11.65, 11.91]
['2019-09-03', 11.91, 11.96, 11.72, 11.94]
['2019-09-04', 11.96, 12.04, 11.86, 11.99]
['2019-09-05', 12.05, 12.09, 11.96, 12.03]
['2019-09-06', 12.04, 12.06, 11.81, 11.98]
['2019-09-09', 12.04, 12.07, 11.97, 12.02]
['2019-09-10', 12.07, 12.13, 12.0, 12.12]
['2019-09-11', 12.15, 12.41, 12.13, 12.4]
['2019-09-12', 12.43, 12.43, 12.15, 12.18]
['2019-09-13', 12.17, 12.56, 12.15, 12.43]
['2019-09-16', 12.49, 12.64, 12.38, 12.52]
['2019-09-17', 12.54, 12.7, 12.54, 12.63]
['2019-09-18', 12.65, 12.68, 12.61, 12.62]
['2019-09-19', 12.75, 12.86, 12.66, 12.75]
['2019-09-20', 12.87, 13.03, 12.64, 12.86]
['2019-09-23', 12.92, 12.92, 12.68, 12.82]
['2019-09-24', 12.82, 12.85, 12.58, 12.59]
['2019-09-25', 12.59, 12.76, 12.53, 12.66]
['2019-09-26', 12.65, 12.75, 12.59, 12.74]
['2019-09-27', 12.77, 12.86, 12.71, 12.76]
['2019-09-30', 12.81, 12.83, 12.68, 12.8]
['2019-10-01', 12.81, 12.84, 12.68, 12.7]
['2019-10-02', 12.7, 12.7, 12.21, 12.41]
['2019-10-03', 12.48, 12.53, 12.36, 12.4]
['2019-10-04', 12.4, 12.71, 12.38, 12.47]
['2019-10-07', 12.4, 12.58, 12.4, 12.49]
['2019-10-08', 12.44, 12.58, 12.44, 12.49]
['2019-10-09', 12.55, 12.7, 12.5, 12.55]
['2019-10-10', 12.55, 12.63, 12.47, 12.5]
['2019-10-11', 12.7, 12.79, 12.57, 12.64]
['2019-10-14', 12.63, 12.66, 12.5, 12.5]
['2019-10-15', 12.51, 12.72, 12.51, 12.72]
['2019-10-16', 12.71, 12.75, 12.61, 12.71]
['2019-10-17', 12.73, 12.77, 12.69, 12.77]
['2019-10-18', 12.75, 12.77, 12.68, 12.69]
['2019-10-21', 12.74, 12.81, 12.72, 12.72]
['2019-10-22', 12.72, 12.88, 12.72, 12.83]
['2019-10-23', 12.83, 12.98, 12.78, 12.98]
['2019-10-24', 12.95, 12.98, 12.84, 12.95]
['2019-10-25', 12.91, 13.02, 12.86, 12.92]
['2019-10-28', 12.92, 13.1, 12.92, 13.1]
['2019-10-29', 13.11, 13.12, 12.99, 13.12]
['2019-10-30', 13.1, 13.12, 12.94, 13.01]
['2019-10-31', 13.04, 13.04, 12.95, 12.99]
['2019-11-01', 13.01, 13.13, 12.95, 12.98]
['2019-11-04', 13.0, 13.1, 12.94, 13.0]
['2019-11-05', 12.97, 13.09, 12.95, 13.0]
['2019-11-06', 13.0, 13.09, 12.99, 13.06]
['2019-11-07', 13.25, 13.27, 12.81, 12.98]
['2019-11-08', 13.02, 13.12, 13.02, 13.07]
['2019-11-11', 13.16, 13.46, 13.16, 13.35]
['2019-11-12', 13.37, 13.39, 13.09, 13.17]
['2019-11-13', 13.13, 13.37, 13.13, 13.36]
['2019-11-14', 13.36, 13.36, 13.22, 13.22]
['2019-11-15', 13.15, 13.36, 13.15, 13.35]
['2019-11-18', 13.35, 13.36, 13.26, 13.35]
['2019-11-19', 13.36, 13.44, 13.29, 13.36]
['2019-11-20', 13.34, 13.36, 13.29, 13.34]
['2019-11-21', 13.39, 13.41, 13.25, 13.27]
['2019-11-22', 13.28, 13.3, 13.2, 13.22]
['2019-11-25', 13.26, 13.34, 13.24, 13.3]
['2019-11-26', 13.27, 13.32, 13.21, 13.27]
['2019-11-27', 13.3, 13.37, 13.27, 13.35]
['2019-11-29', 13.32, 13.39, 13.31, 13.35]
['2019-12-02', 13.36, 13.39, 13.22, 13.29]
['2019-12-03', 13.16, 13.29, 13.16, 13.28]
['2019-12-04', 13.29, 13.34, 13.22, 13.27]
['2019-12-05', 12.85, 12.93, 12.81, 12.88]
['2019-12-06', 12.94, 13.07, 12.88, 13.04]
['2019-12-09', 13.04, 13.15, 12.85, 13.08]
['2019-12-10', 13.1, 13.13, 13.04, 13.11]
['2019-12-11', 13.13, 13.22, 13.08, 13.2]
['2019-12-12', 13.21, 13.34, 13.06, 13.22]
['2019-12-13', 13.22, 13.41, 13.15, 13.17]
['2019-12-16', 13.2, 13.34, 13.13, 13.17]
['2019-12-17', 13.21, 13.27, 13.14, 13.17]
['2019-12-18', 13.15, 13.27, 13.1, 13.18]
['2019-12-19', 13.18, 13.27, 13.07, 13.13]
['2019-12-20', 13.11, 13.15, 12.83, 12.89]
['2019-12-23', 12.85, 12.9, 12.77, 12.77]
['2019-12-24', 12.85, 13.12, 12.83, 12.97]
['2019-12-26', 12.96, 13.14, 12.92, 13.1]
['2019-12-27', 13.06, 13.1, 12.99, 13.03]
['2019-12-30', 13.09, 13.2, 13.04, 13.12]
['2019-12-31', 13.11, 13.21, 13.09, 13.09]
['2020-01-02', 13.03, 13.14, 13.03, 13.12]
['2020-01-03', 13.12, 13.14, 13.05, 13.07]
['2020-01-06', 13.1, 13.18, 13.03, 13.09]
['2020-01-07', 13.1, 13.2, 13.05, 13.15]
['2020-01-08', 13.14, 13.25, 13.07, 13.22]
['2020-01-09', 13.22, 13.25, 13.04, 13.06]
['2020-01-10', 13.06, 13.18, 13.04, 13.13]
['2020-01-13', 13.17, 13.26, 13.14, 13.19]
['2020-01-14', 13.2, 13.31, 13.17, 13.27]
['2020-01-15', 13.27, 13.36, 13.25, 13.34]
['2020-01-16', 13.35, 13.4, 13.34, 13.36]
['2020-01-17', 13.41, 13.43, 13.35, 13.39]
['2020-01-21', 13.39, 13.39, 13.23, 13.23]
['2020-01-22', 13.34, 13.44, 13.25, 13.3]
['2020-01-23', 13.32, 13.37, 13.26, 13.31]
['2020-01-24', 13.35, 13.37, 13.23, 13.26]
['2020-01-27', 13.37, 13.37, 13.19, 13.34]
['2020-01-28', 13.35, 13.4, 13.26, 13.31]
['2020-01-29', 13.28, 13.38, 13.28, 13.34]
['2020-01-30', 13.34, 13.36, 13.21, 13.33]
['2020-01-31', 13.3, 13.31, 13.24, 13.27]
['2020-02-03', 13.34, 13.42, 13.32, 13.35]
['2020-02-04', 13.38, 13.39, 13.29, 13.32]
['2020-02-05', 13.33, 13.41, 13.33, 13.41]
['2020-02-06', 13.4, 13.41, 13.28, 13.37]
['2020-02-07', 13.33, 13.39, 13.28, 13.39]
['2020-02-10', 13.39, 13.4, 13.35, 13.37]
['2020-02-11', 13.37, 13.41, 13.3, 13.38]
['2020-02-12', 13.38, 13.41, 13.35, 13.39]
['2020-02-13', 13.32, 13.49, 13.32, 13.43]
['2020-02-14', 13.42, 13.55, 13.36, 13.52]
['2020-02-18', 13.55, 13.57, 13.47, 13.56]
['2020-02-19', 13.53, 13.66, 13.53, 13.66]
['2020-02-20', 13.7, 13.71, 13.57, 13.66]
['2020-02-21', 13.68, 13.7, 13.51, 13.61]
['2020-02-24', 13.51, 13.53, 13.34, 13.41]
['2020-02-25', 13.42, 13.47, 12.56, 12.86]
['2020-02-26', 12.85, 13.18, 12.8, 13.15]
['2020-02-27', 12.96, 13.21, 12.81, 13.12]
['2020-02-28', 12.77, 12.84, 11.72, 12.01]
['2020-03-02', 12.42, 13.01, 12.23, 12.95]
['2020-03-03', 13.42, 13.47, 12.79, 13.13]
['2020-03-04', 13.37, 13.37, 13.14, 13.25]
['2020-03-05', 13.23, 13.35, 12.94, 13.07]
['2020-03-06', 12.9, 13.04, 12.58, 12.83]
['2020-03-09', 12.37, 12.56, 11.79, 12.02]
['2020-03-10', 12.26, 13.05, 12.11, 12.56]
['2020-03-11', 12.44, 12.51, 12.06, 12.23]
['2020-03-12', 11.85, 11.94, 9.94, 11.04]
['2020-03-13', 11.47, 11.85, 10.2, 10.7]
['2020-03-16', 9.97, 9.97, 5.85, 6.73]
['2020-03-17', 7.49, 9.61, 7.49, 7.64]
['2020-03-18', 7.48, 7.75, 5.26, 5.81]
['2020-03-19', 5.88, 9.29, 5.75, 7.36]
['2020-03-20', 7.64, 8.12, 7.16, 7.3]
['2020-03-23', 7.19, 7.19, 5.76, 6.09]
['2020-03-24', 6.24, 7.65, 6.24, 6.46]
['2020-03-25', 6.61, 8.22, 6.61, 7.59]
['2020-03-26', 7.74, 9.49, 7.7, 8.41]
['2020-03-27', 8.2, 8.41, 7.15, 7.96]
['2020-03-30', 7.94, 8.04, 7.0, 7.0]
['2020-03-31', 7.02, 7.59, 6.9, 7.08]
['2020-04-01', 6.96, 7.12, 6.4, 6.73]
['2020-04-02', 6.71, 7.43, 6.36, 6.59]
['2020-04-03', 6.63, 6.94, 5.81, 6.15]
['2020-04-06', 5.98, 7.15, 5.93, 6.65]
['2020-04-07', 6.9, 7.41, 6.58, 6.77]
['2020-04-08', 6.85, 7.4, 6.82, 7.02]
['2020-04-09', 7.22, 7.91, 7.06, 7.24]
['2020-04-13', 7.36, 7.7, 6.61, 7.55]
['2020-04-14', 7.69, 8.1, 7.47, 7.95]
['2020-04-15', 7.77, 7.77, 7.25, 7.45]
['2020-04-16', 7.41, 7.45, 7.06, 7.2]
['2020-04-17', 7.23, 7.74, 7.23, 7.56]
['2020-04-20', 7.35, 7.73, 7.29, 7.61]
['2020-04-21', 7.54, 8.25, 7.5, 8.14]
['2020-04-22', 8.88, 9.44, 8.49, 9.15]
['2020-04-23', 9.21, 10.0, 9.21, 9.79]
['2020-04-24', 9.91, 10.48, 9.84, 10.18]
['2020-04-27', 10.36, 10.63, 9.58, 9.73]
['2020-04-28', 10.34, 10.34, 8.86, 8.94]
['2020-04-29', 8.9, 9.88, 8.9, 9.57]
['2020-04-30', 9.53, 9.53, 9.25, 9.43]
['2020-05-01', 9.24, 9.28, 8.9, 9.05]
['2020-05-04', 8.88, 9.1, 8.7, 8.83]
['2020-05-05', 8.85, 9.5, 8.17, 8.43]
['2020-05-06', 8.5, 9.25, 8.44, 9.06]
['2020-05-07', 8.98, 9.37, 8.62, 9.02]
['2020-05-08', 9.04, 9.4, 9.03, 9.39]
['2020-05-11', 9.31, 9.31, 8.25, 8.56]
['2020-05-12', 8.98, 9.18, 8.5, 8.61]
['2020-05-13', 8.62, 8.74, 7.92, 8.18]
['2020-05-14', 8.01, 8.36, 7.61, 8.27]
['2020-05-15', 8.17, 8.29, 8.05, 8.21]
['2020-05-18', 8.32, 8.6, 8.32, 8.37]
['2020-05-19', 8.42, 8.7, 8.01, 8.48]
['2020-05-20', 8.42, 8.8, 8.42, 8.66]
['2020-05-21', 8.66, 9.07, 8.6, 9.01]
['2020-05-22', 9.12, 9.29, 8.95, 9.21]
