['2018-07-27', 100.0, 100.0, 84.0, 94.0]
['2018-07-30', 85.0, 90.0, 85.0, 88.2]
['2018-07-31', 95.0, 95.0, 88.0, 95.0]
['2018-08-01', 95.0, 95.0, 90.0, 90.0]
['2018-08-02', 94.4, 94.4, 90.0, 94.2]
['2018-08-03', 85.8, 94.4, 85.8, 94.4]
['2018-08-06', 94.4, 95.0, 91.0, 94.6]
['2018-08-07', 90.6, 95.0, 90.6, 94.4]
['2018-08-08', 100.0, 100.0, 91.8, 97.8]
['2018-08-09', 96.0, 96.0, 90.4, 95.6]
['2018-08-10', 95.4, 97.8, 91.0, 91.2]
['2018-08-13', 91.2, 97.6, 90.0, 90.0]
['2018-08-14', 94.0, 94.8, 91.0, 94.8]
['2018-08-15', 94.8, 94.8, 94.8, 94.8]
['2018-08-16', 92.6, 95.0, 92.6, 95.0]
['2018-08-17', 93.0, 97.0, 93.0, 97.0]
['2018-08-20', 94.6, 97.2, 93.0, 97.0]
['2018-08-21', 96.6, 96.6, 95.0, 95.0]
['2018-08-22', 94.8, 95.0, 92.0, 92.2]
['2018-08-23', 97.2, 97.8, 93.2, 95.2]
['2018-08-24', 94.6, 96.0, 94.6, 96.0]
['2018-08-27', 95.0, 96.6, 95.0, 96.0]
['2018-08-28', 95.6, 97.0, 95.6, 97.0]
['2018-08-29', 95.4, 99.4, 95.4, 96.4]
['2018-08-30', 96.0, 96.0, 95.0, 95.2]
['2018-08-31', 95.4, 99.2, 95.0, 97.0]
['2018-09-04', 97.4, 97.4, 93.2, 97.4]
['2018-09-05', 97.0, 97.2, 92.0, 92.0]
['2018-09-06', 92.0, 96.0, 90.0, 92.0]
['2018-09-07', 88.0, 94.2, 85.8, 91.0]
['2018-09-10', 86.0, 95.4, 86.0, 87.0]
['2018-09-11', 86.0, 94.2, 85.0, 90.0]
['2018-09-12', 91.8, 92.2, 86.6, 87.0]
['2018-09-13', 86.4, 88.0, 80.4, 82.0]
['2018-09-14', 80.4, 88.0, 71.6, 79.2]
['2018-09-17', 75.0, 85.0, 71.2, 82.0]
['2018-09-18', 75.6, 84.6, 74.0, 83.6]
['2018-09-19', 83.6, 83.8, 80.0, 81.6]
['2018-09-20', 92.2, 94.2, 86.2, 92.4]
['2018-09-21', 92.4, 94.4, 82.6, 89.0]
['2018-09-24', 89.4, 93.2, 89.4, 90.6]
['2018-09-25', 91.0, 94.6, 81.6, 94.2]
['2018-09-26', 94.6, 94.6, 87.6, 92.6]
['2018-09-27', 94.0, 94.0, 93.2, 93.2]
['2018-09-28', 94.0, 94.0, 80.2, 86.0]
['2018-10-01', 85.0, 89.8, 85.0, 89.8]
['2018-10-02', 88.4, 88.4, 80.2, 86.0]
['2018-10-03', 84.8, 88.0, 80.4, 88.0]
['2018-10-04', 87.2, 87.2, 82.0, 82.2]
['2018-10-05', 88.8, 88.8, 85.0, 85.0]
['2018-10-08', 87.0, 87.8, 87.0, 87.8]
['2018-10-09', 88.6, 88.8, 85.0, 85.0]
['2018-10-10', 91.0, 91.0, 80.0, 86.4]
['2018-10-11', 95.0, 100.0, 86.0, 88.6]
['2018-10-12', 88.8, 92.6, 86.8, 91.0]
['2018-10-15', 90.6, 90.6, 89.0, 89.0]
['2018-10-16', 89.0, 91.8, 80.8, 88.2]
['2018-10-17', 89.0, 89.0, 82.2, 86.0]
['2018-10-18', 89.2, 90.4, 89.0, 89.0]
['2018-10-19', 90.2, 90.2, 87.0, 90.0]
['2018-10-22', 92.0, 92.0, 88.2, 88.8]
['2018-10-23', 90.0, 95.8, 89.4, 90.4]
['2018-10-24', 95.6, 96.4, 91.4, 93.0]
['2018-10-25', 96.4, 98.4, 85.4, 96.2]
['2018-10-26', 95.0, 108.0, 95.0, 104.6]
['2018-10-29', 111.4, 112.2, 95.0, 95.4]
['2018-10-30', 95.2, 112.0, 94.0, 99.0]
['2018-10-31', 103.8, 103.8, 99.0, 102.4]
['2018-11-01', 101.6, 102.6, 94.0, 96.2]
['2018-11-02', 96.2, 107.6, 94.0, 94.0]
['2018-11-05', 102.6, 104.2, 97.0, 97.6]
['2018-11-06', 103.4, 103.4, 96.0, 100.2]
['2018-11-07', 108.0, 108.0, 91.0, 94.6]
['2018-11-08', 94.4, 94.4, 87.4, 87.4]
['2018-11-09', 87.0, 93.6, 85.6, 85.6]
['2018-11-12', 85.0, 89.6, 85.0, 89.6]
['2018-11-13', 87.8, 91.8, 87.0, 90.6]
['2018-11-14', 92.0, 92.0, 87.0, 89.0]
['2018-11-15', 86.8, 87.4, 85.0, 85.4]
['2018-11-16', 87.0, 94.8, 82.2, 92.0]
['2018-11-19', 89.4, 91.0, 82.2, 82.2]
['2018-11-20', 83.0, 100.0, 82.2, 91.4]
['2018-11-21', 99.2, 99.2, 89.4, 90.0]
['2018-11-23', 88.6, 88.6, 85.0, 88.4]
['2018-11-26', 91.8, 97.0, 89.6, 94.0]
['2018-11-27', 92.6, 93.8, 91.0, 91.0]
['2018-11-28', 89.6, 89.6, 85.0, 89.0]
['2018-11-29', 87.8, 89.0, 85.2, 85.2]
['2018-11-30', 87.0, 88.2, 83.6, 88.0]
['2018-12-03', 88.0, 88.0, 82.0, 85.8]
['2018-12-04', 84.6, 85.2, 84.6, 85.2]
['2018-12-06', 82.4, 86.0, 80.0, 80.0]
['2018-12-07', 80.0, 86.0, 80.0, 84.6]
['2018-12-10', 83.2, 86.0, 75.0, 75.2]
['2018-12-11', 91.6, 92.0, 84.8, 90.2]
['2018-12-12', 92.0, 92.0, 85.0, 86.0]
['2018-12-13', 87.0, 87.0, 83.8, 84.0]
['2018-12-14', 84.0, 84.8, 80.2, 84.0]
['2018-12-17', 83.0, 84.0, 78.0, 78.0]
['2018-12-18', 80.0, 83.6, 74.0, 74.0]
['2018-12-19', 76.0, 81.8, 76.0, 76.0]
['2018-12-20', 77.0, 80.0, 70.0, 70.0]
['2018-12-21', 70.0, 75.8, 66.0, 70.6]
['2018-12-24', 69.6, 70.0, 60.0, 70.0]
['2018-12-26', 69.4, 70.0, 62.0, 70.0]
['2018-12-27', 61.2, 68.8, 61.2, 65.0]
['2018-12-28', 70.0, 71.4, 70.0, 70.4]
['2018-12-31', 70.0, 71.6, 62.0, 68.4]
['2019-01-02', 70.0, 71.6, 70.0, 71.4]
['2019-01-03', 70.6, 70.6, 62.8, 65.8]
['2019-01-04', 63.6, 78.4, 63.6, 72.6]
['2019-01-07', 75.4, 75.4, 72.0, 72.0]
['2019-01-08', 73.2, 77.8, 70.4, 77.8]
['2019-01-09', 79.4, 81.2, 72.8, 80.0]
['2019-01-10', 80.0, 80.0, 72.0, 73.2]
['2019-01-11', 73.2, 78.4, 72.4, 78.4]
['2019-01-14', 73.2, 73.2, 65.0, 67.2]
['2019-01-15', 67.2, 68.0, 61.0, 66.8]
['2019-01-16', 68.4, 68.4, 65.4, 66.8]
['2019-01-17', 66.2, 66.2, 66.0, 66.0]
['2019-01-18', 66.0, 67.2, 66.0, 66.8]
['2019-01-22', 67.0, 67.0, 66.0, 66.2]
['2019-01-23', 64.8, 67.0, 61.6, 63.0]
['2019-01-24', 63.0, 63.0, 56.2, 57.0]
['2019-01-25', 57.0, 60.0, 56.0, 56.0]
['2019-01-28', 58.8, 60.0, 58.8, 60.0]
['2019-01-29', 61.2, 65.8, 60.4, 60.8]
['2019-01-30', 60.8, 65.8, 60.8, 64.4]
['2019-01-31', 63.8, 68.0, 63.8, 65.2]
['2019-02-01', 67.8, 67.8, 60.8, 63.6]
['2019-02-04', 63.2, 63.2, 60.8, 61.4]
['2019-02-05', 59.6, 60.0, 55.0, 56.2]
['2019-02-06', 55.0, 58.0, 52.0, 52.0]
['2019-02-07', 52.0, 61.2, 51.8, 51.8]
['2019-02-08', 50.4, 52.0, 45.2, 49.0]
['2019-02-11', 48.6, 51.6, 47.4, 48.4]
['2019-02-12', 49.4, 53.8, 49.4, 53.2]
['2019-02-13', 52.8, 53.4, 48.0, 50.2]
['2019-02-14', 52.6, 52.8, 48.0, 48.2]
['2019-02-15', 48.0, 49.4, 47.4, 47.4]
['2019-02-19', 48.0, 50.0, 46.0, 47.8]
['2019-02-20', 48.0, 49.8, 46.0, 46.0]
['2019-02-21', 48.4, 49.0, 46.0, 47.0]
['2019-02-22', 48.0, 48.0, 46.2, 47.0]
['2019-02-25', 54.6, 54.6, 47.0, 50.0]
['2019-02-26', 51.8, 52.0, 47.0, 49.6]
['2019-02-27', 51.0, 51.8, 47.0, 51.8]
['2019-02-28', 51.8, 51.8, 47.2, 47.2]
['2019-03-01', 49.0, 50.4, 49.0, 49.6]
['2019-03-04', 48.8, 50.2, 47.2, 48.0]
['2019-03-05', 48.8, 49.8, 44.0, 44.0]
['2019-03-06', 44.2, 48.8, 44.2, 48.8]
['2019-03-07', 46.0, 48.8, 45.0, 46.8]
['2019-03-08', 48.0, 48.0, 45.0, 45.0]
['2019-03-11', 45.6, 47.6, 44.0, 47.6]
['2019-03-12', 48.0, 48.4, 41.0, 46.0]
['2019-03-13', 43.8, 46.4, 42.0, 46.4]
['2019-03-14', 45.2, 49.4, 42.4, 46.0]
['2019-03-15', 46.8, 47.0, 44.0, 46.0]
['2019-03-18', 46.4, 46.4, 42.4, 45.0]
['2019-03-19', 47.0, 50.0, 41.8, 47.8]
['2019-03-20', 47.8, 47.8, 47.4, 47.4]
['2019-03-21', 47.4, 47.6, 43.8, 46.2]
['2019-03-22', 45.8, 49.0, 45.8, 48.0]
['2019-03-25', 47.4, 47.8, 45.0, 45.0]
['2019-03-26', 45.0, 51.4, 44.2, 45.4]
['2019-03-27', 45.4, 48.0, 41.0, 43.0]
['2019-03-28', 42.8, 42.8, 36.0, 38.4]
['2019-03-29', 37.4, 39.8, 37.4, 39.8]
['2019-04-01', 41.4, 41.8, 36.2, 37.6]
['2019-04-02', 36.6, 38.8, 36.0, 37.2]
['2019-04-03', 37.2, 37.6, 36.0, 36.4]
['2019-04-04', 36.4, 38.2, 36.0, 36.0]
['2019-04-05', 36.0, 39.8, 35.4, 39.6]
['2019-04-08', 40.2, 43.0, 40.0, 41.6]
['2019-04-09', 40.8, 41.4, 36.2, 36.8]
['2019-04-10', 37.6, 41.2, 36.6, 39.4]
['2019-04-11', 39.0, 39.6, 37.6, 38.4]
['2019-04-12', 39.6, 50.0, 39.2, 45.8]
['2019-04-15', 46.2, 46.2, 35.8, 41.8]
['2019-04-16', 41.6, 41.6, 37.2, 39.0]
['2019-04-17', 37.4, 43.0, 37.4, 39.2]
['2019-04-18', 39.4, 41.6, 38.0, 41.6]
['2019-04-22', 42.2, 44.8, 39.2, 39.4]
['2019-04-23', 42.6, 44.0, 35.0, 37.0]
['2019-04-24', 38.8, 38.8, 35.2, 37.8]
['2019-04-25', 37.2, 38.8, 35.0, 35.6]
['2019-04-26', 34.0, 35.6, 33.4, 33.6]
['2019-04-29', 33.4, 35.0, 30.0, 32.4]
['2019-04-30', 32.8, 34.0, 30.8, 34.0]
['2019-05-01', 34.6, 34.8, 31.6, 34.8]
['2019-05-02', 34.2, 34.2, 32.2, 33.0]
['2019-05-03', 34.6, 34.6, 31.0, 33.8]
['2019-05-06', 34.0, 35.6, 31.4, 34.0]
['2019-05-07', 34.2, 41.6, 34.2, 40.0]
['2019-05-08', 41.2, 54.0, 38.2, 42.0]
['2019-05-09', 41.2, 41.2, 36.0, 39.8]
['2019-05-10', 38.0, 39.8, 37.0, 37.8]
['2019-05-13', 36.2, 36.4, 34.0, 34.4]
['2019-05-14', 40.0, 43.0, 36.0, 37.0]
['2019-05-15', 38.0, 42.8, 37.0, 39.6]
['2019-05-16', 37.6, 39.4, 36.6, 36.6]
['2019-05-17', 37.4, 40.4, 34.8, 38.2]
['2019-05-20', 37.6, 37.8, 32.8, 32.8]
['2019-05-21', 31.8, 34.4, 30.2, 31.2]
['2019-05-22', 29.0, 29.4, 27.2, 27.2]
['2019-05-23', 27.2, 28.4, 26.8, 28.2]
['2019-05-24', 28.0, 28.6, 27.8, 27.8]
['2019-05-28', 28.4, 28.4, 26.8, 27.2]
['2019-05-29', 26.2, 26.6, 23.8, 25.4]
['2019-05-30', 26.0, 27.2, 26.0, 26.6]
['2019-05-31', 26.8, 27.4, 26.0, 26.2]
['2019-06-03', 26.8, 26.8, 25.4, 25.6]
['2019-06-04', 26.8, 26.8, 25.6, 26.6]
['2019-06-05', 26.4, 28.4, 24.4, 27.6]
['2019-06-06', 26.4, 28.2, 26.4, 26.6]
['2019-06-07', 27.0, 27.2, 25.4, 26.0]
['2019-06-10', 27.0, 27.6, 26.0, 26.4]
['2019-06-11', 26.8, 27.0, 24.2, 24.2]
['2019-06-12', 24.6, 26.2, 24.6, 25.6]
['2019-06-13', 26.0, 27.0, 24.2, 26.0]
['2019-06-14', 25.8, 25.8, 24.2, 25.8]
['2019-06-17', 26.0, 26.0, 19.6, 26.0]
['2019-06-18', 23.8, 26.0, 23.8, 24.6]
['2019-06-19', 23.8, 25.8, 23.8, 25.8]
['2019-06-20', 24.2, 26.4, 24.2, 26.4]
['2019-06-21', 26.4, 27.0, 25.0, 25.0]
['2019-06-24', 25.6, 25.6, 25.0, 25.0]
['2019-06-25', 25.0, 25.4, 21.8, 22.2]
['2019-06-26', 26.4, 26.4, 23.0, 23.0]
['2019-06-27', 23.2, 26.0, 23.2, 23.8]
['2019-06-28', 23.0, 24.0, 23.0, 23.2]
['2019-07-01', 23.8, 25.0, 22.8, 23.2]
['2019-07-02', 23.8, 25.0, 22.6, 22.8]
['2019-07-03', 24.4, 26.0, 22.6, 24.6]
['2019-07-05', 24.6, 26.0, 24.6, 25.2]
['2019-07-08', 25.6, 26.0, 24.8, 24.8]
['2019-07-09', 24.6, 25.8, 23.0, 23.2]
['2019-07-10', 24.6, 25.8, 23.6, 25.8]
['2019-07-11', 26.0, 26.0, 23.4, 23.6]
['2019-07-12', 23.6, 24.0, 22.6, 22.8]
['2019-07-15', 23.6, 23.6, 20.2, 22.8]
['2019-07-16', 21.8, 22.6, 21.6, 22.0]
['2019-07-17', 21.4, 22.8, 21.4, 22.8]
['2019-07-18', 22.4, 23.0, 22.4, 22.8]
['2019-07-19', 22.8, 23.2, 22.4, 22.4]
['2019-07-22', 23.0, 23.2, 22.2, 22.2]
['2019-07-23', 22.2, 22.4, 22.2, 22.2]
['2019-07-24', 22.2, 22.4, 21.0, 21.8]
['2019-07-25', 21.8, 22.0, 20.8, 20.8]
['2019-07-26', 20.8, 21.0, 19.0, 21.0]
['2019-07-29', 20.4, 20.4, 18.0, 19.4]
['2019-07-30', 20.0, 20.2, 18.6, 19.2]
['2019-07-31', 18.4, 19.0, 18.0, 18.0]
['2019-08-01', 18.6, 18.6, 16.0, 16.6]
['2019-08-02', 16.2, 18.0, 16.2, 16.8]
['2019-08-05', 17.2, 17.2, 15.2, 16.6]
['2019-08-06', 16.8, 19.8, 16.8, 18.4]
['2019-08-07', 18.4, 22.0, 17.0, 19.4]
['2019-08-08', 19.0, 22.2, 18.4, 19.8]
['2019-08-09', 21.8, 26.0, 20.0, 21.4]
['2019-08-12', 21.6, 24.0, 19.0, 22.0]
['2019-08-13', 20.8, 22.0, 19.0, 19.0]
['2019-08-14', 19.0, 21.0, 19.0, 20.2]
['2019-08-15', 21.0, 24.0, 19.6, 22.4]
['2019-08-16', 21.2, 22.2, 20.4, 21.8]
['2019-08-19', 21.0, 24.0, 21.0, 23.0]
['2019-08-20', 23.0, 23.6, 22.4, 23.6]
['2019-08-21', 23.6, 26.6, 23.0, 25.8]
['2019-08-22', 26.2, 26.6, 21.8, 21.8]
['2019-08-23', 22.0, 24.0, 22.0, 22.8]
['2019-08-26', 22.8, 22.8, 20.2, 20.6]
['2019-08-27', 20.0, 20.6, 19.4, 19.6]
['2019-08-28', 20.2, 22.4, 19.0, 20.0]
['2019-08-29', 19.4, 20.8, 19.4, 20.4]
['2019-08-30', 19.6, 21.0, 19.6, 20.4]
['2019-09-03', 19.6, 21.6, 19.6, 20.0]
['2019-09-04', 19.2, 21.4, 19.0, 20.2]
['2019-09-05', 20.0, 21.0, 19.0, 19.6]
['2019-09-06', 20.0, 20.8, 19.4, 20.6]
['2019-09-09', 20.0, 20.4, 19.0, 19.2]
['2019-09-10', 19.0, 19.6, 17.2, 18.2]
['2019-09-11', 18.2, 19.0, 17.2, 19.0]
['2019-09-12', 18.6, 19.0, 18.2, 19.0]
['2019-09-13', 18.0, 19.6, 18.0, 18.8]
['2019-09-16', 19.0, 19.0, 16.6, 17.4]
['2019-09-17', 16.4, 17.2, 15.4, 16.8]
['2019-09-18', 16.8, 18.6, 14.0, 18.4]
['2019-09-19', 18.4, 19.0, 18.2, 18.4]
['2019-09-20', 18.2, 19.0, 17.0, 18.8]
['2019-09-23', 18.8, 18.8, 17.4, 18.0]
['2019-09-24', 18.0, 18.4, 17.0, 17.6]
['2019-09-25', 17.6, 18.8, 17.0, 18.0]
['2019-09-26', 18.2, 20.0, 18.2, 20.0]
['2019-09-27', 20.0, 20.0, 18.2, 19.0]
['2019-09-30', 18.0, 19.0, 17.4, 18.0]
['2019-10-01', 18.4, 18.8, 16.6, 16.8]
['2019-10-02', 17.2, 18.0, 16.8, 16.8]
['2019-10-03', 17.4, 18.0, 16.8, 18.0]
['2019-10-04', 17.8, 18.0, 16.6, 17.4]
['2019-10-07', 16.8, 18.0, 16.0, 16.8]
['2019-10-08', 17.2, 18.0, 16.2, 17.0]
['2019-10-09', 16.6, 17.6, 16.6, 17.6]
['2019-10-10', 17.6, 17.6, 16.2, 16.2]
['2019-10-11', 16.0, 16.8, 13.8, 16.6]
['2019-10-14', 16.0, 16.6, 15.6, 16.2]
['2019-10-15', 16.4, 16.6, 15.6, 16.4]
['2019-10-16', 15.6, 17.2, 15.4, 16.6]
['2019-10-17', 16.2, 17.2, 15.4, 16.8]
['2019-10-18', 16.6, 16.8, 16.0, 16.0]
['2019-10-21', 15.6, 17.0, 15.4, 15.6]
['2019-10-22', 16.0, 16.0, 15.6, 16.0]
['2019-10-23', 16.0, 16.0, 15.0, 15.4]
['2019-10-24', 15.6, 18.0, 15.2, 17.4]
['2019-10-25', 18.0, 19.0, 16.2, 18.4]
['2019-10-28', 19.0, 19.8, 18.4, 19.6]
['2019-10-29', 19.4, 19.4, 16.2, 17.0]
['2019-10-30', 18.2, 18.2, 16.6, 17.0]
['2019-10-31', 16.4, 18.8, 16.4, 18.2]
['2019-11-01', 19.0, 19.0, 17.0, 17.4]
['2019-11-04', 18.0, 18.0, 16.2, 17.2]
['2019-11-05', 17.0, 17.2, 16.4, 17.0]
['2019-11-06', 17.0, 17.8, 15.8, 16.0]
['2019-11-07', 15.4, 16.6, 15.4, 15.4]
['2019-11-08', 15.4, 17.6, 14.6, 15.2]
['2019-11-11', 16.0, 16.8, 14.0, 15.4]
['2019-11-12', 15.6, 15.6, 13.0, 13.8]
['2019-11-13', 13.6, 15.4, 13.6, 15.2]
['2019-11-14', 15.8, 16.2, 14.0, 14.8]
['2019-11-15', 14.6, 14.6, 14.0, 14.6]
['2019-11-18', 14.8, 15.6, 14.0, 14.4]
['2019-11-19', 14.0, 17.0, 13.6, 14.6]
['2019-11-20', 15.4, 17.0, 15.0, 15.6]
['2019-11-21', 16.4, 16.8, 14.6, 15.0]
['2019-11-22', 14.6, 15.6, 14.2, 14.8]
['2019-11-25', 15.0, 15.0, 14.6, 14.8]
['2019-11-26', 14.6, 15.8, 13.8, 15.8]
['2019-11-27', 16.0, 19.8, 14.6, 19.6]
['2019-11-29', 19.4, 19.4, 18.4, 19.0]
['2019-12-02', 18.8, 18.8, 16.0, 17.4]
['2019-12-03', 17.4, 17.4, 16.6, 17.4]
['2019-12-04', 17.4, 17.4, 16.0, 17.0]
['2019-12-05', 16.2, 16.6, 15.8, 16.0]
['2019-12-06', 15.6, 15.6, 14.8, 15.0]
['2019-12-09', 15.6, 15.6, 13.4, 13.4]
['2019-12-10', 14.4, 14.8, 13.4, 13.6]
['2019-12-11', 13.4, 13.8, 12.6, 13.2]
['2019-12-12', 13.4, 13.4, 12.4, 12.8]
['2019-12-13', 12.6, 12.8, 11.2, 11.8]
['2019-12-16', 11.8, 12.0, 10.4, 11.0]
['2019-12-17', 11.0, 13.0, 11.0, 12.4]
['2019-12-18', 12.8, 13.6, 12.0, 12.0]
['2019-12-19', 12.2, 13.0, 12.0, 12.0]
['2019-12-20', 12.4, 12.6, 11.6, 11.6]
['2019-12-23', 12.0, 13.0, 11.4, 11.6]
['2019-12-24', 12.0, 12.2, 11.6, 12.2]
['2019-12-26', 11.6, 12.6, 11.0, 11.0]
['2019-12-27', 11.6, 12.0, 11.6, 11.8]
['2019-12-30', 12.4, 12.8, 10.6, 11.4]
['2019-12-31', 11.8, 12.8, 11.4, 12.2]
['2020-01-02', 12.4, 13.2, 12.2, 12.6]
['2020-01-03', 13.2, 13.2, 12.0, 12.0]
['2020-01-06', 12.0, 13.2, 12.0, 12.4]
['2020-01-07', 12.4, 13.0, 12.0, 12.0]
['2020-01-08', 12.2, 12.6, 12.0, 12.6]
['2020-01-09', 12.8, 12.8, 11.8, 12.4]
['2020-01-10', 12.2, 14.4, 12.2, 12.8]
['2020-01-13', 12.8, 12.8, 11.0, 11.8]
['2020-01-14', 12.0, 12.0, 11.0, 11.2]
['2020-01-15', 11.0, 11.4, 10.4, 10.6]
['2020-01-16', 10.6, 11.2, 10.6, 10.8]
['2020-01-17', 10.8, 10.8, 9.6, 10.0]
['2020-01-21', 10.2, 10.2, 9.0, 9.8]
['2020-01-22', 9.8, 9.8, 9.2, 9.4]
['2020-01-23', 9.4, 9.8, 8.8, 9.0]
['2020-01-24', 9.0, 9.0, 8.0, 8.0]
['2020-01-27', 8.2, 8.4, 7.2, 7.6]
['2020-01-28', 7.8, 8.4, 7.8, 7.8]
['2020-01-29', 7.8, 8.0, 6.6, 7.8]
['2020-01-30', 8.0, 8.4, 7.2, 8.4]
['2020-01-31', 8.4, 8.6, 7.2, 8.0]
['2020-02-03', 8.0, 9.4, 7.6, 7.6]
['2020-02-04', 7.6, 7.8, 6.8, 7.2]
['2020-02-05', 7.6, 7.8, 7.2, 7.6]
['2020-02-06', 7.6, 8.2, 7.6, 8.0]
['2020-02-07', 7.8, 8.6, 7.2, 7.8]
['2020-02-10', 7.4, 8.4, 7.4, 8.0]
['2020-02-11', 8.6, 8.8, 6.6, 8.0]
['2020-02-12', 8.0, 8.2, 7.6, 8.0]
['2020-02-13', 8.2, 8.2, 8.0, 8.0]
['2020-02-14', 8.6, 8.6, 8.0, 8.2]
['2020-02-18', 8.6, 8.6, 8.0, 8.0]
['2020-02-19', 8.0, 8.2, 7.4, 7.8]
['2020-02-20', 8.2, 8.8, 7.4, 8.4]
['2020-02-21', 8.6, 8.6, 7.6, 8.2]
['2020-02-24', 8.0, 8.4, 8.0, 8.2]
['2020-02-25', 8.6, 8.6, 7.2, 7.8]
['2020-02-26', 8.0, 8.0, 6.4, 6.8]
['2020-02-27', 6.8, 7.0, 6.2, 6.2]
['2020-02-28', 7.0, 7.2, 6.0, 6.0]
['2020-03-02', 6.0, 7.0, 6.0, 6.2]
['2020-03-03', 6.6, 8.2, 6.4, 7.4]
['2020-03-04', 7.4, 8.2, 7.0, 7.6]
['2020-03-05', 7.2, 7.4, 7.0, 7.2]
['2020-03-06', 7.4, 7.4, 7.0, 7.2]
['2020-03-09', 6.8, 6.8, 5.6, 5.8]
['2020-03-10', 6.0, 6.6, 5.6, 5.8]
['2020-03-11', 5.0, 6.0, 5.0, 5.4]
['2020-03-12', 5.4, 5.8, 5.0, 5.2]
['2020-03-13', 7.0, 7.0, 5.4, 5.4]
['2020-03-16', 5.4, 5.6, 5.0, 5.4]
['2020-03-17', 5.2, 5.6, 5.2, 5.2]
['2020-03-18', 5.4, 5.4, 5.0, 5.0]
['2020-03-19', 5.6, 5.8, 5.2, 5.2]
['2020-03-20', 5.0, 6.2, 5.0, 6.0]
['2020-03-23', 6.4, 6.6, 5.0, 5.4]
['2020-03-24', 6.2, 6.2, 5.6, 5.8]
['2020-03-25', 6.0, 6.0, 5.4, 5.8]
['2020-03-26', 6.0, 6.0, 5.8, 6.0]
['2020-03-27', 6.6, 7.0, 5.8, 6.0]
['2020-03-30', 6.2, 7.2, 6.0, 6.8]
['2020-03-31', 7.6, 7.6, 6.6, 6.8]
['2020-04-01', 7.0, 7.0, 5.6, 5.6]
['2020-04-02', 7.0, 7.0, 5.4, 5.4]
['2020-04-03', 5.8, 5.8, 4.4, 4.8]
['2020-04-06', 4.8, 5.2, 4.8, 5.0]
['2020-04-07', 5.0, 5.0, 4.4, 4.6]
['2020-04-08', 5.0, 5.4, 3.6, 5.2]
['2020-04-09', 5.5, 5.5, 4.51, 4.7]
['2020-04-13', 4.93, 6.54, 4.75, 5.51]
['2020-04-14', 5.6, 7.0, 5.52, 7.0]
['2020-04-15', 6.53, 6.53, 5.5, 5.76]
['2020-04-16', 6.39, 7.37, 5.25, 5.38]
['2020-04-17', 5.21, 6.27, 4.9, 5.3]
['2020-04-20', 4.55, 6.0, 3.9, 4.29]
['2020-04-21', 2.39, 2.59, 2.2, 2.54]
['2020-04-22', 2.69, 2.69, 2.3, 2.35]
['2020-04-23', 2.41, 2.68, 2.26, 2.5]
['2020-04-24', 2.48, 2.59, 2.32, 2.45]
['2020-04-27', 2.42, 2.83, 2.42, 2.59]
['2020-04-28', 2.66, 2.75, 2.51, 2.53]
['2020-04-29', 2.64, 2.73, 2.54, 2.54]
['2020-04-30', 2.5, 2.52, 2.2, 2.37]
['2020-05-01', 2.41, 2.45, 2.28, 2.38]
['2020-05-04', 2.41, 2.55, 2.34, 2.4]
['2020-05-05', 2.4, 2.45, 2.37, 2.43]
['2020-05-06', 2.38, 2.54, 2.37, 2.46]
['2020-05-07', 2.45, 2.53, 2.39, 2.4]
['2020-05-08', 2.42, 2.49, 2.35, 2.4]
['2020-05-11', 2.39, 2.58, 2.3, 2.43]
['2020-05-12', 2.45, 2.48, 2.32, 2.36]
['2020-05-13', 2.33, 2.4, 2.25, 2.32]
['2020-05-14', 2.55, 2.57, 2.3, 2.32]
['2020-05-15', 2.3, 2.4, 2.2, 2.34]
['2020-05-18', 2.35, 2.42, 2.28, 2.31]
['2020-05-19', 2.31, 2.34, 2.22, 2.23]
['2020-05-20', 2.25, 2.37, 2.24, 2.28]
['2020-05-21', 2.27, 2.33, 2.22, 2.32]
['2020-05-22', 2.3, 2.49, 2.23, 2.44]
