['2019-12-11', 32.75, 35.0, 32.1, 34.46]
['2019-12-12', 34.08, 37.46, 33.43, 34.64]
['2019-12-13', 34.7, 38.32, 34.1, 37.71]
['2019-12-16', 37.82, 38.49, 34.75, 35.8]
['2019-12-17', 35.86, 35.86, 33.36, 34.3]
['2019-12-18', 34.76, 38.24, 33.51, 38.1]
['2019-12-19', 37.5, 38.3, 35.85, 37.76]
['2019-12-20', 37.9, 40.5, 37.1, 40.0]
['2019-12-23', 40.06, 40.19, 37.86, 39.23]
['2019-12-24', 39.0, 40.0, 38.2, 39.63]
['2019-12-26', 39.75, 39.99, 38.42, 38.67]
['2019-12-27', 38.82, 39.42, 37.78, 38.49]
['2019-12-30', 38.61, 38.97, 37.11, 38.27]
['2019-12-31', 38.32, 38.62, 37.75, 38.52]
['2020-01-02', 38.59, 39.12, 38.2, 38.59]
['2020-01-03', 38.44, 39.37, 37.51, 38.22]
['2020-01-06', 37.74, 37.8, 35.63, 36.21]
['2020-01-07', 36.36, 36.98, 35.51, 36.59]
['2020-01-08', 36.64, 37.26, 35.9, 36.89]
['2020-01-09', 36.71, 37.98, 36.16, 37.82]
['2020-01-10', 37.96, 38.8, 37.42, 37.59]
['2020-01-13', 37.75, 38.09, 37.41, 37.54]
['2020-01-14', 37.78, 38.24, 37.0, 37.15]
['2020-01-15', 37.15, 38.01, 37.15, 37.55]
['2020-01-16', 37.75, 38.0, 37.6, 37.7]
['2020-01-17', 38.01, 39.89, 37.82, 38.79]
['2020-01-21', 39.88, 41.67, 39.4, 40.59]
['2020-01-22', 41.65, 43.52, 41.5, 42.48]
['2020-01-23', 42.88, 42.89, 40.59, 41.0]
['2020-01-24', 41.02, 41.48, 37.92, 38.53]
['2020-01-27', 36.5, 38.41, 35.56, 37.61]
['2020-01-28', 37.97, 39.31, 37.1, 39.04]
['2020-01-29', 39.24, 40.47, 38.89, 40.33]
['2020-01-30', 39.86, 40.49, 38.51, 38.89]
['2020-01-31', 39.0, 40.74, 38.62, 40.14]
['2020-02-03', 40.18, 41.92, 39.92, 40.46]
['2020-02-04', 40.81, 41.54, 38.81, 38.97]
['2020-02-05', 39.44, 40.24, 39.13, 39.9]
['2020-02-06', 40.22, 40.45, 37.92, 38.3]
['2020-02-07', 38.26, 38.38, 36.79, 37.36]
['2020-02-10', 37.22, 37.55, 35.6, 37.32]
['2020-02-11', 37.36, 39.16, 37.36, 38.99]
['2020-02-12', 39.11, 41.12, 39.11, 40.91]
['2020-02-13', 40.73, 42.05, 39.81, 41.36]
['2020-02-14', 41.46, 41.57, 39.58, 40.32]
['2020-02-18', 40.5, 41.3, 40.01, 40.94]
['2020-02-19', 41.26, 42.87, 41.05, 42.49]
['2020-02-20', 42.49, 43.49, 41.52, 42.99]
['2020-02-21', 42.65, 42.8, 40.6, 42.33]
['2020-02-24', 40.51, 41.0, 38.81, 39.5]
['2020-02-25', 39.71, 40.17, 37.29, 37.5]
['2020-02-26', 37.56, 38.58, 35.86, 36.2]
['2020-02-27', 35.74, 36.8, 33.72, 35.45]
['2020-02-28', 34.94, 35.14, 32.76, 34.65]
['2020-03-02', 35.06, 38.63, 35.0, 37.15]
['2020-03-03', 37.37, 38.41, 35.8, 36.16]
['2020-03-04', 36.61, 39.36, 36.02, 38.84]
['2020-03-05', 37.98, 38.32, 35.07, 35.76]
['2020-03-06', 34.65, 34.97, 30.1, 30.99]
['2020-03-09', 28.45, 32.0, 25.76, 26.64]
['2020-03-10', 28.43, 31.72, 27.83, 29.95]
['2020-03-11', 28.98, 29.36, 22.92, 23.24]
['2020-03-12', 18.76, 19.0, 16.02, 17.71]
['2020-03-13', 21.05, 22.65, 18.25, 22.39]
['2020-03-16', 18.59, 22.93, 18.02, 18.54]
['2020-03-17', 19.19, 20.0, 17.65, 19.92]
['2020-03-18', 19.08, 19.82, 15.5, 17.6]
['2020-03-19', 17.43, 22.0, 16.0, 20.9]
['2020-03-20', 21.0, 22.64, 17.86, 17.94]
['2020-03-23', 18.13, 18.13, 16.41, 16.96]
['2020-03-24', 18.12, 21.0, 17.77, 19.64]
['2020-03-25', 19.98, 26.1, 18.09, 23.0]
['2020-03-26', 23.0, 25.91, 23.0, 24.83]
['2020-03-27', 23.14, 23.77, 21.66, 22.26]
['2020-03-30', 22.14, 22.25, 20.18, 20.58]
['2020-03-31', 20.37, 20.7, 18.56, 19.29]
['2020-04-01', 18.46, 18.8, 17.3, 17.93]
['2020-04-02', 18.08, 18.95, 16.66, 17.2]
['2020-04-03', 17.67, 18.55, 16.88, 17.66]
['2020-04-06', 18.76, 21.81, 18.24, 20.4]
['2020-04-07', 21.73, 22.6, 21.08, 21.53]
['2020-04-08', 22.17, 22.57, 20.82, 21.59]
['2020-04-09', 22.12, 24.88, 21.9, 22.57]
['2020-04-13', 22.6, 22.64, 20.0, 21.18]
['2020-04-14', 21.78, 24.11, 21.78, 22.78]
['2020-04-15', 21.85, 24.38, 21.18, 23.39]
['2020-04-16', 24.61, 25.76, 23.5, 25.45]
['2020-04-17', 26.1, 28.09, 25.46, 26.82]
['2020-04-20', 25.78, 26.99, 25.58, 26.93]
['2020-04-21', 26.04, 26.64, 24.3, 24.66]
['2020-04-22', 25.42, 26.44, 24.92, 26.02]
['2020-04-23', 26.09, 26.49, 25.09, 25.75]
['2020-04-24', 25.87, 25.87, 22.8, 22.9]
['2020-04-27', 23.09, 23.8, 21.12, 23.78]
['2020-04-28', 24.2, 25.6, 23.92, 24.93]
['2020-04-29', 25.59, 26.67, 24.52, 25.13]
['2020-04-30', 24.86, 25.61, 24.38, 25.16]
['2020-05-01', 24.28, 24.57, 22.67, 23.1]
['2020-05-04', 22.73, 23.36, 22.53, 22.93]
['2020-05-05', 23.42, 23.76, 22.51, 22.57]
['2020-05-06', 22.76, 23.61, 22.33, 22.89]
['2020-05-07', 23.38, 24.65, 23.29, 24.42]
['2020-05-08', 24.97, 25.34, 24.4, 25.11]
['2020-05-11', 24.63, 25.97, 24.5, 25.35]
['2020-05-12', 25.38, 25.95, 24.61, 24.86]
['2020-05-13', 27.0, 29.14, 25.65, 27.9]
['2020-05-14', 27.05, 27.13, 25.11, 26.06]
['2020-05-15', 26.1, 27.21, 25.56, 26.51]
['2020-05-18', 27.12, 27.88, 26.83, 27.57]
['2020-05-19', 27.21, 27.44, 26.37, 26.5]
['2020-05-20', 26.6, 27.9, 26.5, 27.5]
['2020-05-21', 27.5, 28.98, 27.27, 28.48]
['2020-05-22', 28.41, 29.29, 27.78, 28.8]
