['2018-09-21', 26.5, 28.03, 22.5, 24.0]
['2018-09-24', 27.0, 27.99, 24.54, 26.97]
['2018-09-25', 27.31, 27.31, 25.0, 25.28]
['2018-09-26', 25.2, 25.92, 24.1, 24.72]
['2018-09-27', 24.75, 25.2, 24.19, 25.03]
['2018-09-28', 25.21, 27.35, 24.78, 26.56]
['2018-10-01', 27.14, 31.0, 25.01, 26.05]
['2018-10-02', 26.47, 29.3, 25.45, 28.92]
['2018-10-03', 29.37, 29.7, 26.4, 26.79]
['2018-10-04', 26.72, 27.92, 22.18, 23.5]
['2018-10-05', 23.85, 26.75, 23.03, 26.26]
['2018-10-08', 25.73, 25.73, 23.0, 23.82]
['2018-10-09', 24.0, 25.28, 22.4, 22.55]
['2018-10-10', 22.68, 22.8, 20.03, 22.5]
['2018-10-11', 22.19, 23.55, 20.7, 22.15]
['2018-10-12', 22.63, 23.46, 20.51, 20.81]
['2018-10-15', 21.63, 23.07, 20.82, 21.6]
['2018-10-16', 22.4, 22.52, 20.0, 21.15]
['2018-10-17', 21.0, 21.72, 19.2, 19.48]
['2018-10-18', 19.63, 22.5, 18.0, 22.0]
['2018-10-19', 21.8, 22.05, 21.2, 21.5]
['2018-10-22', 21.48, 22.25, 21.0, 21.93]
['2018-10-23', 21.89, 22.95, 21.0, 22.15]
['2018-10-24', 21.97, 24.18, 21.79, 22.39]
['2018-10-25', 22.5, 24.8, 22.5, 23.75]
['2018-10-26', 23.77, 24.79, 21.9, 22.34]
['2018-10-29', 22.34, 24.09, 22.0, 22.52]
['2018-10-30', 22.84, 24.0, 22.84, 23.84]
['2018-10-31', 24.16, 24.92, 24.0, 24.56]
['2018-11-01', 24.47, 25.09, 24.03, 24.9]
['2018-11-02', 25.66, 26.0, 24.31, 25.38]
['2018-11-05', 26.0, 26.0, 24.87, 25.69]
['2018-11-06', 25.73, 25.76, 25.27, 25.5]
['2018-11-07', 25.77, 25.87, 25.23, 25.64]
['2018-11-08', 25.81, 26.44, 24.65, 25.79]
['2018-11-09', 25.57, 25.79, 24.92, 25.53]
['2018-11-12', 25.63, 25.63, 24.19, 24.26]
['2018-11-13', 24.66, 25.35, 22.89, 23.15]
['2018-11-14', 23.56, 24.76, 23.54, 23.99]
['2018-11-15', 23.7, 25.53, 22.47, 24.61]
['2018-11-16', 24.5, 25.51, 24.08, 24.87]
['2018-11-19', 24.69, 25.56, 24.18, 24.66]
['2018-11-20', 24.41, 24.9, 23.41, 23.43]
['2018-11-21', 23.39, 25.06, 23.18, 24.85]
['2018-11-23', 24.85, 27.59, 23.93, 27.22]
['2018-11-26', 27.12, 27.12, 25.41, 26.14]
['2018-11-27', 25.83, 25.83, 24.03, 24.34]
['2018-11-28', 24.19, 26.0, 22.71, 25.32]
['2018-11-29', 25.76, 27.28, 24.84, 26.32]
['2018-11-30', 26.25, 26.75, 24.81, 24.92]
['2018-12-03', 25.38, 26.86, 24.62, 24.9]
['2018-12-04', 24.9, 25.56, 23.39, 24.5]
['2018-12-06', 24.03, 25.39, 22.69, 23.37]
['2018-12-07', 23.3, 24.57, 22.25, 22.63]
['2018-12-10', 22.71, 22.85, 21.2, 22.13]
['2018-12-11', 22.72, 24.45, 21.63, 21.97]
['2018-12-12', 22.03, 24.14, 21.09, 21.97]
['2018-12-13', 21.56, 22.35, 20.22, 21.58]
['2018-12-14', 21.45, 22.1, 20.28, 21.42]
['2018-12-17', 21.41, 21.98, 20.0, 20.47]
['2018-12-18', 20.6, 20.82, 19.3, 19.85]
['2018-12-19', 19.82, 20.38, 18.66, 19.01]
['2018-12-20', 18.85, 18.85, 17.37, 18.23]
['2018-12-21', 18.87, 18.87, 16.57, 16.92]
['2018-12-24', 16.76, 16.76, 15.17, 15.41]
['2018-12-26', 15.72, 17.79, 15.72, 17.01]
['2018-12-27', 16.89, 17.28, 16.1, 17.19]
['2018-12-28', 17.5, 18.78, 17.5, 18.77]
['2018-12-31', 18.89, 20.75, 18.1, 20.34]
['2019-01-02', 19.96, 20.42, 18.11, 18.21]
['2019-01-03', 18.21, 20.49, 18.21, 20.44]
['2019-01-04', 20.49, 20.76, 19.61, 19.89]
['2019-01-07', 20.01, 22.5, 19.73, 22.24]
['2019-01-08', 22.5, 22.5, 20.1, 21.98]
['2019-01-09', 21.95, 24.21, 21.89, 23.55]
['2019-01-10', 23.87, 24.69, 22.85, 24.26]
['2019-01-11', 24.55, 24.99, 22.75, 23.64]
['2019-01-14', 23.28, 24.0, 21.87, 22.01]
['2019-01-15', 23.25, 24.28, 22.03, 22.45]
['2019-01-16', 22.17, 23.68, 22.0, 23.11]
['2019-01-17', 23.0, 23.52, 22.0, 23.05]
['2019-01-18', 23.18, 23.18, 21.81, 22.79]
['2019-01-22', 23.04, 23.4, 20.53, 20.66]
['2019-01-23', 20.75, 22.27, 19.86, 20.4]
['2019-01-24', 20.36, 21.9, 19.99, 21.42]
['2019-01-25', 21.87, 21.88, 21.3, 21.55]
['2019-01-28', 21.05, 21.58, 20.14, 20.67]
['2019-01-29', 20.99, 20.99, 19.97, 20.03]
['2019-01-30', 20.17, 20.47, 18.6, 20.27]
['2019-01-31', 21.0, 21.4, 20.12, 20.58]
['2019-02-01', 20.63, 21.23, 20.32, 20.59]
['2019-02-04', 20.66, 21.21, 20.63, 20.92]
['2019-02-05', 21.19, 21.67, 20.31, 21.13]
['2019-02-06', 21.13, 21.32, 20.18, 20.36]
['2019-02-07', 19.87, 20.69, 19.77, 20.52]
['2019-02-08', 20.39, 20.88, 20.39, 20.69]
['2019-02-11', 20.51, 21.61, 20.51, 21.12]
['2019-02-12', 21.19, 21.72, 20.05, 21.72]
['2019-02-13', 21.72, 22.43, 21.53, 21.71]
['2019-02-14', 21.72, 23.23, 20.88, 21.42]
['2019-02-15', 21.42, 23.18, 21.12, 22.26]
['2019-02-19', 22.52, 23.1, 22.03, 23.01]
['2019-02-20', 22.84, 24.32, 22.81, 22.86]
['2019-02-21', 22.87, 23.44, 22.0, 22.68]
['2019-02-22', 22.83, 23.08, 22.23, 22.33]
['2019-02-25', 22.44, 23.19, 22.44, 22.75]
['2019-02-26', 22.76, 22.76, 20.91, 21.45]
['2019-02-27', 22.08, 22.08, 21.49, 21.89]
['2019-02-28', 22.34, 22.37, 21.27, 21.65]
['2019-03-01', 21.8, 21.8, 20.75, 21.1]
['2019-03-04', 21.15, 21.72, 21.04, 21.25]
['2019-03-05', 21.44, 22.33, 21.01, 22.33]
['2019-03-06', 22.24, 22.38, 21.4, 21.78]
['2019-03-07', 21.87, 22.13, 19.68, 20.71]
['2019-03-08', 20.7, 21.38, 20.25, 20.4]
['2019-03-11', 21.26, 21.8, 21.03, 21.71]
['2019-03-12', 22.0, 22.67, 21.51, 21.65]
['2019-03-13', 21.9, 21.9, 20.89, 21.3]
['2019-03-14', 21.27, 21.84, 21.0, 21.38]
['2019-03-15', 21.39, 22.91, 21.39, 22.91]
['2019-03-18', 22.96, 23.82, 22.32, 23.8]
['2019-03-19', 23.88, 23.88, 22.53, 23.52]
['2019-03-20', 23.52, 24.65, 23.24, 24.36]
['2019-03-21', 24.46, 25.3, 23.41, 24.41]
['2019-03-22', 25.0, 25.01, 22.68, 23.36]
['2019-03-25', 23.02, 24.12, 22.08, 23.34]
['2019-03-26', 23.38, 24.24, 23.25, 23.76]
['2019-03-27', 24.01, 24.01, 23.0, 23.24]
['2019-03-28', 23.25, 24.0, 22.0, 22.5]
['2019-03-29', 23.11, 26.56, 22.31, 26.21]
['2019-04-01', 26.67, 27.83, 25.26, 27.82]
['2019-04-02', 27.82, 28.51, 27.36, 28.31]
['2019-04-03', 28.37, 29.61, 27.01, 28.12]
['2019-04-04', 28.0, 28.62, 26.15, 26.43]
['2019-04-05', 26.7, 27.4, 26.2, 26.78]
['2019-04-08', 26.93, 27.3, 26.59, 27.14]
['2019-04-09', 27.1, 27.55, 26.02, 26.53]
['2019-04-10', 26.74, 27.28, 25.65, 26.99]
['2019-04-11', 26.99, 27.87, 25.8, 26.62]
['2019-04-12', 26.61, 26.61, 24.12, 24.92]
['2019-04-15', 24.95, 25.38, 24.49, 25.31]
['2019-04-16', 25.38, 25.72, 24.26, 24.65]
['2019-04-17', 24.72, 24.97, 23.16, 24.6]
['2019-04-18', 24.52, 26.21, 23.49, 26.02]
['2019-04-22', 26.05, 26.05, 23.25, 24.12]
['2019-04-23', 24.27, 24.9, 23.96, 24.12]
['2019-04-24', 24.2, 24.2, 22.39, 23.47]
['2019-04-25', 23.42, 24.31, 22.92, 23.53]
['2019-04-26', 23.55, 23.75, 22.7, 23.48]
['2019-04-29', 23.47, 23.74, 22.63, 23.06]
['2019-04-30', 23.03, 23.26, 22.32, 23.02]
['2019-05-01', 23.1, 23.23, 22.5, 22.68]
['2019-05-02', 22.58, 23.0, 22.27, 22.64]
['2019-05-03', 22.83, 22.9, 22.56, 22.82]
['2019-05-06', 22.36, 22.9, 22.36, 22.72]
['2019-05-07', 22.42, 22.79, 21.82, 22.32]
['2019-05-08', 22.32, 22.73, 21.68, 22.46]
['2019-05-09', 22.22, 22.97, 22.0, 22.47]
['2019-05-10', 22.37, 22.74, 22.37, 22.5]
['2019-05-13', 22.25, 22.55, 19.86, 20.25]
['2019-05-14', 20.28, 21.31, 20.28, 21.0]
['2019-05-15', 20.99, 22.6, 20.52, 22.2]
['2019-05-16', 22.53, 22.53, 21.11, 21.38]
['2019-05-17', 21.12, 21.33, 20.05, 21.31]
['2019-05-20', 21.57, 22.07, 21.01, 21.71]
['2019-05-21', 21.84, 21.84, 21.04, 21.43]
['2019-05-22', 21.0, 21.75, 21.0, 21.39]
['2019-05-23', 21.06, 21.72, 20.76, 21.34]
['2019-05-24', 22.36, 22.36, 20.53, 20.92]
['2019-05-28', 20.8, 20.9, 19.6, 20.36]
['2019-05-29', 20.48, 21.41, 19.7, 21.37]
['2019-05-30', 21.45, 22.09, 20.9, 21.23]
['2019-05-31', 20.9, 20.97, 20.24, 20.37]
['2019-06-03', 20.5, 20.75, 19.58, 20.2]
['2019-06-04', 20.16, 20.48, 19.03, 19.51]
['2019-06-05', 19.53, 20.82, 19.3, 20.42]
['2019-06-06', 20.39, 21.22, 20.1, 21.06]
['2019-06-07', 21.17, 22.0, 20.92, 21.6]
['2019-06-10', 22.98, 23.03, 21.72, 22.73]
['2019-06-11', 23.0, 23.04, 21.67, 22.56]
['2019-06-12', 22.5, 23.0, 21.31, 21.45]
['2019-06-13', 21.58, 22.18, 20.78, 21.89]
['2019-06-14', 21.61, 22.57, 21.61, 22.31]
['2019-06-17', 22.0, 22.5, 20.29, 20.78]
['2019-06-18', 21.32, 22.55, 20.88, 22.49]
['2019-06-19', 22.4, 22.84, 21.75, 22.12]
['2019-06-20', 22.5, 22.5, 21.26, 21.47]
['2019-06-21', 21.37, 22.65, 21.37, 22.5]
['2019-06-24', 22.35, 22.35, 21.52, 21.65]
['2019-06-25', 21.65, 22.76, 21.65, 22.5]
['2019-06-26', 22.57, 22.89, 22.36, 22.53]
['2019-06-27', 22.5, 22.87, 21.72, 22.27]
['2019-06-28', 22.3, 23.15, 22.21, 22.87]
['2019-07-01', 23.07, 23.07, 22.21, 22.86]
['2019-07-02', 23.07, 23.07, 21.36, 21.57]
['2019-07-03', 21.66, 22.07, 21.29, 21.94]
['2019-07-05', 22.09, 22.99, 21.89, 22.74]
['2019-07-08', 22.68, 22.93, 21.9, 22.56]
['2019-07-09', 22.54, 23.03, 22.54, 23.01]
['2019-07-10', 23.04, 23.07, 22.38, 22.94]
['2019-07-11', 23.01, 23.01, 22.37, 22.71]
['2019-07-12', 22.69, 23.0, 22.48, 22.87]
['2019-07-15', 22.87, 23.01, 22.3, 22.95]
['2019-07-16', 22.93, 23.01, 22.37, 23.01]
['2019-07-17', 22.92, 23.02, 22.66, 22.72]
['2019-07-18', 22.7, 22.97, 22.0, 22.97]
['2019-07-19', 22.76, 23.1, 22.7, 22.78]
['2019-07-22', 22.85, 22.96, 22.33, 22.55]
['2019-07-23', 22.7, 22.98, 22.29, 22.58]
['2019-07-24', 22.55, 23.04, 22.29, 22.99]
['2019-07-25', 22.96, 23.05, 22.49, 22.98]
['2019-07-26', 23.0, 23.75, 22.83, 23.28]
['2019-07-29', 23.07, 23.48, 22.55, 23.34]
['2019-07-30', 23.07, 23.07, 22.5, 22.99]
['2019-07-31', 23.03, 23.2, 22.31, 22.37]
['2019-08-01', 22.41, 23.22, 22.38, 22.87]
['2019-08-02', 22.81, 23.3, 22.7, 23.22]
['2019-08-05', 22.97, 23.09, 21.14, 21.8]
['2019-08-06', 21.95, 23.0, 20.89, 22.04]
['2019-08-07', 21.78, 22.79, 21.57, 22.41]
['2019-08-08', 22.6, 23.5, 22.27, 23.33]
['2019-08-09', 23.27, 24.21, 23.27, 23.93]
['2019-08-12', 23.78, 24.2, 23.09, 23.7]
['2019-08-13', 23.78, 25.91, 23.78, 25.82]
['2019-08-14', 25.33, 26.38, 24.89, 26.16]
['2019-08-15', 25.36, 27.52, 24.9, 26.45]
['2019-08-16', 26.5, 28.12, 26.03, 27.9]
['2019-08-19', 28.14, 28.62, 27.02, 27.89]
['2019-08-20', 27.85, 28.05, 27.12, 27.21]
['2019-08-21', 27.36, 28.07, 27.05, 27.87]
['2019-08-22', 27.92, 28.0, 27.0, 27.0]
['2019-08-23', 26.84, 27.26, 25.38, 25.77]
['2019-08-26', 26.5, 26.54, 25.09, 26.18]
['2019-08-27', 26.62, 28.77, 26.44, 26.72]
['2019-08-28', 26.56, 27.35, 26.37, 26.86]
['2019-08-29', 26.76, 27.25, 26.41, 27.05]
['2019-08-30', 27.18, 27.46, 26.15, 26.57]
['2019-09-03', 26.18, 26.75, 25.25, 25.55]
['2019-09-04', 26.33, 26.5, 25.49, 26.29]
['2019-09-05', 26.59, 27.16, 26.38, 26.63]
['2019-09-06', 26.64, 28.15, 25.39, 27.34]
['2019-09-09', 27.39, 28.0, 26.87, 27.9]
['2019-09-10', 27.84, 29.91, 27.37, 28.56]
['2019-09-11', 28.7, 29.52, 27.14, 29.02]
['2019-09-12', 29.48, 30.5, 29.21, 30.15]
['2019-09-13', 30.55, 30.95, 29.2, 29.67]
['2019-09-16', 29.36, 32.27, 28.98, 31.14]
['2019-09-17', 30.68, 31.88, 30.68, 31.37]
['2019-09-18', 31.37, 31.69, 30.23, 31.35]
['2019-09-19', 31.33, 32.23, 31.03, 31.27]
['2019-09-20', 31.06, 31.27, 30.6, 30.95]
['2019-09-23', 30.94, 31.52, 30.5, 30.95]
['2019-09-24', 31.24, 31.24, 30.09, 30.75]
['2019-09-25', 30.7, 31.15, 27.76, 27.85]
['2019-09-26', 27.8, 28.07, 26.52, 26.98]
['2019-09-27', 26.99, 27.1, 25.3, 25.75]
['2019-09-30', 25.78, 26.48, 25.09, 26.06]
['2019-10-01', 26.49, 27.1, 24.53, 24.59]
['2019-10-02', 24.27, 24.51, 23.66, 23.81]
['2019-10-03', 23.74, 25.22, 23.4, 25.01]
['2019-10-04', 25.15, 25.87, 25.05, 25.76]
['2019-10-07', 25.66, 25.93, 24.88, 25.3]
['2019-10-08', 24.99, 25.92, 24.33, 25.14]
['2019-10-09', 25.42, 25.9, 24.58, 25.0]
['2019-10-10', 25.01, 25.21, 24.42, 25.07]
['2019-10-11', 25.42, 26.55, 24.61, 26.05]
['2019-10-14', 25.85, 26.78, 24.36, 24.71]
['2019-10-15', 24.75, 25.36, 24.04, 24.95]
['2019-10-16', 25.0, 25.58, 25.0, 25.28]
['2019-10-17', 25.5, 27.35, 25.5, 27.08]
['2019-10-18', 26.9, 27.43, 26.34, 26.8]
['2019-10-21', 27.0, 28.23, 26.82, 28.18]
['2019-10-22', 28.3, 29.19, 27.79, 28.29]
['2019-10-23', 28.4, 29.4, 27.84, 28.34]
['2019-10-24', 28.51, 30.61, 28.35, 29.88]
['2019-10-25', 29.72, 31.18, 29.4, 30.6]
['2019-10-28', 31.35, 32.9, 31.26, 31.95]
['2019-10-29', 31.5, 32.29, 28.19, 31.98]
['2019-10-30', 28.49, 29.9, 27.79, 28.74]
['2019-10-31', 29.0, 31.41, 28.8, 31.15]
['2019-11-01', 29.61, 31.42, 29.14, 29.4]
['2019-11-04', 30.27, 30.88, 29.39, 29.94]
['2019-11-05', 30.15, 30.41, 29.4, 30.01]
['2019-11-06', 30.2, 30.41, 29.79, 30.0]
['2019-11-07', 30.3, 30.3, 29.18, 29.5]
['2019-11-08', 29.49, 29.53, 28.48, 28.68]
['2019-11-11', 28.54, 29.21, 28.36, 29.01]
['2019-11-12', 29.12, 29.45, 28.48, 28.55]
['2019-11-13', 28.68, 29.0, 28.16, 28.68]
['2019-11-14', 26.39, 28.76, 25.14, 28.1]
['2019-11-15', 28.43, 29.31, 27.57, 28.45]
['2019-11-18', 28.4, 28.8, 27.99, 28.51]
['2019-11-19', 28.55, 29.03, 28.22, 28.54]
['2019-11-20', 29.01, 29.98, 28.26, 29.45]
['2019-11-21', 29.39, 29.58, 28.68, 28.88]
['2019-11-22', 28.95, 29.12, 27.91, 28.72]
['2019-11-25', 29.14, 29.8, 28.74, 29.56]
['2019-11-26', 29.69, 32.61, 29.4, 32.52]
['2019-11-27', 32.67, 33.09, 32.15, 32.71]
['2019-11-29', 32.2, 34.19, 32.04, 33.75]
['2019-12-02', 34.1, 34.1, 31.86, 32.36]
['2019-12-03', 31.83, 33.25, 31.83, 32.62]
['2019-12-04', 33.08, 34.02, 32.54, 33.78]
['2019-12-05', 33.88, 34.49, 32.57, 32.97]
['2019-12-06', 33.29, 33.36, 32.44, 32.64]
['2019-12-09', 32.79, 33.78, 32.66, 32.85]
['2019-12-10', 32.82, 34.08, 32.49, 33.74]
['2019-12-11', 33.99, 34.08, 32.5, 32.99]
['2019-12-12', 32.98, 33.87, 32.25, 32.55]
['2019-12-13', 32.71, 33.41, 30.66, 31.7]
['2019-12-16', 31.82, 32.13, 30.69, 31.35]
['2019-12-17', 31.42, 31.83, 30.12, 31.1]
['2019-12-18', 31.14, 31.39, 29.96, 30.78]
['2019-12-19', 30.94, 31.0, 30.27, 30.98]
['2019-12-20', 30.99, 32.85, 30.73, 31.75]
['2019-12-23', 31.5, 33.11, 30.44, 32.42]
['2019-12-24', 32.77, 33.68, 32.03, 33.49]
['2019-12-26', 33.5, 33.8, 32.21, 33.27]
['2019-12-27', 33.47, 33.47, 30.93, 31.33]
['2019-12-30', 31.5, 31.54, 30.12, 31.07]
['2019-12-31', 31.02, 31.81, 30.65, 31.25]
['2020-01-02', 31.69, 31.99, 29.84, 30.5]
['2020-01-03', 30.29, 30.9, 29.81, 30.62]
['2020-01-06', 30.5, 30.95, 29.9, 30.7]
['2020-01-07', 30.7, 31.24, 29.93, 30.34]
['2020-01-08', 30.43, 31.78, 30.02, 31.43]
['2020-01-09', 31.66, 32.47, 31.3, 31.72]
['2020-01-10', 31.91, 32.95, 31.55, 31.73]
['2020-01-13', 31.73, 32.06, 30.53, 30.99]
['2020-01-14', 30.73, 30.86, 29.51, 29.96]
['2020-01-15', 29.98, 30.51, 29.41, 29.89]
['2020-01-16', 30.33, 32.72, 30.33, 32.62]
['2020-01-17', 32.88, 33.8, 32.71, 32.97]
['2020-01-21', 33.49, 34.26, 32.57, 32.91]
['2020-01-22', 32.99, 34.93, 32.99, 34.62]
['2020-01-23', 34.62, 35.29, 33.68, 34.96]
['2020-01-24', 35.23, 35.66, 34.69, 35.16]
['2020-01-27', 34.36, 35.6, 34.36, 34.96]
['2020-01-28', 35.24, 36.29, 35.12, 35.8]
['2020-01-29', 35.89, 36.25, 34.83, 35.15]
['2020-01-30', 34.87, 35.77, 33.53, 33.77]
['2020-01-31', 33.58, 34.27, 31.56, 32.99]
['2020-02-03', 33.25, 34.03, 31.44, 33.76]
['2020-02-04', 34.45, 34.84, 33.4, 33.9]
['2020-02-05', 34.26, 34.5, 32.74, 34.04]
['2020-02-06', 34.52, 34.55, 32.69, 33.44]
['2020-02-07', 33.59, 34.11, 32.75, 32.86]
['2020-02-10', 33.06, 33.49, 32.02, 33.31]
['2020-02-11', 33.83, 34.28, 33.01, 33.26]
['2020-02-12', 33.48, 34.33, 32.44, 34.2]
['2020-02-13', 34.1, 34.1, 32.9, 33.46]
['2020-02-14', 33.48, 33.56, 32.64, 32.97]
['2020-02-18', 33.22, 33.89, 32.5, 32.8]
['2020-02-19', 33.08, 34.94, 33.03, 34.47]
['2020-02-20', 34.45, 34.48, 32.65, 34.05]
['2020-02-21', 34.11, 34.39, 32.8, 33.2]
['2020-02-24', 31.64, 31.86, 30.3, 31.19]
['2020-02-25', 31.06, 31.78, 29.5, 29.94]
['2020-02-26', 30.54, 32.3, 29.52, 30.1]
['2020-02-27', 29.16, 30.08, 28.25, 28.39]
['2020-02-28', 27.51, 29.52, 27.0, 29.42]
['2020-03-02', 29.75, 30.36, 28.62, 30.07]
['2020-03-03', 30.1, 30.4, 29.31, 29.49]
['2020-03-04', 30.13, 30.32, 29.5, 29.83]
['2020-03-05', 29.04, 29.64, 27.23, 28.01]
['2020-03-06', 27.09, 27.75, 26.46, 27.47]
['2020-03-09', 26.25, 26.4, 22.09, 24.82]
['2020-03-10', 25.6, 26.74, 23.39, 25.25]
['2020-03-11', 24.55, 25.21, 22.54, 22.98]
['2020-03-12', 20.98, 21.5, 18.82, 19.66]
['2020-03-13', 20.0, 21.91, 17.64, 20.99]
['2020-03-16', 16.1, 18.94, 16.1, 17.48]
['2020-03-17', 17.88, 18.48, 16.1, 18.06]
['2020-03-18', 17.23, 18.56, 14.23, 14.39]
['2020-03-19', 14.16, 17.28, 14.16, 15.85]
['2020-03-20', 16.52, 21.98, 16.34, 19.37]
['2020-03-23', 19.65, 20.89, 17.21, 19.32]
['2020-03-24', 20.13, 22.0, 20.01, 21.11]
['2020-03-25', 21.28, 22.69, 20.15, 20.84]
['2020-03-26', 21.02, 23.09, 20.31, 22.3]
['2020-03-27', 21.4, 22.64, 20.6, 21.0]
['2020-03-30', 21.56, 23.75, 20.62, 23.13]
['2020-03-31', 24.37, 26.3, 22.71, 26.1]
['2020-04-01', 24.83, 25.97, 23.01, 24.75]
['2020-04-02', 24.67, 25.87, 23.02, 24.98]
['2020-04-03', 25.0, 25.46, 23.09, 23.66]
['2020-04-06', 24.51, 26.0, 23.78, 26.0]
['2020-04-07', 26.0, 27.46, 24.9, 27.15]
['2020-04-08', 27.5, 27.94, 26.91, 27.83]
['2020-04-09', 28.3, 29.17, 28.0, 29.17]
['2020-04-13', 29.51, 30.38, 28.62, 30.0]
['2020-04-14', 30.4, 31.12, 28.7, 31.02]
['2020-04-15', 29.79, 31.2, 28.82, 30.04]
['2020-04-16', 30.05, 30.82, 29.75, 30.79]
['2020-04-17', 31.2, 32.51, 30.8, 32.32]
['2020-04-20', 31.62, 34.49, 31.62, 34.41]
['2020-04-21', 33.99, 35.08, 32.4, 32.4]
['2020-04-22', 33.0, 34.99, 32.75, 34.27]
['2020-04-23', 34.41, 34.98, 33.26, 34.47]
['2020-04-24', 34.51, 35.69, 33.57, 34.7]
['2020-04-27', 35.29, 36.55, 34.6, 35.26]
['2020-04-28', 35.67, 35.79, 33.58, 33.7]
['2020-04-29', 35.17, 35.87, 32.45, 35.03]
['2020-04-30', 34.43, 35.23, 33.58, 33.58]
['2020-05-01', 33.07, 33.65, 31.61, 32.39]
['2020-05-04', 32.34, 34.14, 31.9, 33.8]
['2020-05-05', 34.95, 35.22, 33.48, 34.04]
['2020-05-06', 33.84, 35.55, 33.53, 34.84]
['2020-05-07', 35.0, 35.97, 34.07, 35.41]
['2020-05-08', 36.56, 40.1, 35.35, 39.84]
['2020-05-11', 39.5, 40.1, 38.68, 39.31]
['2020-05-12', 39.31, 39.81, 37.82, 38.1]
['2020-05-13', 38.78, 39.37, 37.06, 37.86]
['2020-05-14', 37.06, 37.49, 35.68, 36.08]
['2020-05-15', 36.13, 39.18, 36.13, 38.6]
