['2020-04-03', 25.0, 27.0, 23.0, 23.2]
['2020-04-06', 24.69, 26.14, 23.5, 24.39]
['2020-04-07', 24.76, 25.33, 22.0, 23.75]
['2020-04-08', 23.99, 26.49, 23.25, 24.8]
['2020-04-09', 25.25, 26.34, 24.25, 24.31]
['2020-04-13', 24.5, 25.1, 23.81, 23.9]
['2020-04-14', 24.04, 26.39, 23.28, 25.12]
['2020-04-15', 24.89, 25.84, 23.9, 24.48]
['2020-04-16', 24.48, 25.84, 24.0, 24.38]
['2020-04-17', 24.4, 25.44, 24.12, 24.56]
['2020-04-20', 24.61, 25.3, 24.03, 24.12]
['2020-04-21', 24.39, 25.73, 23.5, 25.56]
['2020-04-22', 25.82, 27.0, 25.0, 26.79]
['2020-04-23', 26.59, 29.33, 26.02, 28.45]
['2020-04-24', 28.51, 30.78, 28.3, 30.5]
['2020-04-27', 31.0, 32.8, 30.69, 31.76]
['2020-04-28', 33.72, 35.57, 32.17, 35.57]
['2020-04-29', 36.42, 37.43, 35.3, 36.16]
['2020-04-30', 35.57, 36.5, 34.28, 35.1]
['2020-05-01', 34.33, 35.39, 30.77, 31.29]
['2020-05-04', 30.56, 31.97, 28.01, 31.93]
['2020-05-05', 31.21, 34.57, 30.28, 33.26]
['2020-05-06', 33.63, 33.63, 31.26, 32.98]
['2020-05-07', 32.98, 34.31, 31.5, 31.93]
['2020-05-08', 32.15, 33.82, 31.82, 33.27]
['2020-05-11', 32.63, 38.03, 32.63, 34.5]
['2020-05-12', 34.7, 37.12, 34.55, 35.64]
['2020-05-13', 36.07, 38.99, 34.96, 36.5]
['2020-05-14', 36.87, 38.97, 35.17, 37.96]
['2020-05-15', 38.18, 42.83, 35.81, 35.87]
['2020-05-18', 37.5, 40.44, 36.4, 39.65]
['2020-05-19', 39.53, 44.8, 37.49, 44.66]
['2020-05-20', 45.26, 48.61, 37.54, 41.07]
['2020-05-21', 41.05, 42.45, 39.34, 40.04]
['2020-05-22', 40.29, 41.38, 37.69, 39.07]
