['2015-10-08', 22.41, 23.32, 22.02, 22.97]
['2015-10-09', 23.03, 23.05, 22.38, 22.38]
['2015-10-12', 22.26, 22.48, 21.83, 22.06]
['2015-10-13', 22.02, 22.43, 22.02, 22.16]
['2015-10-14', 22.14, 22.85, 22.14, 22.21]
['2015-10-15', 22.21, 22.78, 21.91, 22.18]
['2015-10-16', 22.89, 22.89, 21.88, 22.36]
['2015-10-19', 22.3, 22.41, 22.06, 22.36]
['2015-10-20', 22.2, 22.26, 21.95, 22.25]
['2015-10-21', 21.95, 22.28, 21.91, 22.19]
['2015-10-22', 21.97, 22.26, 21.96, 22.02]
['2015-10-23', 22.06, 22.25, 21.96, 22.03]
['2015-10-26', 22.08, 22.36, 21.92, 22.04]
['2015-10-27', 21.94, 22.21, 21.94, 21.96]
['2015-10-28', 21.96, 22.36, 21.96, 22.29]
['2015-10-29', 22.3, 23.74, 22.09, 23.55]
['2015-10-30', 23.6, 24.54, 22.62, 23.03]
['2015-11-02', 23.27, 24.32, 22.49, 23.41]
['2015-11-03', 23.33, 24.03, 22.75, 23.24]
['2015-11-04', 23.0, 24.05, 22.85, 23.13]
['2015-11-05', 23.64, 23.64, 22.62, 23.1]
['2015-11-06', 23.4, 23.67, 22.86, 23.67]
['2015-11-09', 23.05, 23.95, 22.85, 22.94]
['2015-11-10', 23.25, 23.88, 22.87, 23.55]
['2015-11-11', 23.6, 24.01, 23.22, 23.78]
['2015-11-12', 23.64, 23.84, 23.6, 23.73]
['2015-11-13', 23.54, 23.85, 22.9, 23.6]
['2015-11-16', 23.63, 23.74, 22.11, 22.34]
['2015-11-17', 22.49, 23.3, 22.24, 22.5]
['2015-11-18', 23.0, 23.16, 22.17, 22.6]
['2015-11-19', 22.24, 22.59, 22.17, 22.36]
['2015-11-20', 22.16, 22.8, 22.11, 22.46]
['2015-11-23', 22.19, 23.48, 22.19, 23.41]
['2015-11-24', 23.35, 23.7, 22.86, 23.48]
['2015-11-25', 23.29, 24.34, 23.26, 24.33]
['2015-11-27', 24.0, 24.46, 23.85, 24.07]
['2015-11-30', 23.95, 24.34, 23.41, 24.1]
['2015-12-01', 24.02, 24.34, 23.98, 24.31]
['2015-12-02', 24.05, 24.3, 23.75, 23.85]
['2015-12-03', 23.85, 24.21, 23.78, 23.92]
['2015-12-04', 24.09, 24.14, 23.63, 23.99]
['2015-12-07', 24.61, 24.61, 23.87, 24.43]
['2015-12-08', 24.63, 27.42, 24.23, 26.09]
['2015-12-09', 25.82, 25.82, 24.62, 25.18]
['2015-12-10', 24.82, 25.09, 23.85, 24.2]
['2015-12-11', 24.72, 24.72, 23.46, 24.0]
['2015-12-14', 23.66, 28.1, 23.1, 23.43]
['2015-12-15', 23.87, 24.32, 23.02, 23.63]
['2015-12-16', 23.94, 24.29, 23.38, 23.6]
['2015-12-17', 23.13, 24.15, 23.13, 23.84]
['2015-12-18', 23.56, 24.08, 22.63, 22.63]
['2015-12-21', 22.86, 23.78, 22.52, 23.57]
['2015-12-22', 23.62, 23.98, 23.45, 23.75]
['2015-12-23', 23.6, 23.85, 23.25, 23.53]
['2015-12-24', 23.44, 23.82, 23.05, 23.27]
['2015-12-28', 23.67, 23.67, 22.8, 23.0]
['2015-12-29', 23.06, 23.35, 22.65, 23.35]
['2015-12-30', 23.35, 23.84, 23.06, 23.7]
['2015-12-31', 23.56, 23.87, 22.94, 23.5]
['2016-01-04', 22.98, 23.17, 22.28, 22.66]
['2016-01-05', 22.52, 23.34, 22.29, 23.33]
['2016-01-06', 23.17, 23.26, 22.7, 22.86]
['2016-01-07', 22.37, 22.4, 22.11, 22.26]
['2016-01-08', 22.36, 22.36, 21.69, 22.12]
['2016-01-11', 22.16, 22.35, 21.62, 22.06]
['2016-01-12', 22.05, 22.06, 20.97, 21.14]
['2016-01-13', 21.15, 21.15, 20.46, 20.83]
['2016-01-14', 20.77, 21.58, 20.45, 20.69]
['2016-01-15', 20.23, 20.93, 20.01, 20.61]
['2016-01-19', 20.76, 20.76, 19.31, 19.53]
['2016-01-20', 19.25, 19.48, 19.02, 19.22]
['2016-01-21', 18.89, 19.15, 18.0, 18.17]
['2016-01-22', 18.17, 18.27, 14.29, 17.64]
['2016-01-25', 17.61, 17.61, 16.04, 16.61]
['2016-01-26', 16.01, 17.1, 16.01, 17.03]
['2016-01-27', 16.83, 16.92, 16.16, 16.67]
['2016-01-28', 17.18, 17.83, 16.54, 16.82]
['2016-01-29', 17.88, 18.48, 16.95, 18.43]
['2016-02-01', 18.71, 19.72, 18.33, 19.64]
['2016-02-02', 19.45, 19.45, 18.13, 18.65]
['2016-02-03', 19.95, 20.04, 18.7, 18.87]
['2016-02-04', 18.71, 19.21, 18.49, 19.13]
['2016-02-05', 19.06, 19.25, 18.71, 18.87]
['2016-02-08', 18.88, 19.02, 18.66, 18.82]
['2016-02-09', 18.73, 18.73, 18.11, 18.27]
['2016-02-10', 18.58, 18.58, 16.37, 16.4]
['2016-02-11', 16.4, 16.64, 15.7, 16.26]
['2016-02-12', 16.37, 17.16, 16.21, 17.09]
['2016-02-16', 17.69, 18.38, 17.08, 18.13]
['2016-02-17', 18.14, 18.14, 17.21, 17.94]
['2016-02-18', 17.93, 18.06, 16.39, 16.84]
['2016-02-19', 16.73, 17.66, 16.48, 17.26]
['2016-02-22', 17.39, 17.64, 16.66, 17.07]
['2016-02-23', 17.24, 17.64, 16.91, 17.22]
['2016-02-24', 17.21, 17.58, 16.98, 17.31]
['2016-02-25', 17.41, 17.8, 16.91, 17.39]
['2016-02-26', 17.39, 18.24, 17.15, 17.5]
['2016-02-29', 17.41, 17.76, 17.15, 17.15]
['2016-03-01', 17.65, 17.96, 17.21, 17.6]
['2016-03-02', 17.67, 17.76, 17.61, 17.65]
['2016-03-03', 17.48, 17.81, 17.39, 17.54]
['2016-03-04', 17.68, 17.9, 17.47, 17.63]
['2016-03-07', 17.57, 17.93, 17.53, 17.78]
['2016-03-08', 17.81, 17.86, 17.29, 17.65]
['2016-03-09', 17.82, 18.16, 17.35, 18.08]
['2016-03-10', 18.34, 18.35, 17.88, 18.1]
['2016-03-11', 18.07, 18.18, 17.79, 18.18]
['2016-03-14', 17.98, 18.12, 17.61, 17.94]
['2016-03-15', 18.01, 18.01, 17.52, 17.8]
['2016-03-16', 18.07, 18.17, 17.5, 17.86]
['2016-03-17', 17.74, 18.06, 17.63, 18.05]
['2016-03-18', 17.95, 18.31, 17.76, 18.31]
['2016-03-21', 18.38, 19.28, 18.2, 19.03]
['2016-03-22', 18.9, 18.9, 18.43, 18.6]
['2016-03-23', 19.13, 19.13, 18.2, 18.23]
['2016-03-24', 18.09, 18.09, 17.67, 17.97]
['2016-03-28', 18.23, 18.38, 17.7, 17.71]
['2016-03-29', 17.82, 18.52, 17.68, 18.47]
['2016-03-30', 18.38, 18.49, 18.03, 18.24]
['2016-03-31', 18.39, 18.42, 18.08, 18.25]
['2016-04-01', 18.2, 18.99, 18.14, 18.9]
['2016-04-04', 19.08, 19.22, 18.58, 18.77]
['2016-04-05', 18.78, 18.79, 18.38, 18.48]
['2016-04-06', 18.31, 18.98, 18.31, 18.98]
['2016-04-07', 19.03, 19.4, 18.56, 18.97]
['2016-04-08', 19.11, 19.33, 18.88, 18.92]
['2016-04-11', 18.93, 18.93, 18.5, 18.73]
['2016-04-12', 18.57, 18.86, 18.51, 18.85]
['2016-04-13', 18.88, 19.39, 18.39, 19.38]
['2016-04-14', 19.53, 20.8, 19.52, 19.87]
['2016-04-15', 19.79, 20.13, 19.47, 20.09]
['2016-04-18', 19.93, 20.17, 19.92, 20.06]
['2016-04-19', 20.09, 20.12, 19.77, 19.96]
['2016-04-20', 19.88, 19.96, 19.69, 19.89]
['2016-04-21', 19.86, 20.21, 17.87, 20.03]
['2016-04-22', 20.12, 20.12, 19.19, 19.99]
['2016-04-25', 20.09, 20.12, 19.28, 19.89]
['2016-04-26', 20.37, 21.26, 20.09, 21.26]
['2016-04-27', 21.25, 21.26, 19.46, 21.24]
['2016-04-28', 21.05, 21.38, 20.66, 21.12]
['2016-04-29', 20.97, 21.07, 20.67, 20.92]
['2016-05-02', 21.16, 21.75, 20.86, 21.59]
['2016-05-03', 21.3, 21.75, 21.23, 21.48]
['2016-05-04', 21.37, 21.76, 21.16, 21.65]
['2016-05-05', 21.76, 22.63, 21.57, 22.07]
['2016-05-06', 22.07, 22.08, 21.64, 22.01]
['2016-05-09', 21.89, 22.55, 21.46, 22.54]
['2016-05-10', 22.55, 23.65, 21.97, 22.31]
['2016-05-11', 22.13, 22.13, 20.56, 20.97]
['2016-05-12', 21.23, 21.91, 20.81, 21.27]
['2016-05-13', 21.47, 21.91, 20.87, 21.72]
['2016-05-16', 21.07, 21.55, 17.92, 21.26]
['2016-05-17', 21.08, 21.44, 20.71, 21.01]
['2016-05-18', 21.13, 22.04, 21.13, 21.99]
['2016-05-19', 21.86, 23.2, 21.86, 23.11]
['2016-05-20', 23.04, 23.61, 22.7, 23.29]
['2016-05-23', 23.3, 23.3, 22.84, 23.09]
['2016-05-24', 23.06, 23.63, 22.75, 23.53]
['2016-05-25', 23.23, 23.84, 21.93, 23.8]
['2016-05-26', 23.05, 24.33, 23.05, 23.82]
['2016-05-27', 23.65, 24.29, 23.28, 23.98]
['2016-05-31', 23.99, 24.02, 22.41, 23.73]
['2016-06-01', 23.85, 24.19, 23.54, 24.17]
['2016-06-02', 24.3, 24.83, 24.15, 24.56]
['2016-06-03', 24.58, 24.58, 23.9, 24.5]
['2016-06-06', 24.41, 25.06, 24.21, 24.92]
['2016-06-07', 24.8, 24.94, 23.95, 24.61]
['2016-06-08', 24.81, 24.94, 24.69, 24.76]
['2016-06-09', 24.72, 25.07, 23.88, 24.09]
['2016-06-10', 24.15, 24.91, 23.97, 24.51]
['2016-06-13', 24.29, 24.89, 23.36, 23.45]
['2016-06-14', 23.58, 23.63, 22.5, 22.68]
['2016-06-15', 22.43, 24.43, 22.43, 23.43]
['2016-06-16', 23.56, 25.24, 23.42, 24.71]
['2016-06-17', 24.64, 24.94, 23.89, 24.39]
['2016-06-20', 24.54, 25.33, 24.31, 24.94]
['2016-06-21', 24.8, 24.86, 23.8, 24.39]
['2016-06-22', 24.71, 24.94, 23.85, 23.91]
['2016-06-23', 24.16, 25.2, 24.16, 25.09]
['2016-06-24', 24.84, 25.09, 23.53, 24.29]
['2016-06-27', 24.05, 24.15, 21.89, 21.98]
['2016-06-28', 22.36, 23.68, 21.96, 23.33]
['2016-06-29', 23.61, 24.22, 23.03, 24.15]
['2016-06-30', 24.3, 24.84, 23.91, 24.72]
['2016-07-01', 24.17, 24.53, 23.21, 23.87]
['2016-07-05', 23.13, 23.53, 23.0, 23.34]
['2016-07-06', 23.14, 24.0, 23.07, 23.76]
['2016-07-07', 23.75, 24.77, 23.4, 24.4]
['2016-07-08', 24.69, 25.19, 24.69, 24.97]
['2016-07-11', 24.93, 25.04, 24.65, 24.84]
['2016-07-12', 24.84, 25.13, 24.36, 24.92]
['2016-07-13', 25.11, 25.16, 24.36, 24.93]
['2016-07-14', 25.19, 25.29, 24.83, 24.88]
['2016-07-15', 25.16, 25.16, 24.39, 24.66]
['2016-07-18', 24.85, 25.34, 24.78, 25.28]
['2016-07-19', 25.16, 25.29, 24.95, 25.03]
['2016-07-20', 25.23, 25.3, 24.77, 24.86]
['2016-07-21', 24.54, 24.93, 24.37, 24.64]
['2016-07-22', 24.68, 25.18, 24.37, 25.12]
['2016-07-25', 25.09, 25.32, 24.75, 25.07]
['2016-07-26', 24.18, 24.79, 24.17, 24.79]
['2016-07-27', 25.09, 25.33, 24.81, 25.27]
['2016-07-28', 25.14, 26.14, 24.57, 25.64]
['2016-07-29', 25.21, 25.45, 24.77, 25.1]
['2016-08-01', 25.23, 25.23, 24.19, 24.56]
['2016-08-02', 24.71, 24.75, 24.02, 24.34]
['2016-08-03', 24.37, 24.59, 22.95, 23.99]
['2016-08-04', 24.06, 24.84, 23.54, 24.54]
['2016-08-05', 24.84, 25.72, 24.56, 25.21]
['2016-08-08', 25.22, 25.23, 25.08, 25.23]
['2016-08-09', 25.24, 25.24, 24.52, 24.76]
['2016-08-10', 24.9, 24.9, 24.12, 24.63]
['2016-08-11', 24.69, 25.22, 24.42, 25.18]
['2016-08-12', 25.04, 25.21, 24.94, 25.15]
['2016-08-15', 25.05, 25.71, 24.97, 25.53]
['2016-08-16', 25.34, 26.23, 25.34, 25.99]
['2016-08-17', 25.75, 26.08, 25.75, 26.0]
['2016-08-18', 25.74, 26.08, 25.74, 25.87]
['2016-08-19', 25.94, 26.08, 25.57, 25.83]
['2016-08-22', 25.75, 26.08, 25.6, 25.89]
['2016-08-23', 25.87, 26.07, 25.87, 25.89]
['2016-08-24', 25.83, 26.0, 25.68, 25.9]
['2016-08-25', 25.8, 26.03, 25.8, 26.01]
['2016-08-26', 25.8, 26.29, 25.75, 26.11]
['2016-08-29', 25.83, 26.13, 25.81, 26.12]
['2016-08-30', 25.83, 26.16, 25.09, 26.0]
['2016-08-31', 25.83, 26.28, 25.83, 26.08]
['2016-09-01', 26.19, 26.19, 25.65, 26.02]
['2016-09-02', 26.14, 26.29, 25.93, 26.08]
['2016-09-06', 26.08, 27.55, 25.67, 27.31]
['2016-09-07', 27.16, 27.7, 27.03, 27.31]
['2016-09-08', 27.31, 27.61, 27.05, 27.57]
['2016-09-09', 27.27, 27.79, 27.08, 27.26]
['2016-09-12', 27.18, 27.82, 27.18, 27.72]
['2016-09-13', 27.48, 27.7, 27.18, 27.49]
['2016-09-14', 27.56, 27.75, 27.52, 27.63]
['2016-09-15', 27.67, 27.82, 27.51, 27.82]
['2016-09-16', 27.82, 27.82, 27.57, 27.72]
['2016-09-19', 27.74, 28.28, 27.63, 28.0]
['2016-09-20', 28.17, 28.79, 27.62, 28.27]
['2016-09-21', 27.84, 28.02, 26.01, 26.59]
['2016-09-22', 26.25, 26.5, 25.85, 26.16]
['2016-09-23', 25.98, 26.37, 25.93, 26.0]
['2016-09-26', 25.94, 26.09, 25.83, 25.88]
['2016-09-27', 26.0, 26.5, 25.93, 26.49]
['2016-09-28', 26.43, 26.61, 26.43, 26.51]
['2016-09-29', 26.6, 27.03, 25.96, 26.04]
['2016-09-30', 26.03, 27.22, 26.01, 26.83]
['2016-10-03', 27.24, 27.24, 26.33, 26.65]
['2016-10-04', 26.33, 27.28, 26.23, 26.99]
['2016-10-05', 26.78, 27.62, 26.78, 27.5]
['2016-10-06', 27.32, 27.32, 26.98, 27.06]
['2016-10-07', 27.18, 27.39, 26.98, 27.09]
['2016-10-10', 27.32, 27.82, 27.27, 27.81]
['2016-10-11', 27.57, 27.81, 27.46, 27.49]
['2016-10-12', 27.52, 27.8, 27.48, 27.55]
['2016-10-13', 27.37, 27.38, 26.82, 26.92]
['2016-10-14', 27.26, 27.26, 26.5, 26.64]
['2016-10-17', 26.93, 27.82, 26.88, 27.62]
['2016-10-18', 27.82, 27.82, 27.32, 27.47]
['2016-10-19', 27.57, 27.57, 27.22, 27.37]
['2016-10-20', 27.37, 27.37, 27.08, 27.08]
['2016-10-21', 26.78, 27.47, 26.78, 27.32]
['2016-10-24', 27.52, 27.82, 27.37, 27.82]
['2016-10-25', 27.82, 27.82, 27.18, 27.18]
['2016-10-26', 27.32, 27.32, 26.23, 26.23]
['2016-10-27', 26.58, 26.73, 25.99, 26.18]
['2016-10-28', 26.13, 26.18, 25.88, 26.03]
['2016-10-31', 26.03, 26.38, 25.98, 26.18]
['2016-11-01', 26.6, 26.6, 25.54, 25.68]
['2016-11-02', 25.78, 25.83, 24.99, 25.24]
['2016-11-03', 25.49, 26.13, 25.49, 25.88]
['2016-11-04', 25.88, 26.08, 25.68, 25.98]
['2016-11-07', 26.38, 27.08, 26.03, 26.68]
['2016-11-08', 26.68, 26.68, 26.38, 26.63]
['2016-11-09', 26.73, 27.32, 26.36, 27.13]
['2016-11-10', 27.32, 28.12, 25.44, 28.12]
['2016-11-11', 28.02, 30.6, 27.57, 30.4]
['2016-11-14', 30.95, 33.53, 29.81, 30.45]
['2016-11-15', 30.45, 31.15, 30.21, 30.75]
['2016-11-16', 30.65, 31.65, 29.91, 31.05]
['2016-11-17', 31.25, 31.25, 30.5, 30.65]
['2016-11-18', 30.75, 30.75, 30.06, 30.7]
['2016-11-21', 30.7, 30.7, 30.11, 30.55]
['2016-11-22', 30.55, 30.8, 30.3, 30.6]
['2016-11-23', 30.7, 30.9, 30.55, 30.7]
['2016-11-25', 30.85, 31.0, 30.55, 30.95]
['2016-11-28', 30.6, 31.05, 30.4, 30.6]
['2016-11-29', 30.7, 30.9, 30.45, 30.6]
['2016-11-30', 30.8, 31.1, 30.26, 30.4]
['2016-12-01', 30.75, 31.0, 30.3, 30.6]
['2016-12-02', 30.45, 30.6, 30.01, 30.35]
['2016-12-05', 30.65, 30.8, 30.5, 30.65]
['2016-12-06', 30.5, 30.75, 30.48, 30.65]
['2016-12-07', 30.5, 30.8, 30.4, 30.6]
['2016-12-08', 30.65, 32.14, 30.35, 31.84]
['2016-12-09', 31.75, 33.88, 31.75, 33.73]
['2016-12-12', 33.83, 33.83, 32.54, 32.74]
['2016-12-13', 33.09, 35.02, 33.06, 33.73]
['2016-12-14', 33.53, 35.17, 32.99, 33.78]
['2016-12-15', 34.03, 34.53, 33.14, 33.34]
['2016-12-16', 33.48, 35.17, 33.29, 35.07]
['2016-12-19', 34.97, 35.27, 34.38, 34.93]
['2016-12-20', 35.27, 36.76, 35.02, 36.32]
['2016-12-21', 36.27, 36.67, 35.47, 36.07]
['2016-12-22', 35.77, 36.56, 34.63, 35.92]
['2016-12-23', 36.02, 36.12, 35.32, 35.97]
['2016-12-27', 35.77, 36.47, 35.62, 35.87]
['2016-12-28', 35.67, 35.97, 35.65, 35.92]
['2016-12-29', 35.77, 35.92, 35.62, 35.92]
['2016-12-30', 36.17, 36.27, 35.42, 35.92]
['2017-01-03', 35.92, 36.17, 35.22, 35.62]
['2017-01-04', 35.42, 36.56, 35.32, 35.67]
['2017-01-05', 35.67, 35.89, 34.43, 34.48]
['2017-01-06', 34.78, 35.17, 34.13, 35.02]
['2017-01-09', 34.63, 34.9, 33.83, 34.83]
['2017-01-10', 34.73, 35.37, 34.08, 34.73]
['2017-01-11', 34.58, 34.95, 34.38, 34.88]
['2017-01-12', 34.63, 34.63, 33.83, 34.08]
['2017-01-13', 34.23, 34.8, 34.13, 34.33]
['2017-01-17', 33.78, 33.83, 32.95, 33.14]
['2017-01-18', 33.43, 33.68, 32.6, 33.43]
['2017-01-19', 33.24, 33.68, 32.74, 32.99]
['2017-01-20', 32.94, 33.98, 32.94, 33.43]
['2017-01-23', 33.53, 33.53, 32.79, 33.19]
['2017-01-24', 33.48, 34.23, 33.29, 34.03]
['2017-01-25', 34.03, 35.32, 33.53, 33.63]
['2017-01-26', 33.48, 33.88, 33.21, 33.63]
['2017-01-27', 33.39, 33.88, 33.19, 33.78]
['2017-01-30', 33.19, 33.83, 32.69, 33.53]
['2017-01-31', 33.39, 33.43, 31.84, 32.24]
['2017-02-01', 32.54, 32.94, 31.45, 31.8]
['2017-02-02', 31.8, 31.84, 31.0, 31.2]
['2017-02-03', 31.55, 32.19, 31.3, 31.99]
['2017-02-06', 31.84, 33.19, 31.6, 32.89]
['2017-02-07', 33.2, 33.2, 32.74, 32.94]
['2017-02-08', 32.94, 32.94, 32.24, 32.69]
['2017-02-09', 32.59, 33.39, 32.54, 32.79]
['2017-02-10', 33.04, 33.29, 32.69, 33.14]
['2017-02-13', 33.39, 33.73, 32.86, 33.68]
['2017-02-14', 33.53, 33.78, 33.34, 33.73]
['2017-02-15', 33.68, 34.83, 33.63, 34.78]
['2017-02-16', 34.68, 35.42, 34.48, 35.17]
['2017-02-17', 35.27, 36.32, 35.27, 35.87]
['2017-02-21', 36.12, 36.12, 35.27, 35.77]
['2017-02-22', 35.77, 36.37, 35.77, 36.32]
['2017-02-23', 36.44, 36.76, 36.27, 36.66]
['2017-02-24', 36.51, 36.66, 36.27, 36.42]
['2017-02-27', 36.42, 36.71, 35.12, 36.56]
['2017-02-28', 36.47, 36.86, 36.39, 36.66]
['2017-03-01', 37.26, 39.16, 37.26, 38.15]
['2017-03-02', 38.4, 38.4, 37.66, 37.76]
['2017-03-03', 37.71, 37.76, 36.47, 37.26]
['2017-03-06', 36.96, 37.06, 36.47, 36.76]
['2017-03-07', 37.21, 37.21, 36.56, 36.76]
['2017-03-08', 36.86, 37.06, 36.27, 36.71]
['2017-03-09', 36.61, 36.96, 36.27, 36.47]
['2017-03-10', 36.42, 36.66, 36.12, 36.32]
['2017-03-13', 36.32, 36.77, 36.32, 36.32]
['2017-03-14', 36.22, 36.47, 36.02, 36.37]
['2017-03-15', 36.51, 36.81, 35.92, 36.32]
['2017-03-16', 36.66, 36.81, 36.32, 36.47]
['2017-03-17', 36.37, 37.31, 36.12, 37.06]
['2017-03-20', 37.06, 37.31, 36.63, 36.96]
['2017-03-21', 37.26, 37.26, 35.42, 35.57]
['2017-03-22', 35.37, 35.37, 34.28, 34.38]
['2017-03-23', 34.38, 35.17, 34.35, 34.88]
['2017-03-24', 35.07, 35.27, 34.73, 34.83]
['2017-03-27', 34.18, 35.27, 33.93, 35.17]
['2017-03-28', 34.73, 35.97, 34.73, 35.77]
['2017-03-29', 35.92, 36.07, 35.37, 35.47]
['2017-03-30', 35.47, 36.96, 35.47, 36.66]
['2017-03-31', 36.37, 37.35, 36.37, 36.96]
['2017-04-03', 36.96, 37.76, 36.66, 37.26]
['2017-04-04', 37.06, 38.15, 36.96, 38.1]
['2017-04-05', 37.98, 38.67, 37.16, 37.76]
['2017-04-06', 37.66, 37.96, 37.46, 37.91]
['2017-04-07', 37.66, 38.06, 37.06, 37.86]
['2017-04-10', 37.51, 37.91, 36.27, 37.76]
['2017-04-11', 37.31, 38.25, 37.31, 38.01]
['2017-04-12', 38.01, 38.01, 36.51, 36.76]
['2017-04-13', 36.71, 37.31, 36.22, 36.22]
['2017-04-17', 35.92, 36.86, 35.92, 36.56]
['2017-04-18', 36.47, 36.91, 35.97, 36.71]
['2017-04-19', 36.91, 37.16, 36.51, 36.61]
['2017-04-20', 36.71, 37.46, 36.37, 37.21]
['2017-04-21', 37.21, 37.61, 36.66, 37.11]
['2017-04-24', 37.31, 37.76, 36.76, 36.91]
['2017-04-25', 37.71, 39.0, 36.79, 38.45]
['2017-04-26', 38.45, 38.95, 38.1, 38.6]
['2017-04-27', 38.9, 39.74, 38.9, 39.4]
['2017-04-28', 39.35, 39.74, 38.65, 38.8]
['2017-05-01', 39.15, 39.6, 38.6, 39.05]
['2017-05-02', 39.2, 39.2, 38.55, 38.9]
['2017-05-03', 38.55, 39.07, 38.5, 38.9]
['2017-05-04', 39.0, 39.45, 38.81, 39.15]
['2017-05-05', 39.1, 39.25, 38.7, 39.15]
['2017-05-08', 38.9, 39.4, 38.75, 39.2]
['2017-05-09', 39.05, 39.45, 38.65, 38.9]
['2017-05-10', 38.8, 38.9, 38.6, 38.75]
['2017-05-11', 38.75, 39.0, 38.4, 38.55]
['2017-05-12', 38.25, 38.85, 38.08, 38.7]
['2017-05-15', 38.95, 38.95, 38.6, 38.8]
['2017-05-16', 38.65, 38.85, 38.5, 38.85]
['2017-05-17', 38.25, 38.35, 35.82, 37.61]
['2017-05-18', 37.76, 38.2, 37.56, 37.86]
['2017-05-19', 37.76, 37.96, 37.61, 37.91]
['2017-05-22', 38.06, 38.06, 37.16, 37.46]
['2017-05-23', 37.51, 37.96, 37.36, 37.88]
['2017-05-24', 37.76, 38.3, 37.41, 37.91]
['2017-05-25', 38.2, 38.2, 37.56, 37.81]
['2017-05-26', 37.81, 38.01, 37.76, 37.96]
['2017-05-30', 37.96, 38.2, 37.56, 38.01]
['2017-05-31', 38.01, 38.5, 36.91, 38.5]
['2017-06-01', 38.45, 38.52, 37.76, 38.4]
['2017-06-02', 38.4, 38.65, 38.15, 38.3]
['2017-06-05', 38.1, 38.5, 38.1, 38.15]
['2017-06-06', 37.96, 38.6, 37.01, 38.2]
['2017-06-07', 38.65, 38.65, 38.06, 38.2]
['2017-06-08', 38.01, 39.15, 37.96, 38.75]
['2017-06-09', 39.15, 39.74, 39.0, 39.6]
['2017-06-12', 39.45, 40.19, 38.7, 39.69]
['2017-06-13', 39.64, 39.99, 39.4, 39.55]
['2017-06-14', 39.35, 39.5, 38.65, 39.4]
['2017-06-15', 39.05, 39.55, 39.0, 39.35]
['2017-06-16', 38.95, 39.45, 38.8, 39.05]
['2017-06-19', 39.25, 39.64, 38.85, 39.05]
['2017-06-20', 39.15, 39.2, 38.35, 38.9]
['2017-06-21', 38.9, 39.15, 37.36, 37.41]
['2017-06-22', 37.51, 37.61, 37.16, 37.51]
['2017-06-23', 37.56, 37.56, 36.76, 37.06]
['2017-06-26', 37.06, 37.66, 36.81, 37.51]
['2017-06-27', 37.56, 37.61, 36.76, 37.01]
['2017-06-28', 37.26, 38.7, 37.26, 38.01]
['2017-06-29', 38.3, 38.65, 38.15, 38.25]
['2017-06-30', 38.55, 38.7, 37.66, 38.06]
['2017-07-03', 38.01, 39.15, 38.01, 38.95]
['2017-07-05', 38.85, 39.35, 38.6, 39.3]
['2017-07-06', 39.05, 39.05, 38.15, 38.25]
['2017-07-07', 38.45, 38.65, 38.06, 38.65]
['2017-07-10', 38.3, 39.64, 37.81, 39.25]
['2017-07-11', 38.55, 39.35, 38.1, 38.15]
['2017-07-12', 38.6, 39.2, 38.5, 39.05]
['2017-07-13', 38.85, 39.15, 38.85, 38.95]
['2017-07-14', 38.85, 39.25, 38.65, 39.0]
['2017-07-17', 38.75, 39.2, 38.65, 38.85]
['2017-07-18', 38.6, 39.55, 38.6, 39.05]
['2017-07-19', 39.3, 39.45, 39.0, 39.15]
['2017-07-20', 39.35, 39.35, 38.95, 39.15]
['2017-07-21', 39.55, 39.55, 38.65, 38.75]
['2017-07-24', 38.75, 39.0, 38.35, 38.9]
['2017-07-25', 38.35, 39.2, 38.06, 38.15]
['2017-07-26', 38.35, 38.45, 38.06, 38.2]
['2017-07-27', 38.01, 38.7, 37.61, 37.76]
['2017-07-28', 37.81, 38.25, 37.06, 37.21]
['2017-07-31', 37.66, 37.76, 37.11, 37.31]
['2017-08-01', 37.31, 37.86, 37.16, 37.76]
['2017-08-02', 38.01, 38.01, 37.41, 37.51]
['2017-08-03', 37.36, 37.46, 36.71, 36.76]
['2017-08-04', 36.86, 37.14, 36.56, 36.81]
['2017-08-07', 36.61, 37.53, 36.61, 36.91]
['2017-08-08', 36.91, 36.96, 36.61, 36.71]
['2017-08-09', 36.56, 36.71, 36.07, 36.42]
['2017-08-10', 36.12, 36.59, 35.32, 35.87]
['2017-08-11', 36.27, 36.27, 35.32, 35.77]
['2017-08-14', 36.02, 37.16, 35.72, 36.96]
['2017-08-15', 37.16, 37.21, 36.71, 36.86]
['2017-08-16', 37.11, 37.11, 35.77, 35.87]
['2017-08-17', 35.62, 35.77, 35.27, 35.32]
['2017-08-18', 35.27, 35.52, 35.17, 35.27]
['2017-08-21', 35.27, 35.42, 35.12, 35.22]
['2017-08-22', 35.27, 35.37, 35.07, 35.27]
['2017-08-23', 35.07, 35.82, 35.07, 35.12]
['2017-08-24', 35.17, 35.47, 35.02, 35.37]
['2017-08-25', 35.37, 35.87, 35.22, 35.67]
['2017-08-28', 35.07, 35.07, 33.73, 33.78]
['2017-08-29', 33.53, 33.58, 32.99, 32.99]
['2017-08-30', 33.04, 34.08, 32.89, 33.93]
['2017-08-31', 34.18, 34.18, 33.68, 33.83]
['2017-09-01', 34.55, 34.83, 33.78, 34.28]
['2017-09-05', 33.78, 33.86, 32.99, 33.09]
['2017-09-06', 33.04, 33.29, 32.79, 32.84]
['2017-09-07', 32.79, 32.94, 32.39, 32.44]
['2017-09-08', 32.3, 32.34, 31.55, 31.65]
['2017-09-11', 32.04, 33.48, 31.89, 33.34]
['2017-09-12', 33.83, 34.03, 33.39, 33.43]
['2017-09-13', 32.69, 34.28, 32.69, 34.23]
['2017-09-14', 33.78, 34.13, 33.11, 33.88]
['2017-09-15', 33.98, 34.23, 33.78, 34.08]
['2017-09-18', 33.98, 35.22, 33.78, 34.63]
['2017-09-19', 34.43, 35.22, 34.43, 35.07]
['2017-09-20', 34.88, 36.81, 34.28, 36.02]
['2017-09-21', 35.82, 36.22, 35.37, 35.67]
['2017-09-22', 35.57, 36.27, 35.27, 35.77]
['2017-09-25', 35.52, 36.17, 34.88, 35.92]
['2017-09-26', 35.87, 36.02, 35.52, 35.87]
['2017-09-27', 36.32, 37.11, 35.72, 36.91]
['2017-09-28', 36.57, 37.01, 36.27, 36.66]
['2017-09-29', 36.76, 37.09, 36.56, 36.56]
['2017-10-02', 36.71, 37.01, 36.17, 37.01]
['2017-10-03', 37.16, 37.61, 36.91, 37.46]
['2017-10-04', 37.21, 38.01, 36.76, 37.16]
['2017-10-05', 37.16, 37.81, 36.76, 37.56]
['2017-10-06', 37.61, 37.76, 37.06, 37.31]
['2017-10-09', 37.11, 37.71, 37.11, 37.61]
['2017-10-10', 37.81, 38.21, 34.68, 38.1]
['2017-10-11', 38.06, 38.65, 37.81, 38.3]
['2017-10-12', 38.35, 38.6, 38.15, 38.3]
['2017-10-13', 38.3, 38.8, 37.81, 38.15]
['2017-10-16', 38.4, 38.65, 38.1, 38.25]
['2017-10-17', 38.15, 38.65, 38.1, 38.3]
['2017-10-18', 38.2, 38.75, 38.13, 38.5]
['2017-10-19', 38.2, 39.0, 38.15, 38.65]
['2017-10-20', 39.0, 39.1, 38.2, 38.75]
['2017-10-23', 38.5, 38.65, 38.2, 38.4]
['2017-10-24', 38.15, 39.0, 38.1, 38.75]
['2017-10-25', 38.45, 39.1, 38.45, 38.8]
['2017-10-26', 38.8, 39.1, 38.6, 38.75]
['2017-10-27', 38.73, 39.0, 38.6, 38.9]
['2017-10-30', 38.5, 39.0, 37.91, 38.6]
['2017-10-31', 38.6, 39.0, 38.55, 38.95]
['2017-11-01', 39.45, 39.45, 37.81, 38.06]
['2017-11-02', 38.25, 38.7, 38.06, 38.65]
['2017-11-03', 38.75, 38.75, 38.01, 38.4]
['2017-11-06', 38.25, 38.4, 37.86, 38.06]
['2017-11-07', 37.71, 37.86, 36.12, 36.96]
['2017-11-08', 36.76, 37.96, 36.32, 36.96]
['2017-11-09', 36.51, 37.51, 35.87, 36.61]
['2017-11-10', 36.56, 37.81, 36.56, 37.01]
['2017-11-13', 37.96, 37.96, 37.01, 37.41]
['2017-11-14', 37.06, 37.86, 36.66, 37.66]
['2017-11-15', 37.61, 38.3, 37.24, 37.76]
['2017-11-16', 37.46, 38.83, 37.46, 38.55]
['2017-11-17', 38.25, 38.95, 38.13, 38.85]
['2017-11-20', 38.45, 39.2, 38.45, 39.15]
['2017-11-21', 39.25, 39.4, 38.7, 38.8]
['2017-11-22', 38.25, 39.25, 38.06, 38.25]
['2017-11-24', 37.96, 38.1, 37.41, 38.1]
['2017-11-27', 38.1, 38.8, 38.1, 38.2]
['2017-11-28', 38.35, 39.4, 37.91, 39.3]
['2017-11-29', 39.55, 40.27, 38.95, 40.04]
['2017-11-30', 40.24, 40.24, 39.2, 39.6]
['2017-12-01', 39.6, 39.79, 38.25, 39.45]
['2017-12-04', 39.79, 40.19, 38.5, 39.55]
['2017-12-05', 39.6, 39.74, 38.85, 38.85]
['2017-12-06', 38.65, 39.1, 38.25, 38.35]
['2017-12-07', 37.91, 38.55, 37.81, 38.06]
['2017-12-08', 37.61, 37.96, 37.06, 37.26]
['2017-12-11', 37.06, 37.76, 36.76, 37.21]
['2017-12-12', 37.36, 38.15, 37.16, 37.71]
['2017-12-13', 39.05, 39.05, 37.68, 37.91]
['2017-12-14', 38.15, 38.15, 37.46, 37.71]
['2017-12-15', 37.71, 39.69, 37.71, 39.2]
['2017-12-18', 39.45, 39.74, 38.7, 39.74]
['2017-12-19', 39.74, 40.24, 39.4, 39.6]
['2017-12-20', 39.79, 39.99, 39.25, 39.64]
['2017-12-21', 39.69, 39.84, 39.45, 39.79]
['2017-12-22', 39.69, 39.84, 38.85, 39.0]
['2017-12-26', 38.9, 39.45, 38.45, 38.55]
['2017-12-27', 38.25, 39.1, 37.81, 38.2]
['2017-12-28', 38.3, 38.8, 37.56, 38.35]
['2017-12-29', 38.15, 38.35, 37.41, 37.41]
['2018-01-02', 37.56, 38.6, 37.31, 37.41]
['2018-01-03', 37.36, 37.91, 36.84, 37.41]
['2018-01-04', 37.61, 38.1, 37.51, 37.71]
['2018-01-05', 37.76, 38.3, 37.36, 37.91]
['2018-01-08', 37.71, 38.35, 37.51, 38.01]
['2018-01-09', 37.96, 38.7, 37.96, 38.2]
['2018-01-10', 38.3, 39.0, 38.3, 38.6]
['2018-01-11', 38.65, 39.2, 38.35, 39.05]
['2018-01-12', 38.55, 39.3, 38.5, 39.15]
['2018-01-16', 39.35, 39.64, 38.2, 38.3]
['2018-01-17', 38.5, 39.64, 38.1, 39.3]
['2018-01-18', 39.05, 39.6, 39.05, 39.35]
['2018-01-19', 39.35, 39.74, 38.2, 39.15]
['2018-01-22', 39.1, 39.1, 38.7, 39.0]
['2018-01-23', 38.85, 39.15, 38.68, 38.9]
['2018-01-24', 38.85, 39.69, 38.6, 38.95]
['2018-01-25', 36.27, 39.69, 36.27, 39.55]
['2018-01-26', 39.4, 39.74, 39.05, 39.4]
['2018-01-29', 39.25, 41.18, 39.25, 40.79]
['2018-01-30', 40.14, 40.94, 40.09, 40.39]
['2018-01-31', 40.39, 40.74, 39.74, 40.14]
['2018-02-01', 40.09, 40.27, 39.5, 39.89]
['2018-02-02', 39.6, 40.59, 39.3, 39.4]
['2018-02-05', 39.0, 39.64, 38.75, 39.0]
['2018-02-06', 38.55, 39.4, 38.25, 39.25]
['2018-02-07', 38.75, 38.85, 37.91, 38.75]
['2018-02-08', 38.75, 39.25, 37.96, 37.96]
['2018-02-09', 38.5, 39.45, 38.25, 38.85]
['2018-02-12', 38.95, 38.95, 37.81, 37.91]
['2018-02-13', 38.01, 38.6, 37.83, 38.15]
['2018-02-14', 38.01, 39.1, 38.01, 38.85]
['2018-02-15', 38.8, 39.25, 38.7, 38.8]
['2018-02-16', 38.65, 39.6, 38.65, 39.05]
['2018-02-20', 38.9, 39.25, 38.1, 38.35]
['2018-02-21', 38.5, 39.69, 38.5, 39.1]
['2018-02-22', 38.85, 39.3, 38.1, 38.25]
['2018-02-23', 38.45, 38.45, 37.91, 38.45]
['2018-02-26', 38.6, 39.1, 38.55, 39.0]
['2018-02-27', 38.9, 39.35, 38.35, 38.45]
['2018-02-28', 38.6, 38.75, 37.36, 37.91]
['2018-03-01', 38.01, 38.5, 37.66, 38.1]
['2018-03-02', 37.81, 39.45, 37.61, 39.15]
['2018-03-05', 38.95, 39.4, 38.15, 39.3]
['2018-03-06', 39.3, 39.69, 38.6, 39.5]
['2018-03-07', 39.25, 40.49, 38.9, 40.29]
['2018-03-08', 40.34, 40.34, 39.1, 39.3]
['2018-03-09', 39.45, 40.09, 38.95, 39.84]
['2018-03-12', 39.89, 40.54, 39.84, 40.44]
['2018-03-13', 40.49, 40.94, 40.19, 40.29]
['2018-03-14', 40.44, 40.44, 39.35, 40.19]
['2018-03-15', 40.24, 40.79, 39.74, 40.64]
['2018-03-16', 40.69, 42.33, 40.59, 40.79]
['2018-03-19', 40.59, 40.84, 39.79, 40.74]
['2018-03-20', 40.59, 40.79, 39.99, 40.04]
['2018-03-21', 40.04, 40.69, 39.84, 40.14]
['2018-03-22', 39.84, 40.14, 38.85, 39.15]
['2018-03-23', 39.2, 39.2, 38.3, 38.4]
['2018-03-26', 38.9, 39.94, 38.7, 39.79]
['2018-03-27', 39.99, 40.09, 39.15, 39.5]
['2018-03-28', 38.75, 39.1, 38.15, 38.55]
['2018-03-29', 38.65, 39.35, 38.25, 38.9]
['2018-04-02', 39.3, 39.3, 37.91, 38.8]
['2018-04-03', 39.05, 39.69, 38.55, 39.15]
['2018-04-04', 38.9, 40.34, 38.6, 40.14]
['2018-04-05', 40.39, 40.59, 39.4, 40.24]
['2018-04-06', 39.94, 40.49, 39.5, 39.94]
['2018-04-09', 40.14, 41.18, 40.04, 40.34]
['2018-04-10', 40.64, 41.04, 40.14, 40.64]
['2018-04-11', 40.54, 41.09, 39.52, 39.99]
['2018-04-12', 40.19, 40.84, 39.84, 40.54]
['2018-04-13', 40.74, 40.74, 39.99, 40.24]
['2018-04-16', 40.09, 40.89, 39.94, 40.59]
['2018-04-17', 40.84, 40.99, 40.19, 40.44]
['2018-04-18', 40.44, 41.09, 40.29, 40.29]
['2018-04-19', 40.19, 41.14, 39.99, 40.64]
['2018-04-20', 40.64, 41.14, 40.39, 40.69]
['2018-04-23', 40.49, 41.23, 40.49, 40.94]
['2018-04-24', 41.18, 41.48, 40.34, 41.38]
['2018-04-25', 41.43, 41.73, 41.14, 41.28]
['2018-04-26', 41.48, 41.48, 40.54, 40.89]
['2018-04-27', 40.94, 41.48, 40.24, 40.54]
['2018-04-30', 40.24, 41.18, 40.19, 40.19]
['2018-05-01', 40.14, 40.64, 38.7, 40.49]
['2018-05-02', 40.34, 41.04, 40.29, 40.89]
['2018-05-03', 40.69, 41.48, 40.44, 40.49]
['2018-05-04', 40.29, 42.53, 40.29, 41.14]
['2018-05-07', 41.23, 42.13, 41.04, 41.98]
['2018-05-08', 41.83, 42.33, 41.73, 42.18]
['2018-05-09', 42.33, 42.33, 41.88, 41.98]
['2018-05-10', 41.93, 42.23, 41.69, 41.93]
['2018-05-11', 41.98, 42.97, 41.78, 41.98]
['2018-05-14', 41.93, 42.23, 40.99, 41.53]
['2018-05-15', 41.48, 42.28, 41.48, 41.68]
['2018-05-16', 41.68, 42.63, 41.58, 42.13]
['2018-05-17', 42.13, 42.48, 42.08, 42.18]
['2018-05-18', 42.38, 42.68, 41.98, 41.98]
['2018-05-21', 42.23, 42.53, 41.73, 41.93]
['2018-05-22', 42.33, 42.97, 42.33, 42.48]
['2018-05-23', 42.33, 43.07, 42.18, 42.48]
['2018-05-24', 42.92, 42.92, 41.78, 42.72]
['2018-05-25', 42.68, 43.02, 42.53, 42.63]
['2018-05-29', 44.22, 44.22, 42.43, 42.77]
['2018-05-30', 42.82, 43.47, 42.28, 43.37]
['2018-05-31', 43.37, 43.57, 42.9, 43.27]
['2018-06-01', 43.42, 43.82, 42.92, 43.27]
['2018-06-04', 43.52, 43.67, 43.32, 43.57]
['2018-06-05', 43.47, 43.57, 42.68, 43.02]
['2018-06-06', 42.92, 43.47, 42.68, 43.37]
['2018-06-07', 43.22, 43.77, 43.02, 43.22]
['2018-06-08', 43.17, 43.37, 42.87, 43.02]
['2018-06-11', 42.82, 43.32, 42.13, 42.63]
['2018-06-12', 42.58, 43.37, 41.88, 42.13]
['2018-06-13', 42.03, 43.67, 41.78, 42.23]
['2018-06-14', 42.38, 43.22, 41.78, 42.82]
['2018-06-15', 42.82, 43.54, 42.43, 43.47]
['2018-06-18', 43.42, 43.57, 42.77, 43.17]
['2018-06-19', 43.02, 43.87, 42.97, 43.32]
['2018-06-20', 43.52, 43.72, 43.37, 43.47]
['2018-06-21', 43.62, 43.92, 43.35, 43.62]
['2018-06-22', 44.31, 44.31, 42.92, 43.22]
['2018-06-25', 43.07, 43.67, 42.33, 43.12]
['2018-06-26', 43.12, 43.62, 42.48, 42.92]
['2018-06-27', 43.02, 43.97, 42.33, 42.58]
['2018-06-28', 43.17, 44.41, 43.02, 43.32]
['2018-06-29', 43.42, 43.87, 42.92, 43.07]
['2018-07-02', 42.87, 46.55, 42.68, 43.27]
['2018-07-03', 43.67, 43.87, 42.87, 43.27]
['2018-07-05', 43.47, 45.46, 43.27, 43.57]
['2018-07-06', 43.57, 44.38, 43.57, 43.92]
['2018-07-09', 44.22, 44.76, 44.07, 44.61]
['2018-07-10', 44.51, 44.71, 43.77, 44.02]
['2018-07-11', 43.77, 44.46, 43.57, 43.67]
['2018-07-12', 43.77, 43.77, 42.33, 43.32]
['2018-07-13', 43.37, 43.72, 43.02, 43.37]
['2018-07-16', 43.47, 43.97, 43.47, 43.72]
['2018-07-17', 43.87, 44.17, 43.72, 43.77]
['2018-07-18', 43.62, 44.02, 43.57, 43.97]
['2018-07-19', 44.02, 44.71, 44.02, 44.61]
['2018-07-20', 44.51, 45.56, 44.51, 45.11]
['2018-07-23', 45.01, 45.68, 45.01, 45.31]
['2018-07-24', 45.66, 45.71, 44.56, 44.86]
['2018-07-25', 44.91, 45.01, 44.27, 44.76]
['2018-07-26', 45.31, 45.31, 44.61, 45.01]
['2018-07-27', 45.11, 45.26, 44.12, 44.31]
['2018-07-30', 44.41, 44.56, 43.57, 43.82]
['2018-07-31', 44.27, 45.11, 43.72, 44.66]
['2018-08-01', 44.71, 44.81, 44.02, 44.56]
['2018-08-02', 44.56, 45.01, 44.56, 44.81]
['2018-08-03', 44.91, 45.06, 43.62, 44.07]
['2018-08-06', 43.87, 44.41, 43.87, 43.97]
['2018-08-07', 44.07, 44.51, 43.82, 44.07]
['2018-08-08', 43.97, 44.76, 43.97, 44.46]
['2018-08-09', 44.76, 44.76, 43.87, 44.46]
['2018-08-10', 44.17, 44.61, 44.07, 44.31]
['2018-08-13', 44.56, 44.86, 43.82, 44.61]
['2018-08-14', 44.71, 45.21, 44.56, 45.06]
['2018-08-15', 44.86, 45.01, 43.97, 44.66]
['2018-08-16', 44.71, 45.61, 44.56, 44.66]
['2018-08-17', 44.76, 44.91, 44.56, 44.76]
['2018-08-20', 44.81, 45.33, 43.52, 44.46]
['2018-08-21', 44.81, 45.06, 44.71, 44.81]
['2018-08-22', 44.91, 45.31, 44.71, 45.16]
['2018-08-23', 45.06, 45.06, 44.51, 44.61]
['2018-08-24', 44.71, 44.71, 44.41, 44.46]
['2018-08-27', 44.51, 44.81, 44.27, 44.27]
['2018-08-28', 44.41, 44.51, 43.92, 44.27]
['2018-08-29', 43.57, 44.22, 43.35, 44.07]
['2018-08-30', 44.02, 44.41, 40.29, 44.07]
['2018-08-31', 43.77, 44.56, 43.57, 44.27]
['2018-09-04', 44.07, 44.96, 44.07, 44.61]
['2018-09-05', 44.61, 44.71, 43.77, 44.22]
['2018-09-06', 43.94, 44.46, 43.82, 44.12]
['2018-09-07', 43.92, 44.46, 43.92, 44.46]
['2018-09-10', 44.51, 44.51, 43.57, 43.77]
['2018-09-11', 43.57, 44.71, 43.47, 44.66]
['2018-09-12', 44.27, 44.27, 43.17, 43.47]
['2018-09-13', 43.52, 43.72, 43.42, 43.52]
['2018-09-14', 43.12, 44.51, 42.94, 43.72]
['2018-09-17', 44.27, 44.27, 43.02, 43.27]
['2018-09-18', 42.87, 43.57, 42.23, 43.37]
['2018-09-19', 43.72, 44.07, 43.32, 43.52]
['2018-09-20', 43.47, 44.81, 43.47, 44.71]
['2018-09-21', 44.66, 44.91, 44.27, 44.46]
['2018-09-24', 44.41, 44.41, 42.87, 43.07]
['2018-09-25', 43.17, 43.22, 42.53, 42.58]
['2018-09-26', 42.13, 42.48, 40.29, 40.49]
['2018-09-27', 40.49, 42.18, 40.49, 41.23]
['2018-09-28', 41.14, 41.98, 40.74, 41.43]
['2018-10-01', 41.49, 42.37, 40.25, 40.35]
['2018-10-02', 40.36, 40.68, 40.14, 40.55]
['2018-10-03', 40.95, 43.08, 40.93, 42.81]
['2018-10-04', 42.51, 43.04, 41.66, 41.86]
['2018-10-05', 41.7, 41.7, 41.04, 41.05]
['2018-10-08', 41.18, 42.03, 41.07, 42.0]
['2018-10-09', 41.89, 43.17, 41.25, 41.98]
['2018-10-10', 41.48, 42.29, 41.17, 41.19]
['2018-10-11', 41.14, 41.46, 39.5, 39.51]
['2018-10-12', 40.03, 40.16, 38.17, 39.44]
['2018-10-15', 39.68, 40.08, 39.32, 39.72]
['2018-10-16', 40.13, 40.51, 39.34, 40.33]
['2018-10-17', 40.28, 41.16, 39.77, 40.45]
['2018-10-18', 40.31, 40.99, 39.49, 39.74]
['2018-10-19', 39.67, 40.97, 39.3, 39.86]
['2018-10-22', 40.01, 40.68, 38.19, 38.88]
['2018-10-23', 38.47, 39.86, 38.11, 38.15]
['2018-10-24', 38.06, 39.11, 36.94, 36.94]
['2018-10-25', 37.46, 39.74, 37.16, 39.4]
['2018-10-26', 37.78, 39.48, 37.35, 38.11]
['2018-10-29', 38.44, 39.65, 37.43, 38.53]
['2018-10-30', 38.4, 38.74, 37.58, 38.15]
['2018-10-31', 38.58, 38.85, 37.76, 38.46]
['2018-11-01', 38.57, 39.61, 37.96, 38.22]
['2018-11-02', 38.22, 38.93, 38.22, 38.35]
['2018-11-05', 38.32, 38.75, 38.1, 38.52]
['2018-11-06', 38.35, 39.03, 38.09, 39.03]
['2018-11-07', 39.02, 39.08, 38.03, 38.55]
['2018-11-08', 38.55, 38.86, 38.5, 38.77]
['2018-11-09', 38.64, 38.86, 38.45, 38.75]
['2018-11-12', 38.63, 38.63, 37.39, 38.33]
['2018-11-13', 38.35, 38.71, 38.01, 38.43]
['2018-11-14', 38.6, 38.67, 37.5, 37.72]
['2018-11-15', 37.5, 38.53, 32.84, 38.25]
['2018-11-16', 37.99, 38.25, 37.48, 38.03]
['2018-11-19', 37.94, 38.01, 37.62, 37.94]
['2018-11-20', 37.56, 37.96, 36.92, 37.01]
['2018-11-21', 36.94, 37.75, 36.88, 37.12]
['2018-11-23', 37.11, 37.66, 37.02, 37.47]
['2018-11-26', 37.54, 37.76, 33.4, 37.62]
['2018-11-27', 37.51, 37.81, 35.76, 37.59]
['2018-11-28', 37.76, 38.53, 37.39, 38.48]
['2018-11-29', 38.58, 38.58, 37.01, 37.93]
['2018-11-30', 37.81, 38.25, 37.32, 37.69]
['2018-12-03', 38.25, 38.25, 37.08, 37.12]
['2018-12-04', 36.97, 36.97, 34.94, 35.02]
['2018-12-06', 34.57, 35.17, 34.4, 34.78]
['2018-12-07', 34.71, 34.88, 33.94, 34.28]
['2018-12-10', 33.97, 34.19, 33.09, 33.88]
['2018-12-11', 34.28, 34.43, 33.75, 33.75]
['2018-12-12', 33.78, 34.53, 33.78, 33.88]
['2018-12-13', 34.03, 34.42, 32.79, 32.96]
['2018-12-14', 32.79, 33.12, 32.1, 32.19]
['2018-12-17', 32.06, 32.57, 31.17, 31.68]
['2018-12-18', 31.86, 32.45, 30.37, 31.28]
['2018-12-19', 31.38, 31.46, 29.74, 29.9]
['2018-12-20', 29.8, 30.05, 28.91, 29.68]
['2018-12-21', 29.86, 30.27, 29.36, 29.6]
['2018-12-24', 29.45, 29.9, 28.4, 29.15]
['2018-12-26', 29.22, 30.58, 28.99, 30.48]
['2018-12-27', 30.11, 30.9, 29.38, 30.29]
['2018-12-28', 30.4, 31.49, 30.4, 31.35]
['2018-12-31', 31.93, 32.17, 31.25, 32.16]
['2019-01-02', 31.9, 33.26, 31.9, 33.24]
['2019-01-03', 33.17, 33.62, 32.85, 33.34]
['2019-01-04', 33.63, 34.8, 33.51, 34.53]
['2019-01-07', 34.3, 35.1, 34.03, 34.79]
['2019-01-08', 34.89, 35.67, 34.46, 35.45]
['2019-01-09', 35.37, 35.76, 35.12, 35.54]
['2019-01-10', 35.54, 35.67, 34.62, 35.01]
['2019-01-11', 34.57, 35.12, 34.5, 34.82]
['2019-01-14', 34.56, 35.67, 34.28, 34.88]
['2019-01-15', 34.8, 35.66, 34.74, 35.04]
['2019-01-16', 35.19, 36.16, 35.19, 35.75]
['2019-01-17', 35.69, 36.08, 35.56, 35.77]
['2019-01-18', 35.8, 36.62, 35.67, 36.11]
['2019-01-22', 36.02, 36.09, 35.35, 35.59]
['2019-01-23', 35.62, 35.67, 35.37, 35.54]
['2019-01-24', 35.53, 35.88, 35.02, 35.28]
['2019-01-25', 35.2, 35.76, 34.7, 35.3]
['2019-01-28', 34.91, 36.15, 34.91, 36.02]
['2019-01-29', 35.98, 36.46, 35.7, 35.84]
['2019-01-30', 35.95, 36.16, 35.67, 35.78]
['2019-01-31', 35.65, 35.86, 35.39, 35.69]
['2019-02-01', 35.78, 36.11, 35.63, 35.84]
['2019-02-04', 35.83, 36.41, 33.87, 36.24]
['2019-02-05', 36.24, 36.5, 36.03, 36.32]
['2019-02-06', 36.5, 36.68, 36.24, 36.5]
['2019-02-07', 36.75, 36.94, 36.5, 36.88]
['2019-02-08', 36.67, 37.25, 36.57, 37.13]
['2019-02-11', 37.14, 37.74, 37.14, 37.64]
['2019-02-12', 37.31, 37.96, 37.31, 37.76]
['2019-02-13', 37.76, 38.01, 37.64, 37.93]
['2019-02-14', 37.79, 38.25, 37.66, 37.91]
['2019-02-15', 38.08, 38.51, 38.08, 38.5]
['2019-02-19', 38.25, 38.58, 37.88, 38.49]
['2019-02-20', 38.48, 38.56, 38.11, 38.55]
['2019-02-21', 38.54, 38.7, 38.06, 38.35]
['2019-02-22', 38.36, 38.37, 37.94, 38.04]
['2019-02-25', 38.24, 38.39, 37.69, 37.71]
['2019-02-26', 37.51, 37.94, 37.0, 37.57]
['2019-02-27', 37.56, 38.01, 37.04, 37.69]
['2019-02-28', 37.76, 38.05, 37.63, 38.02]
['2019-03-01', 37.83, 38.25, 37.45, 37.88]
['2019-03-04', 37.88, 38.1, 37.47, 37.6]
['2019-03-05', 37.61, 37.76, 37.17, 37.44]
['2019-03-06', 37.45, 37.77, 36.58, 36.67]
['2019-03-07', 36.54, 36.6, 35.66, 35.74]
['2019-03-08', 35.56, 35.86, 35.41, 35.66]
['2019-03-11', 35.69, 36.24, 35.69, 36.09]
['2019-03-12', 36.08, 36.31, 35.94, 36.01]
['2019-03-13', 36.13, 36.27, 35.97, 36.07]
['2019-03-14', 36.1, 36.33, 36.02, 36.13]
['2019-03-15', 36.12, 36.53, 36.05, 36.11]
['2019-03-18', 36.13, 36.68, 36.13, 36.34]
['2019-03-19', 36.45, 36.47, 35.51, 35.6]
['2019-03-20', 35.53, 35.77, 34.51, 34.55]
['2019-03-21', 34.38, 35.02, 34.13, 34.2]
['2019-03-22', 33.9, 33.9, 31.87, 32.06]
['2019-03-25', 32.11, 32.88, 31.69, 32.39]
['2019-03-26', 32.76, 33.45, 32.46, 33.14]
['2019-03-27', 33.12, 33.34, 32.77, 33.2]
['2019-03-28', 33.19, 33.87, 32.96, 33.77]
['2019-03-29', 33.95, 33.95, 33.23, 33.5]
['2019-04-01', 33.76, 34.73, 33.76, 34.66]
['2019-04-02', 35.02, 35.27, 34.41, 34.94]
['2019-04-03', 35.17, 35.34, 34.7, 35.12]
['2019-04-04', 35.13, 35.78, 34.88, 35.59]
['2019-04-05', 35.6, 35.9, 35.3, 35.81]
['2019-04-08', 35.8, 36.0, 35.56, 35.7]
['2019-04-09', 35.68, 35.8, 35.25, 35.26]
['2019-04-10', 35.15, 35.86, 35.13, 35.62]
['2019-04-11', 35.73, 36.13, 35.56, 36.05]
['2019-04-12', 36.3, 36.76, 36.06, 36.61]
['2019-04-15', 36.76, 36.87, 36.1, 36.3]
['2019-04-16', 36.3, 36.83, 36.16, 36.72]
['2019-04-17', 36.92, 36.92, 36.41, 36.75]
['2019-04-18', 36.68, 36.97, 36.23, 36.31]
['2019-04-22', 35.93, 36.55, 35.23, 35.7]
['2019-04-23', 35.93, 36.6, 35.5, 36.5]
['2019-04-24', 36.53, 37.08, 36.2, 36.82]
['2019-04-25', 36.83, 37.23, 36.29, 36.82]
['2019-04-26', 35.59, 36.41, 34.82, 36.02]
['2019-04-29', 34.58, 35.97, 33.2, 35.17]
['2019-04-30', 35.03, 35.1, 34.22, 34.35]
['2019-05-01', 34.46, 35.08, 34.17, 34.26]
['2019-05-02', 34.41, 34.93, 34.41, 34.68]
['2019-05-03', 34.73, 35.74, 34.73, 35.59]
['2019-05-06', 35.03, 35.95, 35.03, 35.73]
['2019-05-07', 35.34, 35.76, 35.34, 35.53]
['2019-05-08', 35.41, 35.62, 35.14, 35.14]
['2019-05-09', 34.83, 35.47, 34.57, 35.26]
['2019-05-10', 35.14, 35.77, 34.91, 35.67]
['2019-05-13', 35.14, 35.19, 34.37, 34.47]
['2019-05-14', 34.63, 35.2, 34.24, 34.93]
['2019-05-15', 34.63, 34.78, 34.07, 34.75]
['2019-05-16', 34.82, 35.35, 34.82, 35.12]
['2019-05-17', 34.83, 35.38, 34.66, 34.77]
['2019-05-20', 34.57, 35.39, 34.29, 34.87]
['2019-05-21', 34.97, 35.35, 34.88, 35.19]
['2019-05-22', 34.97, 35.01, 34.66, 34.86]
['2019-05-23', 34.49, 34.62, 33.88, 34.19]
['2019-05-24', 34.53, 34.81, 34.37, 34.73]
['2019-05-28', 34.6, 34.72, 34.02, 34.05]
['2019-05-29', 33.83, 34.11, 33.4, 33.97]
['2019-05-30', 34.01, 34.04, 32.85, 33.11]
['2019-05-31', 32.61, 33.07, 32.05, 32.25]
['2019-06-03', 32.27, 32.7, 31.98, 32.33]
['2019-06-04', 32.76, 33.41, 32.4, 33.24]
['2019-06-05', 33.14, 33.24, 32.41, 32.51]
['2019-06-06', 32.5, 32.58, 31.7, 32.31]
['2019-06-07', 32.19, 32.38, 31.88, 32.23]
['2019-06-10', 32.28, 33.27, 31.99, 32.56]
['2019-06-11', 32.71, 32.86, 32.29, 32.37]
['2019-06-12', 32.46, 32.55, 32.16, 32.43]
['2019-06-13', 32.58, 32.83, 32.29, 32.51]
['2019-06-14', 32.86, 32.95, 32.23, 32.63]
['2019-06-17', 32.56, 33.02, 32.56, 32.69]
['2019-06-18', 32.72, 33.35, 32.72, 33.05]
['2019-06-19', 33.03, 33.67, 33.03, 33.14]
['2019-06-20', 33.24, 33.67, 32.79, 33.24]
['2019-06-21', 32.97, 33.56, 32.65, 32.7]
['2019-06-24', 32.83, 33.58, 32.26, 32.29]
['2019-06-25', 32.22, 32.42, 31.65, 32.23]
['2019-06-26', 32.2, 32.41, 31.93, 31.99]
['2019-06-27', 31.93, 32.7, 31.93, 32.5]
['2019-06-28', 32.72, 33.6, 32.63, 33.13]
['2019-07-01', 33.39, 33.59, 33.09, 33.14]
['2019-07-02', 33.1, 33.47, 32.45, 32.91]
['2019-07-03', 32.93, 33.14, 32.82, 32.98]
['2019-07-05', 33.0, 33.5, 33.0, 33.31]
['2019-07-08', 33.15, 33.19, 32.92, 33.0]
['2019-07-09', 32.8, 33.26, 32.8, 33.2]
['2019-07-10', 33.28, 33.32, 32.88, 32.89]
['2019-07-11', 33.04, 33.43, 32.88, 33.3]
['2019-07-12', 33.3, 34.0, 33.3, 33.89]
['2019-07-15', 33.88, 33.88, 33.07, 33.18]
['2019-07-16', 33.07, 33.65, 33.04, 33.25]
['2019-07-17', 33.1, 33.32, 32.92, 33.05]
['2019-07-18', 32.97, 33.55, 32.97, 33.29]
['2019-07-19', 33.15, 33.51, 33.14, 33.3]
['2019-07-22', 33.21, 33.48, 32.86, 33.01]
['2019-07-23', 33.1, 33.41, 33.04, 33.25]
['2019-07-24', 33.63, 33.92, 33.25, 33.83]
['2019-07-25', 33.83, 34.0, 33.34, 33.55]
['2019-07-26', 34.77, 35.6, 33.83, 35.06]
['2019-07-29', 34.81, 34.98, 33.76, 33.92]
['2019-07-30', 33.54, 33.73, 33.35, 33.56]
['2019-07-31', 33.45, 33.88, 33.27, 33.35]
['2019-08-01', 33.27, 33.65, 32.02, 32.34]
['2019-08-02', 32.18, 32.59, 31.72, 32.19]
['2019-08-05', 31.58, 32.02, 31.19, 31.6]
['2019-08-06', 31.65, 31.98, 31.18, 31.83]
['2019-08-07', 31.32, 31.73, 30.98, 31.56]
['2019-08-08', 31.83, 32.73, 31.83, 32.37]
['2019-08-09', 32.18, 32.5, 31.95, 32.37]
['2019-08-12', 32.01, 32.06, 31.75, 31.81]
['2019-08-13', 31.8, 32.6, 31.8, 32.21]
['2019-08-14', 31.56, 31.56, 31.01, 31.28]
['2019-08-15', 31.33, 31.62, 31.16, 31.37]
['2019-08-16', 31.55, 32.16, 31.16, 31.87]
['2019-08-19', 32.29, 32.52, 32.07, 32.23]
['2019-08-20', 32.11, 32.11, 31.86, 31.95]
['2019-08-21', 32.03, 32.14, 31.82, 31.97]
['2019-08-22', 32.08, 32.16, 31.9, 31.9]
['2019-08-23', 31.74, 32.1, 31.05, 31.12]
['2019-08-26', 31.41, 31.64, 31.13, 31.59]
['2019-08-27', 31.44, 31.56, 30.78, 31.04]
['2019-08-28', 30.76, 31.7, 30.76, 31.44]
['2019-08-29', 31.42, 32.1, 31.08, 32.02]
['2019-08-30', 32.22, 32.22, 31.8, 32.2]
['2019-09-03', 31.92, 32.01, 31.34, 31.65]
['2019-09-04', 31.97, 31.97, 31.6, 31.75]
['2019-09-05', 32.14, 33.09, 32.03, 32.82]
['2019-09-06', 32.71, 32.75, 31.82, 32.41]
['2019-09-09', 32.6, 34.05, 32.52, 33.79]
['2019-09-10', 33.71, 34.77, 33.4, 34.57]
['2019-09-11', 34.58, 35.74, 34.3, 35.57]
['2019-09-12', 35.34, 35.88, 34.9, 35.81]
['2019-09-13', 35.82, 36.02, 35.18, 35.27]
['2019-09-16', 34.99, 35.17, 34.73, 34.97]
['2019-09-17', 34.73, 34.83, 34.33, 34.79]
['2019-09-18', 34.72, 34.96, 34.14, 34.55]
['2019-09-19', 34.58, 34.8, 34.03, 34.24]
['2019-09-20', 34.24, 34.45, 33.29, 33.29]
['2019-09-23', 32.88, 33.42, 32.88, 33.38]
['2019-09-24', 33.37, 33.46, 32.06, 32.18]
['2019-09-25', 32.28, 33.08, 32.12, 32.93]
['2019-09-26', 32.89, 32.95, 31.92, 31.95]
['2019-09-27', 32.22, 32.46, 31.67, 31.84]
['2019-09-30', 31.82, 32.17, 31.64, 31.88]
['2019-10-01', 31.92, 32.35, 30.82, 30.93]
['2019-10-02', 30.64, 30.87, 30.4, 30.77]
['2019-10-03', 30.62, 30.83, 30.21, 30.73]
['2019-10-04', 30.65, 31.1, 30.61, 31.02]
['2019-10-07', 30.88, 31.63, 30.62, 31.44]
['2019-10-08', 34.76, 34.76, 33.2, 33.7]
['2019-10-09', 33.75, 34.12, 33.48, 33.88]
['2019-10-10', 33.55, 34.78, 33.05, 33.28]
['2019-10-11', 33.3, 33.89, 33.07, 33.32]
['2019-10-14', 33.3, 34.07, 33.01, 33.65]
['2019-10-15', 33.54, 34.55, 33.49, 34.2]
['2019-10-16', 34.15, 34.69, 34.15, 34.26]
['2019-10-17', 34.31, 34.66, 34.22, 34.57]
['2019-10-18', 34.33, 34.96, 34.26, 34.88]
['2019-10-21', 34.93, 35.74, 34.66, 35.49]
['2019-10-22', 35.49, 35.78, 35.1, 35.51]
['2019-10-23', 35.55, 35.63, 35.05, 35.61]
['2019-10-24', 35.66, 35.66, 34.46, 34.79]
['2019-10-25', 34.05, 34.51, 33.42, 33.75]
['2019-10-28', 33.14, 33.83, 33.06, 33.3]
['2019-10-29', 33.49, 33.73, 32.97, 33.0]
['2019-10-30', 32.93, 32.97, 32.41, 32.83]
['2019-10-31', 32.54, 33.09, 32.31, 33.05]
['2019-11-01', 33.0, 34.06, 33.0, 33.95]
['2019-11-04', 34.41, 35.27, 34.38, 35.16]
['2019-11-05', 35.53, 35.72, 34.45, 34.8]
['2019-11-06', 34.84, 35.12, 34.66, 34.83]
['2019-11-07', 35.24, 35.48, 35.01, 35.09]
['2019-11-08', 35.23, 35.45, 34.91, 34.97]
['2019-11-11', 34.8, 35.21, 34.8, 35.09]
['2019-11-12', 35.09, 35.44, 34.92, 35.1]
['2019-11-13', 34.87, 35.02, 34.68, 34.84]
['2019-11-14', 34.82, 35.13, 34.43, 34.43]
['2019-11-15', 34.66, 34.77, 34.25, 34.43]
['2019-11-18', 34.35, 34.35, 33.68, 34.25]
['2019-11-19', 34.3, 34.93, 34.29, 34.87]
['2019-11-20', 34.64, 35.16, 34.52, 34.98]
['2019-11-21', 35.07, 35.07, 34.58, 34.95]
['2019-11-22', 35.07, 35.27, 34.95, 35.07]
['2019-11-25', 35.04, 35.77, 34.99, 35.57]
['2019-11-26', 35.52, 35.74, 35.17, 35.21]
['2019-11-27', 35.43, 35.66, 35.4, 35.53]
['2019-11-29', 35.47, 35.77, 35.17, 35.65]
['2019-12-02', 35.77, 36.1, 35.2, 35.36]
['2019-12-03', 35.04, 35.33, 34.64, 35.29]
['2019-12-04', 35.46, 36.17, 35.46, 35.76]
['2019-12-05', 35.79, 36.04, 35.71, 35.77]
['2019-12-06', 36.02, 36.27, 35.94, 36.23]
['2019-12-09', 36.22, 36.43, 36.16, 36.42]
['2019-12-10', 36.42, 36.61, 36.27, 36.5]
['2019-12-11', 36.56, 36.6, 36.03, 36.08]
['2019-12-12', 36.12, 36.87, 36.02, 36.75]
['2019-12-13', 36.46, 36.85, 36.31, 36.75]
['2019-12-16', 36.96, 37.51, 36.91, 37.13]
['2019-12-17', 37.13, 37.76, 37.13, 37.71]
['2019-12-18', 37.71, 37.94, 37.49, 37.75]
['2019-12-19', 37.75, 37.76, 37.4, 37.7]
['2019-12-20', 37.73, 37.86, 37.33, 37.73]
['2019-12-23', 37.67, 37.7, 37.27, 37.34]
['2019-12-24', 37.46, 37.55, 37.25, 37.4]
['2019-12-26', 37.4, 37.42, 37.09, 37.24]
['2019-12-27', 37.42, 37.42, 37.0, 37.15]
['2019-12-30', 37.14, 37.65, 37.11, 37.26]
['2019-12-31', 37.24, 37.45, 37.16, 37.36]
['2020-01-02', 37.78, 37.78, 37.01, 37.23]
['2020-01-03', 36.84, 37.26, 36.62, 37.15]
['2020-01-06', 36.8, 37.31, 36.71, 37.17]
['2020-01-07', 37.15, 37.26, 36.56, 36.81]
['2020-01-08', 36.76, 37.35, 36.76, 37.31]
['2020-01-09', 37.31, 37.44, 37.05, 37.23]
['2020-01-10', 37.11, 37.24, 36.77, 37.02]
['2020-01-13', 37.01, 37.09, 36.76, 37.08]
['2020-01-14', 37.06, 37.37, 36.79, 37.13]
['2020-01-15', 36.98, 37.17, 36.71, 36.93]
['2020-01-16', 36.8, 37.48, 36.72, 37.34]
['2020-01-17', 37.52, 37.52, 37.01, 37.16]
['2020-01-21', 37.0, 37.08, 36.7, 36.73]
['2020-01-22', 36.78, 36.87, 36.6, 36.77]
['2020-01-23', 36.53, 36.89, 36.27, 36.82]
['2020-01-24', 36.84, 36.84, 36.27, 36.54]
['2020-01-27', 35.94, 36.47, 35.77, 36.25]
['2020-01-28', 36.4, 36.86, 36.37, 36.44]
['2020-01-29', 36.76, 37.74, 36.76, 37.53]
['2020-01-30', 37.32, 37.75, 37.15, 37.71]
['2020-01-31', 37.47, 37.47, 36.89, 36.96]
['2020-02-03', 37.21, 37.73, 36.92, 37.67]
['2020-02-04', 37.76, 37.91, 37.29, 37.64]
['2020-02-05', 38.06, 38.38, 37.6, 38.33]
['2020-02-06', 38.19, 38.7, 38.17, 38.47]
['2020-02-07', 38.23, 38.23, 37.76, 38.02]
['2020-02-10', 38.06, 38.06, 37.66, 37.94]
['2020-02-11', 38.2, 38.46, 37.98, 38.0]
['2020-02-12', 38.2, 38.25, 37.85, 38.01]
['2020-02-13', 37.56, 38.35, 37.43, 38.24]
['2020-02-14', 38.24, 38.51, 37.93, 38.19]
['2020-02-18', 38.12, 38.12, 37.13, 37.3]
['2020-02-19', 37.27, 37.47, 37.13, 37.41]
['2020-02-20', 37.36, 37.89, 37.12, 37.58]
['2020-02-21', 37.56, 37.56, 37.0, 37.45]
['2020-02-24', 36.54, 36.66, 36.22, 36.52]
['2020-02-25', 36.62, 36.62, 35.38, 35.58]
['2020-02-26', 35.8, 36.1, 34.96, 35.15]
['2020-02-27', 34.62, 35.31, 33.86, 33.88]
['2020-02-28', 33.1, 33.7, 29.77, 33.05]
['2020-03-02', 33.12, 34.08, 32.77, 34.0]
['2020-03-03', 33.9, 34.25, 32.94, 33.26]
['2020-03-04', 33.53, 34.01, 32.96, 33.7]
['2020-03-05', 33.01, 33.01, 31.57, 31.98]
['2020-03-06', 30.77, 31.31, 29.61, 30.08]
['2020-03-09', 27.67, 30.24, 26.48, 26.66]
['2020-03-10', 27.38, 28.37, 26.1, 28.22]
['2020-03-11', 27.23, 28.2, 25.76, 26.16]
['2020-03-12', 24.34, 26.05, 23.31, 24.36]
['2020-03-13', 25.64, 26.74, 24.74, 26.43]
['2020-03-16', 24.41, 25.21, 22.68, 23.14]
['2020-03-17', 23.01, 27.1, 22.73, 27.07]
['2020-03-18', 25.69, 27.89, 23.9, 25.39]
['2020-03-19', 24.85, 27.66, 23.76, 27.04]
['2020-03-20', 27.04, 27.22, 24.68, 24.83]
['2020-03-23', 24.93, 27.78, 22.06, 22.6]
['2020-03-24', 23.61, 25.0, 22.9, 24.65]
['2020-03-25', 24.67, 24.84, 23.2, 23.94]
['2020-03-26', 24.19, 26.15, 23.96, 25.45]
['2020-03-27', 24.36, 25.77, 23.36, 23.61]
['2020-03-30', 23.85, 24.37, 23.36, 24.15]
['2020-03-31', 23.92, 24.94, 23.34, 24.02]
['2020-04-01', 23.0, 23.79, 21.85, 22.16]
['2020-04-02', 21.71, 23.27, 21.71, 22.94]
['2020-04-03', 22.73, 22.81, 21.18, 21.61]
['2020-04-06', 22.66, 23.56, 22.45, 23.39]
['2020-04-07', 23.85, 24.4, 22.62, 22.83]
['2020-04-08', 23.43, 24.71, 23.0, 24.25]
['2020-04-09', 24.79, 27.25, 22.88, 27.02]
['2020-04-13', 26.85, 28.37, 24.75, 24.97]
['2020-04-14', 25.82, 26.19, 23.91, 24.57]
['2020-04-15', 23.5, 24.91, 22.51, 22.62]
['2020-04-16', 22.71, 23.16, 20.81, 21.53]
['2020-04-17', 22.28, 23.3, 22.28, 23.07]
['2020-04-20', 22.32, 23.2, 21.78, 22.25]
['2020-04-21', 21.31, 22.21, 21.03, 21.83]
['2020-04-22', 22.4, 22.43, 21.64, 22.13]
['2020-04-23', 22.11, 23.05, 21.44, 22.37]
['2020-04-24', 22.44, 22.79, 21.89, 22.6]
['2020-04-27', 23.15, 24.58, 22.64, 24.29]
['2020-04-28', 24.91, 25.62, 24.47, 25.35]
['2020-04-29', 26.39, 27.9, 24.74, 27.81]
['2020-04-30', 22.86, 26.39, 22.86, 24.99]
['2020-05-01', 24.05, 24.51, 23.66, 24.39]
['2020-05-04', 24.22, 24.4, 23.21, 23.56]
['2020-05-05', 24.03, 24.54, 22.41, 22.55]
['2020-05-06', 22.57, 22.91, 21.76, 22.05]
['2020-05-07', 22.29, 23.26, 21.99, 22.71]
['2020-05-08', 23.42, 24.13, 23.42, 24.04]
['2020-05-11', 23.51, 23.99, 22.52, 23.41]
['2020-05-12', 23.5, 23.5, 22.31, 22.33]
['2020-05-13', 22.18, 22.5, 21.42, 22.29]
['2020-05-14', 21.6, 22.66, 20.94, 22.39]
['2020-05-15', 22.53, 22.8, 21.61, 22.27]
['2020-05-18', 23.06, 24.41, 23.06, 24.26]
['2020-05-19', 24.04, 24.73, 23.04, 23.04]
['2020-05-20', 23.67, 24.92, 23.67, 24.81]
['2020-05-21', 24.86, 25.32, 24.59, 24.77]
['2020-05-22', 24.99, 25.01, 24.44, 24.75]
['2020-05-26', 25.95, 26.57, 25.71, 26.4]
['2020-05-27', 27.28, 28.08, 26.74, 27.83]
['2020-05-28', 28.28, 28.28, 25.95, 26.22]
['2020-05-29', 25.8, 26.05, 25.01, 25.61]
['2020-06-01', 25.83, 26.24, 25.41, 25.42]
['2020-06-02', 25.77, 25.96, 25.01, 25.28]
['2020-06-03', 26.07, 26.96, 25.84, 26.48]
['2020-06-04', 26.03, 27.22, 25.83, 27.18]
['2020-06-05', 28.81, 29.83, 27.15, 29.19]
