['2018-02-16', 4.57, 4.57, 4.26, 4.41]
['2018-02-20', 4.45, 4.45, 4.2, 4.2]
['2018-02-21', 4.2, 4.56, 4.2, 4.4]
['2018-02-22', 4.25, 4.44, 4.25, 4.31]
['2018-02-23', 4.27, 4.4, 4.25, 4.26]
['2018-02-26', 4.27, 4.34, 4.27, 4.27]
['2018-02-27', 4.3, 4.4, 4.3, 4.346]
['2018-02-28', 4.4, 4.65, 4.3, 4.5]
['2018-03-01', 4.5, 4.6, 4.37, 4.45]
['2018-03-02', 4.4, 4.4, 4.3, 4.3]
['2018-03-05', 4.34, 4.35, 4.25, 4.25]
['2018-03-06', 4.25, 4.3, 4.25, 4.25]
['2018-03-07', 4.27, 4.27, 4.02, 4.02]
['2018-03-08', 4.02, 4.1, 3.95, 3.97]
['2018-03-09', 3.9, 4.068, 3.9, 4.05]
['2018-03-12', 4.06, 4.25, 4.02, 4.06]
['2018-03-13', 4.1, 4.15, 4.02, 4.14]
['2018-03-14', 4.2, 4.2, 4.03, 4.06]
['2018-03-15', 4.06, 4.25, 4.06, 4.09]
['2018-03-16', 4.09, 4.3, 4.09, 4.1]
['2018-03-19', 4.1, 4.2, 4.1, 4.15]
['2018-03-20', 4.12, 4.132, 4.06, 4.102]
['2018-03-21', 4.07, 4.38, 4.07, 4.3]
['2018-03-22', 4.29, 4.29, 4.2, 4.29]
['2018-03-23', 4.29, 4.29, 4.05, 4.06]
['2018-03-26', 4.06, 4.07, 4.01, 4.02]
['2018-03-27', 4.03, 4.06, 4.0, 4.0]
['2018-03-28', 4.0, 4.06, 3.9, 4.06]
['2018-03-29', 4.06, 4.09, 3.92, 4.052]
['2018-04-02', 4.09, 4.09, 4.06, 4.06]
['2018-04-03', 4.038, 4.08, 4.01, 4.08]
['2018-04-04', 4.01, 4.08, 3.827, 4.0]
['2018-04-05', 4.1, 4.15, 4.1, 4.1]
['2018-04-06', 4.15, 4.35, 4.15, 4.3]
['2018-04-09', 4.5, 4.5, 4.3, 4.3]
['2018-04-10', 4.35, 4.55, 4.18, 4.55]
['2018-04-11', 4.5, 4.5, 4.06, 4.1]
['2018-04-12', 4.1, 4.1, 4.0, 4.001]
['2018-04-13', 3.96, 4.02, 3.96, 3.96]
['2018-04-16', 3.961, 3.961, 3.86, 3.86]
['2018-04-17', 3.86, 3.905, 3.39, 3.511]
['2018-04-18', 3.49, 3.981, 3.49, 3.7]
['2018-04-19', 3.85, 3.931, 3.71, 3.71]
['2018-04-20', 3.72, 3.88, 3.5, 3.7]
['2018-04-23', 3.78, 3.949, 3.78, 3.8]
['2018-04-24', 3.91, 3.91, 3.71, 3.74]
['2018-04-25', 3.759, 3.79, 3.69, 3.79]
['2018-04-26', 3.759, 3.759, 3.7, 3.7]
['2018-04-27', 3.7, 3.7, 2.68, 3.124]
['2018-04-30', 3.25, 3.25, 3.13, 3.166]
['2018-05-01', 3.25, 3.25, 2.99, 2.991]
['2018-05-02', 2.98, 3.084, 2.98, 3.04]
['2018-05-03', 2.98, 3.019, 2.95, 3.019]
['2018-05-04', 3.01, 3.25, 3.001, 3.25]
['2018-05-07', 3.25, 3.25, 3.224, 3.24]
['2018-05-08', 3.24, 3.63, 3.2, 3.5]
['2018-05-09', 3.55, 3.675, 3.5, 3.6]
['2018-05-10', 3.67, 3.74, 3.535, 3.7]
['2018-05-11', 3.8, 3.9, 3.56, 3.69]
['2018-05-14', 3.72, 3.75, 3.542, 3.75]
['2018-05-15', 3.7, 3.7, 3.65, 3.7]
['2018-05-16', 3.56, 3.59, 3.5, 3.59]
['2018-05-17', 3.5, 3.69, 3.5, 3.615]
['2018-05-18', 3.54, 3.65, 3.54, 3.62]
['2018-05-21', 3.63, 3.63, 3.2, 3.38]
['2018-05-22', 3.38, 3.574, 3.15, 3.37]
['2018-05-23', 3.34, 3.35, 3.276, 3.35]
['2018-05-24', 3.3, 3.35, 3.2, 3.31]
['2018-05-25', 3.3, 3.39, 3.21, 3.38]
['2018-05-29', 3.45, 3.7, 3.344, 3.7]
['2018-05-30', 3.7, 3.7, 3.352, 3.5]
['2018-05-31', 3.5, 3.699, 3.24, 3.44]
['2018-06-01', 3.315, 3.68, 3.176, 3.63]
['2018-06-04', 3.7, 3.7, 3.441, 3.59]
['2018-06-05', 3.4, 3.7, 3.36, 3.36]
['2018-06-06', 3.4, 3.8, 3.4, 3.68]
['2018-06-07', 3.65, 3.9, 3.615, 3.9]
['2018-06-08', 3.81, 3.94, 3.8, 3.8]
['2018-06-11', 3.88, 5.76, 3.88, 5.27]
['2018-06-12', 4.75, 5.0, 4.222, 4.68]
['2018-06-13', 4.68, 5.164, 4.66, 4.78]
['2018-06-14', 4.84, 5.2, 4.81, 4.95]
['2018-06-15', 5.22, 5.22, 4.22, 4.25]
['2018-06-18', 4.5, 5.0, 4.1, 4.1]
['2018-06-19', 4.02, 4.4, 4.02, 4.05]
['2018-06-20', 4.05, 4.28, 3.93, 4.09]
['2018-06-21', 4.0, 4.245, 4.0, 4.109]
['2018-06-22', 4.28, 4.6, 4.04, 4.6]
['2018-06-25', 4.54, 4.54, 4.06, 4.11]
['2018-06-26', 4.14, 4.24, 4.11, 4.24]
['2018-06-27', 4.14, 4.169, 4.07, 4.07]
['2018-06-28', 4.09, 4.23, 4.0, 4.07]
['2018-06-29', 4.07, 4.07, 3.8, 3.84]
['2018-07-02', 3.8, 3.85, 3.74, 3.84]
['2018-07-03', 3.8, 3.83, 3.51, 3.8]
['2018-07-05', 3.8, 3.85, 3.73, 3.76]
['2018-07-06', 3.85, 3.86, 3.74, 3.8]
['2018-07-09', 3.88, 3.88, 3.6, 3.67]
['2018-07-10', 3.69, 3.802, 3.66, 3.68]
['2018-07-11', 3.72, 3.81, 3.66, 3.66]
['2018-07-12', 3.72, 3.8, 3.66, 3.66]
['2018-07-13', 3.76, 3.76, 3.55, 3.606]
['2018-07-16', 3.53, 3.6, 3.25, 3.432]
['2018-07-17', 3.337, 3.737, 3.337, 3.35]
['2018-07-18', 3.53, 3.572, 3.37, 3.47]
['2018-07-19', 3.5, 3.5, 3.37, 3.38]
['2018-07-20', 3.4, 3.599, 3.4, 3.476]
['2018-07-23', 3.5, 3.545, 3.5, 3.539]
['2018-07-24', 3.5, 3.531, 3.397, 3.4]
['2018-07-25', 3.42, 3.722, 3.4, 3.53]
['2018-07-26', 3.55, 3.7, 3.5, 3.68]
['2018-07-27', 3.633, 3.731, 3.633, 3.65]
['2018-07-30', 3.59, 3.59, 3.507, 3.55]
['2018-07-31', 3.59, 3.732, 3.59, 3.732]
['2018-08-01', 3.67, 3.74, 3.56, 3.61]
['2018-08-02', 3.58, 3.62, 3.58, 3.62]
['2018-08-03', 3.61, 3.75, 3.6, 3.73]
['2018-08-06', 3.74, 3.75, 3.63, 3.63]
['2018-08-07', 3.638, 3.9, 3.638, 3.77]
['2018-08-08', 3.84, 4.12, 3.84, 4.04]
['2018-08-09', 4.01, 4.088, 3.88, 4.0]
['2018-08-10', 4.053, 4.22, 3.96, 4.22]
['2018-08-13', 4.1, 4.25, 4.02, 4.05]
['2018-08-14', 4.29, 4.42, 4.28, 4.39]
['2018-08-15', 4.4, 4.426, 4.3, 4.305]
['2018-08-16', 4.5, 4.5, 4.01, 4.1]
['2018-08-17', 4.27, 4.27, 4.15, 4.16]
['2018-08-20', 4.18, 4.191, 4.0, 4.085]
['2018-08-21', 4.0, 4.099, 3.95, 3.95]
['2018-08-22', 3.95, 4.12, 3.94, 4.016]
['2018-08-23', 4.1, 4.121, 3.975, 4.025]
['2018-08-24', 4.02, 4.052, 3.94, 3.99]
['2018-08-27', 3.99, 4.072, 3.8, 3.8]
['2018-08-28', 3.8, 3.83, 3.64, 3.64]
['2018-08-29', 3.65, 3.71, 3.38, 3.4]
['2018-08-30', 3.47, 3.49, 3.4, 3.45]
['2018-08-31', 3.42, 3.461, 3.41, 3.41]
['2018-09-04', 3.45, 3.5, 3.38, 3.5]
['2018-09-05', 3.45, 3.71, 3.44, 3.45]
['2018-09-06', 3.4, 3.493, 3.4, 3.49]
['2018-09-07', 3.5, 3.693, 3.5, 3.62]
['2018-09-10', 3.4, 3.65, 3.37, 3.5]
['2018-09-11', 3.49, 3.545, 3.42, 3.42]
['2018-09-12', 3.42, 3.68, 3.4, 3.491]
['2018-09-13', 3.46, 3.68, 3.4, 3.5]
['2018-09-14', 3.46, 3.68, 3.4, 3.45]
['2018-09-17', 3.45, 3.611, 3.0, 3.1]
['2018-09-18', 3.72, 3.8, 3.53, 3.62]
['2018-09-19', 3.65, 3.67, 3.45, 3.67]
['2018-09-20', 3.65, 3.65, 3.056, 3.53]
['2018-09-21', 3.5, 4.4, 3.45, 4.4]
['2018-09-24', 4.0, 4.2, 3.6, 3.99]
['2018-09-25', 4.1, 4.25, 3.98, 4.09]
['2018-09-26', 4.0, 4.0, 3.79, 3.79]
['2018-09-27', 3.79, 4.0, 3.51, 3.8]
['2018-09-28', 3.72, 3.982, 3.342, 3.39]
['2018-10-01', 3.35, 3.437, 3.35, 3.42]
['2018-10-02', 3.4, 3.586, 3.25, 3.25]
['2018-10-03', 3.26, 3.463, 3.26, 3.29]
['2018-10-04', 3.3, 3.3, 3.2, 3.245]
['2018-10-05', 3.29, 3.329, 3.25, 3.25]
['2018-10-08', 3.29, 3.355, 3.2, 3.2]
['2018-10-09', 3.21, 3.29, 3.11, 3.11]
['2018-10-10', 3.12, 3.2, 3.1, 3.1]
['2018-10-11', 3.09, 3.19, 3.06, 3.11]
['2018-10-12', 3.16, 3.199, 3.15, 3.19]
['2018-10-15', 3.16, 3.16, 3.01, 3.01]
['2018-10-16', 3.1, 3.1, 3.04, 3.058]
['2018-10-17', 3.04, 3.052, 3.04, 3.05]
['2018-10-18', 2.946, 3.1, 2.946, 3.05]
['2018-10-19', 3.08, 3.08, 2.814, 3.0]
['2018-10-22', 2.96, 3.07, 2.8, 2.8]
['2018-10-23', 2.81, 3.03, 2.81, 2.91]
['2018-10-24', 2.98, 2.98, 2.864, 2.864]
['2018-10-25', 3.0, 3.0, 2.997, 3.0]
['2018-10-26', 2.961, 2.976, 2.89, 2.9]
['2018-10-29', 2.89, 3.0, 2.5, 2.962]
['2018-10-30', 2.97, 2.987, 2.62, 2.7]
['2018-10-31', 2.61, 2.98, 2.61, 2.892]
['2018-11-01', 2.92, 2.92, 2.75, 2.85]
['2018-11-02', 2.916, 2.924, 2.62, 2.65]
['2018-11-05', 2.95, 2.97, 2.65, 2.66]
['2018-11-06', 2.67, 2.947, 2.65, 2.92]
['2018-11-07', 2.9, 2.9, 2.51, 2.6]
['2018-11-08', 2.59, 2.97, 2.4, 2.9]
['2018-11-09', 2.91, 2.958, 2.46, 2.87]
['2018-11-12', 2.83, 2.97, 2.51, 2.6]
['2018-11-13', 2.59, 2.945, 2.486, 2.64]
['2018-11-14', 2.63, 3.0, 2.63, 2.65]
['2018-11-15', 2.882, 3.07, 2.66, 2.92]
['2018-11-16', 2.76, 2.95, 2.75, 2.75]
['2018-11-19', 2.75, 2.77, 2.44, 2.55]
['2018-11-20', 2.55, 3.027, 2.55, 2.65]
['2018-11-21', 2.62, 2.77, 2.55, 2.6]
['2018-11-23', 2.6, 2.85, 2.55, 2.85]
['2018-11-26', 2.84, 2.84, 2.54, 2.59]
['2018-11-27', 2.58, 2.677, 2.55, 2.57]
['2018-11-28', 2.59, 2.778, 2.44, 2.59]
['2018-11-29', 2.6, 3.45, 2.6, 2.869]
['2018-11-30', 2.83, 2.92, 2.69, 2.69]
['2018-12-03', 2.81, 3.025, 2.71, 2.77]
['2018-12-04', 2.75, 2.89, 2.725, 2.89]
['2018-12-06', 2.75, 2.786, 2.71, 2.72]
['2018-12-07', 2.734, 2.734, 2.7, 2.7]
['2018-12-10', 2.7, 3.027, 2.7, 2.7]
['2018-12-11', 2.72, 2.886, 2.63, 2.68]
['2018-12-12', 2.73, 2.924, 2.55, 2.57]
['2018-12-13', 2.61, 2.61, 2.5, 2.55]
['2018-12-14', 2.5, 2.52, 2.45, 2.45]
['2018-12-17', 2.47, 2.6, 2.44, 2.45]
['2018-12-18', 2.44, 2.58, 2.44, 2.44]
['2018-12-19', 2.46, 2.69, 2.35, 2.35]
['2018-12-20', 2.38, 2.39, 1.6, 1.9]
['2018-12-21', 1.9, 2.49, 1.9, 2.0]
['2018-12-24', 2.0, 2.1, 2.0, 2.1]
['2018-12-26', 2.15, 2.308, 1.88, 2.01]
['2018-12-27', 2.0, 2.18, 1.88, 1.88]
['2018-12-28', 1.88, 2.18, 1.88, 1.94]
['2018-12-31', 1.94, 2.005, 1.62, 1.62]
['2019-01-02', 1.65, 1.85, 1.65, 1.85]
['2019-01-03', 1.82, 1.85, 1.71, 1.71]
['2019-01-04', 1.82, 2.19, 1.71, 2.075]
['2019-01-07', 2.1, 2.775, 2.1, 2.604]
['2019-01-08', 2.67, 2.75, 2.61, 2.75]
['2019-01-09', 2.8, 2.8, 2.41, 2.41]
['2019-01-10', 2.53, 2.56, 2.42, 2.42]
['2019-01-11', 2.46, 2.738, 2.45, 2.7]
['2019-01-14', 2.7, 2.7, 2.513, 2.52]
['2019-01-15', 2.57, 2.61, 2.462, 2.61]
['2019-01-16', 2.63, 2.75, 2.4, 2.4]
['2019-01-17', 2.43, 2.588, 2.43, 2.47]
['2019-01-18', 2.738, 2.738, 2.563, 2.69]
['2019-01-22', 2.6, 2.7, 2.47, 2.47]
['2019-01-23', 2.56, 2.637, 2.51, 2.551]
['2019-01-24', 2.523, 2.567, 2.51, 2.51]
['2019-01-25', 2.47, 2.523, 2.47, 2.523]
['2019-01-28', 2.537, 2.598, 2.46, 2.51]
['2019-01-29', 2.45, 2.594, 2.352, 2.59]
['2019-01-30', 2.49, 2.61, 2.43, 2.6]
['2019-01-31', 2.515, 2.515, 2.4, 2.44]
['2019-02-01', 2.4, 2.64, 2.4, 2.41]
['2019-02-04', 2.588, 2.6, 2.486, 2.486]
['2019-02-05', 2.588, 2.588, 2.45, 2.45]
['2019-02-06', 2.442, 2.598, 2.442, 2.508]
['2019-02-07', 2.45, 2.5, 2.45, 2.46]
['2019-02-08', 2.45, 2.53, 2.44, 2.45]
['2019-02-11', 2.45, 2.467, 2.4, 2.4]
['2019-02-12', 2.35, 2.35, 2.19, 2.19]
['2019-02-13', 2.206, 2.21, 2.193, 2.2]
['2019-02-14', 2.17, 2.17, 2.11, 2.11]
['2019-02-15', 2.11, 2.519, 2.11, 2.38]
['2019-02-19', 2.38, 2.38, 2.161, 2.26]
['2019-02-20', 2.29, 2.5, 2.2, 2.2]
['2019-02-21', 2.27, 2.48, 2.2, 2.24]
['2019-02-22', 2.17, 2.31, 2.17, 2.18]
['2019-02-25', 2.18, 2.301, 2.18, 2.25]
['2019-02-26', 2.4, 2.46, 2.26, 2.28]
['2019-02-27', 2.34, 2.49, 2.34, 2.49]
['2019-02-28', 2.5, 2.7, 2.5, 2.7]
['2019-03-01', 2.7, 2.7, 2.562, 2.65]
['2019-03-04', 2.63, 2.67, 2.492, 2.55]
['2019-03-05', 2.75, 3.29, 2.7, 3.04]
['2019-03-06', 3.05, 3.3, 3.0, 3.0]
['2019-03-07', 3.0, 3.1, 2.855, 2.885]
['2019-03-08', 2.87, 3.02, 2.79, 2.8]
['2019-03-11', 2.79, 2.97, 2.79, 2.92]
['2019-03-12', 3.1, 3.1, 2.75, 2.9]
['2019-03-13', 3.01, 3.106, 2.774, 2.86]
['2019-03-14', 2.88, 2.88, 2.76, 2.85]
['2019-03-15', 2.82, 2.94, 2.763, 2.77]
['2019-03-18', 2.8, 2.85, 2.75, 2.8]
['2019-03-19', 2.79, 2.79, 2.61, 2.62]
['2019-03-20', 2.6, 2.69, 2.43, 2.51]
['2019-03-21', 2.5, 2.62, 2.37, 2.465]
['2019-03-22', 2.45, 2.486, 2.3, 2.357]
['2019-03-25', 2.38, 2.56, 2.25, 2.35]
['2019-03-26', 2.39, 2.45, 2.35, 2.36]
['2019-03-27', 2.505, 2.505, 2.36, 2.475]
['2019-03-28', 2.47, 2.599, 2.4, 2.46]
['2019-03-29', 2.57, 2.57, 2.46, 2.51]
['2019-04-01', 2.55, 2.617, 2.5, 2.599]
['2019-04-02', 2.96, 3.07, 2.751, 2.95]
['2019-04-03', 3.06, 3.25, 2.91, 3.03]
['2019-04-04', 3.09, 3.09, 2.801, 2.95]
['2019-04-05', 2.95, 2.95, 2.8, 2.9]
['2019-04-08', 2.9, 2.926, 2.693, 2.74]
['2019-04-09', 2.74, 2.886, 2.7, 2.76]
['2019-04-10', 2.724, 2.797, 2.72, 2.79]
['2019-04-11', 2.77, 2.77, 2.6, 2.66]
['2019-04-12', 2.72, 2.73, 2.65, 2.65]
['2019-04-15', 2.68, 2.692, 2.6, 2.6]
['2019-04-16', 2.6, 2.665, 2.6, 2.62]
['2019-04-17', 2.65, 2.77, 2.65, 2.69]
['2019-04-18', 2.72, 2.72, 2.677, 2.7]
['2019-04-22', 2.65, 2.71, 2.56, 2.56]
['2019-04-23', 2.572, 2.7, 2.571, 2.635]
['2019-04-24', 2.59, 2.68, 2.5, 2.54]
['2019-04-25', 2.638, 2.638, 2.5, 2.515]
['2019-04-26', 2.491, 2.514, 2.37, 2.435]
['2019-04-29', 2.48, 2.5, 2.431, 2.5]
['2019-04-30', 2.53, 2.58, 2.475, 2.5]
['2019-05-01', 2.5, 2.5, 2.394, 2.44]
['2019-05-02', 2.4, 2.47, 2.35, 2.37]
['2019-05-03', 2.41, 2.5, 2.37, 2.472]
['2019-05-06', 2.42, 2.51, 2.42, 2.48]
['2019-05-07', 2.47, 2.5, 2.47, 2.49]
['2019-05-08', 2.49, 2.7, 2.475, 2.7]
['2019-05-09', 2.7, 2.7, 2.566, 2.7]
['2019-05-10', 2.62, 2.7, 2.62, 2.7]
['2019-05-13', 2.7, 2.7, 2.51, 2.7]
['2019-05-14', 2.7, 2.7, 2.58, 2.584]
['2019-05-15', 2.62, 2.68, 2.55, 2.55]
['2019-05-16', 2.657, 2.68, 2.6, 2.6]
['2019-05-17', 2.648, 2.648, 2.5, 2.61]
['2019-05-20', 2.6, 2.6, 2.517, 2.57]
['2019-05-21', 2.53, 2.59, 2.51, 2.51]
['2019-05-22', 2.51, 2.53, 2.509, 2.51]
['2019-05-23', 2.5, 2.5, 2.38, 2.5]
['2019-05-24', 2.5, 2.51, 2.34, 2.41]
['2019-05-28', 2.48, 2.49, 2.38, 2.4]
['2019-05-29', 2.41, 2.5, 2.35, 2.35]
['2019-05-30', 2.42, 2.49, 2.42, 2.49]
['2019-05-31', 2.47, 2.47, 2.37, 2.42]
['2019-06-03', 2.42, 2.43, 2.25, 2.288]
['2019-06-04', 2.3, 2.3, 2.24, 2.25]
['2019-06-05', 2.26, 2.414, 2.25, 2.25]
['2019-06-06', 2.25, 2.26, 2.15, 2.15]
['2019-06-07', 2.25, 2.25, 2.13, 2.13]
['2019-06-10', 2.16, 2.16, 2.05, 2.05]
['2019-06-11', 2.08, 2.1, 2.03, 2.04]
['2019-06-12', 2.04, 2.08, 1.95, 1.95]
['2019-06-13', 1.96, 2.0, 1.96, 1.963]
['2019-06-14', 2.01, 2.44, 2.0, 2.01]
['2019-06-17', 2.07, 2.07, 1.995, 2.0]
['2019-06-18', 2.02, 2.02, 1.88, 1.88]
['2019-06-19', 2.125, 2.125, 1.89, 1.89]
['2019-06-20', 1.94, 1.995, 1.88, 1.88]
['2019-06-21', 1.88, 1.949, 1.88, 1.88]
['2019-06-24', 1.93, 1.93, 1.81, 1.81]
['2019-06-25', 1.89, 1.89, 1.67, 1.69]
['2019-06-26', 1.86, 1.86, 1.6, 1.82]
['2019-06-27', 1.81, 1.86, 1.69, 1.731]
['2019-06-28', 1.82, 1.85, 1.78, 1.78]
['2019-07-01', 1.766, 1.91, 1.766, 1.83]
['2019-07-02', 1.91, 1.94, 1.789, 1.789]
['2019-07-03', 1.86, 1.92, 1.77, 1.77]
['2019-07-05', 1.881, 1.881, 1.834, 1.85]
['2019-07-08', 1.82, 1.82, 1.8, 1.8]
['2019-07-09', 1.85, 1.87, 1.72, 1.775]
['2019-07-10', 1.72, 1.85, 1.72, 1.759]
['2019-07-11', 1.8, 1.8, 1.71, 1.71]
['2019-07-12', 1.8, 1.8, 1.73, 1.73]
['2019-07-15', 1.72, 1.794, 1.72, 1.755]
['2019-07-16', 1.75, 1.75, 1.729, 1.739]
['2019-07-17', 1.75, 1.75, 1.711, 1.72]
['2019-07-18', 1.78, 1.8, 1.67, 1.67]
['2019-07-19', 1.7, 1.8, 1.7, 1.8]
['2019-07-22', 1.84, 1.94, 1.818, 1.94]
['2019-07-23', 1.99, 2.389, 1.99, 2.3]
['2019-07-24', 2.37, 2.38, 2.2, 2.37]
['2019-07-25', 2.42, 2.5, 2.27, 2.5]
['2019-07-26', 2.5, 2.5, 2.29, 2.39]
['2019-07-29', 2.4, 2.48, 2.37, 2.37]
['2019-07-30', 2.33, 2.47, 2.33, 2.45]
['2019-07-31', 2.44, 2.44, 2.3, 2.3]
['2019-08-01', 2.32, 2.38, 2.19, 2.21]
['2019-08-02', 2.185, 2.25, 2.04, 2.04]
['2019-08-05', 2.02, 2.02, 1.9, 1.93]
['2019-08-06', 1.97, 2.272, 1.97, 2.22]
['2019-08-07', 2.3, 2.31, 2.03, 2.2]
['2019-08-08', 2.19, 2.29, 2.01, 2.17]
['2019-08-09', 2.15, 2.2, 2.13, 2.13]
['2019-08-12', 2.09, 2.4, 1.972, 2.4]
['2019-08-13', 2.15, 2.26, 2.131, 2.23]
['2019-08-14', 2.209, 2.22, 2.209, 2.21]
['2019-08-15', 2.1, 2.11, 1.9, 2.11]
['2019-08-16', 2.15, 2.2, 2.15, 2.2]
['2019-08-19', 2.02, 2.18, 2.02, 2.18]
['2019-08-20', 2.2, 2.2, 2.06, 2.17]
['2019-08-21', 2.14, 2.14, 2.046, 2.14]
['2019-08-22', 2.15, 2.15, 2.04, 2.05]
['2019-08-23', 2.04, 2.07, 1.918, 1.971]
['2019-08-26', 1.97, 2.04, 1.97, 2.015]
['2019-08-27', 1.97, 2.006, 1.97, 2.006]
['2019-08-28', 2.05, 2.18, 2.05, 2.12]
['2019-08-29', 2.18, 2.19, 2.08, 2.19]
['2019-08-30', 2.17, 2.18, 2.08, 2.08]
['2019-09-03', 2.03, 2.07, 1.9, 2.06]
['2019-09-04', 2.011, 2.08, 2.0, 2.061]
['2019-09-05', 2.059, 2.17, 2.059, 2.115]
['2019-09-06', 2.1, 2.2, 1.803, 2.03]
['2019-09-09', 2.05, 2.05, 1.77, 1.86]
['2019-09-10', 1.91, 1.95, 1.84, 1.85]
['2019-09-11', 1.85, 1.9, 1.838, 1.89]
['2019-09-12', 1.89, 1.986, 1.83, 1.855]
['2019-09-13', 1.88, 1.89, 1.82, 1.84]
['2019-09-16', 1.84, 1.84, 1.799, 1.8]
['2019-09-17', 1.885, 1.89, 1.7, 1.7]
['2019-09-18', 1.75, 1.77, 1.7, 1.7]
['2019-09-19', 1.73, 1.78, 1.61, 1.78]
['2019-09-20', 1.75, 1.845, 1.67, 1.81]
['2019-09-23', 1.83, 1.85, 1.741, 1.79]
['2019-09-24', 1.826, 1.826, 1.765, 1.77]
['2019-09-25', 1.795, 1.92, 1.78, 1.79]
['2019-09-26', 1.82, 1.86, 1.81, 1.83]
['2019-09-27', 1.87, 1.87, 1.75, 1.76]
['2019-09-30', 1.8, 1.84, 1.75, 1.75]
['2019-10-01', 1.76, 1.77, 1.76, 1.76]
['2019-10-02', 1.75, 1.76, 1.72, 1.72]
['2019-10-03', 1.72, 1.77, 1.62, 1.63]
['2019-10-04', 1.64, 1.75, 1.61, 1.75]
['2019-10-07', 1.71, 1.736, 1.62, 1.68]
['2019-10-08', 1.65, 1.689, 1.61, 1.65]
['2019-10-09', 1.69, 1.761, 1.67, 1.691]
['2019-10-10', 1.66, 1.722, 1.66, 1.68]
['2019-10-11', 1.65, 1.66, 1.62, 1.634]
['2019-10-14', 1.64, 1.692, 1.57, 1.57]
['2019-10-15', 1.58, 1.62, 1.56, 1.62]
['2019-10-16', 1.62, 1.69, 1.57, 1.59]
['2019-10-17', 1.62, 1.69, 1.58, 1.58]
['2019-10-18', 1.64, 1.64, 1.583, 1.583]
['2019-10-21', 1.62, 1.62, 1.57, 1.57]
['2019-10-22', 1.601, 1.601, 1.57, 1.58]
['2019-10-23', 1.57, 1.615, 1.56, 1.6]
['2019-10-24', 1.6, 1.65, 1.6, 1.64]
['2019-10-25', 1.632, 1.632, 1.59, 1.59]
['2019-10-28', 1.66, 1.75, 1.59, 1.71]
['2019-10-29', 1.75, 1.85, 1.75, 1.77]
['2019-10-30', 1.81, 1.84, 1.75, 1.77]
['2019-10-31', 1.8, 1.815, 1.75, 1.81]
['2019-11-01', 1.82, 1.83, 1.78, 1.82]
['2019-11-04', 1.799, 1.85, 1.77, 1.78]
['2019-11-05', 1.85, 1.87, 1.81, 1.84]
['2019-11-06', 1.86, 1.9, 1.84, 1.85]
['2019-11-07', 1.83, 1.88, 1.81, 1.88]
['2019-11-08', 1.81, 1.849, 1.77, 1.84]
['2019-11-11', 1.89, 1.89, 1.77, 1.78]
['2019-11-12', 1.77, 1.84, 1.77, 1.79]
['2019-11-13', 1.832, 1.861, 1.77, 1.86]
['2019-11-14', 1.85, 1.866, 1.84, 1.841]
['2019-11-15', 1.809, 1.9, 1.78, 1.87]
['2019-11-18', 1.82, 1.88, 1.82, 1.88]
['2019-11-19', 1.786, 1.9, 1.786, 1.88]
['2019-11-20', 1.825, 1.9, 1.785, 1.8]
['2019-11-21', 1.79, 1.809, 1.75, 1.809]
['2019-11-22', 1.8, 1.9, 1.75, 1.89]
['2019-11-25', 1.88, 1.89, 1.76, 1.85]
['2019-11-26', 1.816, 1.85, 1.77, 1.77]
['2019-11-27', 1.77, 1.79, 1.75, 1.76]
['2019-11-29', 1.74, 1.8, 1.74, 1.79]
['2019-12-02', 1.72, 1.75, 1.65, 1.65]
['2019-12-03', 1.69, 1.79, 1.65, 1.66]
['2019-12-04', 1.701, 1.74, 1.67, 1.67]
['2019-12-05', 1.72, 1.734, 1.64, 1.65]
['2019-12-06', 1.643, 1.75, 1.64, 1.67]
['2019-12-09', 1.63, 1.69, 1.59, 1.61]
['2019-12-10', 1.62, 1.71, 1.58, 1.6]
['2019-12-11', 1.61, 1.65, 1.59, 1.6]
['2019-12-12', 1.65, 1.67, 1.6, 1.66]
['2019-12-13', 1.71, 1.71, 1.55, 1.57]
['2019-12-16', 1.63, 1.712, 1.62, 1.62]
['2019-12-17', 1.64, 1.684, 1.61, 1.61]
['2019-12-18', 1.603, 1.66, 1.58, 1.6]
['2019-12-19', 1.61, 1.635, 1.6, 1.6]
['2019-12-20', 1.588, 1.6, 1.54, 1.55]
['2019-12-23', 1.55, 1.57, 1.55, 1.57]
['2019-12-24', 1.602, 1.65, 1.54, 1.56]
['2019-12-26', 1.56, 1.655, 1.56, 1.58]
['2019-12-27', 1.56, 1.71, 1.56, 1.69]
['2019-12-30', 1.64, 1.74, 1.64, 1.665]
['2019-12-31', 1.648, 1.7, 1.551, 1.7]
['2020-01-02', 1.85, 1.85, 1.65, 1.8]
['2020-01-03', 1.8, 1.84, 1.77, 1.84]
['2020-01-06', 1.84, 1.907, 1.79, 1.9]
['2020-01-07', 1.9, 1.94, 1.835, 1.91]
['2020-01-08', 1.94, 1.97, 1.9, 1.958]
['2020-01-09', 1.95, 1.98, 1.95, 1.98]
['2020-01-10', 1.932, 1.94, 1.825, 1.94]
['2020-01-13', 1.871, 1.96, 1.86, 1.923]
['2020-01-14', 1.96, 1.96, 1.89, 1.89]
['2020-01-15', 1.905, 1.927, 1.88, 1.9]
['2020-01-16', 1.9, 1.99, 1.89, 1.953]
['2020-01-17', 1.963, 1.99, 1.9, 1.979]
['2020-01-21', 1.98, 1.98, 1.771, 1.94]
['2020-01-22', 1.94, 1.99, 1.921, 1.97]
['2020-01-23', 1.97, 1.99, 1.94, 1.99]
['2020-01-24', 1.99, 1.99, 1.975, 1.98]
['2020-01-27', 1.95, 2.013, 1.94, 1.95]
['2020-01-28', 1.978, 2.13, 1.978, 2.13]
['2020-01-29', 2.2, 2.25, 2.03, 2.09]
['2020-01-30', 2.24, 2.437, 1.97, 2.0]
['2020-01-31', 2.17, 2.17, 1.89, 2.0]
['2020-02-03', 2.02, 2.027, 1.91, 1.93]
['2020-02-04', 2.04, 2.09, 1.979, 2.06]
['2020-02-05', 2.15, 2.177, 2.081, 2.14]
['2020-02-06', 2.16, 2.16, 1.98, 1.98]
['2020-02-07', 1.96, 1.986, 1.884, 1.95]
['2020-02-10', 1.91, 1.954, 1.87, 1.875]
['2020-02-11', 1.897, 1.94, 1.897, 1.93]
['2020-02-12', 1.96, 2.004, 1.944, 1.95]
['2020-02-13', 1.97, 1.97, 1.88, 1.9]
['2020-02-14', 1.91, 1.93, 1.91, 1.919]
['2020-02-18', 2.07, 2.07, 1.85, 1.91]
['2020-02-19', 1.99, 1.994, 1.85, 1.88]
['2020-02-20', 1.86, 1.942, 1.86, 1.86]
['2020-02-21', 1.9, 1.913, 1.84, 1.86]
['2020-02-24', 1.78, 1.837, 1.75, 1.83]
['2020-02-25', 1.87, 1.87, 1.75, 1.76]
['2020-02-26', 1.789, 1.84, 1.73, 1.803]
['2020-02-27', 1.84, 1.86, 1.75, 1.75]
['2020-02-28', 1.7, 1.78, 1.7, 1.78]
['2020-03-02', 1.8, 1.852, 1.7, 1.75]
['2020-03-03', 1.71, 1.805, 1.71, 1.805]
['2020-03-04', 1.84, 1.89, 1.825, 1.864]
['2020-03-05', 1.84, 1.87, 1.78, 1.87]
['2020-03-06', 1.76, 1.856, 1.76, 1.76]
['2020-03-09', 1.76, 1.779, 1.62, 1.62]
['2020-03-10', 1.62, 1.924, 1.61, 1.61]
['2020-03-11', 1.668, 1.78, 1.55, 1.713]
['2020-03-12', 1.69, 1.69, 1.55, 1.56]
['2020-03-13', 1.57, 1.586, 1.57, 1.57]
['2020-03-16', 1.52, 1.52, 1.353, 1.353]
['2020-03-17', 1.42, 1.42, 1.3, 1.31]
['2020-03-18', 1.25, 1.25, 1.01, 1.14]
['2020-03-19', 1.137, 1.43, 1.08, 1.256]
['2020-03-20', 1.25, 1.395, 1.2, 1.25]
['2020-03-23', 1.2, 1.2, 1.08, 1.19]
['2020-03-24', 1.25, 1.72, 1.23, 1.385]
['2020-03-25', 1.493, 1.561, 1.23, 1.46]
['2020-03-26', 1.4, 1.55, 1.395, 1.45]
['2020-03-27', 1.51, 1.51, 1.13, 1.32]
['2020-03-30', 1.35, 1.43, 1.32, 1.32]
['2020-03-31', 1.37, 1.534, 1.26, 1.26]
['2020-04-01', 1.3, 1.33, 1.275, 1.33]
['2020-04-02', 1.38, 1.45, 1.28, 1.28]
['2020-04-03', 1.51, 1.51, 1.265, 1.35]
['2020-04-06', 1.31, 1.4, 1.3, 1.3]
['2020-04-07', 1.263, 1.28, 1.25, 1.28]
['2020-04-08', 1.22, 1.281, 1.22, 1.256]
['2020-04-09', 1.206, 1.28, 1.206, 1.27]
['2020-04-13', 1.26, 1.28, 1.25, 1.264]
['2020-04-14', 1.28, 1.28, 1.266, 1.266]
['2020-04-15', 1.26, 1.26, 1.205, 1.244]
['2020-04-16', 1.252, 1.29, 1.06, 1.16]
['2020-04-17', 1.18, 1.24, 1.05, 1.13]
['2020-04-20', 1.23, 1.24, 1.11, 1.13]
['2020-04-21', 1.152, 1.24, 1.14, 1.18]
['2020-04-22', 1.18, 1.18, 1.11, 1.15]
['2020-04-23', 1.12, 1.18, 1.12, 1.154]
['2020-04-24', 1.18, 1.191, 1.15, 1.19]
['2020-04-27', 1.19, 1.3, 1.17, 1.22]
['2020-04-28', 1.21, 1.26, 1.21, 1.23]
['2020-04-29', 1.23, 1.44, 1.23, 1.27]
['2020-04-30', 1.34, 1.41, 1.32, 1.32]
['2020-05-01', 1.37, 1.37, 1.341, 1.346]
['2020-05-04', 1.35, 1.404, 1.262, 1.352]
['2020-05-05', 1.38, 1.38, 1.33, 1.34]
['2020-05-06', 1.296, 1.389, 1.26, 1.3]
['2020-05-07', 1.3, 1.3, 1.27, 1.3]
['2020-05-08', 1.3, 1.35, 1.19, 1.25]
['2020-05-11', 1.25, 1.38, 1.25, 1.25]
['2020-05-12', 1.3, 1.3, 1.25, 1.25]
['2020-05-13', 1.25, 1.276, 1.17, 1.23]
['2020-05-14', 1.2, 1.281, 1.2, 1.21]
['2020-05-15', 1.25, 1.25, 1.23, 1.24]
['2020-05-18', 1.251, 1.27, 1.25, 1.26]
['2020-05-19', 1.26, 1.276, 1.209, 1.22]
['2020-05-20', 1.27, 1.27, 1.2, 1.24]
['2020-05-21', 1.21, 1.25, 1.2, 1.2]
['2020-05-22', 1.21, 1.25, 1.2, 1.25]
['2020-05-26', 1.26, 1.59, 1.13, 1.17]
['2020-05-27', 1.26, 1.375, 1.12, 1.12]
['2020-05-28', 1.1, 1.175, 1.09, 1.09]
['2020-05-29', 1.14, 1.146, 1.05, 1.05]
['2020-06-01', 1.075, 1.13, 1.05, 1.12]
['2020-06-02', 1.8, 2.14, 1.35, 1.63]
['2020-06-03', 1.57, 1.6, 1.35, 1.51]
['2020-06-04', 1.47, 1.47, 1.3, 1.35]
['2020-06-05', 1.42, 1.65, 1.32, 1.51]
