['2019-08-14', 3.62, 3.77, 3.24, 3.5]
['2019-08-15', 3.36, 3.58, 3.36, 3.47]
['2019-08-16', 3.47, 3.53, 3.36, 3.5]
['2019-08-19', 3.39, 3.5, 3.35, 3.37]
['2019-08-20', 3.41, 3.97, 3.31, 3.31]
['2019-08-21', 3.69, 3.7, 3.4, 3.4]
['2019-08-22', 3.5, 3.69, 3.48, 3.55]
['2019-08-23', 3.49, 3.49, 3.4, 3.45]
['2019-08-26', 3.37, 3.59, 3.37, 3.57]
['2019-08-27', 3.4, 3.6, 3.4, 3.6]
['2019-08-28', 3.36, 3.75, 3.36, 3.74]
['2019-08-29', 3.87, 3.95, 3.75, 3.88]
['2019-08-30', 4.0, 4.0, 3.66, 3.92]
['2019-09-03', 3.73, 3.98, 3.73, 3.97]
['2019-09-04', 3.73, 3.98, 3.73, 3.83]
['2019-09-05', 3.98, 4.01, 3.89, 3.99]
['2019-09-06', 4.0, 4.04, 3.9, 4.01]
['2019-09-09', 4.02, 4.2, 3.78, 4.06]
['2019-09-10', 4.11, 4.44, 4.11, 4.39]
['2019-09-11', 4.26, 4.85, 4.26, 4.85]
['2019-09-12', 5.0, 5.1, 4.73, 4.87]
['2019-09-13', 4.89, 5.2, 4.74, 4.8]
['2019-09-16', 4.89, 4.99, 4.52, 4.89]
['2019-09-17', 4.99, 5.01, 4.85, 4.95]
['2019-09-18', 5.45, 5.5, 4.93, 5.06]
['2019-09-19', 5.32, 5.32, 4.8, 4.85]
['2019-09-20', 4.85, 5.33, 4.85, 4.94]
['2019-09-23', 4.95, 5.86, 4.95, 5.11]
['2019-09-24', 5.3, 5.46, 5.11, 5.14]
['2019-09-25', 5.14, 5.33, 5.14, 5.14]
['2019-09-26', 5.34, 5.34, 4.81, 5.09]
['2019-09-27', 4.93, 5.07, 4.81, 5.0]
['2019-09-30', 4.97, 5.19, 4.85, 5.06]
['2019-10-01', 5.05, 5.08, 4.5, 4.51]
['2019-10-02', 4.51, 4.6, 4.32, 4.32]
['2019-10-03', 4.32, 4.36, 4.01, 4.3]
['2019-10-04', 4.18, 4.61, 4.06, 4.16]
['2019-10-07', 4.1, 4.23, 4.01, 4.11]
['2019-10-08', 4.01, 4.16, 4.01, 4.16]
['2019-10-09', 4.1, 4.22, 4.1, 4.15]
['2019-10-10', 4.2, 4.39, 4.05, 4.1]
['2019-10-11', 4.29, 4.29, 4.15, 4.15]
['2019-10-14', 4.22, 4.22, 4.05, 4.11]
['2019-10-15', 4.1, 4.35, 4.1, 4.33]
['2019-10-16', 4.22, 4.55, 4.15, 4.55]
['2019-10-17', 4.56, 4.56, 4.2, 4.26]
['2019-10-18', 4.25, 4.48, 4.06, 4.13]
['2019-10-21', 4.31, 4.31, 4.12, 4.17]
['2019-10-22', 4.29, 4.29, 4.17, 4.18]
['2019-10-23', 4.17, 4.5, 4.17, 4.22]
['2019-10-24', 4.18, 4.25, 4.12, 4.13]
['2019-10-25', 4.13, 4.25, 4.12, 4.12]
['2019-10-28', 4.3, 4.3, 4.12, 4.16]
['2019-10-29', 4.13, 4.26, 4.13, 4.13]
['2019-10-30', 4.11, 4.15, 3.88, 3.88]
['2019-10-31', 3.75, 4.05, 3.75, 3.93]
['2019-11-01', 3.8, 4.08, 3.8, 3.93]
['2019-11-04', 3.91, 4.04, 3.9, 3.95]
['2019-11-05', 4.0, 4.0, 3.71, 3.8]
['2019-11-06', 3.78, 3.8, 3.7, 3.78]
['2019-11-07', 3.72, 4.08, 3.72, 3.87]
['2019-11-08', 3.94, 3.95, 3.81, 3.87]
['2019-11-11', 3.87, 3.87, 3.87, 3.87]
['2019-11-12', 3.96, 4.1, 3.91, 4.1]
['2019-11-13', 4.4, 4.4, 3.97, 3.99]
['2019-11-14', 3.96, 4.0, 3.96, 3.99]
['2019-11-15', 3.96, 4.0, 3.96, 3.96]
['2019-11-18', 4.03, 4.37, 3.6, 3.65]
['2019-11-19', 4.07, 4.07, 3.66, 3.82]
['2019-11-20', 3.93, 3.98, 3.65, 3.71]
['2019-11-21', 4.0, 4.0, 3.36, 3.6]
['2019-11-22', 3.9, 3.9, 3.55, 3.72]
['2019-11-25', 3.7, 3.8, 3.56, 3.71]
['2019-11-26', 3.77, 3.77, 3.64, 3.7]
['2019-11-27', 3.84, 3.97, 3.75, 3.8]
['2019-11-29', 3.85, 4.1, 3.8, 4.04]
['2019-12-02', 4.02, 4.06, 3.81, 3.9]
['2019-12-03', 3.86, 3.97, 3.7, 3.88]
['2019-12-04', 3.81, 3.85, 3.77, 3.8]
['2019-12-05', 3.94, 4.02, 3.85, 3.9]
['2020-02-12', 5.28, 5.61, 5.23, 5.61]
['2020-02-13', 5.6, 6.33, 5.31, 6.1]
['2020-02-14', 6.1, 6.1, 5.6, 5.84]
['2020-02-18', 5.99, 5.99, 5.5, 5.86]
['2020-02-19', 5.52, 5.87, 5.52, 5.8]
['2020-02-20', 5.62, 5.74, 5.19, 5.5]
['2020-02-21', 5.35, 5.61, 5.3, 5.52]
['2020-02-24', 5.41, 5.5, 5.3, 5.45]
['2020-02-25', 5.46, 5.48, 5.31, 5.32]
['2020-02-26', 5.26, 5.36, 5.2, 5.2]
['2020-02-27', 5.14, 5.15, 4.92, 5.12]
['2020-02-28', 5.0, 5.0, 4.8, 4.92]
['2020-03-02', 4.86, 5.19, 4.86, 5.1]
['2020-03-03', 5.13, 5.15, 4.82, 5.06]
['2020-03-04', 5.1, 5.15, 4.84, 4.98]
['2020-03-05', 4.96, 5.01, 4.65, 4.77]
['2020-03-06', 4.57, 4.88, 4.57, 4.8]
['2020-03-09', 4.63, 4.74, 4.22, 4.33]
['2020-03-10', 4.5, 4.7, 4.3, 4.56]
['2020-03-11', 4.55, 4.74, 4.38, 4.38]
['2020-03-12', 4.02, 4.4, 3.94, 4.03]
['2020-03-13', 4.15, 4.49, 4.15, 4.3]
['2020-03-16', 4.2, 4.24, 3.71, 3.99]
['2020-03-17', 4.1, 4.11, 3.52, 3.69]
['2020-03-18', 3.63, 3.96, 3.15, 3.37]
['2020-03-19', 3.25, 3.68, 3.25, 3.56]
['2020-03-20', 3.67, 3.76, 3.29, 3.33]
['2020-03-23', 3.05, 3.43, 2.86, 3.39]
['2020-03-24', 3.4, 3.64, 3.21, 3.47]
['2020-03-25', 3.38, 3.59, 3.0, 3.42]
['2020-03-26', 3.52, 3.99, 3.52, 3.86]
['2020-03-27', 3.9, 4.0, 3.49, 3.66]
['2020-03-30', 3.45, 3.65, 3.18, 3.46]
['2020-03-31', 3.83, 3.88, 3.49, 3.58]
['2020-04-01', 3.76, 3.76, 3.1, 3.18]
['2020-04-02', 3.1, 3.51, 3.1, 3.32]
['2020-04-03', 3.35, 3.45, 3.17, 3.28]
['2020-04-06', 3.28, 3.71, 3.27, 3.43]
['2020-04-07', 3.53, 3.53, 3.26, 3.48]
['2020-04-08', 3.61, 3.95, 3.43, 3.9]
['2020-04-09', 3.97, 3.97, 3.38, 3.38]
['2020-04-13', 3.75, 3.87, 3.58, 3.71]
['2020-04-14', 3.79, 3.91, 3.56, 3.84]
['2020-04-15', 3.83, 3.9, 3.62, 3.84]
['2020-04-16', 3.9, 3.9, 3.53, 3.53]
['2020-04-17', 3.45, 3.7, 3.42, 3.51]
['2020-04-20', 3.65, 3.84, 3.6, 3.73]
['2020-04-21', 3.71, 3.75, 3.44, 3.63]
['2020-04-22', 3.48, 3.73, 3.41, 3.69]
['2020-04-23', 3.73, 3.8, 3.67, 3.74]
['2020-04-24', 3.73, 3.73, 3.5, 3.5]
['2020-04-27', 3.51, 3.75, 3.51, 3.72]
['2020-04-28', 3.72, 3.76, 3.52, 3.55]
['2020-04-29', 3.62, 3.85, 3.58, 3.85]
['2020-04-30', 3.84, 3.91, 3.64, 3.76]
['2020-05-01', 3.68, 3.82, 3.55, 3.55]
['2020-05-04', 3.55, 3.63, 3.39, 3.4]
['2020-05-05', 3.6, 3.83, 3.44, 3.44]
['2020-05-06', 3.67, 3.71, 3.45, 3.67]
['2020-05-07', 3.71, 3.84, 3.66, 3.69]
['2020-05-08', 3.75, 3.84, 3.63, 3.63]
['2020-05-11', 3.79, 3.79, 3.62, 3.62]
['2020-05-12', 3.58, 3.69, 3.5, 3.5]
['2020-05-13', 3.4, 3.4, 2.9, 3.17]
['2020-05-14', 3.05, 3.18, 3.0, 3.18]
['2020-05-15', 3.04, 3.19, 3.02, 3.08]
['2020-05-18', 3.15, 3.2, 3.11, 3.11]
['2020-05-19', 3.14, 3.25, 3.1, 3.15]
['2020-05-20', 3.23, 3.23, 3.13, 3.2]
['2020-05-21', 3.23, 3.93, 3.21, 3.8]
['2020-05-22', 3.71, 4.11, 3.71, 4.1]
['2020-05-26', 4.2, 4.6, 4.01, 4.28]
['2020-05-27', 4.28, 4.29, 3.76, 3.76]
['2020-05-28', 3.81, 4.47, 3.68, 4.19]
['2020-05-29', 4.22, 4.22, 4.0, 4.07]
['2020-06-01', 4.07, 4.53, 4.03, 4.11]
['2020-06-02', 4.19, 4.19, 4.0, 4.09]
['2020-06-03', 4.31, 4.41, 4.05, 4.13]
['2020-06-04', 4.48, 4.48, 4.14, 4.24]
['2020-06-05', 4.32, 4.4, 4.16, 4.27]
