['2014-01-17', 252.0, 267.75, 246.75, 257.25]
['2014-01-21', 266.7, 286.65, 266.7, 278.25]
['2014-01-22', 288.75, 288.75, 262.5, 278.25]
['2014-01-23', 267.75, 278.25, 248.85, 248.85]
['2014-01-24', 250.43, 278.25, 249.38, 266.7]
['2014-01-27', 273.0, 283.5, 267.75, 273.0]
['2014-01-28', 273.0, 273.0, 257.25, 262.5]
['2014-01-29', 277.2, 277.2, 259.35, 273.0]
['2014-01-30', 273.0, 276.15, 256.2, 256.2]
['2014-01-31', 257.25, 288.75, 252.0, 257.25]
['2014-02-03', 267.75, 267.75, 237.3, 246.75]
['2014-02-04', 241.5, 252.0, 241.5, 252.0]
['2014-02-05', 252.0, 262.5, 240.45, 262.5]
['2014-02-06', 262.5, 320.25, 241.5, 308.7]
['2014-02-07', 315.0, 357.0, 315.0, 333.9]
['2014-02-10', 341.25, 341.25, 273.0, 315.0]
['2014-02-11', 336.0, 336.0, 309.75, 312.9]
['2014-02-12', 336.0, 336.0, 289.8, 315.0]
['2014-02-13', 315.0, 320.25, 299.25, 315.0]
['2014-02-14', 315.0, 366.45, 294.0, 299.25]
['2014-02-18', 341.25, 341.25, 299.25, 315.0]
['2014-02-19', 316.05, 357.0, 316.05, 346.5]
['2014-02-20', 355.95, 435.75, 351.75, 400.05]
['2014-02-21', 409.5, 565.95, 404.25, 544.95]
['2014-02-24', 650.47, 863.1, 598.5, 803.25]
['2014-02-25', 771.75, 771.75, 616.35, 625.8]
['2014-02-26', 676.2, 706.65, 627.9, 672.0]
['2014-02-27', 698.25, 729.75, 682.5, 682.5]
['2014-02-28', 684.6, 684.6, 614.25, 630.0]
['2014-03-03', 615.3, 617.4, 367.5, 557.55]
['2014-03-04', 582.75, 582.75, 540.75, 540.75]
['2014-03-05', 548.1, 579.6, 540.75, 567.0]
['2014-03-06', 577.5, 623.7, 573.3, 605.85]
['2014-03-07', 605.33, 605.85, 542.85, 567.0]
['2014-03-10', 567.0, 577.5, 530.25, 543.9]
['2014-03-11', 535.5, 543.9, 493.5, 509.25]
['2014-03-12', 509.25, 509.25, 452.55, 476.7]
['2014-03-13', 475.65, 496.65, 465.15, 472.5]
['2014-03-14', 465.15, 476.7, 464.1, 464.1]
['2014-03-17', 477.75, 497.7, 462.0, 467.25]
['2014-03-18', 473.55, 525.0, 472.5, 522.9]
['2014-03-19', 530.25, 530.25, 451.5, 467.25]
['2014-03-20', 468.3, 468.3, 425.25, 446.25]
['2014-03-21', 446.25, 446.25, 395.85, 408.45]
['2014-03-24', 414.75, 420.0, 349.65, 374.85]
['2014-03-25', 369.6, 374.85, 341.25, 361.2]
['2014-03-26', 343.35, 392.7, 342.3, 343.35]
['2014-03-27', 343.35, 358.05, 315.0, 346.5]
['2014-03-28', 367.5, 383.25, 336.0, 346.5]
['2014-03-31', 357.0, 357.0, 325.5, 334.95]
['2014-04-01', 326.02, 355.95, 322.35, 340.2]
['2014-04-02', 346.5, 355.95, 322.35, 330.75]
['2014-04-03', 327.6, 344.4, 323.4, 325.5]
['2014-04-04', 333.9, 336.0, 315.0, 315.0]
['2014-04-07', 316.05, 319.2, 281.4, 283.5]
['2014-04-08', 285.6, 289.8, 273.0, 273.0]
['2014-04-09', 278.25, 278.25, 262.5, 263.55]
['2014-04-10', 260.4, 269.85, 242.55, 263.55]
['2014-04-11', 266.7, 266.7, 235.2, 238.35]
['2014-04-14', 238.35, 259.35, 237.3, 242.55]
['2014-04-15', 249.9, 249.9, 236.25, 245.7]
['2014-04-16', 267.75, 267.75, 243.6, 257.25]
['2014-04-17', 259.35, 281.4, 257.25, 278.25]
['2014-04-21', 283.5, 292.95, 264.6, 265.65]
['2014-04-22', 267.75, 283.5, 265.65, 281.4]
['2014-04-23', 294.0, 298.2, 287.7, 294.0]
['2014-04-24', 312.9, 370.65, 305.55, 367.5]
['2014-04-25', 369.6, 369.6, 320.25, 325.5]
['2014-04-28', 330.75, 330.75, 288.75, 298.2]
['2014-04-29', 300.3, 304.5, 283.5, 294.0]
['2014-04-30', 299.25, 299.25, 283.5, 299.25]
['2014-05-01', 304.5, 304.5, 285.6, 294.0]
['2014-05-02', 294.0, 294.0, 284.55, 286.65]
['2014-05-05', 291.9, 291.9, 274.05, 277.2]
['2014-05-06', 280.35, 304.5, 279.3, 297.15]
['2014-05-07', 297.15, 298.2, 275.1, 275.1]
['2014-05-08', 276.15, 285.6, 257.25, 273.0]
['2014-05-09', 257.25, 278.25, 237.3, 261.45]
['2014-05-12', 261.45, 261.45, 239.4, 241.5]
['2014-05-13', 243.6, 250.95, 243.6, 247.8]
['2014-05-14', 255.15, 262.5, 252.0, 256.2]
['2014-05-15', 258.3, 258.3, 252.0, 255.15]
['2014-05-16', 256.2, 256.2, 246.75, 252.0]
['2014-05-19', 256.2, 260.4, 256.2, 256.2]
['2014-05-20', 252.0, 253.05, 241.5, 241.5]
['2014-05-21', 241.5, 246.75, 225.75, 225.75]
['2014-05-22', 225.75, 241.5, 225.75, 235.2]
['2014-05-23', 235.2, 242.55, 222.6, 235.2]
['2014-05-27', 236.25, 236.25, 224.7, 231.0]
['2014-05-28', 235.2, 241.5, 235.2, 241.5]
['2014-05-29', 246.75, 256.2, 241.5, 244.65]
['2014-05-30', 252.0, 273.0, 250.95, 273.0]
['2014-06-02', 273.0, 328.65, 267.75, 299.25]
['2014-06-03', 301.88, 304.5, 294.0, 294.0]
['2014-06-04', 294.0, 294.0, 279.3, 292.95]
['2014-06-05', 294.0, 311.85, 280.35, 304.5]
['2014-06-06', 283.5, 304.5, 261.45, 299.25]
['2014-06-09', 304.5, 306.6, 273.0, 299.25]
['2014-06-10', 275.1, 298.2, 275.1, 283.5]
['2014-06-11', 283.5, 283.5, 278.25, 282.45]
['2014-06-12', 282.45, 294.0, 257.25, 282.45]
['2014-06-13', 283.5, 296.1, 252.0, 283.5]
['2014-06-16', 270.9, 270.9, 237.3, 241.5]
['2014-06-17', 237.3, 254.1, 237.3, 239.4]
['2014-06-18', 238.35, 245.7, 219.45, 229.95]
['2014-06-19', 225.75, 265.65, 225.75, 234.15]
['2014-06-20', 227.85, 241.5, 227.85, 237.3]
['2014-06-23', 227.85, 227.85, 153.3, 176.4]
['2014-06-24', 181.65, 181.65, 156.45, 164.43]
['2014-06-25', 168.0, 180.6, 162.75, 173.25]
['2014-06-26', 174.3, 176.4, 157.5, 168.0]
['2014-06-27', 168.0, 177.45, 155.4, 163.8]
['2014-06-30', 168.0, 171.15, 154.35, 154.35]
['2014-07-01', 155.93, 159.6, 141.75, 154.35]
['2014-07-02', 155.4, 157.5, 149.1, 153.3]
['2014-07-03', 156.45, 159.6, 148.05, 149.1]
['2014-07-07', 152.25, 166.95, 152.25, 159.6]
['2014-07-08', 162.75, 171.15, 154.35, 154.35]
['2014-07-09', 157.5, 157.5, 143.85, 149.1]
['2014-07-10', 152.25, 157.5, 143.85, 152.25]
['2014-07-11', 154.35, 158.55, 148.05, 155.4]
['2014-07-14', 152.25, 156.45, 131.25, 141.75]
['2014-07-15', 143.85, 145.95, 137.55, 141.75]
['2014-07-16', 144.9, 144.9, 139.65, 141.75]
['2014-07-17', 144.9, 151.2, 141.75, 144.9]
['2014-07-18', 147.0, 150.15, 142.8, 142.8]
['2014-07-21', 145.95, 152.25, 142.8, 142.8]
['2014-07-22', 147.0, 149.1, 144.9, 145.95]
['2014-07-23', 145.95, 149.1, 145.43, 148.05]
['2014-07-24', 147.0, 149.1, 142.8, 144.9]
['2014-07-25', 145.95, 145.95, 141.75, 141.75]
['2014-07-28', 141.75, 147.0, 138.6, 139.65]
['2014-07-29', 142.8, 143.85, 136.5, 137.55]
['2014-07-30', 140.7, 140.7, 120.75, 136.5]
['2014-07-31', 132.3, 133.88, 124.95, 128.1]
['2014-08-01', 130.2, 130.2, 123.9, 126.0]
['2014-08-04', 136.5, 136.5, 126.0, 126.0]
['2014-08-05', 127.05, 129.15, 122.85, 123.9]
['2014-08-06', 124.95, 128.1, 120.75, 124.95]
['2014-08-07', 126.0, 126.0, 117.6, 120.75]
['2014-08-08', 119.7, 119.7, 104.47, 107.1]
['2014-08-11', 120.75, 120.75, 108.15, 108.15]
['2014-08-12', 110.78, 117.6, 107.1, 115.5]
['2014-08-13', 115.5, 119.7, 111.3, 112.35]
['2014-08-14', 115.5, 118.96, 113.4, 114.45]
['2014-08-15', 113.4, 120.75, 111.3, 120.75]
['2014-08-18', 119.18, 120.75, 111.3, 115.5]
['2014-08-19', 120.75, 120.75, 110.25, 113.4]
['2014-08-20', 115.5, 119.7, 111.3, 112.35]
['2014-08-21', 119.18, 119.7, 108.15, 108.15]
['2014-08-22', 113.4, 115.5, 109.2, 110.25]
['2014-08-25', 109.72, 114.45, 107.1, 112.35]
['2014-08-26', 111.3, 115.5, 107.1, 108.15]
['2014-08-27', 107.1, 108.15, 98.7, 105.0]
['2014-08-28', 108.15, 108.15, 97.65, 99.75]
['2014-08-29', 99.75, 122.85, 98.7, 122.85]
['2014-09-02', 124.95, 130.2, 110.46, 111.3]
['2014-09-03', 115.5, 115.5, 103.43, 105.0]
['2014-09-04', 104.47, 120.75, 101.85, 107.1]
['2014-09-05', 112.35, 127.05, 101.85, 124.95]
['2014-09-08', 126.0, 132.3, 108.15, 110.25]
['2014-09-09', 110.25, 110.25, 100.8, 101.85]
['2014-09-10', 102.9, 110.25, 102.9, 103.95]
['2014-09-11', 108.15, 113.4, 95.55, 101.85]
['2014-09-12', 105.0, 133.35, 80.85, 123.9]
['2014-09-15', 131.77, 139.65, 97.12, 103.95]
['2014-09-16', 105.0, 106.05, 92.4, 94.61]
['2014-09-17', 100.28, 112.35, 97.75, 102.9]
['2014-09-18', 107.1, 107.1, 95.55, 97.12]
['2014-09-19', 96.07, 99.75, 92.93, 97.65]
['2014-09-22', 96.39, 97.65, 89.25, 90.3]
['2014-09-23', 92.19, 96.6, 90.3, 92.4]
['2014-09-24', 94.5, 94.5, 89.25, 92.93]
['2014-09-25', 93.45, 93.45, 81.58, 86.62]
['2014-09-26', 87.68, 87.68, 82.11, 82.95]
['2014-09-29', 84.53, 92.93, 82.95, 87.15]
['2014-09-30', 90.82, 93.45, 85.05, 88.2]
['2014-10-01', 88.2, 88.31, 79.07, 79.8]
['2014-10-02', 91.88, 105.0, 83.47, 103.95]
['2014-10-03', 106.57, 112.35, 101.11, 111.3]
['2014-10-06', 114.97, 160.65, 112.35, 150.15]
['2014-10-07', 154.88, 168.0, 141.75, 156.45]
['2014-10-08', 162.75, 162.75, 131.25, 140.7]
['2014-10-09', 140.7, 161.7, 136.5, 144.9]
['2014-10-10', 145.95, 156.45, 132.3, 136.5]
['2014-10-13', 136.5, 141.75, 127.05, 132.3]
['2014-10-14', 128.1, 132.3, 111.3, 118.65]
['2014-10-15', 119.7, 128.1, 109.2, 128.1]
['2014-10-16', 129.15, 136.5, 127.05, 131.25]
['2014-10-17', 140.7, 172.2, 135.45, 159.6]
['2014-10-20', 166.43, 166.95, 153.3, 160.65]
['2014-10-21', 162.75, 166.95, 149.1, 154.35]
['2014-10-22', 152.77, 153.3, 141.75, 144.9]
['2014-10-23', 150.15, 150.15, 130.2, 137.55]
['2014-10-24', 139.65, 141.75, 129.15, 136.5]
['2014-10-27', 145.95, 153.3, 141.75, 148.05]
['2014-10-28', 152.77, 154.35, 144.9, 147.0]
['2014-10-29', 151.2, 153.3, 147.0, 149.1]
['2014-10-30', 151.2, 151.2, 141.75, 144.9]
['2014-10-31', 150.15, 150.15, 142.8, 143.85]
['2014-11-03', 149.62, 150.15, 142.8, 144.9]
['2014-11-04', 145.95, 148.05, 143.85, 143.85]
['2014-11-05', 143.85, 164.85, 143.85, 155.4]
['2014-11-06', 155.4, 158.55, 148.05, 152.25]
['2014-11-07', 153.3, 183.75, 152.25, 180.6]
['2014-11-10', 185.32, 211.05, 178.5, 194.25]
['2014-11-11', 195.82, 196.35, 179.55, 181.65]
['2014-11-12', 182.7, 198.45, 175.35, 191.1]
['2014-11-13', 194.25, 207.9, 193.2, 200.55]
['2014-11-14', 202.65, 205.8, 186.9, 192.15]
['2014-11-17', 196.88, 199.5, 183.75, 183.75]
['2014-11-18', 190.05, 194.25, 184.8, 184.8]
['2014-11-19', 191.1, 191.1, 180.6, 183.75]
['2014-11-20', 185.85, 185.85, 169.05, 169.05]
['2014-11-21', 171.15, 171.15, 152.25, 158.55]
['2014-11-24', 149.62, 183.75, 147.0, 183.75]
['2014-11-25', 182.7, 187.95, 168.0, 176.4]
['2014-11-26', 178.5, 178.5, 163.8, 175.35]
['2014-11-28', 176.4, 177.45, 166.95, 176.4]
['2014-12-01', 165.38, 176.4, 159.6, 162.75]
['2014-12-02', 161.7, 162.75, 157.5, 158.55]
['2014-12-03', 158.55, 162.75, 152.77, 156.45]
['2014-12-04', 155.4, 162.75, 155.4, 157.5]
['2014-12-05', 155.93, 168.0, 155.93, 157.5]
['2014-12-08', 168.0, 168.0, 155.4, 162.75]
['2014-12-09', 158.55, 168.0, 144.9, 161.7]
['2014-12-10', 160.65, 162.75, 158.55, 161.7]
['2014-12-11', 162.75, 162.75, 149.1, 151.2]
['2014-12-12', 152.25, 158.55, 151.2, 155.4]
['2014-12-15', 153.3, 154.35, 141.75, 141.75]
['2014-12-16', 142.27, 143.85, 118.65, 120.75]
['2014-12-17', 110.25, 131.25, 110.25, 129.15]
['2014-12-18', 131.25, 134.4, 121.8, 130.2]
['2014-12-19', 130.2, 151.2, 114.45, 151.2]
['2014-12-22', 157.5, 159.6, 131.25, 132.3]
['2014-12-23', 132.3, 145.43, 127.15, 137.55]
['2014-12-24', 138.6, 144.9, 136.5, 143.85]
['2014-12-26', 144.9, 152.25, 143.85, 151.2]
['2014-12-29', 154.35, 154.35, 143.85, 144.9]
['2014-12-30', 149.1, 153.3, 144.9, 148.05]
['2014-12-31', 148.05, 151.2, 141.75, 142.8]
['2015-01-02', 147.0, 149.1, 142.8, 143.85]
['2015-01-05', 143.85, 147.0, 133.35, 141.75]
['2015-01-06', 141.75, 152.25, 138.6, 138.6]
['2015-01-07', 142.8, 142.8, 138.6, 140.7]
['2015-01-08', 141.75, 145.95, 140.7, 141.75]
['2015-01-09', 142.8, 152.25, 142.8, 150.15]
['2015-01-12', 150.15, 152.25, 143.85, 147.0]
['2015-01-13', 145.95, 147.0, 120.75, 132.3]
['2015-01-14', 127.57, 137.55, 127.05, 134.4]
['2015-01-15', 132.3, 139.23, 132.3, 134.4]
['2015-01-16', 138.6, 138.6, 134.4, 135.45]
['2015-01-20', 137.55, 143.85, 136.5, 142.49]
['2015-01-21', 144.38, 144.9, 137.55, 139.44]
['2015-01-22', 139.65, 143.85, 131.25, 134.4]
['2015-01-23', 132.3, 135.45, 130.2, 130.2]
['2015-01-26', 130.2, 134.4, 130.2, 131.25]
['2015-01-27', 131.25, 131.25, 126.0, 126.94]
['2015-01-28', 126.0, 132.3, 122.85, 124.74]
['2015-01-29', 124.43, 126.0, 121.8, 121.8]
['2015-01-30', 123.9, 152.25, 120.75, 147.0]
['2015-02-02', 152.77, 157.5, 147.0, 152.25]
['2015-02-03', 153.82, 154.35, 142.8, 147.0]
['2015-02-04', 147.0, 151.2, 142.8, 144.38]
['2015-02-05', 149.1, 149.1, 143.85, 145.95]
['2015-02-06', 147.0, 152.25, 143.85, 147.0]
['2015-02-09', 151.2, 151.2, 143.85, 144.9]
['2015-02-10', 143.85, 145.95, 139.65, 139.65]
['2015-02-11', 139.65, 147.0, 137.55, 137.55]
['2015-02-12', 143.85, 143.85, 134.4, 136.5]
['2015-02-13', 139.65, 139.65, 134.4, 139.65]
['2015-02-17', 141.75, 142.8, 134.4, 134.4]
['2015-02-18', 134.4, 147.0, 134.4, 145.95]
['2015-02-19', 141.75, 143.85, 138.49, 138.6]
['2015-02-20', 137.55, 140.7, 136.5, 137.55]
['2015-02-23', 140.18, 140.7, 133.35, 133.35]
['2015-02-24', 134.4, 136.5, 131.25, 132.3]
['2015-02-25', 138.6, 138.6, 132.3, 132.3]
['2015-02-26', 134.4, 136.5, 131.25, 133.35]
['2015-02-27', 132.3, 135.55, 130.2, 135.55]
['2015-03-02', 136.5, 136.5, 133.35, 134.4]
['2015-03-03', 134.4, 134.4, 130.2, 131.25]
['2015-03-04', 131.25, 132.3, 128.1, 128.1]
['2015-03-05', 132.3, 134.4, 129.15, 132.3]
['2015-03-06', 132.3, 136.5, 131.25, 134.4]
['2015-03-09', 135.45, 135.45, 129.15, 129.15]
['2015-03-10', 131.25, 136.5, 128.1, 128.1]
['2015-03-11', 130.2, 131.25, 129.15, 130.2]
['2015-03-12', 130.2, 131.25, 128.1, 129.15]
['2015-03-13', 129.68, 137.55, 127.05, 135.45]
['2015-03-16', 138.6, 155.4, 136.5, 136.5]
['2015-03-17', 138.6, 142.8, 136.5, 140.7]
['2015-03-18', 138.6, 138.6, 124.95, 128.62]
['2015-03-19', 131.25, 133.35, 128.1, 128.1]
['2015-03-20', 131.25, 132.3, 128.1, 130.2]
['2015-03-23', 131.77, 132.3, 130.2, 131.25]
['2015-03-24', 132.3, 135.45, 129.15, 129.15]
['2015-03-25', 133.88, 136.5, 132.3, 132.3]
['2015-03-26', 133.35, 138.6, 128.1, 137.55]
['2015-03-27', 137.02, 152.25, 137.02, 145.95]
['2015-03-30', 152.25, 168.0, 152.25, 153.3]
['2015-03-31', 156.45, 162.75, 155.4, 162.75]
['2015-04-01', 163.8, 245.7, 162.75, 208.95]
['2015-04-02', 226.27, 235.2, 210.0, 219.45]
['2015-04-06', 228.38, 228.9, 178.5, 196.35]
['2015-04-07', 197.93, 199.5, 177.45, 196.35]
['2015-04-08', 199.5, 202.65, 195.3, 201.6]
['2015-04-09', 207.9, 214.2, 195.3, 208.95]
['2015-04-10', 210.52, 214.2, 199.5, 203.7]
['2015-04-13', 207.9, 215.25, 204.75, 211.05]
['2015-04-14', 214.2, 215.25, 207.9, 211.05]
['2015-04-15', 212.1, 214.2, 204.75, 208.95]
['2015-04-16', 208.95, 211.05, 204.75, 204.75]
['2015-04-17', 205.8, 210.0, 199.5, 206.85]
['2015-04-20', 208.95, 211.05, 202.65, 202.65]
['2015-04-21', 206.85, 207.9, 197.4, 197.4]
['2015-04-22', 189.52, 193.2, 168.0, 177.45]
['2015-04-23', 183.75, 184.8, 176.4, 177.45]
['2015-04-24', 177.45, 178.5, 171.15, 171.15]
['2015-04-27', 170.1, 182.18, 168.0, 176.4]
['2015-04-28', 173.77, 176.4, 168.0, 172.2]
['2015-04-29', 172.2, 173.25, 165.9, 166.95]
['2015-04-30', 172.2, 180.6, 169.05, 172.2]
['2015-05-01', 173.25, 176.4, 165.9, 170.1]
['2015-05-04', 170.1, 175.35, 168.0, 168.0]
['2015-05-05', 169.05, 176.4, 168.0, 172.2]
['2015-05-06', 171.15, 174.3, 168.0, 169.05]
['2015-05-07', 169.05, 173.25, 165.9, 171.15]
['2015-05-08', 172.2, 173.25, 162.75, 163.8]
['2015-05-11', 164.32, 165.9, 143.85, 147.0]
['2015-05-12', 149.62, 154.35, 147.0, 148.05]
['2015-05-13', 148.05, 197.4, 148.05, 185.85]
['2015-05-14', 195.82, 203.7, 185.85, 196.35]
['2015-05-15', 197.4, 197.4, 180.6, 184.8]
['2015-05-18', 192.15, 207.9, 186.9, 200.55]
['2015-05-19', 201.6, 205.8, 191.1, 202.65]
['2015-05-20', 205.8, 219.45, 202.65, 210.0]
['2015-05-21', 211.05, 215.25, 208.95, 211.05]
['2015-05-22', 213.15, 214.2, 207.9, 208.95]
['2015-05-26', 208.95, 208.95, 189.0, 193.2]
['2015-05-27', 189.0, 192.15, 183.75, 183.75]
['2015-05-28', 183.75, 195.3, 179.55, 189.0]
['2015-05-29', 191.1, 194.25, 184.8, 184.8]
['2015-06-01', 185.85, 186.9, 179.55, 181.65]
['2015-06-02', 179.55, 180.71, 105.0, 142.8]
['2015-06-03', 138.6, 162.75, 127.05, 162.23]
['2015-06-04', 156.98, 159.39, 142.8, 147.0]
['2015-06-05', 144.9, 154.35, 139.65, 146.79]
['2015-06-08', 149.1, 151.2, 143.85, 145.95]
['2015-06-09', 150.15, 152.25, 144.9, 145.95]
['2015-06-10', 145.95, 150.15, 145.95, 147.0]
['2015-06-11', 148.05, 150.88, 143.85, 143.85]
['2015-06-12', 142.8, 145.95, 139.65, 140.7]
['2015-06-15', 142.27, 145.95, 138.6, 142.8]
['2015-06-16', 143.85, 144.9, 132.3, 136.5]
['2015-06-17', 137.55, 141.75, 132.3, 134.4]
['2015-06-18', 136.5, 136.5, 131.25, 133.35]
['2015-06-19', 134.4, 134.4, 131.25, 133.35]
['2015-06-22', 131.25, 138.6, 129.15, 130.73]
['2015-06-23', 131.25, 133.35, 122.85, 130.2]
['2015-06-24', 128.1, 129.15, 121.8, 124.43]
['2015-06-25', 126.0, 126.0, 115.5, 115.5]
['2015-06-26', 111.82, 115.5, 107.1, 113.4]
['2015-06-29', 113.93, 114.45, 107.1, 109.2]
['2015-06-30', 110.25, 119.7, 109.2, 118.65]
['2015-07-01', 121.8, 130.2, 116.55, 128.1]
['2015-07-02', 130.2, 131.25, 124.95, 128.1]
['2015-07-06', 134.93, 135.45, 129.15, 130.2]
['2015-07-07', 130.2, 134.4, 123.9, 128.1]
['2015-07-08', 129.15, 129.15, 120.75, 121.69]
['2015-07-09', 122.85, 126.0, 121.8, 123.38]
['2015-07-10', 122.85, 123.9, 115.5, 119.7]
['2015-07-13', 122.85, 123.9, 119.7, 120.75]
['2015-07-14', 123.9, 123.9, 115.5, 118.65]
['2015-07-15', 119.7, 119.7, 116.55, 116.55]
['2015-07-16', 117.6, 120.75, 115.5, 118.65]
['2015-07-17', 119.7, 123.9, 115.5, 116.55]
['2015-07-20', 121.8, 123.9, 118.65, 119.7]
['2015-07-21', 119.7, 122.85, 116.55, 118.65]
['2015-07-22', 117.6, 118.65, 111.3, 115.5]
['2015-07-23', 113.4, 115.5, 111.3, 113.4]
['2015-07-24', 112.35, 116.55, 103.95, 115.5]
['2015-07-27', 115.5, 116.55, 107.1, 112.35]
['2015-07-28', 114.45, 114.45, 109.2, 111.3]
['2015-07-29', 111.3, 112.35, 109.2, 111.3]
['2015-07-30', 109.72, 110.25, 107.1, 108.15]
['2015-07-31', 108.15, 111.3, 107.1, 108.15]
['2015-08-03', 109.2, 110.25, 105.0, 107.1]
['2015-08-04', 107.1, 119.7, 107.1, 119.7]
['2015-08-05', 119.7, 123.9, 117.6, 120.75]
['2015-08-06', 121.28, 124.95, 117.6, 119.7]
['2015-08-07', 119.7, 120.75, 111.3, 113.4]
['2015-08-10', 113.93, 117.6, 113.4, 116.55]
['2015-08-11', 117.6, 119.7, 113.4, 115.5]
['2015-08-12', 116.55, 119.7, 111.3, 112.35]
['2015-08-13', 113.4, 114.45, 109.2, 111.3]
['2015-08-14', 111.3, 112.35, 105.0, 110.25]
['2015-08-17', 110.78, 112.35, 97.65, 102.9]
['2015-08-18', 104.16, 108.15, 102.9, 105.0]
['2015-08-19', 105.0, 126.0, 102.9, 123.9]
['2015-08-20', 122.85, 123.9, 115.5, 117.6]
['2015-08-21', 118.12, 120.75, 110.25, 115.5]
['2015-08-24', 117.07, 120.75, 115.5, 120.75]
['2015-08-25', 122.32, 124.95, 121.28, 122.85]
['2015-08-26', 124.43, 137.55, 122.85, 137.55]
['2015-08-27', 141.23, 165.9, 138.6, 152.25]
['2015-08-28', 155.4, 160.65, 140.7, 143.85]
['2015-08-31', 147.0, 152.25, 143.85, 152.25]
['2015-09-01', 151.73, 157.5, 142.8, 145.95]
['2015-09-02', 147.52, 150.15, 141.75, 142.8]
['2015-09-03', 142.8, 154.35, 142.8, 151.2]
['2015-09-04', 151.2, 153.3, 128.1, 142.8]
['2015-09-08', 144.38, 149.1, 142.8, 147.0]
['2015-09-09', 146.48, 151.73, 141.75, 143.85]
['2015-09-10', 142.8, 145.95, 138.6, 140.7]
['2015-09-11', 137.02, 138.6, 124.95, 136.5]
['2015-09-14', 136.5, 143.85, 135.45, 142.8]
['2015-09-15', 143.85, 145.95, 139.65, 141.75]
['2015-09-16', 141.75, 144.9, 139.76, 140.7]
['2015-09-17', 139.65, 142.8, 139.65, 142.8]
['2015-09-18', 141.75, 144.9, 139.65, 140.7]
['2015-09-21', 140.18, 150.15, 139.65, 148.05]
['2015-09-22', 146.48, 147.0, 141.75, 144.9]
['2015-09-23', 145.95, 148.05, 138.6, 141.75]
['2015-09-24', 140.7, 144.9, 138.6, 138.6]
['2015-09-25', 138.6, 140.7, 133.35, 136.5]
['2015-09-28', 136.5, 139.65, 114.45, 123.9]
['2015-09-29', 124.95, 127.05, 115.5, 119.7]
['2015-09-30', 119.7, 128.1, 117.6, 122.85]
['2015-10-01', 126.0, 128.1, 117.6, 118.65]
['2015-10-02', 117.6, 122.85, 113.4, 119.7]
['2015-10-05', 126.0, 129.15, 121.8, 126.0]
['2015-10-06', 127.05, 127.05, 118.65, 121.8]
['2015-10-07', 121.8, 122.85, 117.6, 120.75]
['2015-10-08', 120.22, 124.95, 118.65, 118.65]
['2015-10-09', 120.22, 122.85, 118.65, 119.7]
['2015-10-12', 123.9, 123.9, 118.65, 118.65]
['2015-10-13', 120.22, 120.75, 116.55, 118.65]
['2015-10-14', 119.7, 120.75, 117.6, 118.65]
['2015-10-15', 120.75, 123.9, 118.65, 121.8]
['2015-10-16', 121.8, 123.9, 118.65, 120.75]
['2015-10-19', 120.22, 123.9, 119.7, 121.8]
['2015-10-20', 119.7, 122.85, 115.5, 118.65]
['2015-10-21', 120.22, 121.8, 116.55, 117.07]
['2015-10-22', 115.5, 120.75, 115.5, 117.6]
['2015-10-23', 118.65, 120.75, 117.6, 117.6]
['2015-10-26', 119.18, 121.8, 117.6, 117.6]
['2015-10-27', 119.18, 121.8, 117.6, 118.65]
['2015-10-28', 118.65, 122.32, 117.6, 117.6]
['2015-10-29', 118.65, 121.8, 117.6, 120.22]
['2015-10-30', 120.75, 122.85, 119.7, 122.85]
['2015-11-02', 122.32, 133.35, 120.75, 131.25]
['2015-11-03', 132.3, 134.4, 131.25, 132.3]
['2015-11-04', 134.93, 135.45, 131.25, 131.25]
['2015-11-05', 131.77, 133.35, 131.25, 132.82]
['2015-11-06', 131.25, 132.3, 118.65, 120.75]
['2015-11-09', 119.7, 121.8, 119.7, 120.75]
['2015-11-10', 119.7, 123.9, 116.55, 117.6]
['2015-11-11', 118.65, 136.5, 116.55, 136.5]
['2015-11-12', 139.12, 139.65, 123.9, 123.9]
['2015-11-13', 130.2, 131.25, 122.85, 131.25]
['2015-11-16', 132.82, 139.65, 132.3, 136.5]
['2015-11-17', 139.65, 142.8, 136.5, 140.7]
['2015-11-18', 144.9, 151.2, 141.75, 148.05]
['2015-11-19', 148.57, 149.1, 139.65, 145.95]
['2015-11-20', 146.48, 147.0, 134.4, 137.55]
['2015-11-23', 137.55, 142.8, 135.45, 135.45]
['2015-11-24', 136.5, 136.5, 134.4, 134.4]
['2015-11-25', 136.5, 140.7, 135.98, 140.7]
['2015-11-27', 140.7, 144.9, 139.65, 141.75]
['2015-11-30', 144.9, 147.0, 142.8, 143.85]
['2015-12-01', 145.95, 145.95, 142.8, 143.85]
['2015-12-02', 144.9, 144.9, 136.5, 139.65]
['2015-12-03', 138.6, 140.7, 134.4, 137.55]
['2015-12-04', 137.55, 137.55, 131.25, 133.35]
['2015-12-07', 132.3, 139.65, 131.25, 137.55]
['2015-12-08', 137.02, 137.55, 132.3, 134.4]
['2015-12-09', 133.88, 136.5, 131.25, 132.3]
['2015-12-10', 131.25, 136.5, 127.05, 129.15]
['2015-12-11', 131.25, 132.82, 127.05, 128.1]
['2015-12-14', 128.62, 130.2, 120.75, 122.85]
['2015-12-15', 122.32, 122.85, 118.65, 118.65]
['2015-12-16', 118.12, 123.9, 117.6, 120.75]
['2015-12-17', 124.95, 139.65, 122.85, 132.3]
['2015-12-18', 134.4, 139.65, 127.05, 133.35]
['2015-12-21', 133.88, 136.5, 128.1, 130.3]
['2015-12-22', 130.73, 131.25, 128.1, 129.15]
['2015-12-23', 130.2, 133.35, 128.1, 132.3]
['2015-12-24', 132.3, 132.3, 132.3, 132.3]
['2015-12-28', 121.28, 123.9, 111.3, 114.45]
['2015-12-29', 114.97, 128.1, 109.2, 110.25]
['2015-12-30', 111.82, 113.4, 106.05, 107.1]
['2015-12-31', 107.1, 109.2, 106.05, 107.1]
['2016-01-04', 108.15, 109.2, 106.05, 107.1]
['2016-01-05', 108.15, 128.1, 100.8, 103.85]
['2016-01-06', 104.47, 105.0, 98.7, 98.81]
['2016-01-07', 90.93, 91.35, 81.9, 88.72]
['2016-01-08', 89.78, 128.1, 89.25, 95.65]
['2016-01-11', 97.44, 98.7, 89.36, 91.35]
['2016-01-12', 91.35, 94.5, 90.3, 92.93]
['2016-01-13', 93.76, 95.55, 89.36, 92.19]
['2016-01-14', 90.61, 94.5, 90.3, 90.82]
['2016-01-15', 87.15, 89.25, 85.05, 87.15]
['2016-01-19', 86.42, 88.2, 80.85, 80.85]
['2016-01-20', 81.38, 128.1, 68.25, 75.6]
['2016-01-21', 74.34, 89.14, 73.5, 87.99]
['2016-01-22', 88.72, 92.93, 88.2, 92.4]
['2016-01-25', 95.03, 98.7, 94.5, 97.65]
['2016-01-26', 97.65, 98.18, 92.93, 95.03]
['2016-01-27', 94.82, 95.44, 93.45, 95.03]
['2016-01-28', 94.92, 95.03, 93.45, 93.56]
['2016-01-29', 94.08, 94.5, 89.78, 92.93]
['2016-02-01', 92.71, 93.45, 90.3, 93.45]
['2016-02-02', 93.76, 94.39, 92.61, 93.45]
['2016-02-03', 93.45, 94.39, 90.82, 92.93]
['2016-02-04', 92.93, 97.65, 90.3, 92.4]
['2016-02-05', 93.45, 93.45, 90.82, 92.4]
['2016-02-08', 92.93, 93.45, 89.78, 91.35]
['2016-02-09', 90.82, 90.82, 85.05, 86.62]
['2016-02-10', 85.05, 86.1, 84.0, 84.74]
['2016-02-11', 85.57, 86.1, 81.06, 82.64]
['2016-02-12', 83.26, 86.1, 80.85, 85.57]
['2016-02-16', 86.1, 94.5, 85.05, 88.72]
['2016-02-17', 90.3, 90.3, 86.1, 87.15]
['2016-02-18', 86.1, 94.5, 84.53, 93.97]
['2016-02-19', 94.71, 99.75, 92.4, 99.75]
['2016-02-22', 99.75, 99.75, 94.5, 97.12]
['2016-02-23', 96.92, 97.23, 91.35, 93.35]
['2016-02-24', 91.88, 94.08, 91.35, 93.76]
['2016-02-25', 94.5, 96.6, 93.97, 95.13]
['2016-02-26', 96.07, 96.6, 92.93, 95.55]
['2016-02-29', 95.34, 99.75, 95.34, 98.7]
['2016-03-01', 99.22, 99.22, 89.78, 94.5]
['2016-03-02', 93.97, 97.12, 93.45, 97.12]
['2016-03-03', 96.6, 99.01, 96.6, 97.12]
['2016-03-04', 97.65, 98.7, 96.07, 96.6]
['2016-03-07', 97.23, 97.65, 95.55, 95.55]
['2016-03-08', 96.6, 96.6, 93.45, 93.66]
['2016-03-09', 95.34, 95.55, 92.29, 93.35]
['2016-03-10', 91.88, 93.45, 90.3, 91.88]
['2016-03-11', 92.08, 92.4, 90.4, 90.72]
['2016-03-14', 91.14, 93.24, 90.3, 93.24]
['2016-03-15', 92.93, 92.93, 88.2, 89.67]
['2016-03-16', 88.2, 89.25, 86.62, 88.72]
['2016-03-17', 89.78, 91.35, 89.25, 89.25]
['2016-03-18', 91.35, 92.4, 88.2, 89.78]
['2016-03-21', 89.78, 90.82, 88.2, 88.83]
['2016-03-22', 88.83, 88.83, 80.32, 84.0]
['2016-03-23', 82.43, 85.05, 81.9, 82.95]
['2016-03-24', 81.17, 82.95, 79.8, 82.95]
['2016-03-28', 82.21, 82.85, 80.85, 81.9]
['2016-03-29', 81.38, 82.95, 80.85, 80.85]
['2016-03-30', 79.8, 81.79, 78.75, 79.28]
['2016-03-31', 79.07, 79.8, 78.75, 79.17]
['2016-04-01', 78.54, 79.28, 76.65, 76.86]
['2016-04-04', 85.47, 92.4, 77.7, 91.25]
['2016-04-05', 92.19, 92.4, 87.15, 87.15]
['2016-04-06', 86.94, 90.3, 85.05, 89.25]
['2016-04-07', 96.39, 106.05, 96.07, 103.85]
['2016-04-08', 104.89, 106.05, 102.38, 103.43]
['2016-04-11', 105.0, 105.0, 101.85, 101.85]
['2016-04-12', 101.85, 103.95, 100.28, 103.95]
['2016-04-13', 103.74, 103.95, 102.38, 102.9]
['2016-04-14', 103.11, 106.05, 102.69, 104.79]
['2016-04-15', 104.37, 107.1, 103.95, 105.0]
['2016-04-18', 105.53, 107.1, 102.38, 103.95]
['2016-04-19', 104.47, 105.0, 100.8, 101.32]
['2016-04-20', 101.64, 102.38, 96.6, 96.6]
['2016-04-21', 96.6, 98.18, 94.5, 95.03]
['2016-04-22', 94.5, 98.7, 94.5, 98.7]
['2016-04-25', 99.22, 102.9, 98.7, 100.28]
['2016-04-26', 99.75, 102.9, 99.22, 101.32]
['2016-04-27', 99.75, 100.8, 97.12, 98.6]
['2016-04-28', 97.86, 99.01, 96.6, 96.6]
['2016-04-29', 97.02, 98.81, 94.71, 95.44]
['2016-05-02', 96.92, 97.12, 93.45, 95.03]
['2016-05-03', 93.45, 95.03, 92.4, 93.45]
['2016-05-04', 93.45, 94.5, 88.2, 88.72]
['2016-05-05', 88.72, 88.72, 88.72, 88.72]
['2016-05-06', 91.5, 97.5, 91.5, 94.88]
['2016-05-09', 97.5, 106.05, 97.5, 105.0]
['2016-05-10', 105.75, 105.75, 102.75, 105.0]
['2016-05-11', 105.0, 107.55, 105.0, 106.8]
['2016-05-12', 107.4, 107.7, 105.0, 105.0]
['2016-05-13', 104.55, 105.45, 102.75, 104.25]
['2016-05-16', 104.25, 104.85, 95.25, 98.85]
['2016-05-17', 96.0, 98.25, 90.3, 90.6]
['2016-05-18', 90.15, 90.75, 87.15, 89.25]
['2016-05-19', 88.5, 89.1, 79.2, 80.25]
['2016-05-20', 82.88, 87.45, 81.68, 87.07]
['2016-05-23', 88.5, 90.0, 87.0, 88.8]
['2016-05-24', 87.82, 90.0, 84.75, 85.5]
['2016-05-25', 84.75, 86.25, 84.29, 85.12]
['2016-05-26', 84.15, 84.75, 84.15, 84.15]
['2016-05-27', 84.15, 85.5, 84.15, 84.78]
['2016-05-31', 84.75, 84.75, 84.0, 84.15]
['2016-06-01', 84.0, 84.15, 80.4, 81.6]
['2016-06-02', 81.3, 84.75, 81.0, 84.45]
['2016-06-03', 85.95, 86.1, 83.47, 85.5]
['2016-06-06', 85.5, 88.5, 84.6, 88.2]
['2016-06-07', 88.2, 99.0, 88.2, 94.88]
['2016-06-08', 95.62, 96.75, 90.45, 91.05]
['2016-06-09', 91.2, 91.2, 90.0, 90.9]
['2016-06-10', 90.97, 91.5, 82.65, 84.3]
['2016-06-13', 84.15, 84.15, 82.2, 82.5]
['2016-06-14', 78.75, 80.25, 76.95, 78.38]
['2016-06-15', 78.75, 78.75, 77.7, 78.0]
['2016-06-16', 77.7, 87.3, 77.7, 87.3]
['2016-06-17', 79.5, 86.55, 78.82, 84.15]
['2016-06-20', 79.5, 83.25, 79.5, 79.5]
['2016-06-21', 80.28, 82.5, 78.0, 78.0]
['2016-06-22', 78.15, 78.3, 76.8, 77.55]
['2016-06-23', 77.55, 77.57, 71.25, 75.6]
['2016-06-24', 71.78, 73.35, 69.6, 72.9]
['2016-06-27', 72.6, 74.55, 68.93, 72.0]
['2016-06-28', 72.0, 72.15, 67.65, 69.3]
['2016-06-29', 68.25, 69.15, 65.25, 65.25]
['2016-06-30', 63.38, 65.25, 60.15, 62.25]
['2016-07-01', 61.88, 63.75, 61.5, 61.5]
['2016-07-05', 61.28, 62.4, 60.6, 61.5]
['2016-07-06', 61.42, 79.2, 60.3, 76.05]
['2016-07-07', 76.65, 79.5, 75.15, 76.95]
['2016-07-08', 77.4, 81.3, 77.25, 79.95]
['2016-07-11', 81.0, 95.25, 81.0, 92.55]
['2016-07-12', 92.97, 101.86, 91.5, 98.25]
['2016-07-13', 99.45, 101.25, 93.0, 99.74]
['2016-07-14', 99.53, 101.25, 97.65, 97.8]
['2016-07-15', 98.25, 99.0, 97.65, 98.7]
['2016-07-18', 99.15, 99.3, 96.75, 97.12]
['2016-07-19', 96.82, 96.82, 90.3, 91.8]
['2016-07-20', 91.95, 93.6, 90.3, 91.35]
['2016-07-21', 91.8, 92.25, 83.25, 88.5]
['2016-07-22', 87.0, 87.75, 86.25, 86.4]
['2016-07-25', 88.5, 93.15, 86.55, 93.15]
['2016-07-26', 93.0, 93.45, 88.05, 90.0]
['2016-07-27', 90.0, 90.75, 90.0, 90.0]
['2016-07-28', 90.3, 93.9, 90.0, 93.3]
['2016-07-29', 93.38, 93.75, 90.0, 92.85]
['2016-08-01', 93.68, 98.25, 93.6, 96.0]
['2016-08-02', 98.1, 98.25, 93.9, 96.0]
['2016-08-03', 95.25, 95.25, 93.0, 93.68]
['2016-08-04', 93.6, 94.8, 93.0, 93.0]
['2016-08-05', 94.12, 95.25, 93.0, 93.6]
['2016-08-08', 93.75, 93.75, 91.95, 93.3]
['2016-08-09', 60.0, 65.25, 58.65, 59.1]
['2016-08-10', 60.0, 60.6, 59.1, 59.85]
['2016-08-11', 60.0, 60.0, 59.1, 59.25]
['2016-08-12', 60.0, 60.0, 57.75, 58.35]
['2016-08-15', 60.15, 60.3, 58.65, 60.3]
['2016-08-16', 60.45, 61.8, 60.3, 60.9]
['2016-08-17', 61.5, 62.25, 60.3, 60.45]
['2016-08-18', 61.05, 62.25, 60.45, 61.05]
['2016-08-19', 61.05, 61.8, 60.6, 60.75]
['2016-08-22', 61.65, 61.8, 60.45, 60.6]
['2016-08-23', 61.05, 61.05, 59.7, 59.7]
['2016-08-24', 60.9, 60.9, 59.25, 59.7]
['2016-08-25', 60.45, 60.75, 59.25, 59.55]
['2016-08-26', 59.25, 59.55, 59.1, 59.1]
['2016-08-29', 60.0, 60.0, 56.25, 56.85]
['2016-08-30', 57.75, 59.38, 57.0, 57.75]
['2016-08-31', 57.75, 58.5, 57.45, 57.75]
['2016-09-01', 58.95, 59.25, 57.45, 58.35]
['2016-09-02', 58.5, 62.7, 57.75, 58.05]
['2016-09-06', 58.65, 59.1, 57.0, 59.1]
['2016-09-07', 58.8, 60.0, 57.75, 60.0]
['2016-09-08', 58.5, 60.75, 58.05, 59.85]
['2016-09-09', 58.8, 60.38, 57.75, 59.25]
['2016-09-12', 60.0, 60.08, 56.55, 57.75]
['2016-09-13', 57.0, 57.6, 55.35, 55.95]
['2016-09-14', 58.2, 58.63, 55.65, 57.0]
['2016-09-15', 56.1, 56.85, 54.6, 56.1]
['2016-09-16', 57.9, 57.9, 54.9, 55.05]
['2016-09-19', 57.15, 57.15, 51.75, 54.75]
['2016-09-20', 53.55, 55.5, 53.25, 54.3]
['2016-09-21', 54.3, 55.28, 53.25, 54.45]
['2016-09-22', 54.3, 54.75, 52.31, 54.6]
['2016-09-23', 54.0, 54.0, 51.9, 53.25]
['2016-09-26', 53.7, 55.05, 52.65, 54.0]
['2016-09-27', 54.9, 63.75, 54.9, 61.5]
['2016-09-28', 65.1, 80.85, 63.15, 77.25]
['2016-09-29', 75.9, 76.05, 68.25, 69.75]
['2016-09-30', 71.85, 72.75, 69.15, 70.5]
['2016-10-03', 72.6, 79.5, 71.1, 79.5]
['2016-10-04', 85.65, 87.0, 75.0, 79.95]
['2016-10-05', 81.9, 84.15, 77.25, 82.35]
['2016-10-06', 84.75, 84.75, 79.5, 81.6]
['2016-10-07', 82.2, 82.33, 79.5, 80.25]
['2016-10-10', 81.45, 85.5, 80.25, 85.5]
['2016-10-11', 86.55, 90.9, 85.35, 90.45]
['2016-10-12', 91.05, 95.7, 90.3, 93.15]
['2016-10-13', 93.0, 93.0, 83.25, 90.75]
['2016-10-14', 89.25, 90.0, 83.25, 86.4]
['2016-10-17', 87.3, 90.0, 87.3, 89.55]
['2016-10-18', 87.6, 88.65, 85.5, 87.3]
['2016-10-19', 86.25, 88.5, 82.95, 87.75]
['2016-10-20', 83.4, 86.29, 83.25, 84.45]
['2016-10-21', 84.75, 86.85, 83.7, 85.5]
['2016-10-24', 87.0, 87.0, 82.5, 82.8]
['2016-10-25', 82.5, 82.5, 67.5, 70.95]
['2016-10-26', 70.2, 72.15, 58.5, 59.25]
['2016-10-27', 59.4, 69.0, 59.25, 66.3]
['2016-10-28', 66.9, 73.33, 66.0, 67.95]
['2016-10-31', 67.5, 69.9, 67.0, 67.65]
['2016-11-01', 67.5, 71.25, 60.9, 61.5]
['2016-11-02', 60.75, 67.47, 60.75, 64.5]
['2016-11-03', 64.95, 65.79, 61.5, 63.15]
['2016-11-04', 61.8, 63.6, 60.0, 61.95]
['2016-11-07', 58.35, 61.5, 57.75, 60.75]
['2016-11-08', 60.0, 61.95, 60.0, 61.35]
['2016-11-09', 60.0, 64.8, 60.0, 64.5]
['2016-11-10', 64.5, 65.85, 61.5, 63.9]
['2016-11-11', 63.3, 63.3, 58.95, 62.25]
['2016-11-14', 61.5, 62.1, 59.4, 61.5]
['2016-11-15', 62.55, 62.55, 60.15, 60.6]
['2016-11-16', 60.0, 61.2, 59.55, 60.45]
['2016-11-17', 60.3, 61.8, 60.0, 61.5]
['2016-11-18', 61.65, 62.25, 60.0, 62.25]
['2016-11-21', 62.85, 63.0, 60.75, 62.85]
['2016-11-22', 62.7, 62.7, 60.75, 61.5]
['2016-11-23', 60.9, 66.75, 60.75, 66.45]
['2016-11-25', 67.5, 72.6, 66.75, 71.1]
['2016-11-28', 72.6, 72.75, 67.8, 67.8]
['2016-11-29', 69.75, 69.75, 66.75, 66.75]
['2016-11-30', 66.3, 66.36, 63.75, 65.55]
['2016-12-01', 65.25, 67.35, 64.5, 65.7]
['2016-12-02', 66.0, 66.3, 64.05, 64.05]
['2016-12-05', 64.05, 70.65, 63.75, 70.05]
['2016-12-06', 70.35, 73.5, 68.4, 72.9]
['2016-12-07', 72.9, 72.9, 69.6, 71.55]
['2016-12-08', 71.25, 72.75, 70.5, 71.4]
['2016-12-09', 70.95, 70.95, 66.15, 66.15]
['2016-12-12', 66.15, 66.68, 63.0, 63.9]
['2016-12-13', 63.75, 66.0, 61.8, 65.25]
['2016-12-14', 65.7, 65.85, 62.7, 65.4]
['2016-12-15', 66.0, 66.0, 64.5, 64.5]
['2016-12-16', 63.75, 65.55, 63.15, 65.25]
['2016-12-19', 65.55, 69.45, 65.28, 67.35]
['2016-12-20', 67.5, 67.95, 64.5, 66.0]
['2016-12-21', 65.25, 66.0, 63.75, 65.1]
['2016-12-22', 65.1, 65.1, 61.65, 63.15]
['2016-12-23', 63.75, 63.75, 60.75, 62.1]
['2016-12-27', 60.9, 61.89, 60.75, 61.65]
['2016-12-28', 60.9, 63.15, 60.84, 61.95]
['2016-12-29', 61.35, 62.07, 60.15, 61.2]
['2016-12-30', 61.2, 61.95, 59.7, 59.7]
['2017-01-03', 60.45, 61.95, 60.3, 60.9]
['2017-01-04', 59.85, 61.28, 59.7, 60.15]
['2017-01-05', 60.0, 61.5, 59.85, 61.2]
['2017-01-06', 60.75, 62.7, 60.44, 62.4]
['2017-01-09', 62.85, 67.32, 62.4, 65.55]
['2017-01-10', 64.8, 64.8, 61.8, 64.05]
['2017-01-11', 63.45, 64.5, 63.0, 63.6]
['2017-01-12', 64.05, 64.5, 63.06, 63.45]
['2017-01-13', 63.45, 63.9, 60.75, 62.25]
['2017-01-17', 63.15, 63.15, 60.9, 62.25]
['2017-01-18', 61.95, 61.95, 60.75, 61.05]
['2017-01-19', 60.75, 61.35, 60.15, 60.6]
['2017-01-20', 60.15, 62.25, 60.15, 62.25]
['2017-01-23', 61.65, 62.7, 60.75, 60.75]
['2017-01-24', 60.9, 61.5, 60.9, 61.5]
['2017-01-25', 61.2, 62.25, 61.2, 61.8]
['2017-01-26', 61.95, 62.25, 61.05, 61.33]
['2017-01-27', 60.9, 61.8, 60.75, 61.8]
['2017-01-30', 61.95, 61.95, 61.2, 61.35]
['2017-01-31', 61.65, 61.83, 60.15, 61.2]
['2017-02-01', 61.05, 63.3, 60.15, 60.9]
['2017-02-02', 60.75, 62.04, 60.75, 61.65]
['2017-02-03', 61.5, 62.25, 60.75, 61.35]
['2017-02-06', 60.6, 61.5, 60.6, 61.35]
['2017-02-07', 60.3, 61.47, 60.15, 60.15]
['2017-02-08', 60.0, 60.66, 60.0, 60.0]
['2017-02-09', 60.15, 61.5, 60.0, 60.6]
['2017-02-10', 60.75, 61.44, 60.0, 61.2]
['2017-02-13', 62.1, 62.1, 60.75, 60.75]
['2017-02-14', 60.75, 61.2, 60.0, 60.3]
['2017-02-15', 60.0, 60.3, 59.25, 59.7]
['2017-02-16', 59.25, 60.0, 59.1, 59.55]
['2017-02-17', 59.7, 59.7, 57.0, 57.9]
['2017-02-21', 57.45, 57.6, 56.25, 56.7]
['2017-02-22', 56.25, 61.35, 56.25, 56.55]
['2017-02-23', 57.0, 57.62, 52.5, 53.25]
['2017-02-24', 52.5, 53.7, 51.3, 53.7]
['2017-02-27', 54.45, 54.45, 48.75, 49.5]
['2017-02-28', 49.35, 49.8, 47.55, 47.55]
['2017-03-01', 47.7, 52.5, 47.7, 52.35]
['2017-03-02', 52.5, 52.65, 49.11, 49.65]
['2017-03-03', 50.85, 50.99, 48.75, 49.8]
['2017-03-06', 49.8, 50.4, 48.0, 49.5]
['2017-03-07', 49.5, 51.15, 47.7, 48.45]
['2017-03-08', 52.8, 53.85, 48.15, 49.8]
['2017-03-09', 50.25, 50.62, 48.0, 48.75]
['2017-03-10', 48.45, 48.45, 45.3, 46.5]
['2017-03-13', 45.75, 46.44, 41.55, 43.95]
['2017-03-14', 42.9, 43.2, 39.0, 39.45]
['2017-03-15', 38.4, 43.5, 37.95, 42.75]
['2017-03-16', 44.1, 44.55, 40.5, 41.7]
['2017-03-17', 42.0, 58.05, 41.25, 48.9]
['2017-03-20', 51.9, 53.85, 49.8, 53.25]
['2017-03-21', 53.85, 56.4, 48.0, 50.1]
['2017-03-22', 50.7, 52.05, 50.1, 51.75]
['2017-03-23', 52.95, 57.0, 51.75, 54.15]
['2017-03-24', 56.25, 58.05, 54.75, 57.45]
['2017-03-27', 58.05, 67.5, 58.05, 62.85]
['2017-03-28', 63.0, 67.18, 60.15, 61.95]
['2017-03-29', 62.7, 63.3, 54.15, 56.7]
['2017-03-30', 57.0, 60.75, 55.5, 60.0]
['2017-03-31', 59.25, 61.5, 58.5, 61.5]
['2017-04-03', 54.75, 57.0, 48.75, 51.0]
['2017-04-04', 50.85, 54.15, 50.55, 51.9]
['2017-04-05', 52.8, 52.8, 50.88, 51.6]
['2017-04-06', 51.0, 51.58, 48.75, 49.5]
['2017-04-07', 49.5, 51.3, 49.2, 51.3]
['2017-04-10', 51.0, 51.0, 49.2, 49.95]
['2017-04-11', 48.75, 50.25, 47.85, 48.0]
['2017-04-12', 48.0, 48.3, 47.1, 47.55]
['2017-04-13', 46.8, 47.1, 44.25, 45.0]
['2017-04-17', 44.4, 45.0, 42.75, 44.7]
['2017-04-18', 44.25, 44.25, 42.9, 43.95]
['2017-04-19', 43.5, 43.8, 42.3, 43.5]
['2017-04-20', 42.9, 43.14, 42.0, 42.75]
['2017-04-21', 42.75, 44.7, 42.75, 42.75]
['2017-04-24', 42.9, 43.5, 42.0, 42.75]
['2017-04-25', 42.9, 43.35, 42.06, 42.6]
['2017-04-26', 42.75, 42.75, 41.79, 42.45]
['2017-04-27', 42.15, 45.0, 42.0, 43.65]
['2017-04-28', 43.65, 44.44, 42.75, 43.2]
['2017-05-01', 43.8, 43.95, 42.45, 43.05]
['2017-05-02', 42.75, 44.53, 39.45, 39.75]
['2017-05-03', 40.2, 40.2, 36.3, 37.05]
['2017-05-04', 37.05, 37.05, 36.0, 36.9]
['2017-05-05', 36.6, 37.05, 36.0, 36.6]
['2017-05-08', 37.5, 39.45, 36.0, 38.4]
['2017-05-09', 39.15, 39.75, 36.0, 38.55]
['2017-05-10', 36.6, 36.6, 30.75, 30.9]
['2017-05-11', 31.95, 31.95, 27.9, 28.95]
['2017-05-12', 28.5, 28.95, 23.25, 24.45]
['2017-05-15', 26.4, 29.4, 24.75, 29.25]
['2017-05-16', 27.75, 30.45, 26.4, 26.4]
['2017-05-17', 26.85, 27.0, 25.5, 25.8]
['2017-05-18', 26.4, 26.4, 24.0, 24.9]
['2017-05-19', 24.6, 25.47, 23.1, 23.85]
['2017-05-22', 23.7, 24.0, 18.75, 21.45]
['2017-05-23', 21.45, 21.58, 19.35, 20.4]
['2017-05-24', 19.95, 20.15, 15.75, 16.2]
['2017-05-25', 17.85, 17.85, 16.5, 17.1]
['2017-05-26', 17.7, 17.85, 15.9, 16.2]
['2017-05-30', 16.95, 17.25, 14.85, 15.15]
['2017-05-31', 15.45, 15.75, 15.15, 15.6]
['2017-06-01', 17.25, 17.25, 15.45, 16.65]
['2017-06-02', 17.1, 22.2, 16.2, 20.55]
['2017-06-05', 21.15, 22.35, 17.25, 18.15]
['2017-06-06', 19.5, 20.82, 18.3, 19.35]
['2017-06-07', 22.2, 22.2, 17.25, 17.55]
['2017-06-08', 17.85, 18.45, 16.8, 17.85]
['2017-06-09', 17.4, 19.35, 16.95, 18.3]
['2017-06-12', 18.9, 18.9, 18.0, 18.9]
['2017-06-13', 19.2, 19.8, 18.75, 19.2]
['2017-06-14', 21.15, 28.8, 21.0, 27.15]
['2017-06-15', 29.1, 32.7, 27.3, 31.65]
['2017-06-16', 29.55, 33.45, 28.2, 28.8]
['2017-06-19', 27.75, 28.35, 24.9, 26.85]
['2017-06-20', 27.3, 29.7, 26.85, 28.05]
['2017-06-21', 27.75, 29.1, 25.5, 28.5]
['2017-06-22', 29.1, 31.8, 27.15, 30.6]
['2017-06-23', 31.5, 36.45, 30.45, 35.25]
['2017-06-26', 35.25, 37.8, 31.05, 31.65]
['2017-06-27', 32.4, 33.0, 28.5, 30.15]
['2017-06-28', 30.75, 37.74, 30.6, 37.5]
['2017-06-29', 38.25, 40.2, 33.75, 37.8]
['2017-06-30', 37.8, 38.72, 34.35, 34.8]
['2017-07-03', 34.95, 35.25, 33.6, 34.35]
['2017-07-05', 33.9, 34.5, 30.15, 34.05]
['2017-07-06', 33.75, 33.75, 30.75, 31.35]
['2017-07-07', 30.75, 33.15, 30.75, 32.25]
['2017-07-10', 32.25, 32.25, 30.15, 31.35]
['2017-07-11', 31.5, 32.1, 31.22, 31.65]
['2017-07-12', 31.2, 32.55, 30.75, 31.65]
['2017-07-13', 32.7, 34.2, 31.5, 32.25]
['2017-07-14', 32.85, 36.75, 32.79, 34.95]
['2017-07-17', 34.5, 36.0, 33.15, 34.5]
['2017-07-18', 34.5, 34.5, 30.15, 31.35]
['2017-07-19', 28.05, 28.2, 22.5, 24.0]
['2017-07-20', 23.25, 23.7, 21.75, 21.9]
['2017-07-21', 21.75, 28.95, 21.0, 25.95]
['2017-07-24', 25.8, 27.6, 25.05, 26.25]
['2017-07-25', 26.7, 26.85, 25.2, 25.95]
['2017-07-26', 25.8, 26.85, 25.67, 26.1]
['2017-07-27', 26.1, 26.25, 23.4, 24.75]
['2017-07-28', 26.1, 27.0, 24.45, 25.95]
['2017-07-31', 27.15, 27.45, 25.22, 27.15]
['2017-08-01', 28.05, 30.0, 27.3, 30.0]
['2017-08-02', 30.3, 32.55, 26.4, 29.1]
['2017-08-03', 29.7, 29.7, 28.5, 29.7]
['2017-08-04', 29.7, 29.7, 27.6, 28.95]
['2017-08-07', 29.55, 30.6, 27.3, 30.15]
['2017-08-08', 26.4, 30.0, 24.9, 28.5]
['2017-08-09', 27.15, 28.03, 26.85, 27.6]
['2017-08-10', 27.15, 27.15, 24.75, 25.5]
['2017-08-11', 24.75, 24.9, 21.7, 22.05]
['2017-08-14', 27.6, 27.6, 23.1, 23.25]
['2017-08-15', 25.5, 25.5, 23.17, 24.15]
['2017-08-16', 24.0, 24.0, 22.5, 22.95]
['2017-08-17', 24.15, 24.15, 22.05, 23.1]
['2017-08-18', 22.2, 24.15, 21.9, 23.55]
['2017-08-21', 24.0, 24.0, 21.3, 21.9]
['2017-08-22', 22.5, 22.5, 21.0, 21.0]
['2017-08-23', 21.0, 21.3, 18.75, 19.95]
['2017-08-24', 20.1, 21.3, 18.75, 18.9]
['2017-08-25', 18.9, 19.5, 18.6, 18.75]
['2017-08-28', 18.6, 19.2, 17.85, 17.85]
['2017-08-29', 17.25, 17.97, 16.5, 17.25]
['2017-08-30', 16.8, 19.2, 15.9, 18.87]
['2017-08-31', 18.9, 19.5, 18.0, 18.9]
['2017-09-01', 18.9, 20.25, 17.25, 17.4]
['2017-09-05', 18.15, 18.75, 17.25, 17.88]
['2017-09-06', 18.0, 18.15, 17.25, 17.55]
['2017-09-07', 17.25, 17.55, 15.3, 17.25]
['2017-09-08', 16.95, 18.0, 16.35, 16.8]
['2017-09-11', 17.25, 18.0, 16.5, 17.77]
['2017-09-12', 19.5, 20.4, 18.0, 19.05]
['2017-09-13', 19.5, 19.5, 17.85, 17.85]
['2017-09-14', 18.9, 19.2, 18.3, 18.45]
['2017-09-15', 18.9, 18.9, 16.95, 17.25]
['2017-09-18', 17.4, 19.35, 17.4, 17.55]
['2017-09-19', 17.25, 17.85, 16.95, 17.25]
['2017-09-20', 18.15, 18.15, 17.02, 17.25]
['2017-09-21', 17.25, 17.25, 16.8, 17.1]
['2017-09-22', 17.1, 19.2, 16.5, 19.2]
['2017-09-25', 19.35, 20.4, 18.0, 19.95]
['2017-09-26', 20.25, 21.41, 18.45, 19.35]
['2017-09-27', 18.75, 19.35, 18.15, 19.05]
['2017-09-28', 19.05, 19.35, 18.0, 18.75]
['2017-09-29', 18.6, 18.75, 18.0, 18.15]
['2017-10-02', 18.3, 18.75, 18.0, 18.15]
['2017-10-03', 18.15, 18.45, 17.55, 17.85]
['2017-10-04', 17.85, 19.8, 17.7, 18.45]
['2017-10-05', 18.0, 18.3, 17.7, 17.85]
['2017-10-06', 18.0, 18.0, 17.25, 18.0]
['2017-10-09', 17.55, 18.0, 17.4, 17.7]
['2017-10-10', 17.85, 20.4, 17.42, 18.75]
['2017-10-11', 18.45, 18.75, 17.25, 18.0]
['2017-10-12', 18.3, 18.3, 17.4, 17.62]
['2017-10-13', 17.55, 18.3, 17.25, 17.85]
['2017-10-16', 18.3, 18.3, 17.25, 17.55]
['2017-10-17', 18.0, 18.0, 16.5, 16.5]
['2017-10-18', 17.1, 17.1, 16.35, 16.95]
['2017-10-19', 16.8, 17.25, 16.35, 16.95]
['2017-10-20', 16.8, 18.3, 16.51, 16.95]
['2017-10-23', 17.25, 18.15, 16.95, 17.25]
['2017-10-24', 17.25, 17.53, 16.95, 17.1]
['2017-10-25', 17.25, 17.25, 16.2, 16.5]
['2017-10-26', 16.35, 16.5, 16.2, 16.5]
['2017-10-27', 16.5, 16.5, 15.9, 16.05]
['2017-10-30', 16.05, 16.2, 15.6, 15.9]
['2017-10-31', 16.05, 17.1, 15.75, 16.2]
['2017-11-01', 16.05, 16.2, 15.6, 15.68]
['2017-11-02', 15.9, 17.4, 15.6, 16.8]
['2017-11-03', 17.1, 17.55, 16.35, 16.95]
['2017-11-06', 17.1, 17.25, 16.5, 16.8]
['2017-11-07', 16.5, 17.4, 16.5, 16.8]
['2017-11-08', 17.1, 17.1, 15.9, 16.2]
['2017-11-09', 15.75, 16.2, 15.3, 15.75]
['2017-11-10', 19.5, 23.7, 18.0, 22.95]
['2017-11-13', 30.6, 39.75, 27.45, 30.3]
['2017-11-14', 27.3, 28.2, 24.15, 26.25]
['2017-11-15', 25.5, 27.0, 24.75, 26.4]
['2017-11-16', 27.15, 29.55, 27.0, 28.65]
['2017-11-17', 30.0, 36.75, 27.63, 35.85]
['2017-11-20', 37.35, 47.25, 30.0, 43.8]
['2017-11-21', 48.0, 71.55, 46.5, 61.95]
['2017-11-22', 65.55, 69.0, 48.3, 52.35]
['2017-11-24', 51.15, 53.25, 41.85, 43.2]
['2017-11-27', 41.7, 48.3, 39.45, 46.05]
['2017-11-28', 44.55, 47.55, 42.0, 43.65]
['2017-11-29', 42.75, 45.0, 36.75, 38.7]
['2017-11-30', 39.0, 39.57, 34.2, 34.35]
['2017-12-01', 33.9, 37.5, 33.0, 35.25]
['2017-12-04', 34.8, 38.7, 34.8, 36.0]
['2017-12-05', 37.05, 42.6, 36.39, 38.85]
['2017-12-06', 39.45, 43.8, 38.85, 42.9]
['2017-12-07', 42.0, 46.2, 40.05, 40.8]
['2017-12-08', 41.55, 42.74, 40.05, 41.25]
['2017-12-11', 40.2, 41.25, 37.65, 39.15]
['2017-12-12', 39.0, 40.03, 37.5, 38.4]
['2017-12-13', 37.8, 38.38, 33.67, 34.8]
['2017-12-14', 37.5, 38.87, 36.3, 36.45]
['2017-12-15', 36.75, 37.35, 34.05, 34.2]
['2017-12-18', 34.5, 35.55, 33.9, 34.5]
['2017-12-19', 34.5, 35.7, 33.3, 33.9]
['2017-12-20', 34.65, 34.88, 31.35, 31.5]
['2017-12-21', 32.1, 35.25, 31.35, 31.95]
['2017-12-22', 32.25, 32.25, 31.5, 31.95]
['2017-12-26', 31.65, 37.05, 31.35, 36.15]
['2017-12-27', 36.3, 40.2, 35.7, 38.55]
['2017-12-28', 36.75, 37.95, 31.8, 33.45]
['2017-12-29', 32.85, 33.45, 31.5, 31.95]
['2018-01-02', 31.2, 31.95, 26.25, 30.75]
['2018-01-03', 30.0, 30.45, 27.75, 28.5]
['2018-01-04', 27.75, 29.25, 27.0, 29.25]
['2018-01-05', 28.5, 29.25, 27.9, 28.5]
['2018-01-08', 28.5, 28.8, 27.75, 28.8]
['2018-01-09', 29.1, 30.43, 28.2, 29.4]
['2018-01-10', 29.4, 29.55, 28.05, 28.2]
['2018-01-11', 27.75, 30.75, 27.6, 30.3]
['2018-01-12', 30.75, 30.75, 28.95, 30.15]
['2018-01-16', 30.15, 30.45, 27.6, 28.35]
['2018-01-17', 28.2, 28.5, 27.15, 28.2]
['2018-01-18', 27.9, 27.96, 27.0, 27.0]
['2018-01-19', 27.0, 27.6, 26.25, 26.55]
['2018-01-22', 26.55, 26.7, 25.5, 25.95]
['2018-01-23', 25.5, 25.58, 22.8, 23.25]
['2018-01-24', 23.25, 25.95, 22.82, 25.5]
['2018-01-25', 26.1, 26.25, 24.6, 25.05]
['2018-01-26', 25.05, 25.05, 23.72, 24.3]
['2018-01-29', 24.15, 24.15, 22.5, 22.95]
['2018-01-30', 22.8, 23.25, 21.9, 23.25]
['2018-01-31', 23.1, 23.25, 21.9, 21.9]
['2018-02-01', 22.2, 22.2, 21.0, 22.05]
['2018-02-02', 22.05, 22.2, 21.01, 21.3]
['2018-02-05', 21.0, 21.3, 19.05, 19.5]
['2018-02-06', 18.75, 21.3, 18.6, 21.0]
['2018-02-07', 21.15, 22.33, 20.4, 20.7]
['2018-02-08', 21.3, 22.2, 20.7, 21.6]
['2018-02-09', 22.05, 22.95, 20.4, 21.0]
['2018-02-12', 21.45, 22.18, 21.0, 21.0]
['2018-02-13', 21.45, 21.75, 21.0, 21.3]
['2018-02-14', 21.3, 23.4, 21.15, 22.95]
['2018-02-15', 23.25, 23.55, 21.75, 22.95]
['2018-02-16', 23.1, 23.4, 22.22, 23.25]
['2018-02-20', 23.7, 23.7, 21.9, 22.2]
['2018-02-21', 22.65, 22.65, 22.05, 22.05]
['2018-02-22', 22.05, 22.5, 21.75, 22.05]
['2018-02-23', 22.35, 24.45, 22.05, 24.0]
['2018-02-26', 24.45, 24.45, 22.2, 22.5]
['2018-02-27', 22.8, 23.1, 21.9, 22.35]
['2018-02-28', 22.5, 23.1, 21.9, 22.95]
['2018-03-01', 23.1, 24.3, 22.42, 23.4]
['2018-03-02', 23.7, 23.99, 22.65, 23.1]
['2018-03-05', 23.1, 23.25, 22.35, 22.65]
['2018-03-06', 22.5, 24.0, 22.5, 23.1]
['2018-03-07', 23.25, 26.85, 23.25, 26.25]
['2018-03-08', 26.55, 28.5, 25.95, 27.3]
['2018-03-09', 28.05, 28.05, 26.1, 27.45]
['2018-03-12', 27.75, 27.75, 26.25, 27.45]
['2018-03-13', 27.3, 27.3, 24.75, 25.65]
['2018-03-14', 24.15, 24.15, 22.5, 23.7]
['2018-03-15', 23.55, 23.57, 22.65, 22.8]
['2018-03-16', 22.95, 23.85, 22.67, 23.85]
['2018-03-19', 23.4, 23.85, 22.65, 22.65]
['2018-03-20', 24.15, 24.75, 23.1, 23.55]
['2018-03-21', 23.4, 23.55, 22.95, 23.55]
['2018-03-22', 23.4, 24.75, 23.25, 23.85]
['2018-03-23', 23.55, 23.55, 22.5, 23.1]
['2018-03-26', 23.25, 33.0, 21.45, 31.05]
['2018-03-27', 30.3, 31.05, 26.25, 28.8]
['2018-03-28', 27.3, 27.75, 24.0, 24.15]
['2018-03-29', 24.45, 24.75, 22.35, 23.7]
['2018-04-02', 24.0, 24.6, 21.9, 22.65]
['2018-04-03', 22.65, 23.4, 22.35, 22.8]
['2018-04-04', 23.1, 23.1, 22.2, 22.2]
['2018-04-05', 22.35, 22.5, 22.05, 22.35]
['2018-04-06', 22.05, 22.35, 21.15, 21.9]
['2018-04-09', 22.2, 22.92, 21.15, 22.05]
['2018-04-10', 22.8, 23.85, 22.07, 23.1]
['2018-04-11', 22.65, 24.3, 22.58, 23.85]
['2018-04-12', 23.7, 24.85, 23.55, 24.45]
['2018-04-13', 24.3, 25.2, 24.0, 25.05]
['2018-04-16', 25.35, 25.49, 24.15, 24.75]
['2018-04-17', 25.2, 25.2, 23.85, 24.45]
['2018-04-18', 24.45, 25.05, 24.0, 24.3]
['2018-04-19', 24.75, 25.05, 24.0, 24.45]
['2018-04-20', 24.45, 24.9, 24.15, 24.23]
['2018-04-23', 24.3, 26.25, 24.3, 24.92]
['2018-04-24', 25.5, 25.8, 24.3, 25.05]
['2018-04-25', 25.2, 25.35, 24.6, 25.05]
['2018-04-26', 24.75, 26.1, 24.75, 25.5]
['2018-04-27', 25.5, 28.2, 25.5, 27.9]
['2018-04-30', 28.35, 30.3, 27.75, 28.2]
['2018-05-01', 28.35, 28.65, 24.76, 25.8]
['2018-05-02', 26.85, 26.99, 25.95, 26.7]
['2018-05-03', 25.95, 26.83, 25.95, 25.95]
['2018-05-04', 26.4, 26.5, 25.5, 26.4]
['2018-05-07', 26.85, 27.74, 25.95, 26.1]
['2018-05-08', 25.8, 26.08, 23.7, 24.6]
['2018-05-09', 25.05, 25.08, 23.25, 24.15]
['2018-05-10', 24.15, 24.23, 22.5, 22.65]
['2018-05-11', 22.8, 24.6, 22.8, 23.85]
['2018-05-14', 24.3, 24.3, 22.95, 23.4]
['2018-05-15', 23.1, 23.55, 22.5, 23.02]
['2018-05-16', 22.8, 23.7, 22.8, 22.95]
['2018-05-17', 22.8, 23.7, 22.8, 22.95]
['2018-05-18', 22.8, 23.55, 22.5, 22.95]
['2018-05-21', 23.1, 23.25, 22.5, 22.5]
['2018-05-22', 22.5, 22.95, 22.05, 22.35]
['2018-05-23', 22.35, 23.1, 21.6, 22.95]
['2018-05-24', 23.25, 23.25, 22.5, 22.5]
['2018-05-25', 22.95, 23.1, 22.5, 22.8]
['2018-05-29', 23.7, 25.8, 23.4, 25.2]
['2018-05-30', 25.2, 25.35, 24.27, 24.45]
['2018-05-31', 24.45, 25.93, 24.3, 24.75]
['2018-06-01', 24.9, 25.5, 24.75, 25.5]
['2018-06-04', 25.35, 26.25, 24.9, 25.65]
['2018-06-05', 26.1, 26.1, 24.9, 25.5]
['2018-06-06', 25.65, 29.25, 25.35, 27.3]
['2018-06-07', 28.2, 28.35, 25.67, 26.7]
['2018-06-08', 26.7, 27.6, 25.8, 27.15]
['2018-06-11', 27.45, 28.95, 27.15, 27.9]
['2018-06-12', 27.6, 29.85, 27.6, 27.9]
['2018-06-13', 27.9, 28.2, 26.25, 26.4]
['2018-06-14', 27.0, 27.0, 25.8, 25.8]
['2018-06-15', 26.4, 27.89, 25.65, 27.0]
['2018-06-18', 27.45, 27.75, 26.1, 26.1]
['2018-06-19', 25.8, 26.7, 25.8, 25.95]
['2018-06-20', 26.55, 26.7, 25.65, 25.88]
['2018-06-21', 25.8, 26.85, 25.65, 25.8]
['2018-06-22', 25.95, 26.39, 25.35, 25.35]
['2018-06-25', 25.65, 25.65, 24.75, 25.05]
['2018-06-26', 25.05, 25.8, 24.75, 25.5]
['2018-06-27', 26.55, 26.55, 25.5, 25.65]
['2018-06-28', 25.95, 26.25, 25.65, 25.88]
['2018-06-29', 26.1, 26.85, 25.65, 26.85]
['2018-07-02', 26.85, 27.75, 26.35, 27.23]
['2018-07-03', 27.15, 27.9, 26.85, 27.9]
['2018-07-05', 27.9, 31.35, 27.45, 30.0]
['2018-07-06', 29.7, 30.43, 27.9, 29.7]
['2018-07-09', 29.7, 30.94, 28.5, 29.1]
['2018-07-10', 28.8, 29.1, 26.25, 26.4]
['2018-07-11', 26.4, 27.3, 26.25, 27.3]
['2018-07-12', 27.3, 27.45, 26.26, 26.48]
['2018-07-13', 26.7, 26.83, 25.65, 26.39]
['2018-07-16', 25.95, 27.18, 25.95, 26.83]
['2018-07-17', 27.0, 27.3, 26.4, 26.7]
['2018-07-18', 27.3, 28.35, 26.4, 28.33]
['2018-07-19', 28.05, 28.05, 26.7, 27.75]
['2018-07-20', 27.9, 28.8, 27.15, 28.5]
['2018-07-23', 28.8, 31.5, 28.5, 29.4]
['2018-07-24', 29.7, 30.75, 28.47, 28.95]
['2018-07-25', 29.25, 30.45, 28.2, 28.95]
['2018-07-26', 28.95, 29.4, 28.5, 28.67]
['2018-07-27', 28.65, 28.95, 26.25, 27.0]
['2018-07-30', 27.15, 27.18, 26.25, 26.7]
['2018-07-31', 26.55, 27.0, 25.95, 26.4]
['2018-08-01', 26.7, 29.25, 26.4, 28.2]
['2018-08-02', 27.6, 28.35, 27.45, 27.45]
['2018-08-03', 27.6, 27.6, 26.7, 26.85]
['2018-08-06', 26.85, 27.74, 26.85, 27.3]
['2018-08-07', 31.5, 36.0, 29.7, 34.95]
['2018-08-08', 32.1, 38.25, 31.8, 36.0]
['2018-08-09', 36.75, 41.25, 36.15, 41.25]
['2018-08-10', 41.4, 42.0, 34.95, 39.45]
['2018-08-13', 39.45, 40.5, 38.1, 40.2]
['2018-08-14', 40.2, 44.85, 39.6, 43.5]
['2018-08-15', 44.55, 49.5, 42.45, 45.75]
['2018-08-16', 46.5, 47.7, 41.4, 43.35]
['2018-08-17', 42.75, 44.38, 39.75, 40.8]
['2018-08-20', 42.9, 43.2, 38.4, 39.15]
['2018-08-21', 37.35, 38.42, 34.8, 37.8]
['2018-08-22', 37.2, 39.97, 36.6, 38.25]
['2018-08-23', 38.25, 38.85, 36.9, 37.35]
['2018-08-24', 37.2, 38.4, 37.2, 37.95]
['2018-08-27', 37.95, 37.95, 36.15, 36.45]
['2018-08-28', 36.6, 37.78, 36.3, 37.65]
['2018-08-29', 37.65, 38.25, 36.87, 37.65]
['2018-08-30', 37.5, 42.15, 37.5, 40.65]
['2018-08-31', 40.5, 42.0, 39.45, 40.2]
['2018-09-04', 40.35, 40.71, 39.45, 40.05]
['2018-09-05', 39.3, 39.75, 34.95, 37.35]
['2018-09-06', 37.8, 37.95, 36.45, 36.6]
['2018-09-07', 36.45, 37.2, 36.0, 36.6]
['2018-09-10', 37.35, 38.21, 36.45, 36.45]
['2018-09-11', 36.6, 36.6, 32.25, 32.25]
['2018-09-12', 32.55, 35.7, 32.4, 34.65]
['2018-09-13', 34.2, 34.35, 31.8, 32.25]
['2018-09-14', 32.4, 32.55, 30.9, 31.35]
['2018-09-17', 31.8, 31.8, 30.0, 30.45]
['2018-09-18', 30.6, 33.0, 30.0, 31.95]
['2018-09-19', 32.55, 33.01, 31.12, 31.65]
['2018-09-20', 32.25, 32.4, 31.05, 31.2]
['2018-09-21', 30.75, 34.5, 30.75, 34.05]
['2018-09-24', 33.75, 35.55, 33.03, 34.95]
['2018-09-25', 35.25, 36.9, 34.83, 36.6]
['2018-09-26', 36.15, 36.6, 33.15, 33.75]
['2018-09-27', 34.05, 35.1, 33.45, 33.75]
['2018-09-28', 35.25, 35.25, 34.15, 35.1]
['2018-10-01', 34.95, 35.25, 33.9, 34.5]
['2018-10-02', 34.5, 34.65, 33.9, 34.5]
['2018-10-03', 34.5, 36.0, 32.55, 33.45]
['2018-10-04', 32.7, 33.42, 31.8, 32.25]
['2018-10-05', 32.1, 33.35, 31.95, 31.95]
['2018-10-08', 32.4, 33.6, 31.35, 32.55]
['2018-10-09', 32.1, 32.65, 30.75, 31.05]
['2018-10-10', 30.9, 31.35, 29.85, 29.85]
['2018-10-11', 29.7, 31.35, 29.7, 30.75]
['2018-10-12', 32.25, 32.7, 31.2, 32.25]
['2018-10-15', 32.4, 32.7, 31.5, 32.1]
['2018-10-16', 32.1, 33.0, 32.1, 32.1]
['2018-10-17', 32.1, 32.7, 30.9, 31.2]
['2018-10-18', 31.35, 31.8, 30.6, 31.5]
['2018-10-19', 31.5, 31.5, 30.15, 30.45]
['2018-10-22', 30.45, 30.9, 29.7, 30.3]
['2018-10-23', 30.0, 31.05, 28.65, 30.6]
['2018-10-24', 31.2, 33.0, 30.56, 31.65]
['2018-10-25', 31.65, 31.95, 30.89, 31.2]
['2018-10-26', 30.75, 31.5, 29.85, 30.9]
['2018-10-29', 30.75, 31.5, 30.6, 31.05]
['2018-10-30', 30.75, 30.9, 26.25, 28.2]
['2018-10-31', 28.5, 30.3, 28.35, 28.35]
['2018-11-01', 28.65, 30.75, 28.65, 30.75]
['2018-11-02', 30.75, 31.5, 30.3, 31.2]
['2018-11-05', 31.05, 32.51, 30.75, 31.5]
['2018-11-06', 31.35, 31.8, 30.6, 31.05]
['2018-11-07', 31.35, 32.7, 31.35, 32.25]
['2018-11-08', 30.3, 32.25, 29.1, 31.5]
['2018-11-09', 30.75, 32.55, 30.75, 32.1]
['2018-11-12', 31.8, 33.75, 31.5, 31.65]
['2018-11-13', 31.8, 32.72, 31.35, 32.55]
['2018-11-14', 32.25, 32.55, 31.05, 31.5]
['2018-11-15', 31.35, 31.65, 30.15, 31.35]
['2018-11-16', 31.5, 31.5, 29.85, 30.3]
['2018-11-19', 30.3, 30.6, 27.6, 29.1]
['2018-11-20', 28.95, 28.95, 27.45, 28.2]
['2018-11-21', 28.5, 29.1, 28.05, 28.65]
['2018-11-23', 28.8, 29.55, 28.8, 29.1]
['2018-11-26', 28.2, 29.33, 27.6, 27.6]
['2018-11-27', 27.3, 27.75, 27.0, 27.3]
['2018-11-28', 27.45, 28.5, 27.3, 27.75]
['2018-11-29', 27.75, 29.55, 27.3, 29.1]
['2018-11-30', 29.25, 29.4, 27.6, 27.9]
['2018-12-03', 28.35, 28.97, 27.15, 28.5]
['2018-12-04', 28.35, 28.8, 27.45, 27.9]
['2018-12-06', 27.0, 27.6, 26.85, 27.0]
['2018-12-07', 27.3, 27.45, 26.25, 26.55]
['2018-12-10', 27.75, 28.32, 26.17, 27.15]
['2018-12-11', 27.0, 27.0, 25.67, 25.95]
['2018-12-12', 25.65, 26.7, 25.65, 25.8]
['2018-12-13', 26.1, 26.55, 25.05, 25.5]
['2018-12-14', 25.2, 25.35, 24.15, 24.6]
['2018-12-17', 24.6, 24.6, 22.2, 22.35]
['2018-12-18', 22.65, 23.85, 22.2, 22.2]
['2018-12-19', 22.5, 23.55, 22.2, 22.2]
['2018-12-20', 22.2, 22.8, 21.3, 22.05]
['2018-12-21', 22.35, 22.5, 21.0, 21.0]
['2018-12-24', 20.1, 20.25, 18.6, 18.9]
['2018-12-26', 21.0, 21.0, 18.9, 18.9]
['2018-12-27', 20.7, 21.0, 19.5, 20.1]
['2018-12-28', 19.5, 20.55, 19.5, 19.65]
['2018-12-31', 19.65, 19.8, 18.45, 18.6]
['2019-01-02', 18.75, 21.72, 18.75, 21.3]
['2019-01-03', 21.3, 24.3, 20.55, 23.4]
['2019-01-04', 23.4, 27.45, 22.77, 24.9]
['2019-01-07', 24.75, 24.75, 23.55, 24.0]
['2019-01-08', 24.75, 25.09, 22.65, 22.95]
['2019-01-09', 23.25, 23.55, 22.5, 23.25]
['2019-01-10', 23.1, 23.1, 22.35, 22.95]
['2019-01-11', 22.95, 23.1, 22.35, 22.95]
['2019-01-14', 22.95, 24.3, 22.95, 23.4]
['2019-01-15', 24.0, 25.95, 23.85, 25.8]
['2019-01-16', 25.95, 26.01, 24.9, 25.35]
['2019-01-17', 25.2, 25.2, 23.7, 24.9]
['2019-01-18', 25.5, 26.77, 24.3, 25.05]
['2019-01-22', 25.05, 26.25, 24.45, 24.75]
['2019-01-23', 25.2, 26.1, 24.0, 24.75]
['2019-01-24', 24.75, 27.0, 24.15, 26.1]
['2019-01-25', 25.95, 26.25, 24.9, 25.45]
['2019-01-28', 25.95, 25.95, 24.45, 24.75]
['2019-01-29', 24.45, 25.5, 24.3, 24.45]
['2019-01-30', 30.45, 32.85, 25.95, 26.25]
['2019-01-31', 26.25, 27.6, 25.05, 26.1]
['2019-02-01', 26.4, 29.02, 25.65, 28.35]
['2019-02-04', 28.95, 30.3, 28.8, 29.25]
['2019-02-05', 29.25, 30.0, 28.65, 29.1]
['2019-02-06', 29.4, 29.4, 28.65, 28.95]
['2019-02-07', 29.1, 29.7, 27.75, 29.7]
['2019-02-08', 29.55, 30.75, 28.95, 29.7]
['2019-02-11', 30.0, 31.05, 29.85, 30.0]
['2019-02-12', 30.6, 33.39, 30.08, 33.15]
['2019-02-13', 33.0, 34.12, 31.2, 33.45]
['2019-02-14', 33.75, 34.05, 31.95, 32.85]
['2019-02-15', 32.7, 33.67, 32.7, 32.7]
['2019-02-19', 33.15, 33.45, 31.95, 32.25]
['2019-02-20', 31.8, 32.13, 30.15, 30.15]
['2019-02-21', 30.3, 32.33, 30.3, 31.65]
['2019-02-22', 32.25, 32.7, 31.2, 31.5]
['2019-02-25', 32.25, 32.85, 31.5, 32.85]
['2019-02-26', 33.0, 35.85, 32.85, 35.4]
['2019-02-27', 35.7, 37.05, 34.65, 34.95]
['2019-02-28', 35.4, 36.6, 33.75, 35.4]
['2019-03-01', 36.0, 36.38, 32.25, 34.65]
['2019-03-04', 34.95, 35.25, 33.75, 34.5]
['2019-03-05', 34.5, 35.85, 32.85, 35.7]
['2019-03-06', 35.55, 35.55, 32.7, 33.3]
['2019-03-07', 33.3, 33.69, 32.7, 32.7]
['2019-03-08', 32.4, 33.0, 30.9, 31.95]
['2019-03-11', 31.65, 33.0, 31.65, 32.1]
['2019-03-12', 32.1, 33.6, 31.67, 33.45]
['2019-03-13', 33.3, 34.42, 33.15, 34.2]
['2019-03-14', 34.5, 34.8, 33.6, 34.5]
['2019-03-15', 34.5, 37.2, 34.35, 37.2]
['2019-03-18', 37.5, 37.95, 36.6, 37.05]
['2019-03-19', 37.35, 38.1, 36.0, 37.5]
['2019-03-20', 37.2, 37.5, 36.45, 37.2]
['2019-03-21', 37.2, 37.5, 36.45, 36.6]
['2019-03-22', 36.6, 36.6, 35.25, 35.7]
['2019-03-25', 35.55, 36.0, 34.69, 35.4]
['2019-03-26', 35.4, 36.9, 34.5, 35.4]
['2019-03-27', 35.7, 36.3, 34.8, 36.0]
['2019-03-28', 36.0, 36.45, 35.7, 36.45]
['2019-03-29', 36.6, 37.65, 36.15, 37.65]
['2019-04-01', 37.5, 37.8, 36.75, 37.5]
['2019-04-02', 37.2, 37.65, 36.0, 37.65]
['2019-04-03', 37.65, 38.25, 37.2, 37.35]
['2019-04-04', 37.5, 37.8, 36.6, 37.65]
['2019-04-05', 37.8, 37.8, 37.2, 37.5]
['2019-04-08', 37.65, 37.65, 36.75, 37.5]
['2019-04-09', 36.6, 37.5, 36.6, 36.75]
['2019-04-10', 36.9, 37.65, 36.6, 37.05]
['2019-04-11', 37.2, 38.25, 37.2, 37.8]
['2019-04-12', 37.8, 37.8, 37.2, 37.8]
['2019-04-15', 37.5, 37.5, 36.6, 37.35]
['2019-04-16', 37.5, 37.5, 36.0, 36.6]
['2019-04-17', 36.45, 36.45, 33.6, 33.9]
['2019-04-18', 33.6, 34.05, 32.85, 33.45]
['2019-04-22', 33.45, 34.05, 33.45, 34.05]
['2019-04-23', 33.6, 36.0, 33.45, 35.55]
['2019-04-24', 35.25, 35.55, 34.88, 35.4]
['2019-04-25', 34.95, 35.29, 33.3, 34.65]
['2019-04-26', 34.35, 34.35, 32.25, 32.25]
['2019-04-29', 32.25, 33.0, 32.25, 32.7]
['2019-04-30', 32.85, 33.0, 32.25, 33.0]
['2019-05-01', 33.75, 33.92, 32.25, 32.55]
['2019-05-02', 32.7, 33.0, 31.35, 31.95]
['2019-05-03', 31.65, 33.0, 31.05, 33.0]
['2019-05-06', 31.95, 32.7, 31.35, 31.65]
['2019-05-07', 31.5, 31.5, 30.0, 30.15]
['2019-05-08', 30.0, 30.9, 30.0, 30.3]
['2019-05-09', 29.85, 29.86, 27.0, 27.3]
['2019-05-10', 27.75, 29.1, 27.75, 27.9]
['2019-05-13', 28.5, 28.5, 26.4, 26.4]
['2019-05-14', 25.8, 30.6, 24.9, 30.15]
['2019-05-15', 29.55, 31.05, 28.8, 29.4]
['2019-05-16', 28.65, 28.65, 26.4, 26.7]
['2019-05-17', 26.7, 27.3, 26.7, 26.7]
['2019-05-20', 26.7, 29.25, 26.25, 28.65]
['2019-05-21', 28.95, 29.55, 27.45, 27.9]
['2019-05-22', 18.6, 22.5, 17.7, 20.55]
['2019-05-23', 22.05, 23.25, 21.15, 22.95]
['2019-05-24', 22.65, 22.8, 21.9, 22.35]
['2019-05-28', 22.5, 22.5, 21.15, 21.75]
['2019-05-29', 21.9, 22.5, 19.65, 20.55]
['2019-05-30', 21.0, 22.2, 20.4, 21.6]
['2019-05-31', 21.15, 21.6, 19.65, 19.95]
['2019-06-03', 19.95, 21.38, 19.8, 20.77]
['2019-06-04', 20.85, 21.75, 20.85, 21.15]
['2019-06-05', 22.5, 23.55, 19.65, 19.65]
['2019-06-06', 20.25, 20.4, 19.5, 19.8]
['2019-06-07', 19.95, 20.85, 19.5, 19.5]
['2019-06-10', 19.8, 20.55, 19.5, 19.95]
['2019-06-11', 19.95, 20.4, 19.5, 19.65]
['2019-06-12', 19.95, 20.25, 18.75, 19.2]
['2019-06-13', 19.5, 19.95, 19.2, 19.95]
['2019-06-14', 19.95, 20.25, 19.2, 19.65]
['2019-06-17', 19.5, 20.1, 18.9, 19.05]
['2019-06-18', 19.2, 20.1, 19.2, 19.35]
['2019-06-19', 19.5, 19.8, 19.2, 19.5]
['2019-06-20', 19.05, 20.25, 19.05, 19.5]
['2019-06-21', 19.95, 19.95, 19.05, 19.05]
['2019-06-24', 19.35, 19.78, 19.2, 19.35]
['2019-06-25', 19.5, 19.65, 19.05, 19.05]
['2019-06-26', 19.2, 20.85, 18.9, 19.2]
['2019-06-27', 20.1, 20.1, 19.2, 19.5]
['2019-06-28', 19.5, 19.67, 19.05, 19.05]
['2019-07-01', 19.05, 19.95, 19.05, 19.05]
['2019-07-02', 19.05, 19.65, 19.05, 19.05]
['2019-07-03', 19.05, 19.2, 18.75, 18.9]
['2019-07-05', 18.75, 19.5, 18.75, 18.9]
['2019-07-08', 19.05, 19.5, 18.45, 19.05]
['2019-07-09', 19.05, 19.5, 18.45, 19.2]
['2019-07-10', 19.5, 19.5, 18.6, 18.75]
['2019-07-11', 18.6, 19.35, 18.45, 19.2]
['2019-07-12', 19.2, 19.65, 18.75, 18.9]
['2019-07-15', 18.9, 19.44, 18.45, 18.75]
['2019-07-16', 18.9, 18.96, 18.0, 18.3]
['2019-07-17', 18.0, 18.3, 16.8, 17.4]
['2019-07-18', 17.4, 18.0, 16.95, 17.55]
['2019-07-19', 17.85, 18.54, 17.55, 18.23]
['2019-07-22', 18.3, 18.6, 18.0, 18.38]
['2019-07-23', 18.0, 18.9, 18.0, 18.75]
['2019-07-24', 18.3, 18.9, 18.0, 18.83]
['2019-07-25', 19.05, 19.05, 18.15, 18.3]
['2019-07-26', 18.3, 18.54, 17.55, 18.0]
['2019-07-29', 18.15, 18.15, 17.7, 17.7]
['2019-07-30', 17.77, 18.0, 17.25, 18.0]
['2019-07-31', 17.9, 18.15, 17.85, 18.0]
['2019-08-01', 18.0, 18.1, 17.25, 17.25]
['2019-08-02', 16.8, 17.1, 13.05, 14.18]
['2019-08-05', 14.18, 14.18, 13.2, 13.48]
['2019-08-06', 13.5, 13.95, 13.5, 13.86]
['2019-08-07', 13.8, 13.98, 13.35, 13.35]
['2019-08-08', 13.35, 13.89, 12.15, 13.65]
['2019-08-09', 13.65, 13.65, 12.7, 12.98]
['2019-08-12', 13.5, 13.5, 12.3, 12.45]
['2019-08-13', 12.45, 12.75, 12.45, 12.75]
['2019-08-14', 12.59, 12.59, 11.55, 11.86]
['2019-08-15', 12.0, 13.2, 12.0, 12.57]
['2019-08-16', 12.75, 12.9, 12.39, 12.75]
['2019-08-19', 12.99, 12.99, 12.45, 12.75]
['2019-08-20', 12.75, 12.75, 12.3, 12.44]
['2019-08-21', 12.3, 12.63, 12.0, 12.45]
['2019-08-22', 12.57, 12.57, 12.0, 12.24]
['2019-08-23', 12.3, 12.45, 11.27, 11.4]
['2019-08-26', 11.85, 12.0, 10.57, 11.39]
['2019-08-27', 11.72, 12.06, 11.7, 12.0]
['2019-08-28', 11.85, 12.0, 11.4, 11.55]
['2019-08-29', 11.52, 11.55, 10.35, 10.35]
['2019-08-30', 10.4, 11.1, 8.7, 9.87]
['2019-09-03', 9.52, 9.6, 8.28, 8.73]
['2019-09-04', 8.3, 8.43, 7.35, 8.1]
['2019-09-05', 8.67, 8.67, 7.53, 8.4]
['2019-09-06', 9.75, 11.55, 8.64, 8.7]
['2019-09-09', 9.0, 9.28, 8.41, 8.58]
['2019-09-10', 8.55, 9.75, 8.27, 9.33]
['2019-09-11', 9.45, 9.59, 8.72, 8.85]
['2019-09-12', 9.0, 9.0, 8.44, 8.64]
['2019-09-13', 8.94, 8.94, 8.1, 8.51]
['2019-09-16', 8.55, 8.85, 8.34, 8.41]
['2019-09-17', 8.4, 8.53, 8.11, 8.25]
['2019-09-18', 8.4, 8.49, 7.95, 7.95]
['2019-09-19', 8.06, 8.11, 7.65, 7.76]
['2019-09-20', 8.1, 8.1, 7.57, 8.07]
['2019-09-23', 8.07, 8.16, 7.66, 7.77]
['2019-09-24', 7.95, 7.95, 7.5, 7.57]
['2019-09-25', 7.64, 8.1, 7.51, 7.92]
['2019-09-26', 7.99, 8.46, 7.95, 8.25]
['2019-09-27', 8.14, 8.55, 8.1, 8.35]
['2019-09-30', 8.4, 8.4, 7.69, 7.95]
['2019-10-01', 7.8, 8.16, 7.8, 7.87]
['2019-10-02', 7.5, 8.4, 7.5, 8.22]
['2019-10-03', 8.2, 8.31, 7.83, 8.1]
['2019-10-04', 8.01, 8.31, 7.8, 7.95]
['2019-10-07', 8.02, 8.25, 7.72, 7.75]
['2019-10-08', 7.65, 7.81, 7.17, 7.24]
['2019-10-09', 7.24, 7.51, 7.24, 7.44]
['2019-10-10', 7.44, 7.5, 7.33, 7.35]
['2019-10-11', 7.41, 7.86, 7.41, 7.86]
['2019-10-14', 8.25, 8.25, 7.54, 7.75]
['2019-10-15', 8.1, 9.0, 7.72, 7.95]
['2019-10-16', 8.02, 8.02, 7.65, 7.8]
['2019-10-17', 8.25, 9.88, 7.66, 8.67]
['2019-10-18', 8.67, 9.87, 8.4, 9.87]
['2019-10-21', 9.9, 10.8, 9.88, 10.59]
['2019-10-22', 10.95, 10.95, 9.3, 9.61]
['2019-10-23', 9.6, 9.6, 9.15, 9.3]
['2019-10-24', 9.3, 9.6, 8.85, 8.92]
['2019-10-25', 8.92, 9.45, 8.79, 8.89]
['2019-10-28', 9.55, 11.77, 9.15, 10.6]
['2019-10-29', 10.8, 10.95, 9.57, 10.5]
['2019-10-30', 10.62, 10.62, 9.6, 9.82]
['2019-10-31', 11.17, 11.4, 9.45, 9.75]
['2019-11-01', 9.6, 9.72, 9.15, 9.45]
['2019-11-04', 9.6, 9.67, 9.0, 9.15]
['2019-11-05', 9.6, 10.15, 9.3, 9.45]
['2019-11-06', 9.6, 9.6, 9.15, 9.15]
['2019-11-07', 9.15, 9.3, 9.15, 9.15]
['2019-11-08', 9.15, 9.27, 8.85, 9.09]
['2019-11-11', 9.3, 9.3, 8.92, 9.0]
['2019-11-12', 9.0, 9.3, 8.86, 9.24]
['2019-11-13', 9.6, 9.6, 8.86, 8.92]
['2019-11-14', 9.15, 9.15, 8.01, 8.26]
['2019-11-15', 8.4, 8.94, 8.1, 8.32]
['2019-11-18', 8.17, 8.28, 7.8, 7.84]
['2019-11-19', 7.95, 8.25, 7.84, 8.02]
['2019-11-20', 8.07, 8.23, 7.95, 7.95]
['2019-11-21', 8.25, 8.25, 7.72, 7.87]
['2019-11-22', 7.95, 8.4, 7.95, 8.17]
['2019-11-25', 8.28, 8.38, 8.1, 8.19]
['2019-11-26', 8.25, 9.15, 8.17, 8.4]
['2019-11-27', 8.4, 8.4, 8.02, 8.04]
['2019-11-29', 8.4, 8.61, 8.1, 8.61]
['2019-12-02', 9.15, 9.15, 8.25, 8.38]
['2019-12-03', 8.4, 8.86, 8.29, 8.47]
['2019-12-04', 8.41, 8.68, 8.25, 8.25]
['2019-12-05', 8.25, 8.7, 8.25, 8.4]
['2019-12-06', 8.37, 8.37, 8.07, 8.07]
['2019-12-09', 8.19, 8.56, 7.8, 8.4]
['2019-12-10', 8.7, 8.7, 8.3, 8.55]
['2019-12-11', 8.85, 8.85, 8.4, 8.62]
['2019-12-12', 8.85, 9.15, 8.48, 8.76]
['2019-12-13', 8.85, 9.0, 8.7, 8.76]
['2019-12-16', 8.7, 8.85, 8.25, 8.77]
['2019-12-17', 8.85, 8.85, 8.39, 8.53]
['2019-12-18', 8.7, 8.7, 8.1, 8.1]
['2019-12-19', 7.05, 7.05, 5.95, 6.2]
['2019-12-20', 6.15, 6.3, 5.85, 5.85]
['2019-12-23', 6.0, 6.16, 5.47, 5.55]
['2019-12-24', 5.58, 5.85, 5.52, 5.7]
['2019-12-26', 5.7, 5.85, 5.47, 5.67]
['2019-12-27', 5.7, 6.0, 5.25, 5.25]
['2019-12-30', 5.7, 6.05, 5.28, 6.01]
['2019-12-31', 6.01, 6.15, 5.85, 5.86]
['2020-01-02', 6.15, 6.15, 5.68, 6.0]
['2020-01-03', 5.93, 6.06, 5.68, 5.7]
['2020-01-06', 5.85, 6.38, 5.67, 6.11]
['2020-01-07', 6.15, 6.55, 5.88, 5.99]
['2020-01-08', 5.89, 6.24, 5.78, 6.14]
['2020-01-09', 6.0, 6.07, 5.85, 5.93]
['2020-01-10', 6.38, 6.38, 5.55, 5.55]
['2020-01-13', 5.62, 5.78, 5.2, 5.25]
['2020-01-14', 5.4, 5.93, 5.32, 5.84]
['2020-01-15', 5.85, 5.94, 5.62, 5.74]
['2020-01-16', 5.85, 6.09, 5.68, 5.74]
['2020-01-17', 5.7, 5.8, 5.39, 5.47]
['2020-01-21', 5.7, 5.78, 5.53, 5.78]
['2020-01-22', 5.68, 5.85, 5.68, 5.74]
['2020-01-23', 5.7, 5.73, 5.59, 5.61]
['2020-01-24', 5.7, 5.72, 5.4, 5.62]
['2020-01-27', 5.55, 5.61, 5.43, 5.45]
['2020-01-28', 5.55, 6.15, 5.4, 6.11]
['2020-01-29', 6.3, 6.53, 6.15, 6.3]
['2020-01-30', 5.84, 5.91, 5.26, 5.85]
['2020-01-31', 5.85, 5.85, 5.41, 5.52]
['2020-02-03', 5.55, 5.82, 5.43, 5.47]
['2020-02-04', 5.55, 6.0, 5.47, 5.61]
['2020-02-05', 5.7, 5.85, 5.7, 5.73]
['2020-02-06', 5.85, 6.0, 5.7, 5.8]
['2020-02-07', 6.0, 6.0, 5.51, 5.66]
['2020-02-10', 5.85, 5.85, 5.43, 5.49]
['2020-02-11', 5.73, 5.73, 5.43, 5.49]
['2020-02-12', 5.55, 5.7, 5.46, 5.52]
['2020-02-13', 5.59, 5.59, 5.47, 5.49]
['2020-02-14', 5.49, 5.55, 5.47, 5.51]
['2020-02-18', 5.55, 5.7, 5.52, 5.53]
['2020-02-19', 5.62, 5.62, 5.49, 5.57]
['2020-02-20', 5.62, 5.72, 5.55, 5.64]
['2020-02-21', 5.67, 5.85, 5.62, 5.7]
['2020-02-24', 5.47, 5.7, 5.47, 5.58]
['2020-02-25', 6.06, 6.38, 5.55, 5.79]
['2020-02-26', 5.85, 5.85, 5.47, 5.58]
['2020-02-27', 5.49, 5.5, 4.57, 5.05]
['2020-02-28', 4.95, 4.95, 4.2, 4.49]
['2020-03-02', 4.51, 5.18, 4.51, 4.98]
['2020-03-03', 5.24, 5.4, 4.68, 4.82]
['2020-03-04', 4.95, 5.1, 4.72, 4.89]
['2020-03-05', 4.95, 4.97, 4.59, 4.77]
['2020-03-06', 4.62, 4.95, 4.62, 4.83]
['2020-03-09', 4.2, 4.8, 3.94, 4.56]
['2020-03-10', 4.78, 4.86, 4.35, 4.38]
['2020-03-11', 4.35, 4.35, 3.84, 3.93]
['2020-03-12', 3.3, 3.75, 3.02, 3.75]
['2020-03-13', 3.75, 3.9, 3.05, 3.11]
['2020-03-16', 3.0, 3.0, 2.25, 2.79]
['2020-03-17', 3.0, 3.11, 2.71, 2.94]
['2020-03-18', 2.85, 3.29, 2.78, 2.98]
['2020-03-19', 2.85, 3.39, 2.85, 3.33]
['2020-03-20', 3.33, 3.51, 3.16, 3.29]
['2020-03-23', 3.15, 3.3, 3.08, 3.08]
['2020-03-24', 3.15, 3.43, 3.0, 3.3]
['2020-03-25', 3.2, 3.39, 2.8, 2.83]
['2020-03-26', 2.85, 3.04, 2.5, 2.54]
['2020-03-27', 2.5, 3.84, 2.25, 3.75]
['2020-03-30', 2.99, 3.94, 2.99, 3.03]
['2020-03-31', 2.97, 3.0, 2.55, 2.83]
['2020-04-01', 2.76, 2.91, 2.6, 2.76]
['2020-04-02', 2.69, 2.8, 2.6, 2.66]
['2020-04-03', 2.66, 2.7, 2.55, 2.55]
['2020-04-06', 2.56, 2.84, 2.55, 2.76]
['2020-04-07', 2.81, 2.81, 2.6, 2.73]
['2020-04-08', 2.69, 2.85, 2.65, 2.82]
['2020-04-09', 2.82, 2.86, 2.74, 2.78]
['2020-04-13', 2.71, 3.22, 2.67, 3.17]
['2020-04-14', 3.2, 3.81, 3.06, 3.6]
['2020-04-15', 3.55, 3.55, 3.17, 3.38]
['2020-04-16', 3.31, 3.37, 3.23, 3.28]
['2020-04-17', 3.28, 3.59, 3.26, 3.43]
['2020-04-20', 3.43, 3.61, 3.35, 3.45]
['2020-04-21', 3.35, 3.59, 3.33, 3.49]
['2020-04-22', 3.53, 4.32, 3.4, 4.05]
['2020-04-23', 4.27, 4.39, 4.15, 4.3]
['2020-04-24', 4.45, 4.45, 3.69, 3.96]
['2020-04-27', 3.96, 4.25, 3.96, 4.1]
['2020-04-28', 4.12, 4.17, 3.8, 3.9]
['2020-04-29', 3.85, 4.03, 3.85, 3.96]
['2020-04-30', 3.96, 4.0, 3.77, 3.89]
['2020-05-01', 4.02, 4.02, 3.5, 3.78]
['2020-05-04', 3.7, 3.87, 3.6, 3.87]
['2020-05-05', 3.92, 4.0, 3.47, 3.64]
['2020-05-06', 3.6, 4.1, 3.44, 3.45]
['2020-05-07', 3.45, 3.59, 3.45, 3.53]
['2020-05-08', 3.52, 3.71, 3.51, 3.57]
['2020-05-11', 3.61, 3.98, 3.43, 3.56]
['2020-05-12', 3.56, 3.58, 3.17, 3.18]
['2020-05-13', 3.25, 3.25, 2.81, 2.91]
['2020-05-14', 2.95, 3.18, 2.8, 3.0]
['2020-05-15', 3.07, 3.13, 2.87, 3.13]
['2020-05-18', 3.2, 3.24, 3.07, 3.14]
['2020-05-19', 3.11, 3.19, 2.98, 3.15]
['2020-05-20', 3.17, 3.29, 3.07, 3.24]
['2020-05-21', 2.99, 3.13, 2.83, 3.04]
['2020-05-22', 3.08, 3.38, 3.04, 3.26]
['2020-05-26', 3.34, 3.85, 3.34, 3.84]
['2020-05-27', 4.0, 4.0, 3.51, 3.61]
['2020-05-28', 3.76, 3.79, 3.4, 3.53]
['2020-05-29', 3.5, 3.85, 3.41, 3.83]
['2020-06-01', 3.82, 4.24, 3.7, 3.9]
['2020-06-02', 3.87, 4.26, 3.82, 3.95]
['2020-06-03', 4.15, 4.28, 4.0, 4.28]
['2020-06-04', 4.33, 5.2, 4.23, 4.95]
['2020-06-05', 5.12, 5.3, 4.78, 5.18]
