['2019-10-03', 11.2, 13.84, 11.17, 13.7]
['2019-10-04', 13.5, 13.8, 12.96, 13.49]
['2019-10-07', 13.44, 14.1, 13.17, 14.0]
['2019-10-08', 14.0, 14.28, 13.6, 13.74]
['2019-10-09', 13.76, 13.99, 13.01, 13.3]
['2019-10-10', 13.31, 13.76, 12.1, 12.67]
['2019-10-11', 12.84, 13.16, 12.53, 12.99]
['2019-10-14', 12.98, 14.03, 12.6, 13.35]
['2019-10-15', 13.7, 14.56, 12.97, 12.98]
['2019-10-16', 13.0, 13.8, 12.79, 13.12]
['2019-10-17', 13.01, 13.98, 12.85, 13.0]
['2019-10-18', 13.07, 13.65, 12.8, 13.1]
['2019-10-21', 13.34, 13.99, 13.1, 13.27]
['2019-10-22', 13.3, 13.98, 13.28, 13.73]
['2019-10-23', 13.85, 14.15, 13.82, 13.95]
['2019-10-24', 14.13, 14.84, 13.76, 14.05]
['2019-10-25', 14.21, 14.25, 13.86, 14.05]
['2019-10-28', 14.25, 14.69, 14.0, 14.27]
['2019-10-29', 14.4, 14.56, 14.12, 14.34]
['2019-10-30', 14.53, 14.75, 13.6, 13.8]
['2019-10-31', 13.91, 14.47, 13.65, 14.4]
['2019-11-01', 14.35, 16.09, 14.15, 15.57]
['2019-11-04', 15.82, 16.42, 15.57, 15.91]
['2019-11-05', 16.13, 16.35, 15.5, 15.73]
['2019-11-06', 15.9, 16.23, 15.71, 15.76]
['2019-11-07', 15.89, 16.11, 15.54, 15.76]
['2019-11-08', 15.76, 16.0, 15.1, 15.2]
['2019-11-11', 15.15, 15.95, 14.28, 15.08]
['2019-11-12', 15.03, 15.82, 14.75, 14.88]
['2019-11-13', 14.79, 15.86, 14.6, 15.19]
['2019-11-14', 15.26, 15.61, 14.88, 15.37]
['2019-11-15', 15.29, 16.3, 14.98, 15.74]
['2019-11-18', 15.75, 17.44, 15.16, 16.5]
['2019-11-19', 16.79, 17.41, 16.5, 16.82]
['2019-11-20', 16.92, 17.37, 16.15, 16.16]
['2019-11-21', 16.27, 16.55, 15.41, 16.34]
['2019-11-22', 16.39, 16.5, 16.0, 16.3]
['2019-11-25', 16.44, 16.98, 16.14, 16.25]
['2019-11-26', 16.3, 16.65, 15.75, 16.47]
['2019-11-27', 16.4, 16.91, 16.11, 16.16]
['2019-11-29', 16.16, 16.92, 16.16, 16.7]
['2019-12-02', 16.77, 17.29, 16.45, 16.93]
['2019-12-03', 16.96, 17.23, 15.5, 15.74]
['2019-12-04', 15.84, 16.1, 15.09, 15.56]
['2019-12-05', 15.67, 15.88, 15.2, 15.24]
['2019-12-06', 15.75, 15.8, 15.2, 15.44]
['2019-12-09', 15.47, 16.18, 15.0, 15.7]
['2019-12-10', 15.7, 16.69, 15.7, 15.88]
['2019-12-11', 15.94, 17.7, 15.54, 16.79]
['2019-12-12', 16.91, 20.49, 16.9, 18.73]
['2019-12-13', 18.95, 19.82, 18.45, 18.48]
['2019-12-16', 18.67, 18.88, 17.68, 17.92]
['2019-12-17', 17.88, 18.25, 17.12, 17.25]
['2019-12-18', 17.26, 18.08, 17.18, 17.54]
['2019-12-19', 17.54, 18.8, 17.54, 18.17]
['2019-12-20', 18.41, 20.38, 17.2, 17.31]
['2019-12-23', 17.46, 18.82, 17.46, 18.03]
['2019-12-24', 18.03, 18.36, 17.76, 18.17]
['2019-12-26', 18.2, 19.37, 18.04, 18.62]
['2019-12-27', 18.66, 19.1, 17.88, 18.34]
['2019-12-30', 18.49, 18.49, 17.53, 17.95]
['2019-12-31', 17.88, 18.7, 17.41, 17.53]
['2020-01-02', 17.62, 18.39, 16.77, 17.22]
['2020-01-03', 17.31, 17.94, 16.52, 16.67]
['2020-01-06', 16.96, 17.45, 16.5, 17.22]
['2020-01-07', 17.25, 17.36, 16.76, 17.24]
['2020-01-08', 17.31, 18.57, 17.1, 18.22]
['2020-01-09', 18.37, 18.45, 17.8, 18.14]
['2020-01-10', 18.25, 18.55, 17.97, 18.42]
['2020-01-13', 18.46, 20.3, 18.29, 20.19]
['2020-01-14', 20.19, 22.0, 19.84, 21.82]
['2020-01-15', 22.0, 24.67, 21.9, 23.05]
['2020-01-16', 23.39, 25.26, 22.5, 25.16]
['2020-01-17', 25.36, 26.4, 24.05, 24.76]
['2020-01-21', 25.0, 27.57, 25.0, 26.0]
['2020-01-22', 26.94, 27.08, 24.5, 24.97]
['2020-01-23', 25.16, 26.38, 23.03, 23.13]
['2020-01-24', 23.13, 23.46, 21.7, 22.31]
['2020-01-27', 21.89, 22.88, 21.46, 22.12]
['2020-01-28', 22.39, 23.97, 22.2, 22.87]
['2020-01-29', 22.98, 23.6, 22.01, 22.48]
['2020-01-30', 22.32, 23.94, 22.05, 23.66]
['2020-01-31', 23.62, 25.1, 23.17, 23.91]
['2020-02-03', 24.03, 27.2, 23.81, 26.64]
['2020-02-04', 26.5, 28.78, 25.73, 26.75]
['2020-02-05', 26.88, 27.84, 26.85, 27.55]
['2020-02-06', 27.45, 27.61, 24.77, 24.93]
['2020-02-07', 24.75, 26.99, 24.0, 26.19]
['2020-02-10', 26.08, 26.81, 24.76, 25.3]
['2020-02-11', 25.66, 26.81, 24.93, 25.51]
['2020-02-12', 25.44, 26.07, 24.91, 25.05]
['2020-02-13', 24.9, 25.0, 23.52, 24.59]
['2020-02-14', 24.7, 24.76, 23.58, 24.15]
['2020-02-18', 24.32, 24.49, 23.89, 24.04]
['2020-02-19', 24.1, 24.41, 23.05, 23.68]
['2020-02-20', 23.6, 24.45, 23.06, 23.32]
['2020-02-21', 23.21, 24.8, 23.05, 24.59]
['2020-02-24', 23.76, 24.19, 23.15, 23.41]
['2020-02-25', 23.55, 24.49, 22.5, 22.83]
['2020-02-26', 22.92, 23.63, 22.13, 23.55]
['2020-02-27', 23.24, 23.7, 21.65, 21.7]
['2020-02-28', 21.08, 21.84, 20.11, 21.66]
['2020-03-02', 21.74, 22.15, 20.51, 21.2]
['2020-03-03', 21.33, 21.45, 20.0, 20.33]
['2020-03-04', 21.0, 24.61, 20.66, 21.81]
['2020-03-05', 21.5, 23.92, 19.51, 20.1]
['2020-03-06', 19.5, 20.84, 19.5, 20.68]
['2020-03-09', 19.5, 20.42, 18.88, 19.01]
['2020-03-10', 19.93, 19.93, 18.3, 18.93]
['2020-03-11', 18.26, 18.9, 18.0, 18.51]
['2020-03-12', 17.01, 17.59, 16.3, 16.73]
['2020-03-13', 17.36, 18.88, 16.09, 17.51]
['2020-03-16', 16.75, 17.0, 15.54, 16.36]
['2020-03-17', 16.52, 20.24, 16.26, 20.24]
['2020-03-18', 19.69, 19.69, 16.81, 17.87]
['2020-03-19', 17.85, 19.86, 17.7, 19.17]
['2020-03-20', 18.96, 20.48, 18.55, 19.85]
['2020-03-23', 19.4, 19.75, 17.51, 17.74]
['2020-03-24', 18.44, 19.58, 16.75, 17.17]
['2020-03-25', 17.35, 19.65, 16.52, 19.6]
['2020-03-26', 18.85, 22.0, 17.8, 21.93]
['2020-03-27', 21.42, 21.42, 18.52, 19.78]
['2020-03-30', 19.18, 21.13, 18.27, 21.13]
['2020-03-31', 20.67, 20.93, 17.26, 17.81]
['2020-04-01', 17.6, 18.35, 14.85, 14.95]
['2020-04-02', 15.16, 16.5, 14.87, 15.32]
['2020-04-03', 15.32, 16.09, 14.92, 15.22]
['2020-04-06', 15.62, 16.66, 14.7, 15.73]
['2020-04-07', 15.97, 16.24, 15.0, 15.29]
['2020-04-08', 15.68, 15.68, 14.7, 15.1]
['2020-04-09', 15.62, 15.62, 14.5, 15.02]
['2020-04-13', 14.93, 15.69, 14.84, 15.12]
['2020-04-14', 15.49, 16.05, 14.98, 15.81]
['2020-04-15', 16.0, 16.08, 14.73, 15.2]
['2020-04-16', 15.41, 15.75, 14.8, 15.1]
['2020-04-17', 15.58, 16.12, 14.75, 16.0]
['2020-04-20', 16.0, 16.3, 15.01, 15.25]
['2020-04-21', 15.02, 15.42, 14.57, 14.65]
['2020-04-22', 14.8, 15.2, 14.5, 15.1]
['2020-04-23', 15.11, 16.5, 15.11, 15.87]
['2020-04-24', 15.92, 16.75, 15.79, 16.38]
['2020-04-27', 16.59, 16.59, 15.48, 15.48]
['2020-04-28', 15.76, 17.02, 15.25, 16.68]
['2020-04-29', 16.99, 17.59, 16.85, 17.05]
['2020-04-30', 16.81, 16.83, 15.54, 15.91]
['2020-05-01', 15.72, 15.72, 15.06, 15.47]
['2020-05-04', 15.39, 15.77, 15.05, 15.35]
['2020-05-05', 15.35, 16.98, 15.31, 16.0]
['2020-05-06', 16.23, 16.99, 15.58, 16.18]
['2020-05-07', 16.41, 17.8, 15.92, 17.52]
['2020-05-08', 17.84, 18.69, 17.05, 18.04]
['2020-05-11', 17.82, 18.59, 17.82, 18.26]
['2020-05-12', 18.51, 18.51, 16.34, 16.61]
['2020-05-13', 16.6, 17.22, 15.8, 17.18]
['2020-05-14', 17.55, 17.94, 16.14, 16.99]
['2020-05-15', 17.17, 20.09, 16.98, 19.47]
['2020-05-18', 19.16, 19.8, 18.6, 19.0]
['2020-05-19', 18.94, 19.0, 18.01, 18.06]
['2020-05-20', 18.23, 19.59, 18.1, 19.4]
['2020-05-21', 18.3, 19.4, 18.05, 19.25]
['2020-05-22', 19.31, 20.0, 18.97, 19.72]
['2020-05-26', 19.52, 20.0, 16.7, 17.37]
['2020-05-27', 17.62, 18.56, 17.19, 18.13]
['2020-05-28', 18.45, 18.89, 17.95, 18.1]
['2020-05-29', 18.51, 18.64, 17.88, 18.56]
['2020-06-01', 18.54, 18.74, 17.42, 17.54]
['2020-06-02', 17.62, 19.0, 17.55, 18.64]
['2020-06-03', 18.95, 19.23, 18.03, 18.46]
['2020-06-04', 18.49, 19.0, 18.02, 18.82]
['2020-06-05', 18.95, 19.25, 18.52, 18.8]
