['2016-08-05', 231.25, 232.5, 212.5, 230.0]
['2016-08-08', 236.25, 236.25, 222.0, 222.0]
['2016-08-09', 225.0, 225.0, 220.75, 224.0]
['2016-08-10', 224.5, 234.52, 220.75, 233.5]
['2016-08-11', 250.0, 250.0, 220.0, 221.75]
['2016-08-12', 237.5, 240.25, 220.25, 238.05]
['2016-08-15', 243.45, 262.5, 239.48, 253.0]
['2016-08-16', 241.75, 254.95, 240.5, 249.75]
['2016-08-17', 250.4, 253.5, 232.75, 250.0]
['2016-08-18', 250.25, 252.5, 225.25, 251.25]
['2016-08-19', 255.0, 255.0, 250.75, 250.75]
['2016-08-22', 250.0, 252.5, 250.0, 250.0]
['2016-08-23', 250.0, 256.25, 250.0, 253.25]
['2016-08-24', 262.5, 262.5, 255.0, 255.0]
['2016-08-25', 262.5, 262.5, 252.5, 252.75]
['2016-08-26', 256.0, 256.25, 250.25, 253.5]
['2016-08-29', 251.75, 253.75, 249.25, 253.75]
['2016-08-30', 262.25, 299.5, 259.98, 282.5]
['2016-08-31', 300.0, 349.5, 299.1, 331.0]
['2016-09-01', 327.0, 346.75, 326.5, 336.25]
['2016-09-02', 327.75, 337.5, 327.75, 330.75]
['2016-09-06', 337.25, 337.5, 328.25, 332.0]
['2016-09-07', 337.5, 337.5, 313.75, 320.75]
['2016-09-08', 316.25, 319.25, 301.25, 308.75]
['2016-09-09', 314.98, 314.98, 302.5, 310.0]
['2016-09-12', 313.5, 313.5, 299.9, 307.5]
['2016-09-13', 275.25, 307.5, 262.5, 285.0]
['2016-09-14', 296.25, 296.25, 279.5, 280.25]
['2016-09-15', 275.25, 291.38, 247.5, 254.75]
['2016-09-16', 233.1, 274.0, 225.25, 240.75]
['2016-09-19', 247.75, 267.3, 242.5, 250.0]
['2016-09-20', 247.25, 256.62, 244.8, 249.75]
['2016-09-21', 250.0, 261.75, 237.5, 261.25]
['2016-09-22', 263.0, 324.75, 237.75, 290.25]
['2016-09-23', 286.5, 286.5, 269.25, 272.75]
['2016-09-26', 291.0, 293.0, 271.52, 282.25]
['2016-09-27', 284.75, 285.0, 278.62, 285.0]
['2016-09-28', 279.0, 312.75, 279.0, 309.0]
['2016-09-29', 318.73, 318.75, 272.0, 282.5]
['2016-09-30', 276.25, 317.0, 250.75, 273.0]
['2016-10-03', 274.25, 286.75, 257.5, 275.0]
['2016-10-04', 275.0, 291.75, 251.52, 260.5]
['2016-10-05', 268.38, 272.0, 257.75, 270.0]
['2016-10-06', 271.5, 277.25, 262.5, 277.25]
['2016-10-07', 277.75, 277.75, 255.75, 268.75]
['2016-10-10', 272.5, 283.75, 256.5, 283.75]
['2016-10-11', 279.25, 287.75, 263.75, 287.75]
['2016-10-12', 286.5, 298.75, 281.5, 282.25]
['2016-10-13', 279.75, 292.75, 277.25, 277.25]
['2016-10-14', 279.75, 284.5, 252.5, 252.75]
['2016-10-17', 255.0, 277.25, 250.5, 250.5]
['2016-10-18', 258.25, 260.0, 250.0, 250.25]
['2016-10-19', 252.0, 267.1, 252.0, 255.5]
['2016-10-20', 263.75, 270.35, 260.75, 261.25]
['2016-10-21', 261.25, 261.25, 252.75, 258.0]
['2016-10-24', 261.48, 264.0, 255.0, 255.0]
['2016-10-25', 259.0, 259.73, 254.5, 257.0]
['2016-10-26', 255.0, 261.98, 241.0, 253.0]
['2016-10-27', 250.25, 256.98, 244.12, 247.25]
['2016-10-28', 249.75, 257.23, 244.0, 244.0]
['2016-10-31', 247.25, 253.25, 234.0, 234.75]
['2016-11-01', 238.57, 248.62, 237.5, 237.5]
['2016-11-02', 231.7, 239.0, 231.7, 239.0]
['2016-11-03', 233.75, 234.1, 225.5, 225.5]
['2016-11-04', 227.25, 236.43, 227.25, 227.5]
['2016-11-07', 232.25, 249.75, 232.25, 249.75]
['2016-11-08', 242.25, 247.5, 234.75, 234.75]
['2016-11-09', 230.0, 232.85, 225.0, 230.25]
['2016-11-10', 234.5, 247.75, 226.0, 235.5]
['2016-11-11', 232.0, 236.5, 228.0, 228.0]
['2016-11-14', 235.0, 235.0, 227.5, 229.5]
['2016-11-15', 229.75, 245.8, 227.5, 235.0]
['2016-11-16', 231.25, 238.1, 231.25, 238.1]
['2016-11-17', 238.75, 246.5, 238.75, 239.75]
['2016-11-18', 245.1, 245.1, 236.75, 236.75]
['2016-11-21', 234.75, 234.75, 234.75, 234.75]
['2016-11-22', 229.57, 240.0, 229.25, 240.0]
['2016-11-23', 240.0, 240.0, 240.0, 240.0]
['2016-11-25', 235.55, 242.5, 227.5, 242.5]
['2016-11-28', 230.25, 237.5, 227.5, 235.5]
['2016-11-29', 227.5, 240.5, 227.5, 233.75]
['2016-11-30', 241.5, 241.5, 232.5, 238.25]
['2016-12-01', 230.0, 236.25, 227.75, 236.25]
['2016-12-02', 234.25, 237.25, 226.25, 230.0]
['2016-12-05', 225.5, 234.5, 225.5, 234.5]
['2016-12-06', 227.5, 229.88, 212.0, 218.75]
['2016-12-07', 227.25, 236.5, 208.0, 228.5]
['2016-12-08', 225.0, 237.0, 223.5, 223.75]
['2016-12-09', 223.75, 224.5, 220.0, 220.25]
['2016-12-12', 220.0, 221.25, 210.25, 213.0]
['2016-12-13', 215.75, 215.75, 181.25, 202.5]
['2016-12-14', 221.5, 228.5, 200.5, 204.5]
['2016-12-15', 201.25, 214.0, 185.25, 190.25]
['2016-12-16', 196.82, 196.82, 187.75, 187.75]
['2016-12-19', 191.0, 194.65, 191.0, 192.5]
['2016-12-20', 191.0, 202.5, 189.07, 200.0]
['2016-12-21', 198.25, 199.75, 192.75, 199.75]
['2016-12-22', 192.75, 200.0, 192.5, 198.5]
['2016-12-23', 190.0, 205.0, 190.0, 204.75]
['2016-12-27', 206.25, 216.0, 191.0, 216.0]
['2016-12-28', 196.3, 220.0, 196.3, 205.25]
['2016-12-29', 205.5, 205.5, 204.5, 204.5]
['2016-12-30', 196.7, 205.25, 191.5, 196.0]
['2017-01-03', 215.5, 215.5, 197.25, 197.25]
['2017-01-04', 205.02, 205.5, 187.75, 200.0]
['2017-01-05', 200.0, 208.5, 200.0, 208.5]
['2017-01-06', 217.65, 232.25, 213.88, 230.75]
['2017-01-09', 250.0, 250.0, 231.45, 237.5]
['2017-01-10', 241.0, 254.25, 241.0, 254.25]
['2017-01-11', 253.27, 254.23, 249.98, 249.98]
['2017-01-12', 235.75, 247.88, 235.0, 247.0]
['2017-01-13', 248.75, 253.5, 248.75, 250.0]
['2017-01-17', 226.0, 246.88, 225.5, 246.88]
['2017-01-18', 245.0, 252.25, 244.25, 251.0]
['2017-01-19', 251.0, 270.0, 251.0, 261.25]
['2017-01-20', 268.0, 268.88, 267.5, 267.75]
['2017-01-23', 266.25, 266.25, 262.75, 262.75]
['2017-01-24', 263.5, 263.75, 251.75, 251.75]
['2017-01-25', 263.75, 264.25, 257.75, 264.25]
['2017-01-26', 264.83, 264.83, 249.0, 252.5]
['2017-01-27', 252.5, 266.0, 252.5, 266.0]
['2017-01-30', 265.25, 265.75, 256.25, 259.02]
['2017-01-31', 267.5, 275.75, 267.5, 275.0]
['2017-02-01', 274.2, 274.75, 261.92, 274.75]
['2017-02-02', 271.0, 272.0, 251.5, 271.75]
['2017-02-03', 272.5, 274.75, 264.25, 272.0]
['2017-02-06', 275.0, 275.0, 268.0, 268.0]
['2017-02-07', 256.25, 265.0, 256.25, 262.5]
['2017-02-08', 258.75, 263.45, 256.55, 262.5]
['2017-02-09', 260.0, 262.5, 253.0, 257.0]
['2017-02-10', 258.75, 258.75, 250.75, 252.0]
['2017-02-13', 252.25, 263.25, 247.0, 255.25]
['2017-02-14', 257.5, 262.12, 257.5, 259.0]
['2017-02-15', 259.0, 259.0, 250.5, 250.5]
['2017-02-16', 254.75, 259.5, 243.75, 243.75]
['2017-02-17', 247.0, 252.0, 243.75, 247.5]
['2017-02-21', 247.0, 250.0, 245.25, 245.25]
['2017-02-22', 250.0, 250.0, 242.5, 242.5]
['2017-02-23', 242.5, 243.75, 225.68, 225.75]
['2017-02-24', 242.02, 243.25, 229.07, 230.0]
['2017-02-27', 241.5, 242.25, 227.5, 242.25]
['2017-02-28', 237.5, 237.5, 232.27, 234.75]
['2017-03-01', 230.0, 234.38, 230.0, 232.5]
['2017-03-02', 237.5, 237.5, 233.0, 234.02]
['2017-03-03', 235.0, 235.25, 232.75, 235.0]
['2017-03-06', 244.48, 244.48, 235.98, 237.5]
['2017-03-07', 236.25, 236.62, 235.0, 235.0]
['2017-03-08', 235.73, 237.5, 235.0, 235.5]
['2017-03-09', 236.5, 238.25, 235.07, 236.25]
['2017-03-10', 237.5, 240.62, 228.75, 229.25]
['2017-03-13', 230.0, 234.48, 227.5, 228.0]
['2017-03-14', 225.0, 231.25, 203.75, 228.75]
['2017-03-15', 235.0, 235.0, 230.27, 231.25]
['2017-03-16', 232.15, 243.75, 231.5, 243.75]
['2017-03-17', 235.73, 237.5, 225.25, 225.25]
['2017-03-20', 230.25, 261.25, 230.0, 253.1]
['2017-03-21', 254.25, 274.58, 250.93, 260.0]
['2017-03-22', 269.0, 295.0, 260.0, 291.5]
['2017-03-23', 297.5, 300.0, 279.92, 295.25]
['2017-03-24', 299.75, 325.0, 285.0, 306.5]
['2017-03-27', 302.5, 312.25, 281.25, 290.5]
['2017-03-28', 287.75, 294.5, 275.7, 278.75]
['2017-03-29', 280.0, 281.5, 261.25, 269.5]
['2017-03-30', 268.75, 268.75, 258.75, 262.75]
['2017-03-31', 264.5, 264.5, 259.8, 262.5]
['2017-04-03', 262.5, 268.5, 251.25, 259.25]
['2017-04-04', 261.5, 268.5, 259.25, 267.0]
['2017-04-05', 266.75, 267.5, 252.0, 252.5]
['2017-04-06', 255.25, 258.5, 251.5, 251.5]
['2017-04-07', 258.75, 259.0, 256.75, 256.75]
['2017-04-10', 265.25, 298.75, 265.25, 281.75]
['2017-04-11', 288.5, 288.5, 277.75, 283.75]
['2017-04-12', 281.08, 292.25, 278.85, 287.5]
['2017-04-13', 287.5, 301.5, 287.5, 291.25]
['2017-04-17', 293.25, 303.75, 289.25, 290.75]
['2017-04-18', 296.7, 300.75, 278.0, 293.25]
['2017-04-19', 294.0, 296.5, 291.5, 293.0]
['2017-04-20', 300.0, 303.05, 286.25, 293.25]
['2017-04-21', 291.75, 291.75, 270.0, 272.75]
['2017-04-24', 274.75, 278.75, 264.17, 272.5]
['2017-04-25', 266.25, 275.0, 263.75, 273.25]
['2017-04-26', 270.0, 274.75, 262.5, 271.25]
['2017-04-27', 263.75, 274.5, 263.75, 266.5]
['2017-04-28', 268.5, 274.5, 262.75, 274.5]
['2017-05-01', 274.75, 279.73, 262.75, 277.5]
['2017-05-02', 277.5, 277.5, 271.38, 275.75]
['2017-05-03', 276.75, 281.0, 276.25, 278.75]
['2017-05-04', 279.8, 281.5, 277.5, 281.25]
['2017-05-05', 281.0, 288.75, 267.62, 280.25]
['2017-05-08', 280.5, 280.5, 271.0, 279.0]
['2017-05-09', 278.75, 279.2, 262.75, 272.75]
['2017-05-10', 274.75, 277.5, 272.5, 275.0]
['2017-05-11', 276.25, 276.25, 263.25, 275.0]
['2017-05-12', 265.75, 274.5, 265.35, 274.5]
['2017-05-15', 274.5, 289.0, 264.0, 270.0]
['2017-05-16', 273.25, 275.5, 263.75, 265.0]
['2017-05-17', 265.0, 267.5, 254.0, 267.25]
['2017-05-18', 261.25, 263.25, 254.25, 260.5]
['2017-05-19', 262.5, 262.5, 257.0, 258.75]
['2017-05-22', 257.75, 258.0, 250.0, 251.5]
['2017-05-23', 250.25, 262.25, 246.38, 250.75]
['2017-05-24', 249.6, 261.25, 249.5, 250.0]
['2017-05-25', 257.5, 280.15, 252.05, 252.75]
['2017-05-26', 253.5, 269.75, 253.5, 262.5]
['2017-05-30', 263.25, 267.5, 250.4, 256.5]
['2017-05-31', 229.0, 257.75, 225.25, 247.5]
['2017-06-01', 244.75, 281.0, 244.52, 269.0]
['2017-06-02', 257.5, 262.5, 253.75, 261.25]
['2017-06-05', 258.25, 274.45, 256.25, 265.0]
['2017-06-06', 269.75, 283.75, 265.0, 265.0]
['2017-06-07', 274.5, 276.25, 265.75, 270.25]
['2017-06-08', 269.25, 274.5, 266.5, 270.0]
['2017-06-09', 270.75, 275.0, 268.75, 272.75]
['2017-06-12', 277.5, 277.5, 264.4, 272.5]
['2017-06-13', 268.5, 281.25, 268.5, 270.25]
['2017-06-14', 270.75, 272.5, 265.75, 272.25]
['2017-06-15', 269.0, 291.25, 269.0, 276.5]
['2017-06-16', 283.52, 287.62, 263.75, 269.5]
['2017-06-19', 272.5, 281.58, 267.0, 267.0]
['2017-06-20', 271.85, 274.0, 262.5, 270.25]
['2017-06-21', 272.73, 283.75, 271.25, 283.0]
['2017-06-22', 285.0, 287.5, 280.5, 282.5]
['2017-06-23', 281.25, 306.25, 275.77, 303.5]
['2017-06-26', 305.25, 331.25, 295.0, 320.0]
['2017-06-27', 320.0, 322.5, 293.5, 296.0]
['2017-06-28', 299.75, 314.75, 299.75, 306.75]
['2017-06-29', 328.75, 336.25, 293.52, 319.0]
['2017-06-30', 318.25, 331.0, 306.75, 320.0]
['2017-07-03', 321.25, 339.73, 321.25, 324.75]
['2017-07-05', 325.0, 339.0, 322.25, 326.75]
['2017-07-06', 328.15, 331.25, 322.0, 325.25]
['2017-07-07', 325.25, 329.0, 312.5, 326.25]
['2017-07-10', 328.75, 329.0, 319.5, 321.25]
['2017-07-11', 323.75, 333.92, 313.02, 329.75]
['2017-07-12', 330.0, 368.4, 327.25, 360.0]
['2017-07-13', 365.75, 412.75, 361.45, 395.0]
['2017-07-14', 395.0, 411.38, 382.25, 407.75]
['2017-07-17', 417.5, 443.75, 408.75, 424.5]
['2017-07-18', 421.25, 435.5, 401.75, 433.75]
['2017-07-19', 435.0, 442.5, 409.75, 417.5]
['2017-07-20', 420.0, 428.25, 405.0, 424.5]
['2017-07-21', 422.0, 437.5, 414.38, 436.25]
['2017-07-24', 442.5, 475.0, 440.0, 473.0]
['2017-07-25', 475.0, 475.0, 445.25, 467.5]
['2017-07-26', 470.25, 487.5, 461.25, 487.25]
['2017-07-27', 487.5, 512.5, 477.5, 505.25]
['2017-07-28', 505.25, 531.75, 496.75, 515.25]
['2017-07-31', 520.0, 536.83, 499.7, 526.75]
['2017-08-01', 537.5, 539.75, 485.5, 488.25]
['2017-08-02', 488.25, 490.0, 465.25, 472.25]
['2017-08-03', 478.0, 494.12, 468.38, 489.38]
['2017-08-04', 493.5, 493.75, 463.0, 466.5]
['2017-08-07', 280.0, 285.5, 215.0, 248.25]
['2017-08-08', 251.75, 253.5, 214.05, 220.0]
['2017-08-09', 227.0, 233.75, 202.25, 210.0]
['2017-08-10', 211.75, 214.75, 180.0, 201.5]
['2017-08-11', 202.0, 220.0, 194.75, 215.75]
['2017-08-14', 215.5, 227.25, 208.75, 222.5]
['2017-08-15', 221.5, 223.75, 210.0, 213.25]
['2017-08-16', 216.25, 218.75, 206.5, 213.25]
['2017-08-17', 214.25, 218.5, 211.75, 215.0]
['2017-08-18', 213.25, 216.25, 204.75, 206.0]
['2017-08-21', 205.0, 206.0, 191.25, 192.5]
['2017-08-22', 191.32, 198.0, 182.75, 193.5]
['2017-08-23', 194.57, 202.25, 190.9, 198.75]
['2017-08-24', 213.0, 219.75, 195.0, 202.0]
['2017-08-25', 200.0, 200.0, 186.25, 192.5]
['2017-08-28', 192.75, 218.75, 190.25, 214.75]
['2017-08-29', 212.0, 231.0, 206.77, 222.0]
['2017-08-30', 222.75, 230.5, 217.75, 229.25]
['2017-08-31', 243.75, 254.75, 232.75, 241.0]
['2017-09-01', 242.5, 248.25, 238.0, 241.75]
['2017-09-05', 240.0, 262.5, 230.0, 261.75]
['2017-09-06', 266.0, 266.0, 247.0, 251.0]
['2017-09-07', 250.5, 262.0, 227.0, 250.75]
['2017-09-08', 252.5, 262.38, 239.0, 252.75]
['2017-09-11', 249.0, 251.75, 236.5, 243.75]
['2017-09-12', 243.0, 251.25, 220.25, 228.75]
['2017-09-13', 230.0, 236.25, 225.48, 229.25]
['2017-09-14', 229.25, 232.0, 219.25, 224.25]
['2017-09-15', 219.0, 229.0, 216.5, 223.75]
['2017-09-18', 221.25, 234.25, 221.25, 227.75]
['2017-09-19', 231.25, 247.12, 230.0, 241.25]
['2017-09-20', 281.25, 284.17, 250.0, 255.5]
['2017-09-21', 257.5, 258.5, 239.12, 256.0]
['2017-09-22', 255.0, 255.75, 240.25, 247.0]
['2017-09-25', 249.75, 252.5, 241.0, 241.0]
['2017-09-26', 245.98, 250.0, 238.0, 240.0]
['2017-09-27', 244.7, 245.5, 232.5, 240.0]
['2017-09-28', 243.5, 245.5, 235.25, 238.75]
['2017-09-29', 233.68, 244.75, 230.0, 237.5]
['2017-10-02', 237.75, 248.25, 237.75, 243.75]
['2017-10-03', 243.25, 245.77, 231.25, 231.25]
['2017-10-04', 230.5, 243.25, 230.5, 235.0]
['2017-10-05', 236.0, 252.0, 236.0, 252.0]
['2017-10-06', 249.5, 268.5, 248.27, 259.5]
['2017-10-09', 258.75, 261.98, 249.75, 249.75]
['2017-10-10', 262.0, 262.5, 252.5, 261.0]
['2017-10-11', 263.5, 263.5, 256.75, 258.0]
['2017-10-12', 254.75, 256.75, 239.75, 245.25]
['2017-10-13', 251.0, 254.5, 236.5, 238.0]
['2017-10-16', 241.75, 249.5, 239.0, 243.75]
['2017-10-17', 238.45, 243.0, 237.75, 240.5]
['2017-10-18', 243.25, 243.25, 232.82, 238.5]
['2017-10-19', 248.5, 248.5, 228.5, 237.0]
['2017-10-20', 245.0, 247.25, 232.5, 233.0]
['2017-10-23', 245.75, 245.75, 234.25, 238.0]
['2017-10-24', 239.5, 242.5, 231.25, 241.0]
['2017-10-25', 240.0, 244.25, 238.25, 240.0]
['2017-10-26', 238.0, 239.25, 231.25, 232.38]
['2017-10-27', 239.0, 270.5, 233.25, 255.5]
['2017-10-30', 257.25, 269.17, 249.25, 254.75]
['2017-10-31', 253.75, 253.75, 241.0, 242.5]
['2017-11-01', 244.0, 260.25, 234.0, 247.5]
['2017-11-02', 246.25, 246.25, 235.25, 239.25]
['2017-11-03', 238.25, 243.75, 233.0, 240.0]
['2017-11-06', 242.25, 247.12, 238.5, 243.25]
['2017-11-07', 240.75, 245.0, 227.25, 233.75]
['2017-11-08', 233.75, 234.82, 223.5, 227.0]
['2017-11-09', 227.25, 234.25, 221.5, 224.75]
['2017-11-10', 225.5, 237.25, 224.0, 232.5]
['2017-11-13', 232.5, 238.25, 224.12, 224.12]
['2017-11-14', 230.0, 249.75, 229.25, 229.5]
['2017-11-15', 228.25, 237.62, 228.25, 232.25]
['2017-11-16', 237.5, 237.5, 233.75, 234.0]
['2017-11-17', 235.0, 237.5, 231.25, 237.5]
['2017-11-20', 242.0, 242.0, 233.75, 237.0]
['2017-11-21', 237.5, 237.5, 229.25, 230.75]
['2017-11-22', 233.0, 233.0, 222.25, 225.0]
['2017-11-24', 227.5, 231.25, 224.5, 229.75]
['2017-11-27', 228.0, 231.25, 223.43, 230.0]
['2017-11-28', 225.75, 232.25, 225.0, 231.25]
['2017-11-29', 231.5, 232.25, 222.5, 222.5]
['2017-11-30', 224.0, 230.25, 213.75, 227.0]
['2017-12-01', 215.3, 225.25, 215.3, 221.25]
['2017-12-04', 219.5, 219.5, 204.5, 206.5]
['2017-12-05', 202.52, 208.25, 196.18, 200.5]
['2017-12-06', 201.02, 204.5, 192.75, 196.5]
['2017-12-07', 194.25, 208.75, 193.25, 194.25]
['2017-12-08', 200.75, 202.25, 187.75, 200.02]
['2017-12-11', 200.0, 210.95, 200.0, 205.5]
['2017-12-12', 205.4, 206.25, 191.0, 191.0]
['2017-12-13', 193.75, 204.75, 193.75, 203.0]
['2017-12-14', 205.0, 208.5, 194.5, 200.25]
['2017-12-15', 202.5, 202.5, 187.5, 196.5]
['2017-12-18', 199.75, 202.05, 199.5, 200.0]
['2017-12-19', 200.0, 202.3, 186.5, 196.5]
['2017-12-20', 196.0, 202.5, 193.35, 199.5]
['2017-12-21', 199.25, 204.5, 196.5, 196.75]
['2017-12-22', 198.25, 205.75, 196.0, 203.25]
['2017-12-26', 204.5, 204.5, 196.5, 197.25]
['2017-12-27', 194.75, 200.75, 194.75, 198.5]
['2017-12-28', 199.0, 200.25, 196.25, 197.5]
['2017-12-29', 198.75, 200.75, 194.02, 198.62]
['2018-01-02', 198.0, 204.5, 186.25, 196.25]
['2018-01-03', 196.25, 198.75, 188.75, 198.0]
['2018-01-04', 199.0, 201.88, 198.0, 200.62]
['2018-01-05', 198.75, 211.5, 198.75, 203.75]
['2018-01-08', 201.02, 201.5, 194.25, 198.0]
['2018-01-09', 197.0, 197.0, 185.75, 187.25]
['2018-01-10', 188.5, 191.75, 175.0, 191.5]
['2018-01-11', 191.0, 193.75, 181.0, 186.0]
['2018-01-12', 183.82, 188.0, 182.6, 188.0]
['2018-01-16', 183.75, 185.0, 165.5, 171.75]
['2018-01-17', 175.25, 196.75, 165.25, 184.25]
['2018-01-18', 188.25, 198.0, 187.5, 198.0]
['2018-01-19', 197.5, 213.75, 195.0, 204.25]
['2018-01-22', 205.5, 245.25, 205.5, 244.0]
['2018-01-23', 238.75, 239.0, 220.0, 224.5]
['2018-01-24', 232.25, 248.75, 226.5, 240.0]
['2018-01-25', 247.5, 269.75, 240.0, 256.25]
['2018-01-26', 271.75, 271.75, 245.8, 252.5]
['2018-01-29', 254.75, 270.0, 254.75, 261.0]
['2018-01-30', 259.5, 265.75, 254.75, 257.25]
['2018-01-31', 259.75, 259.75, 245.75, 245.75]
['2018-02-01', 249.25, 253.23, 239.0, 242.25]
['2018-02-02', 249.5, 250.0, 237.25, 239.5]
['2018-02-05', 234.75, 239.5, 218.75, 221.0]
['2018-02-06', 218.0, 232.5, 208.75, 220.25]
['2018-02-07', 218.5, 225.75, 213.75, 215.75]
['2018-02-08', 180.0, 181.0, 154.02, 156.0]
['2018-02-09', 166.75, 168.0, 154.5, 159.5]
['2018-02-12', 161.0, 161.23, 151.75, 156.5]
['2018-02-13', 160.0, 160.75, 154.0, 155.0]
['2018-02-14', 153.75, 173.25, 152.5, 168.75]
['2018-02-15', 170.0, 170.0, 162.75, 165.5]
['2018-02-16', 166.0, 168.0, 160.0, 165.0]
['2018-02-20', 165.0, 177.5, 165.0, 173.75]
['2018-02-21', 173.5, 175.75, 165.25, 167.0]
['2018-02-22', 168.75, 176.0, 165.25, 169.75]
['2018-02-23', 171.5, 171.5, 161.25, 166.5]
['2018-02-26', 167.85, 172.25, 163.02, 170.5]
['2018-02-27', 173.25, 175.38, 165.75, 169.25]
['2018-02-28', 169.75, 174.0, 162.5, 169.75]
['2018-03-01', 170.25, 175.75, 163.0, 175.0]
['2018-03-02', 173.0, 185.25, 165.5, 176.0]
['2018-03-05', 177.5, 192.75, 172.0, 189.5]
['2018-03-06', 191.25, 195.43, 183.25, 187.0]
['2018-03-07', 187.5, 206.25, 187.5, 206.25]
['2018-03-08', 202.5, 208.5, 191.25, 194.25]
['2018-03-09', 195.5, 198.5, 191.25, 192.75]
['2018-03-12', 193.75, 193.75, 187.0, 189.75]
['2018-03-13', 191.75, 194.5, 187.0, 187.25]
['2018-03-14', 190.25, 190.25, 176.25, 180.75]
['2018-03-15', 183.0, 184.0, 173.75, 176.5]
['2018-03-16', 170.5, 188.35, 163.75, 181.75]
['2018-03-19', 180.25, 180.25, 170.0, 175.25]
['2018-03-20', 175.0, 179.75, 173.0, 177.0]
['2018-03-21', 176.0, 184.25, 173.75, 179.0]
['2018-03-22', 177.75, 180.25, 171.0, 175.75]
['2018-03-23', 175.0, 175.5, 171.75, 173.25]
['2018-03-26', 176.0, 176.0, 160.52, 170.0]
['2018-03-27', 169.25, 169.25, 158.0, 159.25]
['2018-03-28', 156.75, 162.0, 153.1, 158.25]
['2018-03-29', 157.75, 168.5, 157.5, 162.75]
['2018-04-02', 161.5, 161.5, 146.8, 156.25]
['2018-04-03', 157.25, 168.75, 152.62, 165.75]
['2018-04-04', 156.0, 164.75, 156.0, 161.0]
['2018-04-05', 164.0, 164.0, 155.0, 157.5]
['2018-04-06', 156.0, 156.5, 149.5, 152.25]
['2018-04-09', 155.0, 159.75, 149.75, 150.5]
['2018-04-10', 150.5, 162.25, 149.77, 162.0]
['2018-04-11', 150.0, 163.5, 149.75, 153.0]
['2018-04-12', 154.0, 155.5, 147.0, 148.25]
['2018-04-13', 148.25, 148.45, 138.75, 147.5]
['2018-04-16', 148.25, 148.25, 139.0, 142.5]
['2018-04-17', 141.5, 148.25, 140.0, 145.75]
['2018-04-18', 146.0, 156.0, 145.5, 154.75]
['2018-04-19', 158.5, 158.5, 143.25, 148.25]
['2018-04-20', 145.5, 148.5, 144.75, 146.5]
['2018-04-23', 147.5, 147.5, 140.0, 141.25]
['2018-04-24', 140.75, 143.75, 138.0, 140.75]
['2018-04-25', 140.25, 144.12, 138.0, 143.75]
['2018-04-26', 142.25, 150.0, 140.38, 148.75]
['2018-04-27', 148.75, 148.75, 140.8, 145.75]
['2018-04-30', 139.0, 144.5, 136.75, 136.75]
['2018-05-01', 136.25, 139.25, 133.75, 139.0]
['2018-05-02', 139.5, 139.75, 132.25, 133.75]
['2018-05-03', 135.0, 135.0, 128.0, 129.25]
['2018-05-04', 128.75, 131.5, 122.5, 129.25]
['2018-05-07', 128.75, 130.75, 118.75, 124.25]
['2018-05-08', 122.75, 127.0, 119.5, 125.0]
['2018-05-09', 121.25, 142.5, 121.25, 131.0]
['2018-05-10', 133.0, 133.5, 125.5, 126.0]
['2018-05-11', 126.12, 129.75, 126.0, 127.25]
['2018-05-14', 125.0, 154.73, 124.75, 143.0]
['2018-05-15', 141.0, 145.75, 125.0, 138.75]
['2018-05-16', 163.5, 192.5, 152.75, 158.25]
['2018-05-17', 160.25, 162.5, 148.75, 159.25]
['2018-05-18', 159.25, 161.75, 155.0, 157.0]
['2018-05-21', 159.0, 159.0, 147.75, 154.5]
['2018-05-22', 154.25, 155.5, 148.5, 150.75]
['2018-05-23', 147.5, 154.0, 143.75, 152.0]
['2018-05-24', 151.75, 154.5, 146.5, 152.0]
['2018-05-25', 150.75, 161.0, 148.25, 158.75]
['2018-05-29', 158.0, 161.5, 153.0, 159.0]
['2018-05-30', 160.5, 160.5, 146.25, 148.75]
['2018-05-31', 150.0, 157.5, 146.25, 155.0]
['2018-06-01', 156.0, 173.25, 153.5, 168.0]
['2018-06-04', 168.5, 186.5, 168.5, 178.0]
['2018-06-05', 178.75, 187.25, 175.5, 178.0]
['2018-06-06', 178.75, 182.5, 171.02, 179.0]
['2018-06-07', 178.5, 181.25, 171.0, 173.75]
['2018-06-08', 174.0, 183.48, 172.5, 177.75]
['2018-06-11', 178.75, 183.25, 161.75, 163.0]
['2018-06-12', 164.0, 182.25, 163.0, 180.5]
['2018-06-13', 182.5, 189.0, 170.75, 180.75]
['2018-06-14', 180.75, 190.75, 179.25, 185.0]
['2018-06-15', 184.25, 187.25, 176.0, 181.5]
['2018-06-18', 182.5, 183.5, 175.0, 182.25]
['2018-06-19', 181.25, 186.75, 173.23, 182.0]
['2018-06-20', 175.25, 183.75, 175.25, 179.5]
['2018-06-21', 181.25, 181.25, 156.75, 157.25]
['2018-06-22', 155.25, 160.0, 131.0, 143.75]
['2018-06-25', 143.75, 157.75, 139.5, 148.5]
['2018-06-26', 150.25, 154.27, 132.0, 136.0]
['2018-06-27', 135.5, 140.45, 133.5, 138.0]
['2018-06-28', 136.5, 136.5, 125.5, 131.0]
['2018-06-29', 275.75, 285.75, 229.5, 254.75]
['2018-07-02', 245.25, 247.5, 205.5, 209.0]
['2018-07-03', 208.5, 210.75, 191.25, 199.25]
['2018-07-05', 201.75, 214.5, 200.25, 210.5]
['2018-07-06', 212.0, 213.38, 200.75, 202.25]
['2018-07-09', 202.5, 205.82, 192.88, 196.25]
['2018-07-10', 196.25, 204.5, 191.25, 194.25]
['2018-07-11', 194.0, 196.68, 184.5, 186.5]
['2018-07-12', 188.75, 198.75, 182.75, 196.75]
['2018-07-13', 198.0, 210.5, 198.0, 200.25]
['2018-07-16', 202.75, 202.75, 178.75, 181.5]
['2018-07-17', 181.5, 194.75, 181.5, 194.75]
['2018-07-18', 193.25, 206.75, 188.75, 196.5]
['2018-07-19', 196.25, 204.25, 195.75, 197.75]
['2018-07-20', 196.75, 206.25, 196.0, 196.75]
['2018-07-23', 198.0, 198.0, 190.0, 194.75]
['2018-07-24', 192.25, 197.0, 181.5, 184.25]
['2018-07-25', 183.25, 189.98, 183.25, 186.25]
['2018-07-26', 187.5, 194.0, 182.5, 189.5]
['2018-07-27', 194.0, 198.25, 176.5, 178.25]
['2018-07-30', 178.25, 188.5, 175.5, 186.75]
['2018-07-31', 188.5, 188.75, 175.0, 183.0]
['2018-08-01', 181.75, 193.5, 181.75, 186.75]
['2018-08-02', 187.0, 189.25, 183.75, 187.25]
['2018-08-03', 186.25, 189.75, 181.25, 187.75]
['2018-08-06', 188.75, 190.5, 181.75, 183.5]
['2018-08-07', 120.25, 122.0, 77.5, 90.75]
['2018-08-08', 88.25, 88.75, 81.25, 83.75]
['2018-08-09', 84.5, 85.25, 80.25, 81.75]
['2018-08-10', 25.75, 48.25, 20.8, 45.0]
['2018-08-13', 40.25, 47.25, 38.0, 41.5]
['2018-08-14', 43.25, 44.5, 36.75, 38.75]
['2018-08-15', 38.25, 38.5, 33.25, 34.0]
['2018-08-16', 34.0, 39.0, 34.0, 35.25]
['2018-08-17', 35.25, 41.25, 34.25, 41.25]
['2018-08-20', 41.5, 42.5, 38.75, 39.25]
['2018-08-21', 39.0, 39.75, 37.5, 38.5]
['2018-08-22', 38.5, 40.58, 38.0, 38.75]
['2018-08-23', 39.25, 39.28, 35.5, 37.5]
['2018-08-24', 37.5, 37.97, 35.75, 36.0]
['2018-08-27', 36.5, 37.5, 34.25, 34.5]
['2018-08-28', 35.0, 36.25, 33.75, 35.5]
['2018-08-29', 36.0, 37.75, 35.0, 36.25]
['2018-08-30', 36.0, 37.5, 34.25, 36.0]
['2018-08-31', 36.0, 36.0, 34.25, 35.0]
['2018-09-04', 35.75, 35.75, 33.75, 34.25]
['2018-09-05', 34.5, 39.25, 34.15, 39.25]
['2018-09-06', 39.25, 57.75, 36.0, 55.75]
['2018-09-07', 51.5, 66.25, 47.5, 50.25]
['2018-09-10', 50.0, 60.0, 49.0, 52.75]
['2018-09-11', 52.75, 52.75, 45.0, 47.5]
['2018-09-12', 47.5, 48.25, 44.75, 48.0]
['2018-09-13', 48.5, 58.75, 47.53, 53.75]
['2018-09-14', 53.25, 61.5, 49.5, 54.25]
['2018-09-17', 53.75, 58.75, 53.25, 55.0]
['2018-09-18', 55.0, 56.75, 52.0, 56.25]
['2018-09-19', 56.25, 61.25, 54.25, 57.75]
['2018-09-20', 58.25, 63.0, 56.5, 57.0]
['2018-09-21', 57.25, 60.25, 52.75, 59.75]
['2018-09-24', 59.0, 60.75, 56.05, 57.25]
['2018-09-25', 50.5, 56.0, 50.0, 55.5]
['2018-09-26', 55.5, 56.25, 53.75, 55.5]
['2018-09-27', 55.5, 56.0, 53.5, 53.75]
['2018-09-28', 53.25, 54.67, 51.0, 51.5]
['2018-10-01', 52.5, 52.5, 48.0, 51.5]
['2018-10-02', 51.25, 52.5, 49.0, 49.5]
['2018-10-03', 49.5, 52.25, 49.0, 49.5]
['2018-10-04', 50.0, 51.75, 44.12, 46.0]
['2018-10-05', 45.25, 48.25, 45.0, 47.5]
['2018-10-08', 51.25, 56.25, 47.5, 53.5]
['2018-10-09', 54.0, 54.5, 50.75, 51.5]
['2018-10-10', 51.25, 53.25, 45.0, 47.0]
['2018-10-11', 45.5, 46.25, 44.25, 44.5]
['2018-10-12', 45.25, 46.5, 42.75, 44.25]
['2018-10-15', 42.0, 45.0, 40.25, 40.5]
['2018-10-16', 40.25, 43.5, 39.25, 42.25]
['2018-10-17', 42.25, 43.75, 39.75, 41.0]
['2018-10-18', 40.85, 41.5, 37.75, 38.5]
['2018-10-19', 38.25, 40.75, 35.5, 35.75]
['2018-10-22', 33.25, 35.25, 29.25, 34.75]
['2018-10-23', 34.0, 35.25, 31.75, 33.5]
['2018-10-24', 33.75, 35.62, 32.0, 33.5]
['2018-10-25', 33.25, 34.0, 31.5, 32.25]
['2018-10-26', 32.25, 33.0, 31.25, 32.5]
['2018-10-29', 33.25, 33.75, 30.5, 31.25]
['2018-10-30', 31.25, 33.25, 30.5, 31.0]
['2018-10-31', 31.0, 31.5, 30.0, 30.5]
['2018-11-01', 30.25, 33.0, 30.25, 31.75]
['2018-11-02', 32.0, 35.75, 31.25, 33.75]
['2018-11-05', 34.5, 40.0, 34.25, 35.0]
['2018-11-06', 34.5, 35.75, 32.67, 33.5]
['2018-11-07', 35.75, 39.5, 33.28, 35.25]
['2018-11-08', 33.05, 35.83, 33.0, 33.75]
['2018-11-09', 33.5, 33.62, 31.75, 31.75]
['2018-11-12', 31.75, 32.95, 30.0, 30.25]
['2018-11-13', 30.5, 30.75, 30.0, 30.25]
['2018-11-14', 30.75, 35.0, 30.25, 31.0]
['2018-11-15', 31.0, 33.6, 30.75, 32.25]
['2018-11-16', 31.52, 32.25, 28.23, 29.75]
['2018-11-19', 30.0, 33.75, 26.75, 28.75]
['2018-11-20', 26.75, 28.25, 26.75, 27.25]
['2018-11-21', 27.75, 30.25, 27.5, 29.5]
['2018-11-23', 29.25, 33.5, 28.77, 30.0]
['2018-11-26', 30.25, 32.28, 28.5, 29.25]
['2018-11-27', 31.25, 31.25, 28.75, 30.5]
['2018-11-28', 30.5, 31.25, 29.0, 29.75]
['2018-11-29', 29.25, 31.25, 28.25, 29.25]
['2018-11-30', 29.0, 30.75, 28.25, 29.25]
['2018-12-03', 30.75, 33.5, 28.0, 29.0]
['2018-12-04', 28.75, 37.25, 28.0, 30.25]
['2018-12-06', 30.0, 30.5, 27.75, 28.0]
['2018-12-07', 27.75, 28.85, 27.75, 28.0]
['2018-12-10', 27.75, 28.02, 25.27, 26.5]
['2018-12-11', 26.75, 27.25, 25.0, 25.88]
['2018-12-12', 25.75, 27.5, 24.25, 24.75]
['2018-12-13', 25.38, 25.5, 21.75, 22.5]
['2018-12-14', 22.5, 24.75, 21.95, 22.5]
['2018-12-17', 22.0, 22.5, 21.25, 21.25]
['2018-12-18', 21.25, 22.33, 18.05, 19.05]
['2018-12-19', 19.25, 20.0, 17.5, 18.25]
['2018-12-20', 18.25, 18.75, 17.25, 17.98]
['2018-12-21', 18.75, 19.2, 14.55, 14.95]
['2018-12-24', 16.25, 16.9, 14.25, 14.75]
['2018-12-26', 15.0, 19.17, 15.0, 15.38]
['2018-12-27', 16.0, 16.25, 14.75, 15.38]
['2018-12-28', 15.0, 20.15, 15.0, 19.23]
['2018-12-31', 17.77, 20.25, 17.77, 20.25]
['2019-01-02', 18.5, 21.12, 18.5, 20.25]
['2019-01-03', 20.5, 21.38, 20.0, 20.5]
['2019-01-04', 21.5, 22.5, 17.88, 20.88]
['2019-01-07', 22.25, 22.5, 21.25, 21.75]
['2019-01-08', 22.5, 23.75, 21.0, 22.2]
['2019-01-09', 22.75, 22.75, 17.85, 22.17]
['2019-01-10', 22.5, 22.62, 18.83, 21.55]
['2019-01-11', 20.75, 22.75, 18.83, 22.25]
['2019-01-14', 22.7, 22.75, 20.25, 22.5]
['2019-01-15', 22.5, 28.75, 21.85, 25.75]
['2019-01-16', 26.25, 27.0, 25.0, 26.25]
['2019-01-17', 26.0, 26.5, 24.62, 25.0]
['2019-01-18', 26.25, 26.25, 23.75, 25.15]
['2019-01-22', 25.0, 28.0, 24.58, 27.0]
['2019-01-23', 28.25, 28.75, 24.75, 27.5]
['2019-01-24', 27.5, 27.5, 25.95, 26.62]
['2019-01-25', 26.75, 27.25, 26.25, 26.75]
['2019-01-28', 26.5, 26.75, 25.5, 26.08]
['2019-01-29', 25.75, 27.0, 25.5, 25.5]
['2019-01-30', 25.0, 26.5, 24.75, 24.75]
['2019-01-31', 25.75, 27.0, 25.75, 26.75]
['2019-02-01', 26.75, 26.75, 23.0, 25.25]
['2019-02-04', 25.5, 27.75, 25.25, 26.75]
['2019-02-05', 26.5, 27.5, 26.5, 27.0]
['2019-02-06', 27.0, 27.58, 26.75, 27.0]
['2019-02-07', 27.0, 35.0, 26.38, 31.75]
['2019-02-08', 27.75, 29.25, 26.38, 26.5]
['2019-02-11', 26.75, 29.75, 25.75, 28.5]
['2019-02-12', 29.0, 29.48, 27.5, 27.75]
['2019-02-13', 28.6, 28.75, 27.75, 28.0]
['2019-02-14', 27.75, 28.75, 27.5, 27.75]
['2019-02-15', 28.25, 29.0, 26.25, 28.5]
['2019-02-19', 30.25, 30.25, 28.25, 29.25]
['2019-02-20', 29.5, 29.5, 28.38, 28.75]
['2019-02-21', 28.5, 29.0, 27.0, 29.0]
['2019-02-22', 28.5, 30.25, 27.5, 29.5]
['2019-02-25', 29.5, 31.25, 28.75, 30.0]
['2019-02-26', 29.5, 32.25, 29.25, 30.75]
['2019-02-27', 31.0, 36.25, 31.0, 32.42]
['2019-02-28', 32.5, 34.75, 32.5, 33.0]
['2019-03-01', 33.0, 33.62, 31.75, 32.5]
['2019-03-04', 32.5, 36.08, 32.5, 34.75]
['2019-03-05', 34.5, 35.45, 33.0, 33.0]
['2019-03-06', 34.25, 37.12, 33.75, 35.0]
['2019-03-07', 35.25, 35.75, 33.25, 35.75]
['2019-03-08', 36.75, 36.75, 31.0, 32.0]
['2019-03-11', 32.5, 32.75, 31.0, 31.25]
['2019-03-12', 31.5, 33.25, 30.0, 30.25]
['2019-03-13', 30.75, 30.75, 27.75, 28.5]
['2019-03-14', 28.0, 28.75, 27.0, 27.25]
['2019-03-15', 28.0, 30.25, 27.25, 28.5]
['2019-03-18', 28.75, 29.5, 27.5, 28.0]
['2019-03-19', 28.75, 30.5, 27.5, 29.75]
['2019-03-20', 29.5, 33.25, 29.5, 31.75]
['2019-03-21', 31.25, 32.0, 30.0, 31.25]
['2019-03-22', 31.75, 32.0, 30.0, 30.02]
['2019-03-25', 30.25, 30.25, 28.62, 29.0]
['2019-03-26', 29.0, 30.0, 27.75, 29.25]
['2019-03-27', 28.75, 29.85, 27.75, 28.25]
['2019-03-28', 28.75, 30.0, 27.77, 28.9]
['2019-03-29', 29.5, 30.0, 28.75, 28.75]
['2019-04-01', 29.0, 30.0, 29.0, 29.7]
['2019-04-02', 29.5, 32.5, 29.5, 32.5]
['2019-04-03', 32.5, 35.75, 30.75, 33.0]
['2019-04-04', 33.5, 35.47, 32.78, 33.75]
['2019-04-05', 33.75, 35.0, 32.75, 33.75]
['2019-04-08', 33.75, 34.0, 33.35, 33.75]
['2019-04-09', 34.25, 35.0, 32.75, 32.75]
['2019-04-10', 33.25, 34.17, 32.75, 33.0]
['2019-04-11', 33.12, 33.5, 32.25, 33.0]
['2019-04-12', 32.75, 33.0, 31.25, 32.5]
['2019-04-15', 32.5, 32.75, 30.75, 30.75]
['2019-04-16', 31.75, 34.25, 31.5, 33.25]
['2019-04-17', 33.33, 34.0, 31.5, 32.5]
['2019-04-18', 32.0, 33.75, 31.67, 31.75]
['2019-04-22', 32.5, 33.25, 31.5, 33.12]
['2019-04-23', 32.5, 33.0, 30.25, 32.5]
['2019-04-24', 31.75, 32.5, 30.25, 30.5]
['2019-04-25', 30.75, 32.5, 30.75, 32.5]
['2019-04-26', 32.83, 33.0, 30.5, 32.75]
['2019-04-29', 31.25, 33.0, 30.5, 31.95]
['2019-04-30', 31.02, 32.03, 30.75, 31.0]
['2019-05-01', 31.5, 31.75, 30.25, 31.0]
['2019-05-02', 31.0, 31.67, 30.25, 30.25]
['2019-05-03', 30.75, 32.0, 30.5, 31.75]
['2019-05-06', 31.5, 32.25, 30.5, 31.0]
['2019-05-07', 31.0, 32.25, 31.0, 31.5]
['2019-05-08', 31.1, 31.5, 30.25, 30.25]
['2019-05-09', 30.0, 33.75, 28.9, 30.5]
['2019-05-10', 29.5, 29.5, 25.0, 26.25]
['2019-05-13', 26.25, 29.1, 25.5, 27.0]
['2019-05-14', 27.25, 28.98, 25.77, 28.0]
['2019-05-15', 28.5, 30.0, 28.5, 29.5]
['2019-05-16', 30.5, 30.5, 28.0, 28.62]
['2019-05-17', 28.75, 28.75, 27.25, 27.5]
['2019-05-20', 27.25, 28.0, 26.02, 27.88]
['2019-05-21', 29.0, 29.0, 27.75, 27.88]
['2019-05-22', 26.5, 28.5, 25.0, 25.75]
['2019-05-23', 26.5, 28.25, 25.5, 26.0]
['2019-05-24', 26.0, 27.5, 25.75, 26.0]
['2019-05-28', 25.25, 26.5, 25.0, 25.25]
['2019-05-29', 25.5, 26.25, 22.5, 23.25]
['2019-05-30', 22.5, 22.58, 18.02, 19.42]
['2019-05-31', 18.02, 22.25, 18.02, 21.0]
['2019-06-03', 22.5, 22.5, 20.5, 21.75]
['2019-06-04', 22.25, 26.0, 22.0, 25.5]
['2019-06-05', 23.25, 24.5, 23.25, 23.75]
['2019-06-06', 24.25, 24.65, 23.25, 23.25]
['2019-06-07', 23.25, 23.25, 20.0, 21.23]
['2019-06-10', 21.25, 21.75, 20.0, 20.23]
['2019-06-11', 20.38, 24.25, 20.38, 23.25]
['2019-06-12', 23.25, 24.15, 20.8, 22.95]
['2019-06-13', 24.1, 24.1, 21.5, 23.0]
['2019-06-14', 23.25, 24.0, 21.85, 22.23]
['2019-06-17', 23.75, 24.0, 21.25, 23.75]
['2019-06-18', 23.98, 24.25, 22.75, 23.17]
['2019-06-19', 22.75, 24.25, 22.75, 24.0]
['2019-06-20', 22.5, 24.25, 22.0, 22.75]
['2019-06-21', 24.0, 24.0, 21.75, 22.62]
['2019-06-24', 23.75, 23.75, 22.75, 23.25]
['2019-06-25', 24.12, 36.22, 23.75, 30.12]
['2019-06-26', 26.0, 28.2, 21.75, 23.75]
['2019-06-27', 23.75, 23.75, 20.0, 20.0]
['2019-06-28', 21.0, 22.5, 20.25, 20.25]
['2019-07-01', 21.27, 21.35, 20.0, 20.15]
['2019-07-02', 20.5, 20.5, 20.0, 20.0]
['2019-07-03', 20.0, 20.0, 19.15, 19.5]
['2019-07-05', 19.8, 19.8, 18.15, 19.0]
['2019-07-08', 18.77, 20.0, 18.77, 19.35]
['2019-07-09', 19.75, 19.75, 18.23, 19.0]
['2019-07-10', 19.25, 19.25, 16.52, 17.75]
['2019-07-11', 17.75, 18.75, 17.75, 18.75]
['2019-07-12', 18.77, 18.77, 17.77, 18.0]
['2019-07-15', 17.25, 19.0, 17.25, 17.75]
['2019-07-16', 18.5, 19.75, 17.5, 19.5]
['2019-07-17', 19.5, 19.5, 17.5, 17.7]
['2019-07-18', 18.0, 18.7, 18.0, 18.25]
['2019-07-19', 18.25, 18.5, 17.5, 18.5]
['2019-07-22', 18.5, 18.5, 17.5, 17.75]
['2019-07-23', 17.75, 18.5, 17.75, 18.0]
['2019-07-24', 19.5, 19.5, 17.5, 18.0]
['2019-07-25', 27.5, 27.75, 20.0, 23.12]
['2019-07-26', 23.38, 23.48, 18.25, 20.5]
['2019-07-29', 20.0, 20.0, 16.83, 16.83]
['2019-07-30', 17.08, 17.48, 15.02, 15.62]
['2019-07-31', 16.25, 16.8, 15.18, 15.77]
['2019-08-01', 16.25, 17.38, 15.5, 16.3]
['2019-08-02', 16.75, 16.75, 15.0, 15.25]
['2019-08-05', 16.0, 16.6, 15.5, 16.17]
['2019-08-06', 15.82, 16.0, 14.25, 15.38]
['2019-08-07', 15.25, 16.0, 15.0, 15.25]
['2019-08-08', 15.35, 17.5, 15.0, 16.92]
['2019-08-09', 16.9, 16.9, 15.5, 16.88]
['2019-08-12', 16.9, 16.9, 14.82, 16.0]
['2019-08-13', 16.0, 16.25, 15.5, 15.98]
['2019-08-14', 16.0, 16.25, 15.52, 15.95]
['2019-08-15', 15.55, 15.55, 13.02, 14.15]
['2019-08-16', 14.0, 15.0, 13.75, 14.0]
['2019-08-19', 13.75, 15.0, 13.75, 14.02]
['2019-08-20', 13.75, 14.12, 13.32, 13.38]
['2019-08-21', 13.25, 14.45, 12.77, 14.25]
['2019-08-22', 14.25, 14.25, 13.75, 14.0]
['2019-08-23', 14.25, 15.0, 14.0, 14.12]
['2019-08-26', 14.75, 14.75, 13.25, 14.02]
['2019-08-27', 14.02, 14.02, 12.77, 12.82]
['2019-08-28', 13.25, 13.68, 12.8, 13.25]
['2019-08-29', 13.5, 13.75, 12.8, 12.8]
['2019-08-30', 12.82, 13.75, 12.82, 13.5]
['2019-09-03', 12.5, 13.75, 12.5, 12.5]
['2019-09-04', 13.0, 13.38, 12.75, 13.25]
['2019-09-05', 13.25, 13.35, 12.5, 12.75]
['2019-09-06', 13.25, 13.3, 12.3, 12.3]
['2019-09-09', 12.3, 12.5, 10.52, 11.52]
['2019-09-10', 10.75, 12.35, 10.55, 12.12]
['2019-09-11', 12.0, 12.12, 10.75, 10.75]
['2019-09-12', 11.0, 11.73, 10.95, 11.57]
['2019-09-13', 11.45, 11.7, 10.98, 11.45]
['2019-09-16', 11.25, 13.32, 11.12, 12.25]
['2019-09-17', 12.75, 14.23, 12.38, 13.38]
['2019-09-18', 14.0, 14.0, 12.5, 13.27]
['2019-09-19', 13.25, 14.0, 12.5, 13.25]
['2019-09-20', 13.0, 13.5, 12.25, 12.5]
['2019-09-23', 12.38, 12.5, 10.75, 12.48]
['2019-09-24', 12.45, 12.95, 11.5, 11.88]
['2019-09-25', 12.38, 12.38, 10.5, 11.7]
['2019-09-26', 10.98, 11.57, 9.25, 9.75]
['2019-09-27', 10.0, 10.25, 9.75, 9.8]
['2019-09-30', 9.88, 10.15, 9.4, 9.55]
['2019-10-01', 9.7, 10.25, 9.0, 9.0]
['2019-10-02', 9.23, 9.7, 8.75, 8.75]
['2019-10-03', 9.0, 9.98, 8.8, 9.18]
['2019-10-04', 9.07, 9.5, 8.75, 8.75]
['2019-10-07', 8.77, 9.2, 8.32, 8.38]
['2019-10-08', 8.38, 9.0, 8.38, 8.43]
['2019-10-09', 8.8, 9.23, 8.38, 8.73]
['2019-10-10', 8.93, 8.93, 7.1, 7.95]
['2019-10-11', 8.0, 9.0, 8.0, 8.5]
['2019-10-14', 8.5, 9.0, 8.25, 8.75]
['2019-10-15', 8.7, 9.2, 7.53, 8.25]
['2019-10-16', 8.5, 9.0, 8.38, 8.5]
['2019-10-17', 8.75, 9.0, 8.5, 8.77]
['2019-10-18', 9.07, 9.45, 8.88, 9.0]
['2019-10-21', 9.0, 9.4, 9.0, 9.02]
['2019-10-22', 9.4, 11.0, 9.35, 9.68]
['2019-10-23', 9.75, 10.12, 9.35, 9.43]
['2019-10-24', 9.65, 9.75, 9.0, 9.0]
['2019-10-25', 9.0, 9.73, 8.82, 9.2]
['2019-10-28', 9.25, 9.25, 8.82, 9.1]
['2019-10-29', 9.12, 9.38, 8.75, 8.9]
['2019-10-30', 8.52, 9.23, 8.5, 8.75]
['2019-10-31', 9.02, 9.5, 8.75, 9.12]
['2019-11-01', 9.02, 9.5, 8.88, 8.95]
['2019-11-04', 9.5, 9.5, 9.0, 9.45]
['2019-11-05', 9.27, 10.0, 9.27, 9.75]
['2019-11-06', 9.75, 10.02, 9.38, 9.52]
['2019-11-07', 9.5, 9.5, 8.52, 8.75]
['2019-11-08', 9.0, 9.2, 8.77, 9.05]
['2019-11-11', 8.75, 9.2, 8.75, 8.77]
['2019-11-12', 9.0, 9.2, 8.75, 9.0]
['2019-11-13', 8.9, 9.0, 8.02, 8.35]
['2019-11-14', 8.52, 8.82, 8.1, 8.15]
['2019-11-15', 8.75, 9.2, 8.7, 8.98]
['2019-11-18', 9.0, 9.12, 8.5, 8.62]
['2019-11-19', 8.9, 9.2, 8.55, 8.95]
['2019-11-20', 8.9, 8.95, 8.5, 8.6]
['2019-11-21', 8.5, 8.9, 8.5, 8.82]
['2019-11-22', 8.73, 9.6, 8.55, 9.48]
['2019-11-25', 9.6, 9.93, 9.25, 9.9]
['2019-11-26', 9.75, 10.38, 8.38, 8.62]
['2019-11-27', 8.45, 9.12, 8.45, 8.73]
['2019-11-29', 9.82, 9.82, 8.55, 8.98]
['2019-12-02', 8.57, 9.25, 8.5, 8.65]
['2019-12-03', 8.52, 9.68, 8.52, 8.75]
['2019-12-04', 8.98, 9.2, 8.25, 8.4]
['2019-12-05', 8.3, 8.62, 8.1, 8.32]
['2019-12-06', 8.5, 9.0, 5.95, 7.4]
['2019-12-09', 7.15, 7.2, 6.65, 6.82]
['2019-12-10', 6.75, 8.0, 6.75, 7.65]
['2019-12-11', 7.65, 7.95, 6.75, 7.5]
['2019-12-12', 7.5, 8.0, 6.88, 7.93]
['2019-12-13', 7.82, 7.93, 6.85, 7.32]
['2019-12-16', 7.75, 7.75, 6.3, 7.5]
['2019-12-17', 7.43, 7.88, 7.12, 7.28]
['2019-12-18', 7.88, 7.88, 6.88, 7.22]
['2019-12-19', 7.47, 7.75, 6.72, 7.22]
['2019-12-20', 7.5, 7.5, 6.9, 7.5]
['2019-12-23', 7.5, 8.2, 7.25, 7.82]
['2019-12-24', 7.3, 7.82, 7.28, 7.5]
['2019-12-26', 8.25, 8.5, 7.25, 7.53]
['2019-12-27', 7.0, 8.0, 7.0, 7.53]
['2019-12-30', 7.7, 8.5, 7.25, 7.5]
['2019-12-31', 7.25, 11.43, 7.25, 8.75]
['2020-01-02', 9.15, 9.15, 7.21, 7.24]
['2020-01-03', 7.67, 7.67, 7.25, 7.5]
['2020-01-06', 7.49, 7.65, 7.35, 7.59]
['2020-01-07', 7.95, 8.84, 7.3, 7.91]
['2020-01-08', 7.97, 10.5, 7.88, 9.0]
['2020-01-09', 9.0, 9.4, 8.62, 9.23]
['2020-01-10', 9.19, 11.19, 9.19, 9.26]
['2020-01-13', 9.33, 9.73, 8.24, 8.39]
['2020-01-14', 8.49, 8.49, 7.51, 7.68]
['2020-01-15', 7.68, 8.46, 7.67, 7.78]
['2020-01-16', 7.55, 7.57, 7.28, 7.57]
['2020-01-17', 7.6, 8.91, 7.39, 8.09]
['2020-01-21', 8.01, 8.58, 7.88, 8.36]
['2020-01-22', 8.36, 8.36, 7.87, 8.19]
['2020-01-23', 8.14, 9.98, 8.14, 9.1]
['2020-01-24', 9.33, 9.33, 8.21, 8.21]
['2020-01-27', 8.1, 8.37, 7.95, 8.35]
['2020-01-28', 8.29, 8.29, 7.88, 8.19]
['2020-01-29', 8.29, 9.0, 8.07, 8.78]
['2020-01-30', 8.11, 8.52, 7.97, 8.52]
['2020-01-31', 8.51, 9.48, 8.29, 9.1]
['2020-02-03', 9.1, 11.25, 9.0, 9.75]
['2020-02-04', 9.88, 11.98, 9.26, 11.21]
['2020-02-05', 10.25, 11.72, 9.35, 10.78]
['2020-02-06', 10.68, 11.35, 10.53, 10.9]
['2020-02-07', 11.5, 15.93, 11.16, 12.79]
['2020-02-10', 12.29, 12.55, 11.08, 12.55]
['2020-02-11', 11.21, 17.0, 11.21, 14.7]
['2020-02-12', 15.26, 30.0, 15.26, 30.0]
['2020-02-13', 24.5, 26.45, 18.8, 23.5]
['2020-02-14', 21.36, 26.27, 21.0, 23.77]
['2020-02-18', 24.07, 24.07, 18.79, 18.86]
['2020-02-19', 18.35, 21.49, 18.01, 19.25]
['2020-02-20', 18.05, 18.92, 17.95, 18.18]
['2020-02-21', 17.76, 18.98, 17.67, 17.86]
['2020-02-24', 17.65, 17.65, 16.31, 17.51]
['2020-02-25', 17.35, 19.5, 17.03, 17.36]
['2020-02-26', 16.87, 18.79, 16.22, 17.03]
['2020-02-27', 16.76, 18.2, 16.32, 16.94]
['2020-02-28', 15.9, 17.66, 13.86, 15.4]
['2020-03-02', 15.1, 16.45, 14.0, 14.0]
['2020-03-03', 13.16, 16.3, 13.16, 13.33]
['2020-03-04', 13.53, 15.32, 13.25, 15.18]
['2020-03-05', 15.82, 16.24, 14.16, 16.0]
['2020-03-06', 15.77, 16.48, 15.0, 16.48]
['2020-03-09', 13.2, 15.99, 13.2, 15.14]
['2020-03-10', 15.63, 15.94, 13.55, 14.5]
['2020-03-11', 13.66, 14.94, 12.5, 12.5]
['2020-03-12', 12.3, 12.3, 8.75, 9.1]
['2020-03-13', 9.54, 9.8, 8.0, 9.46]
['2020-03-16', 8.99, 9.28, 8.19, 8.49]
['2020-03-17', 8.27, 9.81, 8.16, 8.71]
['2020-03-18', 8.09, 8.63, 7.71, 8.11]
['2020-03-19', 8.11, 8.91, 7.33, 8.61]
['2020-03-20', 9.39, 9.43, 8.49, 8.91]
['2020-03-23', 8.91, 9.74, 8.76, 8.97]
['2020-03-24', 9.22, 10.97, 9.22, 10.97]
['2020-03-25', 11.62, 12.49, 10.05, 11.65]
['2020-03-26', 12.4, 14.49, 12.4, 14.16]
['2020-03-27', 14.5, 14.6, 14.18, 14.57]
['2020-03-30', 14.76, 14.94, 11.54, 12.93]
['2020-03-31', 12.51, 13.9, 10.67, 13.9]
['2020-04-01', 15.0, 15.0, 11.5, 11.5]
['2020-04-02', 12.84, 15.0, 12.84, 14.27]
['2020-04-03', 14.01, 16.24, 14.01, 15.8]
['2020-04-06', 17.0, 19.0, 15.3, 18.04]
['2020-04-07', 18.61, 21.0, 15.18, 21.0]
['2020-04-08', 23.07, 29.3, 21.69, 27.21]
['2020-04-09', 29.71, 29.71, 23.47, 28.86]
['2020-04-13', 28.0, 29.49, 28.0, 29.44]
['2020-04-14', 20.0, 20.86, 15.61, 16.7]
['2020-04-15', 16.8, 16.85, 15.0, 15.01]
['2020-04-16', 14.71, 14.88, 12.2, 12.45]
['2020-04-17', 12.0, 13.93, 12.0, 13.16]
['2020-04-20', 13.45, 13.6, 12.34, 12.8]
['2020-04-21', 12.8, 13.18, 12.42, 12.98]
['2020-04-22', 13.0, 14.59, 13.0, 14.2]
['2020-04-23', 14.25, 14.97, 14.25, 14.56]
['2020-04-24', 14.7, 14.93, 14.25, 14.93]
['2020-04-27', 14.9, 15.22, 14.52, 15.1]
['2020-04-28', 15.1, 15.15, 14.49, 15.15]
['2020-04-29', 15.11, 15.11, 14.35, 14.89]
['2020-04-30', 14.84, 14.84, 13.81, 14.21]
['2020-05-01', 13.52, 13.62, 12.72, 12.87]
['2020-05-04', 13.0, 13.73, 13.0, 13.73]
['2020-05-05', 13.99, 14.95, 13.57, 14.4]
['2020-05-06', 14.57, 14.86, 14.08, 14.8]
['2020-05-07', 14.8, 14.8, 13.31, 13.31]
['2020-05-08', 13.39, 14.02, 13.39, 14.0]
['2020-05-11', 13.92, 14.02, 13.55, 13.55]
['2020-05-12', 13.8, 14.62, 13.73, 13.81]
['2020-05-13', 13.56, 14.29, 13.14, 13.26]
['2020-05-14', 13.0, 13.49, 12.48, 13.09]
['2020-05-15', 13.29, 13.9, 12.53, 13.51]
['2020-05-18', 13.58, 14.29, 13.28, 14.0]
['2020-05-19', 14.15, 14.29, 13.39, 14.29]
['2020-05-20', 14.15, 14.3, 13.81, 14.3]
['2020-05-21', 14.3, 14.3, 13.02, 13.57]
['2020-05-22', 13.75, 13.8, 13.1, 13.74]
['2020-05-26', 13.6, 13.82, 13.01, 13.01]
['2020-05-27', 13.4, 13.6, 12.76, 12.93]
['2020-05-28', 13.0, 13.2, 12.96, 13.17]
['2020-05-29', 12.96, 13.35, 12.8, 13.22]
['2020-06-01', 13.22, 14.3, 13.22, 13.87]
['2020-06-02', 13.9, 14.19, 13.77, 14.1]
['2020-06-03', 14.05, 14.29, 13.93, 14.25]
['2020-06-04', 14.4, 14.43, 13.57, 14.1]
['2020-06-05', 14.0, 14.1, 13.42, 13.73]
