['2016-09-29', 14.7, 16.17, 14.0, 14.88]
['2016-09-30', 15.08, 15.08, 14.16, 14.32]
['2016-10-03', 14.05, 14.93, 14.0, 14.93]
['2016-10-04', 15.23, 15.23, 14.13, 14.5]
['2016-10-05', 14.47, 14.47, 13.16, 13.45]
['2016-10-06', 13.26, 13.28, 12.63, 13.08]
['2016-10-07', 13.0, 13.46, 12.25, 12.48]
['2016-10-10', 12.6, 12.6, 11.79, 12.36]
['2016-10-11', 12.4, 12.83, 12.3, 12.66]
['2016-10-12', 12.59, 13.01, 12.15, 12.96]
['2016-10-13', 12.87, 13.07, 12.26, 12.6]
['2016-10-14', 12.6, 12.86, 12.35, 12.81]
['2016-10-17', 12.82, 14.01, 12.49, 13.91]
['2016-10-18', 14.11, 14.11, 13.6, 13.93]
['2016-10-19', 14.21, 14.21, 13.7, 13.77]
['2016-10-20', 13.69, 13.83, 13.26, 13.83]
['2016-10-21', 13.72, 14.38, 13.72, 14.23]
['2016-10-24', 14.1, 14.45, 13.4, 13.4]
['2016-10-25', 13.05, 13.6, 13.05, 13.41]
['2016-10-26', 13.31, 13.48, 13.19, 13.24]
['2016-10-27', 13.19, 13.92, 12.16, 12.6]
['2016-10-28', 12.68, 13.03, 11.55, 11.77]
['2016-10-31', 11.67, 11.88, 11.52, 11.65]
['2016-11-01', 11.8, 11.8, 11.24, 11.59]
['2016-11-02', 11.68, 11.75, 11.11, 11.27]
['2016-11-03', 11.19, 11.37, 10.48, 10.74]
['2016-11-04', 10.65, 11.09, 10.59, 10.95]
['2016-11-07', 11.11, 11.38, 10.39, 10.8]
['2016-11-08', 11.03, 11.35, 10.52, 10.99]
['2016-11-09', 10.98, 11.4, 10.5, 11.37]
['2016-11-10', 11.8, 12.49, 11.4, 11.84]
['2016-11-11', 11.79, 12.29, 11.53, 12.0]
['2016-11-14', 12.29, 12.37, 11.57, 11.81]
['2016-11-15', 11.81, 12.0, 11.12, 11.5]
['2016-11-16', 11.48, 11.5, 10.51, 10.85]
['2016-11-17', 10.85, 11.05, 10.7, 10.79]
['2016-11-18', 10.7, 11.55, 10.55, 11.04]
['2016-11-21', 11.17, 12.35, 10.95, 11.91]
['2016-11-22', 11.75, 12.88, 11.75, 12.54]
['2016-11-23', 12.58, 12.72, 12.02, 12.6]
['2016-11-25', 12.7, 12.74, 12.22, 12.59]
['2016-11-28', 12.75, 13.46, 12.3, 13.25]
['2016-11-29', 13.15, 13.95, 13.04, 13.86]
['2016-11-30', 13.87, 13.95, 13.08, 13.88]
['2016-12-01', 13.86, 14.0, 12.75, 13.0]
['2016-12-02', 12.91, 13.22, 11.58, 11.85]
['2016-12-05', 11.86, 12.55, 11.38, 11.77]
['2016-12-06', 11.75, 12.0, 11.35, 11.65]
['2016-12-07', 11.62, 12.54, 11.42, 12.24]
['2016-12-08', 12.2, 12.54, 11.95, 12.38]
['2016-12-09', 12.4, 13.07, 12.17, 13.01]
['2016-12-12', 12.91, 13.88, 12.72, 13.3]
['2016-12-13', 13.32, 13.74, 12.7, 13.29]
['2016-12-14', 13.32, 13.63, 12.8, 13.63]
['2016-12-15', 13.52, 13.75, 12.91, 13.74]
['2016-12-16', 13.62, 14.15, 13.55, 13.9]
['2016-12-19', 13.8, 14.23, 13.66, 13.99]
['2016-12-20', 14.05, 14.05, 13.81, 13.96]
['2016-12-21', 13.89, 14.05, 13.56, 13.77]
['2016-12-22', 14.0, 14.0, 13.51, 13.75]
['2016-12-23', 13.95, 13.95, 13.66, 13.75]
['2016-12-27', 13.54, 14.14, 13.54, 14.12]
['2016-12-28', 13.88, 14.08, 13.73, 13.82]
['2016-12-29', 13.8, 14.8, 13.71, 14.63]
['2016-12-30', 14.53, 15.5, 14.51, 14.98]
['2017-01-03', 15.07, 15.5, 14.86, 14.91]
['2017-01-04', 15.01, 15.35, 14.83, 14.9]
['2017-01-05', 14.99, 15.0, 14.72, 14.81]
['2017-01-06', 14.9, 14.99, 14.75, 14.83]
['2017-01-09', 14.73, 15.08, 14.49, 14.79]
['2017-01-10', 14.8, 14.81, 14.35, 14.75]
['2017-01-11', 14.91, 15.13, 14.36, 15.11]
['2017-01-12', 15.38, 15.5, 14.55, 14.71]
['2017-01-13', 14.68, 14.98, 14.39, 14.55]
['2017-01-17', 14.54, 14.57, 13.92, 14.13]
['2017-01-18', 14.12, 14.49, 13.35, 13.73]
['2017-01-19', 13.78, 14.25, 13.65, 13.76]
['2017-01-20', 13.71, 14.15, 13.6, 14.02]
['2017-01-23', 14.0, 14.17, 13.71, 13.83]
['2017-01-24', 14.08, 14.14, 13.86, 14.03]
['2017-01-25', 14.01, 14.37, 13.87, 14.3]
['2017-01-26', 14.5, 14.62, 14.03, 14.53]
['2017-01-27', 14.52, 14.85, 14.12, 14.27]
['2017-01-30', 14.43, 14.43, 13.67, 14.0]
['2017-01-31', 14.14, 14.14, 13.85, 14.06]
['2017-02-01', 14.26, 14.78, 14.0, 14.46]
['2017-02-02', 14.38, 14.61, 14.16, 14.42]
['2017-02-03', 14.64, 16.49, 14.4, 16.14]
['2017-02-06', 16.18, 16.5, 14.88, 15.7]
['2017-02-07', 15.85, 16.09, 15.35, 15.87]
['2017-02-08', 15.98, 16.0, 15.49, 15.88]
['2017-02-09', 15.96, 16.21, 15.76, 15.81]
['2017-02-10', 16.05, 16.2, 15.78, 15.82]
['2017-02-13', 15.82, 16.85, 15.82, 16.41]
['2017-02-14', 16.35, 16.74, 15.76, 15.94]
['2017-02-15', 16.01, 16.01, 15.41, 15.64]
['2017-02-16', 15.68, 15.9, 15.15, 15.5]
['2017-02-17', 15.57, 15.71, 15.07, 15.32]
['2017-02-21', 15.46, 15.5, 14.67, 15.15]
['2017-02-22', 15.44, 15.44, 14.95, 14.95]
['2017-02-23', 15.19, 15.28, 14.76, 14.96]
['2017-02-24', 14.88, 15.09, 14.71, 14.74]
['2017-02-27', 14.72, 14.93, 14.65, 14.77]
['2017-02-28', 14.75, 15.16, 13.91, 14.17]
['2017-03-01', 14.27, 14.55, 13.55, 14.05]
['2017-03-02', 13.97, 14.21, 13.85, 14.09]
['2017-03-03', 14.1, 14.16, 13.79, 13.98]
['2017-03-06', 13.87, 13.88, 13.44, 13.74]
['2017-03-07', 14.2, 14.2, 13.54, 13.94]
['2017-03-08', 14.0, 14.11, 13.59, 13.68]
['2017-03-09', 13.51, 13.65, 13.3, 13.4]
['2017-03-10', 13.27, 13.88, 12.88, 13.78]
['2017-03-13', 13.75, 14.34, 13.53, 14.08]
['2017-03-14', 14.22, 14.22, 12.59, 12.69]
['2017-03-15', 12.79, 13.33, 12.26, 13.05]
['2017-03-16', 13.13, 13.29, 12.8, 13.17]
['2017-03-17', 13.44, 13.45, 13.11, 13.4]
['2017-03-20', 13.02, 13.42, 12.96, 13.03]
['2017-03-21', 13.05, 13.19, 12.91, 13.06]
['2017-03-22', 13.01, 13.4, 12.75, 13.28]
['2017-03-23', 13.26, 13.88, 12.91, 13.43]
['2017-03-24', 13.45, 13.68, 13.08, 13.56]
['2017-03-27', 13.21, 13.54, 12.99, 13.21]
['2017-03-28', 13.19, 13.52, 13.0, 13.37]
['2017-03-29', 13.56, 13.85, 13.32, 13.49]
['2017-03-30', 13.55, 13.67, 13.26, 13.46]
['2017-03-31', 13.25, 13.66, 13.25, 13.48]
['2017-04-03', 13.47, 13.66, 13.08, 13.18]
['2017-04-04', 13.0, 13.4, 12.89, 13.29]
['2017-04-05', 13.29, 13.43, 12.82, 12.84]
['2017-04-06', 12.9, 13.24, 12.51, 13.21]
['2017-04-07', 13.24, 13.24, 12.8, 13.07]
['2017-04-10', 13.1, 13.3, 13.01, 13.25]
['2017-04-11', 13.21, 13.64, 13.21, 13.5]
['2017-04-12', 13.28, 13.5, 12.98, 13.39]
['2017-04-13', 13.49, 13.74, 13.24, 13.36]
['2017-04-17', 13.42, 13.52, 13.06, 13.13]
['2017-04-18', 13.15, 13.3, 12.78, 13.15]
['2017-04-19', 13.43, 13.43, 12.99, 13.13]
['2017-04-20', 13.12, 13.61, 12.84, 13.49]
['2017-04-21', 13.48, 13.6, 12.83, 13.02]
['2017-04-24', 13.22, 13.61, 12.97, 13.42]
['2017-04-25', 13.49, 13.51, 12.95, 12.98]
['2017-04-26', 13.12, 13.4, 12.61, 13.37]
['2017-04-27', 13.38, 13.48, 13.19, 13.41]
['2017-04-28', 13.39, 13.52, 13.09, 13.48]
['2017-05-01', 13.5, 13.5, 13.21, 13.25]
['2017-05-02', 12.53, 13.51, 12.36, 13.29]
['2017-05-03', 13.32, 13.34, 13.25, 13.3]
['2017-05-04', 13.28, 13.43, 13.22, 13.27]
['2017-05-05', 12.53, 13.3, 12.53, 13.25]
['2017-05-08', 13.25, 13.36, 13.03, 13.34]
['2017-05-09', 13.28, 13.34, 13.09, 13.25]
['2017-05-10', 12.75, 13.43, 12.75, 13.25]
['2017-05-11', 13.3, 13.3, 12.61, 12.9]
['2017-05-12', 12.92, 13.09, 12.45, 12.65]
['2017-05-15', 12.54, 12.7, 12.19, 12.52]
['2017-05-16', 12.23, 12.77, 12.22, 12.33]
['2017-05-17', 12.25, 12.43, 11.8, 11.96]
['2017-05-18', 11.97, 12.02, 11.59, 11.8]
['2017-05-19', 11.77, 12.44, 11.59, 11.93]
['2017-05-22', 11.93, 12.2, 11.9, 12.15]
['2017-05-23', 12.13, 13.21, 12.13, 13.11]
['2017-05-24', 13.07, 13.8, 12.73, 13.55]
['2017-05-25', 13.62, 13.64, 13.01, 13.1]
['2017-05-26', 13.1, 13.65, 12.75, 13.45]
['2017-05-30', 13.6, 13.6, 13.22, 13.29]
['2017-05-31', 13.35, 13.35, 13.01, 13.25]
['2017-06-01', 13.34, 13.95, 13.34, 13.87]
['2017-06-02', 13.98, 14.68, 13.91, 14.54]
['2017-06-05', 14.45, 14.56, 13.71, 13.87]
['2017-06-06', 13.79, 14.0, 12.97, 13.93]
['2017-06-07', 13.8, 14.24, 13.7, 13.9]
['2017-06-08', 14.12, 14.47, 13.81, 14.11]
['2017-06-09', 14.32, 14.42, 13.93, 14.34]
['2017-06-12', 14.39, 14.59, 14.08, 14.49]
['2017-06-13', 14.5, 14.5, 13.95, 14.31]
['2017-06-14', 14.41, 14.41, 13.7, 13.88]
['2017-06-15', 13.82, 14.12, 13.53, 13.8]
['2017-06-16', 13.75, 14.03, 13.37, 13.54]
['2017-06-19', 13.69, 14.04, 13.69, 13.81]
['2017-06-20', 13.7, 14.25, 13.7, 13.99]
['2017-06-21', 14.05, 14.4, 14.04, 14.24]
['2017-06-22', 14.34, 15.03, 14.32, 14.62]
['2017-06-23', 14.55, 14.75, 14.25, 14.51]
['2017-06-26', 14.44, 15.28, 14.26, 15.07]
['2017-06-27', 15.14, 15.33, 14.32, 14.66]
['2017-06-28', 14.88, 14.94, 14.3, 14.74]
['2017-06-29', 14.87, 15.18, 14.6, 15.16]
['2017-06-30', 15.17, 15.28, 14.62, 15.05]
['2017-07-03', 15.18, 15.23, 14.67, 15.01]
['2017-07-05', 14.88, 15.33, 14.76, 15.2]
['2017-07-06', 15.03, 15.58, 14.99, 15.53]
['2017-07-07', 15.53, 15.79, 15.38, 15.55]
['2017-07-10', 15.7, 15.83, 15.53, 15.55]
['2017-07-11', 15.52, 15.6, 14.88, 15.23]
['2017-07-12', 15.33, 15.54, 15.08, 15.49]
['2017-07-13', 15.49, 15.49, 14.88, 15.09]
['2017-07-14', 15.04, 15.11, 14.92, 15.01]
['2017-07-17', 15.01, 15.23, 14.94, 15.05]
['2017-07-18', 14.98, 15.1, 14.39, 14.68]
['2017-07-19', 14.63, 14.71, 13.98, 14.1]
['2017-07-20', 13.98, 14.46, 13.53, 13.57]
['2017-07-21', 13.78, 13.86, 13.11, 13.31]
['2017-07-24', 13.36, 13.82, 12.63, 13.73]
['2017-07-25', 13.89, 14.19, 13.65, 14.06]
['2017-07-26', 13.98, 14.5, 13.81, 14.34]
['2017-07-27', 14.4, 14.76, 14.2, 14.7]
['2017-07-28', 14.75, 14.85, 14.42, 14.78]
['2017-07-31', 14.73, 15.64, 14.5, 15.6]
['2017-08-01', 15.54, 15.69, 15.07, 15.36]
['2017-08-02', 15.27, 15.39, 14.7, 15.18]
['2017-08-03', 15.01, 15.04, 14.46, 14.56]
['2017-08-04', 14.74, 14.83, 14.5, 14.75]
['2017-08-07', 14.87, 14.88, 14.52, 14.86]
['2017-08-08', 14.86, 18.25, 14.86, 17.42]
['2017-08-09', 17.1, 17.88, 16.93, 16.99]
['2017-08-10', 17.01, 17.55, 16.82, 16.97]
['2017-08-11', 17.08, 17.08, 16.72, 16.9]
['2017-08-14', 17.08, 17.35, 16.75, 16.99]
['2017-08-15', 17.28, 17.82, 16.93, 17.68]
['2017-08-16', 17.85, 17.94, 17.01, 17.32]
['2017-08-17', 17.2, 17.84, 17.08, 17.31]
['2017-08-18', 17.18, 17.82, 17.18, 17.77]
['2017-08-21', 17.9, 19.48, 17.75, 19.45]
['2017-08-22', 19.65, 19.77, 18.95, 19.65]
['2017-08-23', 19.43, 20.06, 19.43, 19.99]
['2017-08-24', 20.0, 20.01, 19.52, 19.98]
['2017-08-25', 20.02, 20.1, 19.62, 19.85]
['2017-08-28', 19.96, 20.28, 19.72, 20.21]
['2017-08-29', 20.2, 22.31, 20.19, 21.84]
['2017-08-30', 22.0, 22.84, 21.92, 22.75]
['2017-08-31', 22.93, 23.8, 22.53, 22.73]
['2017-09-01', 22.68, 22.76, 21.74, 22.15]
['2017-09-05', 22.26, 22.91, 21.9, 22.16]
['2017-09-06', 22.35, 22.54, 22.09, 22.3]
['2017-09-07', 21.1, 21.51, 20.2, 21.09]
['2017-09-08', 20.91, 22.36, 20.71, 21.76]
['2017-09-11', 22.15, 22.43, 21.45, 21.61]
['2017-09-12', 21.82, 22.25, 21.5, 22.02]
['2017-09-13', 22.14, 24.15, 21.94, 23.8]
['2017-09-14', 23.85, 24.69, 23.04, 23.26]
['2017-09-15', 23.5, 25.2, 23.5, 25.13]
['2017-09-18', 25.75, 26.79, 25.42, 26.07]
['2017-09-19', 25.96, 26.14, 25.71, 26.04]
['2017-09-20', 26.1, 26.47, 24.66, 25.66]
['2017-09-21', 26.03, 26.15, 25.63, 26.03]
['2017-09-22', 25.97, 26.1, 25.7, 25.83]
['2017-09-25', 25.92, 26.36, 24.91, 26.08]
['2017-09-26', 26.1, 28.2, 25.96, 27.8]
['2017-09-27', 28.16, 28.53, 27.79, 27.81]
['2017-09-28', 27.66, 27.82, 26.8, 26.97]
['2017-09-29', 27.12, 27.12, 26.49, 26.74]
['2017-10-02', 26.78, 27.48, 26.67, 27.47]
['2017-10-03', 27.43, 27.97, 27.35, 27.71]
['2017-10-04', 27.8, 28.0, 27.25, 27.46]
['2017-10-05', 27.6, 27.6, 26.7, 27.03]
['2017-10-06', 26.84, 27.98, 26.84, 27.63]
['2017-10-09', 27.63, 27.86, 26.81, 27.02]
['2017-10-10', 27.2, 27.52, 26.86, 27.26]
['2017-10-11', 27.4, 27.72, 27.13, 27.27]
['2017-10-12', 27.11, 27.74, 27.06, 27.5]
['2017-10-13', 27.63, 27.63, 26.9, 27.09]
['2017-10-16', 27.07, 27.1, 24.24, 24.3]
['2017-10-17', 24.59, 27.24, 24.56, 26.84]
['2017-10-18', 26.74, 26.81, 25.9, 26.18]
['2017-10-19', 26.26, 27.1, 25.59, 26.26]
['2017-10-20', 26.49, 27.06, 25.99, 26.49]
['2017-10-23', 26.31, 26.5, 25.79, 26.06]
['2017-10-24', 25.99, 26.69, 25.77, 26.54]
['2017-10-25', 26.57, 27.86, 26.55, 26.86]
['2017-10-26', 27.03, 27.03, 25.21, 26.15]
['2017-10-27', 26.13, 26.92, 25.74, 26.37]
['2017-10-30', 26.38, 26.53, 25.87, 26.39]
['2017-10-31', 26.47, 29.55, 26.35, 28.88]
['2017-11-01', 28.88, 29.17, 26.26, 26.83]
['2017-11-02', 27.27, 28.62, 26.86, 27.85]
['2017-11-03', 28.06, 28.39, 27.61, 28.26]
['2017-11-06', 28.55, 29.0, 28.07, 28.26]
['2017-11-07', 28.25, 31.05, 26.02, 29.9]
['2017-11-08', 29.75, 29.75, 27.0, 29.0]
['2017-11-09', 28.78, 29.42, 27.92, 29.07]
['2017-11-10', 28.62, 29.44, 28.0, 28.07]
['2017-11-13', 28.69, 29.09, 27.1, 29.08]
['2017-11-14', 28.89, 33.25, 28.84, 31.82]
['2017-11-15', 31.67, 32.9, 31.0, 31.28]
['2017-11-16', 31.56, 34.87, 31.02, 34.66]
['2017-11-17', 34.65, 35.07, 33.51, 34.54]
['2017-11-20', 34.85, 35.7, 34.21, 34.54]
['2017-11-21', 34.55, 36.59, 34.55, 35.73]
['2017-11-22', 36.0, 36.6, 35.15, 35.46]
['2017-11-24', 35.51, 36.69, 35.51, 36.43]
['2017-11-27', 36.63, 36.8, 35.75, 35.8]
['2017-11-28', 35.84, 36.55, 35.7, 35.81]
['2017-11-29', 35.62, 36.19, 33.64, 34.67]
['2017-11-30', 34.67, 35.3, 34.23, 34.69]
['2017-12-01', 34.21, 34.59, 30.8, 34.2]
['2017-12-04', 34.33, 34.91, 32.35, 32.65]
['2017-12-05', 31.5, 31.5, 28.6, 29.0]
['2017-12-06', 28.48, 29.19, 27.25, 27.51]
['2017-12-07', 27.5, 29.25, 27.34, 28.63]
['2017-12-08', 28.48, 29.4, 28.0, 28.6]
['2017-12-11', 29.2, 29.2, 27.85, 28.59]
['2017-12-12', 28.48, 28.64, 27.31, 27.86]
['2017-12-13', 27.79, 28.92, 27.45, 27.76]
['2017-12-14', 27.82, 29.01, 27.78, 28.13]
['2017-12-15', 28.69, 28.75, 27.4, 28.16]
['2017-12-18', 28.2, 30.51, 28.1, 29.5]
['2017-12-19', 30.38, 30.44, 29.03, 29.47]
['2017-12-20', 29.47, 29.86, 28.98, 29.51]
['2017-12-21', 29.49, 29.9, 28.39, 29.8]
['2017-12-22', 29.71, 29.92, 28.85, 29.39]
['2017-12-26', 29.26, 29.44, 28.56, 28.97]
['2017-12-27', 29.05, 29.4, 28.85, 28.89]
['2017-12-28', 28.85, 28.85, 28.18, 28.54]
['2017-12-29', 28.64, 29.24, 27.96, 28.05]
['2018-01-02', 28.14, 29.27, 28.1, 29.25]
['2018-01-03', 29.25, 29.42, 28.31, 29.18]
['2018-01-04', 30.18, 33.06, 29.95, 32.79]
['2018-01-05', 32.98, 33.44, 32.57, 33.08]
['2018-01-08', 33.08, 33.65, 32.41, 33.26]
['2018-01-09', 33.28, 33.48, 32.34, 33.15]
['2018-01-10', 33.0, 33.3, 31.72, 32.86]
['2018-01-11', 32.95, 33.46, 32.04, 33.16]
['2018-01-12', 33.08, 33.08, 32.03, 32.95]
['2018-01-16', 33.06, 33.69, 32.08, 32.86]
['2018-01-17', 32.87, 34.46, 32.53, 33.67]
['2018-01-18', 33.84, 34.5, 33.25, 34.14]
['2018-01-19', 34.04, 34.32, 33.0, 33.91]
['2018-01-22', 33.9, 34.14, 33.11, 33.49]
['2018-01-23', 33.7, 36.75, 33.51, 35.5]
['2018-01-24', 36.44, 38.23, 35.26, 35.37]
['2018-01-25', 35.77, 36.39, 34.56, 35.56]
['2018-01-26', 35.65, 36.67, 35.19, 35.86]
['2018-01-29', 35.52, 36.42, 35.0, 35.86]
['2018-01-30', 35.53, 36.2, 34.62, 35.88]
['2018-01-31', 36.19, 36.43, 35.36, 35.83]
['2018-02-01', 35.13, 36.23, 34.81, 35.71]
['2018-02-02', 35.53, 36.29, 34.61, 34.71]
['2018-02-05', 34.3, 35.06, 33.22, 34.38]
['2018-02-06', 33.43, 35.01, 33.0, 35.01]
['2018-02-07', 34.93, 35.9, 34.2, 34.75]
['2018-02-08', 35.07, 35.25, 33.19, 33.38]
['2018-02-09', 33.25, 33.77, 30.96, 32.77]
['2018-02-12', 33.0, 34.65, 32.72, 34.21]
['2018-02-13', 34.13, 36.1, 33.6, 35.84]
['2018-02-14', 35.54, 39.81, 34.81, 38.02]
['2018-02-15', 38.43, 38.54, 36.71, 37.26]
['2018-02-16', 37.42, 37.89, 35.96, 36.59]
['2018-02-20', 36.52, 37.44, 34.11, 34.89]
['2018-02-21', 34.84, 35.4, 34.0, 34.33]
['2018-02-22', 33.45, 34.34, 31.64, 32.25]
['2018-02-23', 32.5, 33.28, 31.51, 32.48]
['2018-02-26', 32.52, 33.07, 31.91, 32.64]
['2018-02-27', 32.75, 34.19, 32.56, 32.63]
['2018-02-28', 32.67, 33.6, 32.0, 32.31]
['2018-03-01', 31.72, 32.56, 28.55, 31.77]
['2018-03-02', 31.5, 34.81, 30.56, 34.2]
['2018-03-05', 34.17, 35.57, 33.9, 35.5]
['2018-03-06', 35.56, 36.59, 35.2, 35.92]
['2018-03-07', 35.7, 36.45, 34.81, 36.04]
['2018-03-08', 36.04, 37.29, 35.58, 37.06]
['2018-03-09', 37.57, 37.8, 36.3, 36.54]
['2018-03-12', 36.6, 38.17, 36.55, 37.8]
['2018-03-13', 36.6, 38.17, 35.12, 35.12]
['2018-03-14', 35.36, 36.27, 33.62, 36.04]
['2018-03-15', 36.04, 36.04, 32.34, 33.62]
['2018-03-16', 33.8, 36.68, 32.64, 35.78]
['2018-03-19', 35.57, 35.97, 34.97, 35.38]
['2018-03-20', 35.37, 38.31, 35.08, 38.2]
['2018-03-21', 38.32, 39.48, 37.53, 38.43]
['2018-03-22', 41.0, 41.3, 39.45, 39.66]
['2018-03-23', 39.78, 40.66, 38.96, 39.51]
['2018-03-26', 39.97, 41.83, 39.61, 41.23]
['2018-03-27', 41.25, 41.66, 39.31, 39.49]
['2018-03-28', 39.49, 40.23, 38.07, 39.78]
['2018-03-29', 39.82, 40.16, 38.64, 38.8]
['2018-04-02', 38.09, 38.72, 37.33, 38.21]
['2018-04-03', 38.52, 39.41, 36.47, 36.59]
['2018-04-04', 36.2, 36.61, 35.5, 36.43]
['2018-04-05', 36.64, 39.07, 36.15, 38.94]
['2018-04-06', 38.68, 40.92, 38.68, 39.18]
['2018-04-09', 39.62, 40.19, 37.38, 37.48]
['2018-04-10', 38.28, 39.24, 37.4, 39.16]
['2018-04-11', 39.07, 40.84, 38.79, 40.67]
['2018-04-12', 40.95, 41.79, 40.41, 40.75]
['2018-04-13', 40.88, 41.16, 39.74, 39.94]
['2018-04-16', 40.0, 41.07, 40.0, 40.57]
['2018-04-17', 40.77, 41.9, 40.67, 41.38]
['2018-04-18', 41.5, 41.5, 40.36, 40.95]
['2018-04-19', 40.84, 41.93, 40.84, 41.7]
['2018-04-20', 41.47, 41.55, 40.75, 40.99]
['2018-04-23', 41.0, 42.79, 40.21, 41.5]
['2018-04-24', 41.63, 41.88, 39.7, 39.91]
['2018-04-25', 39.89, 40.22, 39.06, 39.75]
['2018-04-26', 40.06, 40.9, 39.89, 40.55]
['2018-04-27', 40.7, 41.14, 39.72, 40.98]
['2018-04-30', 40.94, 41.78, 40.56, 40.99]
['2018-05-01', 40.45, 42.28, 40.26, 42.16]
['2018-05-02', 42.16, 42.34, 41.3, 41.32]
['2018-05-03', 41.23, 41.8, 40.27, 41.19]
['2018-05-04', 41.05, 42.89, 40.72, 42.83]
['2018-05-07', 42.83, 43.36, 41.95, 42.92]
['2018-05-08', 42.88, 43.72, 42.59, 43.05]
['2018-05-09', 45.0, 49.88, 44.8, 46.7]
['2018-05-10', 46.75, 48.3, 46.26, 46.7]
['2018-05-11', 46.7, 47.38, 45.42, 47.21]
['2018-05-14', 47.27, 48.63, 46.48, 48.42]
['2018-05-15', 48.1, 49.52, 47.59, 48.61]
['2018-05-16', 48.74, 49.1, 47.27, 49.09]
['2018-05-17', 49.29, 51.72, 48.88, 50.39]
['2018-05-18', 50.58, 51.92, 50.35, 51.38]
['2018-05-21', 52.45, 52.68, 50.17, 50.2]
['2018-05-22', 50.5, 51.1, 49.05, 49.35]
['2018-05-23', 49.21, 51.62, 49.21, 51.44]
['2018-05-24', 51.31, 53.07, 50.12, 53.0]
['2018-05-25', 52.83, 54.02, 52.02, 52.23]
['2018-05-29', 52.05, 52.94, 51.34, 52.6]
['2018-05-30', 52.56, 54.5, 51.91, 54.04]
['2018-05-31', 54.21, 54.71, 53.27, 54.55]
['2018-06-01', 54.1, 55.52, 53.81, 54.18]
['2018-06-04', 54.53, 54.53, 53.18, 54.05]
['2018-06-05', 54.22, 56.33, 54.01, 56.22]
['2018-06-06', 56.35, 56.68, 54.72, 55.01]
['2018-06-07', 55.14, 55.14, 50.6, 51.2]
['2018-06-08', 51.29, 54.91, 51.11, 54.38]
['2018-06-11', 54.33, 54.99, 53.13, 54.62]
['2018-06-12', 54.95, 59.11, 54.64, 58.62]
['2018-06-13', 58.57, 61.52, 58.57, 60.9]
['2018-06-14', 60.58, 61.21, 59.98, 60.03]
['2018-06-15', 59.7, 60.21, 59.11, 59.77]
['2018-06-18', 59.93, 62.13, 59.8, 61.12]
['2018-06-19', 61.12, 62.08, 60.89, 61.54]
['2018-06-20', 62.25, 62.82, 61.75, 62.28]
['2018-06-21', 62.64, 62.97, 60.04, 61.31]
['2018-06-22', 61.25, 62.54, 60.36, 61.83]
['2018-06-25', 61.5, 62.09, 60.34, 60.98]
['2018-06-26', 61.28, 65.57, 61.13, 64.45]
['2018-06-27', 64.56, 65.52, 62.46, 62.95]
['2018-06-28', 63.04, 66.19, 62.74, 64.01]
['2018-06-29', 64.59, 65.36, 63.38, 63.83]
['2018-07-02', 62.8, 66.06, 61.92, 66.0]
['2018-07-03', 66.08, 67.78, 65.69, 66.63]
['2018-07-05', 66.85, 69.53, 66.69, 68.63]
['2018-07-06', 69.02, 70.15, 67.79, 68.41]
['2018-07-09', 68.57, 69.8, 66.9, 68.63]
['2018-07-10', 69.04, 69.5, 64.64, 65.49]
['2018-07-11', 64.6, 65.67, 63.95, 65.17]
['2018-07-12', 65.55, 66.89, 64.37, 66.38]
['2018-07-13', 66.45, 67.16, 65.12, 66.61]
['2018-07-16', 66.81, 69.61, 66.81, 67.81]
['2018-07-17', 68.49, 68.58, 65.34, 65.43]
['2018-07-18', 65.38, 66.8, 64.14, 64.94]
['2018-07-19', 64.94, 67.78, 64.51, 67.47]
['2018-07-20', 67.88, 69.01, 67.16, 67.39]
['2018-07-23', 67.4, 67.45, 66.57, 67.14]
['2018-07-24', 67.15, 67.5, 63.01, 63.56]
['2018-07-25', 63.37, 64.87, 63.3, 64.62]
['2018-07-26', 64.67, 65.63, 63.05, 64.88]
['2018-07-27', 65.03, 65.22, 60.14, 60.69]
['2018-07-30', 60.56, 60.72, 56.08, 56.75]
['2018-07-31', 56.54, 58.74, 55.82, 58.24]
['2018-08-01', 57.69, 59.91, 57.34, 58.47]
['2018-08-02', 58.7, 59.45, 58.16, 59.3]
['2018-08-03', 59.68, 60.85, 59.05, 60.33]
['2018-08-06', 60.0, 62.12, 59.93, 61.85]
['2018-08-07', 60.0, 62.1, 59.87, 61.01]
['2018-08-08', 66.5, 67.99, 62.39, 64.43]
['2018-08-09', 64.8, 66.75, 63.5, 65.79]
['2018-08-10', 65.17, 68.21, 64.42, 66.25]
['2018-08-13', 66.62, 69.87, 65.82, 68.82]
['2018-08-14', 69.37, 71.88, 68.92, 71.52]
['2018-08-15', 71.52, 72.64, 69.59, 71.11]
['2018-08-16', 71.79, 73.23, 69.89, 72.71]
['2018-08-17', 72.47, 73.57, 71.46, 72.91]
['2018-08-20', 74.12, 76.04, 72.58, 74.95]
['2018-08-21', 74.97, 78.82, 74.63, 78.33]
['2018-08-22', 78.1, 79.28, 76.26, 79.04]
['2018-08-23', 79.45, 82.54, 79.28, 81.56]
['2018-08-24', 81.64, 85.26, 81.64, 83.34]
['2018-08-27', 83.39, 85.61, 81.73, 84.25]
['2018-08-28', 83.86, 84.21, 81.25, 82.69]
['2018-08-29', 82.4, 84.73, 82.4, 84.2]
['2018-08-30', 83.94, 87.17, 83.94, 86.79]
['2018-08-31', 86.85, 88.35, 85.87, 87.67]
['2018-09-04', 87.42, 91.07, 87.37, 90.65]
['2018-09-05', 90.76, 91.16, 78.0, 82.19]
['2018-09-06', 82.3, 84.79, 81.74, 83.95]
['2018-09-07', 84.36, 87.92, 83.32, 83.95]
['2018-09-10', 84.3, 88.55, 84.02, 88.38]
['2018-09-11', 88.14, 91.14, 87.5, 89.37]
['2018-09-12', 89.29, 90.49, 84.92, 86.89]
['2018-09-13', 86.98, 87.9, 84.25, 84.74]
['2018-09-14', 84.4, 85.33, 82.1, 82.97]
['2018-09-17', 83.29, 83.44, 77.92, 78.18]
['2018-09-18', 78.45, 82.27, 78.0, 79.94]
['2018-09-19', 80.5, 80.56, 76.34, 77.51]
['2018-09-20', 77.3, 79.13, 76.36, 78.18]
['2018-09-21', 78.4, 78.4, 75.17, 77.83]
['2018-09-24', 77.32, 80.96, 76.05, 80.41]
['2018-09-25', 80.82, 82.65, 80.72, 80.97]
['2018-09-26', 80.98, 82.39, 78.91, 79.46]
['2018-09-27', 79.39, 80.86, 78.61, 79.0]
['2018-09-28', 78.98, 81.5, 78.75, 81.19]
['2018-10-01', 80.5, 81.6, 77.76, 78.14]
['2018-10-02', 78.05, 78.93, 75.7, 76.06]
['2018-10-03', 76.47, 77.17, 74.06, 76.97]
['2018-10-04', 76.76, 76.76, 74.2, 74.32]
['2018-10-05', 74.51, 76.38, 72.8, 75.54]
['2018-10-08', 75.24, 75.98, 70.2, 72.47]
['2018-10-09', 72.85, 78.24, 72.66, 76.22]
['2018-10-10', 75.77, 76.99, 74.06, 75.8]
['2018-10-11', 75.23, 77.0, 73.2, 73.39]
['2018-10-12', 75.02, 75.93, 71.26, 74.38]
['2018-10-15', 73.69, 77.26, 72.69, 76.38]
['2018-10-16', 76.9, 81.79, 76.06, 81.05]
['2018-10-17', 80.85, 82.97, 78.54, 81.46]
['2018-10-18', 81.26, 83.37, 78.82, 79.9]
['2018-10-19', 79.62, 81.49, 74.66, 76.16]
['2018-10-22', 76.33, 80.23, 75.3, 79.97]
['2018-10-23', 77.87, 81.83, 77.6, 80.64]
['2018-10-24', 80.72, 81.51, 70.32, 70.4]
['2018-10-25', 70.22, 71.85, 67.38, 68.67]
['2018-10-26', 67.5, 68.73, 63.5, 67.08]
['2018-10-29', 68.26, 71.85, 67.0, 68.74]
['2018-10-30', 68.01, 71.88, 66.52, 71.77]
['2018-10-31', 72.88, 74.83, 72.39, 73.88]
['2018-11-01', 72.53, 78.21, 72.53, 77.75]
['2018-11-02', 78.02, 79.32, 75.6, 77.86]
['2018-11-05', 78.25, 78.87, 71.89, 74.38]
['2018-11-06', 75.65, 80.0, 63.75, 67.27]
['2018-11-07', 67.51, 76.41, 67.51, 74.93]
['2018-11-08', 74.93, 77.02, 72.86, 73.81]
['2018-11-09', 73.06, 74.49, 70.55, 72.96]
['2018-11-12', 73.05, 73.05, 62.63, 65.23]
['2018-11-13', 65.88, 67.31, 64.51, 64.76]
['2018-11-14', 65.4, 66.64, 62.45, 62.79]
['2018-11-15', 63.32, 67.15, 62.56, 66.85]
['2018-11-16', 66.15, 69.82, 65.01, 66.57]
['2018-11-19', 65.94, 65.94, 56.07, 59.88]
['2018-11-20', 57.6, 62.34, 57.03, 61.91]
['2018-11-21', 62.81, 64.99, 61.92, 63.9]
['2018-11-23', 62.79, 66.71, 62.6, 65.33]
['2018-11-26', 65.81, 69.2, 64.19, 68.73]
['2018-11-27', 67.94, 70.11, 66.09, 69.1]
['2018-11-28', 69.91, 73.65, 68.4, 73.35]
['2018-11-29', 74.3, 76.88, 72.37, 74.98]
['2018-11-30', 74.69, 76.09, 74.23, 75.48]
['2018-12-03', 76.83, 77.63, 74.15, 76.35]
['2018-12-04', 77.11, 78.2, 72.0, 72.38]
['2018-12-06', 71.6, 73.67, 68.92, 73.49]
['2018-12-07', 73.5, 74.32, 69.56, 71.09]
['2018-12-10', 70.64, 73.66, 70.2, 72.2]
['2018-12-11', 73.63, 76.0, 72.72, 75.41]
['2018-12-12', 76.2, 76.3, 74.5, 74.5]
['2018-12-13', 75.06, 76.55, 74.51, 75.61]
['2018-12-14', 74.46, 77.0, 69.92, 70.05]
['2018-12-17', 69.39, 69.44, 62.88, 63.32]
['2018-12-18', 64.24, 65.25, 61.59, 62.55]
['2018-12-19', 62.37, 65.54, 62.37, 64.07]
['2018-12-20', 63.72, 64.84, 57.13, 59.82]
['2018-12-21', 59.88, 60.84, 56.82, 57.91]
['2018-12-24', 56.74, 58.55, 55.6, 55.94]
['2018-12-26', 56.11, 61.36, 56.0, 61.36]
['2018-12-27', 60.37, 62.01, 58.42, 61.91]
['2018-12-28', 62.18, 62.99, 59.68, 62.2]
['2018-12-31', 63.1, 64.0, 62.26, 63.76]
['2019-01-02', 62.29, 63.19, 60.15, 61.22]
['2019-01-03', 60.69, 61.61, 57.13, 57.37]
['2019-01-04', 59.09, 61.93, 58.81, 61.27]
['2019-01-07', 61.12, 64.89, 60.5, 64.78]
['2019-01-08', 66.36, 67.3, 63.94, 66.24]
['2019-01-09', 66.93, 68.15, 65.75, 66.19]
['2019-01-10', 65.43, 66.79, 64.48, 66.02]
['2019-01-11', 65.58, 66.8, 64.12, 66.0]
['2019-01-14', 65.02, 65.93, 61.25, 61.3]
['2019-01-15', 61.55, 65.44, 61.55, 64.94]
['2019-01-16', 64.8, 68.1, 64.8, 68.06]
['2019-01-17', 66.55, 68.11, 63.05, 67.99]
['2019-01-18', 68.42, 68.99, 66.92, 68.43]
['2019-01-22', 68.11, 68.68, 65.44, 66.17]
['2019-01-23', 66.59, 67.95, 62.43, 62.68]
['2019-01-24', 62.95, 63.61, 59.0, 61.09]
['2019-01-25', 61.65, 63.55, 61.03, 62.36]
['2019-01-28', 61.55, 61.55, 58.37, 58.43]
['2019-01-29', 58.76, 58.76, 56.23, 56.56]
['2019-01-30', 57.17, 58.43, 55.4, 56.05]
['2019-01-31', 56.04, 60.89, 56.0, 60.28]
['2019-02-01', 59.73, 60.19, 56.86, 57.49]
['2019-02-04', 57.23, 58.74, 56.3, 56.85]
['2019-02-05', 57.02, 59.67, 56.29, 58.69]
['2019-02-06', 58.68, 59.03, 56.21, 56.4]
['2019-02-07', 54.5, 54.5, 50.62, 52.79]
['2019-02-08', 52.85, 52.97, 52.46, 52.81]
['2019-02-11', 52.84, 54.31, 52.41, 53.96]
['2019-02-12', 54.55, 55.88, 54.3, 55.53]
['2019-02-13', 55.83, 57.33, 52.9, 54.38]
['2019-02-14', 54.07, 56.04, 53.14, 55.13]
['2019-02-15', 55.55, 58.57, 54.23, 57.97]
['2019-02-19', 58.31, 59.5, 56.15, 56.3]
['2019-02-20', 56.31, 57.6, 55.92, 57.45]
['2019-02-21', 57.92, 58.52, 54.84, 56.18]
['2019-02-22', 56.49, 58.32, 55.81, 58.0]
['2019-02-25', 58.63, 59.62, 58.07, 58.73]
['2019-02-26', 58.76, 60.06, 57.71, 58.54]
['2019-02-27', 58.29, 61.0, 57.76, 58.79]
['2019-02-28', 58.65, 58.72, 54.1, 55.11]
['2019-03-01', 57.0, 59.29, 54.28, 57.97]
['2019-03-04', 58.04, 58.9, 55.71, 56.91]
['2019-03-05', 56.73, 56.73, 54.57, 54.76]
['2019-03-06', 56.03, 58.99, 55.76, 57.5]
['2019-03-07', 57.09, 58.26, 56.08, 57.45]
['2019-03-08', 56.76, 58.45, 56.3, 58.33]
['2019-03-11', 59.3, 63.56, 58.67, 62.64]
['2019-03-12', 63.0, 63.0, 60.8, 61.78]
['2019-03-13', 62.31, 62.99, 60.4, 61.37]
['2019-03-14', 61.05, 62.18, 59.83, 61.87]
['2019-03-15', 61.86, 62.49, 57.5, 58.22]
['2019-03-18', 58.47, 59.19, 57.26, 58.91]
['2019-03-19', 59.46, 60.58, 57.78, 60.31]
['2019-03-20', 60.12, 61.24, 59.25, 60.32]
['2019-03-21', 59.67, 65.04, 59.13, 64.94]
['2019-03-22', 64.05, 64.38, 59.33, 59.64]
['2019-03-25', 59.53, 60.49, 57.77, 59.24]
['2019-03-26', 60.04, 60.86, 59.14, 59.73]
['2019-03-27', 59.74, 60.42, 55.01, 56.34]
['2019-03-28', 56.75, 57.83, 54.5, 55.79]
['2019-03-29', 56.44, 57.43, 55.67, 56.42]
['2019-04-01', 57.38, 58.29, 53.31, 53.96]
['2019-04-02', 54.34, 55.65, 52.86, 55.28]
['2019-04-03', 55.94, 57.41, 55.15, 57.05]
['2019-04-04', 57.2, 57.61, 53.99, 54.92]
['2019-04-05', 55.1, 56.24, 54.37, 54.89]
['2019-04-08', 54.83, 55.89, 53.59, 55.24]
['2019-04-09', 55.28, 55.85, 54.39, 54.74]
['2019-04-10', 54.95, 56.98, 54.46, 56.91]
['2019-04-11', 56.95, 57.63, 54.66, 56.33]
['2019-04-12', 56.82, 56.82, 54.92, 55.99]
['2019-04-15', 56.65, 56.67, 54.58, 55.71]
['2019-04-16', 56.39, 56.65, 53.31, 54.09]
['2019-04-17', 54.53, 54.81, 48.56, 49.69]
['2019-04-18', 49.29, 50.03, 47.53, 48.91]
['2019-04-22', 48.69, 50.0, 47.94, 49.59]
['2019-04-23', 49.69, 51.41, 48.71, 51.17]
['2019-04-24', 51.47, 53.2, 51.03, 52.23]
['2019-04-25', 51.9, 52.45, 51.33, 52.29]
['2019-04-26', 52.42, 53.58, 52.0, 53.38]
['2019-04-29', 54.12, 54.51, 52.67, 54.5]
['2019-04-30', 54.56, 55.0, 52.3, 53.26]
['2019-05-01', 53.62, 54.04, 51.56, 52.54]
['2019-05-02', 52.13, 53.59, 52.13, 53.17]
['2019-05-03', 54.0, 55.96, 53.51, 55.29]
['2019-05-06', 54.85, 56.67, 53.81, 56.25]
['2019-05-07', 55.53, 55.73, 52.08, 52.7]
['2019-05-08', 52.83, 53.18, 51.72, 52.0]
['2019-05-09', 53.24, 53.24, 47.78, 47.98]
['2019-05-10', 47.76, 48.44, 43.31, 46.79]
['2019-05-13', 45.09, 46.72, 43.82, 44.24]
['2019-05-14', 43.24, 47.2, 42.29, 46.46]
['2019-05-15', 45.73, 48.29, 45.7, 47.7]
['2019-05-16', 48.05, 49.96, 47.52, 48.05]
['2019-05-17', 47.29, 47.54, 45.61, 46.04]
['2019-05-20', 45.59, 46.34, 44.54, 45.99]
['2019-05-21', 46.45, 47.43, 45.73, 47.26]
['2019-05-22', 46.97, 47.63, 45.48, 46.41]
['2019-05-23', 45.63, 46.11, 42.55, 42.83]
['2019-05-24', 43.29, 44.22, 42.82, 43.83]
['2019-05-28', 43.99, 45.91, 43.79, 44.77]
['2019-05-29', 44.3, 45.19, 43.06, 44.35]
['2019-05-30', 44.82, 46.35, 43.59, 44.2]
['2019-05-31', 43.32, 46.08, 42.93, 45.17]
['2019-06-03', 45.13, 45.24, 42.96, 43.09]
['2019-06-04', 43.92, 44.43, 40.86, 43.0]
['2019-06-05', 43.38, 43.42, 41.15, 41.42]
['2019-06-06', 41.63, 44.98, 41.21, 43.83]
['2019-06-07', 43.35, 44.86, 43.13, 43.86]
['2019-06-10', 44.04, 45.51, 43.01, 44.52]
['2019-06-11', 45.04, 45.86, 44.4, 45.35]
['2019-06-12', 45.25, 48.84, 44.99, 48.52]
['2019-06-13', 48.69, 48.8, 45.82, 46.27]
['2019-06-14', 45.98, 47.8, 45.98, 47.53]
['2019-06-17', 47.87, 49.89, 47.68, 48.27]
['2019-06-18', 48.81, 49.34, 47.46, 49.14]
['2019-06-19', 49.28, 52.47, 48.5, 52.25]
['2019-06-20', 53.26, 55.59, 53.26, 53.7]
['2019-06-21', 53.25, 54.29, 51.65, 53.43]
['2019-06-24', 53.26, 53.68, 50.38, 50.67]
['2019-06-25', 50.76, 50.76, 48.76, 49.31]
['2019-06-26', 49.57, 50.37, 46.62, 47.68]
['2019-06-27', 47.93, 49.29, 47.77, 49.23]
['2019-06-28', 49.9, 51.24, 49.35, 49.93]
['2019-07-01', 51.0, 51.0, 49.55, 50.37]
['2019-07-02', 50.35, 50.35, 47.46, 48.86]
['2019-07-03', 49.19, 50.31, 48.6, 50.28]
['2019-07-05', 50.1, 51.71, 49.32, 51.36]
['2019-07-08', 51.0, 51.82, 50.11, 51.21]
['2019-07-09', 50.88, 52.62, 50.63, 52.53]
['2019-07-10', 53.26, 54.19, 51.83, 53.6]
['2019-07-11', 53.85, 54.17, 52.57, 54.03]
['2019-07-12', 54.16, 54.94, 53.7, 54.25]
['2019-07-15', 54.5, 55.31, 53.57, 54.95]
['2019-07-16', 54.95, 55.98, 53.25, 53.32]
['2019-07-17', 53.33, 54.88, 53.14, 54.72]
['2019-07-18', 54.63, 55.56, 54.11, 55.14]
['2019-07-19', 55.24, 56.14, 54.4, 54.78]
['2019-07-22', 54.87, 55.95, 54.39, 55.35]
['2019-07-23', 55.52, 55.52, 54.2, 55.07]
['2019-07-24', 55.04, 57.75, 54.04, 57.34]
['2019-07-25', 57.19, 57.45, 54.02, 55.72]
['2019-07-26', 56.06, 57.96, 56.06, 57.55]
['2019-07-29', 57.55, 57.55, 56.1, 57.07]
['2019-07-30', 56.45, 59.47, 56.45, 59.3]
['2019-07-31', 59.59, 61.5, 59.32, 60.27]
['2019-08-01', 60.1, 61.79, 59.47, 59.68]
['2019-08-02', 58.75, 58.94, 55.55, 56.37]
['2019-08-05', 55.08, 56.94, 54.41, 56.47]
['2019-08-06', 56.99, 58.23, 56.38, 57.27]
['2019-08-07', 56.06, 58.94, 54.73, 54.98]
['2019-08-08', 55.84, 59.37, 54.89, 59.29]
['2019-08-09', 62.75, 68.0, 59.81, 63.48]
['2019-08-12', 62.53, 66.94, 62.53, 66.12]
['2019-08-13', 65.51, 66.83, 62.65, 64.45]
['2019-08-14', 62.57, 63.56, 61.84, 62.92]
['2019-08-15', 62.63, 63.0, 60.95, 61.78]
['2019-08-16', 62.25, 64.74, 62.25, 64.45]
['2019-08-19', 64.72, 64.99, 63.42, 63.54]
['2019-08-20', 63.55, 63.9, 62.54, 63.5]
['2019-08-21', 64.25, 65.57, 63.83, 64.93]
['2019-08-22', 65.26, 65.26, 62.45, 62.75]
['2019-08-23', 62.58, 63.54, 59.52, 60.77]
['2019-08-26', 61.46, 63.15, 58.94, 62.37]
['2019-08-27', 62.67, 63.0, 58.28, 58.74]
['2019-08-28', 58.74, 60.3, 58.04, 59.6]
['2019-08-29', 60.68, 61.39, 56.38, 57.64]
['2019-08-30', 60.61, 61.74, 56.41, 56.8]
['2019-09-03', 56.94, 59.11, 56.15, 58.41]
['2019-09-04', 58.78, 59.52, 57.88, 57.96]
['2019-09-05', 58.65, 58.91, 56.22, 58.12]
['2019-09-06', 58.08, 58.94, 56.69, 57.59]
['2019-09-09', 57.8, 58.53, 52.38, 53.36]
['2019-09-10', 52.99, 54.58, 52.09, 54.13]
['2019-09-11', 54.32, 56.26, 53.36, 55.52]
['2019-09-12', 55.52, 57.19, 55.02, 55.2]
['2019-09-13', 55.43, 56.24, 54.04, 55.79]
['2019-09-16', 55.45, 57.65, 54.77, 56.99]
['2019-09-17', 56.83, 58.29, 55.9, 58.08]
['2019-09-18', 57.95, 57.95, 54.13, 55.25]
['2019-09-19', 55.64, 55.95, 54.12, 54.54]
['2019-09-20', 54.58, 57.35, 54.14, 56.93]
['2019-09-23', 57.01, 58.91, 56.36, 58.39]
['2019-09-24', 58.38, 59.52, 57.71, 57.85]
['2019-09-25', 57.32, 57.78, 55.81, 57.49]
['2019-09-26', 57.45, 57.86, 55.28, 56.52]
['2019-09-27', 56.79, 56.79, 54.33, 54.78]
['2019-09-30', 55.11, 56.4, 54.57, 54.94]
['2019-10-01', 55.06, 56.71, 54.19, 54.7]
['2019-10-02', 54.09, 54.36, 48.8, 50.99]
['2019-10-03', 50.82, 52.9, 50.35, 52.64]
['2019-10-04', 53.1, 54.6, 52.71, 54.43]
['2019-10-07', 54.2, 55.51, 53.16, 54.75]
['2019-10-08', 54.37, 54.37, 51.98, 52.1]
['2019-10-09', 52.61, 53.84, 50.73, 51.39]
['2019-10-10', 51.2, 51.81, 50.57, 51.53]
['2019-10-11', 52.1, 53.13, 50.99, 51.38]
['2019-10-14', 51.44, 52.23, 50.2, 50.36]
['2019-10-15', 50.54, 52.13, 50.27, 52.12]
['2019-10-16', 51.97, 52.58, 51.48, 51.57]
['2019-10-17', 51.92, 51.92, 50.23, 51.12]
['2019-10-18', 50.71, 50.76, 45.08, 48.92]
['2019-10-21', 49.74, 50.52, 48.27, 49.59]
['2019-10-22', 49.89, 50.61, 48.06, 49.5]
['2019-10-23', 49.69, 50.4, 48.95, 49.18]
['2019-10-24', 49.34, 50.82, 49.16, 50.49]
['2019-10-25', 50.3, 51.01, 49.21, 49.24]
['2019-10-28', 49.55, 51.69, 49.55, 51.16]
['2019-10-29', 51.02, 52.66, 50.47, 52.16]
['2019-10-30', 52.32, 52.32, 51.54, 51.86]
['2019-10-31', 51.85, 52.14, 49.86, 50.94]
['2019-11-01', 51.02, 52.4, 50.75, 51.25]
['2019-11-04', 52.15, 52.67, 49.7, 49.87]
['2019-11-05', 50.39, 51.0, 49.87, 50.79]
['2019-11-06', 50.84, 51.51, 49.86, 50.97]
['2019-11-07', 51.59, 51.66, 49.23, 50.05]
['2019-11-08', 45.11, 46.64, 42.35, 45.94]
['2019-11-11', 45.23, 46.22, 40.88, 42.14]
['2019-11-12', 42.01, 42.01, 40.06, 41.01]
['2019-11-13', 40.63, 43.89, 40.22, 42.26]
['2019-11-14', 42.22, 42.51, 40.55, 41.06]
['2019-11-15', 41.39, 43.98, 41.0, 42.15]
['2019-11-18', 42.35, 42.35, 40.54, 40.73]
['2019-11-19', 41.09, 42.35, 40.9, 41.37]
['2019-11-20', 41.5, 43.84, 41.24, 43.24]
['2019-11-21', 43.33, 43.86, 41.53, 41.67]
['2019-11-22', 42.15, 42.88, 41.02, 42.85]
['2019-11-25', 42.86, 45.45, 42.58, 43.78]
['2019-11-26', 43.74, 44.96, 43.28, 44.48]
['2019-11-27', 44.59, 45.11, 44.11, 44.5]
['2019-11-29', 44.45, 44.91, 44.02, 44.61]
['2019-12-02', 44.34, 44.76, 43.36, 43.61]
['2019-12-03', 43.01, 44.28, 42.58, 43.87]
['2019-12-04', 44.29, 45.0, 42.85, 44.63]
['2019-12-05', 44.43, 44.89, 41.56, 41.63]
['2019-12-06', 42.0, 43.04, 41.46, 42.6]
['2019-12-09', 42.68, 42.68, 40.21, 40.38]
['2019-12-10', 40.44, 40.9, 39.55, 39.84]
['2019-12-11', 39.96, 40.0, 38.54, 38.81]
['2019-12-12', 38.66, 39.69, 38.03, 38.21]
['2019-12-13', 38.03, 38.34, 37.41, 38.2]
['2019-12-16', 38.25, 41.09, 37.69, 40.23]
['2019-12-17', 40.63, 42.15, 39.58, 41.74]
['2019-12-18', 41.78, 44.24, 41.42, 43.76]
['2019-12-19', 44.37, 44.71, 42.82, 44.61]
['2019-12-20', 44.74, 47.14, 44.5, 46.56]
['2019-12-23', 46.71, 47.93, 44.88, 47.67]
['2019-12-24', 47.75, 48.08, 46.64, 47.42]
['2019-12-26', 47.54, 49.06, 47.19, 49.0]
['2019-12-27', 49.55, 50.17, 49.42, 49.78]
['2019-12-30', 49.73, 49.89, 46.89, 48.93]
['2019-12-31', 48.59, 50.24, 48.19, 48.68]
['2020-01-02', 48.98, 49.26, 47.13, 48.36]
['2020-01-03', 47.91, 47.91, 46.31, 47.03]
['2020-01-06', 46.59, 48.49, 46.24, 48.1]
['2020-01-07', 47.76, 48.3, 47.15, 47.88]
['2020-01-08', 47.59, 48.57, 47.39, 48.04]
['2020-01-09', 48.09, 48.44, 47.23, 47.32]
['2020-01-10', 47.6, 48.52, 47.44, 48.44]
['2020-01-13', 48.6, 48.94, 47.51, 48.69]
['2020-01-14', 48.78, 50.98, 48.21, 50.29]
['2020-01-15', 50.13, 52.9, 50.13, 51.38]
['2020-01-16', 51.55, 53.33, 50.46, 51.34]
['2020-01-17', 51.58, 55.09, 50.26, 54.88]
['2020-01-21', 54.56, 55.37, 53.18, 54.78]
['2020-01-22', 55.29, 57.84, 54.81, 57.01]
['2020-01-23', 56.83, 58.15, 55.99, 57.17]
['2020-01-24', 57.59, 57.85, 52.89, 53.01]
['2020-01-27', 51.9, 54.19, 51.4, 53.87]
['2020-01-28', 54.38, 55.27, 53.61, 55.13]
['2020-01-29', 55.36, 56.16, 54.53, 55.82]
['2020-01-30', 55.08, 56.93, 54.8, 56.32]
['2020-01-31', 56.28, 58.33, 56.15, 58.07]
['2020-02-03', 58.22, 59.96, 57.0, 59.45]
['2020-02-04', 59.89, 61.15, 59.48, 61.08]
['2020-02-05', 61.67, 62.46, 61.15, 61.73]
['2020-02-06', 62.04, 65.0, 60.9, 62.22]
['2020-02-07', 62.22, 62.73, 60.83, 61.99]
['2020-02-10', 62.0, 63.06, 61.82, 62.62]
['2020-02-11', 63.03, 64.64, 62.09, 63.41]
['2020-02-12', 63.81, 65.0, 63.02, 64.7]
['2020-02-13', 64.58, 65.43, 62.83, 64.26]
['2020-02-14', 64.49, 65.61, 63.76, 64.38]
['2020-02-18', 64.34, 65.16, 61.69, 64.48]
['2020-02-19', 64.9, 67.88, 63.38, 67.51]
['2020-02-20', 67.22, 67.76, 65.23, 67.44]
['2020-02-21', 67.33, 69.72, 66.17, 69.2]
['2020-02-24', 66.82, 68.88, 65.35, 68.1]
['2020-02-25', 67.55, 67.55, 63.3, 63.96]
['2020-02-26', 64.38, 66.61, 63.03, 63.66]
['2020-02-27', 62.97, 64.85, 56.94, 57.11]
['2020-02-28', 59.24, 59.38, 53.5, 56.17]
['2020-03-02', 56.55, 56.85, 51.91, 53.45]
['2020-03-03', 53.4, 54.9, 50.44, 52.03]
['2020-03-04', 53.29, 54.05, 51.74, 53.94]
['2020-03-05', 52.48, 56.41, 51.79, 54.61]
['2020-03-06', 52.86, 54.59, 50.04, 51.99]
['2020-03-09', 48.89, 50.52, 47.51, 49.65]
['2020-03-10', 50.68, 52.34, 46.86, 48.66]
['2020-03-11', 47.27, 50.0, 45.21, 45.88]
['2020-03-12', 42.54, 43.49, 38.03, 38.68]
['2020-03-13', 41.08, 43.69, 37.06, 43.69]
['2020-03-16', 38.0, 40.15, 35.66, 36.13]
['2020-03-17', 36.01, 46.82, 33.04, 41.34]
['2020-03-18', 39.21, 44.42, 38.22, 42.25]
['2020-03-19', 42.29, 48.93, 40.23, 43.17]
['2020-03-20', 44.61, 47.92, 41.74, 44.51]
['2020-03-23', 44.76, 47.44, 42.96, 44.61]
['2020-03-24', 47.1, 54.11, 45.79, 53.0]
['2020-03-25', 53.15, 59.74, 50.53, 51.81]
['2020-03-26', 52.01, 54.46, 50.54, 53.05]
['2020-03-27', 51.89, 53.51, 48.86, 51.18]
['2020-03-30', 52.11, 54.68, 50.08, 54.0]
['2020-03-31', 54.03, 56.35, 51.21, 52.29]
['2020-04-01', 50.83, 52.86, 46.93, 47.71]
['2020-04-02', 47.08, 52.34, 47.08, 49.72]
['2020-04-03', 49.23, 51.7, 46.95, 48.63]
['2020-04-06', 51.07, 52.44, 48.8, 52.09]
['2020-04-07', 53.78, 53.91, 49.88, 49.89]
['2020-04-08', 50.28, 51.11, 47.78, 48.51]
['2020-04-09', 49.77, 54.56, 49.77, 53.07]
['2020-04-13', 52.5, 55.6, 51.35, 55.01]
['2020-04-14', 57.54, 59.76, 55.13, 58.51]
['2020-04-15', 57.38, 60.38, 54.11, 54.51]
['2020-04-16', 55.13, 57.93, 52.2, 56.56]
['2020-04-17', 58.55, 58.55, 55.48, 56.93]
['2020-04-20', 55.18, 61.28, 54.95, 59.9]
['2020-04-21', 59.55, 63.42, 59.06, 60.97]
['2020-04-22', 62.71, 62.83, 57.7, 58.57]
['2020-04-23', 59.35, 61.57, 58.94, 60.73]
['2020-04-24', 61.47, 63.05, 60.13, 60.87]
['2020-04-27', 62.52, 63.28, 61.05, 62.31]
['2020-04-28', 63.4, 64.38, 61.17, 62.09]
['2020-04-29', 64.05, 66.09, 62.47, 64.33]
['2020-04-30', 64.19, 64.19, 61.3, 63.34]
['2020-05-01', 61.3, 61.93, 58.9, 60.01]
['2020-05-04', 59.9, 60.65, 55.77, 56.14]
['2020-05-05', 56.46, 59.99, 53.71, 57.18]
['2020-05-06', 57.94, 61.85, 57.94, 59.41]
['2020-05-07', 60.62, 65.14, 59.24, 62.07]
['2020-05-08', 62.92, 62.92, 57.88, 58.81]
['2020-05-11', 58.53, 58.83, 57.5, 58.19]
['2020-05-12', 58.12, 58.59, 54.89, 55.23]
['2020-05-13', 55.9, 55.92, 52.85, 55.8]
['2020-05-14', 54.88, 58.1, 54.25, 57.35]
['2020-05-15', 56.96, 58.97, 55.72, 58.69]
['2020-05-18', 59.43, 62.13, 59.43, 60.79]
['2020-05-19', 60.67, 61.23, 58.18, 58.39]
['2020-05-20', 59.25, 59.69, 57.83, 58.87]
['2020-05-21', 58.9, 59.89, 58.07, 59.64]
['2020-05-22', 59.78, 60.15, 58.84, 59.25]
['2020-05-26', 60.93, 60.93, 59.03, 59.14]
['2020-05-27', 59.89, 63.66, 59.18, 63.46]
['2020-05-28', 63.5, 64.39, 56.92, 56.97]
['2020-05-29', 57.4, 57.51, 51.67, 53.43]
['2020-06-01', 53.45, 55.0, 51.93, 53.58]
['2020-06-02', 54.33, 57.7, 53.47, 56.0]
['2020-06-03', 56.37, 58.24, 55.37, 58.05]
['2020-06-04', 58.46, 59.12, 54.76, 57.87]
['2020-06-05', 59.0, 60.37, 57.73, 57.8]
