['2014-11-21', 20.25, 22.5, 20.25, 22.5]
['2014-11-24', 22.5, 22.5, 22.5, 22.5]
['2014-11-25', 22.5, 22.5, 22.5, 22.5]
['2014-11-26', 24.0, 24.0, 24.0, 24.0]
['2014-11-28', 24.0, 24.0, 24.0, 24.0]
['2014-12-01', 24.0, 24.0, 24.0, 24.0]
['2014-12-02', 26.25, 30.0, 26.25, 30.0]
['2014-12-03', 30.0, 30.0, 30.0, 30.0]
['2014-12-04', 30.0, 30.0, 29.7, 29.7]
['2014-12-05', 30.0, 30.0, 28.5, 28.5]
['2014-12-08', 24.75, 24.75, 24.0, 24.0]
['2014-12-09', 25.65, 25.65, 25.65, 25.65]
['2014-12-10', 25.65, 25.65, 25.65, 25.65]
['2014-12-11', 25.65, 25.65, 25.65, 25.65]
['2014-12-12', 26.25, 26.25, 24.0, 24.0]
['2014-12-15', 24.0, 24.0, 24.0, 24.0]
['2014-12-16', 24.0, 24.0, 24.0, 24.0]
['2014-12-17', 24.0, 24.0, 24.0, 24.0]
['2014-12-18', 29.85, 29.85, 29.85, 29.85]
['2014-12-19', 29.85, 29.85, 29.85, 29.85]
['2014-12-22', 29.85, 29.85, 29.85, 29.85]
['2014-12-23', 29.85, 29.85, 29.85, 29.85]
['2014-12-24', 29.85, 29.85, 29.85, 29.85]
['2014-12-26', 29.85, 29.85, 29.85, 29.85]
['2014-12-29', 29.85, 29.85, 29.85, 29.85]
['2014-12-30', 29.85, 29.85, 29.85, 29.85]
['2014-12-31', 29.85, 29.85, 29.85, 29.85]
['2015-01-02', 29.85, 29.85, 29.85, 29.85]
['2015-01-05', 29.85, 29.85, 29.85, 29.85]
['2015-01-06', 29.85, 29.85, 29.85, 29.85]
['2015-01-07', 29.85, 29.85, 29.85, 29.85]
['2015-01-08', 29.85, 29.85, 29.85, 29.85]
['2015-01-09', 29.85, 29.85, 29.85, 29.85]
['2015-01-12', 29.85, 29.85, 29.85, 29.85]
['2015-01-13', 29.85, 29.85, 29.85, 29.85]
['2015-01-14', 29.85, 29.85, 29.85, 29.85]
['2015-01-15', 29.85, 29.85, 29.85, 29.85]
['2015-01-16', 29.85, 29.85, 29.85, 29.85]
['2015-01-20', 29.85, 29.85, 29.85, 29.85]
['2015-01-21', 29.85, 29.85, 29.85, 29.85]
['2015-01-22', 29.85, 29.85, 29.85, 29.85]
['2015-01-23', 29.85, 29.85, 29.85, 29.85]
['2015-01-26', 29.85, 29.85, 29.85, 29.85]
['2015-01-27', 29.85, 29.85, 29.85, 29.85]
['2015-01-28', 21.0, 28.2, 19.5, 28.2]
['2015-01-29', 28.2, 28.2, 28.2, 28.2]
['2015-01-30', 28.2, 28.2, 28.2, 28.2]
['2015-02-02', 28.2, 28.2, 28.2, 28.2]
['2015-02-03', 19.5, 19.5, 19.5, 19.5]
['2015-02-04', 19.5, 19.5, 19.5, 19.5]
['2015-02-05', 19.5, 19.5, 19.5, 19.5]
['2015-02-06', 19.5, 19.5, 19.5, 19.5]
['2015-02-09', 19.5, 19.5, 19.5, 19.5]
['2015-02-10', 19.5, 19.5, 19.5, 19.5]
['2015-02-11', 19.5, 19.5, 19.5, 19.5]
['2015-02-12', 19.5, 19.5, 19.5, 19.5]
['2015-02-13', 19.5, 19.5, 19.5, 19.5]
['2015-02-17', 19.5, 19.5, 19.5, 19.5]
['2015-02-18', 19.5, 19.5, 19.5, 19.5]
['2015-02-19', 19.5, 19.5, 19.5, 19.5]
['2015-02-20', 19.5, 19.5, 19.5, 19.5]
['2015-02-23', 19.5, 19.5, 19.5, 19.5]
['2015-02-24', 19.5, 19.5, 19.5, 19.5]
['2015-02-25', 19.5, 19.5, 19.5, 19.5]
['2015-02-26', 19.5, 19.5, 19.5, 19.5]
['2015-02-27', 19.5, 19.5, 19.5, 19.5]
['2015-03-02', 19.5, 19.5, 19.5, 19.5]
['2015-03-03', 19.5, 19.5, 19.5, 19.5]
['2015-03-04', 19.5, 19.5, 19.5, 19.5]
['2015-03-05', 19.5, 19.5, 19.5, 19.5]
['2015-03-06', 19.5, 19.5, 19.5, 19.5]
['2015-03-09', 19.5, 19.5, 19.5, 19.5]
['2015-03-10', 19.5, 19.5, 19.5, 19.5]
['2015-03-11', 19.5, 19.5, 19.5, 19.5]
['2015-03-12', 19.5, 19.5, 19.5, 19.5]
['2015-03-13', 19.5, 19.5, 19.5, 19.5]
['2015-03-16', 19.5, 19.5, 19.5, 19.5]
['2015-03-17', 19.5, 19.5, 19.5, 19.5]
['2015-03-18', 19.5, 19.5, 19.5, 19.5]
['2015-03-19', 19.5, 19.5, 19.5, 19.5]
['2015-03-20', 19.5, 19.5, 19.5, 19.5]
['2015-03-23', 19.5, 19.5, 19.5, 19.5]
['2015-03-24', 19.5, 19.5, 19.5, 19.5]
['2015-03-25', 19.5, 19.5, 19.5, 19.5]
['2015-03-26', 19.5, 19.5, 19.5, 19.5]
['2015-03-27', 19.5, 19.5, 19.5, 19.5]
['2015-03-30', 19.5, 19.5, 19.5, 19.5]
['2015-03-31', 19.5, 19.5, 19.5, 19.5]
['2015-04-01', 19.5, 19.5, 19.5, 19.5]
['2015-04-02', 19.5, 19.5, 19.5, 19.5]
['2015-04-06', 19.5, 19.5, 19.5, 19.5]
['2015-04-07', 19.5, 19.5, 19.5, 19.5]
['2015-04-08', 19.5, 19.5, 19.5, 19.5]
['2015-04-09', 19.5, 19.5, 19.5, 19.5]
['2015-04-10', 19.5, 19.5, 19.5, 19.5]
['2015-04-13', 19.5, 19.5, 19.5, 19.5]
['2015-04-14', 19.5, 19.5, 19.5, 19.5]
['2015-04-15', 19.5, 19.5, 19.5, 19.5]
['2015-04-16', 19.5, 19.5, 19.5, 19.5]
['2015-04-17', 19.5, 19.5, 19.5, 19.5]
['2015-04-20', 19.5, 19.5, 19.5, 19.5]
['2015-04-21', 19.5, 19.5, 19.5, 19.5]
['2015-04-22', 19.5, 19.5, 19.5, 19.5]
['2015-04-23', 19.5, 19.5, 19.5, 19.5]
['2015-04-24', 19.5, 19.5, 19.5, 19.5]
['2015-04-27', 19.5, 19.5, 19.5, 19.5]
['2015-04-28', 19.5, 19.5, 19.5, 19.5]
['2015-04-29', 19.5, 19.5, 19.5, 19.5]
['2015-04-30', 19.5, 19.5, 19.5, 19.5]
['2015-05-01', 19.5, 19.5, 19.5, 19.5]
['2015-05-04', 19.5, 19.5, 19.5, 19.5]
['2015-05-05', 19.5, 19.5, 19.5, 19.5]
['2015-05-06', 19.5, 19.5, 19.5, 19.5]
['2015-05-07', 19.5, 19.5, 19.5, 19.5]
['2015-05-08', 19.5, 19.5, 19.5, 19.5]
['2015-05-11', 19.5, 19.5, 19.5, 19.5]
['2015-05-12', 19.5, 19.5, 19.5, 19.5]
['2015-05-13', 19.5, 19.5, 19.5, 19.5]
['2015-05-14', 19.5, 19.5, 19.5, 19.5]
['2015-05-15', 19.5, 19.5, 19.5, 19.5]
['2015-05-18', 19.5, 19.5, 19.5, 19.5]
['2015-05-19', 19.5, 19.5, 19.5, 19.5]
['2015-05-20', 19.5, 19.5, 19.5, 19.5]
['2015-05-21', 19.5, 19.5, 19.5, 19.5]
['2015-05-22', 19.5, 19.5, 19.5, 19.5]
['2015-05-26', 19.5, 19.5, 19.5, 19.5]
['2015-05-27', 19.5, 19.5, 19.5, 19.5]
['2015-05-28', 19.5, 19.5, 19.5, 19.5]
['2015-05-29', 19.5, 19.5, 19.5, 19.5]
['2015-06-01', 19.5, 19.5, 19.5, 19.5]
['2015-06-02', 19.5, 19.5, 19.5, 19.5]
['2015-06-03', 19.5, 19.5, 19.5, 19.5]
['2015-06-04', 19.5, 19.5, 19.5, 19.5]
['2015-06-05', 19.5, 19.5, 19.5, 19.5]
['2015-06-08', 19.5, 19.5, 19.5, 19.5]
['2015-06-09', 19.5, 19.5, 19.5, 19.5]
['2015-06-10', 19.5, 19.5, 19.5, 19.5]
['2015-06-11', 19.5, 19.5, 19.5, 19.5]
['2015-06-12', 19.5, 19.5, 19.5, 19.5]
['2015-06-15', 19.5, 19.5, 19.5, 19.5]
['2015-06-16', 19.5, 19.5, 19.5, 19.5]
['2015-06-17', 19.5, 19.5, 19.5, 19.5]
['2015-06-18', 19.5, 19.5, 19.5, 19.5]
['2015-06-19', 19.5, 19.5, 19.5, 19.5]
['2015-06-22', 19.5, 19.5, 19.5, 19.5]
['2015-06-23', 19.5, 19.5, 19.5, 19.5]
['2015-06-24', 19.5, 19.5, 19.5, 19.5]
['2015-06-25', 19.5, 19.5, 19.5, 19.5]
['2015-06-26', 19.5, 19.5, 19.5, 19.5]
['2015-06-29', 19.5, 19.5, 19.5, 19.5]
['2015-06-30', 19.5, 19.5, 19.5, 19.5]
['2015-07-01', 19.5, 19.5, 19.5, 19.5]
['2015-07-02', 19.5, 19.5, 19.5, 19.5]
['2015-07-06', 19.5, 19.5, 19.5, 19.5]
['2015-07-07', 19.5, 19.5, 19.5, 19.5]
['2015-07-08', 19.5, 19.5, 19.5, 19.5]
['2015-07-09', 19.5, 19.5, 19.5, 19.5]
['2015-07-10', 19.5, 19.5, 19.5, 19.5]
['2015-07-13', 19.5, 19.5, 19.5, 19.5]
['2015-07-14', 19.5, 19.5, 19.5, 19.5]
['2015-07-15', 19.5, 19.5, 19.5, 19.5]
['2015-07-16', 19.5, 19.5, 19.5, 19.5]
['2015-07-17', 19.5, 19.5, 19.5, 19.5]
['2015-07-20', 19.5, 19.5, 19.5, 19.5]
['2015-07-21', 19.5, 19.5, 19.5, 19.5]
['2015-07-22', 19.5, 19.5, 19.5, 19.5]
['2015-07-23', 19.5, 19.5, 19.5, 19.5]
['2015-07-24', 19.5, 19.5, 19.5, 19.5]
['2015-07-27', 19.5, 19.5, 19.5, 19.5]
['2015-07-28', 24.0, 29.85, 22.5, 29.85]
['2015-07-29', 29.85, 29.85, 29.85, 29.85]
['2015-07-30', 29.85, 29.85, 29.85, 29.85]
['2015-07-31', 29.85, 29.85, 29.85, 29.85]
['2015-08-03', 29.85, 29.85, 29.85, 29.85]
['2015-08-04', 29.85, 29.85, 29.85, 29.85]
['2015-08-05', 31.5, 45.0, 31.5, 45.0]
['2015-08-06', 45.0, 45.0, 45.0, 45.0]
['2015-08-07', 45.0, 45.0, 45.0, 45.0]
['2015-08-10', 45.0, 45.0, 45.0, 45.0]
['2015-08-11', 45.0, 45.0, 45.0, 45.0]
['2015-08-12', 45.0, 45.0, 45.0, 45.0]
['2015-08-13', 45.0, 45.0, 45.0, 45.0]
['2015-08-14', 45.0, 45.0, 45.0, 45.0]
['2015-08-17', 45.0, 45.0, 45.0, 45.0]
['2015-08-18', 45.0, 45.0, 45.0, 45.0]
['2015-08-19', 45.0, 45.0, 45.0, 45.0]
['2015-08-20', 45.0, 45.0, 45.0, 45.0]
['2015-08-21', 45.0, 45.0, 45.0, 45.0]
['2015-08-24', 45.0, 45.0, 45.0, 45.0]
['2015-08-25', 45.0, 45.0, 45.0, 45.0]
['2015-08-26', 45.0, 45.0, 45.0, 45.0]
['2015-08-27', 45.0, 45.0, 45.0, 45.0]
['2015-08-28', 45.0, 45.0, 45.0, 45.0]
['2015-08-31', 45.0, 45.0, 45.0, 45.0]
['2015-09-01', 45.0, 45.0, 45.0, 45.0]
['2015-09-02', 45.0, 45.0, 45.0, 45.0]
['2015-09-03', 45.0, 45.0, 45.0, 45.0]
['2015-09-04', 45.0, 45.0, 45.0, 45.0]
['2015-09-08', 45.0, 45.0, 45.0, 45.0]
['2015-09-09', 45.0, 45.0, 45.0, 45.0]
['2015-09-10', 45.0, 45.0, 45.0, 45.0]
['2015-09-11', 45.0, 45.0, 45.0, 45.0]
['2015-09-14', 45.0, 45.0, 45.0, 45.0]
['2015-09-15', 45.0, 45.0, 45.0, 45.0]
['2015-09-16', 45.0, 45.0, 45.0, 45.0]
['2015-09-17', 30.0, 30.0, 30.0, 30.0]
['2015-09-18', 30.0, 30.0, 30.0, 30.0]
['2015-09-21', 30.0, 30.0, 30.0, 30.0]
['2015-09-22', 30.0, 30.0, 30.0, 30.0]
['2015-09-23', 30.0, 30.0, 30.0, 30.0]
['2015-09-24', 30.0, 30.0, 30.0, 30.0]
['2015-09-25', 30.0, 30.0, 30.0, 30.0]
['2015-09-28', 30.0, 30.0, 30.0, 30.0]
['2015-09-29', 30.0, 30.0, 30.0, 30.0]
['2015-09-30', 30.0, 30.0, 30.0, 30.0]
['2015-10-01', 30.0, 30.0, 30.0, 30.0]
['2015-10-02', 30.0, 30.0, 30.0, 30.0]
['2015-10-05', 30.0, 30.0, 30.0, 30.0]
['2015-10-06', 30.0, 30.0, 30.0, 30.0]
['2015-10-07', 30.0, 30.0, 30.0, 30.0]
['2015-10-08', 30.0, 30.0, 30.0, 30.0]
['2015-10-09', 30.0, 30.0, 30.0, 30.0]
['2015-10-12', 30.0, 30.0, 30.0, 30.0]
['2015-10-13', 30.0, 30.0, 30.0, 30.0]
['2015-10-14', 30.0, 30.0, 30.0, 30.0]
['2015-10-15', 30.0, 30.0, 30.0, 30.0]
['2015-10-16', 30.0, 30.0, 30.0, 30.0]
['2015-10-19', 30.0, 30.0, 30.0, 30.0]
['2015-10-20', 22.5, 22.5, 22.5, 22.5]
['2015-10-21', 22.5, 22.5, 22.5, 22.5]
['2015-10-22', 22.5, 22.5, 22.5, 22.5]
['2015-10-23', 19.5, 19.5, 9.9, 10.05]
['2015-10-26', 5.25, 5.25, 4.5, 4.5]
['2015-10-27', 3.75, 3.75, 0.75, 0.75]
['2015-10-28', 1.05, 1.5, 0.75, 1.125]
['2015-10-29', 1.2, 1.35, 0.945, 1.125]
['2015-10-30', 1.2, 1.2, 1.05, 1.125]
['2015-11-02', 1.2, 2.55, 1.08, 2.535]
['2015-11-03', 2.7, 2.925, 1.5, 1.95]
['2015-11-04', 1.95, 2.025, 1.5, 1.8]
['2015-11-05', 1.8, 1.8, 1.35, 1.62]
['2015-11-06', 1.875, 1.875, 1.5, 1.725]
['2015-11-09', 1.725, 1.725, 1.65, 1.725]
['2015-11-10', 1.725, 1.8, 1.725, 1.725]
['2015-11-11', 1.725, 1.725, 1.125, 1.125]
['2015-11-12', 1.125, 1.125, 1.125, 1.125]
['2015-11-13', 1.2, 1.5, 1.2, 1.5]
['2015-11-16', 1.5, 1.5, 1.065, 1.125]
['2015-11-17', 1.065, 1.065, 1.05, 1.05]
['2015-11-18', 1.05, 1.05, 0.84, 1.035]
['2015-11-19', 1.035, 1.65, 1.035, 1.125]
['2015-11-20', 1.125, 1.425, 1.125, 1.2]
['2015-11-23', 1.02, 1.215, 1.02, 1.215]
['2015-11-24', 1.35, 1.425, 1.095, 1.425]
['2015-11-25', 1.35, 1.35, 1.2, 1.2]
['2015-11-27', 1.125, 1.35, 1.125, 1.245]
['2015-11-30', 1.245, 1.245, 1.245, 1.245]
['2015-12-01', 1.05, 1.05, 1.05, 1.05]
['2015-12-02', 1.05, 1.08, 0.975, 1.05]
['2015-12-03', 1.05, 1.05, 1.05, 1.05]
['2015-12-04', 1.05, 1.05, 1.05, 1.05]
['2015-12-07', 1.05, 1.05, 1.05, 1.05]
['2015-12-08', 1.05, 1.05, 0.75, 0.75]
['2015-12-09', 0.75, 0.75, 0.75, 0.75]
['2015-12-10', 0.6, 0.675, 0.525, 0.675]
['2015-12-11', 0.765, 1.05, 0.765, 1.05]
['2015-12-14', 1.2, 1.2, 1.05, 1.05]
['2015-12-15', 0.795, 0.795, 0.75, 0.75]
['2015-12-16', 0.675, 0.675, 0.57, 0.6]
['2015-12-17', 0.66, 0.675, 0.66, 0.675]
['2015-12-18', 0.675, 0.825, 0.675, 0.75]
['2015-12-21', 0.75, 0.75, 0.75, 0.75]
['2015-12-22', 0.75, 0.75, 0.75, 0.75]
['2015-12-23', 0.885, 0.9, 0.885, 0.9]
['2015-12-24', 0.9, 0.9, 0.9, 0.9]
['2015-12-28', 0.9, 0.9, 0.9, 0.9]
['2015-12-29', 0.75, 0.75, 0.75, 0.75]
['2015-12-30', 0.75, 0.75, 0.75, 0.75]
['2015-12-31', 0.75, 0.75, 0.75, 0.75]
['2016-01-04', 0.75, 0.75, 0.75, 0.75]
['2016-01-05', 1.05, 1.05, 1.05, 1.05]
['2016-01-06', 0.75, 0.75, 0.6, 0.6]
['2016-01-07', 0.75, 0.75, 0.75, 0.75]
['2016-01-08', 0.75, 0.75, 0.75, 0.75]
['2016-01-11', 0.465, 0.75, 0.45, 0.675]
['2016-01-12', 0.9, 0.9, 0.9, 0.9]
['2016-01-13', 0.75, 0.75, 0.555, 0.555]
['2016-01-14', 0.75, 0.75, 0.75, 0.75]
['2016-01-15', 0.57, 0.75, 0.57, 0.6]
['2016-01-19', 0.6, 0.6, 0.6, 0.6]
['2016-01-20', 0.555, 0.555, 0.54, 0.54]
['2016-01-21', 0.54, 0.54, 0.525, 0.525]
['2016-01-22', 0.525, 0.525, 0.525, 0.525]
['2016-01-25', 0.525, 0.525, 0.525, 0.525]
['2016-01-26', 0.525, 0.525, 0.525, 0.525]
['2016-01-27', 0.525, 0.525, 0.525, 0.525]
['2016-01-28', 0.525, 0.525, 0.525, 0.525]
['2016-01-29', 0.465, 0.6, 0.375, 0.375]
['2016-02-01', 0.375, 0.375, 0.375, 0.375]
['2016-02-02', 0.375, 0.375, 0.375, 0.375]
['2016-02-03', 0.6, 0.6, 0.48, 0.6]
['2016-02-04', 0.9, 0.9, 0.9, 0.9]
['2016-02-05', 0.795, 0.795, 0.75, 0.75]
['2016-02-08', 0.75, 0.75, 0.75, 0.75]
['2016-02-09', 0.75, 1.5, 0.66, 0.66]
['2016-02-10', 0.66, 0.66, 0.66, 0.66]
['2016-02-11', 0.66, 0.66, 0.66, 0.66]
['2016-02-12', 0.75, 0.75, 0.75, 0.75]
['2016-02-16', 0.75, 1.2, 0.6, 0.705]
['2016-02-17', 0.6, 0.6, 0.6, 0.6]
['2016-02-18', 0.72, 0.72, 0.6, 0.6]
['2016-02-19', 0.6, 0.6, 0.45, 0.6]
['2016-02-22', 0.675, 0.855, 0.675, 0.78]
['2016-02-23', 0.675, 0.675, 0.66, 0.66]
['2016-02-24', 0.75, 1.2, 0.585, 0.75]
['2016-02-25', 0.705, 0.705, 0.705, 0.705]
['2016-02-26', 0.735, 0.75, 0.735, 0.75]
['2016-02-29', 0.75, 0.75, 0.75, 0.75]
['2016-03-01', 0.81, 0.81, 0.81, 0.81]
['2016-03-02', 0.825, 0.825, 0.72, 0.72]
['2016-03-03', 0.9, 0.9, 0.9, 0.9]
['2016-03-04', 0.9, 0.9, 0.9, 0.9]
['2016-03-07', 0.855, 0.9, 0.825, 0.9]
['2016-03-08', 0.9, 0.9, 0.9, 0.9]
['2016-03-09', 0.9, 0.9, 0.9, 0.9]
['2016-03-10', 0.9, 0.9, 0.9, 0.9]
['2016-03-11', 0.9, 0.9, 0.9, 0.9]
['2016-03-14', 0.825, 0.825, 0.825, 0.825]
['2016-03-15', 0.825, 0.825, 0.825, 0.825]
['2016-03-16', 0.675, 0.675, 0.675, 0.675]
['2016-03-17', 0.795, 0.81, 0.69, 0.69]
['2016-03-18', 0.87, 0.975, 0.87, 0.975]
['2016-03-21', 0.975, 1.5, 0.975, 1.35]
['2016-03-22', 1.35, 1.35, 1.35, 1.35]
['2016-03-23', 1.35, 1.35, 1.35, 1.35]
['2016-03-24', 1.35, 1.35, 1.35, 1.35]
['2016-03-28', 1.35, 1.35, 1.35, 1.35]
['2016-03-29', 0.99, 1.5, 0.87, 1.5]
['2016-03-30', 0.975, 0.975, 0.975, 0.975]
['2016-03-31', 1.2, 1.2, 1.2, 1.2]
['2016-04-01', 1.08, 1.2, 1.08, 1.185]
['2016-04-04', 1.185, 1.185, 1.185, 1.185]
['2016-04-05', 1.185, 1.185, 1.185, 1.185]
['2016-04-06', 1.2, 1.2, 0.945, 1.095]
['2016-04-07', 1.125, 1.5, 1.11, 1.5]
['2016-04-08', 0.9, 1.35, 0.9, 1.35]
['2016-04-11', 0.915, 1.05, 0.75, 1.05]
['2016-04-12', 0.9, 0.9, 0.9, 0.9]
['2016-04-13', 0.9, 0.9, 0.9, 0.9]
['2016-04-14', 0.9, 0.9, 0.9, 0.9]
['2016-04-15', 0.9, 0.9, 0.9, 0.9]
['2016-04-18', 0.9, 0.9, 0.9, 0.9]
['2016-04-19', 0.9, 0.9, 0.9, 0.9]
['2016-04-20', 0.9, 0.9, 0.9, 0.9]
['2016-04-21', 0.9, 0.9, 0.9, 0.9]
['2016-04-22', 1.05, 1.05, 1.05, 1.05]
['2016-04-25', 1.05, 1.05, 1.05, 1.05]
['2016-04-26', 1.05, 1.05, 1.05, 1.05]
['2016-04-27', 1.02, 1.02, 1.02, 1.02]
['2016-04-28', 1.02, 1.02, 1.02, 1.02]
['2016-04-29', 1.02, 1.02, 1.02, 1.02]
['2016-05-02', 1.35, 1.35, 1.35, 1.35]
['2016-05-03', 1.29, 1.5, 1.2, 1.275]
['2016-05-04', 1.425, 1.71, 0.99, 1.05]
['2016-05-05', 1.05, 1.05, 1.05, 1.05]
['2016-05-06', 1.05, 1.05, 1.05, 1.05]
['2016-05-09', 1.125, 1.305, 1.125, 1.125]
['2016-05-10', 1.125, 1.125, 1.125, 1.125]
['2016-05-11', 1.35, 1.35, 1.275, 1.275]
['2016-05-12', 1.59, 1.62, 1.425, 1.425]
['2016-05-13', 1.35, 1.35, 1.35, 1.35]
['2016-05-16', 1.515, 2.25, 1.5, 2.25]
['2016-05-17', 2.4, 2.4, 1.875, 1.875]
['2016-05-18', 1.65, 2.475, 1.65, 2.475]
['2016-05-19', 2.595, 2.7, 1.575, 1.575]
['2016-05-20', 1.575, 1.95, 1.575, 1.8]
['2016-05-23', 1.86, 1.86, 1.86, 1.86]
['2016-05-24', 1.8, 1.8, 1.59, 1.65]
['2016-05-25', 1.665, 1.8, 1.665, 1.8]
['2016-05-26', 1.8, 1.8, 1.8, 1.8]
['2016-05-27', 1.8, 1.8, 1.8, 1.8]
['2016-05-31', 1.905, 1.905, 1.8, 1.8]
['2016-06-01', 1.65, 2.325, 1.65, 2.325]
['2016-06-02', 2.325, 2.325, 2.025, 2.025]
['2016-06-03', 2.04, 2.04, 2.025, 2.025]
['2016-06-06', 2.025, 2.025, 2.025, 2.025]
['2016-06-07', 1.8, 1.8, 1.755, 1.8]
['2016-06-08', 1.8, 1.95, 1.8, 1.95]
['2016-06-09', 1.95, 1.95, 1.95, 1.95]
['2016-06-10', 1.95, 2.1, 1.95, 2.1]
['2016-06-13', 2.1, 2.1, 2.1, 2.1]
['2016-06-14', 2.1, 2.1, 2.1, 2.1]
['2016-06-15', 2.1, 2.1, 2.07, 2.07]
['2016-06-16', 2.205, 2.205, 2.205, 2.205]
['2016-06-17', 2.1, 2.1, 1.875, 1.875]
['2016-06-20', 1.935, 2.025, 1.935, 2.025]
['2016-06-21', 1.59, 1.8, 1.59, 1.8]
['2016-06-22', 1.92, 1.92, 1.92, 1.92]
['2016-06-23', 1.92, 1.92, 1.92, 1.92]
['2016-06-24', 1.95, 1.95, 1.8, 1.905]
['2016-06-27', 1.905, 1.905, 1.905, 1.905]
['2016-06-28', 1.905, 1.905, 1.905, 1.905]
['2016-06-29', 1.83, 1.83, 1.83, 1.83]
['2016-06-30', 1.59, 1.59, 1.59, 1.59]
['2016-07-01', 1.905, 1.905, 1.845, 1.905]
['2016-07-05', 1.905, 1.905, 1.905, 1.905]
['2016-07-06', 1.89, 1.89, 1.89, 1.89]
['2016-07-07', 1.695, 1.89, 1.695, 1.89]
['2016-07-08', 1.89, 1.89, 1.89, 1.89]
['2016-07-11', 1.89, 1.89, 1.89, 1.89]
['2016-07-12', 1.89, 1.89, 1.89, 1.89]
['2016-07-13', 1.65, 1.905, 1.65, 1.905]
['2016-07-14', 1.89, 1.89, 1.59, 1.8]
['2016-07-15', 1.8, 1.8, 1.575, 1.65]
['2016-07-18', 1.74, 1.8, 1.35, 1.8]
['2016-07-19', 1.77, 1.77, 1.425, 1.5]
['2016-07-20', 1.5, 1.5, 1.35, 1.5]
['2016-07-21', 1.425, 1.5, 1.35, 1.44]
['2016-07-22', 1.47, 1.5, 1.35, 1.5]
['2016-07-25', 1.35, 1.65, 1.23, 1.5]
['2016-07-26', 1.44, 1.5, 1.2, 1.2]
['2016-07-27', 1.35, 1.35, 1.35, 1.35]
['2016-07-28', 1.335, 1.335, 1.335, 1.335]
['2016-07-29', 1.335, 1.35, 1.335, 1.35]
['2016-08-01', 1.95, 1.95, 1.32, 1.35]
['2016-08-02', 1.215, 1.35, 1.2, 1.35]
['2016-08-03', 1.2, 1.2, 1.2, 1.2]
['2016-08-04', 1.215, 1.335, 1.125, 1.2]
['2016-08-05', 1.275, 1.65, 1.275, 1.545]
['2016-08-08', 1.365, 1.365, 1.35, 1.35]
['2016-08-09', 1.35, 1.35, 1.35, 1.35]
['2016-08-10', 1.35, 1.35, 1.2, 1.2]
['2016-08-11', 1.275, 1.275, 1.185, 1.215]
['2016-08-12', 1.32, 1.635, 1.125, 1.635]
['2016-08-15', 1.575, 1.725, 1.575, 1.725]
['2016-08-16', 1.545, 1.725, 1.35, 1.575]
['2016-08-17', 1.425, 1.5, 1.425, 1.425]
['2016-08-18', 1.5, 1.5, 1.455, 1.455]
['2016-08-19', 1.455, 1.455, 1.455, 1.455]
['2016-08-22', 1.8, 1.875, 1.5, 1.875]
['2016-08-23', 1.875, 1.875, 1.65, 1.785]
['2016-08-24', 1.785, 1.785, 1.65, 1.65]
['2016-08-25', 1.65, 1.65, 1.65, 1.65]
['2016-08-26', 1.65, 1.65, 1.5, 1.65]
['2016-08-29', 1.5, 1.53, 1.5, 1.53]
['2016-08-30', 1.5, 1.5, 1.485, 1.5]
['2016-08-31', 1.515, 1.515, 1.425, 1.425]
['2016-09-01', 1.5, 1.515, 1.5, 1.5]
['2016-09-02', 1.425, 1.92, 1.425, 1.875]
['2016-09-06', 1.89, 2.07, 1.875, 2.025]
['2016-09-07', 2.025, 2.025, 1.59, 1.65]
['2016-09-08', 1.65, 1.785, 1.65, 1.725]
['2016-09-09', 1.95, 2.25, 1.725, 2.025]
['2016-09-12', 2.025, 2.04, 1.965, 1.965]
['2016-09-13', 1.965, 1.965, 1.89, 1.965]
['2016-09-14', 1.965, 1.965, 1.95, 1.95]
['2016-09-15', 1.995, 2.325, 1.95, 2.25]
['2016-09-16', 2.175, 2.475, 2.1, 2.25]
['2016-09-19', 2.25, 2.55, 2.25, 2.4]
['2016-09-20', 2.4, 2.4, 2.1, 2.1]
['2016-09-21', 2.175, 2.4, 2.175, 2.4]
['2016-09-22', 2.85, 2.85, 2.4, 2.55]
['2016-09-23', 2.55, 2.55, 2.295, 2.55]
['2016-09-26', 2.55, 2.985, 2.55, 2.7]
['2016-09-27', 2.7, 2.925, 2.4, 2.4]
['2016-09-28', 2.43, 2.685, 2.43, 2.475]
['2016-09-29', 2.55, 2.7, 2.43, 2.43]
['2016-09-30', 2.28, 2.28, 2.1, 2.175]
['2016-10-03', 2.535, 2.535, 2.175, 2.175]
['2016-10-04', 2.175, 2.175, 1.605, 2.1]
['2016-10-05', 2.19, 2.19, 2.19, 2.19]
['2016-10-06', 2.325, 2.325, 1.875, 1.875]
['2016-10-07', 1.875, 2.25, 1.875, 1.875]
['2016-10-10', 1.95, 2.4, 1.95, 2.25]
['2016-10-11', 2.4, 2.4, 2.175, 2.25]
['2016-10-12', 2.25, 2.25, 2.025, 2.025]
['2016-10-13', 1.98, 1.98, 1.8, 1.845]
['2016-10-14', 1.83, 1.98, 1.8, 1.98]
['2016-10-17', 1.95, 1.95, 1.74, 1.875]
['2016-10-18', 1.8, 2.07, 1.5, 1.5]
['2016-10-19', 1.86, 1.92, 1.695, 1.8]
['2016-10-20', 2.1, 2.1, 1.95, 1.95]
['2016-10-21', 1.95, 1.95, 1.755, 1.755]
['2016-10-24', 1.92, 1.92, 1.845, 1.845]
['2016-10-25', 1.95, 1.95, 1.5, 1.5]
['2016-10-26', 1.515, 1.515, 1.365, 1.5]
['2016-10-27', 1.59, 1.935, 1.575, 1.635]
['2016-10-28', 1.515, 1.8, 1.515, 1.575]
['2016-10-31', 1.68, 2.01, 1.575, 2.01]
['2016-11-01', 2.01, 2.01, 1.65, 1.65]
['2016-11-02', 1.725, 1.725, 1.65, 1.65]
['2016-11-03', 1.74, 1.8, 1.59, 1.8]
['2016-11-04', 1.785, 1.785, 1.68, 1.68]
['2016-11-07', 1.68, 1.725, 1.65, 1.68]
['2016-11-08', 1.68, 1.68, 1.68, 1.68]
['2016-11-09', 1.65, 1.65, 1.65, 1.65]
['2016-11-10', 1.5, 1.53, 1.41, 1.41]
['2016-11-11', 1.5, 1.5, 1.425, 1.425]
['2016-11-14', 1.425, 1.425, 1.425, 1.425]
['2016-11-15', 1.47, 1.47, 1.455, 1.455]
['2016-11-16', 1.455, 1.455, 1.455, 1.455]
['2016-11-17', 1.455, 1.5, 1.425, 1.425]
['2016-11-18', 1.425, 1.425, 1.425, 1.425]
['2016-11-21', 1.35, 1.35, 1.2, 1.2]
['2016-11-22', 1.23, 1.23, 1.23, 1.23]
['2016-11-23', 1.65, 1.8, 1.38, 1.65]
['2016-11-25', 1.5, 1.65, 1.425, 1.485]
['2016-11-28', 1.5, 1.5, 1.2, 1.275]
['2016-11-29', 1.515, 1.65, 1.425, 1.65]
['2016-11-30', 1.785, 1.785, 1.635, 1.635]
['2016-12-01', 1.5, 1.8, 1.5, 1.575]
['2016-12-02', 1.785, 2.025, 1.65, 1.65]
['2016-12-05', 1.8, 1.8, 1.575, 1.575]
['2016-12-06', 1.575, 1.65, 1.5, 1.575]
['2016-12-07', 1.635, 1.65, 1.5, 1.5]
['2016-12-08', 1.425, 1.425, 1.425, 1.425]
['2016-12-09', 1.5, 1.635, 1.29, 1.56]
['2016-12-12', 1.38, 1.38, 1.38, 1.38]
['2016-12-13', 1.53, 1.575, 1.365, 1.515]
['2016-12-14', 1.5, 1.5, 1.47, 1.47]
['2016-12-15', 1.575, 1.65, 1.215, 1.5]
['2016-12-16', 1.395, 1.395, 1.395, 1.395]
['2016-12-19', 0.75, 1.35, 0.75, 1.125]
['2016-12-20', 1.08, 1.29, 1.05, 1.125]
['2016-12-21', 1.32, 1.335, 1.17, 1.275]
['2016-12-22', 1.335, 1.35, 1.2, 1.35]
['2016-12-23', 1.35, 1.425, 1.275, 1.35]
['2016-12-27', 1.35, 1.35, 1.2, 1.335]
['2016-12-28', 1.35, 1.35, 1.26, 1.275]
['2016-12-29', 1.35, 1.35, 1.14, 1.2]
['2016-12-30', 1.29, 1.29, 1.095, 1.2]
['2017-01-03', 1.35, 1.35, 1.2, 1.335]
['2017-01-04', 1.245, 1.425, 1.245, 1.275]
['2017-01-05', 1.35, 1.35, 1.35, 1.35]
['2017-01-06', 1.35, 1.365, 1.2, 1.2]
['2017-01-09', 1.215, 1.275, 1.17, 1.23]
['2017-01-10', 1.2, 1.2, 1.08, 1.2]
['2017-01-11', 1.2, 1.5, 1.2, 1.5]
['2017-01-12', 1.425, 1.65, 1.425, 1.515]
['2017-01-13', 1.545, 2.01, 1.545, 1.95]
['2017-01-17', 1.95, 1.995, 1.65, 1.935]
['2017-01-18', 1.89, 2.25, 1.89, 2.25]
['2017-01-19', 2.28, 2.28, 1.965, 2.25]
['2017-01-20', 2.28, 2.28, 1.875, 1.875]
['2017-01-23', 2.265, 2.265, 2.085, 2.085]
['2017-01-24', 1.965, 1.965, 1.965, 1.965]
['2017-01-25', 1.995, 1.995, 1.68, 1.68]
['2017-01-26', 1.935, 1.935, 1.68, 1.68]
['2017-01-27', 1.8, 2.4, 1.8, 2.085]
['2017-01-30', 2.025, 2.025, 1.875, 1.89]
['2017-01-31', 1.935, 2.22, 1.665, 2.1]
['2017-02-01', 1.77, 1.8, 1.665, 1.665]
['2017-02-02', 1.68, 1.8, 1.665, 1.725]
['2017-02-03', 1.725, 2.025, 1.725, 2.025]
['2017-02-06', 2.025, 2.175, 1.965, 2.1]
['2017-02-07', 1.905, 1.95, 1.815, 1.95]
['2017-02-08', 1.95, 2.025, 1.785, 2.025]
['2017-02-09', 1.815, 1.815, 1.68, 1.8]
['2017-02-10', 1.8, 2.07, 1.8, 2.025]
['2017-02-13', 1.8, 1.965, 1.44, 1.935]
['2017-02-14', 1.77, 1.815, 1.56, 1.815]
['2017-02-15', 1.8, 1.815, 1.8, 1.815]
['2017-02-16', 1.95, 1.95, 1.695, 1.8]
['2017-02-17', 1.8, 1.8, 1.665, 1.755]
['2017-02-21', 1.8, 1.8, 1.5, 1.665]
['2017-02-22', 1.65, 1.68, 1.425, 1.425]
['2017-02-23', 1.65, 1.77, 1.65, 1.77]
['2017-02-24', 1.8, 1.8, 1.515, 1.545]
['2017-02-27', 1.935, 1.935, 1.8, 1.8]
['2017-02-28', 1.8, 1.8, 1.65, 1.65]
['2017-03-01', 1.725, 1.725, 1.65, 1.65]
['2017-03-02', 1.65, 1.77, 1.62, 1.62]
['2017-03-03', 1.65, 1.65, 1.5, 1.5]
['2017-03-06', 1.53, 1.53, 1.35, 1.425]
['2017-03-07', 1.5, 1.5, 1.485, 1.5]
['2017-03-08', 1.5, 1.65, 1.5, 1.65]
['2017-03-09', 1.65, 1.695, 1.605, 1.65]
['2017-03-10', 1.65, 1.65, 1.65, 1.65]
['2017-03-13', 1.65, 1.65, 1.5, 1.5]
['2017-03-14', 1.5, 1.5, 1.5, 1.5]
['2017-03-15', 1.2, 1.5, 1.2, 1.5]
['2017-03-16', 1.65, 1.65, 1.65, 1.65]
['2017-03-17', 1.65, 1.8, 1.5, 1.725]
['2017-03-20', 1.65, 1.725, 1.5, 1.575]
['2017-03-21', 1.575, 1.575, 1.575, 1.575]
['2017-03-22', 1.65, 1.65, 1.65, 1.65]
['2017-03-23', 1.65, 1.65, 1.65, 1.65]
['2017-03-24', 1.575, 1.65, 1.575, 1.65]
['2017-03-27', 1.575, 1.65, 1.44, 1.65]
['2017-03-28', 1.5, 1.65, 1.455, 1.5]
['2017-03-29', 1.5, 1.65, 1.335, 1.65]
['2017-03-30', 1.59, 1.59, 1.59, 1.59]
['2017-03-31', 1.65, 1.65, 1.575, 1.575]
['2017-04-03', 1.575, 1.575, 1.35, 1.5]
['2017-04-04', 1.5, 1.65, 1.5, 1.65]
['2017-04-05', 1.545, 1.56, 1.44, 1.5]
['2017-04-06', 1.56, 1.65, 1.56, 1.65]
['2017-04-07', 1.65, 1.65, 1.5, 1.65]
['2017-04-10', 1.65, 1.65, 1.59, 1.65]
['2017-04-11', 1.725, 1.725, 1.65, 1.725]
['2017-04-12', 1.575, 1.695, 1.575, 1.575]
['2017-04-13', 1.53, 1.53, 1.35, 1.485]
['2017-04-17', 1.53, 1.53, 1.41, 1.53]
['2017-04-18', 1.455, 1.455, 1.455, 1.455]
['2017-04-19', 1.545, 1.725, 1.545, 1.725]
['2017-04-20', 1.8, 1.8, 1.59, 1.665]
['2017-04-21', 1.725, 2.25, 1.545, 2.25]
['2017-04-24', 2.25, 7.65, 2.1, 3.0]
['2017-04-25', 3.735, 4.8, 3.735, 3.765]
['2017-04-26', 3.78, 3.975, 2.7, 2.7]
['2017-04-27', 2.775, 2.985, 2.7, 2.985]
['2017-04-28', 2.97, 3.585, 2.835, 3.585]
['2017-05-01', 3.6, 4.5, 3.27, 4.35]
['2017-05-02', 4.65, 4.8, 4.35, 4.605]
['2017-05-03', 4.65, 5.55, 4.59, 5.55]
['2017-05-04', 6.15, 6.9, 4.725, 5.325]
['2017-05-05', 5.55, 5.76, 4.95, 5.4]
['2017-05-08', 5.475, 5.475, 4.125, 4.905]
['2017-05-09', 5.25, 5.25, 4.125, 4.635]
['2017-05-10', 4.8, 5.25, 4.125, 4.95]
['2017-05-11', 4.95, 5.07, 4.32, 4.335]
['2017-05-12', 4.35, 4.8, 4.35, 4.65]
['2017-05-15', 4.8, 4.8, 3.9, 4.65]
['2017-05-16', 3.9, 4.8, 3.9, 4.8]
['2017-05-17', 4.8, 4.8, 4.41, 4.65]
['2017-05-18', 4.65, 4.875, 4.65, 4.875]
['2017-05-19', 4.875, 5.4, 4.725, 5.4]
['2017-05-22', 5.4, 5.625, 5.25, 5.55]
['2017-05-23', 4.995, 5.295, 4.425, 4.92]
['2017-05-24', 5.655, 5.655, 3.9, 4.95]
['2017-05-25', 4.95, 4.95, 4.275, 4.65]
['2017-05-26', 4.8, 5.295, 4.245, 5.295]
['2017-05-30', 5.265, 5.265, 4.35, 5.235]
['2017-05-31', 4.65, 4.8, 4.5, 4.5]
['2017-06-01', 4.2, 4.95, 3.975, 4.8]
['2017-06-02', 4.755, 4.785, 4.2, 4.785]
['2017-06-05', 4.785, 4.785, 4.35, 4.785]
['2017-06-06', 4.5, 4.5, 3.9, 4.2]
['2017-06-07', 3.675, 4.125, 2.85, 3.6]
['2017-06-08', 4.275, 4.275, 3.225, 3.375]
['2017-06-09', 3.75, 4.8, 3.39, 3.6]
['2017-06-12', 3.39, 3.9, 3.3, 3.9]
['2017-06-13', 3.9, 4.35, 3.0, 4.2]
['2017-06-14', 3.6, 3.825, 3.255, 3.825]
['2017-06-15', 3.795, 4.2, 3.795, 4.17]
['2017-06-16', 4.065, 4.2, 3.3, 3.9]
['2017-06-19', 4.2, 4.2, 3.6, 3.675]
['2017-06-20', 3.69, 3.69, 3.075, 3.3]
['2017-06-21', 3.45, 3.6, 2.835, 3.0]
['2017-06-22', 3.15, 3.3, 2.715, 3.3]
['2017-06-23', 3.3, 3.885, 3.15, 3.75]
['2017-06-26', 3.75, 3.75, 3.15, 3.375]
['2017-06-27', 3.45, 3.6, 3.0, 3.105]
['2017-06-28', 3.42, 3.42, 2.7, 3.15]
['2017-06-29', 3.375, 3.6, 3.285, 3.6]
['2017-06-30', 3.15, 3.45, 3.0, 3.09]
['2017-07-03', 3.0, 3.45, 3.0, 3.45]
['2017-07-05', 3.45, 3.45, 2.865, 3.225]
['2017-07-06', 2.79, 3.3, 2.79, 2.94]
['2017-07-07', 2.595, 2.925, 2.04, 2.325]
['2017-07-10', 2.265, 2.265, 2.1, 2.25]
['2017-07-11', 2.25, 2.475, 2.25, 2.28]
['2017-07-12', 2.46, 2.475, 2.25, 2.475]
['2017-07-13', 2.475, 3.0, 2.4, 3.0]
['2017-07-14', 2.85, 2.85, 2.55, 2.775]
['2017-07-17', 2.4, 2.55, 1.8, 2.25]
['2017-07-18', 2.325, 2.325, 1.95, 2.025]
['2017-07-19', 2.145, 2.325, 1.83, 2.1]
['2017-07-20', 2.1, 2.25, 1.95, 2.1]
['2017-07-21', 1.74, 2.31, 1.665, 2.31]
['2017-07-24', 2.235, 2.235, 2.235, 2.235]
['2017-07-25', 2.1, 2.1, 1.8, 1.8]
['2017-07-26', 2.025, 3.0, 1.95, 2.1]
['2017-07-27', 2.235, 2.235, 2.085, 2.235]
['2017-07-28', 2.4, 2.4, 1.815, 2.07]
['2017-07-31', 1.98, 2.07, 1.59, 1.8]
['2017-08-01', 1.8, 2.475, 1.575, 2.25]
['2017-08-02', 2.25, 2.25, 1.8, 1.815]
['2017-08-03', 1.89, 2.025, 1.815, 2.025]
['2017-08-04', 1.8, 2.25, 1.8, 2.25]
['2017-08-07', 1.95, 1.95, 1.95, 1.95]
['2017-08-08', 1.95, 1.95, 1.95, 1.95]
['2017-08-09', 2.1, 2.25, 1.95, 2.25]
['2017-08-10', 2.13, 2.25, 2.1, 2.25]
['2017-08-11', 2.25, 2.25, 1.68, 1.98]
['2017-08-14', 2.025, 2.25, 1.665, 1.935]
['2017-08-15', 1.935, 1.935, 1.575, 1.65]
['2017-08-16', 1.62, 1.8, 1.5, 1.62]
['2017-08-17', 1.62, 1.62, 1.41, 1.5]
['2017-08-18', 1.53, 2.205, 1.35, 2.1]
['2017-08-21', 2.1, 2.205, 1.8, 2.07]
['2017-08-22', 1.8, 1.8, 1.65, 1.8]
['2017-08-23', 1.65, 1.65, 1.575, 1.65]
['2017-08-24', 1.65, 1.65, 1.47, 1.5]
['2017-08-25', 1.53, 1.86, 1.425, 1.5]
['2017-08-28', 1.5, 1.725, 1.5, 1.695]
['2017-08-29', 1.95, 2.205, 1.875, 2.07]
['2017-08-30', 2.1, 2.1, 1.5, 1.545]
['2017-08-31', 1.65, 1.875, 1.545, 1.77]
['2017-09-01', 1.65, 2.025, 1.62, 2.01]
['2017-09-05', 1.875, 1.875, 1.725, 1.8]
['2017-09-06', 1.65, 1.725, 1.44, 1.65]
['2017-09-07', 1.65, 1.65, 1.44, 1.5]
['2017-09-08', 1.635, 1.71, 1.485, 1.71]
['2017-09-11', 1.605, 1.605, 1.44, 1.44]
['2017-09-12', 1.77, 1.785, 1.32, 1.5]
['2017-09-13', 1.35, 1.425, 1.2, 1.41]
['2017-09-14', 1.38, 1.425, 1.05, 1.425]
['2017-09-15', 1.425, 1.425, 1.2, 1.275]
['2017-09-18', 1.35, 1.35, 1.215, 1.215]
['2017-09-19', 1.245, 1.245, 1.08, 1.08]
['2017-09-20', 1.125, 1.185, 1.05, 1.095]
['2017-09-21', 1.17, 1.35, 1.17, 1.275]
['2017-09-22', 1.275, 1.5, 1.2, 1.5]
['2017-09-25', 1.5, 1.575, 1.32, 1.35]
['2017-09-26', 1.365, 1.365, 1.2, 1.215]
['2017-09-27', 1.2, 1.23, 1.185, 1.185]
['2017-09-28', 1.17, 1.23, 1.11, 1.125]
['2017-09-29', 1.17, 1.2, 1.095, 1.2]
['2017-10-02', 1.275, 1.5, 1.125, 1.2]
['2017-10-03', 1.455, 1.455, 1.155, 1.155]
['2017-10-04', 1.155, 1.17, 1.155, 1.155]
['2017-10-05', 1.275, 1.32, 1.17, 1.17]
['2017-10-06', 1.32, 1.575, 1.26, 1.455]
['2017-10-09', 1.455, 1.905, 1.395, 1.455]
['2017-10-10', 1.5, 1.575, 1.44, 1.575]
['2017-10-11', 2.055, 2.055, 1.485, 1.485]
['2017-10-12', 1.545, 1.65, 1.35, 1.35]
['2017-10-13', 1.275, 1.35, 1.245, 1.29]
['2017-10-16', 1.35, 1.35, 1.23, 1.275]
['2017-10-17', 1.335, 1.575, 1.335, 1.575]
['2017-10-18', 1.575, 2.01, 1.5, 1.575]
['2017-10-19', 1.575, 1.65, 1.425, 1.65]
['2017-10-20', 1.65, 1.785, 1.29, 1.65]
['2017-10-23', 1.65, 1.71, 1.35, 1.44]
['2017-10-24', 1.5, 1.5, 1.32, 1.485]
['2017-10-25', 1.44, 1.53, 1.35, 1.35]
['2017-10-26', 1.35, 1.44, 1.26, 1.26]
['2017-10-27', 1.275, 1.35, 1.26, 1.35]
['2017-10-30', 1.35, 1.35, 1.155, 1.35]
['2017-10-31', 1.26, 1.35, 1.185, 1.335]
['2017-11-01', 1.23, 1.275, 1.17, 1.2]
['2017-11-02', 1.23, 1.35, 1.2, 1.245]
['2017-11-03', 1.29, 1.32, 1.2, 1.2]
['2017-11-06', 1.29, 1.335, 1.2, 1.335]
['2017-11-07', 1.17, 1.275, 1.17, 1.275]
['2017-11-08', 1.275, 1.275, 1.125, 1.275]
['2017-11-09', 1.17, 1.17, 0.795, 1.125]
['2017-11-10', 1.125, 1.35, 1.125, 1.35]
['2017-11-13', 1.35, 1.35, 1.14, 1.305]
['2017-11-14', 1.305, 1.305, 1.14, 1.23]
['2017-11-15', 1.2, 1.275, 1.155, 1.275]
['2017-11-16', 1.35, 1.635, 1.305, 1.485]
['2017-11-17', 1.575, 1.875, 1.545, 1.77]
['2017-11-20', 1.605, 1.875, 1.47, 1.8]
['2017-11-21', 1.785, 1.8, 1.665, 1.665]
['2017-11-22', 1.515, 1.8, 1.5, 1.665]
['2017-11-24', 1.65, 1.77, 1.5, 1.5]
['2017-11-27', 1.5, 1.665, 1.35, 1.35]
['2017-11-28', 1.515, 1.53, 1.35, 1.515]
['2017-11-29', 1.065, 1.53, 1.065, 1.53]
['2017-11-30', 1.515, 1.515, 1.515, 1.515]
['2017-12-01', 1.215, 1.5, 1.215, 1.5]
['2017-12-04', 1.23, 1.5, 1.215, 1.425]
['2017-12-05', 1.35, 1.44, 1.2, 1.44]
['2017-12-06', 1.41, 1.485, 1.41, 1.485]
['2017-12-07', 1.2, 1.485, 1.2, 1.44]
['2017-12-08', 1.47, 1.53, 1.35, 1.5]
['2017-12-11', 1.5, 1.5, 1.275, 1.5]
['2017-12-12', 1.125, 1.53, 1.125, 1.41]
['2017-12-13', 1.215, 1.425, 1.215, 1.425]
['2017-12-14', 1.35, 1.485, 1.14, 1.425]
['2017-12-15', 1.35, 1.455, 1.23, 1.23]
['2017-12-18', 1.23, 1.23, 1.125, 1.125]
['2017-12-19', 1.125, 1.2, 1.125, 1.155]
['2017-12-20', 1.155, 1.275, 1.065, 1.275]
['2017-12-21', 1.35, 1.425, 1.275, 1.275]
['2017-12-22', 1.275, 1.41, 1.14, 1.275]
['2017-12-26', 1.2, 1.335, 1.125, 1.125]
['2017-12-27', 1.2, 1.35, 1.2, 1.2]
['2017-12-28', 1.47, 1.47, 1.14, 1.155]
['2017-12-29', 1.2, 1.47, 1.2, 1.47]
['2018-01-02', 1.5, 1.5, 1.215, 1.47]
['2018-01-03', 1.65, 2.7, 1.65, 1.95]
['2018-01-04', 1.95, 1.95, 1.56, 1.77]
['2018-01-05', 1.8, 1.8, 1.5, 1.575]
['2018-01-08', 1.695, 2.025, 1.65, 1.77]
['2018-01-09', 1.8, 1.8, 1.65, 1.68]
['2018-01-10', 1.71, 1.755, 1.5, 1.605]
['2018-01-11', 1.605, 1.605, 1.425, 1.515]
['2018-01-12', 1.56, 1.605, 1.455, 1.455]
['2018-01-16', 1.575, 1.575, 1.38, 1.485]
['2018-01-17', 1.425, 1.56, 1.425, 1.56]
['2018-01-18', 1.56, 1.56, 1.395, 1.515]
['2018-01-19', 1.53, 1.56, 1.35, 1.455]
['2018-01-22', 1.65, 1.65, 1.35, 1.365]
['2018-01-23', 1.425, 1.5, 1.305, 1.35]
['2018-01-24', 1.365, 1.41, 1.2, 1.275]
['2018-01-25', 1.5, 1.65, 1.275, 1.65]
['2018-01-26', 1.56, 1.635, 1.32, 1.605]
['2018-01-29', 1.62, 2.685, 1.62, 2.04]
['2018-01-30', 2.16, 4.2, 2.1, 3.645]
['2018-01-31', 4.095, 4.125, 2.805, 2.91]
['2018-02-01', 3.0, 3.0, 2.43, 2.535]
['2018-02-02', 2.775, 3.45, 2.52, 3.33]
['2018-02-05', 4.05, 4.95, 3.525, 4.95]
['2018-02-06', 4.575, 4.8, 3.9, 4.275]
['2018-02-07', 4.35, 4.35, 3.015, 3.9]
['2018-02-08', 3.9, 3.9, 3.075, 3.315]
['2018-02-09', 3.525, 3.825, 3.15, 3.78]
['2018-02-12', 4.365, 5.925, 3.975, 4.47]
['2018-02-13', 4.635, 6.225, 4.515, 6.225]
['2018-02-14', 6.45, 9.12, 5.55, 8.55]
['2018-02-15', 8.28, 8.52, 6.33, 6.87]
['2018-02-16', 6.75, 7.95, 6.39, 7.35]
['2018-02-20', 7.65, 10.725, 7.5, 10.05]
['2018-02-21', 9.615, 10.425, 8.49, 8.85]
['2018-02-22', 9.225, 9.225, 6.495, 7.485]
['2018-02-23', 7.5, 9.15, 7.05, 9.0]
['2018-02-26', 9.27, 10.035, 8.7, 9.3]
['2018-02-27', 9.45, 9.45, 7.05, 7.05]
['2018-02-28', 6.93, 7.5, 6.18, 6.825]
['2018-03-01', 6.75, 8.1, 6.6, 7.2]
['2018-03-02', 7.215, 7.65, 6.465, 6.9]
['2018-03-05', 6.9, 7.05, 5.25, 5.505]
['2018-03-06', 5.55, 6.0, 4.95, 6.0]
['2018-03-07', 5.595, 6.9, 5.25, 6.6]
['2018-03-08', 6.75, 7.5, 6.45, 6.75]
['2018-03-09', 6.6, 7.65, 6.6, 7.35]
['2018-03-12', 7.635, 7.725, 6.915, 7.5]
['2018-03-13', 7.8, 8.25, 7.35, 8.01]
['2018-03-14', 8.13, 8.985, 7.8, 8.955]
['2018-03-15', 9.18, 10.05, 8.505, 9.015]
['2018-03-16', 9.75, 9.75, 8.85, 9.6]
['2018-03-19', 9.75, 13.425, 9.75, 12.03]
['2018-03-20', 12.27, 14.25, 11.385, 13.5]
['2018-03-21', 14.13, 17.925, 13.35, 17.55]
['2018-03-22', 18.225, 19.5, 16.5, 18.3]
['2018-03-23', 18.75, 24.75, 17.4, 23.1]
['2018-03-26', 26.475, 31.5, 25.5, 27.3]
['2018-03-27', 28.5, 30.0, 23.7, 25.65]
['2018-03-28', 25.5, 26.85, 18.0, 21.45]
['2018-03-29', 20.25, 22.8, 18.9, 21.75]
['2018-04-02', 21.75, 21.75, 19.2, 20.25]
['2018-04-03', 19.875, 19.95, 13.515, 15.0]
['2018-04-04', 14.925, 18.3, 11.595, 17.85]
['2018-04-05', 17.325, 18.0, 15.0, 17.1]
['2018-04-06', 18.75, 20.7, 17.1, 19.5]
['2018-04-09', 20.7, 26.7, 20.55, 26.7]
['2018-04-10', 29.1, 32.55, 25.2, 28.65]
['2018-04-11', 28.8, 29.55, 20.7, 25.35]
['2018-04-12', 23.4, 28.35, 22.8, 26.7]
['2018-04-13', 26.4, 28.35, 25.65, 27.0]
['2018-04-16', 27.45, 32.25, 27.15, 32.25]
['2018-04-17', 32.025, 36.3, 30.0, 33.6]
['2018-04-18', 34.425, 35.25, 32.55, 34.8]
['2018-04-19', 34.875, 40.8, 34.8, 40.5]
['2018-04-20', 40.95, 45.6, 35.55, 39.45]
['2018-04-23', 42.9, 43.05, 34.5, 36.75]
['2018-04-24', 34.2, 35.1, 27.9, 29.1]
['2018-04-25', 29.25, 32.7, 26.85, 26.85]
['2018-04-26', 27.0, 27.3, 21.45, 23.55]
['2018-04-27', 22.275, 22.35, 17.7, 19.2]
['2018-04-30', 20.4, 24.0, 18.75, 23.1]
['2018-05-01', 23.85, 26.7, 18.6, 18.75]
['2018-05-02', 17.925, 18.0, 14.4, 16.2]
['2018-05-03', 16.35, 19.05, 16.05, 18.0]
['2018-05-04', 18.525, 24.6, 18.45, 21.75]
['2018-05-07', 20.85, 21.3, 18.9, 19.5]
['2018-05-08', 20.4, 21.75, 18.45, 18.45]
['2018-05-09', 19.05, 20.4, 16.65, 18.45]
['2018-05-10', 18.9, 18.9, 14.7, 15.75]
['2018-05-11', 13.995, 17.4, 13.965, 15.45]
['2018-05-14', 15.0, 16.5, 13.65, 14.4]
['2018-05-15', 14.7, 14.7, 12.9, 13.5]
['2018-05-16', 13.05, 16.8, 11.4, 16.5]
['2018-05-17', 16.5, 19.95, 16.425, 19.35]
['2018-05-18', 20.55, 20.7, 17.25, 17.55]
['2018-05-21', 19.2, 19.8, 15.9, 16.05]
['2018-05-22', 14.85, 15.15, 13.8, 14.55]
['2018-05-23', 15.3, 15.6, 14.4, 14.835]
['2018-05-24', 15.0, 15.15, 13.95, 14.31]
['2018-05-25', 14.25, 14.31, 13.2, 13.2]
['2018-05-29', 13.47, 13.725, 10.8, 10.86]
['2018-05-30', 10.8, 10.875, 7.815, 8.7]
['2018-05-31', 8.4, 11.25, 8.325, 11.1]
['2018-06-01', 11.85, 11.85, 10.2, 10.35]
['2018-06-04', 10.2, 10.5, 8.7, 10.05]
['2018-06-05', 10.35, 13.05, 9.45, 12.96]
['2018-06-06', 13.305, 13.5, 11.49, 12.6]
['2018-06-07', 12.66, 12.66, 11.1, 11.1]
['2018-06-08', 10.95, 11.55, 9.6, 10.5]
['2018-06-11', 10.95, 10.995, 9.375, 9.45]
['2018-06-12', 9.27, 11.55, 8.85, 10.35]
['2018-06-13', 10.8, 11.25, 10.05, 10.5]
['2018-06-14', 10.875, 11.55, 10.02, 10.035]
['2018-06-15', 10.35, 10.635, 9.705, 10.05]
['2018-06-18', 9.75, 10.5, 9.75, 9.9]
['2018-06-19', 9.75, 10.5, 9.375, 9.375]
['2018-06-20', 9.375, 9.9, 9.075, 9.42]
['2018-06-21', 9.15, 9.6, 8.835, 8.88]
['2018-06-22', 8.85, 9.15, 8.25, 8.985]
['2018-06-25', 9.3, 10.5, 8.85, 9.6]
['2018-06-26', 9.45, 9.75, 8.7, 8.94]
['2018-06-27', 9.0, 9.0, 7.95, 8.22]
['2018-06-28', 8.25, 8.55, 6.75, 7.32]
['2018-06-29', 7.125, 9.0, 6.975, 9.0]
['2018-07-02', 8.85, 9.75, 8.25, 9.3]
['2018-07-03', 9.15, 10.8, 9.15, 9.975]
['2018-07-05', 10.2, 10.8, 9.6, 10.8]
['2018-07-06', 10.8, 11.7, 10.5, 11.4]
['2018-07-09', 11.4, 11.7, 9.3, 9.9]
['2018-07-10', 10.05, 10.05, 9.045, 9.6]
['2018-07-11', 9.165, 9.165, 8.625, 9.0]
['2018-07-12', 9.0, 9.0, 7.5, 8.67]
['2018-07-13', 8.7, 9.225, 8.31, 9.15]
['2018-07-16', 9.3, 9.45, 8.7, 8.85]
['2018-07-17', 9.0, 10.86, 9.0, 10.2]
['2018-07-18', 10.35, 10.95, 10.2, 10.65]
['2018-07-19', 10.8, 10.875, 9.93, 10.5]
['2018-07-20', 8.85, 9.15, 8.025, 8.7]
['2018-07-23', 8.7, 8.925, 8.25, 8.4]
['2018-07-24', 8.7, 8.7, 7.8, 8.385]
['2018-07-25', 8.1, 8.7, 7.95, 8.58]
['2018-07-26', 8.58, 8.79, 7.815, 7.815]
['2018-07-27', 7.875, 7.95, 7.5, 7.92]
['2018-07-30', 8.025, 8.85, 7.95, 8.325]
['2018-07-31', 8.4, 8.4, 7.65, 7.845]
['2018-08-01', 7.575, 8.1, 7.35, 7.5]
['2018-08-02', 7.5, 7.8, 7.5, 7.65]
['2018-08-03', 7.5, 8.4, 7.5, 8.085]
['2018-08-06', 8.175, 8.4, 7.35, 7.515]
['2018-08-07', 7.485, 7.8, 7.23, 7.35]
['2018-08-08', 7.5, 7.8, 7.335, 7.35]
['2018-08-09', 7.8, 8.475, 7.5, 7.92]
['2018-08-10', 8.1, 8.745, 7.65, 8.13]
['2018-08-13', 8.4, 8.655, 7.995, 8.19]
['2018-08-14', 8.7, 8.7, 7.68, 8.07]
['2018-08-15', 7.425, 7.5, 6.105, 6.96]
['2018-08-16', 6.69, 6.75, 6.15, 6.45]
['2018-08-17', 6.465, 6.75, 6.33, 6.735]
['2018-08-20', 6.42, 7.35, 6.27, 6.675]
['2018-08-21', 6.75, 6.75, 6.3, 6.54]
['2018-08-22', 6.525, 6.6, 6.03, 6.135]
['2018-08-23', 6.225, 6.225, 5.505, 5.61]
['2018-08-24', 5.7, 6.45, 5.7, 6.3]
['2018-08-27', 6.015, 7.5, 6.015, 7.5]
['2018-08-28', 7.65, 9.27, 7.65, 8.55]
['2018-08-29', 8.52, 9.0, 8.1, 8.25]
['2018-08-30', 8.325, 8.835, 7.725, 8.79]
['2018-08-31', 8.85, 9.3, 8.4, 9.3]
['2018-09-04', 9.0, 9.9, 9.0, 9.45]
['2018-09-05', 9.45, 9.45, 8.7, 8.85]
['2018-09-06', 8.415, 8.475, 7.575, 7.995]
['2018-09-07', 8.1, 8.4, 7.425, 7.5]
['2018-09-10', 8.01, 8.7, 7.35, 7.425]
['2018-09-11', 7.5, 7.5, 6.6, 6.78]
['2018-09-12', 6.63, 6.87, 6.45, 6.525]
['2018-09-13', 6.42, 7.23, 6.15, 6.27]
['2018-09-14', 6.45, 7.2, 5.865, 6.525]
['2018-09-17', 6.45, 6.75, 6.18, 6.75]
['2018-09-18', 7.485, 7.485, 6.54, 7.35]
['2018-09-19', 7.53, 7.77, 6.48, 6.75]
['2018-09-20', 7.5, 7.5, 6.03, 6.9]
['2018-09-21', 7.02, 7.02, 6.0, 6.42]
['2018-09-24', 7.02, 7.02, 5.85, 5.85]
['2018-09-25', 5.805, 5.805, 5.55, 5.775]
['2018-09-26', 6.0, 6.0, 5.67, 5.775]
['2018-09-27', 5.625, 6.3, 5.625, 6.3]
['2018-09-28', 6.45, 6.45, 5.82, 6.03]
['2018-10-01', 6.09, 7.275, 6.09, 6.975]
['2018-10-02', 7.2, 7.35, 6.915, 7.05]
['2018-10-03', 7.05, 7.05, 6.45, 6.9]
['2018-10-04', 6.525, 7.05, 6.48, 6.63]
['2018-10-05', 6.75, 7.5, 6.75, 7.395]
['2018-10-08', 7.65, 7.95, 7.065, 7.65]
['2018-10-09', 6.69, 7.695, 6.63, 6.825]
['2018-10-10', 6.75, 6.99, 5.7, 5.925]
['2018-10-11', 6.45, 6.57, 5.61, 5.61]
['2018-10-12', 6.0, 6.495, 5.79, 6.0]
['2018-10-15', 6.15, 6.15, 5.325, 5.7]
['2018-10-16', 5.7, 6.0, 5.64, 6.0]
['2018-10-17', 6.0, 6.21, 5.925, 6.15]
['2018-10-18', 6.15, 6.15, 5.85, 6.0]
['2018-10-19', 5.775, 6.15, 5.4, 6.105]
['2018-10-22', 6.0, 6.15, 5.4, 5.91]
['2018-10-23', 5.64, 6.0, 5.64, 6.0]
['2018-10-24', 6.0, 6.0, 5.715, 5.985]
['2018-10-25', 6.0, 6.0, 5.4, 5.55]
['2018-10-26', 5.475, 5.52, 4.8, 5.22]
['2018-10-29', 5.25, 5.85, 5.25, 5.85]
['2018-10-30', 5.97, 5.97, 5.1, 5.25]
['2018-10-31', 5.4, 5.4, 4.425, 4.5]
['2018-11-01', 4.575, 5.175, 4.575, 5.07]
['2018-11-02', 4.8, 5.97, 4.8, 5.175]
['2018-11-05', 5.775, 5.775, 5.1, 5.1]
['2018-11-06', 5.4, 5.4, 4.95, 5.25]
['2018-11-07', 5.28, 5.28, 4.95, 5.1]
['2018-11-08', 5.1, 5.28, 4.95, 5.13]
['2018-11-09', 5.28, 5.28, 4.665, 5.25]
['2018-11-12', 5.25, 5.355, 4.98, 5.355]
['2018-11-13', 5.25, 5.775, 5.25, 5.475]
['2018-11-14', 5.985, 6.6, 5.55, 6.6]
['2018-11-15', 6.3, 6.45, 3.495, 3.9]
['2018-11-16', 4.05, 4.35, 3.735, 3.825]
['2018-11-19', 3.855, 4.5, 3.465, 3.75]
['2018-11-20', 3.555, 3.9, 2.28, 2.55]
['2018-11-21', 3.375, 3.375, 2.4, 2.94]
['2018-11-23', 3.0, 3.15, 2.745, 3.15]
['2018-11-26', 3.3, 3.75, 3.165, 3.6]
['2018-11-27', 3.9, 4.2, 3.45, 4.05]
['2018-11-28', 4.275, 4.725, 3.81, 4.725]
['2018-11-29', 4.35, 6.0, 4.35, 5.4]
['2018-11-30', 5.325, 5.925, 5.325, 5.7]
['2018-12-03', 6.0, 6.0, 4.965, 5.535]
['2018-12-04', 5.46, 5.46, 4.95, 5.1]
['2018-12-06', 5.685, 5.685, 4.95, 5.25]
['2018-12-07', 5.4, 5.7, 5.1, 5.7]
['2018-12-10', 5.7, 5.85, 5.1, 5.1]
['2018-12-11', 4.5, 4.92, 4.05, 4.2]
['2018-12-12', 4.125, 4.8, 4.125, 4.5]
['2018-12-13', 4.35, 4.95, 4.2, 4.95]
['2018-12-14', 4.62, 4.95, 4.05, 4.5]
['2018-12-17', 3.99, 4.47, 3.75, 3.84]
['2018-12-18', 3.9, 4.425, 3.72, 3.9]
['2018-12-19', 3.675, 4.155, 3.525, 3.825]
['2018-12-20', 3.75, 3.96, 3.375, 3.45]
['2018-12-21', 3.585, 3.9, 3.45, 3.75]
['2018-12-24', 3.75, 4.05, 3.525, 4.05]
['2018-12-26', 4.05, 4.8, 4.035, 4.5]
['2018-12-27', 4.485, 4.5, 4.2, 4.35]
['2018-12-28', 4.2, 4.785, 3.6, 4.575]
['2018-12-31', 4.65, 4.77, 4.35, 4.755]
['2019-01-02', 4.83, 5.1, 4.65, 5.025]
['2019-01-03', 4.95, 5.1, 4.575, 4.875]
['2019-01-04', 4.995, 5.025, 4.5, 4.65]
['2019-01-07', 4.8, 5.025, 4.5, 4.575]
['2019-01-08', 4.5, 4.68, 3.915, 4.35]
['2019-01-09', 4.215, 4.5, 4.215, 4.47]
['2019-01-10', 4.5, 5.4, 4.38, 5.1]
['2019-01-11', 5.175, 6.0, 5.175, 5.85]
['2019-01-14', 6.0, 6.15, 5.58, 6.15]
['2019-01-15', 6.0, 6.3, 5.7, 6.3]
['2019-01-16', 6.525, 8.4, 6.3, 7.98]
['2019-01-17', 4.95, 8.4, 4.95, 7.56]
['2019-01-18', 7.425, 8.52, 7.425, 7.95]
['2019-01-22', 7.95, 10.665, 7.8, 10.5]
['2019-01-23', 10.65, 10.875, 8.775, 9.6]
['2019-01-24', 9.225, 9.525, 7.65, 8.25]
['2019-01-25', 8.85, 9.15, 8.4, 8.775]
['2019-01-28', 9.3, 9.3, 7.8, 7.845]
['2019-01-29', 8.13, 8.25, 7.875, 7.875]
['2019-01-30', 7.875, 8.4, 7.875, 8.4]
['2019-01-31', 9.525, 9.6, 8.55, 9.0]
['2019-02-01', 9.6, 11.1, 7.005, 7.65]
['2019-02-04', 8.3, 10.5, 7.01, 7.01]
['2019-02-05', 6.9, 9.6, 6.9, 8.6]
['2019-02-06', 8.75, 8.75, 6.55, 7.5]
['2019-02-07', 6.85, 8.64, 6.85, 8.05]
['2019-02-08', 8.16, 10.33, 8.16, 9.75]
['2019-02-11', 9.9, 13.75, 9.9, 12.6]
['2019-02-12', 13.5, 14.0, 13.03, 13.1]
['2019-02-13', 13.595, 14.5, 13.5, 14.5]
['2019-02-14', 14.75, 17.45, 14.75, 17.02]
['2019-02-15', 17.735, 18.71, 11.72, 14.89]
['2019-02-19', 15.575, 15.575, 12.02, 13.99]
['2019-02-20', 14.05, 14.2, 12.37, 13.0]
['2019-02-21', 14.01, 14.01, 12.71, 13.0]
['2019-02-22', 13.35, 13.5, 13.0, 13.05]
['2019-02-25', 13.15, 16.1, 13.15, 15.98]
['2019-02-26', 15.895, 18.2, 15.895, 17.0]
['2019-02-27', 17.5, 17.87, 16.0, 16.48]
['2019-02-28', 16.89, 16.89, 14.0, 14.9]
['2019-03-01', 14.71, 15.05, 13.11, 15.0]
['2019-03-04', 16.0, 16.0, 15.0, 15.19]
['2019-03-05', 15.19, 16.0, 15.0, 15.21]
['2019-03-06', 15.3, 15.51, 14.82, 15.01]
['2019-03-07', 14.25, 15.25, 14.25, 14.8]
['2019-03-08', 14.81, 15.5, 14.51, 15.0]
['2019-03-11', 15.03, 15.25, 14.55, 15.05]
['2019-03-12', 15.05, 15.05, 14.0, 14.24]
['2019-03-13', 14.24, 14.5, 11.7, 13.7]
['2019-03-14', 13.355, 13.49, 11.22, 11.65]
['2019-03-15', 11.65, 13.0, 11.65, 12.32]
['2019-03-18', 12.21, 13.41, 12.21, 13.0]
['2019-03-19', 13.24, 13.25, 12.73, 13.2]
['2019-03-20', 4.95, 9.7, 4.95, 7.35]
['2019-03-21', 8.0, 9.25, 7.8, 8.51]
['2019-03-22', 8.75, 9.25, 8.3, 8.6]
['2019-03-25', 8.6, 8.6, 7.35, 7.5]
['2019-03-26', 7.76, 7.99, 7.5, 7.55]
['2019-03-27', 7.99, 7.99, 6.8, 7.1]
['2019-03-28', 7.01, 7.49, 6.8, 7.212]
['2019-03-29', 7.0, 7.228, 6.22, 6.35]
['2019-04-01', 6.375, 7.6, 6.371, 7.31]
['2019-04-02', 7.0, 7.5, 6.249, 6.4]
['2019-04-03', 6.55, 7.19, 6.55, 6.6]
['2019-04-04', 7.25, 7.25, 5.5, 5.83]
['2019-04-05', 2.65, 2.83, 2.6, 2.81]
['2019-04-08', 2.8, 2.9, 2.58, 2.58]
['2019-04-09', 2.75, 2.8, 2.63, 2.77]
['2019-04-10', 2.85, 3.13, 2.702, 2.768]
['2019-04-11', 2.8, 2.8, 2.64, 2.7]
['2019-04-12', 2.7, 2.77, 2.3, 2.35]
['2019-04-15', 2.48, 2.49, 2.2, 2.49]
['2019-04-16', 2.5, 2.75, 2.445, 2.51]
['2019-04-17', 2.6, 2.65, 2.45, 2.49]
['2019-04-18', 2.42, 2.471, 2.12, 2.12]
['2019-04-22', 2.2, 2.22, 2.09, 2.11]
['2019-04-23', 2.15, 2.198, 2.05, 2.1]
['2019-04-24', 2.19, 2.19, 2.07, 2.097]
['2019-04-25', 2.19, 2.19, 2.0, 2.01]
['2019-04-26', 1.98, 2.0, 1.95, 2.0]
['2019-04-29', 2.09, 2.455, 2.06, 2.25]
['2019-04-30', 2.5, 2.65, 2.31, 2.43]
['2019-05-01', 2.32, 2.44, 2.3, 2.35]
['2019-05-02', 2.39, 2.448, 2.29, 2.37]
['2019-05-03', 2.4, 2.45, 2.15, 2.34]
['2019-05-06', 2.33, 2.35, 2.2, 2.25]
['2019-05-07', 2.25, 2.25, 2.04, 2.05]
['2019-05-08', 2.04, 2.15, 2.04, 2.13]
['2019-05-09', 2.12, 2.19, 2.045, 2.06]
['2019-05-10', 2.05, 2.14, 2.04, 2.1]
['2019-05-13', 2.1, 2.11, 1.93, 1.96]
['2019-05-14', 1.99, 2.1, 1.96, 2.02]
['2019-05-15', 2.0, 2.089, 1.977, 2.05]
['2019-05-16', 2.0, 2.15, 1.95, 2.01]
['2019-05-17', 2.04, 2.04, 1.95, 2.02]
['2019-05-20', 2.02, 2.02, 1.9, 1.95]
['2019-05-21', 1.95, 1.95, 1.851, 1.866]
['2019-05-22', 1.85, 1.905, 1.71, 1.79]
['2019-05-23', 1.73, 1.778, 1.68, 1.71]
['2019-05-24', 1.75, 1.85, 1.75, 1.82]
['2019-05-28', 1.82, 1.99, 1.82, 1.91]
['2019-05-29', 1.97, 2.2, 1.955, 2.14]
['2019-05-30', 2.19, 2.196, 1.94, 1.94]
['2019-05-31', 1.94, 1.94, 1.73, 1.8]
['2019-06-03', 1.8, 1.9, 1.8, 1.87]
['2019-06-04', 1.9, 1.9, 1.82, 1.86]
['2019-06-05', 1.85, 1.88, 1.82, 1.84]
['2019-06-06', 1.827, 1.93, 1.8, 1.879]
['2019-06-07', 1.86, 1.9, 1.76, 1.79]
['2019-06-10', 1.82, 1.9, 1.8, 1.9]
['2019-06-11', 1.9, 1.9, 1.73, 1.75]
['2019-06-12', 1.73, 1.8, 1.68, 1.72]
['2019-06-13', 1.74, 1.78, 1.7, 1.75]
['2019-06-14', 1.73, 1.79, 1.64, 1.71]
['2019-06-17', 1.72, 2.05, 1.69, 1.95]
['2019-06-18', 1.93, 2.25, 1.828, 2.2]
['2019-06-19', 2.22, 2.7, 2.22, 2.58]
['2019-06-20', 2.66, 2.75, 2.39, 2.4]
['2019-06-21', 2.42, 2.5, 1.95, 1.96]
['2019-06-24', 2.04, 2.215, 1.94, 1.94]
['2019-06-25', 1.92, 2.05, 1.81, 1.84]
['2019-06-26', 1.85, 1.96, 1.751, 1.82]
['2019-06-27', 1.81, 2.0, 1.77, 1.98]
['2019-06-28', 1.97, 2.1, 1.925, 2.0]
['2019-07-01', 1.98, 2.12, 1.98, 2.06]
['2019-07-02', 2.08, 2.1, 1.8, 1.99]
['2019-07-03', 2.0, 2.008, 1.93, 2.008]
['2019-07-05', 2.02, 2.06, 2.0, 2.02]
['2019-07-08', 2.05, 2.06, 1.98, 2.03]
['2019-07-09', 2.0, 2.049, 1.95, 1.98]
['2019-07-10', 2.0, 2.05, 1.96, 1.99]
['2019-07-11', 1.95, 2.05, 1.95, 2.02]
['2019-07-12', 2.04, 2.06, 2.0, 2.01]
['2019-07-15', 2.03, 2.057, 1.96, 2.012]
['2019-07-16', 2.01, 2.042, 1.95, 2.0]
['2019-07-17', 1.99, 2.04, 1.97, 1.99]
['2019-07-18', 1.995, 2.03, 1.98, 2.0]
['2019-07-19', 2.02, 2.15, 1.9, 2.12]
['2019-07-22', 2.17, 2.49, 2.15, 2.29]
['2019-07-23', 2.29, 2.291, 2.01, 2.08]
['2019-07-24', 2.08, 2.17, 2.0, 2.05]
['2019-07-25', 2.07, 2.38, 1.75, 1.86]
['2019-07-26', 1.85, 2.03, 1.85, 2.01]
['2019-07-29', 2.04, 2.04, 1.93, 2.0]
['2019-07-30', 1.96, 2.04, 1.884, 1.975]
['2019-07-31', 1.95, 2.023, 1.86, 1.98]
['2019-08-01', 2.0, 2.04, 1.95, 1.95]
['2019-08-02', 1.91, 2.05, 1.91, 1.95]
['2019-08-05', 1.92, 1.972, 1.87, 1.93]
['2019-08-06', 1.95, 2.0, 1.88, 1.88]
['2019-08-07', 1.88, 1.91, 1.75, 1.77]
['2019-08-08', 1.92, 1.92, 1.76, 1.77]
['2019-08-09', 1.8, 1.9, 1.8, 1.89]
['2019-08-12', 1.886, 1.89, 1.85, 1.86]
['2019-08-13', 1.87, 1.9, 1.82, 1.85]
['2019-08-14', 1.85, 1.9, 1.81, 1.9]
['2019-08-15', 1.45, 1.47, 1.247, 1.275]
['2019-08-16', 1.35, 1.39, 1.26, 1.26]
['2019-08-19', 1.29, 1.38, 1.29, 1.29]
['2019-08-20', 1.38, 1.38, 1.2, 1.21]
['2019-08-21', 1.28, 1.29, 1.13, 1.15]
['2019-08-22', 1.14, 1.19, 1.12, 1.12]
['2019-08-23', 1.13, 1.176, 1.1, 1.125]
['2019-08-26', 1.13, 1.18, 1.09, 1.155]
['2019-08-27', 1.16, 1.22, 1.1, 1.11]
['2019-08-28', 1.11, 1.17, 1.08, 1.1]
['2019-08-29', 1.15, 1.24, 1.11, 1.15]
['2019-08-30', 1.15, 1.234, 1.12, 1.172]
['2019-09-03', 1.15, 1.19, 1.135, 1.149]
['2019-09-04', 1.16, 1.223, 1.01, 1.05]
['2019-09-05', 1.09, 1.135, 1.01, 1.01]
['2019-09-06', 1.0, 1.29, 0.97, 1.16]
['2019-09-09', 1.24, 1.38, 1.21, 1.26]
['2019-09-10', 1.27, 1.33, 1.233, 1.25]
['2019-09-11', 1.25, 1.32, 1.201, 1.22]
['2019-09-12', 1.24, 1.32, 1.18, 1.22]
['2019-09-13', 1.22, 1.267, 1.19, 1.19]
['2019-09-16', 1.2, 1.24, 1.18, 1.2]
['2019-09-17', 1.19, 1.31, 1.18, 1.2]
['2019-09-18', 1.22, 1.22, 1.1, 1.15]
['2019-09-19', 1.14, 1.2, 1.08, 1.11]
['2019-09-20', 1.12, 1.194, 1.09, 1.09]
['2019-09-23', 1.1, 1.25, 1.1, 1.19]
['2019-09-24', 1.24, 1.25, 1.169, 1.24]
['2019-09-25', 1.23, 1.29, 1.18, 1.22]
['2019-09-26', 1.22, 1.221, 1.15, 1.16]
['2019-09-27', 1.17, 1.27, 1.11, 1.11]
['2019-09-30', 1.12, 1.15, 1.08, 1.08]
['2019-10-01', 1.09, 1.132, 1.06, 1.07]
['2019-10-02', 1.09, 1.13, 1.079, 1.09]
['2019-10-03', 1.09, 1.31, 1.06, 1.1]
['2019-10-04', 1.1, 1.18, 1.1, 1.135]
['2019-10-07', 1.12, 1.198, 1.06, 1.06]
['2019-10-08', 1.07, 1.14, 1.07, 1.1]
['2019-10-09', 1.1, 1.173, 1.04, 1.04]
['2019-10-10', 1.1, 1.1, 1.04, 1.1]
['2019-10-11', 1.1, 1.11, 1.06, 1.08]
['2019-10-14', 1.084, 1.089, 1.04, 1.05]
['2019-10-15', 1.06, 1.081, 1.03, 1.069]
['2019-10-16', 1.07, 1.09, 1.05, 1.07]
['2019-10-17', 1.06, 1.07, 1.05, 1.06]
['2019-10-18', 1.06, 1.06, 1.02, 1.02]
['2019-10-21', 1.03, 1.057, 1.027, 1.04]
['2019-10-22', 1.03, 1.06, 1.015, 1.03]
['2019-10-23', 1.05, 1.09, 1.04, 1.076]
['2019-10-24', 1.06, 1.08, 1.05, 1.07]
['2019-10-25', 1.06, 1.1, 1.05, 1.067]
['2019-10-28', 1.06, 1.08, 1.02, 1.03]
['2019-10-29', 1.06, 1.1, 0.966, 0.989]
['2019-10-30', 1.03, 1.06, 0.999, 1.02]
['2019-10-31', 1.02, 1.04, 0.981, 1.02]
['2019-11-01', 1.07, 1.07, 1.01, 1.03]
['2019-11-04', 1.03, 1.033, 0.99, 1.02]
['2019-11-05', 0.99, 1.025, 0.91, 0.92]
['2019-11-06', 0.95, 0.95, 0.812, 0.84]
['2019-11-07', 0.88, 0.92, 0.81, 0.92]
['2019-11-08', 0.92, 0.92, 0.9, 0.913]
['2019-11-11', 0.92, 0.99, 0.86, 0.96]
['2019-11-12', 0.927, 0.94, 0.9, 0.91]
['2019-11-13', 0.95, 0.97, 0.85, 0.86]
['2019-11-14', 0.87, 0.92, 0.802, 0.84]
['2019-11-15', 0.78, 0.78, 0.72, 0.762]
['2019-11-18', 0.83, 1.0, 0.8, 0.93]
['2019-11-19', 1.02, 1.02, 0.82, 0.83]
['2019-11-20', 0.92, 0.94, 0.844, 0.88]
['2019-11-21', 0.86, 0.94, 0.8, 0.834]
['2019-11-22', 0.848, 0.92, 0.84, 0.917]
['2019-11-25', 0.946, 1.0, 0.879, 0.898]
['2019-11-26', 0.94, 0.94, 0.86, 0.9]
['2019-11-27', 0.9, 0.948, 0.89, 0.898]
['2019-11-29', 0.92, 0.928, 0.882, 0.895]
['2019-12-02', 0.9, 0.94, 0.882, 0.9]
['2019-12-03', 0.9, 0.96, 0.85, 0.889]
['2019-12-04', 0.875, 0.875, 0.812, 0.852]
['2019-12-05', 0.868, 0.898, 0.78, 0.814]
['2019-12-06', 0.846, 0.858, 0.811, 0.831]
['2019-12-09', 0.84, 0.89, 0.84, 0.863]
['2019-12-10', 0.888, 0.97, 0.85, 0.92]
['2019-12-11', 0.94, 1.138, 0.91, 1.115]
['2019-12-12', 1.15, 1.19, 1.02, 1.05]
['2019-12-13', 1.05, 1.11, 1.05, 1.06]
['2019-12-16', 1.15, 1.41, 1.13, 1.36]
['2019-12-17', 1.45, 1.9, 1.4, 1.47]
['2019-12-18', 1.59, 1.618, 1.36, 1.4]
['2019-12-19', 1.49, 1.49, 1.33, 1.39]
['2019-12-20', 1.4, 1.49, 1.15, 1.46]
['2019-12-23', 1.5, 1.5, 1.31, 1.36]
['2019-12-24', 1.36, 1.43, 1.26, 1.307]
['2019-12-26', 1.27, 1.38, 1.26, 1.34]
['2019-12-27', 1.37, 1.373, 1.3, 1.32]
['2019-12-30', 1.35, 1.39, 1.32, 1.39]
['2019-12-31', 1.4, 1.7, 1.38, 1.55]
['2020-01-02', 1.62, 1.825, 1.6, 1.69]
['2020-01-03', 1.8, 1.8, 1.61, 1.71]
['2020-01-06', 1.79, 1.79, 1.45, 1.61]
['2020-01-07', 1.59, 1.599, 1.45, 1.51]
['2020-01-08', 1.47, 1.55, 1.45, 1.51]
['2020-01-09', 1.56, 1.56, 1.46, 1.52]
['2020-01-10', 1.54, 1.54, 1.46, 1.5]
['2020-01-13', 1.48, 1.48, 1.31, 1.39]
['2020-01-14', 1.37, 1.54, 1.37, 1.52]
['2020-01-15', 1.52, 1.57, 1.435, 1.46]
['2020-01-16', 1.5, 1.55, 1.46, 1.51]
['2020-01-17', 1.5, 1.524, 1.4, 1.44]
['2020-01-21', 1.48, 1.65, 1.45, 1.48]
['2020-01-22', 1.5, 1.55, 1.493, 1.5]
['2020-01-23', 1.51, 1.55, 1.5, 1.52]
['2020-01-24', 1.53, 1.55, 1.47, 1.484]
['2020-01-27', 1.48, 1.52, 1.44, 1.45]
['2020-01-28', 1.48, 1.48, 1.38, 1.41]
['2020-01-29', 1.38, 1.4, 1.29, 1.35]
['2020-01-30', 1.35, 1.4, 1.285, 1.37]
['2020-01-31', 1.37, 1.385, 1.33, 1.37]
['2020-02-03', 1.38, 1.38, 1.341, 1.35]
['2020-02-04', 1.385, 1.5, 1.35, 1.46]
['2020-02-05', 1.51, 1.74, 1.46, 1.5]
['2020-02-06', 1.53, 1.59, 1.417, 1.56]
['2020-02-07', 1.551, 1.63, 1.4, 1.53]
['2020-02-10', 1.46, 1.6, 1.46, 1.54]
['2020-02-11', 1.5, 1.57, 1.41, 1.485]
['2020-02-12', 1.54, 1.54, 1.42, 1.5]
['2020-02-13', 1.45, 1.53, 1.45, 1.49]
['2020-02-14', 1.49, 1.585, 1.47, 1.54]
['2020-02-18', 1.57, 1.61, 1.5, 1.585]
['2020-02-19', 1.58, 1.9, 1.58, 1.78]
['2020-02-20', 1.8, 1.94, 1.66, 1.797]
['2020-02-21', 1.79, 2.19, 1.7, 2.1]
['2020-02-24', 2.01, 2.079, 1.83, 1.901]
['2020-02-25', 1.93, 2.1, 1.8, 1.86]
['2020-02-26', 1.61, 1.73, 1.5, 1.525]
['2020-02-27', 1.52, 1.68, 1.41, 1.559]
['2020-02-28', 1.51, 1.63, 1.39, 1.6]
['2020-03-02', 1.61, 1.62, 1.56, 1.56]
['2020-03-03', 1.55, 1.58, 1.51, 1.52]
['2020-03-04', 1.55, 1.58, 1.52, 1.52]
['2020-03-05', 1.53, 1.55, 1.51, 1.55]
['2020-03-06', 1.53, 1.57, 1.4, 1.4]
['2020-03-09', 1.3, 1.45, 1.21, 1.25]
['2020-03-10', 1.37, 1.37, 1.281, 1.31]
['2020-03-11', 1.31, 1.34, 1.26, 1.29]
['2020-03-12', 1.26, 1.295, 1.05, 1.067]
['2020-03-13', 1.17, 1.25, 1.07, 1.241]
['2020-03-16', 1.15, 1.15, 1.08, 1.09]
['2020-03-17', 1.08, 1.161, 1.05, 1.1]
['2020-03-18', 1.06, 1.12, 0.9, 0.954]
['2020-03-19', 0.96, 1.16, 0.96, 1.15]
['2020-03-20', 1.15, 1.25, 1.05, 1.08]
['2020-03-23', 1.09, 1.185, 1.015, 1.05]
['2020-03-24', 1.07, 1.133, 1.03, 1.03]
['2020-03-25', 1.05, 1.25, 1.05, 1.12]
['2020-03-26', 1.15, 1.15, 1.12, 1.145]
['2020-03-27', 1.09, 1.122, 1.05, 1.11]
['2020-03-30', 1.08, 1.143, 1.08, 1.12]
['2020-03-31', 1.15, 1.38, 1.15, 1.26]
['2020-04-01', 1.69, 1.74, 1.35, 1.385]
['2020-04-02', 1.4, 1.53, 1.333, 1.42]
['2020-04-03', 1.45, 1.478, 1.36, 1.39]
['2020-04-06', 1.44, 1.482, 1.357, 1.39]
['2020-04-07', 1.4, 1.51, 1.36, 1.44]
['2020-04-08', 1.48, 1.51, 1.45, 1.45]
['2020-04-09', 1.49, 1.5, 1.45, 1.47]
['2020-04-13', 1.5, 1.5, 1.35, 1.419]
['2020-04-14', 1.44, 1.5, 1.44, 1.465]
['2020-04-15', 1.49, 1.5, 1.43, 1.48]
['2020-04-16', 1.52, 1.53, 1.437, 1.49]
['2020-04-17', 1.53, 1.54, 1.487, 1.5]
['2020-04-20', 1.42, 1.5, 1.4, 1.437]
['2020-04-21', 1.42, 1.47, 1.36, 1.38]
['2020-04-22', 1.38, 1.47, 1.36, 1.435]
['2020-04-23', 1.45, 1.48, 1.39, 1.4]
['2020-04-24', 1.4, 1.409, 1.38, 1.38]
['2020-04-27', 1.38, 1.45, 1.36, 1.37]
['2020-04-28', 1.38, 1.41, 1.265, 1.34]
['2020-04-29', 1.35, 1.45, 1.31, 1.31]
['2020-04-30', 1.31, 1.37, 1.31, 1.37]
['2020-05-01', 1.37, 1.4, 1.3, 1.32]
['2020-05-04', 1.33, 1.34, 1.26, 1.33]
['2020-05-05', 1.33, 1.37, 1.3, 1.32]
['2020-05-06', 1.35, 1.41, 1.3, 1.35]
['2020-05-07', 1.37, 1.373, 1.32, 1.321]
['2020-05-08', 1.33, 1.37, 1.33, 1.35]
['2020-05-11', 1.32, 1.47, 1.32, 1.42]
['2020-05-12', 1.44, 1.46, 1.4, 1.4]
['2020-05-13', 1.42, 1.421, 1.32, 1.32]
['2020-05-14', 1.31, 1.42, 1.31, 1.41]
['2020-05-15', 1.4, 1.4, 1.31, 1.37]
['2020-05-18', 1.37, 1.37, 1.25, 1.252]
['2020-05-19', 1.2, 1.22, 1.08, 1.15]
['2020-05-20', 1.22, 1.24, 1.17, 1.2]
['2020-05-21', 1.15, 1.184, 1.15, 1.15]
['2020-05-22', 1.17, 1.186, 1.106, 1.155]
['2020-05-26', 1.19, 1.19, 1.12, 1.17]
['2020-05-27', 1.2, 1.2, 1.12, 1.17]
['2020-05-28', 1.19, 1.19, 1.15, 1.15]
['2020-05-29', 1.17, 1.19, 1.14, 1.167]
['2020-06-01', 1.2, 1.2, 1.05, 1.18]
['2020-06-02', 1.16, 1.2, 1.15, 1.19]
['2020-06-03', 1.2, 1.2, 1.15, 1.17]
['2020-06-04', 1.15, 1.24, 1.14, 1.21]
['2020-06-05', 1.24, 1.32, 1.22, 1.27]
