['2019-12-05', 40.39, 40.63, 39.56, 40.25]
['2019-12-06', 40.66, 40.71, 38.76, 39.13]
['2019-12-09', 39.64, 39.71, 38.03, 38.07]
['2019-12-10', 38.0, 39.51, 37.0, 37.06]
['2019-12-11', 37.09, 37.71, 36.45, 36.74]
['2019-12-12', 36.71, 37.67, 36.36, 37.22]
['2019-12-13', 37.62, 38.16, 37.19, 38.07]
['2019-12-16', 38.49, 39.42, 38.26, 39.16]
['2019-12-17', 39.41, 40.17, 38.95, 39.68]
['2019-12-18', 40.15, 40.97, 40.09, 40.54]
['2019-12-19', 41.07, 41.87, 40.99, 41.33]
['2019-12-20', 42.4, 42.4, 41.2, 41.76]
['2019-12-23', 42.1, 42.32, 41.4, 41.56]
['2019-12-24', 41.55, 42.07, 41.13, 41.4]
['2019-12-26', 41.58, 42.05, 41.34, 42.03]
['2019-12-27', 41.92, 42.18, 41.0, 41.14]
['2019-12-30', 41.16, 41.39, 40.77, 40.86]
['2019-12-31', 40.85, 41.46, 40.61, 41.35]
['2020-01-02', 41.58, 41.72, 41.14, 41.46]
['2020-01-03', 41.11, 41.14, 40.46, 40.83]
['2020-01-06', 40.87, 41.44, 40.8, 41.43]
['2020-01-07', 41.26, 41.55, 40.95, 41.5]
['2020-01-08', 41.57, 41.74, 40.81, 41.25]
['2020-01-09', 41.6, 41.61, 39.97, 40.2]
['2020-01-10', 40.29, 40.39, 39.53, 39.71]
['2020-01-13', 39.8, 40.44, 39.46, 40.19]
['2020-01-14', 40.0, 40.22, 39.64, 39.73]
['2020-01-15', 39.62, 39.83, 38.99, 39.1]
['2020-01-16', 39.29, 39.51, 38.86, 39.44]
['2020-01-17', 39.42, 39.51, 38.74, 38.9]
['2020-01-21', 38.91, 39.03, 38.09, 38.15]
['2020-01-22', 38.42, 38.48, 37.75, 37.88]
['2020-01-23', 37.63, 37.7, 36.41, 36.44]
['2020-01-24', 36.45, 36.52, 34.87, 35.26]
['2020-01-27', 34.84, 35.1, 34.27, 34.61]
['2020-01-28', 34.87, 35.23, 34.64, 34.83]
['2020-01-29', 34.73, 35.08, 34.1, 34.17]
['2020-01-30', 33.78, 34.05, 32.99, 33.68]
['2020-01-31', 33.65, 34.17, 33.08, 33.62]
['2020-02-03', 33.23, 33.37, 32.12, 32.59]
['2020-02-04', 33.0, 33.35, 32.55, 33.07]
['2020-02-05', 33.36, 34.16, 33.31, 33.83]
['2020-02-06', 34.12, 34.21, 33.71, 34.09]
['2020-02-07', 34.63, 34.74, 33.89, 34.19]
['2020-02-10', 33.99, 34.11, 33.46, 33.7]
['2020-02-11', 33.99, 34.55, 33.46, 34.45]
['2020-02-12', 34.64, 35.05, 34.38, 34.77]
['2020-02-13', 34.49, 34.96, 34.3, 34.46]
['2020-02-14', 34.7, 34.76, 33.86, 34.46]
['2020-02-18', 34.5, 35.17, 34.45, 34.58]
['2020-02-19', 34.69, 35.44, 34.51, 35.14]
['2020-02-20', 31.76, 31.82, 28.65, 28.85]
['2020-02-21', 28.5, 28.91, 27.75, 27.84]
['2020-02-24', 27.09, 27.1, 25.96, 26.53]
['2020-02-25', 26.72, 26.97, 24.78, 24.98]
['2020-02-26', 25.29, 25.71, 24.05, 24.08]
['2020-02-27', 23.6, 24.74, 22.73, 23.53]
['2020-02-28', 23.38, 24.94, 23.04, 24.24]
['2020-03-02', 24.38, 24.43, 22.92, 23.95]
['2020-03-03', 23.86, 24.18, 22.37, 22.74]
['2020-03-04', 23.08, 23.14, 22.17, 22.76]
['2020-03-05', 22.51, 22.52, 20.93, 21.16]
['2020-03-06', 20.68, 21.76, 20.31, 21.25]
['2020-03-09', 19.7, 19.9, 18.84, 18.88]
['2020-03-10', 19.75, 20.26, 18.87, 20.22]
['2020-03-11', 19.52, 19.99, 18.99, 19.51]
['2020-03-12', 17.91, 18.03, 15.87, 15.9]
['2020-03-13', 17.34, 17.93, 15.59, 16.4]
['2020-03-16', 15.5, 15.73, 13.6, 13.61]
['2020-03-17', 14.45, 14.45, 12.21, 12.74]
['2020-03-18', 12.05, 12.26, 10.1, 12.21]
['2020-03-19', 12.15, 13.22, 11.3, 12.62]
['2020-03-20', 12.85, 13.31, 11.77, 11.97]
['2020-03-23', 11.9, 11.99, 10.81, 11.28]
['2020-03-24', 12.0, 14.83, 11.85, 14.75]
['2020-03-25', 15.17, 16.19, 14.18, 14.74]
['2020-03-26', 14.85, 14.85, 13.27, 13.99]
['2020-03-27', 13.58, 13.58, 12.27, 12.79]
['2020-03-30', 12.97, 14.21, 12.27, 14.09]
['2020-03-31', 14.07, 14.89, 13.86, 14.01]
['2020-04-01', 13.41, 13.56, 12.69, 12.78]
['2020-04-02', 12.75, 13.94, 12.52, 12.76]
['2020-04-03', 12.69, 13.12, 11.92, 12.43]
['2020-04-06', 13.12, 14.17, 12.94, 13.94]
['2020-04-07', 14.74, 16.67, 14.62, 14.69]
['2020-04-08', 15.13, 16.16, 14.82, 15.8]
['2020-04-09', 16.72, 17.14, 16.09, 16.56]
['2020-04-13', 16.75, 16.86, 15.64, 16.06]
['2020-04-14', 16.41, 16.63, 15.37, 16.27]
['2020-04-15', 15.57, 15.75, 15.0, 15.2]
['2020-04-16', 15.15, 15.16, 14.39, 14.63]
['2020-04-17', 15.34, 15.84, 15.2, 15.8]
['2020-04-20', 15.11, 16.01, 14.85, 15.52]
['2020-04-21', 15.16, 15.5, 14.86, 15.15]
['2020-04-22', 15.53, 15.69, 14.89, 14.93]
['2020-04-23', 14.95, 15.89, 14.66, 15.52]
['2020-04-24', 15.56, 15.88, 15.17, 15.63]
['2020-04-27', 15.72, 17.09, 15.72, 16.98]
['2020-04-28', 17.55, 18.05, 16.99, 17.45]
['2020-04-29', 18.05, 19.5, 18.01, 18.99]
['2020-04-30', 18.2, 18.46, 17.09, 17.26]
['2020-05-01', 16.79, 16.81, 15.9, 16.46]
['2020-05-04', 16.23, 16.63, 15.69, 16.1]
['2020-05-05', 16.28, 16.35, 15.2, 15.26]
['2020-05-06', 15.41, 15.68, 14.79, 14.88]
['2020-05-07', 16.79, 17.52, 16.22, 16.42]
['2020-05-08', 16.82, 18.22, 16.6, 18.08]
['2020-05-11', 18.44, 18.48, 17.37, 18.04]
['2020-05-12', 18.15, 18.59, 17.73, 18.25]
['2020-05-13', 18.07, 18.1, 16.32, 16.85]
['2020-05-14', 16.41, 17.2, 16.05, 17.16]
['2020-05-15', 16.73, 17.34, 16.58, 17.3]
['2020-05-18', 18.36, 19.3, 18.21, 19.05]
['2020-05-19', 19.17, 20.28, 18.66, 19.64]
['2020-05-20', 20.37, 20.68, 19.48, 19.63]
['2020-05-21', 19.5, 20.19, 19.4, 19.84]
['2020-05-22', 19.91, 20.06, 19.1, 19.59]
['2020-05-26', 20.35, 20.56, 19.8, 20.37]
['2020-05-27', 21.15, 22.38, 20.94, 22.01]
['2020-05-28', 21.96, 22.09, 21.12, 21.2]
['2020-05-29', 20.74, 21.05, 20.32, 20.74]
['2020-06-01', 20.65, 21.82, 20.57, 21.53]
['2020-06-02', 21.74, 21.88, 21.36, 21.84]
['2020-06-03', 22.27, 23.06, 22.14, 22.72]
['2020-06-04', 22.67, 24.37, 22.45, 24.12]
['2020-06-05', 25.73, 26.53, 24.75, 24.82]
